
Last position-specific scoring matrix computed, weighted observed percentages rounded down, information per position, and relative weight of gapless real matches to pseudocounts
           A  R  N  D  C  Q  E  G  H  I  L  K  M  F  P  S  T  W  Y  V   A   R   N   D   C   Q   E   G   H   I   L   K   M   F   P   S   T   W   Y   V
    1 V   -1 -3 -3 -4 -1 -2 -3 -4 -3  2  2 -3  1 -1 -3 -2  0 -3 -1  4    0   0   0   0   0   0   0   0   0   0  24   0   0   0   0   0   0   0   0  76  0.34 inf
    2 P   -1 -3 -2 -2 -3 -2 -1 -3 -3 -3 -3 -1 -3 -4  8 -1 -1 -4 -3 -3    0   0   0   0   0   0   0   0   0   0   0   0   0   0 100   0   0   0   0   0  2.17 inf
    3 S    0 -1  3  2 -2  0  0 -1 -1 -3 -3  0 -2 -3 -1  4  1 -3 -2 -2    0   0  21  10   0   0   0   0   0   0   0   0   0   0   0  69   0   0   0   0  0.45 inf
    4 L   -1 -1 -2 -2 -2  2 -1 -3 -2  1  3 -1  1 -1  3 -2 -1 -2 -2  0    0   0   0   0   0  24   0   0   0   7  53   0   0   0  17   0   0   0   0   0  0.30 inf
    5 A    4 -2 -2 -2 -1 -1 -1  0 -2 -2 -2 -1 -1 -3 -1  1  1 -3 -2  0   87   0   0   0   0   0   0   0   0   0   0   0   0   0   0   0  13   0   0   0  0.44 inf
    6 T    2 -2 -2 -2 -1 -2 -2 -2 -2  2  0 -2  0 -1 -2  0  3 -3 -2  2   26   0   0   0   0   0   0   0   0  30   0   0   0   0   0   0  33   0   0  11  0.20 inf
    7 I   -2 -3 -4 -4 -1 -3 -3 -4 -3  4  2 -3  1  0 -3 -3 -1 -3 -2  2    0   0   0   0   0   0   0   0   0  77  23   0   0   0   0   0   0   0   0   0  0.45 inf
    8 S    1 -1  0 -1 -1  0  0 -1 -1 -3 -3  0 -2 -3 -1  5  1 -3 -2 -2    0   0   0   0   0   0   0   0   0   0   0   0   0   0   0 100   0   0   0   0  0.57 inf
    9 L   -2 -2 -4 -4 -2 -2 -3 -4 -3  1  4 -3  2  0 -3 -3 -1 -2 -1  1    0   0   0   0   0   0   0   0   0   0 100   0   0   0   0   0   0   0   0   0  0.56 inf
   10 E   -1  0 -1  1 -4  2  6 -3  0 -4 -3  1 -2 -4 -1  0 -1 -3 -2 -3    0   0   0   0   0   0 100   0   0   0   0   0   0   0   0   0   0   0   0   0  0.87 inf
   11 N   -2 -1  7  1 -3  0 -1 -1  0 -4 -4  0 -3 -3 -2  0  0 -4 -2 -3    0   0 100   0   0   0   0   0   0   0   0   0   0   0   0   0   0   0   0   0  0.91 inf
   12 S   -1  0  3  1 -3  2  3 -1  0 -3 -3  1 -2 -3 -1  1  0 -3 -2 -3    0   0  20   0   0  10  39   0   0   0   0  11   0   0   0  19   0   0   0   0  0.42 inf
   13 W   -3 -3 -4 -5 -3 -2 -3 -3 -3 -3 -2 -4 -2  1 -4 -3 -3 12  2 -3    0   0   0   0   0   0   0   0   0   0   0   0   0   0   0   0   0 100   0   0  2.69 inf
   14 S    1 -1  0 -1 -1  0 -1  1 -1 -3 -3 -1 -2 -3 -1  4  1 -3 -2 -2    0   0   0   0   0   0   0  11   0   0   0   0   0   0   0  89   0   0   0   0  0.50 inf
   15 G    4 -2 -2 -2 -1 -1 -2  2 -2 -1  1 -1  0 -2 -1  0 -1 -3 -2  0   68   0   0   0   0   0   0  13   0   0  19   0   0   0   0   0   0   0   0   0  0.29 inf
   16 L   -2 -2 -4 -4 -2 -2 -3 -4 -3  1  4 -3  2  0 -3 -3 -1 -2 -1  1    0   0   0   0   0   0   0   0   0   0 100   0   0   0   0   0   0   0   0   0  0.56 inf
   17 S    1 -1  0 -1 -1  0  0 -1 -1 -3 -3  0 -2 -3 -1  5  1 -3 -2 -2    0   0   0   0   0   0   0   0   0   0   0   0   0   0   0 100   0   0   0   0  0.57 inf
   18 K   -1  2  0 -1 -3  1  1 -2 -1 -3 -3  5 -2 -4 -1  0 -1 -3 -2 -3    0   0   0   0   0   0   0   0   0   0   0 100   0   0   0   0   0   0   0   0  0.66 inf
   19 Q   -1  1  0 -1 -3  6  2 -2  0 -3 -3  1 -1 -4 -2  0 -1 -2 -2 -3    0   0   0   0   0 100   0   0   0   0   0   0   0   0   0   0   0   0   0   0  0.85 inf
   20 I   -2 -3 -4 -4 -2 -3 -4 -4 -4  5  1 -3  1  0 -3 -3 -1 -3 -2  2    0   0   0   0   0   0   0   0   0 100   0   0   0   0   0   0   0   0   0   0  0.53 inf
   21 Q   -1  1  0 -1 -3  6  1 -2  0 -3 -2  1 -1  1 -2 -1 -1 -2 -1 -2    0   0   0   0   0  90   0   0   0   0   0   0   0  10   0   0   0   0   0   0  0.67 inf
   22 L   -2 -3 -4 -4 -1 -3 -3 -4 -3  3  3 -3  2  0 -3 -3 -1 -2 -1  2    0   0   0   0   0   0   0   0   0  48  52   0   0   0   0   0   0   0   0   0  0.42 inf
   23 A    5 -2 -2 -2 -1 -1 -1  0 -2 -2 -2 -1 -1 -3 -1  1  0 -3 -2  0  100   0   0   0   0   0   0   0   0   0   0   0   0   0   0   0   0   0   0   0  0.52 inf
   24 Q   -1  2  0 -1 -3  5  1 -2  0 -3 -3  3 -1 -3 -1  1  0 -3 -2 -2    0  11   0   0   0  52   0   0   0   0   0  22   0   0   0  14   0   0   0   0  0.48 inf
   25 G    0 -1  3  0 -2 -1 -1  1 -1 -2 -2 -1 -1 -3 -2  2  4 -3 -2 -1    0   0  23   0   0   0   0  13   0   0   0   0   0   0   0  10  55   0   0   0  0.37 inf
   26 N   -1  0  5  1 -3  1  0  1  0 -4 -3  1 -2 -3 -2  0 -1 -4 -2 -3    0   0  66   0   0  10   0  11   0   0   0  13   0   0   0   0   0   0   0   0  0.55 inf
   27 N   -2 -1  6  1 -3  0 -1  1  3 -4 -4 -1 -2 -3 -2  0 -1 -4 -2 -3    0   0  79   0   0   0   0  10  11   0   0   0   0   0   0   0   0   0   0   0  0.68 inf
   28 G    0 -3 -1 -2 -3 -2 -2  6 -2 -4 -4 -2 -3 -4 -2 -1 -2 -3 -3 -4    0   0   0   0   0   0   0 100   0   0   0   0   0   0   0   0   0   0   0   0  1.16 inf
   29 I    1  0 -1 -1 -2  4  1 -2 -1  0 -1  1 -1 -3 -2  0  1 -3 -2 -1   17   0   0   0   0  48   0   0   0  13   0  10   0   0   0   0  12   0   0   0  0.27 inf
   30 F   -3 -3 -3 -4 -3 -4 -4 -4 -2  0  0 -4  0  7 -4 -3 -3  1  3 -1    0   0   0   0   0   0   0   0   0   0   0   0   0 100   0   0   0   0   0   0  0.95 inf
   31 R   -1  4  0  0 -4  2  3 -2  0 -3 -3  2 -2 -3 -2 -1 -1 -3 -2 -3    0  40   0   0   0  10  38   0   0   0   0  12   0   0   0   0   0   0   0   0  0.54 inf
   32 T    0 -1  3 -1 -1 -1 -1 -1 -1 -1 -2 -1 -1 -3 -1  2  4 -3 -2 -1    0   0  21   0   0   0   0   0   0   0   0   0   0   0   0   8  71   0   0   0  0.46 inf
   33 P   -1 -3 -2 -2 -3 -2 -1 -3 -3 -3 -3 -1 -3 -4  8 -1 -1 -4 -3 -3    0   0   0   0   0   0   0   0   0   0   0   0   0   0 100   0   0   0   0   0  2.17 inf
   34 I   -1 -3 -3 -4 -1 -3 -3 -4 -4  3  1 -3  1 -1 -3 -2  0 -3 -1  4    0   0   0   0   0   0   0   0   0  13   0   0   0   0   0   0   0   0   0  87  0.44 inf
   35 V   -1 -1 -2  1 -2 -1  1 -3 -2  2  0  0  0 -1 -2 -1 -1 -3 -2  3    0   0   0  10   0   0  11   0   0  13   0  10   0   0   0   0   0   0   0  56  0.17 inf
   36 L   -2 -3 -4 -4 -1 -3 -3 -4 -3  3  4 -3  2  0 -3 -3 -1 -2 -1  2    0   0   0   0   0   0   0   0   0  39  61   0   0   0   0   0   0   0   0   0  0.43 inf
   37 V   -1 -3 -3 -3 -1 -2 -3 -4 -2  4  1 -3  2  0 -3 -2  0 -2  2  2    0   0   0   0   0   0   0   0   0  64   0   0   7   0   0   0   6   0  11  13  0.31 inf
   38 D   -2 -1  4  5 -4  0  1 -1 -1 -3 -4  1 -3 -4 -2  0 -1 -4 -3 -3    0   0  28  62   0   0   0   0   0   0   0  10   0   0   0   0   0   0   0   0  0.71 inf
   39 N    0 -2  3  2 -3 -1  0  1 -1 -3 -3 -1 -2 -3  5  0 -1 -4 -3 -2   13   0  30  15   0   0   0   8   0   0   0   0   0   0  34   0   0   0   0   0  0.63 inf
   40 K   -1  1  1  1 -3  3  1  0 -1 -3 -3  3 -2 -3 -1  0  1 -3 -2 -2    0   0   8  11   0  19   0   7   0   0   0  45   0   0   0   0  10   0   0   0  0.33 inf
   41 G    0 -2  2 -1 -3 -2 -2  6 -2 -4 -4 -2 -3 -3 -2  0 -2 -3 -3 -3    0   0  14   0   0   0   0  86   0   0   0   0   0   0   0   0   0   0   0   0  0.95 inf
   42 N   -1  0  3  0 -3  4  2 -2  0 -1 -2  0 -1 -3 -2  0  1 -3 -2 -1    0   0  25   0   0  44  10   0   0  10   0   0   0   0   0   0  11   0   0   0  0.35 inf
   43 R   -2  6 -1 -2 -4  1 -1 -3 -1 -2 -1  2 -1 -3 -3 -1 -1 -3 -2 -2    0  90   0   0   0   0   0   0   0   0  10   0   0   0   0   0   0   0   0   0  0.74 inf
   44 V   -1 -3 -3 -3 -1 -2 -3 -3 -3  2  0 -3  0  3 -3 -2  1 -2  0  4    0   0   0   0   0   0   0   0   0   0   0   0   0  21   0   0  10   0   0  69  0.30 inf
   45 Q    0  0  0  0 -3  4  4 -2  0 -3 -3  1 -1 -3 -1  1  1 -3 -2 -2    0   0   0   0   0  35  39   0   0   0   0   0   0   0   0  19   7   0   0   0  0.48 inf
   46 I   -1 -3 -3 -3 -1 -3 -3 -4 -4  4  1 -3  1 -1 -3 -2 -1 -3 -2  3    0   0   0   0   0   0   0   0   0  69   0   0   0   0   0   0   0   0   0  31  0.44 inf
   47 T    0 -1  0 -1 -1 -1 -1  0 -2 -1 -2  0 -1 -3 -1  1  5 -3 -2 -1    0   0   0   0   0   0   0   7   0   0   0   7   0   0   0   0  86   0   0   0  0.48 inf
   48 N   -2 -1  6  2 -3  0  0 -1  0 -4 -4  0 -3 -3 -2  0  0 -4 -3 -3    0   0  93   7   0   0   0   0   0   0   0   0   0   0   0   0   0   0   0   0  0.85 inf
   49 V    0 -2 -3 -3 -1 -2 -2 -3 -3  2  1 -2  1 -1 -2 -1  1 -3 -2  4    8   0   0   0   0   0   0   0   0   0   9   0   0   0   0   0  11   0   0  72  0.29 inf
   50 T    1 -1  1  2 -2 -1  0  0 -1 -2 -2 -1 -2 -3 -1  2  3 -3 -2 -1    9   0   7  17   0   0   0   7   0   0   0   0   0   0   0  29  31   0   0   0  0.30 inf
   51 S    2 -1  0 -1 -1  0 -1  0 -1 -2 -2 -1 -2 -3 -1  4  1 -3 -2 -1   26   0   0   0   0   0   0   0   0   0   0   0   0   0   0  74   0   0   0   0  0.45 inf
   52 K   -1  2  2  1 -3  0  0  2 -1 -2 -1  3 -1 -3 -2  0 -1 -3 -2 -2    0   8  13  10   0   0   0  18   0   0  10  42   0   0   0   0   0   0   0   0  0.25 inf
   53 V    0 -3 -3 -4 -1 -3 -3 -4 -4  2  1 -3  0 -1 -3 -2  0 -3 -2  5    0   0   0   0   0   0   0   0   0   0   0   0   0   0   0   0   0   0   0 100  0.47 inf
   54 V    0 -2 -3 -3 -1  0 -2 -3 -3  2  0 -2  0 -1 -3 -2  0 -3 -2  4    0   0   0   0   0   9   0   0   0   0   0   0   0   0   0   0   0   0   0  91  0.37 inf
   55 T    0  0  0 -1 -2  0 -1 -2 -2  0 -1  2 -1 -2 -1  1  4 -3 -2  0    0   0   0   0   0   0   0   0   0   9   0  21   0   0   0   0  69   0   0   0  0.35 inf
   56 S    0  0  1 -1 -2  2  0  2 -1 -3 -3  2 -2 -3 -1  2  0 -3 -2 -3    0   0   7   0   0  13   0  21   0   0   0  31   0   0   0  27   0   0   0   0  0.32 inf
   57 N   -2 -1  6  2 -3  0  0 -1  0 -4 -4  0 -3 -3 -2  0  0 -4 -3 -3    0   0  91   9   0   0   0   0   0   0   0   0   0   0   0   0   0   0   0   0  0.84 inf
   58 I   -1 -3 -4 -4 -1 -3 -4 -4 -4  5  1 -3  1  0 -3 -3 -1 -3 -2  3    0   0   0   0   0   0   0   0   0  91   0   0   0   0   0   0   0   0   0   9  0.49 inf
   59 Q    1  1 -1 -1 -3  4  1 -2 -1 -2 -2  3  1 -3 -1  0 -1 -3 -2 -2   14   0   0   0   0  38   0   0   0   0   0  38  10   0   0   0   0   0   0   0  0.35 inf
   60 L   -2 -2 -4 -4 -2 -2 -3 -4 -3  1  4 -3  2  0 -3 -3 -1 -2 -1  1    0   0   0   0   0   0   0   0   0   0 100   0   0   0   0   0   0   0   0   0  0.55 inf
   61 L   -2 -2 -4 -4 -2 -2 -3 -4 -3  1  4 -3  2  0 -3 -3 -1 -2 -1  1    0   0   0   0   0   0   0   0   0   0 100   0   0   0   0   0   0   0   0   0  0.55 inf
   62 L   -2 -2 -4 -4 -2 -2 -3 -4 -3  1  4 -3  2  0 -3 -3 -1 -2 -1  1    0   0   0   0   0   0   0   0   0   0 100   0   0   0   0   0   0   0   0   0  0.55 inf
   63 N   -2 -1  6  1 -3  0 -1 -1  0 -2 -3 -1 -2 -1 -2  0  0 -2  2 -1    0   0  81   0   0   0   0   0   0   0   0   0   0   0   0   0   0   0  12   8  0.59 inf
   64 T   -1  2 -1 -1 -2  0  0 -2  0 -2 -2  3 -1  0 -2  1  1 -1  3 -2    0  18   0   0   0   0   0   0   0   0   0  31   0   0   0  12  17   0  21   0  0.26 inf
   65 R   -1  3  2 -1 -3  3  0 -2  0 -2 -1  2 -1 -3 -2  0 -1 -3 -2 -2    0  29  18   0   0  20   0   0   0   0  11  21   0   0   0   0   0   0   0   0  0.32 inf
   66 N   -2 -1  6  1 -3  0  0 -1  1 -4 -4  0 -2 -3 -2  1  0 -4 -2 -3    0   0 100   0   0   0   0   0   0   0   0   0   0   0   0   0   0   0   0   0  0.78 inf
   67 I   -1 -3 -3 -3 -1 -2 -3 -4 -3  4  2 -3  3  0 -3 -2 -1 -3 -1  2    0   0   0   0   0   0   0   0   0  85   0   0  15   0   0   0   0   0   0   0  0.37 inf

                      K         Lambda
Standard Ungapped    0.1292     0.3135
Standard Gapped      0.0416     0.2670
PSI Ungapped         0.1367     0.3141
PSI Gapped           0.0416     0.2670
