
Last position-specific scoring matrix computed, weighted observed percentages rounded down, information per position, and relative weight of gapless real matches to pseudocounts
           A  R  N  D  C  Q  E  G  H  I  L  K  M  F  P  S  T  W  Y  V   A   R   N   D   C   Q   E   G   H   I   L   K   M   F   P   S   T   W   Y   V
    1 A    5 -3 -2 -3 -2 -2 -2 -1 -3 -3 -3 -2 -2 -4 -2  2 -1 -4 -3 -2   85   0   0   0   0   0   0   0   0   0   0   0   0   0   0  15   0   0   0   0  0.88 inf
    2 Q   -4  1 -2 -2 -6  4  6 -5 -3 -6 -6  4 -4 -6 -3 -2 -3 -6 -5 -5    0   7   1   0   0  18  49   0   0   0   0  22   0   0   1   2   1   0   0   0  1.20 inf
    3 K   -2  4 -2 -3 -5  2  0 -3 -2 -2 -4  5 -3  2 -4 -2 -2 -5 -3 -3    2  20   1   0   0  11   5   2   1   2   1  42   0   9   0   1   2   0   0   1  0.82 inf
    4 T   -2  0  0  1 -4  2  3 -4 -1 -3 -4  2 -2 -4  0  0  3 -5 -4 -2    1   3   4   6   0  10  24   0   1   1   0  14   1   0   4   7  22   0   0   2  0.49 inf
    5 F   -2 -5 -5 -6 -2 -5 -5 -6 -3  3  1 -5  0  4 -5 -4 -2 -3  3  5    3   0   0   0   0   0   0   0   0  13  12   0   2  17   0   0   2   0  10  39  0.82 inf
    6 K   -3 -2 -1 -3 -4 -1  1 -5  0  1 -3  1 -1 -4 -3 -2  5 -5 -3  3    0   2   2   1   0   2   9   0   2   6   1   9   1   0   1   1  42   0   0  21  0.66 inf
    7 V   -4 -6 -7 -7 -4 -6 -6 -7 -7  6  0 -6 -1 -4 -6 -5 -3 -6 -5  5    0   0   0   0   0   0   0   0   0  53   6   0   1   0   0   0   1   0   0  40  1.60 inf
    8 T   -1  1  0 -2 -1  1  0 -2 -1  2 -2  2 -1 -3 -2  0  3 -3 -3  1    4   7   5   2   1   6   5   2   1  14   1  16   1   0   1   6  19   0   0   9  0.21 inf
    9 A    0 -3  7  3 -2 -3 -2 -3 -1 -2 -1 -2  0 -5 -2  0 -2 -6 -5 -3   10   0  51  14   1   0   1   1   1   2   7   1   3   0   2   4   1   0   0   1  0.95 inf
   10 D    0  1 -2  0 -5  0  3 -3 -2 -3 -4  3 -2 -5  4  0 -2 -5 -4 -2    7   6   1   4   0   3  21   0   1   1   1  23   1   0  19   8   1   0   0   3  0.56 inf
   11 S    0  0  1 -1 -1  1  0 -2  3 -1  1 -1  0 -3 -3  1  2 -4 -2  0    5   5   8   3   1   6   5   2   9   2  18   1   3   0   0   9  18   0   0   6  0.15 inf
   12 G   -3 -6 -4 -2 -6 -5 -3  7 -6 -7 -7 -3 -6 -7 -6 -2 -4 -6 -7 -5    1   0   0   2   0   0   2  90   0   0   0   2   0   0   0   2   1   0   0   1  2.15 inf
   13 I   -3 -5 -6 -4 -4 -5 -4 -5 -6  3  5 -5  2  1 -6 -4 -2 -2 -4 -1    1   0   0   1   0   0   1   0   0  19  65   0   4   4   0   0   2   0   0   2  1.11 inf
   14 H   -5 -4 -4 -1 -7 -1  0 -6 11 -7 -6 -5 -6 -4 -6 -4 -4 -6 -1 -7    0   0   0   4   0   2   6   0  84   0   1   0   0   1   0   1   1   0   1   0  3.00 inf
   15 A    6 -5 -4 -2 -4 -4 -3 -3 -5 -3 -2 -3 -1 -5 -3 -1  1 -6 -5 -2   77   0   1   2   0   0   1   1   0   1   4   0   2   0   1   2   7   0   0   1  1.29 inf
   16 R   -5  8 -2 -6 -7 -3 -4 -6 -3 -7 -6 -1 -5 -7 -6 -3 -3 -7 -6 -7    0  93   2   0   0   0   0   0   0   0   0   1   0   0   0   1   2   0   0   0  2.58 inf
   17 P    2 -6 -6 -6 -6 -4 -5 -5 -3 -6 -5 -5 -6 -7  8 -4 -3 -7 -7 -4   18   0   0   0   0   0   0   1   1   0   1   0   0   0  77   1   1   0   0   1  2.40 inf
   18 A    6 -5 -4 -5 -2 -4 -4  0 -5 -1 -5 -4 -4 -5 -4  2 -1 -6 -5 -1   72   0   0   0   0   0   0   5   0   4   0   0   0   0   0  12   2   0   0   5  1.27 inf
   19 T    5 -4 -2 -4 -4 -3 -4  2 -4 -4 -4 -3 -3 -5 -4  2  2 -5 -5 -3   52   0   1   0   0   1   0  15   0   1   0   1   0   0   0  12  15   0   0   0  0.91 inf
   20 V   -1 -1 -1 -2 -2  1  0 -4 -1  0  2  2  3 -1 -4 -2 -1 -4 -2  1    4   3   2   2   1   8   5   0   1   5  25  18  10   2   0   1   2   0   1  10  0.25 inf
   21 L   -4 -6 -6 -7 -3 -6 -6 -7 -5  1  5 -6 -1  6 -6 -6 -5 -4 -2 -1    1   0   0   0   1   0   0   0   0   7  53   0   1  35   0   0   0   0   0   3  1.38 inf
   22 V    0 -6 -6 -6  1 -5 -6 -6 -6  1 -3 -5 -2 -4 -6 -2  0 -6 -5  7    8   0   0   0   2   0   0   0   0   4   0   0   1   0   0   2   6   0   0  76  1.50 inf
   23 Q   -2  0  2 -2 -6  6  0 -2 -2 -6 -5  4 -3 -6 -4  0  0 -6 -5 -5    3   4   9   1   0  35   3   2   0   0   0  30   1   0   0   6   5   0   0   0  0.96 inf
   24 T    1 -2 -3 -2  1 -1  3 -4 -3  0  1  1  1 -2 -4 -2  3 -4 -3  1   10   1   0   0   3   2  19   0   0   4  16   8   3   1   0   0  21   0   0  10  0.31 inf
   25 A    6 -5 -5 -6  1 -5 -5 -2 -5 -1 -3 -5  0 -6 -5 -2 -2 -6 -5  0   80   0   0   0   2   0   0   2   0   3   1   0   2   0   0   2   2   0   0   6  1.51 inf
   26 S    0 -1  2 -2 -1 -1 -1  0 -2 -3 -4  4 -1 -5 -4  3  0 -5 -4 -3    9   2  11   1   1   1   3   8   1   1   0  26   2   0   0  27   5   0   0   1  0.51 inf
   27 K   -1  3 -1 -2 -5  3  1  0 -3 -4 -5  5 -3 -6 -2  0 -1 -5 -4 -4    4  18   2   1   0  15   8   7   0   1   0  33   1   0   1   7   2   0   0   1  0.67 inf
   28 Y   -4 -7 -7 -8 -2 -7 -7 -7 -2 -5 -3 -6 -4  9 -8 -5 -6 -3  5 -5    1   0   0   0   1   0   0   0   1   0   1   0   0  76   0   1   0   0  19   0  2.54 inf
   29 D    0 -1  1  2 -2  2  2 -1 -1 -4 -4  3 -3 -5  0  1  0 -5 -4 -3    8   2   5  12   1  11  13   3   1   0   0  20   0   0   5  12   7   0   0   1  0.38 inf
   30 A    2 -5 -4 -4  5 -4 -3 -3 -5 -4 -5 -4 -5 -6 -5  6 -2 -7 -6 -3   16   0   0   0  10   0   1   1   0   1   1   0   0   0   0  68   1   0   0   1  1.49 inf
   31 D   -2 -1  1  5 -3  1  3 -4  0 -5 -5  2 -3 -6 -2  0  1 -6 -5 -4    2   3   5  32   1   4  23   0   2   0   1  11   0   0   1   8   8   0   0   0  0.72 inf
   32 V   -3 -6 -7 -7 -1 -6 -6 -7 -7  7 -1 -6 -2 -1 -6 -4 -2 -6 -5  4    1   0   0   0   1   0   0   0   0  59   3   0   0   2   0   1   2   0   0  31  1.57 inf
   33 N   -2  1  1 -2 -3  0  0 -3  1 -1 -2  1 -1  2 -4  0  4  4  2 -2    1   6   7   1   0   4   6   1   3   3   2   9   2   9   0   4  29   5   7   1  0.36 inf
   34 L   -3 -5 -6 -6 -4 -5 -6 -6 -6  5  3 -5  1  0 -6 -5 -4 -5 -2  4    1   0   0   0   0   0   0   0   0  30  32   0   3   3   0   0   0   0   1  30  1.06 inf
   35 E    1  0 -1  0 -2  0  4 -2  0 -1 -2  0 -2 -3 -3  1  1 -4 -3  0   11   5   1   4   1   3  32   2   2   4   3   6   0   1   0   9  10   0   1   7  0.32 inf
   36 Y    0  3 -1 -3  1 -1 -2 -1 -1 -3 -3  4  0  1 -3  0 -1 -3  3 -2    7  14   2   0   3   1   1   5   1   1   1  31   2   6   1   6   3   0  13   3  0.42 inf
   37 N   -1 -2  3  4 -5  0  1  3 -1 -5 -5  1 -4 -5 -3 -1 -2 -6 -5 -4    4   1  15  27   0   3  10  23   1   0   1   7   0   0   1   3   2   0   0   1  0.65 inf
   38 G   -2 -4  1  3 -4 -2  1  6 -3 -6 -6 -3 -5 -6 -4  0 -1 -6 -6 -6    2   0   5  15   0   1  11  56   0   0   0   1   0   0   0   5   3   0   0   0  1.12 inf
   39 K   -2  3  0 -2 -6  2  0 -4 -2 -3 -4  6 -2 -5 -4 -2 -2 -6 -4 -2    2  17   4   1   0   7   5   1   1   2   1  51   1   0   0   2   2   0   0   3  0.95 inf
   40 T   -1  2 -1 -1 -3  1  2 -3 -1 -3 -4  3 -2 -4  0  2  2 -3 -3 -1    5  11   2   2   0   7  14   0   1   1   0  17   1   0   5  14  16   0   0   3  0.36 inf
   41 V    3 -5 -6 -6  0 -5 -5 -2 -6  3 -3 -3 -2 -3 -5 -4 -3 -6 -1  6   25   0   0   0   2   0   0   3   0  12   0   1   1   0   0   0   1   0   2  53  1.06 inf
   42 N   -4 -4  8  3 -4 -4 -3 -2 -4 -6 -7 -2 -6 -7 -4  1 -3 -8 -6 -5    1   0  65  17   0   0   0   2   0   0   0   2   0   0   1  10   1   0   0   1  1.75 inf
   43 L    5 -5 -5 -5  1 -4 -5  3 -5 -3  0 -4 -1 -5 -3 -2 -3 -6 -5 -3   59   0   0   0   3   0   0  22   0   1  11   0   2   0   1   1   0   0   0   1  1.09 inf
   44 K   -3  1 -3 -3 -2 -2 -3 -4 -5 -6 -6  8 -5 -7 -5 -3  0 -7 -6 -5    2   6   1   1   1   1   0   1   0   0   0  80   0   0   0   2   5   0   0   0  1.85 inf
   45 S   -2 -1 -1 -4 -5 -2 -4 -3 -5 -7 -7 -1 -6 -7 -5  7 -3 -7 -6 -6    2   3   2   0   0   1   0   1   0   0   0   4   0   0   0  87   0   0   0   0  1.90 inf
   46 I   -3 -6 -7 -7 -5 -6 -6 -7 -6  7  3 -6  2 -1 -4 -4 -3 -6 -4  1    1   0   0   0   0   0   0   0   0  61  24   0   4   2   1   1   1   0   0   6  1.42 inf
   47 M   -4 -6 -2 -7 -5 -5 -6 -7 -6  2  2 -6  9  3 -7 -6 -4 -5 -4 -1    1   0   2   0   0   0   0   0   0   8  17   0  58  10   0   0   0   0   0   4  1.84 inf
   48 G    1 -2  2 -2 -3 -1 -3  5 -4 -5 -5  2 -1 -5 -3  0 -2 -5 -5 -5   11   1   9   1   1   2   1  47   0   0   1  14   2   0   1   8   1   0   0   0  0.83 inf
   49 V   -4 -6 -6 -7 -4 -5 -6 -7 -6  3  4 -6  3 -3 -6 -5 -4 -5 -4  5    0   0   0   0   0   0   0   0   0  16  33   0   7   0   0   0   0   0   0  43  1.22 inf
   50 V   -3 -5 -6 -7 -5  1 -6 -7 -6  1  2 -5 10 -4 -7 -6 -3 -6 -5 -1    2   0   0   0   0   6   0   0   0   6  19   0  63   0   0   0   1   0   0   4  2.05 inf
   51 S    2 -3 -2 -3 -2 -3 -4  1 -4 -4 -2 -2  5 -5 -4  4  2 -5 -5 -3   15   1   1   0   1   1   0  10   0   0   3   1  18   0   0  34  13   0   0   1  0.72 inf
   52 L   -1 -6 -7 -7 -3 -5 -6 -6 -6 -1  6 -5  3 -2 -6 -3 -5 -5 -5 -2    6   0   0   0   1   0   0   0   0   1  82   0   6   1   0   2   0   0   0   0  1.54 inf
   53 G    3 -4 -2 -3  2 -3 -3  6 -5 -6 -6 -4 -3 -6 -5 -2 -4 -6 -6 -3   28   0   2   1   4   1   2  58   0   0   0   0   1   0   0   2   0   0   0   1  1.30 inf
   54 I    3 -5 -5 -6 -1 -5 -5 -5 -5  4  2 -5 -1 -3 -3 -3 -3 -5 -4  4   28   0   0   0   1   0   0   0   0  24  17   0   0   1   1   1   0   0   0  27  0.79 inf
   55 A    0  1 -1 -1 -1 -1  0  2 -1 -3 -4  4 -2 -4  1  1  0 -4 -2 -2    9   5   3   2   2   2   4  14   1   1   0  27   1   0   6  13   6   0   2   3  0.31 inf
   56 K   -1 -1  0 -2  3  4 -1 -2  2 -2 -4  4 -2 -4  0  0  0 -3 -2 -4    3   1   3   1   6  23   3   3   5   3   1  27   1   0   5   7   6   0   2   0  0.50 inf
   57 G   -4 -5  0 -1 -7 -3 -6  7 -2 -8 -6 -3 -7 -7 -6 -4 -5 -7 -4 -7    0   1   4   3   0   1   0  87   1   0   1   1   0   0   0   0   0   0   1   0  2.09 inf
   58 A    1 -2  0  3 -2  0  2 -3  2 -4 -4 -1 -1 -5 -3  2  3 -5 -3 -2   13   1   2  19   1   4  12   1   6   0   0   2   2   0   0  14  21   0   0   3  0.46 inf
   59 E   -2  1 -1  0 -3  1  5 -4 -2 -3 -4  1 -1 -4 -2  0  3 -5 -3 -1    2   6   2   5   0   6  36   0   1   1   1   7   2   0   1   6  17   0   0   5  0.54 inf
   60 I   -4 -6 -6 -7 -4 -6 -6 -7 -6  6  2 -6  0 -1 -6 -5 -4 -6 -4  5    0   0   0   0   0   0   0   0   0  42  17   0   1   2   0   0   0   0   0  38  1.36 inf
   61 T   -2  1 -1 -2 -3  0  2 -4 -1 -1 -2  0 -2 -4 -4 -1  5 -5 -3  0    2   7   3   1   0   4  13   0   1   3   4   7   1   0   0   2  42   0   0   8  0.57 inf
   62 I   -4 -6 -6 -6 -4 -6 -6 -7 -6  6  3 -6  0  2 -6 -5 -3 -5 -4  4    0   0   0   0   0   0   0   0   0  41  22   0   1   7   0   0   1   0   0  28  1.18 inf
   63 S   -1  1 -2 -2 -1  0  1 -3 -1  2 -2  1 -1 -2 -3  2  3 -3 -1  1    2   9   0   1   1   2  10   0   1  12   2   8   1   1   0  16  19   0   2  11  0.24 inf
   64 A    5 -5 -5 -5  4 -4 -5 -3 -5  0 -3 -4 -4 -1 -5 -2  1 -6 -5  2   58   0   0   0   8   0   0   0   0   6   2   0   0   3   0   1   9   0   0  14  1.03 inf
   65 S   -3 -2  0  4 -2  1  5 -4  0 -5 -5 -1 -5 -5 -4  1  0 -6 -5 -4    2   1   5  25   1   4  41   0   2   0   0   2   0   0   0  10   5   0   0   1  0.93 inf
   66 G   -4 -7 -5 -6 -7 -6 -7  8 -7 -8 -8 -6 -7 -8 -7 -5 -6 -7 -8 -8    0   0   0   0   0   0   0 100   0   0   0   0   0   0   0   0   0   0   0   0  2.78 inf
   67 A    1 -3 -1  3 -5 -1  4 -3 -3 -4 -5 -1 -4 -6  3  0 -1 -1 -5 -3   14   1   3  15   0   1  32   1   0   1   0   2   0   0  17   8   2   1   0   2  0.68 inf
   68 D   -5 -4 -1  8 -8  0 -1 -3 -3 -7 -8 -3 -5 -6 -6 -3 -5 -8 -7 -7    0   1   2  85   0   4   3   2   1   0   0   1   0   0   0   1   0   0   0   0  2.28 inf
   69 E    4 -4 -4 -2 -3 -2  7 -4 -4 -6 -6 -3 -5 -7 -5 -3 -4 -7 -6 -5   34   0   0   1   0   0  63   1   0   0   0   0   0   0   0   0   0   0   0   0  1.64 inf
   70 N    1 -1  0  3 -4  4  4 -4 -2 -3 -4  2 -3 -5 -3 -1 -2 -5 -4 -2   11   2   3  14   0  18  30   0   1   2   1  11   0   0   0   2   2   0   0   3  0.63 inf
   71 D    2 -2 -2  1 -5  3  5 -4 -2 -4 -2  1 -4 -5 -3 -2 -1 -5 -4 -3   21   1   1   7   0  13  38   0   0   1   4   8   0   0   1   0   3   0   0   1  0.69 inf
   72 A    7 -6 -5 -5  0 -5 -5 -3 -6 -3 -5 -5 -1 -4 -5 -3 -3 -7 -6 -2   90   0   0   1   2   0   0   0   0   1   0   0   2   1   0   0   0   0   0   3  1.91 inf
   73 L    0 -4 -4 -6 -2 -4 -4 -5 -4  3  3 -4  4  0 -5 -3 -3 -4 -2  3    9   1   1   0   1   0   0   0   0  18  31   0  12   3   0   1   0   0   1  22  0.70 inf
   74 N    1 -1  1  4 -5  2  4 -4 -2 -4 -5  1 -4 -5 -3  0  0 -6 -5 -3   14   2   5  22   0   7  29   0   1   0   0   9   0   0   1   4   5   0   0   1  0.63 inf
   75 A    5 -2 -2 -1 -3  0  1  0  0 -4 -5  0 -4 -4 -4  0  1 -5 -3 -3   51   1   1   2   0   4  11   6   3   0   0   5   0   1   0   4   9   0   0   1  0.66 inf
   76 L   -3 -6 -6 -7 -4 -5 -6 -7 -6  5  5 -6  2 -2 -6 -5 -4 -5 -4  1    2   0   0   0   0   0   0   0   0  29  56   0   4   0   0   0   0   0   0   9  1.25 inf
   77 E    1 -1 -2 -2 -1  0  2  0 -2  0 -2  0 -2 -3 -3  0  1 -4 -3  2   14   2   0   0   1   4  19   9   1   6   3   7   0   0   0   7   9   0   0  18  0.21 inf
   78 E    1  0  0  2 -5  1  4 -1 -2 -4 -4  2 -4 -4 -3 -1  0 -5 -4 -4   14   4   3  11   0   5  32   3   1   0   1  16   0   0   0   4   5   0   0   0  0.54 inf
   79 T    1 -4 -5 -5 -3 -3 -4 -4 -2  0  4 -4  0  4 -5 -3  0 -3  2  0   11   1   0   0   0   1   1   0   1   3  45   1   1  17   0   1   5   0   6   6  0.64 inf
   80 M   -4 -5 -6 -6 -3 -5 -6 -6 -6  5  3 -5  4  3 -6 -5 -4 -4 -3  2    0   0   0   0   0   0   0   0   0  32  31   0  11  12   0   0   0   0   0  13  1.06 inf
   81 K    0  0  2  0 -4  1  3 -2 -1 -1 -3  2 -2 -3 -3  0  0 -4 -3  0    8   3  13   4   0   7  24   2   1   3   2  11   0   1   0   6   5   0   1   8  0.29 inf
   82 C    1  0  3  0 -1  0  2 -1 -2 -4 -4  1 -3 -4 -3  3  1 -4 -3 -3   14   4  17   3   1   2  15   3   1   0   1   8   0   0   0  21   9   0   0   1  0.39 inf
   83 E   -2  0  4  2 -4  2  3 -2 -1 -3 -2  2 -2 -4 -2 -1 -2 -4 -3 -3    2   5  24  13   0   9  20   1   1   1   3  12   1   1   2   2   1   0   1   1  0.50 inf
   84 G    0  1  0 -2 -3 -2 -1  5 -2 -4 -4  2 -3 -4 -3 -2 -2 -3 -2 -3    5   7   4   1   0   1   4  56   1   1   1  12   0   1   1   1   2   0   1   1  0.81 inf
   85 L   -3 -5 -6 -6 -2 -5 -6 -6 -5  1  4 -5  0  7 -6 -5 -4 -3 -1 -2    1   0   0   0   1   0   0   0   0   6  42   0   1  47   0   0   0   0   0   1  1.34 inf
   86 G    1 -4 -1 -3 -5 -4 -3  6  0 -2 -6 -3 -5 -5 -4 -1 -2 -5 -5 -5   11   0   3   1   0   0   1  74   3   3   0   1   0   0   0   3   1   0   0   0  1.39 inf
   87 E   -4 -3 -3  0 -7  1  8 -5 -3 -7 -6 -2 -5 -7 -4 -3 -4 -6 -5 -6    0   0   0   2   0   4  93   0   0   0   0   0   0   0   0   0   0   0   0   0  2.14 inf

                      K         Lambda
Standard Ungapped    0.1253     0.3081
Standard Gapped      0.0544     0.2670
PSI Ungapped         0.1758     0.3098
PSI Gapped           0.0544     0.2670
