
Last position-specific scoring matrix computed, weighted observed percentages rounded down, information per position, and relative weight of gapless real matches to pseudocounts
           A  R  N  D  C  Q  E  G  H  I  L  K  M  F  P  S  T  W  Y  V   A   R   N   D   C   Q   E   G   H   I   L   K   M   F   P   S   T   W   Y   V
    1 T   -1 -2 -1 -2 -2 -2 -2 -3 -3 -2 -2 -2 -2 -3 -2  0  7 -4 -3 -1    0   0   0   0   0   0   0   0   0   0   0   0   0   0   0   0 100   0   0   0  1.13 inf
    2 R   -3  7 -2 -3 -5  0 -1 -3 -1 -4 -3  1 -3 -4 -3 -2 -2 -4 -3 -4    0 100   0   0   0   0   0   0   0   0   0   0   0   0   0   0   0   0   0   0  1.44 inf
    3 I   -2 -4 -4 -4 -2 -4 -4 -5 -4  6  1 -4  0 -1 -4 -3 -2 -4 -2  2    0   0   0   0   0   0   0   0   0  91   0   0   0   0   0   0   0   0   0   9  0.91 inf
    4 N   -3 -2  8  0 -4 -1 -1 -2 -1 -5 -5 -1 -3 -4 -3  0 -1 -5 -3 -4    0   0 100   0   0   0   0   0   0   0   0   0   0   0   0   0   0   0   0   0  1.48 inf
    5 L   -2 -3 -4 -4  5 -3 -4 -4 -4  1  4 -3  1 -1 -3 -2  0 -3 -2  2    0   0   0   0  20   0   0   0   0   0  61   0   0   0   0   0   5   0   0  14  0.55 inf
    6 T   -1 -3 -3 -3 -2 -2  0 -4 -3  3  0 -2  2 -1 -3 -2  1 -3 -2  4    0   0   0   0   0   0   9   0   0  30   0   0   6   0   0   0  10   0   0  45  0.37 inf
    7 L   -1 -2  0  0 -3  0 -1 -3  2 -3 -1  0 -2 -3  6  0 -1 -4 -2 -3    3   0   6   5   0   5   0   0   9   0  10   6   0   0  52   4   0   0   0   0  0.91 inf
    8 V   -1 -3 -3 -3 -3 -2 -2 -3 -3 -1 -2 -2 -2 -3  7 -2  0 -4 -3  3    0   0   0   0   0   0   0   0   0   0   0   0   0   0  63   0   6   0   0  31  1.31 inf
    9 S    1  0  1  0 -2  2  1 -1 -1 -1 -2  0 -1 -3 -2  3  1 -3 -2 -1   11   3   4   3   0  12  10   0   0   8   0   0   0   0   0  41   8   0   0   0  0.28 inf
   10 E   -2 -1 -1  0 -4  1  6 -3 -1 -3  0  0 -2 -3 -2 -1  0 -4 -3 -2    0   0   0   0   0   0  79   0   0   0  15   0   0   0   0   0   6   0   0   0  0.80 inf
   11 L   -2 -3 -4 -5 -2 -3 -4 -5 -4  1  5 -3  1  0 -4 -3 -2 -3 -2  0    0   0   0   0   0   0   0   0   0   0 100   0   0   0   0   0   0   0   0   0  0.91 inf
   12 A    2 -2 -2 -2  7 -2 -2 -2 -3 -2 -1 -2 -2 -3 -2  2  2 -3 -3 -1   20   0   0   0  34   0   0   0   0   0   5   0   0   0   0  26  14   0   0   0  0.58 inf
   13 D   -2 -2  4  6 -4 -1  0  1 -1 -4 -4 -1 -4 -4 -3 -1 -2 -5 -4 -4    0   0  24  62   0   0   0  14   0   0   0   0   0   0   0   0   0   0   0   0  0.93 inf
   14 Q    0  0 -1 -1 -3  5  2 -2 -1 -3 -3  2 -2 -4  3 -1 -1 -3 -3 -3    9   0   0   0   0  56   9   0   0   0   0  12   0   0  14   0   0   0   0   0  0.70 inf
   15 H   -3 -2 -1 -2 -4 -1 -1 -3 10 -5 -4 -2 -3 -3 -4 -2 -3 -4  1 -5    0   0   0   0   0   0   0   0 100   0   0   0   0   0   0   0   0   0   0   0  2.04 inf
   16 L   -2 -3 -4 -5 -2 -3 -4 -5 -4  1  5 -3  2  0 -4 -3 -2 -3 -2  1    0   0   0   0   0   0   0   0   0   0  93   0   3   0   0   0   0   0   0   4  0.84 inf
   17 M   -2 -3 -4 -4 -2 -2 -3 -4 -3  3  3 -3  4  1 -3 -3 -1 -2 -1  3    0   0   0   0   0   0   0   0   0  19  31   0  20   4   0   0   0   0   0  26  0.45 inf
   18 A    5 -2 -2 -3 -2 -2 -2  1 -3 -2 -3 -2 -2 -3 -2  0 -1 -4 -3 -1   91   0   0   0   0   0   0   9   0   0   0   0   0   0   0   0   0   0   0   0  0.82 inf
   19 E   -2 -1 -1  0 -5  1  7 -3 -1 -5 -4  0 -3 -5 -2 -1 -2 -4 -3 -4    0   0   0   0   0   0 100   0   0   0   0   0   0   0   0   0   0   0   0   0  1.36 inf
   20 Y   -3 -2  0 -3 -3 -2 -3 -4  5 -2 -1 -3 -2  3 -4 -2 -3  6  6 -3    0   0   5   0   0   0   0   0  21   0   5   0   0   8   0   0   0  13  48   0  1.00 inf
   21 R   -2  6 -2 -3 -4  0 -1 -3 -1 -3 -3  2  1 -2 -3 -2 -2 -3  2 -3    0  80   0   0   0   0   0   0   0   0   0   6   5   0   0   0   0   0   9   0  1.03 inf
   22 E   -2 -1 -1  0 -5  1  7 -3 -1 -5 -4  0 -3 -5 -2 -1 -2 -4 -3 -4    0   0   0   0   0   0 100   0   0   0   0   0   0   0   0   0   0   0   0   0  1.36 inf
   23 L   -2 -3  0 -3 -2 -3 -3 -4 -3  3  4 -3  2 -1 -4 -3 -2 -3 -2  1    0   0   8   0   0   0   0   0   0  26  63   0   3   0   0   0   0   0   0   0  0.54 inf
   24 P   -2 -2 -2 -2 -3 -2 -2 -3 -3 -1 -2  1 -2  2  6 -1  3 -3 -2 -2    0   0   0   0   0   0   0   0   0   4   0  13   0  13  43   0  27   0   0   0  0.80 inf
   25 R   -2  6 -2 -3 -4  0 -2 -4 -2 -2 -1  1  5 -3 -3 -2 -2 -4 -3 -2    0  74   0   0   0   0   0   0   0   0   0   0  26   0   0   0   0   0   0   0  1.06 inf
   26 V   -2 -4 -4 -4 -2 -3 -4 -4 -4  5  0 -3  0 -1  0 -3 -1 -4 -2  4    0   0   0   0   0   0   0   0   0  54   0   0   0   0   6   0   0   0   0  40  0.67 inf
   27 F    0 -3 -3 -3 -3 -3 -3  1 -3 -2 -2 -3 -2  5  6 -2 -2 -2  0 -2    8   0   0   0   0   0   0  12   0   0   0   0   0  36  44   0   0   0   0   0  0.95 inf
   28 G    1 -1  4  0 -2 -1 -1  1 -1 -3 -3  1 -2 -3 -2  2  1 -4 -3 -2   15   0  36   0   0   0   0   9   0   0   0  14   0   0   0  20   6   0   0   0  0.41 inf
   29 A    3 -2 -2 -2 -2 -1  0 -2 -2  0  1  0 -1 -1 -2  0  0 -2  1 -1   51   0   0   0   0   0   6   0   0   3  24   6   0   0   0   0   3   0   8   0  0.26 inf
   30 V    0 -3 -4 -4 -2 -3 -3 -4 -4  3  2 -3  1 -1 -3 -2 -1 -3 -2  4    5   0   0   0   0   0   0   0   0  15  26   0   0   0   0   0   0   0   0  54  0.51 inf
   31 R    2  3 -1 -1 -2  2  1 -2  1 -1 -2  2 -1 -3 -2  0 -1 -3 -2 -1   31  20   0   0   0  12   6   0   5   4   0  14   0   0   0   0   0   0   0   5  0.25 inf
   32 K    0  4 -1 -2 -3  0  0 -1 -1 -3 -3  5 -2 -4 -2 -1 -1 -3 -2 -3    8  30   0   0   0   0   0   4   0   0   0  55   0   0   0   0   0   0   0   0  0.66 inf
   33 H    1  1  1 -1 -2  0 -1  2  2 -3 -3  1 -2 -3 -2  2  0 -3 -2 -2   16   6   9   0   0   0   1  17   9   0   1  10   0   0   0  27   1   0   0   1  0.25 inf
   34 V    0 -1 -2 -3 -2 -2 -2  0 -2  2  2  0  1  0 -2 -2 -1 -2 -1  2    5   0   0   0   0   0   1   9   0  23  23  13   3   4   0   1   0   0   0  15  0.12 inf
   35 A    1  3 -1 -2 -3  2  0 -1 -1 -1 -2  2 -1  2 -2  0 -1 -2 -1 -2   15  18   0   0   0  15   0   4   0   6   0  21   0  13   0   5   0   0   0   0  0.21 inf
   36 N   -1  2  3  0 -2  0  0  0  1 -2 -2  0 -2 -2 -1  2  2 -3 -2 -2    1  16  18   1   0   1   6   6   3   1   1   1   0   1   1  18  23   0   1   1  0.25 inf
   37 G    0 -1 -1 -1 -2  2 -1  4 -2 -2 -1  1 -1 -3  0 -1 -1 -2 -2 -2    7   1   1   1   0  15   1  44   0   1   9  15   0   0   4   1   1   0   0   1  0.37 inf
   38 K    1  0  1 -1 -2  0  1 -1  3 -1 -2  2 -1 -2 -1  1  0 -3 -1 -1   13   1  10   1   0   1  11   1  11   6   1  23   0   0   1  15   4   0   0   1  0.18 inf
   39 R    0  1 -1 -2 -2 -1 -1  0 -2  0  0  0 -1 -1 -1  1  0  5 -1  0   10  13   0   0   0   0   4   8   0   8   9   5   0   0   3  15   6  12   0   5  0.15 inf
   40 V   -1 -2 -2  0 -2  0  2 -2 -2  1 -1 -1  1 -1  3 -1 -1 -2  0  2    1   1   1   4   0   4  18   1   0   9   1   1   6   0  20   1   1   0   4  29  0.26 inf
   41 R   -1  2  2 -1 -3  2  0  0  1 -3 -2  3 -2 -3 -1  0  0 -3 -2 -2    1  11  15   1   0  12   1   7   4   1   1  33   0   1   1   5   4   0   0   1  0.30 inf
   42 D   -1  0  1  3 -2 -1  0 -2 -1  1  0  1  0 -2 -2 -1  0 -3 -2  0    1   5   7  26   0   1   1   1   0  11  15  14   0   1   1   1   4   0   1   9  0.13 inf
   43 F    0  1 -1 -1 -2 -1  1 -2 -1  0  1  0  0  2 -2  1 -1 -1  0  0    4   8   1   1   0   1  10   1   0   1  23   9   0  18   1  17   1   0   0   7  0.09 inf
   44 K   -1  2 -1 -1 -2  1  0  1 -1 -2 -2  3 -2 -3 -1  1  2 -3 -2 -2    1  11   1   1   0   7   1   9   0   1   1  35   0   0   1   8  21   0   0   1  0.30 inf
   45 I   -1 -1  2 -2 -2  3 -1 -3 -2  3  1 -1  0 -2 -3 -1  0 -3 -2  2    0   0  14   0   0  22   0   0   0  34  10   0   0   0   0   0   5   0   0  13  0.23 inf
   46 S   -2 -3  1 -2 -4 -2 -2 -3 -3 -3 -2 -2 -3 -4  7  1 -2 -5 -4 -3    0   0   8   0   0   0   0   0   0   0   4   0   0   0  74  13   0   0   0   0  1.64 inf
   47 P    1  0 -1  0 -2  1  2 -1 -1 -3 -3  2 -2 -3  1  2  1 -3 -2 -2   16   0   0   3   0   7  14   0   0   0   0  23   0   0   7  20   8   0   0   0  0.29 inf
   48 T   -1  0  2  2 -3  2  2 -2  3 -2 -3  1 -2 -1 -2  0  0 -3 -1 -1    5   0  11  13   0  11  15   0  12   0   0  14   0   3   0   4   6   0   0   5  0.26 inf
   49 F   -3 -3 -4 -4 -4 -3 -3 -4  0 -2 -2 -3 -2  5  1 -3 -3  1  7 -2    0   0   0   0   0   0   0   0   0   0   0   0   0  35   8   0   0   0  57   0  1.20 inf
   50 I   -1 -1 -1  0 -2 -1 -1 -3 -2  1 -1  2 -1 -3 -2  0  4 -3 -2  0    0   0   0   4   0   0   0   0   0  13   4  22   0   0   0   0  51   0   0   6  0.37 inf
   51 L   -2 -3 -4 -4 -2 -3 -4 -1 -3  1  5 -3  3  0 -4 -3 -2 -3 -2  0    0   0   0   0   0   0   0   7   0   0  84   0   9   0   0   0   0   0   0   0  0.67 inf
   52 G   -1 -3  4 -1 -4 -2 -2  6 -2 -5 -5 -2 -3 -4 -3 -1 -2 -4 -4 -4    0   0  27   0   0   0   0  73   0   0   0   0   0   0   0   0   0   0   0   0  1.10 inf
   53 A    0  1 -1 -1 -2  1  1 -2 -1  0 -2  2 -1 -3 -2  1  3 -3 -2 -1    9   7   0   0   0   6  11   0   0   9   0  21   0   0   0   5  31   0   0   0  0.25 inf
   54 G   -1 -3 -1 -2 -4 -3 -3  7 -3 -5 -5 -3 -4 -4 -3 -1 -3 -4 -4 -4    0   0   0   0   0   0   0 100   0   0   0   0   0   0   0   0   0   0   0   0  1.57 inf
   55 H   -3 -2 -1 -3 -4 -1 -1 -3 10 -5 -4 -2 -3 -3 -4 -2 -3 -4  0 -5    0   0   0   0   0   0   0   0 100   0   0   0   0   0   0   0   0   0   0   0  2.08 inf
   56 V   -1 -3 -4 -4 -2 -3 -1 -4 -4  2  0 -3  0 -2 -3 -3 -1 -4 -2  6    0   0   0   0   0   0   5   0   0   0   4   0   0   0   0   0   0   0   0  91  0.75 inf
   57 T   -1  4 -1 -2 -2 -1 -1 -3 -2  0  1  1  2 -2 -2 -1  2 -3 -2 -1    0  32   0   0   0   0   0   0   0   4  21   9   9   0   0   0  25   0   0   0  0.30 inf
   58 F   -3 -4 -4 -5 -4 -4 -5 -4 -2 -1 -1 -4 -1  8 -5 -4 -3  0  2 -2    0   0   0   0   0   0   0   0   0   0   0   0   0 100   0   0   0   0   0   0  1.62 inf
   59 F   -3 -4 -4 -5 -4 -4 -5 -4 -2 -1 -1 -4 -1  8 -5 -4 -3  0  2 -2    0   0   0   0   0   0   0   0   0   0   0   0   0 100   0   0   0   0   0   0  1.62 inf
   60 Y   -3  0 -3 -4 -3 -2 -3 -4  0 -2 -1 -2  1  4 -4 -3 -3  1  7 -2    0   8   0   0   0   0   0   0   0   0   0   0   6  21   0   0   0   0  65   0  1.09 inf
   61 D    0 -2  4  5 -3 -1  0 -1 -1 -4 -4 -1 -3 -4  0  1  0 -4 -3 -3    7   0  36  40   0   0   0   0   0   0   0   0   0   0   3  10   4   0   0   0  0.66 inf
   62 K   -2  4 -1 -2 -4  0  0 -3 -2 -4 -3  6 -2 -4 -2 -1 -2 -4 -3 -3    0  24   0   0   0   0   0   0   0   0   0  76   0   0   0   0   0   0   0   0  0.94 inf
   63 L   -2 -3 -3 -4  2 -3 -3  3 -3  0  4 -3  1 -1 -3 -2 -2 -3 -2 -1    0   0   0   0   6   0   0  27   0   0  63   0   3   0   0   0   0   0   0   0  0.47 inf
   64 E    2 -1 -1 -1 -2  0  1  3  1 -2 -1  2 -2 -3 -2  0 -1 -3 -2 -2   24   0   0   0   0   2   9  29   5   0   8  21   0   0   0   0   2   0   0   0  0.27 inf
   65 F   -3 -3 -4 -4 -3 -3 -4 -4  0 -2 -2 -3 -2  5 -4 -3 -3  6  7 -2    0   0   0   0   0   0   0   0   0   0   0   0   0  29   0   0   0  13  58   0  1.32 inf
   66 L   -2 -3 -4 -5 -2 -3 -4 -5 -4  1  5 -3  1  0 -4 -3 -2 -3 -2  0    0   0   0   0   0   0   0   0   0   0 100   0   0   0   0   0   0   0   0   0  0.92 inf
   67 R    1  3 -1 -2 -3  2 -1 -2  3 -1 -2  2 -1 -1 -2 -1 -1 -2  3 -2   18  26   0   0   0  13   0   0   9   6   0  13   0   0   0   0   0   0  15   0  0.30 inf
   68 K   -2  2  0  2 -3  2  1 -2  2 -2 -1  4 -2 -3 -2 -1 -1 -3 -2 -1    0   7   3  12   0   8   7   0   6   0   6  47   0   0   0   0   0   0   0   5  0.37 inf
   69 R   -3  7 -2 -3 -5  0 -1 -4 -1 -4 -3  1 -3 -4 -3 -2 -2 -4 -3 -4    0 100   0   0   0   0   0   0   0   0   0   0   0   0   0   0   0   0   0   0  1.46 inf
   70 Q   -3 -2 -2 -3 -4  3 -2 -4  4 -3 -2 -2 -2  1 -4 -2 -2  0  7 -3    0   0   0   0   0  22   0   0   9   0   0   0   0   0   0   0   0   0  69   0  1.13 inf
   71 I    1  1 -1  2 -2  0 -1 -1 -2  1  1 -1  1 -2 -2 -1  0 -3 -2  0   20   9   0  19   0   7   0   3   0   9  18   0   4   0   0   0   4   0   0   6  0.09 inf
   72 E    2 -1 -1  2 -2  0  2 -2 -2 -2  0  0  2 -2 -2  0 -1 -3 -2 -1   34   0   0  16   0   0  21   0   0   0   9   3  13   0   0   4   0   0   0   0  0.25 inf
   73 L   -2 -3 -4 -4 -2 -3 -4 -5 -4  3  5 -3  1  0 -4 -3 -2 -3 -2  1    0   0   0   0   0   0   0   0   0  18  82   0   0   0   0   0   0   0   0   0  0.74 inf
   74 I   -2  0 -2 -3  2  0 -2 -3  5  3  0 -2  2 -1 -3 -2  0 -3 -1  2    0   5   0   0   5   4   0   0  26  33   0   0   7   0   0   0   6   0   0  14  0.32 inf
   75 A    2 -1  0  2 -2  1  3 -2 -1 -2 -2  1 -2 -3 -2  0  0 -3 -2  0   30   0   3  16   0   9  23   0   0   0   0   7   0   0   0   0   3   0   0  10  0.28 inf
   76 E   -2 -1 -1  1 -5  1  7 -3 -1 -4 -4  0 -3 -4 -2 -1 -2 -4 -3 -4    0   0   0   0   0   0 100   0   0   0   0   0   0   0   0   0   0   0   0   0  1.34 inf
   77 C   -2 -3 -4 -4  7 -2 -4 -4 -3  0  2 -3  6 -1 -4 -2 -2 -2  0 -1    0   0   0   0  33   0   0   0   0   0  27   0  36   0   0   0   0   0   5   0  0.78 inf
   78 L   -1  2 -2 -2 -2  1  0 -3 -2  1  2  1  0 -1 -2 -1  0 -3 -2  1    0  14   0   0   0  10   3   0   0  10  32  12   0   0   0   0   7   0   0  12  0.17 inf
   79 K    2  2  1 -1  2  0 -1 -1  1 -2 -2  2 -2 -3 -2  0 -1 -3 -2 -1   35  19   8   3   6   0   0   0   5   0   0  19   0   0   0   3   0   0   0   3  0.26 inf
   80 R   -3  7 -2 -3 -5  0 -1 -4 -1 -4 -3  1 -3 -4 -3 -2 -2 -4 -3 -4    0 100   0   0   0   0   0   0   0   0   0   0   0   0   0   0   0   0   0   0  1.46 inf
   81 G   -1 -3 -1 -2 -3 -3 -3  6 -3 -5 -5 -2 -4 -4 -3  0 -2 -4 -4 -4    0   0   0   0   0   0   0  96   0   0   0   0   0   0   0   4   0   0   0   0  1.47 inf
   82 F   -3 -3 -3 -4 -3 -2 -3 -4  0 -1 -1 -1  3  5 -4 -3 -2  0  6  0    0   0   0   0   0   0   0   0   0   0   0   5  12  35   0   0   0   0  44   5  0.84 inf
   83 N    0  2  4  0 -3  0  0 -1 -1 -3 -3  2  0 -3 -2  2  0 -4 -2 -3    7  11  31   0   0   0   5   0   0   0   0  21   3   0   0  22   0   0   0   0  0.39 inf
   84 I   -1 -3 -3 -3 -2 -3 -3 -3 -3  3  0 -2  0  0  5 -2 -1 -3  0  2    4   0   0   0   0   0   0   0   0  26   6   0   0   3  32   0   0   0   5  24  0.56 inf
   85 K   -1  0  4  1 -3  3  0 -2 -1 -3 -3  1  0 -3 -2  0  1 -4 -2 -2    4   0  36   6   0  21   0   0   0   0   0  11   5   0   0   3  14   0   0   0  0.41 inf
   86 D   -2 -1  1  4 -3 -2 -1 -3 -1 -2 -2 -2 -2  3  2 -1 -2 -1  3 -1    2   3   7  36   0   0   0   0   0   0   0   0   0  21  12   0   0   0  13   5  0.42 inf
   87 T    1  0  1  1 -2 -1  1  0 -1  0 -1  0 -1  0 -2  1  2 -3 -2 -1   14   6   7  11   0   0   9   5   0  12   3   4   0   5   0   6  19   0   0   0  0.09 inf
   88 T   -1  2  1 -1 -3  1  0 -3 -2 -1 -2  1 -2 -2 -3 -1  1  8 -1 -2    6  12   7   3   0   6   3   0   0   6   0   9   0   0   0   0  16  32   0   0  0.67 inf
   89 V   -1  0 -2 -2 -2  1 -1 -3 -2  1  0  0 -1  0  4 -1 -1 -2  0  1    3   4   0   0   0   9   3   0   0   7  12   7   0   6  26   0   2   0   5  16  0.30 inf
   90 Q   -1 -1  1  3 -3  1  2 -2 -1 -2 -2  0 -2  2  0 -1 -1 -3 -1 -1    4   0   9  24   0  10  18   0   0   0   3   5   0  15   3   0   3   0   0   7  0.24 inf
   91 D   -1 -1  1  4 -4  1  3  0  0 -4 -4  2 -3 -4  2  0 -1 -4 -3 -3    0   0   6  30   0   3  20   9   3   0   0  15   0   0   9   5   0   0   0   0  0.47 inf
   92 I   -2 -2 -2  0 -2 -2 -2 -3 -3  2  2  0  0  1  1 -2 -1 -3 -1  2    0   0   0   9   0   0   0   0   0  23  27  12   0   8   6   0   0   0   0  15  0.19 inf
   93 S   -1 -1  2  2  2 -1  2 -2 -1 -1 -1  0 -2  0  3  1 -1 -3 -2 -2    0   0  15  11   6   0  18   0   0   5   5   4   0   7  17  13   0   0   0   0  0.28 inf
   94 D   -1 -1  1  3 -3  3  2  2 -1 -2 -1 -1 -1 -3 -2 -1  0 -3 -2  0    4   0   5  20   0  21  12  17   0   0   5   0   0   0   0   0   3   0   0  10  0.25 inf
   95 I   -1 -3 -2  2 -3 -2 -2 -3 -2  3 -1 -3  2  2 -3 -1 -2  7  2  0    3   0   0  16   0   0   0   0   0  31   0   0   9  10   0   5   0  18   9   0  0.46 inf
   96 P    0 -3 -2  1 -3 -2 -2 -3 -3 -2 -3 -2 -3 -4  7 -1  0 -4 -3  0    6   0   0   9   0   0   0   0   0   0   0   0   0   0  68   0   5   0   0  10  1.40 inf
   97 Q    1  0  1  1 -2  1  1  0 -1 -1 -1 -1  1 -2  0  1  0 -3 -2 -1   17   5   5  10   0   5  10   5   0   3   7   0   6   0   3  17   6   0   0   0  0.13 inf
   98 E   -2 -2 -1  1 -3  1  4 -3  4 -2  1 -1 -1 -2  2 -1 -2 -3 -2 -1    0   0   0   9   0   3  36   0  16   0  21   0   0   0  12   0   0   0   0   3  0.41 inf
   99 F   -3 -4 -5 -5 -3 -3 -4 -4 -3 -2  2 -4 -1  5 -5 -4 -3 10  2 -2    0   0   0   0   0   0   0   0   0   0  22   0   0  27   0   0   0  45   6   0  1.53 inf
  100 R   -2  2 -1 -1  3 -1 -2 -3 -1 -1  1 -1  1  2 -3 -2 -2  6  4 -2    0  15   4   3  11   0   0   0   0   0  13   4   6   7   0   0   0  14  21   0  0.40 inf
  101 G    0 -1  5  1 -2 -1 -1  2 -1 -3 -3  1 -2 -3 -2  0 -1 -3 -2 -2   11   1  44   7   0   1   1  16   0   1   1  11   0   1   1   1   1   0   1   1  0.44 inf
  102 D   -3 -2  2  6 -4 -1  2 -3 -2 -4 -4 -2 -4 -3 -3 -1 -2  3  1 -4    0   0   7  72   0   0  10   0   0   0   0   0   0   0   0   0   0   6   6   0  1.08 inf
  103 Y   -4 -4 -4 -5 -4 -3 -4 -4 -1 -3 -3 -4 -3  1 -5 -4 -3 10  7 -3    0   0   0   0   0   0   0   0   0   0   0   0   0   0   0   0   0  44  56   0  2.15 inf
  104 I   -1 -1  0 -1 -3  2  3 -1 -1  1 -2  1 -1 -3 -2  0  2 -3 -2  0    0   0   3   0   0  12  31   3   0  11   0   9   0   0   0   0  25   0   0   5  0.31 inf
  105 P   -2 -4 -4 -3 -4 -3 -3 -4 -4 -3 -4 -3 -3 -5  8 -2 -2 -5 -4  0    0   0   0   0   0   0   0   0   0   0   0   0   0   0  91   0   0   0   0   9  2.27 inf
  106 H   -1  0  2 -2  1 -1 -2 -2  1 -2 -3 -1 -2 -3 -2  1  5 -4 -2 -2    0   6   9   0   3   0   0   0   5   0   0   0   0   0   0   9  68   0   0   0  0.68 inf
  107 E    1 -1 -1  1 -4  1  5 -2 -1 -4 -4  1 -3 -4  3 -1 -2 -4 -3 -3   16   0   0   6   0   3  55   0   0   0   0   7   0   0  14   0   0   0   0   0  0.67 inf
  108 A    1 -1  1  2  1  1  3 -2  0 -2 -2  0 -2 -3 -2  1  0 -3 -2 -2   17   0   5  15   5   6  25   0   2   3   4   6   0   0   0   9   3   0   0   0  0.24 inf
  109 S    4 -2 -1  4 -2 -1 -1 -1 -2 -3 -3 -2 -3 -4 -2  1 -1 -4 -3 -2   55   0   0  33   0   0   0   0   0   0   0   0   0   0   0  12   0   0   0   0  0.62 inf
  110 I   -2 -3 -4 -4 -2 -3 -4 -4 -3  4  3 -3  3  1 -4 -3 -2 -2  0  2    0   0   0   0   0   0   0   0   0  42  27   0  15   5   0   0   0   0   3   8  0.51 inf
  111 A    3 -1  1 -1 -2  0  1 -1 -1 -2 -2  2  0 -2 -2  1  1 -3  1 -2   36   0   9   0   0   3   8   0   0   0   0  18   4   0   0   7   9   0   6   0  0.23 inf
  112 I   -1 -3 -4 -4 -2 -3 -3 -4 -4  4  3 -1  1 -1 -3 -2 -1 -3 -2  2    5   0   0   0   0   0   0   0   0  47  35   5   0   0   0   0   3   0   0   6  0.46 inf
  113 S   -2 -2  6 -1 -3 -2 -2 -2 -1  2 -2 -2 -2 -3 -3  2 -1 -4 -3  0    0   0  56   0   0   0   0   0   0  24   0   0   0   0   0  17   0   0   0   3  0.64 inf
  114 Q   -2  6 -2 -3 -4  2 -1 -3 -1 -3 -3  2  1 -4 -3 -2 -2 -4 -3 -1    0  69   0   0   0  10   0   0   0   0   0  10   6   0   0   0   0   0   0   5  0.91 inf
  115 A    3 -1 -2 -1 -2  2  2 -1 -2 -1 -2  1 -2 -3 -2  0  1 -3 -3 -1   47   0   0   0   0   9  18   0   0   5   0   9   0   0   0   0  12   0   0   0  0.35 inf
  116 R   -3  7 -2 -3 -5  0 -1 -4 -2 -5 -4  1 -3 -4 -4 -2 -3 -4 -3 -4    0 100   0   0   0   0   0   0   0   0   0   0   0   0   0   0   0   0   0   0  1.63 inf
  117 L   -2 -4 -4 -4 -2 -4 -4 -5 -4  6  2 -4  0 -1 -4 -4 -2 -4 -2  1    0   0   0   0   0   0   0   0   0  84  16   0   0   0   0   0   0   0   0   0  0.96 inf
  118 D    2  0 -1  1 -2  0  0 -1 -1 -1 -1  1 -1 -2 -2  1  0 -3  0  0   32   5   0  10   0   3   6   0   0   0   7  12   0   0   0  10   6   0   5   6  0.14 inf
  119 E   -1 -1 -1  2 -5  1  6 -3 -1 -4 -3  1 -3 -4 -2 -1 -2 -4 -3 -3    4   0   0   6   0   0  82   0   0   0   3   6   0   0   0   0   0   0   0   0  1.03 inf
  120 K   -2  5 -1 -2 -4  0 -1 -3 -2 -3 -3  4  1 -4 -3 -2 -2 -4 -3 -3    0  51   0   0   0   0   0   0   0   0   0  42   7   0   0   0   0   0   0   0  0.92 inf
  121 I   -2 -3 -4 -4 -2 -3 -4 -4 -3  4  2 -3  5  1 -4 -3 -2 -3 -1  1    0   0   0   0   0   0   0   0   0  48  15   0  27   6   0   0   0   0   0   4  0.60 inf
  122 A    2 -2  3 -1 -3 -1  0 -2 -2 -3 -2 -1 -2 -3  5  0 -1 -4 -3 -2   29   0  20   0   0   0   6   0   0   0   4   0   0   0  36   4   0   0   0   0  0.69 inf
  123 Q    1 -1  0 -1 -3  3  1 -2 -1 -1  1  1  4 -2  0 -1 -1 -3 -2 -1   12   0   7   0   0  26   8   0   0   0  11   7  21   0   5   0   0   0   0   3  0.23 inf
  124 R   -2  4  0 -2 -4  0  0 -2 -1 -4 -3  5 -2 -4 -2 -1  0 -4 -3 -3    0  22   4   0   0   0   0   0   0   0   0  70   0   0   0   0   4   0   0   0  0.78 inf
  125 P    0 -2 -3 -2 -3 -2 -2 -3 -3 -3 -3  0 -3 -4  8 -1 -2 -5 -4 -2    8   0   0   0   0   0   0   0   0   0   0   8   0   0  81   0   0   0   0   3  1.78 inf
  126 T   -2  4  2  0 -3  0 -1  0  3 -3 -3  1 -2 -3 -2  0  2 -3 -2 -2    0  46  11   4   0   0   0   6  10   0   0   0   0   0   0   0  23   0   0   0  0.44 inf
  127 W   -1 -4 -4 -5 -3 -3 -4 -3 -3 -2 -1 -4 -2  5 -4 -3 -3 10  2 -3    8   0   0   0   0   0   0   0   0   0   0   0   0  42   0   0   0  49   0   0  1.60 inf
  128 Y   -2 -2 -2 -3 -3 -2 -2 -3  1 -2 -2 -2 -2  2 -3 -1  2  1  7 -2    0   0   0   0   0   0   0   0   0   0   0   0   0   0   0   0  21   0  79   0  0.98 inf
  129 K   -1  5 -1 -1 -3  1  0 -2 -1 -3 -2  3 -2 -3 -2  1  0 -3 -2 -2    0  58   0   0   0   0   0   0   0   0   1  21   0   0   0  11   5   0   0   0  0.57 inf
  130 Y   -3 -2 -2 -3 -3 -2 -2 -3  5 -2 -1 -3 -1  5 -4 -2 -2  7  4 -2    0   0   0   0   0   0   0   0  24   0   0   0   0  35   0   0   0  23  17   0  0.90 inf
  131 Y   -1 -1 -1 -2 -2 -1 -1  1 -1 -2 -2  1 -1  2 -2  0  3 -1  4 -1    0   0   0   0   0   0   0  12   0   0   0  13   0  12   0   0  41   0  22   0  0.27 inf
  132 G   -1  0  2  1 -3  0  0  3 -1 -3 -3  3 -2 -3 -2  0  1 -3 -3 -3    0   0  14   7   0   0   0  32   0   0   0  34   0   0   0   0  13   0   0   0  0.36 inf
  133 K   -1  1  2  0 -3  3  2 -2  0 -3 -3  3 -2 -3 -2  0  1 -3 -2 -2    0   0  16   0   0  18  14   0   0   0   0  42   0   0   0   0  10   0   0   0  0.40 inf
  134 A    2 -2  1 -2 -1 -1 -2 -1 -2  2  0 -1  0 -1 -2  1  0 -3 -2  1   25   0  10   0   0   0   0   0   0  34   0   0   0   0   0  20   0   0   0  11  0.14 inf
  135 I   -1 -3 -3 -3 -1 -3 -3 -4 -4  4  1 -3  1  0 -3 -2 -1 -3 -2  3    0   0   0   0   0   0   0   0   0  81   0   0   0   0   0   0   0   0   0  19  0.44 inf
  136 Y   -1  0 -1 -2 -3  0 -1 -3  1 -2 -2  2 -1  2 -2 -1 -1  1  6 -2    0   0   0   0   0   0   0   0   0   0   0  33   0   0   0   0   0   0  67   0  0.50 inf
  137 A    4 -2 -2 -2  0 -1 -1  0 -2 -1 -2 -1 -1 -2 -1  1  0 -3 -2  0  100   0   0   0   0   0   0   0   0   0   0   0   0   0   0   0   0   0   0   0  0.41 inf

                      K         Lambda
Standard Ungapped    0.1401     0.3245
Standard Gapped      0.0458     0.2670
PSI Ungapped         0.1491     0.3116
PSI Gapped           0.0458     0.2670
