
Last position-specific scoring matrix computed, weighted observed percentages rounded down, information per position, and relative weight of gapless real matches to pseudocounts
           A  R  N  D  C  Q  E  G  H  I  L  K  M  F  P  S  T  W  Y  V   A   R   N   D   C   Q   E   G   H   I   L   K   M   F   P   S   T   W   Y   V
    1 D   -3 -3  1  6 -5 -1  4 -3 -2 -5 -5 -2 -4 -5 -3 -2 -3 -5 -4 -5    0   0   5  59   0   0  36   0   0   0   0   0   0   0   0   0   0   0   0   0  1.29 inf
    2 W   -6 -7 -8 -8 -6 -6 -7 -6 -6 -6 -5 -7  0 -3 -8 -7 -6 13 -1 -7    0   0   0   0   0   0   0   0   0   0   0   0   2   0   0   0   0  98   0   0  4.61 inf
    3 V    0 -1 -4 -5 -3 -4 -4 -4 -5  4  0  0  0 -3 -4 -3 -1 -5 -3  5    9   3   0   0   0   0   0   1   0  23   3   7   2   0   0   0   1   0   0  51  0.74 inf
    4 I    1 -3 -4 -4 -3 -3 -4 -3 -4  4 -1  0 -1 -1  3 -2 -1  7 -2  1   11   0   0   0   0   0   0   1   0  31   3   8   1   1  14   1   4  16   0   8  0.62 inf
    5 P   -1 -3  3 -3 -4 -3 -2 -4 -3  0 -2 -2 -3  1  6  1  0 -5 -3 -3    4   1  14   0   0   0   1   0   0   7   2   1   0   7  47   9   6   0   0   0  0.99 inf
    6 P    0 -4 -4 -4 -5  3 -2 -4 -1 -5 -5 -3 -4 -6  7 -1  1 -6 -5 -4    8   0   0   0   0  16   1   0   1   0   0   0   0   0  62   3   8   0   0   1  1.65 inf
    7 I   -1 -2 -4 -5  2 -3 -4 -5 -4  4  1 -2  2  3 -4 -3 -2 -3 -1  2    5   2   0   0   6   1   0   0   0  36  10   2   7  16   0   1   0   0   1  13  0.54 inf
    8 N    0 -1  2 -2 -3 -2  1 -3  0 -1 -1 -1 -2  3  0  2  1 -3 -1 -1    6   2  13   0   0   0  10   0   2   2   7   3   0  16   3  24   7   0   0   3  0.22 inf
    9 L   -3 -5 -5 -5  4 -4 -5 -5 -5  4  2 -4  2 -2 -5 -4 -2 -4 -3  4    0   0   0   0  11   0   0   0   0  26  20   0   5   1   0   0   0   0   0  36  0.85 inf
   10 P   -1  2 -2 -1 -3  0  0 -3 -2  0  1 -1  1 -2  4  0 -1 -4 -3  0    2  15   1   2   0   4   7   0   1   5  14   2   5   1  25   7   2   0   0   6  0.37 inf
   11 E   -4 -3 -3  0 -7 -1  8 -5 -3 -7 -6 -2 -5 -7 -4 -3 -4 -6 -5 -6    0   0   0   2   0   0  98   0   0   0   0   0   0   0   0   0   0   0   0   0  2.28 inf
   12 N   -4 -2  7 -1 -6 -2  4  1 -2 -6 -6 -3 -5 -6 -5 -2 -3 -6 -5 -6    0   1  64   0   0   0  25   9   0   0   0   0   0   0   0   1   0   0   0   0  1.54 inf
   13 S   -1 -1 -2  2 -4  2  3 -2  2 -4 -3 -1 -3 -1 -3  3 -1 -3  3 -2    1   2   0  11   0  11  21   2   5   0   2   1   0   2   0  26   1   0  13   2  0.42 inf
   14 R   -2  4  0  2 -4  0 -1 -3 -2 -2 -1  2  0 -4  1  0  2 -4 -3 -2    1  24   3  15   0   2   1   0   0   2   7  15   3   0   6   4  15   0   0   2  0.34 inf
   15 G   -1 -3  1  0 -4  1 -1  5 -1 -3 -2 -2 -3 -4  0 -1 -3 -4 -2 -4    2   0   8   6   0   8   4  54   1   2   5   1   0   0   5   2   0   0   2   0  0.73 inf
   16 P   -2 -3 -3 -2 -5 -2 -2 -4 -4 -5 -5 -3 -2 -6  8  2  0 -6 -5 -5    1   1   1   1   0   1   2   0   0   0   0   1   1   0  69  17   4   0   0   0  1.80 inf
   17 F   -4 -2 -2  1 -5 -3  0 -5  3 -2 -1  0 -2  7 -5 -3 -3 -2  3 -3    0   1   2   8   0   0   5   0   8   1   5   8   1  49   0   0   1   0  10   1  0.91 inf
   18 P   -3  0 -4 -4 -6 -4 -4 -4 -3 -6 -4  0 -5 -4  8 -4 -4 -6 -4 -5    1   6   0   0   0   0   0   1   1   0   1   6   0   1  82   0   0   0   1   0  2.33 inf
   19 Q   -2  2  2 -1 -1  3  0 -3  1  0  0  3  2 -2 -3 -2 -2 -4 -1  0    0  10  12   2   2  15   3   1   3   6   8  24   7   1   0   0   0   0   1   7  0.28 inf
   20 E   -2  1  0  0 -3  0 -1 -3  0  0  1  1  0  2  2 -1  0 -1  2 -1    1   7   6   5   0   5   3   1   2   5  14  10   1  10  12   1   5   1  11   1  0.14 inf
   21 L    0 -4 -5 -5 -3 -4 -5 -5 -5  5  3 -4  0 -2 -4 -4 -2 -4 -3  4    8   0   0   0   0   0   0   0   0  33  31   0   1   0   0   0   0   0   0  27  0.81 inf
   22 V    2 -3 -1 -3 -3  1 -1  4 -3 -2 -2 -3 -2 -2 -3 -1  0 -4 -3  3   16   0   2   0   0   8   4  34   0   0   1   0   0   1   0   3   7   0   0  25  0.45 inf
   23 R   -3  3 -2 -1 -5  5  1 -4 -2 -5 -3  4 -1 -5 -4 -2  0 -5 -4 -4    0  18   0   3   0  37   5   0   0   0   1  31   2   0   0   0   5   0   0   0  0.99 inf
   24 I   -3 -5 -5 -6 -3 -5 -5 -6 -5  6  3 -5  1 -2 -5 -4 -3 -5 -3  3    0   0   0   0   0   0   0   0   0  48  25   0   3   0   0   0   0   0   0  24  1.08 inf
   25 R   -3  4 -1 -3 -5  3 -1 -4  5  0 -3  3 -3  1 -4 -2 -1 -4 -2 -1    1  21   1   0   0  13   2   0  19   6   0  20   0   8   0   0   3   0   0   4  0.57 inf
   26 S   -1 -3  1 -3 -3 -3 -3 -3 -1 -4 -4 -3 -4 -4 -3  6  0  5 -3 -2    3   0   6   0   0   0   0   0   1   0   1   0   0   0   1  73   3   7   0   2  1.17 inf
   27 G   -3 -4  5  7 -6 -3 -1 -3 -3 -6 -6 -3 -5 -6 -4  0 -2 -7 -5 -4    1   0  27  61   0   0   1   1   0   0   0   0   0   0   0   6   2   0   0   1  1.52 inf
   28 R    0  1  0 -1  1  1  1 -1  0 -1 -1  2  1 -1 -2  1  0 -2  0  0    5   9   3   3   3   5   8   3   1   3   4  14   6   3   0  14   4   0   4   6  0.08 inf
   29 D    2 -2  0  5 -4  1  1 -2 -2 -2 -4 -1 -2 -4 -2  1 -1 -4 -4 -3   20   0   3  41   0   6  10   1   0   2   1   2   1   0   1  10   2   0   0   0  0.64 inf
   30 K    0  3  0  1 -3  2  1 -2  0 -3 -3  3 -2 -1 -2  0 -1 -3 -1 -2    8  17   4   7   0  10   9   2   2   1   1  22   0   3   1   6   3   0   2   2  0.29 inf
   31 N   -2 -1  4  3 -4 -1  2  0 -1 -3 -3  0 -2 -3  2  0  0 -4 -3 -3    2   3  23  15   0   1  15   8   1   1   3   5   1   1  10   4   6   0   0   1  0.38 inf
   32 L   -1 -1 -1 -1 -3  0  1  1 -1  0  0 -1  1 -1  1  0  0  1  2  0    2   3   3   3   0   5  10  14   1   9   9   2   5   0   8   4   8   2   9   4  0.08 inf
   33 S   -1  1  0 -1 -3  0  0  2  0 -3 -3  2 -2 -4  0  2  2 -4 -3 -2    1   5   4   1   0   3   5  18   3   0   0  19   1   0   3  18  17   0   0   2  0.32 inf
   34 L    0 -4  0 -4 -3 -3 -4 -4 -4  4  1 -3  1 -2 -4 -1 -1 -4 -3  4    7   0   5   0   0   0   0   0   0  35  13   0   3   0   0   4   3   0   0  29  0.57 inf
   35 R   -2  3 -2 -3 -3  0 -1 -3  1  1 -1  2  0  2 -3 -2  2 -2  2 -2    2  16   0   0   0   3   3   0   4  10   3  19   3  11   1   0  16   0   9   1  0.28 inf
   36 Y   -5 -5 -5 -6 -6 -5 -5 -6 -2 -1 -4 -5 -4  2 -6 -5 -5 -1  9 -4    0   0   0   0   0   0   0   0   0   4   0   0   0   4   0   0   0   0  90   0  2.69 inf
   37 S   -2  2 -2 -3 -3  0  0 -3 -2  1 -1  1 -1 -2 -3  4  1 -4  1 -1    0  15   0   0   0   2   5   0   1   9   7   8   1   1   0  37   7   0   5   3  0.33 inf
   38 V   -3 -5 -6 -6 -3 -5 -5 -6 -5  6  3 -5 -1 -2 -5 -5 -3 -4  0  2    1   0   0   0   0   0   0   0   0  50  34   0   0   0   0   0   0   0   3  13  1.07 inf
   39 T   -2  0 -1 -2 -3 -1 -1 -3 -1 -2 -4 -1 -3 -2  0  4  5 -4 -2 -3    0   5   1   1   0   1   3   1   1   2   0   3   0   2   5  33  39   0   1   0  0.65 inf
   40 G   -3 -5 -1 -2 -5 -1 -2  7 -4 -6 -6 -4 -5 -5 -5 -3 -4 -5 -5 -5    0   0   2   2   0   3   2  89   0   0   0   0   0   0   0   0   0   0   0   0  1.89 inf
   41 P   -1  0 -2 -1 -4  2  2 -4 -3 -3 -4  2 -2 -4  5 -2  0 -4 -4  0    3   5   0   2   0   9  16   0   0   1   0  14   1   0  33   0   7   0   0   8  0.69 inf
   42 G   -2 -4 -3 -3 -5 -4 -2  7 -4 -5 -5 -4 -5 -5 -4 -2 -4 -5 -5 -5    1   0   0   0   0   0   3  89   0   0   1   0   0   0   0   2   0   0   0   0  1.87 inf
   43 A    5 -4 -4 -4 -3 -3 -4 -3 -4  2 -1 -3 -2 -3 -4 -2 -2 -5 -4  4   49   0   0   0   0   0   0   0   0  12   2   0   0   0   0   0   0   0   0  34  0.86 inf
   44 D   -4 -4  0  7 -5 -3  0  1 -4 -5 -4 -2 -5 -5 -4 -2  1 -6 -5 -5    0   0   4  70   0   0   3  11   0   0   1   2   0   0   0   0   8   0   0   0  1.40 inf
   45 Q   -2  0 -2 -2 -4  6  3 -4 -2 -4 -2  2 -2 -5 -3  0  1 -4 -4 -4    1   4   1   0   0  41  17   0   0   0   4  13   1   0   0   7  10   0   0   0  0.78 inf
   46 P   -1 -2  0  1 -3 -1  3 -3 -2 -3 -2 -2 -3  0  6  0 -2 -3  0 -3    4   1   4   9   0   1  19   1   0   1   3   1   0   4  38   8   1   0   5   1  0.73 inf
   47 P   -3 -3 -3 -3 -4 -3 -2 -4 -4 -4 -4 -3 -4 -4  8 -3 -3 -4 -4 -4    1   1   1   1   0   1   3   1   0   1   1   1   0   1  83   1   1   0   1   1  2.26 inf
   48 T   -1  2 -1 -2 -2  0  1 -2 -1  0  0  1  1  2 -2 -1  0 -2  1  0    2  14   1   1   0   3  11   3   0   6   7  13   4  10   1   3   5   0   7   9  0.10 inf
   49 G   -1 -3  3  0 -3 -2 -1  5 -2 -4 -4 -2 -3  0 -3 -1 -2 -3 -3 -4    2   1  19   5   0   1   4  55   0   1   1   1   0   5   1   2   1   0   0   1  0.86 inf
   50 I   -3 -4 -4 -5 -3 -4 -4 -5 -4  4  3 -4  0 -1  0 -3  0 -1 -3  3    0   0   0   0   0   0   0   0   0  29  32   0   1   1   4   0   7   1   0  23  0.65 inf
   51 F   -5 -6 -6 -7 -6 -6 -6 -6 -4 -3 -3 -6 -3  9 -7 -6 -5 -2  3 -4    0   0   0   0   0   0   0   0   0   0   0   0   0  92   0   0   0   0   8   0  2.58 inf
   52 I   -1  0  0 -2 -3  1 -1 -3 -2  2 -2 -1 -1 -1 -3  3  2 -3  1  1    1   6   5   0   0   6   2   0   0  13   1   2   0   2   0  27  13   0   7  14  0.24 inf
   53 I   -3 -5 -5 -6 -3 -5 -5 -6 -5  6  1 -5  1  1 -5 -5 -3 -4 -1  3    0   0   0   0   0   0   0   0   0  66  10   0   2   5   0   0   0   0   2  16  1.19 inf
   54 N   -4 -3  4  6 -5 -2  3 -1 -3 -5 -6 -2 -5 -6  1 -1 -2 -6 -5 -5    0   0  23  47   0   0  18   3   0   0   0   0   0   0   6   2   1   0   0   0  1.14 inf
   55 P   -2  3 -1  2 -4  2  2 -2 -1 -4 -4  2 -2 -2  4  0 -2 -2 -3 -4    1  17   2  11   0   8  14   2   1   1   0  15   1   2  21   5   0   1   0   0  0.53 inf
   56 I   -1 -1  2  1 -3 -1  2 -3  1  2  0  1  1 -1 -3 -1  0 -3 -1  0    2   2  10  10   0   1  19   1   3  15   8  10   4   2   0   3   3   0   1   6  0.15 inf
   57 S   -2 -3  1 -1 -3 -2 -3 -3 -1 -3  0 -3 -2 -2 -3  3  6 -4 -3 -2    0   0   5   2   0   0   0   1   1   0   8   0   0   1   0  23  55   0   0   0  0.84 inf
   58 G   -3 -2 -3 -4 -6 -5 -5  7 -5 -7 -7 -4 -6 -6 -5 -3 -5 -6 -6 -6    0   2   0   0   0   0   0  98   0   0   0   0   0   0   0   0   0   0   0   0  2.24 inf
   59 Q    0  1  2  3 -4  2  1 -3  0 -2 -3  1 -2 -3 -3  0 -1  6  0 -1    8   7  14  18   0   9  10   0   2   2   0   7   1   0   0   4   1  12   2   4  0.40 inf
   60 L   -3 -4 -5 -5 -3 -4 -5 -5 -5  5  3 -4  3 -2  1 -4 -3 -4 -3  3    0   0   0   0   0   0   0   0   0  35  31   0   7   0   8   0   0   0   0  20  0.81 inf
   61 S   -2  0  2 -3  3 -2 -2 -4  4 -3 -2  0 -3  3 -4  1 -2  2  5 -3    1   4  12   0   8   1   1   0  10   0   3   8   0  14   0  13   1   2  23   0  0.51 inf
   62 V    1 -4 -4 -5  3 -4 -4  0 -5  2  0 -4  0 -3 -4 -1 -2 -4 -1  5   10   0   0   0   7   0   0   8   0  11   6   0   1   0   0   3   0   0   1  53  0.66 inf
   63 T   -3 -2  1 -3 -4 -2 -3 -4  3 -2 -2 -1 -1 -3 -4 -1  6 -5 -4 -3    0   2   7   0   0   1   0   0   7   2   4   4   1   1   0   2  70   0   0   0  1.13 inf
   64 K   -1  5 -2 -2 -5  3  1  0 -1 -4 -3  3 -1 -5 -3  0 -1 -4 -4 -4    5  35   0   1   0  16   7   8   1   0   1  18   1   0   0   5   2   0   0   0  0.63 inf
   65 P   -1  1 -3 -3 -4  0 -3 -3 -3  0 -3  0  0 -4  6  0  2 -5 -4 -2    3  10   0   0   0   3   0   2   0   8   1   4   3   0  41   7  15   0   0   2  0.81 inf
   66 L   -3 -5 -6 -6 -3 -4 -5 -6 -5  2  5 -5  2 -2 -5 -4 -3 -4 -3  3    0   0   0   0   0   0   0   0   0   8  67   0   3   0   0   0   0   0   0  22  1.09 inf
   67 D   -5 -5  0  8 -7 -3 -2 -4 -4 -6 -7 -4 -6 -7 -5 -3 -4 -8 -6 -6    0   0   3  97   0   0   0   0   0   0   0   0   0   0   0   0   0   0   0   0  2.47 inf
   68 R    0  8 -4 -5 -6 -2 -3 -5 -3 -6 -5 -1 -4 -6 -5 -4 -4 -6 -5 -5    8  92   0   0   0   0   0   0   0   0   0   0   0   0   0   0   0   0   0   0  2.20 inf
   69 E   -4 -3 -3 -2 -6  0  7 -5 -3 -5 -1 -2 -4 -6 -4 -3 -4 -6 -5 -5    0   0   0   0   0   2  90   0   0   0   8   0   0   0   0   0   0   0   0   0  1.88 inf
   70 L   -1 -1 -2 -1 -4  3  3 -3  1 -2 -3  3  0 -4 -3 -1  2 -4 -3 -2    4   1   0   1   0  14  27   0   4   2   2  25   2   0   0   2  13   0   0   2  0.51 inf
   71 I   -2  1  0 -3 -1  0 -2 -4  1  3 -2  2  0 -1 -3 -2  3 -3  3 -1    1   6   4   0   1   5   1   0   4  24   1  16   2   2   0   0  23   0  11   1  0.34 inf
   72 A    3 -3 -2  2 -4 -2  0  1 -3 -4 -4 -2 -4 -5  5  1 -1 -5 -4 -3   27   0   1  13   0   0   6   9   0   0   0   1   0   0  32   8   1   0   0   1  0.76 inf
   73 R   -1  0  0 -2 -3  1  0 -3  0 -2 -1  1  1  1 -3  3  2 -3  1  0    2   6   3   0   0   7   4   0   2   1   6   8   4   7   0  28  13   0   4   6  0.19 inf
   74 F   -5 -5 -5 -6 -5 -5 -5 -6  0 -4 -2 -5 -3  7 -6 -5 -5 -1  8 -4    0   0   0   0   0   0   0   0   2   0   3   0   0  47   0   0   0   0  49   0  2.06 inf
   75 H   -1  0  0 -1 -3  1  0 -3  3  0  0  0  1 -1 -2 -1  3 -4 -1  1    2   3   4   1   0   9   7   0  12   5   6   5   4   2   1   1  22   0   1  15  0.20 inf
   76 L   -4 -5 -6 -6 -3 -4 -5 -6 -5  2  5 -5  1  2 -5 -5 -3 -4 -3  2    0   0   0   0   0   0   0   0   0   9  72   0   1   7   0   0   0   0   0  11  1.10 inf
   77 R   -2  3 -1 -3 -3  0 -2 -2  0  0  0  1  0  2 -3 -1  1 -2  3  0    0  23   2   0   0   4   1   2   2   6   9   6   2   9   0   1  10   0  13   8  0.24 inf
   78 A    4 -4 -3 -2  3 -3 -3  2 -4 -2 -2 -3 -2  1 -3  0 -2 -4 -3  2   43   0   0   2   8   0   0  13   0   0   2   0   0   7   0   7   0   0   0  20  0.52 inf
   79 H   -3  1 -1  1 -4  2  1 -4  6 -1 -2 -2 -2  2 -4 -1 -2 -3  2 -1    0   8   1   7   0  12  11   0  27   4   3   0   0   9   0   3   2   0   8   6  0.50 inf
   80 A    6 -4 -4 -4 -3 -3 -4 -3 -4 -3 -4 -3 -3 -5 -4 -1  2 -5 -4  1   79   0   0   0   0   0   0   0   0   0   0   0   0   0   0   0  11   0   0   9  1.27 inf
   81 V    0 -1 -1 -3 -3 -2 -2 -4 -1  1  2  0  0 -1 -3 -1  2 -4 -2  3    5   2   4   0   0   0   2   0   2   3  18   8   2   2   0   3  18   0   0  31  0.27 inf
   82 D   -2 -2  2  6 -4 -2  0 -1 -3 -5 -5 -2 -4 -2 -3  2  1 -5 -3 -4    2   2  10  52   0   0   3   4   0   0   0   1   0   2   0  13  11   0   1   0  0.89 inf
   83 I    0  1 -1 -2 -3  0  2 -2 -2  0  0  0  1 -3  1  1 -1 -4 -3  1    8   9   1   0   0   2  18   1   0   4  12   5   4   0   8  11   2   0   0  13  0.15 inf
   84 N   -1  1  5  3 -4  0 -2  0 -1 -4 -3 -1 -2 -3 -3  1  2 -2 -2 -3    2   7  29  18   0   4   0   5   1   0   2   1   1   1   0  11  16   1   1   0  0.51 inf
   85 G   -2  0 -1 -3 -5 -4 -3  6 -3 -3 -5 -3 -5 -5 -4 -1  0 -5 -5 -4    2   5   2   1   0   0   2  75   1   1   0   1   0   0   0   4   5   0   0   1  1.37 inf
   86 N   -1  1  3  0 -4  1  1 -2  1 -2 -2  2 -2 -2 -3  0 -1 -3  2 -2    5   9  21   4   0   6   9   2   3   1   5  16   1   0   0   5   3   0  10   3  0.25 inf
   87 Q    0  0  0  1 -3  1 -1 -3 -2  2 -1  1 -1 -2  3  0  1 -4 -2 -1    7   4   4   7   0   6   2   0   0  17   3   9   1   1  16   8  10   0   1   2  0.20 inf
   88 V    0 -4 -4 -5 -3 -4 -4 -4 -4  2  3 -3  1 -2  1 -3 -1 -4 -3  4    8   0   0   0   0   0   0   0   0   9  33   1   3   0   8   1   2   0   0  35  0.59 inf
   89 E   -2 -3 -3  3 -6 -1  7 -5 -3 -6 -3 -2 -5 -6 -4 -1 -4 -6 -5 -5    2   0   0  16   0   0  75   0   0   0   3   0   0   0   0   4   0   0   0   0  1.57 inf
   90 N   -2  0  2  1 -4  0  1  1 -1 -2 -2  2 -3 -2  2 -1  0 -3  1 -2    1   3  11   9   0   1  11  10   0   1   3  19   0   1  13   3   4   0   7   1  0.27 inf
   91 P   -2 -4 -4 -1 -5 -4  0 -3 -2 -4 -3 -3 -5 -3  8  0 -3 -6 -5 -5    2   0   0   4   0   0   5   1   1   1   2   1   0   1  73   8   1   0   0   0  1.88 inf
   92 I   -2 -3 -3 -3 -3 -3 -3 -4 -4  2  3 -3  4 -1 -4  2  0 -4 -3  2    0   0   0   1   0   0   0   0   0  13  35   0  14   1   0  17   6   0   0  12  0.50 inf
   93 D   -3 -2  0  3 -5  0  4 -3 -3  0 -4 -1 -3 -5  3  0  0 -1 -4 -2    0   1   4  17   0   3  34   1   0   8   0   1   0   0  16   6   5   1   0   3  0.57 inf
   94 I   -4 -5 -6 -6 -4 -5 -5 -6 -2  4  4 -5  0  4 -5 -5 -3 -3 -2  0    0   0   0   0   0   0   0   0   1  30  47   0   1  20   0   0   0   0   0   1  1.05 inf
   95 V   -2  1  1  1 -3 -1  0 -3 -1  3  0 -2  0 -2  0 -1  1 -3  1  1    1  11   7   7   0   1   8   1   1  22   6   0   1   1   4   3  11   0   5  11  0.13 inf
   96 I   -4 -6 -6 -6 -4 -5 -6 -6 -6  7 -1 -5 -2  0 -5 -5 -3 -5 -1  4    0   0   0   0   0   0   0   0   0  62   0   0   0   4   0   0   0   0   2  32  1.43 inf
   97 N   -2  2  2 -1 -4 -1 -1 -3 -2  1 -2  4 -1 -3 -3  0  2 -4  0 -1    0  11   9   2   0   0   2   0   0   9   2  38   1   0   0   4  12   0   4   5  0.44 inf
   98 V   -3 -6 -6 -6 -4 -5 -6 -6 -6  4 -2 -5 -2 -4 -5 -5 -3 -6 -4  7    0   0   0   0   0   0   0   0   0  18   0   0   0   0   0   0   0   0   0  82  1.71 inf
   99 I   -3 -4 -5 -5 -3 -4 -5 -5 -5  5  3 -4  3 -1 -4 -4 -2 -4 -3  2    0   0   0   0   0   0   0   0   0  50  35   0   8   0   0   0   0   0   0   7  0.87 inf

                      K         Lambda
Standard Ungapped    0.1420     0.3195
Standard Gapped      0.0546     0.2670
PSI Ungapped         0.1776     0.3117
PSI Gapped           0.0546     0.2670
