
Last position-specific scoring matrix computed, weighted observed percentages rounded down, information per position, and relative weight of gapless real matches to pseudocounts
           A  R  N  D  C  Q  E  G  H  I  L  K  M  F  P  S  T  W  Y  V   A   R   N   D   C   Q   E   G   H   I   L   K   M   F   P   S   T   W   Y   V
    1 K   -2  6 -1 -2 -5  4  2 -3 -1 -4 -4  1 -2 -4 -3 -2 -2 -4 -3 -4    0  58   0   0   0  28  11   0   0   0   0   3   0   0   0   0   0   0   0   0  1.00 inf
    2 R   -1  6  3 -1 -5  3 -1 -3  0 -5 -4  3 -3 -5 -3 -1 -2 -5 -3 -4    6  46  17   2   0  12   0   0   2   0   0  15   0   0   0   1   0   0   0   0  0.86 inf
    3 R   -2  6 -1  2 -5  0 -1 -4 -3 -5 -4  3 -4 -5  0 -1 -3 -5 -4 -5    3  55   2  13   0   3   1   0   0   0   1  15   0   0   5   3   0   0   0   0  1.00 inf
    4 I   -1 -1 -1 -3 -3  2 -2 -2 -3  3  1 -2  3  1 -4 -2 -1 -3 -1  3    3   3   3   1   0  12   0   3   0  18  11   2   9   7   0   1   1   0   1  24  0.25 inf
    5 G   -3 -5 -3 -4 -5 -4 -5  7 -5 -6 -5 -1 -5 -1  2 -1 -2 -5 -5 -6    0   0   0   0   0   0   0  75   0   0   1   4   0   3  12   3   2   0   0   0  1.52 inf
    6 Y   -4 -4 -2 -2 -5 -4 -5 -5 -4 -1  1 -5  4  7 -2 -4 -1  6  1 -2    1   1   3   3   0   0   0   0   0   3  13   0  12  43   2   0   4  10   4   1  1.05 inf
    7 G    0 -2 -4 -4 -5 -3 -5  7 -5 -6 -2 -1 -5 -6 -1 -1 -2 -6 -6 -5    7   2   0   0   0   1   0  73   0   0   5   4   0   0   3   3   3   0   0   0  1.41 inf
    8 N   -1  2  2  2 -5  1  1 -3 -2 -5 -5  3 -4 -4 -2  2  1 -6 -5 -4    4  11   9  10   0   7   9   2   1   0   1  17   0   1   1  17  10   0   0   0  0.48 inf
    9 R   -2  6  2 -4 -6  0 -4 -6 -3 -8 -7  5 -6 -8 -7 -3 -5 -8 -7 -7    3  46  10   1   0   4   1   0   1   0   0  32   0   0   0   2   0   0   0   0  1.64 inf
   10 P    1 -3 -4 -5  0 -4 -6 -6 -4 -4 -5 -4 -5 -3  4  0  6 -5 -3 -3   13   1   1   1   2   0   0   0   0   1   1   1   0   1  20   5  49   0   1   2  1.30 inf
   11 A    7 -8 -8 -8 -2 -7 -7 -1 -8 -6 -6 -7 -2 -8 -7 -5 -5 -9 -8 -1   88   0   0   0   1   0   0   4   0   0   0   0   1   0   0   0   0   0   0   5  2.33 inf
   12 V   -5 -8 -9 -9 -4 -8 -9 -9 -3  1  6 -8 -1 -4 -9 -8 -7 -7 -7  2    1   0   0   0   0   0   0   0   1   6  80   0   1   0   0   0   0   0   0  11  1.98 inf
   13 I   -5 -8 -8 -9 -4 -7 -8 -9 -8  4  5 -8 -1 -3 -8 -7 -4 -7 -6  4    1   0   0   0   0   0   0   0   0  23  48   0   1   1   0   0   1   0   0  26  1.54 inf
   14 H   -3 -7 -2 -8 -1 -7 -7 -6 -6  4  1 -7  0 -3 -7 -3 -3 -7 -5  6    2   0   2   0   1   0   0   0   0  22  13   0   2   1   0   2   2   0   0  51  1.37 inf
   15 I   -6 -8 -7 -8 -5 -4 -7 -7  2  7 -2 -8  2 -5 -8 -7 -5 -3 -6  4    0   0   0   0   0   1   0   0   5  55   4   0   4   0   0   0   0   1   0  29  1.87 inf
   16 D   -9 -8 -4  9-10 -7 -2 -7 -1-10-11 -7-10-10 -8 -7 -8-11-10-10    0   0   1  95   0   0   2   0   2   0   0   0   0   0   0   0   0   0   0   0  3.31 inf
   17 L   -6 -7 -8 -9 -2 -7 -8 -9 -5  0  2 -7  9  3 -3 -7 -6 -1  1  2    0   0   0   0   1   0   0   0   0   5  19   0  45   9   2   0   0   1   4  13  1.76 inf
   18 A   -4 -6 -5 -7 -2  9 -4 -8 -2  0 -2 -5 -3 -7 -8 -4 -2 -8 -2 -2    2   0   0   0   1  76   1   0   1   6   4   0   1   0   0   1   2   0   1   3  2.37 inf
   19 N   -4  3  7 -3 -4  0 -1 -4  0 -5 -5  2 -5 -7 -4 -3 -2 -4 -1 -2    1  17  46   1   0   4   4   1   2   1   1  10   0   0   1   1   3   0   3   3  1.22 inf
   20 A    1 -5 -2  6 -4 -5  1  3 -2 -6 -5 -5 -5 -5 -4 -2 -1 -7  2 -4   12   0   2  39   0   0   7  21   1   0   1   0   0   0   1   2   4   0   8   2  1.00 inf
   21 W   -6 -8 -6 -6 -3 -6 -7 -7  0  2 -3 -8 -2  8 -8 -6 -5  1  5 -1    0   0   1   0   1   0   0   0   2  10   2   0   1  59   0   0   1   2  16   4  2.10 inf
   22 T    1 -3 -5 -2  5 -3 -4 -5 -6  1  1 -5  1  1 -5 -4  2  1 -2  3   11   1   0   3  13   1   1   1   0   8  15   0   3   6   0   0  12   2   1  22  0.56 inf
   23 Q    0  0  0  4 -3 -2  2  0  4 -4 -2 -1 -3 -2 -3  2 -1 -4 -2 -4    8   6   3  20   0   1  11   7  10   1   4   3   1   2   1  14   4   0   1   1  0.37 inf
   24 P   -2  0 -3  1 -5 -2  2 -1 -3 -3 -3  0 -2 -3  6 -1 -2 -3 -4 -2    4   5   1   7   0   2  12   5   1   2   3   6   1   1  40   4   2   0   1   3  0.82 inf
   25 G    0 -1  0  3 -4 -1  0  4 -1 -3 -4 -1 -3 -2 -3 -1 -2  1 -2 -3    9   4   5  15   0   2   7  34   1   2   2   3   1   2   1   4   3   2   1   2  0.50 inf
   26 H    1 -2 -2 -2  1 -3 -1  5  0 -4 -2 -3 -2 -1 -3  0 -1 -5  1 -3   11   2   2   2   3   1   4  44   2   1   4   1   1   2   2   8   3   0   4   2  0.65 inf
   27 P    1 -1 -4 -1 -4 -2 -1 -4 -3 -4 -3  1 -4  1  5  0 -3  2  2 -1   13   4   1   3   0   1   4   1   1   1   3   8   0   7  32   6   1   2   8   5  0.63 inf
   28 F   -1 -2 -2 -2 -1 -3 -3 -1  0  1  3 -2  2  3 -2 -2 -1  1  0  0    6   2   1   2   1   1   1   6   2   6  31   2   5  12   2   3   4   2   3   6  0.27 inf
   29 S    1  0 -1  1  0 -2  1  1  1 -2 -1 -2 -2  0  0  0  0 -1  3 -2   14   5   3   7   2   1   9  12   4   1   5   1   1   3   6   7   6   1  10   2  0.14 inf
   30 C    1 -1 -2 -1  2  0 -1 -1  0  0  1 -1 -1  0 -1  0 -1 -3 -1  2   16   3   2   3   6   3   4   5   2   6  12   4   1   3   3   6   3   0   2  14  0.07 inf
   31 P    1  1 -3  1 -4 -1  1  0 -1 -2 -1 -1  0 -3  5 -1 -2 -2 -2 -3   12   7   1   8   0   3   9   8   1   2   5   4   2   1  26   4   2   1   2   1  0.42 inf
   32 G    0  0  1  1 -4  0  0  4  0 -4 -2 -1 -1 -4 -1  0 -1 -5 -3 -2    7   5   6   8   0   4   6  35   3   1   4   3   2   1   3   6   3   0   1   3  0.40 inf
   33 M    3 -2 -1 -1 -1 -3 -2  1 -2  1  0 -3  0  0 -2  0 -1 -4  1  1   24   2   3   3   1   1   3  11   1   7   7   1   2   4   2   6   4   0   6  13  0.18 inf
   34 E    1  2  0  3 -5  1  3 -1 -2 -4 -4  0 -1 -5  1 -1 -1 -1 -3 -2   11  13   4  15   0   7  18   4   1   1   2   6   2   0   8   3   3   1   1   3  0.36 inf
   35 T    2  1  0  1 -4  1  2 -1 -2 -3 -4  0 -2 -4  1  0  1 -5 -4 -1   20   7   5   8   0   6  14   5   1   1   1   5   1   1   6   7   8   0   0   5  0.25 inf
   36 I    3 -3 -4 -5  0 -2 -5 -4 -5  3  0 -5  1 -3 -2 -3  0 -6 -2  4   23   1   1   1   2   2   0   1   0  18   8   0   4   1   2   1   6   0   1  28  0.64 inf
   37 I   -2 -5 -7 -7 -3 -6 -4 -6 -7  5  2 -5  0 -4 -1 -5 -4 -7 -4  5    4   1   0   0   1   0   2   0   0  34  19   0   2   0   3   1   1   0   0  32  1.15 inf
   38 P    3 -1 -2  0 -5 -1  2 -1 -3 -5 -5 -1 -3 -7  6 -1 -2 -7 -6 -4   20   4   2   5   0   3  14   4   1   0   1   4   1   0  34   4   2   0   0   1  0.84 inf
   39 N    2  2  6 -3 -3  0 -2 -3  3 -4 -6 -1 -5 -6  2 -1 -1 -7 -3 -2   15  11  32   1   0   4   2   2   6   1   0   3   0   0  11   3   4   0   1   4  0.73 inf
   40 V    2 -5 -2 -5  1 -3 -6 -5 -6  5  1 -5  2 -4 -6 -1  2 -6 -5  2   17   0   2   0   3   1   0   1   0  31  12   0   4   0   0   3  12   0   0  11  0.72 inf
   41 Q    3  3  2 -2 -5  3 -1 -2 -2 -2 -2  2 -4 -6 -4 -1 -1 -6 -5  0   25  13   9   1   0  12   3   2   1   2   4  10   0   0   0   4   4   0   0   8  0.41 inf
   42 R    1  5 -2 -1 -6  1  1 -2  0 -5 -5  3 -3 -6 -2 -1  0 -3 -5 -4   12  32   2   4   0   7   8   4   2   0   1  14   1   0   3   4   6   0   0   1  0.66 inf
   43 I    0 -6 -8 -8 -4 -7 -6 -8 -7  1  6 -7  0 -1 -7 -6 -2 -3 -3  2    9   0   0   0   0   0   0   0   0   6  64   0   2   2   0   0   2   0   1  12  1.31 inf
   44 N    0 -2 -5 -6 -2 -2 -5 -7 -3  3  4 -2  0 -3 -6 -3 -2 -6 -4  3    8   2   0   0   1   2   0   0   1  18  40   3   2   0   0   1   2   0   0  17  0.79 inf
   45 E    3  0  0  3 -4  1  3 -2 -2 -5 -5  0 -4 -6 -2 -1 -1 -7 -4 -4   25   5   4  18   0   5  20   3   1   0   1   5   0   0   2   4   4   0   0   1  0.56 inf
   46 A    4  2 -4 -3 -2 -1 -1 -1  1 -2 -1  0 -2  0 -4 -2 -1  1 -1 -1   40  10   0   1   1   2   4   4   4   2   6   6   1   5   0   2   4   2   2   4  0.45 inf
   47 A    6 -5 -7 -7  4 -7 -7 -4 -7 -5 -2 -7 -1  5 -7 -4 -5  1 -3 -2   53   0   0   0   8   0   0   1   0   0   3   0   2  23   0   1   0   2   1   3  1.48 inf
   48 R   -4  8 -5 -3 -9 -3 -3 -6  1 -9 -7  0 -5 -5 -7 -6 -6 -9 -6 -7    2  82   0   2   0   1   1   1   3   0   0   4   0   1   0   0   0   0   0   0  2.55 inf
   49 A    4  2 -1  1 -6  1  3 -2 -4 -6 -5  1 -5 -6 -3  0 -2 -7 -5 -5   34  10   2   6   0   7  17   3   0   0   1   9   0   0   1   5   2   0   0   0  0.64 inf
   50 K    4  2  1 -4 -2  1 -2 -2  2 -4 -1  2 -1 -5 -4  0 -2 -6 -3 -2   31  12   7   1   1   6   3   2   6   0   7  10   1   0   0   7   2   0   1   2  0.45 inf
   51 G   -3 -2  2  1 -7 -1 -2  6 -2 -8 -6 -1 -7 -8 -6 -2 -4 -8 -7 -7    2   2   9   6   0   3   2  65   1   0   1   4   0   0   0   3   1   0   0   0  1.51 inf
   52 V    0 -2 -5 -3 -2 -3 -5 -2 -2  4  2 -4  3 -1 -6 -3 -2  4 -1  3    7   2   0   2   1   1   0   4   1  21  17   1   8   3   0   2   2   6   2  21  0.58 inf
   53 P   -3 -1 -3 -5 -8 -2 -1 -7  0 -6  0 -3 -1 -1  7 -4 -1 -5 -2 -5    2   4   1   1   0   2   4   0   3   0   8   2   1   2  60   1   5   0   2   1  1.58 inf
   54 V   -6 -6 -6 -9 -5 -8 -8 -9 -9  4 -3 -8 -4 -7 -8 -8 -5 -9 -7  7    0   0   0   0   0   0   0   0   0  21   2   0   0   0   0   0   1   0   0  75  2.32 inf
   55 F   -1 -7 -8 -8 -2 -7 -8 -7 -7  6 -1 -7  0  4 -7 -5 -3 -6 -1  4    5   0   0   0   1   0   0   0   0  41   5   0   2  14   0   1   1   0   2  27  1.37 inf
   56 Y   -3 -7 -7 -8 -4 -6 -7 -7  8 -7 -1 -7 -2  5 -8 -5 -5  6  6 -5    2   0   0   0   0   0   0   0  34   0   6   0   1  18   0   1   1  11  25   1  2.10 inf
   57 T    0 -6 -5 -6  1 -5 -6 -4 -7  1 -2 -6 -1 -1 -5  0  5 -7 -6  5    7   0   0   0   2   0   0   1   0   7   4   0   1   2   1   5  35   0   0  33  1.06 inf
   58 T   -1  5  2 -4 -2  3 -3 -3  1 -2 -4  1 -1 -6 -2 -3  0 -2 -3  0    5  35  10   1   1  12   1   2   4   2   2   6   1   0   2   1   7   1   1   8  0.71 inf
   59 N   -2  0 -1  3 -4  0  1 -4  4  2 -2 -3 -1 -1 -4 -2  0 -1 -2  3    2   6   3  15   0   3  11   1  10  11   3   1   1   3   1   2   5   1   1  18  0.36 inf
   60 V    2  0  0 -2  1 -2  0  2 -1 -1 -2 -2 -2 -3 -1  0  0  3 -3  2   18   5   4   2   3   2   7  18   1   3   3   1   1   1   3   5   4   4   0  15  0.23 inf
   61 Y   -2 -3 -1 -4  0 -3 -3 -3  8 -3 -1 -4 -3  4 -3 -2 -2  4  5 -3    3   1   3   1   2   1   1   2  30   1   5   1   1  15   2   4   2   4  17   2  1.12 inf
   62 R    0  4 -1  1 -3  0  1 -1  1 -2 -1  0  0 -2  0  0  0 -2 -1 -2    7  24   3   8   0   5   7   4   3   2   8   4   2   2   5   7   5   1   2   3  0.21 inf
   63 N    1 -1  0  1 -4  0  1 -1  0 -3 -3  1 -3 -4  5  0 -1 -4 -3 -3   11   3   5   9   0   4  10   5   3   2   2   7   1   1  26   6   4   0   1   2  0.46 inf
   64 R   -1 -2  2  5 -4  1  1  1  0 -3 -3 -1 -2 -2  1 -1 -1 -2 -3 -3    6   2   8  28   0   5   8  11   2   1   3   3   1   2   7   4   4   1   1   1  0.41 inf
   65 D   -1 -2 -1  5 -4 -1 -1  1  2 -3  0 -2 -1  0 -2 -2 -2 -3  2 -3    5   2   3  30   0   3   4  12   5   2  11   3   1   3   2   3   3   0   8   1  0.42 inf
   66 A    1  0 -2 -1  0  0 -1  1  0 -1 -1 -1  0  0  3  1 -1  0  0 -1   14   5   1   4   2   3   3  10   2   3   5   2   2   4  12  13   2   2   4   5  0.13 inf
   67 S    0  1 -1  3 -3 -1  2  0 -1 -3 -2 -1 -2 -2  1  1  0  1 -2 -2    9   7   3  20   0   2  14   6   1   2   4   3   1   1   6   9   5   2   2   3  0.24 inf
   68 S    1  1  0  1 -1  0  0  0  0  0  0 -1  0  0  1  0 -1 -1 -1  0   11   8   3  11   2   3   5   7   3   4   9   3   2   5   5   5   3   1   1   8  0.03 inf
   69 G    0  1 -1  0 -1  0  0  2 -1 -2 -1  0 -1 -2  1  1  0  1 -1 -1    9   8   2   6   1   3   5  16   2   2   7   4   1   2   8  10   5   2   2   4  0.09 inf
   70 T    1  0 -1 -1 -1  0  0  1  0 -2  0  0 -1 -2  2  1  0  0  0 -1   11   5   2   3   1   3   5  11   3   2   9   6   2   2  11  11   5   2   3   3  0.10 inf
   71 N    0  2  1 -1 -1  1 -1  0  1 -2  0  0 -1 -1  1  0  0  0  0 -1    6  13   8   4   1   5   3   6   5   2   9   4   1   3   8   6   7   2   3   4  0.09 inf
   72 D   -2  1  2  4 -3  0  3 -1  1 -2 -3  1 -1 -3  0 -1 -2 -1 -2 -2    2   7   8  23   1   3  17   4   3   2   3   7   2   1   5   4   2   1   1   4  0.36 inf
   73 M    1  1 -2 -1 -2  0 -1  0  1 -1  1 -1  2  1 -1  0 -1  0  0 -1   14   7   1   3   0   4   2   8   3   3  13   2   7   7   3   8   3   2   4   4  0.07 inf
   74 G   -1  0  0  1 -4 -1  0  3  0 -3 -3  1 -2 -2  3  0 -2 -3 -3 -2    5   6   5   7   0   2   6  26   2   1   3   7   1   2  15   5   3   0   1   3  0.34 inf
   75 L    0  2 -1 -2 -2 -2 -1 -2 -1  3  1 -1  1  0 -1 -2 -1 -1 -1  0    8  12   4   2   0   2   4   3   2  22  13   3   3   5   4   2   3   1   2   6  0.17 inf
   76 W   -2 -2 -3 -3 -4 -2 -1  1 -3 -2 -1 -4 -1  4 -2 -1 -3  9  0 -3    4   3   1   2   0   2   5  10   1   2   7   1   1  18   2   5   2  30   2   2  1.14 inf
   77 Y    0  2  0  1 -2  0 -1  2  2 -1 -1  0 -1  0 -1  0 -1  1 -1 -1    6  11   3   7   1   3   3  20   5   3   7   5   1   4   3   7   4   2   1   4  0.12 inf
   78 S    0  2  0  1 -2  0  1  0  0 -1 -1  0 -1 -2  2  0  0  0 -2 -1    6  13   5   7   1   5   8   8   2   3   5   5   2   2  11   8   4   2   1   4  0.13 inf
   79 K    0  2 -1  0 -3 -1 -1  2  3 -2 -1  3 -2 -2 -1 -1  0 -2 -1 -1    7   9   2   4   0   3   2  16   8   3   5  19   1   1   3   4   5   1   2   5  0.22 inf
   80 I    1  0 -1 -1 -2 -1 -1 -1 -1  1  0 -1  0  0  2  0  0  1 -1  1   15   6   3   3   1   3   3   3   2   8  11   4   2   4  11   5   4   2   2  10  0.08 inf
   81 P   -1  0  0  0  0  0  0  0  1 -2 -2 -1  2 -2  5 -1 -2  1 -2 -1    4   5   5   6   2   4   5   8   3   2   4   4   6   2  27   4   2   2   1   4  0.37 inf
   82 T    1  0 -1 -1 -2 -2 -1  3 -1 -2 -1 -1  0 -3  1  0 -1 -2 -1 -1   11   6   3   3   1   1   5  26   2   2   6   3   3   1   8   7   4   1   2   4  0.22 inf
   83 E   -1  3  0  0 -3  1  1  0  2 -1 -1  2  1 -2 -1  0 -1 -3 -2 -2    5  15   4   6   0   7   9   9   5   3   6  11   4   1   3   6   2   0   1   2  0.17 inf
   84 T    1 -2  0 -1  1 -1 -1  0  3  1  1 -2 -1 -1  0  0  0 -2 -1  0   11   2   4   3   3   2   2   7  10   8  14   2   1   2   4   7   7   0   2   8  0.08 inf
   85 L   -1 -3 -2 -3  4 -3 -3 -3 -4  0  4 -3  3  3 -3 -3 -2 -4 -1  1    4   1   3   2  10   1   2   2   0   5  34   2   6  13   2   1   2   0   2   8  0.52 inf
   86 P    0  1 -2  0 -1  0  0 -3  0  1  0  0  0 -2  2 -2  0 -2 -2  2    8   7   1   5   1   3   7   1   2  10   8   5   2   1   9   2   7   0   1  19  0.14 inf
   87 A    1  2 -2  0 -2  0  3 -2  2 -2 -2  1 -3 -2  2 -2 -2 -3 -2 -2   14  12   1   5   1   4  18   3   4   3   5   9   1   1  10   2   2   0   1   3  0.27 inf
   88 D   -3 -3  2  3 -6 -4 -2  6  0 -5 -5 -4 -6 -4 -4 -2 -3 -6 -4 -6    2   2   8  15   0   1   2  57   2   1   1   1   0   1   1   3   2   0   1   1  1.28 inf
   89 S   -1 -3 -1  1 -3 -1  2  0  1 -5 -4 -2 -2 -5 -1  4  4 -5 -5 -4    5   1   2   8   0   3  11   8   3   0   1   2   1   0   3  27  23   0   0   1  0.58 inf
   90 Y   -1  0 -2  0 -6 -3  2 -3  2 -5 -4  0 -5 -3  5 -3 -3  8 -1 -2    6   5   2   5   0   1  12   2   5   1   2   5   0   1  26   2   1  19   2   3  0.97 inf
   91 W    0 -3 -2  0 -3 -3  0  5  0 -5 -2 -4 -4 -3 -4 -1 -2  6 -3 -6    8   2   2   6   1   1   7  46   2   1   5   1   0   1   1   5   2   9   1   0  0.91 inf
   92 A    4 -2 -2 -3 -1 -2 -3 -1  3 -4 -3 -4 -3 -2 -4  1  2  5  0  0   34   2   2   2   2   2   1   5   7   1   2   1   0   2   1  10  12   6   3   6  0.56 inf
   93 Q    3  0 -3  3 -5  3  5 -4 -2 -7 -5 -1 -6 -7 -3 -3 -4 -7 -5 -4   20   4   1  14   0  12  37   1   1   0   1   4   0   0   2   1   1   0   0   1  0.98 inf
   94 I   -5 -7 -6 -8 -6 -7 -6 -7 -5  6  2 -7  0  4 -3 -7 -3  1 -1  2    1   0   0   0   0   0   0   0   0  42  19   0   2  16   2   0   2   2   2  11  1.28 inf
   95 D   -1 -4 -4  1  0 -4 -4 -6  4  3 -1 -3 -1 -2 -1 -4 -2 -1  1  4    4   1   1   9   2   1   1   0  11  17   5   1   2   1   4   1   2   1   5  32  0.67 inf
   96 D    1 -3 -4  5 -7 -2  2 -3 -4 -7 -7 -1 -6 -7  5 -1 -3 -7 -5 -4   11   1   0  26   0   1  14   2   0   0   0   4   0   0  30   5   2   0   0   1  1.03 inf
   97 R    1  1 -3  1 -3  0  5  1 -5 -5 -4 -1 -3 -4  1 -2 -2 -5 -6 -4   11   9   1   8   1   4  38  10   0   1   2   2   1   1   6   3   2   0   0   1  0.67 inf
   98 I   -3 -7 -8 -8 -2 -7 -7 -8 -7  2  6 -7  1 -1 -7 -6 -4 -4 -5  2    2   0   0   0   1   0   0   0   0   9  65   0   3   3   0   0   1   0   0  14  1.48 inf
   99 A    4  0 -2  1 -5  1  2 -1 -2 -5 -3  1 -3 -3 -3 -1  1 -5  0 -1   30   4   2   6   0   7  12   5   1   0   2   8   0   1   1   3   8   0   3   5  0.36 inf
  100 P   -3  0 -5 -3 -8 -3 -5 -5 -5 -1 -5 -3 -5 -5  8 -5 -5 -8 -6  0    2   4   1   2   0   2   1   1   0   4   1   2   0   1  69   1   1   0   0   7  2.03 inf
  101 A    1  3 -2  0 -4  3  1 -2  0 -2  1  0 -1 -4 -2 -1 -2 -2 -3  0   13  15   1   6   0  15   8   3   2   2  14   5   1   0   2   3   2   0   1   5  0.23 inf
  102 D    1 -4 -4  3 -7 -2  3 -2 -3 -6 -5  0 -6 -6  6 -1 -2 -8 -6 -4   13   1   1  14   0   1  17   3   0   0   1   5   0   0  34   4   2   0   0   1  0.95 inf
  103 G   -1 -3  1  3 -5  0  1  5 -1 -6 -7 -2 -6 -5 -6  0 -1 -7 -3 -6    4   1   6  15   0   4   8  43   2   0   0   3   0   0   0   7   5   0   1   0  0.85 inf
  104 E   -4 -5 -4  7 -9 -4  6 -7 -1 -9 -9 -5 -8 -9 -7 -3 -6 -9 -8 -5    1   1   1  47   0   0  44   0   1   0   0   0   0   0   0   2   0   0   0   1  2.04 inf
  105 V   -1 -2 -5 -5 -5 -3 -4 -6  2  4  1 -4 -1  0  2 -4  0 -1  3  2    5   2   0   0   0   1   1   0   6  22  13   1   1   4  11   1   7   1  11  12  0.51 inf
  106 V   -4 -1 -7 -8 -4 -3 -3 -8 -1  3 -1 -3 -2  0 -7 -5 -1 -2 -4  6    1   4   0   0   0   2   2   0   1  14   6   2   1   4   0   1   4   1   1  57  1.25 inf
  107 I   -4 -8 -8 -7 -6 -7 -8 -8 -8  5  2 -7 -1  1 -8 -5 -5 -7 -3  5    1   0   0   0   0   0   0   0   0  34  18   0   1   5   0   1   0   0   1  38  1.44 inf
  108 E   -2  0  0  2 -2 -1  2 -4  1  0 -2 -1 -3 -3  1 -1  3 -3 -2  1    2   5   4  14   1   2  11   1   3   4   4   3   0   1   6   3  18   0   1  13  0.24 inf
  109 K   -7 -3 -7 -7-10 -5 -3 -8 -1-10 -9  9 -8-10 -8 -7 -7-10 -9 -9    0   1   0   0   0   0   1   0   1   0   0  95   0   0   0   0   0   0   0   0  3.12 inf
  110 N   -2  3  1 -2 -6  1 -3 -4  5 -5 -4  1 -2 -4  3 -2  2  3 -1 -3    3  18   6   2   0   5   1   1  12   0   1   8   1   1  15   3  12   4   2   2  0.56 inf
  111 R   -2  6 -3 -6 -2  0 -4  1 -1 -6 -5 -1 -1 -2 -6 -1  2  1  2 -3    3  40   1   0   1   4   0  12   2   0   1   4   2   2   0   4  12   2   7   2  0.84 inf
  112 A    0 -3 -2 -2 -4 -4 -6 -6  1 -1 -3  0  1  2  2 -2 -4  5  6  0    8   1   2   3   0   0   0   0   4   3   3   7   4   8  11   3   0   8  29   6  0.81 inf
  113 S   -5 -7  0  1 -3 -6 -6  3 -7 -9 -9 -6 -8 -9 -7  7 -4 -9 -8 -8    0   0   4   9   1   0   0  18   0   0   0   0   0   0   0  68   0   0   0   0  1.89 inf
  114 A    6 -7 -5 -7  1 -6 -6  3 -7 -2 -6 -6 -4 -8 -1  0 -4 -8 -7 -1   61   0   1   0   3   0   0  18   0   2   0   0   1   0   3   7   1   0   0   4  1.42 inf
  115 F   -9-10-10-11 -9-10-10-10 -8 -7 -3-10 -3 10-11 -7 -7 -1 -3 -8    0   0   0   0   0   0   0   0   0   0   2   0   1  95   0   0   0   1   0   0  3.69 inf
  116 P    1 -2 -2 -4 -1 -1 -2 -4  3 -1 -2 -4 -1  5 -4 -2  0  2  5 -1   11   2   2   1   1   3   3   1   7   4   3   0   1  22   1   3   7   2  21   4  0.67 inf
  117 G    1  0  2  0 -7 -1  0  5  0 -7 -7 -1 -4 -3 -4  0 -4 -7 -3 -7   11   6   9   5   0   3   6  45   2   0   0   3   0   1   1   7   1   0   1   0  0.86 inf
  118 T   -4 -8 -4 -6 -7 -7 -6 -7 -8 -7 -8 -7 -7 -9 -5  1  8 -9 -8 -7    1   0   1   0   0   0   0   0   0   0   0   0   0   0   1   9  87   0   0   0  2.72 inf
  119 N   -2 -2  3  5 -7  0  1  0  1 -5 -7 -3 -3 -7  2  0 -2 -8 -4 -7    4   3  15  33   0   3   9   8   3   1   0   1   1   0  11   5   2   0   1   0  0.83 inf
  120 L   -6 -8 -9-10 -4 -8 -9-10 -9 -1  7 -8 -1  1 -9 -8 -5 -7 -3 -3    0   0   0   0   0   0   0   0   0   2  88   0   1   5   0   0   1   0   1   1  2.23 inf
  121 E    1 -2 -2  6 -7  0  4 -3  2 -6 -3 -3 -3 -8 -5 -2 -3 -8 -7 -6   13   3   1  38   0   4  26   2   4   0   4   1   1   0   0   2   1   0   0   0  1.07 inf
  122 L    1 -2 -2  1 -4  1  1 -1 -1 -1  1 -1  1 -1 -1  1  0 -1  1 -1   11   2   1   7   0   6  11   4   1   3  17   2   3   3   2  13   5   1   5   3  0.10 inf
  123 F   -3  1 -5 -5 -3  2 -1 -6  1  3  2 -3  2 -2 -6 -4  0  4  1  2    2   9   0   0   0   9   4   0   4  15  20   1   5   2   0   0   5   5   5  15  0.48 inf
  124 L   -8 -9-10-10 -8 -8 -9-10 -9 -4  7 -9 -1 -2 -9 -9 -7 -8 -6 -4    0   0   0   0   0   0   0   0   0   0  96   0   1   1   0   0   0   0   0   1  2.60 inf
  125 T    0  7  0 -3 -4  1 -2 -4  2 -4 -6  3 -4 -6 -7 -3 -1 -4 -6 -2    7  50   4   2   0   5   2   1   4   1   1  13   0   0   0   2   4   0   0   3  1.19 inf
  126 S    3  2  2  0 -2  1  2  0 -1 -4 -3  0 -1 -3 -4  1 -1 -1 -3 -2   21  12  11   4   1   6  12   6   1   1   2   4   1   1   0   9   4   1   1   2  0.31 inf
  127 N    0  4  0 -5 -4  1 -2 -3  2 -3  3  1  1 -3 -6 -2 -3  0 -1 -3    9  23   5   0   0   6   3   2   5   1  25   8   4   1   0   3   1   1   2   1  0.48 inf
  128 R   -4  0  0 -1 -6 -1 -4  7 -1 -9 -8 -1 -6 -9 -8 -4 -7 -8 -8 -9    1   6   5   4   0   3   1  73   2   0   0   4   0   0   0   1   0   0   0   0  1.85 inf
  129 I   -2  1 -6 -8 -2 -7 -8 -8 -3  6 -4 -4 -3 -6 -8 -6 -2 -5 -5  5    4   7   0   0   1   0   0   0   1  46   1   1   0   0   0   0   2   0   0  36  1.62 inf
  130 D   -5  1  0  6 -6  0  2 -2 -3 -7 -7  2 -7 -8 -5 -3  3 -8 -7 -7    1   8   3  40   0   4  12   3   1   0   0  10   0   0   0   2  15   0   0   0  1.09 inf
  131 T   -4  1  2 -1 -5  3  0 -4  5 -5 -6 -3 -4 -7 -6  0  6 -1 -4 -6    1   6   8   4   0  11   6   1  11   1   0   1   0   0   0   5  42   1   0   0  1.07 inf
  132 L   -5 -8 -9 -9 -6 -8 -8 -9 -8  3  5 -8 -1 -5 -8 -7 -5 -7 -6  4    0   0   0   0   0   0   0   0   0  14  55   0   1   0   0   0   1   0   0  29  1.66 inf
  133 I   -2 -7 -8 -8 -6 -7 -8 -7 -2  6  1 -7 -1  0 -8 -7 -3 -2  0  5    4   0   0   0   0   0   0   0   1  35  11   0   1   3   0   0   2   1   3  39  1.38 inf
  134 V   -4 -7 -5 -8 -1 -7 -6 -8 -5  4  3 -7 -1  2 -8 -7 -4 -7 -4  5    1   0   1   0   1   0   0   0   0  22  30   0   1   9   0   0   1   0   0  33  1.26 inf
  135 T    3 -7 -5 -6  7 -6 -7 -1 -7 -1 -5 -6 -1 -4 -7 -1  5 -8 -6  1   23   0   0   0  21   0   0   5   0   3   0   0   1   1   0   3  31   0   0  10  1.26 inf
  136 G   -6 -9 -7 -8 -9 -9 -9  8 -9-11-11 -8-10-10 -9 -7 -8 -9-10-10    0   0   0   0   0   0   0 100   0   0   0   0   0   0   0   0   0   0   0   0  3.22 inf
  137 A   -1 -6 -5 -7  3 -2 -6 -2 -7  4  1 -6 -1  0 -7 -5  1 -4 -4  5    6   0   1   0   6   2   0   3   0  19  13   0   1   3   0   0   8   0   0  36  0.87 inf
  138 T    2 -4  0 -3 -2  0 -4 -5 -1 -1 -1 -3  3 -1 -4  1  3  1  1  1   15   1   5   1   1   5   0   0   2   2   7   1   8   2   0  12  19   2   6  11  0.38 inf
  139 A    1 -7 -6 -7 -7 -7 -7 -4 -8 -5 -6 -7 -7 -6 -7 -1  8 -9 -2 -4   11   0   0   0   0   0   0   1   0   1   1   0   0   0   0   4  79   0   2   1  2.29 inf
  140 A   -5 -6  5  3 -2 -3  2 -4  6 -8 -8 -5 -7 -6  0  3 -4 -8 -6 -8    1   0  24  17   1   1  11   1  19   0   0   0   0   0   5  19   1   0   0   0  1.23 inf
  141 G   -1 -4  1 -5  3  1 -4  3 -2  3 -1 -5  2 -3 -6 -3 -2 -2  0  3    6   0   7   0   6   8   0  19   1  18   4   0   6   1   0   1   2   1   3  17  0.49 inf
  142 C   -3 -8 -9-10 11 -9 -7  1-10 -6 -8 -9 -5 -9 -9 -3 -6 -9 -9 -1    3   0   0   0  77   0   0  12   0   0   0   0   0   0   0   2   0   0   0   5  3.48 inf
  143 V   -6 -9 -9 -7  4 -8 -9 -9 -9  3 -3 -8 -4 -7 -4 -8 -5 -9 -6  7    0   0   0   0   8   0   0   0   0  14   1   0   0   0   1   0   0   0   0  75  2.27 inf
  144 R   -1  4 -3  1 -7  1  4 -5  2 -5  2 -3  0 -4 -6 -1 -3 -6 -3 -5    4  22   1   6   0   5  23   1   5   0  21   1   2   1   0   5   2   0   1   0  0.66 inf
  145 H    3 -5 -3 -5 -2 -1 -5 -1  4 -6 -5 -5  1 -1 -6  4  3 -6  0 -5   25   0   1   0   1   3   0   4   9   0   1   0   3   3   0  28  18   0   3   0  0.85 inf
  146 T   -1 -8 -5 -7 -2 -7 -7 -8 -8 -6 -7 -7 -5 -9 -7  2  8 -9 -8 -7    5   0   0   0   1   0   0   0   0   0   0   0   0   0   0  12  81   0   0   0  2.47 inf
  147 V    5 -7 -7 -7  1 -6 -6 -4 -7  0  0 -6  3 -4 -6 -3 -2 -7 -6  4   44   0   0   0   2   0   0   1   0   4   9   0   7   1   0   2   3   0   0  28  1.16 inf
  148 E   -2  6 -2 -6  1 -3 -3 -3 -3 -1  0 -2 -1  1 -7 -4 -2 -4 -1  2    4  48   2   0   3   1   2   2   1   4   8   2   2   5   0   1   3   0   2  12  0.97 inf
  149 D   -2 -6 -2  7 -8  0  3 -3 -1 -6 -7 -5 -2 -3 -7  1 -2 -8 -4 -6    4   0   1  53   0   4  17   3   1   0   0   0   1   1   0   9   2   0   1   1  1.41 inf
  150 A    7 -8 -7 -8 -4 -7 -7  1 -8 -7 -2 -7 -7 -8 -7 -1 -5 -9 -8 -6   81   0   0   0   0   0   0  10   0   0   5   0   0   0   0   3   0   0   0   0  2.08 inf
  151 I    1 -1  2 -5  1 -3 -4 -2  3 -1  0 -4  2  5 -6 -1 -2  2  3  0   14   3   9   0   3   1   0   3   6   3   7   0   5  22   0   4   2   2   9   6  0.50 inf
  152 A   -1 -4  2  4 -2  3  1 -3  0 -2 -3 -3  3  1 -3  0 -3 -6 -2 -2    6   0   9  27   1  11   9   2   3   2   3   1   7   5   1   7   1   0   2   4  0.50 inf
  153 K   -2  6 -1 -5 -5 -2 -3 -7  4 -5  3  0 -1 -2 -7 -3 -5 -6  2 -5    3  37   3   1   0   1   2   0  10   0  28   4   1   1   0   2   0   0   7   0  1.05 inf
  154 G   -5 -4  1  5 -8 -5 -2  6 -1 -9 -8 -7 -8 -7 -7 -3 -6 -1 -6 -9    0   1   6  26   0   0   3  58   1   0   0   0   0   0   0   2   0   1   0   0  1.75 inf
  155 F   -8 -8 -9-10 -9 -8 -9-10 -5  0 -2 -9 -4  6-10 -8 -8 -5  9 -4    0   0   0   0   0   0   0   0   0   6   4   0   1  32   0   0   0   0  56   1  2.69 inf
  156 R   -2  4  1  2 -7  2  2 -2  3 -5 -4  1 -4 -1 -3 -2 -3 -3 -2 -4    4  25   7  10   0  10  13   3   6   0   1   9   0   3   1   2   1   0   2   1  0.57 inf
  157 P   -2 -7 -7 -7  5 -3 -7 -3 -7  1 -1 -6 -1 -4  2 -4  2 -7 -6  5    3   0   0   0  11   1   0   2   0   7   7   0   1   1  11   1  13   0   0  41  1.05 inf
  158 I   -3 -3 -5 -5 -1 -4 -4 -7 -4  4  1 -4 -1  2 -6 -5  3  0  0  4    2   1   0   0   1   1   1   0   0  26  12   1   1   8   0   0  18   1   3  23  0.81 inf
  159 I   -2 -7 -7 -8 -1 -5 -7 -8 -8  2  2 -7  2  1 -6 -6 -1 -7 -6  6    3   0   0   0   1   0   0   0   0  11  20   0   4   6   0   0   3   0   0  51  1.31 inf
  160 P    2 -7 -7 -6 -4 -6 -6 -5 -1  2  2 -6 -3 -5  3 -3 -4 -7 -6  5   15   0   0   0   0   0   0   1   1  10  21   0   0   0  15   2   0   0   0  35  0.97 inf
  161 R    2  1 -3 -1 -6 -1  4 -3  0 -2 -5  1 -4 -6 -4  2  1 -7 -5 -2   16   9   1   3   0   2  30   2   2   2   0   7   0   0   1  14   8   0   0   3  0.57 inf
  162 E   -7 -8 -1  8-10 -4  1 -6 -7-10-10 -7 -9-10 -6 -5 -7-10 -9 -9    0   0   2  86   0   1   9   1   0   0   0   0   0   0   0   1   0   0   0   0  2.82 inf
  163 T    6 -8 -7 -6  8 -7 -7  1 -8 -6 -4 -7 -5 -8 -7 -4 -3 -8 -8 -4   61   0   0   0  25   0   0   9   0   0   2   0   0   0   0   1   2   0   0   1  2.01 inf
  164 I   -3 -8 -4 -8  8 -6 -7 -7 -8  1 -2 -7  1 -5 -7 -3  4 -8 -7  4    2   0   1   0  33   0   0   0   0   7   4   0   4   0   0   2  21   0   0  26  1.61 inf
  165 G    5 -3 -4 -2 -1 -3 -3  2 -1 -4 -4 -3 -2 -1 -6  1 -1  1 -3 -3   47   1   1   2   1   1   2  17   1   1   1   1   1   3   0  11   4   2   1   1  0.83 inf
  166 D    4 -5 -4  5 -1 -2 -3 -1 -1 -7 -7 -5 -6 -7 -5  2  3 -8 -4 -5   28   0   0  31   1   2   1   5   2   0   0   0   0   0   0  14  14   0   0   1  1.00 inf
  167 R    1  3 -2 -3 -3 -1 -3 -2 -1  0 -1 -1  0  3 -1 -1  1 -2  3 -1   10  20   1   1   1   2   1   3   1   6   6   4   3  13   3   5   8   0   9   3  0.27 inf
  168 V    0 -3  2  3 -2 -4 -1 -1  3 -3 -4 -3 -4  0 -3  3  2 -3 -4 -2    8   1   9  18   1   0   4   4   6   2   1   1   0   4   1  24  12   0   0   3  0.48 inf
  169 P    1  1 -4  1 -6  1  3 -4 -2 -2 -2  0 -1 -6  5 -2 -2 -7 -3 -3   13   6   0   8   0   6  17   1   1   2   4   5   1   0  27   2   2   0   1   2  0.63 inf
  170 G    1 -1 -3  3 -6  1  5  0 -2 -4 -5 -2 -3 -2 -3  0 -1 -1 -3 -3   10   3   1  16   0   5  36   8   1   1   1   2   1   2   1   6   3   1   1   2  0.65 inf
  171 V    1 -1 -1  1 -3  0  1 -3  0  0  1 -2  1  1  0 -1 -1  0  1  1   11   3   3   8   0   3   9   1   3   6  13   1   5   6   5   4   2   2   5  10  0.07 inf
  172 V   -1 -4 -3 -6  0  3 -3 -6 10 -5 -7 -1 -2 -7 -8 -6 -7 -8  0 -4    5   1   1   0   2  10   2   0  67   1   1   3   1   0   0   0   0   0   3   2  2.65 inf
  173 Q    1  3 -1  3 -5  2  4 -4  0 -5 -1  0 -2 -1 -5 -3 -2 -6 -2 -3   12  15   3  13   0   9  25   1   2   0   6   4   1   3   0   1   2   0   1   2  0.52 inf
  174 W    5 -3  0 -3 -3 -1 -4 -2  0 -2 -3 -3  3  1 -3  0 -1  2  0  0   43   1   4   1   0   3   0   2   2   2   2   1   7   6   1   7   4   3   4   7  0.59 inf
  175 N    4 -5  3 -5 -3 -5 -1 -1 -3 -3 -2 -4 -5 -2 -5  3  2 -5 -4 -3   37   0  13   0   0   0   3   4   1   1   5   1   0   2   0  19  12   0   0   2  0.76 inf
  176 L   -6 -6 -8 -7 -1 -7 -8 -9 -8  3  6 -6  3 -3 -8 -7 -3 -7 -5  0    0   0   0   0   1   0   0   0   0  13  70   0   5   1   0   0   1   0   0   6  1.68 inf
  177 Y    1  2  1  0 -4 -1  2 -3  1 -3 -2  1 -2  3 -5 -1  1 -1  1 -4   11  13   5   6   0   2  15   1   3   1   3   9   1  11   0   3   7   1   5   1  0.30 inf
  178 D   -1 -1  3  4 -2  0  0 -4  2 -1 -3 -1  4 -1 -4  0 -2  0  2 -2    5   4  12  20   1   4   5   1   5   4   2   4  11   3   0   6   2   1   8   3  0.38 inf
  179 I   -1 -7 -7 -6 -4 -6 -7 -8 -7  5  3 -7  7 -1 -7 -5 -3 -2 -3  2    5   0   0   0   0   0   0   0   0  28  23   0  23   2   0   0   2   1   1  13  1.25 inf
  180 D    1  1  1  1 -4  1  1 -2  1 -3 -2  2 -1  2 -2  0 -1 -2 -2 -3   15   9   7   8   0   5  10   3   3   1   5  12   2   9   2   5   2   0   1   1  0.19 inf
  181 N    1  1  1  0 -2  1 -2  0  0 -2 -1  0  2 -1  2  0  0  1 -1 -3   14   9   8   5   1   6   2   8   2   1   5   4   6   2   9   7   5   2   2   1  0.14 inf
  182 K   -2  3  0 -3  0  2 -1 -1  0  1  0  3 -1  0 -4 -3 -1 -4  0 -1    2  19   5   1   3   8   3   5   2  10   8  15   1   4   0   1   3   0   4   5  0.28 inf
  183 F   -3 -4 -5 -6  2 -2 -6  1 -2  0 -1 -6  1  6 -6 -3 -3  0  6 -2    2   1   0   0   5   2   0  12   1   4   6   0   3  30   0   3   1   1  23   3  1.04 inf
  184 G    5 -6 -5 -6  3 -5 -6  5 -7 -4 -6 -5 -5 -6 -5 -2 -3 -7 -4 -1   38   0   0   0   6   0   0  42   0   1   1   1   0   0   0   3   1   0   1   5  1.34 inf
  185 D    1  2 -1  3 -5 -1  2 -3  0  0 -3  0 -2 -1 -4 -2  0  4 -1  0   12  11   2  20   0   1  13   1   2   5   2   5   1   3   0   1   6   5   2   6  0.32 inf
  186 V   -3 -5 -7 -7  0 -5 -5 -8 -5  3 -1 -6 -2 -3 -3 -5  0 -8 -6  7    2   1   0   0   2   1   1   0   0  15   5   0   1   1   2   1   6   0   0  63  1.54 inf
  187 E    0  0 -4 -4  1 -3 -2  0 -3  1  1 -2  4 -3 -3  0  1 -2 -2  3    8   6   0   1   2   0   3   6   0   8  13   2  10   0   1   9  10   0   1  19  0.27 inf
  188 S   -1 -1  0  3 -3 -3 -1 -2 -3 -6 -5 -1 -3 -7  1  3  4  1 -6 -5    4   3   4  16   1   1   4   3   1   0   1   3   1   0   7  23  28   2   0   0  0.74 inf
  189 T    0 -2 -3 -5  1 -5 -3 -5 -3 -2  0 -3 -2 -5 -6  3  5 -4 -6  2    8   2   1   0   3   0   2   1   1   1  10   1   1   0   0  18  36   0   0  16  0.79 inf
  190 D    3 -2 -2  4 -5  2  3 -2 -2 -7 -6 -1 -6 -5 -3  0 -2 -7 -5 -5   24   2   1  26   0   8  19   3   1   0   1   4   0   0   1   6   3   0   0   0  0.77 inf
  191 S    1 -1 -2  4 -7  2  5 -4 -1 -7 -6 -2 -3 -8 -3 -1  0 -8 -7 -4   10   3   1  21   0   8  38   1   1   0   0   2   1   0   1   4   5   0   0   1  0.95 inf
  192 V    1 -5 -5 -6 -1 -5 -6 -4 -6  4  2 -6 -1  1 -6 -3 -1  3 -2  4   10   0   0   0   1   0   0   1   0  20  21   0   1   6   0   1   3   4   1  28  0.75 inf
  193 V   -1 -2 -4 -2  0 -2 -2 -5 -4  3  4 -3  0 -2 -5 -3 -1 -5 -4  2    5   2   1   2   2   2   4   1   0  18  39   1   2   1   0   2   3   0   0  13  0.61 inf
  194 Q    4 -1  0  2 -1  1  2  0 -1 -5 -5  1 -4 -6 -2  0  0 -6 -5 -4   31   3   4  11   1   6  13   6   2   0   0   9   0   0   1   7   5   0   0   0  0.49 inf
  195 Y    4  0 -3 -3 -2  0 -1 -1 -1 -2 -1 -1  0  1 -4 -2  0  3  3 -1   32   6   1   1   1   5   4   4   1   2   6   3   3   5   0   2   5   4   9   4  0.32 inf
  196 L   -6 -5 -8 -8 -5 -5 -7 -7 -7  2  6 -7  2  1 -7 -7 -3 -1 -5 -1    0   1   0   0   0   0   0   0   0  11  70   0   4   6   0   0   1   1   0   4  1.57 inf
  197 D    1  2  1  3 -5  3  3  0 -1 -5 -5  0 -4 -5 -1  0 -2 -6 -5 -5   13  10   5  14   0  12  22   6   1   0   1   4   0   0   2   7   2   0   0   0  0.49 inf
  198 A    4  1 -3 -3 -4 -1 -2  3 -2 -5 -5 -2 -3 -6  0  2  0 -6 -5 -4   32   9   0   1   0   2   2  22   1   0   0   2   0   0   4  17   6   0   0   1  0.64 inf
  199 L   -1 -3 -5 -4 -3 -2 -4 -3 -5  2  4 -3  2 -1 -5 -2 -1  4 -3  2    3   1   0   1   0   1   1   2   0  11  46   1   6   1   0   2   3   7   0  14  0.63 inf
  200 P    1  1 -2  1  0 -1  3  0  0 -5 -4 -2 -4 -5  5 -2 -2 -5 -4 -3   12  10   1   6   2   1  20   6   2   0   0   1   0   0  34   2   2   0   0   1  0.77 inf
  201 Q    1  2  2  0 -4  4  1 -1 -1 -4 -3  2 -3 -4  0  0 -2 -4 -3 -3   14  10  11   5   0  23  10   4   1   0   1  10   0   0   4   4   1   0   0   1  0.38 inf
  202 F    0  2 -2  1  3  0 -1  0 -1 -1 -1 -1 -2  2 -3  0  0 -3  0  1    7  17   0   8   8   3   2   9   1   1   3   1   0  11   0   6   5   0   2  14  0.11 inf
  203 E   -2  4 -2  0 -5  3  3 -4 -2 -4 -2  3  0 -4 -1 -1 -2 -4 -3 -4    2  31   0   4   0  15  21   0   0   0   3  15   2   0   2   3   0   0   0   0  0.63 inf
  204 D    1 -2  2  5 -4  0  2  0  1 -4 -4  0 -3 -1 -1  0 -1 -4 -3 -3   13   0  11  38   0   1  11   5   3   0   0   3   0   3   3   7   1   0   0   0  0.47 inf
  205 T    1 -2 -2 -3 -2  1 -1 -1 -3  0 -1 -1 -1 -2 -3 -1  3  7 -1  0   12   0   0   0   0   8   3   4   0   7   4   4   0   0   0   2  28  21   0   8  0.47 inf
  206 V   -2 -1 -3 -4 -2 -3 -3 -4 -3  2  3 -2  1 -1 -3 -2  2 -3  0  2    0   5   0   0   0   0   0   0   0  15  43   0   0   0   0   0  17   0   3  17  0.37 inf
  207 P   -1  2  0 -2 -3  0 -1 -3 -2 -1 -1  2 -1 -3  4 -1 -1 -4 -3  1    3  14   7   0   0   3   0   0   0   0   5  17   0   0  28   0   3   0   0  20  0.43 inf
  208 K    0  2 -1 -1 -3  0  1 -2 -2 -3 -3  5  1 -3 -2  1 -1 -4 -3 -2   10   8   0   0   0   0   6   0   0   0   0  61   6   0   0   8   0   0   0   0  0.52 inf
  209 T    1  1 -1 -2 -2 -1 -1  0 -2  0  0  2  0 -2 -2  1  1 -3 -2  0    9   6   0   0   0   0   0   8   0   8  15  19   0   0   0  19   8   0   0   6  0.10 inf
  210 L    1  2 -1 -3  3 -1 -2 -3 -2  1  3 -1  2 -1 -3 -1 -1 -3 -2  0   17  17   4   0   8   0   0   0   0   6  41   0   6   0   0   0   0   0   0   0  0.20 inf
  211 S    4  1 -1  0 -2 -1 -1 -1  2 -3 -3 -1 -2 -3  1  1 -1 -3 -2 -1   63  10   0   7   0   0   0   0   8   0   0   0   0   0   5   8   0   0   0   0  0.39 inf
  212 D   -1 -1  0  5 -3  2  3 -1 -1 -2 -2  0 -2 -3 -1  0 -1 -2 -2 -2    2   1   1  44   1  10  24   2   1   1   2   2   1   1   1   2   2   0   1   2  0.50 inf
  213 P   -1 -3 -3 -2 -4 -2 -2 -3 -3 -4 -4 -2 -3 -5  8 -1 -2 -5 -4 -3    0   0   0   0   0   0   0   0   0   0   0   0   0   0 100   0   0   0   0   0  2.30 inf
  214 Q   -1  1  0 -1 -3  6  2 -2  0 -3 -3  2 -1 -4 -2  0 -1 -2 -2 -3    0   0   0   0   0  87   0   0   0   0   0  13   0   0   0   0   0   0   0   0  0.71 inf

                      K         Lambda
Standard Ungapped    0.1356     0.3174
Standard Gapped      0.0506     0.2670
PSI Ungapped         0.1652     0.3114
PSI Gapped           0.0506     0.2670
