
Last position-specific scoring matrix computed, weighted observed percentages rounded down, information per position, and relative weight of gapless real matches to pseudocounts
           A  R  N  D  C  Q  E  G  H  I  L  K  M  F  P  S  T  W  Y  V   A   R   N   D   C   Q   E   G   H   I   L   K   M   F   P   S   T   W   Y   V
    1 V    0 -3 -3 -4 -1 -2 -3 -4 -3  3  2 -3  1 -1 -3 -2  0 -3 -1  4    0   0   0   0   0   0   0   0   0   0  13   0   0   0   0   0   0   0   0  87  0.33 inf
    2 D   -2 -2  1  6 -4  0  2 -1 -1 -3 -4 -1 -3 -4 -2  0 -1 -5 -3 -3    0   0   0 100   0   0   0   0   0   0   0   0   0   0   0   0   0   0   0   0  0.95 inf
    3 G    0 -3 -1 -1 -3 -2 -2  6 -2 -4 -4 -2 -3 -3 -2  0 -2 -3 -3 -3    0   0   0   0   0   0   0 100   0   0   0   0   0   0   0   0   0   0   0   0  1.06 inf
    4 D   -2 -2  2  6 -4  0  1 -1 -1 -3 -4 -1 -3 -4 -2  0 -1 -5 -3 -3    0   0  11  89   0   0   0   0   0   0   0   0   0   0   0   0   0   0   0   0  0.86 inf
    5 Q   -1  1  0  0 -3  6  2 -2  0 -3 -2  1 -1 -4 -1  0 -1 -2 -2 -2    0   0   0   0   0 100   0   0   0   0   0   0   0   0   0   0   0   0   0   0  0.68 inf
    6 C   -1 -4 -3 -4  9 -3 -4 -3 -2 -1 -1 -3 -2 -1 -3 -1 -1 -2  1 -1    0   0   0   0  91   0   0   0   0   0   0   0   0   0   0   0   0   0   9   0  1.09 inf
    7 E   -1  0  0  3 -4  2  5 -2  0 -4 -3  1 -2 -4 -1  0 -1 -3 -2 -3    0   0   0  11   0   0  89   0   0   0   0   0   0   0   0   0   0   0   0   0  0.71 inf
    8 S    1 -1  0  0 -1  0  0  0 -1 -3 -3  0 -2 -3  2  4  1 -3 -2 -2    0   0   0   0   0   0   0   0   0   0   0   0   0   0   9  91   0   0   0   0  0.46 inf
    9 N   -2 -1  6  1 -3  0  0 -1  1 -4 -4  0 -2 -3 -2  1  0 -4 -2 -3    0   0 100   0   0   0   0   0   0   0   0   0   0   0   0   0   0   0   0   0  0.75 inf
   10 P   -1 -2 -2 -2 -3 -1 -1 -2 -2 -3 -3 -1 -3 -4  8 -1 -1 -4 -3 -3    0   0   0   0   0   0   0   0   0   0   0   0   0   0 100   0   0   0   0   0  2.06 inf
   11 C   -1 -4 -3 -4 10 -3 -4 -3 -3 -1 -1 -3 -2 -3 -3 -1 -1 -3 -3 -1    0   0   0   0 100   0   0   0   0   0   0   0   0   0   0   0   0   0   0   0  1.26 inf
   12 L   -2 -2 -4 -4 -1 -2 -3 -4 -3  2  4 -3  2  0 -3 -3 -1 -2 -1  1    0   0   0   0   0   0   0   0   0   0 100   0   0   0   0   0   0   0   0   0  0.47 inf
   13 N   -2 -1  6  1 -3  0  0 -1  3 -4 -4  0 -2 -3 -2  0  0 -4 -2 -3    0   0  91   0   0   0   0   0   9   0   0   0   0   0   0   0   0   0   0   0  0.68 inf
   14 G    0 -2  0  1 -3 -2 -2  6 -2 -4 -4 -2 -3 -3 -2  0 -2 -3 -3 -3    0   0   0  10   0   0   0  90   0   0   0   0   0   0   0   0   0   0   0   0  0.92 inf
   15 G    0 -3 -1 -1 -3 -2 -2  6 -2 -4 -4 -2 -3 -3 -2  0 -2 -3 -3 -3    0   0   0   0   0   0   0 100   0   0   0   0   0   0   0   0   0   0   0   0  1.06 inf
   16 S    0  1 -1 -2 -1  1 -1 -2 -2  2  1 -1  1 -1 -2  1  0 -3 -2  1    0   9   0   0   0  11   0   0   0  18   9   0   9   0   0  25   0   0   0  19  0.09 inf
   17 C   -1 -4 -3 -4 10 -3 -4 -3 -3 -1 -1 -3 -2 -3 -3 -1 -1 -3 -3 -1    0   0   0   0 100   0   0   0   0   0   0   0   0   0   0   0   0   0   0   0  1.26 inf
   18 K   -1  2  0 -1 -3  1  1 -2 -1 -3 -3  5 -2 -3 -1  0 -1 -3 -2 -3    0   0   0   0   0   0   0   0   0   0   0 100   0   0   0   0   0   0   0   0  0.54 inf
   19 D   -2 -2  1  6 -4  0  2 -1 -1 -3 -4 -1 -3 -4 -2  0 -1 -5 -3 -3    0   0   0 100   0   0   0   0   0   0   0   0   0   0   0   0   0   0   0   0  0.95 inf
   20 D   -2 -2  2  6 -4  0  1 -1 -1 -3 -4 -1 -3 -4 -2  0 -1 -5 -3 -3    0   0   9  91   0   0   0   0   0   0   0   0   0   0   0   0   0   0   0   0  0.87 inf
   21 I   -1 -3 -4 -3 -1 -3 -4 -4 -4  5  2 -3  1  0 -3 -3 -1 -3 -1  3    0   0   0   0   0   0   0   0   0 100   0   0   0   0   0   0   0   0   0   0  0.41 inf
   22 N   -1 -1  6  1 -3  0  0  0  0 -3 -4  0 -2 -3 -2  1  0 -4 -2 -3    0   0  90   0   0   0   0   0   0   0   0   0   0   0   0  10   0   0   0   0  0.67 inf
   23 S    2 -1  0 -1 -1  0  0  0 -1 -2 -2  0 -2 -3 -1  4  1 -3 -2 -1   20   0   0   0   0   0   0   0   0   0   0   0   0   0   0  80   0   0   0   0  0.40 inf
   24 Y   -2 -2 -2 -3 -3 -2 -2 -3  2 -2 -1 -2 -1  3 -3 -2 -2  2  7 -1    0   0   0   0   0   0   0   0   0   0   0   0   0   0   0   0   0   0 100   0  0.90 inf
   25 E   -1  0  0  2 -4  2  5 -2  0 -4 -3  1 -2 -4 -1  0 -1 -3 -2 -3    0   0   0   0   0   0 100   0   0   0   0   0   0   0   0   0   0   0   0   0  0.75 inf
   26 C   -1 -4 -3 -4 10 -3 -4 -3 -3 -1 -1 -3 -2 -3 -3 -1 -1 -3 -3 -1    0   0   0   0 100   0   0   0   0   0   0   0   0   0   0   0   0   0   0   0  1.26 inf
   27 W   -3 -3 -4 -5 -3 -2 -3 -3 -3 -3 -2 -3 -2  1 -4 -3 -3 12  2 -3    0   0   0   0   0   0   0   0   0   0   0   0   0   0   0   0   0 100   0   0  2.37 inf
   28 C   -1 -4 -3 -4 10 -3 -4 -3 -3 -1 -1 -3 -2 -3 -3 -1 -1 -3 -3 -1    0   0   0   0 100   0   0   0   0   0   0   0   0   0   0   0   0   0   0   0  1.26 inf
   29 P   -1  1 -1 -1 -3  4  1 -2  0 -2 -1  1 -1 -3  4 -1 -1 -3 -2 -2    0  10   0   0   0  53   0   0   0   0  11   0   0   0  26   0   0   0   0   0  0.52 inf
   30 F    1 -2 -2 -3 -2 -2 -2 -2 -1  0 -1 -2 -1  3  3 -1  0 -1  2  1   18   0   0   0   0   0   0   0   0   0   0   0   0  26  20   0   8   0   8  19  0.27 inf
   31 G    0 -3 -1 -1 -3 -2 -2  6 -2 -4 -4 -2 -3 -3 -2  0 -2 -3 -3 -3    0   0   0   0   0   0   0 100   0   0   0   0   0   0   0   0   0   0   0   0  1.06 inf
   32 F   -2 -3 -3 -4 -3 -4 -4 -3 -1  0  0 -3  0  7 -4 -3 -2  1  3 -1    0   0   0   0   0   0   0   0   0   0   0   0   0 100   0   0   0   0   0   0  0.77 inf
   33 E   -1  0  0  2 -4  2  5 -2  0 -4 -3  1 -2 -4 -1  0 -1 -3 -2 -3    0   0   0   0   0   0 100   0   0   0   0   0   0   0   0   0   0   0   0   0  0.75 inf
   34 G    0 -3 -1 -1 -3 -2 -2  6 -2 -4 -4 -2 -3 -3 -2  0 -2 -3 -3 -3    0   0   0   0   0   0   0 100   0   0   0   0   0   0   0   0   0   0   0   0  1.06 inf
   35 K   -1  3  0 -1 -3  1  1 -2 -1 -3 -3  5 -1 -3 -1  0  0 -3 -2 -2    0  10   0   0   0   0   0   0   0   0   0  81   0   0   0   0   9   0   0   0  0.46 inf
   36 N   -2 -1  6  1 -3  0  0 -1  1 -4 -4  0 -2 -3 -2  1  0 -4 -2 -3    0   0 100   0   0   0   0   0   0   0   0   0   0   0   0   0   0   0   0   0  0.75 inf
   37 C   -1 -4 -3 -4 10 -3 -4 -3 -3 -1 -1 -3 -2 -3 -3 -1 -1 -3 -3 -1    0   0   0   0 100   0   0   0   0   0   0   0   0   0   0   0   0   0   0   0  1.26 inf
   38 E   -1  0  0  2 -4  2  5 -2  0 -4 -3  1 -2 -4 -1  0 -1 -3 -2 -3    0   0   0   0   0   0 100   0   0   0   0   0   0   0   0   0   0   0   0   0  0.75 inf
   39 L   -2 -2 -4 -4 -1 -2 -3 -4 -3  2  4 -3  2  0 -3 -3 -1 -2 -1  1    0   0   0   0   0   0   0   0   0   0 100   0   0   0   0   0   0   0   0   0  0.47 inf

                      K         Lambda
Standard Ungapped    0.1432     0.3185
Standard Gapped      0.0410     0.2670
PSI Ungapped         0.1432     0.3185
PSI Gapped           0.0410     0.2670
