
Last position-specific scoring matrix computed, weighted observed percentages rounded down, information per position, and relative weight of gapless real matches to pseudocounts
           A  R  N  D  C  Q  E  G  H  I  L  K  M  F  P  S  T  W  Y  V   A   R   N   D   C   Q   E   G   H   I   L   K   M   F   P   S   T   W   Y   V
    1 G   -2 -4 -2 -3 -4 -4 -4  7 -4 -6 -6 -3 -5 -5 -4 -2 -3 -4 -5 -5    0   0   0   0   0   0   0 100   0   0   0   0   0   0   0   0   0   0   0   0  1.96 inf
    2 N   -1 -2  4  2 -3 -1 -1 -2  0 -3 -4  0 -3 -4  3 -1  3 -4 -3 -3    3   0  28  12   0   0   1   1   2   0   0   6   0   0  17   0  31   0   0   0  0.61 inf
    3 N   -3 -2  8  1 -5 -2 -2  0 -1 -4 -5 -2 -4 -5 -4 -1 -2 -6 -4 -2    0   0  86   3   0   0   0   6   0   0   0   0   0   0   0   0   0   0   0   5  1.57 inf
    4 G    1 -4 -2 -3 -4 -3 -3  6 -4 -5 -5 -3 -4 -5 -3  1 -3 -4 -4 -4    9   0   0   0   0   0   0  82   0   0   0   0   0   0   0   9   0   0   0   0  1.41 inf
    5 N   -3 -3  6  6 -5 -2  1 -3 -2 -5 -5 -2 -4 -5 -3 -1 -2 -6 -4 -5    0   0  44  51   0   0   5   0   0   0   0   0   0   0   0   0   0   0   0   0  1.33 inf
    6 I    1  3 -2 -3 -2 -2 -2 -3 -2  2 -1 -1 -1  3 -3 -2  0 -3 -1  2   13  27   0   0   0   0   0   0   0  14   0   0   0  16   0   0   7   0   0  21  0.29 inf
    7 M   -2 -3 -3 -4 -3 -1 -3 -2 -3  2  2 -3  7  1 -3 -3 -2 -3 -2  0    1   0   0   0   0   3   0   3   0  15  18   0  47   6   0   0   0   0   0   3  0.70 inf
    8 V    0 -3 -2 -3  2 -2 -3  1 -2  1  0 -2  0 -1 -3 -1  2 -2  3  2    7   0   0   0   5   0   0  15   0   7   8   0   2   0   0   0  21   0  15  21  0.23 inf
    9 G    1 -3 -2 -3 -2 -2 -2  3 -3  1 -1 -2 -1  0 -3 -1  1  2  0  1   18   0   0   0   0   0   2  30   0  10   6   0   0   6   0   0  12   3   4  10  0.25 inf
   10 R   -3  6 -2 -3 -4 -1 -1 -4 -2 -3 -1  0  1 -3 -4 -1 -3  6 -2 -3    0  69   0   0   0   0   2   0   0   0   8   0   5   0   0   3   0  11   0   0  1.10 inf
   11 A    3 -2 -2 -3 -2  2 -1 -1 -2  1 -1 -2 -1 -2  0  0  1  4 -2  1   34   0   0   0   0  14   0   3   0   8   5   0   0   0   3   3  13   7   0  10  0.26 inf
   12 N    0 -2  5  1 -3 -1 -1  1 -1 -1 -2 -1 -2 -1 -2  1  0 -3 -2 -2    9   0  37   7   0   0   1  12   0   5   2   3   0   3   0  14   6   0   0   1  0.36 inf
   13 H    0 -1  0  0 -2  0  0  0  5 -1  0 -1  2 -2  1 -1 -1  1 -1 -1    6   2   4   7   0   2   4   7  24   1  13   2   9   0   9   3   1   2   0   4  0.20 inf
   14 M    0  0 -1 -2 -2 -2 -2 -3 -2  1  2 -2  4  2  0 -1  0 -2 -1  1    6   5   4   2   0   0   0   0   0   3  22   0  18  10   5   3   6   0   0  14  0.17 inf
   15 W    1  0 -1 -1 -3 -1 -1  1 -2 -3 -2  0 -2 -2 -3  1  0  8 -1 -2   12   4   2   4   0   2   2   9   0   0   3   5   0   0   0  16   6  30   0   2  0.65 inf
   16 D   -2 -2  3  5 -4  0  1 -1  1 -3 -2 -1 -3 -4  0 -1 -2 -4 -3 -3    0   0  14  49   0   4   9   5   3   0   6   0   0   0   5   3   0   0   0   0  0.66 inf
   17 A    0 -1  1  1 -2  0 -1  0 -2 -2 -1  0 -2 -3  5  0  0 -3 -3 -2    7   3   7   7   0   3   3   9   0   1   8   4   0   0  32   6   8   0   0   1  0.45 inf
   18 T    0 -2 -2 -2 -2 -1  0 -2 -2 -1 -2 -2 -1  1  1  0  4 -2  2  1    9   1   0   1   0   2   5   1   0   2   1   1   0   7   8   2  41   0   8  11  0.30 inf
   19 G   -2 -4  1 -3 -4 -3 -4  7 -3 -5 -5 -3 -4 -5 -4 -2 -3 -4 -5 -5    0   0   8   0   0   0   0  89   0   0   0   0   0   0   0   0   0   0   0   0  1.62 inf
   20 S    2 -1 -2 -2 -1 -2 -2 -2 -2 -1  0  0 -1 -2  3  1  1 -3  0  1   28   3   0   0   1   0   0   0   0   0   8   5   0   0  18  13  10   0   5  10  0.30 inf
   21 K    0  0  1  0 -2  0  0 -1  2  0  0  1 -1 -2  0  0  1  1 -2  0   12   3  10   3   0   5   5   2   7   4  13  10   0   0   4   0  13   3   0   8  0.07 inf
   22 Q   -1 -1 -2 -2 -5  7  0  0 -2 -4 -1 -1 -2 -5  0 -2 -3 -4 -4 -4    3   0   0   0   0  77   1   9   0   0   6   0   0   0   4   0   0   0   0   0  1.26 inf
   23 A    2 -3 -2 -2 -3 -2 -3  5 -3 -3 -4 -2 -3 -4 -3  3  0 -4 -4 -2   15   0   0   0   0   0   0  50   0   0   0   0   0   0   0  26   5   0   0   4  0.77 inf
   24 T    1 -3 -1  0 -1 -2 -2  5  1 -3 -4 -2 -3 -4 -3  1  2 -4 -3 -2    9   0   0   5   1   0   0  49   4   0   0   0   0   0   0  14  16   0   0   2  0.64 inf
   25 I    0 -4 -4 -4 -4 -3 -3 -4 -4  2 -2 -3  3 -3  7 -2  0 -5 -4 -1    8   0   0   0   0   0   0   0   0  19   0   0  11   0  56   0   5   0   0   1  1.25 inf
   26 P    1 -3 -3 -3 -3 -2 -2  1 -3 -3 -3 -2 -3 -4  6  1 -1 -5 -4  0   15   0   0   0   0   0   0  13   0   0   0   0   0   0  48  13   3   0   0   9  0.99 inf
   27 T    2 -1  0 -3  4 -2 -2 -1 -3 -1 -2 -2 -1 -1  0  0  1 -3  0  2   25   4   4   0  13   0   0   3   0   0   0   0   0   3   3   5   8   0   3  27  0.26 inf
   28 M    0 -2 -2 -2 -2 -2  0  0 -2  1  1 -1  2 -1 -3  0  0  3  1  2    8   0   0   0   0   0   7   9   0   8  14   2   7   0   0  10   4   4   8  18  0.11 inf
   29 G    2  2 -2 -3 -3 -2 -3  5 -3 -3 -3  0 -3 -1 -3 -1 -2 -4 -3  0   17  14   0   0   0   0   0  54   0   0   0   4   0   3   0   0   0   0   0   7  0.70 inf
   30 I   -1 -3 -3 -1 -3  0 -3 -1 -3  5  0 -3 -1 -2 -4  0 -2 -3  0  2    5   0   0   3   0   4   0   6   0  58   2   0   0   0   0   8   0   0   4   8  0.49 inf
   31 D   -2  2  0  4 -4  1  1 -3 -1 -1 -1  1 -2 -2 -3 -1 -1 -3  2 -2    0  17   3  32   0   5   8   0   0   4   9   6   0   0   0   2   2   0  10   2  0.34 inf
   32 N   -2 -2  4  5 -4 -1  1 -1  0 -2 -1 -2  2 -3 -3 -1  0 -5 -3 -1    2   0  23  40   0   0   5   4   2   2   4   0   8   0   0   0   4   0   0   5  0.55 inf
   33 W   -4 -4 -4  1 -4 -1  0 -4 -4 -4 -2 -4 -3  1  0 -2  0 10  1 -4    0   0   0   8   0   3   7   0   0   0   5   0   0   6   4   3   6  55   3   0  1.76 inf
   34 A    0 -1  0  5 -3  1  0 -2 -2 -3 -3 -2 -3 -4  0  0  1 -4 -1 -1   11   2   3  40   0   8   4   0   0   0   1   0   0   0   5   7  12   0   2   4  0.48 inf
   35 D    0 -2  5  4 -4 -2 -1  0 -2 -3 -1 -1  1 -4 -1  0 -2 -5 -4 -3    8   0  39  25   0   0   0   6   0   0   7   1   6   0   3   4   0   0   0   0  0.60 inf
   36 P    0 -1 -2 -1 -3 -1 -1  2 -3 -1 -2 -1 -3 -4  6 -1 -1 -4 -3 -1    7   3   0   2   0   3   4  16   0   4   4   4   0   0  43   2   4   0   0   4  0.74 inf
   37 T    1  2  0 -1 -2 -1  0  2 -2  0 -1  0 -1  0 -2  1  0 -3  0 -1   12  17   3   2   0   1   5  19   0   9   4   2   0   5   0   9   3   0   4   4  0.11 inf
   38 A    3  0  2 -2 -3 -1  0  1  5 -2 -2 -2 -1 -3  0  1 -1 -4 -2 -2   32   5  10   0   0   0   5  10  19   1   3   0   2   0   5   7   1   0   0   0  0.37 inf
   39 P   -1 -2 -3 -1 -1 -1 -3 -3 -3 -2 -2 -2 -3  0  7 -1 -2  2 -3 -1    4   1   0   3   2   2   0   0   0   2   4   2   0   4  62   4   0   3   0   4  1.30 inf
   40 I    0  0 -2 -2 -2 -2 -1 -2 -2  1  2 -1  1  0 -3 -1  1 -3 -1  2    7   6   0   2   0   0   3   3   0   6  20   3   4   5   0   0  11   0   1  26  0.13 inf
   41 F    0 -3 -3 -2 -3 -3 -3 -3 -3  1  0 -2  1  5 -3 -1  1 -2  1  2    9   0   0   3   0   0   0   0   0  11   6   3   3  34   0   4   9   0   4  14  0.36 inf
   42 A    3 -3 -3 -4 -2 -2 -3 -3  0  2  0 -3  3  2 -3 -1 -1  2  2  0   37   0   0   0   0   0   0   0   2  17   9   0  10   9   0   0   2   3   7   3  0.35 inf
   43 E   -2 -2 -2  0 -4  2  4 -3  2  0  1 -1  2 -1 -1  0 -2 -3 -2 -1    0   0   0   2   0   9  39   0   7   8  13   0   7   3   3   5   0   0   0   4  0.38 inf
   44 I    2  2  1 -2 -2  0 -1 -2  2  2 -1  0  0 -2 -3  0 -1 -3 -1  0   22  16   8   0   0   4   2   0   8  18   4   4   2   0   0   4   0   0   2   6  0.16 inf
   45 A    4 -3 -3 -3 -2 -2 -3  1 -3 -3 -1 -2  0 -3  1  1  0  6 -2 -2   41   0   0   0   0   0   0  12   0   0   5   0   3   0   6  13   4  14   0   0  0.58 inf
   46 P    0 -2 -3 -3 -4 -3 -3 -3  2 -2 -1 -3  2 -1  7 -1 -2 -4  0 -3   10   2   0   0   0   0   0   1   5   2   8   0   6   3  55   4   0   0   3   0  1.12 inf
   47 L   -2  0  2 -2 -3 -2 -3 -3 -2  1  2 -2  1  2  3 -2 -2 -3 -1  2    0   5  12   2   0   0   0   0   0   4  27   0   4   9  15   0   0   0   2  17  0.29 inf
   48 P    0 -2 -1 -4 -5 -3 -3 -4 -4 -5 -5 -2 -5 -6  8 -3 -2 -6 -5 -4    6   2   3   0   0   0   0   0   0   0   0   2   0   0  82   0   2   0   0   0  2.23 inf
   49 A    1 -1  0 -1 -2  0 -1  1 -1 -1  0 -1  1  0  0  0  2  0  0  0   17   3   6   3   0   3   3  12   1   2   8   0   4   4   4   3  16   2   2   5  0.07 inf
   50 G   -1 -1 -1 -1 -4 -2 -2  5 -4 -1 -4 -2 -4 -2  1 -2 -1  4 -4 -3    4   4   1   3   0   1   1  57   0   6   0   1   0   1   7   1   3   7   0   1  0.87 inf
   51 L    2 -2 -1 -2 -2 -2 -3 -2 -3  1  2 -2  1  2  1  0 -1  0 -2  1   25   2   4   2   0   0   0   2   0   7  22   0   4  10   6   6   1   1   0   8  0.19 inf
   52 E    1 -2 -1  2 -3  0  3  1 -2 -1  0 -1  2 -3  0  0 -1 -4 -3  0   11   0   1  14   0   2  21  10   0   1  12   1   7   0   4   8   2   0   0   7  0.20 inf
   53 T    0  2  2 -2 -3  0 -1 -1  2 -1 -1  0 -2 -3 -1 -1  1 -4  0  1    8  17  14   0   0   4   3   3   7   2   5   6   0   0   2   2  13   0   3  13  0.18 inf
   54 Y   -2  3  2 -3 -4  0 -2  1  5 -3 -2  0  0 -1 -4 -2  0  6  2 -2    1  17   9   0   0   3   0  10  16   0   2   3   3   2   0   2   8  15   7   3  0.54 inf
   55 V    1 -3 -3 -3 -3 -1 -3 -3 -1  1  0 -3  2 -3 -2  2  4 -4 -3  2   11   0   0   0   0   3   0   0   1   8   7   0   7   0   2  15  33   0   0  13  0.44 inf
   56 S    1 -1 -2 -3 -3  3 -2 -2 -3  0  0 -2  2 -3 -3  3  2 -4 -3 -2    9   2   0   0   0  18   0   3   0   7  11   0   7   0   0  28  16   0   0   0  0.42 inf
   57 L    0 -3 -1 -3 -3 -1 -3 -1 -3  1  2 -3  2 -1  0  0  3 -4 -2  2    5   0   2   0   0   4   0   4   0   9  19   0   7   3   4   5  21   0   0  16  0.24 inf
   58 Y   -2 -3 -2 -2 -4 -1 -3 -4  1 -1  2 -3  2  2 -4 -2 -1  0  6  1    2   0   1   3   0   4   0   0   4   1  23   0   5   7   0   3   3   1  35   8  0.64 inf
   59 L   -4 -4 -2 -5 -4 -4 -3 -6 -5  0  5 -4  2  2 -5 -4 -3 -4 -3  1    0   0   3   0   0   0   2   0   0   1  70   0   4   9   0   0   0   0   0  11  1.04 inf
   60 A    2 -3 -3 -3  2 -3 -3  3 -4  1 -1 -3  0 -2 -3  1 -1 -4 -3  2   20   0   0   0   5   0   0  21   0   9   4   0   2   1   0  15   1   0   0  20  0.36 inf
   61 I   -4 -4 -5 -5 -4  1 -4 -5 -4  4  0 -4  8  1 -5 -4 -1 -4  0  0    0   0   0   0   0   7   0   0   0  25   3   0  46   6   0   0   3   0   3   3  1.26 inf
   62 T    1 -2 -1 -3 -3  0 -2  3 -2 -3 -3 -2 -3 -4 -2  2  4 -4 -4 -1   10   1   1   0   0   4   2  28   1   1   1   0   0   0   1  19  28   0   0   3  0.56 inf
   63 K   -1  2 -1 -2 -3  0  0 -3  5  0  0  1  1 -3 -2 -1  0 -4 -2  1    5  15   1   1   0   4   4   0  20   5   8  10   3   0   1   2   6   0   0  13  0.30 inf
   64 N   -2 -2  3  6 -1 -2 -1 -3 -3 -3 -4 -2 -2 -2 -3  1  0 -5 -1  0    2   1  13  49   1   0   0   1   0   0   1   1   1   2   0  10   5   0   2  10  0.82 inf
   65 P   -1  1  2  2 -3 -1  0 -1 -1 -2 -2  0 -3 -3  4  1  0 -4 -2 -2    3  10   9  15   0   0   4   3   1   3   4   5   0   0  21  12   4   0   2   2  0.36 inf
   66 E    1  1  2 -1 -4  0  2  1  1 -3 -4  1 -3 -4  2  0 -1 -4 -3 -3   14   9  14   2   0   2  18  13   4   1   0   7   0   0   9   5   2   0   0   0  0.34 inf
   67 R   -1  5  1  2 -5  2  0 -2 -1 -2 -2  0 -3 -4 -4  0 -2 -5 -4 -3    5  43   6  13   0   8   4   3   1   2   3   2   0   0   0   5   2   0   0   1  0.66 inf
   68 A    1 -5 -4 -4 -5 -5 -5  7 -5 -6 -6 -4 -5 -6 -5 -3 -2 -1 -5 -3   13   0   0   0   0   0   0  80   0   0   0   0   0   0   0   0   3   1   0   2  1.76 inf
   69 R   -1  3 -1 -2 -3  1  1 -3  1 -2  0  0  0 -1 -2  0  2 -3  0  0    2  23   3   1   0   7   9   0   4   1   7   5   3   2   1   8  13   0   3   7  0.21 inf
   70 F   -4 -5 -5 -6 -4 -5 -5 -6 -4  2  4 -5  3  6 -5 -5 -4  3  0 -1    0   0   0   0   0   0   0   0   0  13  37   0   8  34   0   0   0   4   1   1  1.09 inf
   71 Q    0  2 -2 -1 -1 -1 -2  0  0 -1 -2 -1 -2 -3 -3  2  3 -1  0  1    7  12   0   3   1   2   1   8   3   3   2   3   0   0   0  16  23   1   3  11  0.22 inf
   72 F   -2  0 -4 -5 -4 -2 -4 -5 -2 -2  3 -2 -2  2 -2 -1 -2  5  6 -1    3   6   0   0   0   2   0   0   0   1  29   2   0   6   2   4   1   7  32   4  0.75 inf
   73 N   -2  1  2  5 -4  0  1 -2 -1 -4 -4 -1 -3 -2  0 -1  0 -4 -3 -3    3   9  12  42   0   3   7   3   1   1   1   3   0   2   4   2   5   0   0   1  0.64 inf
   74 S    2 -1 -1 -1 -2  0 -1  0  1 -2 -1  1  0 -2  3  1  0  1 -2 -1   19   2   2   2   0   3   3   6   5   1   5   9   2   1  16  11   5   2   1   4  0.21 inf
   75 G    3  2 -1  1 -2 -1 -1  1 -2 -3 -2  1 -2 -3 -1  1  1  1 -2 -2   27  12   1   9   0   2   1  10   0   1   3  10   0   1   2   7   9   2   1   2  0.23 inf
   76 T    0  1  1  2 -3  0 -1 -1  1 -1 -3  2 -2 -3 -2  1  3 -4 -2 -1    7   8   5  14   0   2   1   3   4   3   1  13   0   0   0  10  25   0   1   3  0.28 inf
   77 G   -2  1  2  5 -5  0 -1  4 -3 -4 -5  0 -5 -5 -4 -2 -2 -5 -5 -5    1   8   9  36   0   3   2  32   0   1   0   4   0   0   0   1   1   0   0   0  0.89 inf
   78 K   -1  3  0  2 -2  2  1 -1  1 -4 -3  2 -3 -4 -1  0  0 -4 -1 -3    5  22   4  11   1   8   7   5   3   0   2  15   0   0   2   8   5   0   2   1  0.32 inf
   79 V    2 -2 -4 -4 -3 -3 -3 -1 -4  1  2 -3  0 -2  3 -2 -1 -1 -3  2   24   2   0   0   0   0   1   5   0   6  27   0   2   1  13   1   3   1   0  15  0.36 inf
   80 D    0  3  1  1 -3  0  0 -1  0 -1 -2  2 -2 -3 -3  0  0 -4 -2  2    5  20   8   8   0   3   4   4   2   1   1  12   1   0   0   5   5   0   1  18  0.23 inf
   81 L   -3 -2 -4 -5 -1 -3 -4 -2 -4  3  4 -4  1 -1  1 -4 -3 -1 -3  2    1   2   0   0   1   1   0   4   0  17  47   0   3   2   7   0   0   1   0  14  0.61 inf
   82 T   -2  2  2  3 -4  1  1 -1  3 -3 -3  0 -3 -3 -3  0  2 -4 -2 -2    2  13  10  16   0   5  10   3   9   1   1   3   0   1   0   6  18   0   1   2  0.36 inf
   83 W   -6 -5 -5 -7 -3 -6 -6 -6 -5 -6 -5 -6 -1  2 -1 -3 -4 12  3 -6    0   1   1   0   1   0   0   0   0   0   0   0   2   6   3   2   1  73  10   0  3.37 inf
   84 A   -1 -1  0  1 -4  0 -1 -3 -3  0 -1  1 -3 -2  5  0  0 -4 -1 -3    3   4   4   8   0   4   3   1   0   7   6   8   0   2  37   6   5   0   2   0  0.61 inf
   85 Q    0  1  0 -1 -3  1 -1  1  1 -2 -2  1  0 -1  3  0  0  1  1 -2    8   9   4   2   0   8   2  14   3   1   2   8   3   2  14   3   6   2   6   3  0.18 inf
   86 S    3 -1 -2  1 -3  0  0 -1  0 -2 -2 -1 -1 -3  0  1  2 -4 -3  1   28   3   1   9   0   4   4   3   2   0   2   2   1   0   3  11  13   0   0  13  0.24 inf
   87 Q    0 -1  1 -1 -4  2  0  3 -2 -3 -1 -1 -2 -2 -2 -1 -1  6 -1 -3    7   4   8   2   0  12   4  28   1   0   8   3   0   2   1   3   4  11   1   1  0.38 inf
   88 N   -1  1  3  2 -3  0  1 -1 -1  0 -3  1 -2 -2 -1  1 -1  1 -2 -2    4   8  18  11   0   3  11   4   1   9   1   7   1   1   2  13   3   2   1   0  0.22 inf
   89 Q    1  2  0  0 -3  3  1 -2 -2 -2 -3  1  0 -4  2  1  0 -4 -2 -2   14  10   2   6   0  17   9   2   0   1   1  10   3   0   9   8   7   0   1   1  0.29 inf
   90 K    2  0 -1  1 -3  0  1 -2  0 -2 -3  0 -2 -4  4  0  0 -4 -2  0   24   4   1   8   0   5   7   2   3   1   1   6   0   0  21   4   4   0   1   8  0.35 inf
   91 G    2 -2  0 -2 -1 -2 -2  1  3  1  0 -2  1 -2 -3  1  0 -3  0  0   21   1   5   0   1   0   0  11   9  10  11   0   3   0   0  13   4   0   4   5  0.16 inf
   92 I   -1 -1  0  0 -3  0 -2 -3  1  2  0 -2 -1  3 -3 -1  0 -2  2  2    3   2   4   5   0   6   1   0   5  18   4   2   0  15   0   4   7   0   7  16  0.18 inf
   93 D    1  0  1  2 -4  2  2 -2 -1 -4 -4  1 -3 -4  2  0  0 -4 -3 -3   16   6   8  15   0  10  18   2   1   0   0   6   0   0   9   4   4   0   0   1  0.37 inf
   94 M    3  1 -2 -1 -3  0  0 -1 -1  0  1  0  2 -1 -3 -1 -1 -3 -2  0   34   7   1   2   0   3   5   4   2   4  12   5   6   2   0   2   3   0   0   6  0.17 inf
   95 A    3 -3 -3 -2 -3 -2 -3  0 -4  2  0 -3  1 -2 -3 -1  0 -4 -3  3   33   0   1   1   0   2   0   5   0  15   9   0   3   1   0   2   6   0   0  22  0.39 inf
   96 K    0  4  2  0 -4  1  0 -2  1 -3 -2  2 -3 -4 -3  0  0 -4 -3 -2   10  25  13   5   0   4   5   2   3   1   3  16   0   0   0   4   6   0   0   3  0.36 inf
   97 K    1  2  0  2 -3  1  1 -1  1 -3 -2  1 -2 -3  0  0  0 -4 -1 -3   18  16   4  11   0   5   9   2   4   1   3  10   1   0   3   6   5   0   3   0  0.23 inf
   98 V   -1  0 -3 -4  0 -2 -3 -4 -3  3  2 -2  2  2 -4 -2  0 -3 -1  2    3   7   1   0   2   2   0   1   0  24  24   2   4   8   0   1   5   0   1  15  0.35 inf
   99 F    2 -1 -1 -3 -2 -2 -3 -2  1  0  2 -2  3  2 -2 -1  0  1 -1  0   22   2   2   0   1   1   0   2   5   2  21   1  13  11   1   1   8   2   1   5  0.24 inf
  100 D    0  2  1  3 -4  2  3 -3 -1 -3 -3  1 -3 -4 -3 -1 -1  1 -2 -2    9  14   6  17   0  11  21   0   1   1   1   9   0   0   0   1   2   2   1   2  0.42 inf
  101 K    0  5 -2 -1 -5  2  1 -3 -1 -5 -4  4 -3 -5 -2 -2 -1 -2 -2 -4    8  32   1   4   0   8  10   1   1   0   0  28   0   0   1   1   3   1   1   0  0.71 inf
  102 I    2 -4 -4 -1 -3 -3 -4 -3 -4  4  2 -3  3  0 -4 -2  0 -4 -3  1   17   0   0   5   0   0   0   1   0  34  15   1   8   4   0   1   6   0   0   8  0.47 inf
  103 N    3 -2  3  1 -3 -1  0  1 -1 -3 -4  0 -3 -4 -1  0  2 -4 -4 -2   27   1  17   6   0   2   6  12   1   0   0   4   0   0   2   3  15   0   0   2  0.37 inf
  104 Q    1  1 -2  0 -3  1  2  3 -2 -2 -1  1 -1 -3 -3  0 -1 -4 -3 -1   11   9   0   3   0   8  14  24   0   1   5  11   1   1   0   7   2   0   0   3  0.27 inf
  105 K    3  1 -2 -2 -3 -1 -1 -2 -1 -1 -2  0 -1  1  1 -1 -1 -3  0  1   38  11   1   2   0   1   2   1   1   4   2   6   1   7   6   1   3   0   2  11  0.25 inf
  106 E    0 -1  2 -1 -2 -1  0  0  1  0  0  0  0 -1  1 -1  0 -3 -1  0   11   3  14   1   0   2   5   8   4   6  13   5   3   2   8   1   6   0   2   7  0.06 inf
  107 G    0 -4 -2 -3 -4 -1 -2  6 -4 -4 -4 -2 -2  0 -2 -1 -1 -4 -1 -1    5   0   1   0   0   3   2  63   0   0   1   3   1   4   1   4   4   0   3   6  0.94 inf
  108 T    0 -1 -2 -3 -3 -2 -3  5 -1 -3 -3 -3  1 -2 -1  0  2 -4  0 -2    8   3   0   0   0   1   1  47   1   1   1   0   4   1   3   5  19   0   3   2  0.62 inf
  109 I    0 -1  0 -1 -2  0 -1 -1 -2  1  0 -1  0  0  1  1  2  0 -1  0    9   3   3   2   0   4   1   4   0  13   6   3   2   4   8   8  22   1   2   5  0.11 inf
  110 Y   -1 -3 -3 -3 -3 -2 -2 -2  0  0  1 -2  0  2  0 -1  0  6  5  0    3   1   0   1   0   1   2   3   2   4  13   1   2   8   5   4   6  13  24   7  0.46 inf
  111 R    0  2  0 -1 -2 -1 -1  1  0  0 -1  0  0  1  1 -1  0 -2 -1  0    6  16   4   4   0   1   1  10   3   7   5   4   2   8   6   3   8   0   0  10  0.05 inf
  112 T    0  0  1  1 -2  0  0  1  1 -1 -2  0 -1 -2  1  1  1 -1  1 -1    4   5   8   8   0   2   6  14   3   3   3   5   2   1   7   9  10   1   6   2  0.11 inf
  113 D   -1 -1  3  4 -3 -1  0 -1  0 -1 -1 -1 -1 -3  0  1  0 -3 -2 -1    3   2  21  26   0   2   3   2   2   4   7   1   1   1   5   9   6   0   0   4  0.30 inf
  114 L   -1 -2 -3 -3 -3 -2 -2 -1 -3  0  2 -2  1  0  5 -2 -2 -3 -2  1    3   1   1   1   0   1   1   5   0   2  30   1   3   3  34   1   1   0   0  12  0.61 inf
  115 F   -1 -2  0 -2 -2 -2 -2 -3 -2  1  2 -2  2  3  0 -1  0  0 -1  1    3   1   5   1   0   1   1   1   0  10  20   1   6  18   5   3   8   1   0  14  0.18 inf
  116 Y   -1 -2 -1 -1 -3 -2 -1  2 -2 -1 -1 -2 -2  2 -2  0  0  6  2 -2    4   2   2   3   0   1   4  22   0   5   6   1   0   9   2   6   7  16   8   2  0.34 inf
  117 Y    1 -1  2  1 -1 -1  0 -1 -1 -1 -1 -1 -1 -1  1  1  1  3  0 -1   12   1  13   9   1   1   4   3   0   4   5   2   2   3   7  12  12   5   4   1  0.13 inf
  118 K    0  2 -1  0 -2  0  1  1 -1 -1 -1  2 -1 -2  1  0  0  2 -2 -1    5  15   1   5   0   2   8  12   0   3   5  15   2   1   6   5   5   4   1   3  0.14 inf
  119 T    1 -1  0 -2 -1 -1 -1 -1  0  1  1 -1  0 -1  1 -1  1 -1 -1  1   14   4   4   1   0   1   1   5   3   7  17   2   2   3   9   1  13   1   1  11  0.07 inf
  120 W    0 -2 -2 -1 -2 -2 -2 -1 -2  0  1 -2  0  4 -2 -2 -1  5  0  1    7   1   1   3   0   1   2   6   0   4  12   1   3  30   2   1   3  10   1  12  0.30 inf
  121 G    0  1  2  1 -2  1  0  2  0 -3 -2  0 -2 -3  0  0 -1 -1 -2 -2    9   7  15   8   0   7   3  22   2   1   3   7   0   1   3   6   2   1   1   1  0.21 inf
  122 D    0  1  1  2 -2  1  0 -1  1  0 -1  0 -1 -2 -1  0  0 -2 -1  0    8   9   9  16   0   8   5   2   3   8   3   2   1   1   1   4   7   0   1  10  0.10 inf
  123 D    0  0  1  1 -2  1  0 -1  0 -1  0  0 -1 -2  3  0  0 -2 -2  0    6   5   7  10   0   6   4   5   2   2  10   2   0   1  19   5   6   0   1   7  0.19 inf
  124 F   -1 -2 -2 -3 -2 -2 -2 -2 -2  2  2 -2  2  2 -3  0  0 -1  1  1    2   1   1   1   0   0   1   1   0  21  19   1   7  14   1   7   6   0   6  12  0.20 inf
  125 T   -2 -3 -2 -3  2 -2 -2 -3 -3 -2 -3 -2 -2 -4  0  1  6 -4 -3 -1    0   0   0   0   4   0   0   0   0   0   0   0   0   0   5   7  80   0   0   1  1.11 inf
  126 Y    3 -3 -3 -3 -2 -2 -3 -1 -2  0 -1 -3 -1  1 -1 -1 -1  4  3  3   29   0   0   0   0   0   0   4   0   0   0   0   0   5   2   4   1   7  13  35  0.38 inf
  127 H   -4 -3 -2 -3 -5 -2 -2 -4 10 -5 -5 -3 -4 -3 -4 -3 -4 -5 -1 -5    0   0   0   0   0   0   0   0  98   0   0   0   0   0   0   0   0   0   0   0  2.74 inf
  128 P   -1 -3 -2 -3  1 -1 -3 -2 -3  0 -2 -3 -1  2  7 -2 -2 -3 -2 -2    3   0   2   0   3   4   0   2   0   9   1   0   1  14  57   1   2   0   0   1  1.13 inf
  129 L   -3 -4 -5 -5  0 -3 -4 -5 -4  2  5 -4  3 -1 -4 -4 -2 -3 -2  0    0   0   0   0   2   0   0   0   0  12  77   0   7   0   0   0   0   0   0   3  0.90 inf
  130 G    0 -4 -2 -3 -4 -3 -4  7 -4 -5 -5 -3 -4 -5 -4 -1 -3 -4 -5 -5    5   0   0   0   0   0   0  93   0   0   0   0   0   0   0   2   0   0   0   0  1.69 inf
  131 G   -1 -4 -2 -3 -4 -3 -4  7 -4 -5 -5 -3 -4 -5 -4  0 -1 -4 -5 -5    0   0   0   0   0   0   0  91   0   0   0   0   0   0   0   6   3   0   0   0  1.63 inf
  132 V    3 -4 -4 -4  9 -4 -4 -3 -4 -2 -2 -4  1 -4 -4 -2 -2 -4 -4  0   33   0   0   0  54   0   0   0   0   0   1   0   4   0   0   0   1   0   0   7  1.37 inf
  133 L    1  1 -1 -3  3 -2 -1 -1 -1  0 -1 -1 -1 -3  3 -1  0 -4 -3  2   12  12   3   0   8   0   3   3   1   5   1   0   0   0  18   2   4   0   0  28  0.27 inf
  134 L   -2 -3 -4 -4 -3 -3 -4 -5 -4  4  3 -3  7 -1 -4 -3 -2 -3 -2  1    2   0   0   1   0   0   0   0   0  27  22   0  42   1   0   0   0   0   0   5  0.83 inf
  135 N    1 -3  0 -1 -3 -1 -1  6 -3 -4 -4 -2 -4 -4 -3  0 -2 -4 -4 -4   10   0   5   3   0   2   4  71   0   0   0   0   0   0   0   4   0   0   0   0  1.03 inf
  136 K   -1  2  0 -1 -3  0  1  3 -2 -4 -3  2 -3 -4 -2  2  0 -3 -3 -3    1  10   3   0   0   1  13  30   0   0   0  15   0   0   0  18   6   0   0   0  0.39 inf
  137 A    3 -3 -2 -4 -2 -3 -3 -3 -4  0 -1 -3 -1 -3 -3 -1 -1 -4 -3  5   33   0   2   0   0   0   0   0   0   0   0   0   0   0   0   3   1   0   0  60  0.67 inf
  138 T   -1 -2 -3 -3  5 -3 -3 -3 -4  3  0 -2 -1 -2 -2 -1  3 -4 -3  3    4   2   0   0  16   0   0   1   0  18   7   1   0   0   1   0  23   0   0  28  0.42 inf
  139 D   -3 -2  2  7 -5  0  0 -2 -2 -5 -5 -2 -4 -5 -3 -1 -1 -6 -4 -5    0   1  11  77   0   2   1   1   0   0   0   0   0   0   0   2   4   0   0   0  1.36 inf
  140 N    0 -2  1  2 -3 -1  0  0  3 -2  0 -1  0 -1  4  0 -1 -3 -2 -1    6   0   9  12   0   1   4   6  13   1  10   1   2   3  21   6   3   0   0   3  0.28 inf
  141 F   -1  1 -2  1 -3  0 -1 -2  1 -2 -1 -1 -1  2 -3 -1  0  1  5 -2    5   9   1   8   0   5   3   3   3   0   4   3   1   9   0   2   7   1  36   2  0.37 inf
  142 G   -2 -3  1 -2 -1 -1 -3  5  5 -5 -4 -2 -4 -4 -4 -1 -3 -4 -3 -4    0   0   8   0   1   2   0  63  20   0   2   0   0   0   0   4   0   0   0   0  1.05 inf
  143 R   -2  6 -2 -2 -5  3  2 -2  0 -4 -4  1 -3 -4 -3 -2 -2 -4 -3 -4    2  60   0   0   0  13  17   2   1   0   0   4   0   0   0   0   0   0   0   0  0.98 inf
  144 L    0 -3 -4 -4  0 -3 -4 -4 -4  2  2 -2  0 -2 -4 -3 -1 -4 -2  5    6   0   0   0   2   0   0   0   0   4  19   2   1   0   0   0   2   0   0  63  0.63 inf
  145 P   -1  1 -1 -2 -3 -1  0 -3  4 -1 -1  0 -1  4 -2 -1 -1  1  4 -1    4  11   1   2   0   1   5   0  14   2   4   6   1  25   1   3   1   1  16   3  0.32 inf
  146 E   -1 -2  0  0 -4 -3 -2  6 -1 -3 -4 -2 -3 -4 -3 -1 -1 -4 -4  0    2   1   5   6   0   0   1  68   1   0   0   0   0   0   0   2   3   0   0   9  0.90 inf
  147 Y   -3 -3 -3 -4 -4  1 -3 -4  7 -4 -3 -3 -3  0 -4 -3 -3 -1  7 -2    0   0   0   0   0   6   0   0  36   0   0   0   0   0   0   0   0   0  56   2  1.59 inf
  148 P   -1  1 -1  2 -4  1  1 -3 -1 -4 -4  1 -3 -4  6  0 -1 -4 -3 -3    2  10   2  11   0   7  11   0   1   0   0   8   0   0  42   5   1   0   0   0  0.86 inf
  149 G   -2 -2  4 -1 -4 -2 -3  6 -2 -5 -5 -2 -4 -5 -3 -1  0 -4 -4 -4    0   1  24   1   0   0   0  66   1   0   0   1   0   0   0   1   5   0   0   0  1.11 inf
  150 L   -3 -4 -5 -5 -3 -4 -4 -5 -4  2  5 -4  2  0 -4 -4 -3 -3 -2  0    0   0   0   0   0   0   0   0   0  10  84   0   4   2   0   0   0   0   0   1  1.00 inf
  151 Y   -3 -1 -3 -4 -4 -3 -3 -4  5 -1 -2 -3 -2  4 -4 -1 -3  1  7 -1    0   4   0   0   0   0   0   0  15   3   1   0   0  15   0   4   0   1  53   3  1.08 inf
  152 V   -1 -4 -5 -5  1 -4 -4 -5 -5  3  0 -4 -1 -2 -4 -3 -2 -4 -3  6    1   0   0   0   2   0   0   0   0  12   1   0   0   0   0   0   0   0   0  83  1.08 inf
  153 V    1 -3 -2 -3  4 -2 -3 -3 -3  1  1 -2  3 -2 -3  0  2 -3 -2  3   12   0   1   0  10   1   0   0   0   8   8   0  11   0   0   3  20   0   0  27  0.32 inf
  154 D   -4 -4 -1  8 -6 -2  0 -3 -3 -5 -6 -3 -5 -6 -4 -2 -3 -6 -5 -5    0   0   0 100   0   0   0   0   0   0   0   0   0   0   0   0   0   0   0   0  2.07 inf
  155 G    1 -4 -2 -3 -4 -3 -4  7 -4 -5 -5 -3 -4 -5 -4 -1 -3 -4 -5 -4    9   0   0   0   0   0   0  87   0   0   0   0   0   0   0   3   0   0   0   0  1.53 inf
  156 S    3 -3 -1 -2 -2 -2 -2 -2 -3 -4 -4 -2 -3 -4 -2  5  0 -4 -3 -3   33   0   0   0   0   0   0   0   0   0   0   0   0   0   0  67   0   0   0   0  0.95 inf
  157 L    2 -1 -3 -3 -2 -2 -3 -3 -3  1  2 -2  2  0 -3 -1  0 -3 -2  2   26   3   0   0   0   0   0   0   0   8  29   0   5   2   0   3   3   0   0  21  0.28 inf
  158 V   -2 -4 -4 -4  0 -3 -4 -5 -4  5  2 -4  3 -1 -4 -2 -2 -4 -2  3    0   0   0   0   1   0   0   0   0  43  16   0   9   1   0   2   0   0   0  29  0.65 inf
  159 P   -1 -4 -3 -3 -4 -3 -3 -2 -4 -4 -4 -3 -4 -5  7  1  0 -5 -4 -4    2   0   0   0   0   0   0   3   0   0   0   0   0   0  74  15   6   0   0   0  1.80 inf
  160 G    3  0 -2 -3  0 -2 -2  4 -3 -3 -3 -2 -1 -4 -3  0  1 -4 -3 -2   29   7   0   0   3   0   0  42   0   0   1   1   2   0   0   1  14   0   0   1  0.57 inf
  161 N    2 -2  5 -1 -3 -2 -2 -1 -2 -4 -4 -2 -3 -4  1  3  0 -4 -3 -3   24   0  39   1   0   0   0   2   0   0   0   0   0   0   6  26   2   0   0   0  0.64 inf
  162 V    0 -3 -2 -4 -2 -3 -3 -4 -3  2  4 -3  1 -1 -1 -2  2 -3 -2  2    6   0   1   0   0   0   0   0   0  10  51   0   1   0   3   0  16   0   0  12  0.42 inf
  163 G    0 -4 -2 -3  1 -3 -3  6 -4 -5 -5 -3 -4 -5 -3 -1  0 -4 -4 -4    8   0   0   0   3   0   0  80   0   0   0   0   0   0   0   3   6   0   0   0  1.30 inf
  164 V    1 -3 -4 -4  3 -3 -3 -4 -4  1  0 -3  0 -1 -1 -2 -1 -4 -2  5   14   1   0   0   7   0   0   0   0   1   4   0   1   2   2   1   2   0   0  66  0.62 inf
  165 N   -3 -2  8 -1 -5 -2 -2 -2  1 -5 -5 -2 -4 -5 -2 -1 -1 -6 -4 -5    1   0  93   0   0   0   0   0   3   0   0   0   0   0   2   0   1   0   0   0  1.77 inf
  166 P   -3 -4 -4 -4 -5 -3 -3 -4 -4 -5 -5 -3 -5 -6  8 -3 -3 -6 -5 -5    0   0   0   0   0   0   0   0   0   0   0   0   0   0 100   0   0   0   0   0  2.85 inf
  167 F    2 -2 -2 -2 -2 -1 -2 -2 -2 -2  0 -2 -2  3 -3  4  0 -3  0 -1   15   0   0   0   0   1   0   0   0   1   9   0   0  18   0  50   1   0   2   3  0.45 inf
  168 V    0 -2 -4 -4 -2 -3 -3 -4 -4  1  4 -3  4 -1 -4 -2 -2  1 -2  2    9   2   0   0   0   0   0   0   0   1  57   0  15   1   0   1   0   2   0  12  0.57 inf
  169 T   -2 -3 -2 -3 -3 -3 -3 -3 -4 -3 -3 -3 -3 -2 -3  1  7 -4 -3 -2    0   0   0   0   0   0   0   0   0   0   0   0   0   2   0   4  94   0   0   0  1.46 inf
  170 I   -3 -5 -5 -5 -3 -5 -5 -6 -5  7  0 -4  0 -2 -5 -4 -2 -4 -3  1    0   0   0   0   0   0   0   0   0  98   0   0   0   0   0   0   0   0   0   2  1.44 inf
  171 T    3 -2 -2 -2  1 -2 -2 -2 -3 -2 -2 -2 -1 -3 -2  2  4 -4 -3 -1   33   0   0   0   4   0   0   1   0   0   2   0   2   0   0  13  45   0   0   0  0.59 inf
  172 A    6 -3 -3 -3 -2 -2 -3 -1 -3 -3 -3 -2  0 -4 -2  0 -2 -4 -3 -2   96   0   0   0   0   0   0   2   0   0   0   0   2   0   0   0   0   0   0   0  1.16 inf
  173 L   -2 -2 -1 -3 -2  2 -2 -4 -3  1  4 -2  2  1 -4 -3 -2 -3 -2  2    0   0   3   0   0  15   0   0   0   4  53   0   6   5   0   0   0   0   0  14  0.44 inf
  174 A    6 -3 -3 -3 -2 -2 -2 -1 -3 -3 -3 -2 -2 -4 -2  1  0 -4 -3 -2   89   0   0   0   0   0   0   0   0   0   0   0   0   0   0   8   3   0   0   0  1.05 inf
  175 E   -3 -1 -2  2 -5  0  7 -4 -2 -5 -3 -1 -4 -5 -3 -1 -2 -5 -4 -4    0   1   0   6   0   0  89   0   0   0   2   0   0   0   0   2   0   0   0   0  1.38 inf
  176 R   -3  7 -2 -3 -5 -1 -2 -4  3 -5 -4  1 -3 -2 -4 -2 -3  2  1 -4    0  81   0   0   0   0   0   0   8   0   0   2   0   1   0   0   0   3   5   0  1.34 inf
  177 N    3 -2  2 -2  4 -1 -2 -2 -2  0 -2 -2 -1 -2 -2  1  0 -4 -3  0   44   0  16   0  12   2   0   0   0   7   1   0   1   1   0   9   5   0   0   3  0.37 inf
  178 M    1 -3 -4 -4  2 -2 -3 -3 -3  2  1 -3  6 -1 -3 -2 -2 -3 -2  2   18   0   0   0   6   0   0   0   0  10   6   0  42   1   0   1   0   0   0  16  0.57 inf
  179 D    2 -2 -1  2 -3  0  4 -2  1 -3 -3 -1 -2 -4  1  1 -1 -4 -2 -2   23   0   1  14   0   2  34   1   5   0   0   0   0   0   6  10   2   0   0   1  0.42 inf
  180 K   -1  3  0 -1 -3  1  0  1  4 -3 -1  2 -1 -1 -2 -1  0 -3  0 -2    4  24   5   1   0   7   2  11  14   0   5  13   2   2   0   1   5   0   4   1  0.24 inf
  181 I   -1 -3 -4 -4 -2 -3 -4 -4 -4  5  2 -3  2  1 -4 -3 -2 -3 -2  2    6   0   0   0   0   0   0   0   0  49  23   1   4   6   0   0   0   0   0  12  0.54 inf
  182 I    0 -2 -3 -3  0 -2 -2 -4 -3  3  2 -3  1 -1  2 -2 -1 -3 -2  2    8   2   0   0   2   1   1   0   0  24  29   0   2   0  10   0   0   0   0  22  0.33 inf
  183 S    4  2 -1 -2 -2  2  0 -1 -2 -3 -2  1 -2 -3 -2  1  0 -3 -3 -1   49  14   1   0   0  11   5   1   0   0   1   8   0   0   0   5   4   0   0   1  0.38 inf
  184 S    2  2 -1  0 -3  2  3 -2  1 -3 -3  2 -2 -3 -2  0  1 -3 -2 -2   21  10   1   5   0  14  21   0   3   0   0  12   0   0   0   5  10   0   0   0  0.32 inf
  185 D   -3  0  1  7 -5 -2  1 -3 -2 -5 -5 -1 -5 -5 -3 -2 -3 -6 -5 -5    0   4   6  84   0   0   3   0   0   0   0   3   0   0   0   0   0   0   0   0  1.49 inf
  186 I   -2 -3 -4 -4 -2 -3 -4 -4 -3  3  3 -3  2  2 -3 -3 -1 -2 -1  3    0   0   0   0   0   0   0   0   0  17  35   0   4  13   0   0   0   0   0  31  0.46 inf

                      K         Lambda
Standard Ungapped    0.1363     0.3171
Standard Gapped      0.0474     0.2670
PSI Ungapped         0.1546     0.3116
PSI Gapped           0.0474     0.2670
