
Last position-specific scoring matrix computed, weighted observed percentages rounded down, information per position, and relative weight of gapless real matches to pseudocounts
           A  R  N  D  C  Q  E  G  H  I  L  K  M  F  P  S  T  W  Y  V   A   R   N   D   C   Q   E   G   H   I   L   K   M   F   P   S   T   W   Y   V
    1 M   -4 -5 -6 -7 -5 -4 -6 -6 -5 -2 -1 -5 11 -3 -6 -5 -4 -5 -4 -3    0   0   0   0   0   0   0   0   0   0   0   0 100   0   0   0   0   0   0   0  3.05 inf
    2 M   -2 -2 -1 -4 -5 -1 -3 -5  0 -2 -2  0  9 -4 -4  1  2 -5 -4 -3    2   1   3   1   0   3   1   0   2   2   1   6  58   0   1   9  11   0   0   0  1.37 inf
    3 K   -1  0  1  0 -3  2  0 -2  1 -1 -2  3  0 -3 -1  1  2 -4 -1 -1    4   2   7   4   0   8   5   1   4   3   2  19   2   1   2  13  17   0   2   3  0.23 inf
    4 K   -1  2  2 -1 -4  1  1 -3  0 -3 -3  3 -2 -4  0  0  2 -5 -3 -2    4  10   8   3   0   4  10   1   2   1   2  25   1   0   5   7  16   0   0   2  0.35 inf
    5 I   -2 -4 -4 -5 -2 -4 -4 -6 -3  5  2 -4  4 -2 -1 -4 -2 -5 -3  4    2   0   1   0   1   0   1   0   1  33  16   1  13   1   4   0   2   0   1  26  0.78 inf
    6 D   -1  0  2  2 -4  2  1 -2 -1 -2 -2  3 -2 -4  1  0  0 -4 -3 -2    5   4   9  15   0  10   9   2   1   3   5  19   0   0   6   6   5   0   0   1  0.27 inf
    7 V   -3 -5 -4 -6 -1 -5 -5 -6 -5  4  2 -5  3 -1 -5 -5 -3 -5 -1  5    1   0   1   0   1   0   0   0   0  26  15   0   6   2   0   0   1   0   2  44  0.98 inf
    8 K   -2  3 -2 -2 -6  1  0 -4 -1 -5 -4  6 -4 -5  0 -2 -2 -3 -4 -4    2  14   2   2   0   4   6   1   1   0   2  58   0   0   4   1   1   0   0   1  1.07 inf
    9 I   -3 -1 -5 -5 -3 -4 -5 -5 -4  6  1 -1  0  0 -4 -4 -3 -1 -2  3    1   5   0   0   0   0   0   0   0  48  10   5   1   3   0   1   0   1   1  21  0.85 inf
   10 L   -2 -1 -2 -3 -3  1 -2 -4 -2  2  4  1  0 -1 -1 -3 -1 -1 -2  1    2   3   1   1   0   7   1   1   1  10  41  12   1   2   2   1   3   1   1   8  0.34 inf
   11 D   -2  3  2  4 -3 -1 -1 -3 -1  1 -1 -1 -2  0 -2 -1 -2 -3 -2  0    2  17  12  25   0   2   3   1   2  10   5   3   0   4   1   3   1   0   1   8  0.29 inf
   12 P   -1  1  0 -1 -3  0  0 -2 -1 -1  1  3 -1 -3  4 -1 -1 -2 -3 -2    5   6   3   3   0   3   6   3   1   2  17  21   1   1  18   4   3   0   0   2  0.27 inf
   13 R   -2  5 -2 -2 -4 -1 -1 -1 -1 -3 -2  3 -3 -2  3 -1 -1 -1 -3 -3    3  37   1   2   0   1   3   4   1   1   3  18   0   2  12   4   2   1   1   1  0.60 inf
   14 V   -1 -2 -1 -2 -2 -2 -2 -3  4  2  3 -2  2 -1 -3 -2 -1 -3 -1  1    5   1   3   2   1   1   2   2  15  14  31   2   4   2   1   2   2   0   1   9  0.31 inf
   15 G    1  0  2  2 -2  0  0  3  3 -2 -3  0 -2 -2 -1  0 -1 -1 -1 -2   11   5   9  13   0   2   3  22   8   2   2   5   0   1   2   5   3   1   1   2  0.22 inf
   16 K    0  0  0  2 -4  1  3 -2 -1 -3 -3  1 -3 -4  3  1  0 -4 -3 -2    6   4   3  12   0   5  21   2   1   1   1  10   0   0  15  10   6   0   1   2  0.37 inf
   17 E   -1 -2  2  3 -2  1  2  2 -1 -4 -3  0 -3 -4 -2  0 -1  0 -2 -3    3   1  10  21   1   5  17  19   1   0   2   5   0   0   2   6   3   1   1   1  0.39 inf
   18 F    2 -3 -1 -3 -2 -2 -2 -2  0  1  2 -3  0  2 -2 -2 -2  3  0  1   26   1   3   1   0   1   1   3   3   6  27   1   1   9   1   1   1   5   2   8  0.25 inf
   19 P   -1 -2 -2 -1 -2  0  0 -1 -2  0 -2  0 -1 -1  6 -1 -1 -4 -3 -1    4   1   2   3   1   4   7   5   1   7   3   7   1   3  39   3   2   0   0   6  0.61 inf
   20 L   -2 -4 -5 -5 -4 -3 -5 -5 -5  3  5 -5  1 -1 -2 -4 -3 -4 -3  0    3   0   0   1   0   1   0   1   0  14  67   0   3   2   2   1   0   0   0   5  0.99 inf
   21 P   -5 -6 -6 -5 -7 -5 -4 -6 -6 -7 -6 -5 -6 -7  9 -5 -5 -7 -7 -6    0   0   0   0   0   0   1   0   0   0   1   0   0   0  97   0   0   0   0   0  3.17 inf
   22 T    3  1  0 -1 -2  1  1 -1  1 -3 -3  1 -2 -2 -3  1  1 -4 -3 -1   26   6   3   1   1   7  10   3   3   0   1   9   0   1   0  13  10   0   0   5  0.25 inf
   23 Y   -5  2 -6 -7 -2 -3 -6 -7 -1 -5 -4 -3 -5  0 -5 -5 -5  1  9 -5    0  11   0   0   1   1   0   0   1   0   1   2   0   2   0   0   0   1  79   0  2.42 inf
   24 A    5 -3 -4 -4 -3  2  1  1 -3 -4 -4 -1  1 -4 -4 -1 -3 -5 -4 -2   57   0   0   0   0  11  10   9   0   0   0   4   4   0   0   1   0   0   0   1  0.84 inf
   25 T   -3 -3 -2 -4 -5 -2 -4 -5  5 -5 -5 -3 -3 -4 -5  2  7 -6 -1 -4    0   1   1   0   0   1   0   0  15   0   0   1   0   0   0  13  64   0   2   0  1.46 inf
   26 S    2 -1 -2  1 -4  0  3 -3 -2 -2 -3  0 -3 -3  4  1 -1 -5 -3 -2   18   2   1   8   0   2  21   1   1   2   1   4   0   1  22   9   4   0   1   2  0.48 inf
   27 G   -1 -4 -1 -2 -3  0 -2  6  3 -5 -3 -3 -3 -1 -5 -2 -3 -3 -1 -5    4   0   3   2   0   5   3  63   7   0   4   0   0   3   0   1   1   0   2   0  1.06 inf
   28 S    4 -4 -3  4 -4 -3 -3 -3 -4 -5 -5 -4 -5 -6 -4  5 -2 -6 -5 -4   37   0   0  22   0   0   0   0   0   0   0   0   0   0   0  41   0   0   0   0  1.14 inf
   29 A    7 -5 -5 -5 -4 -4 -4 -3 -5 -5 -5 -4 -4 -6 -4  2 -3 -6 -5 -2   87   0   0   0   0   0   0   1   0   0   0   0   0   0   0  11   0   0   0   2  1.72 inf
   30 G   -1 -6 -4 -5 -1 -5 -6  8 -6 -7 -7 -5 -6 -7 -6 -4 -5 -6 -7 -7    5   0   0   0   2   0   0  94   0   0   0   0   0   0   0   0   0   0   0   0  2.33 inf
   31 L    2 -4 -5 -6  0 -4 -5 -5 -4  1  3 -4  6  2 -5 -4 -3 -4  1  0   16   0   0   0   2   0   0   0   0   5  32   0  26   8   0   0   0   0   5   6  0.77 inf
   32 D   -6 -6 -3  9 -8 -4 -2 -5 -5 -7 -8 -5 -7 -8 -6 -4 -5 -9 -7 -7    0   0   0 100   0   0   0   0   0   0   0   0   0   0   0   0   0   0   0   0  2.90 inf
   33 L   -5 -6 -7 -7 -5 -6 -6 -7 -6  1  6 -6 -1 -2 -6 -6 -4 -5 -4  1    0   0   0   0   0   0   0   0   0   6  86   0   0   1   0   0   0   0   0   7  1.62 inf
   34 R   -2  6 -3 -4  3 -1 -3 -5  3 -3 -3 -1 -1  0 -4  0 -2 -3  4 -1    3  43   0   0   6   1   0   0   8   1   2   2   1   4   0   7   1   0  15   4  0.79 inf
   35 A    6 -4 -4 -4 -1 -4 -4 -3 -5 -4 -4 -4 -4 -5 -4  2  0 -5 -5 -2   73   0   0   0   1   0   0   0   0   0   0   0   0   0   0  17   4   0   0   3  1.33 inf
   36 C    3 -2  1 -1  7 -3 -3 -3 -2 -1 -2 -3 -1 -1 -4 -1 -1 -1  0  0   28   2   9   3  27   1   0   1   1   4   2   1   2   2   0   3   3   1   4   6  0.63 inf
   37 L   -1 -3 -1 -3 -1 -2 -1 -3 -2  4  3 -3  1  0 -2 -2  0 -3 -2  2    3   1   3   1   1   1   4   1   1  25  32   1   2   3   1   3   5   0   1  11  0.33 inf
   38 N   -1 -1  1  5 -4  0  3 -2 -2 -4 -4  0 -4 -4  0  0  0 -4 -3 -3    4   2   4  38   0   3  20   2   1   1   1   4   0   0   5   6   7   0   1   1  0.65 inf
   39 D    2 -2 -1  1 -4  1  5 -1  0 -4 -4  1 -3 -5 -3  0 -1 -4 -4 -3   17   1   2   6   0   4  46   5   2   0   1   6   0   0   1   5   2   0   0   1  0.64 inf
   40 A    1 -2 -1  2 -1 -2  1 -2 -2 -4 -3 -1 -3 -3  5  1  1 -4 -4 -3   12   1   3  13   1   1  10   2   1   0   1   3   0   1  32   8  10   0   0   1  0.62 inf
   41 V   -2 -3 -4 -4 -1 -3 -3 -4 -4  4  2 -3  2  0 -3 -3 -1 -4 -2  4    3   1   0   0   1   1   1   1   0  22  22   1   5   3   1   0   2   0   0  32  0.52 inf
   42 E   -1 -2 -2 -1 -2 -2  1 -4 -2  2 -1 -2 -1 -3 -3 -1  4 -4 -2  3    2   1   1   2   0   1  10   0   1  11   2   2   1   0   1   3  32   0   1  24  0.37 inf
   43 L   -4 -5 -6 -6 -4 -5 -6 -6 -6  5  5 -5  0 -1 -5 -5 -3 -5 -4  2    0   0   0   0   0   0   0   0   0  33  51   0   0   1   0   0   0   0   0   9  1.07 inf
   44 A    2  0  0 -1 -2  2  2 -1  0 -3 -1  2 -1 -3  2 -1 -2 -3 -1 -2   22   2   5   1   1   9  14   3   2   0   6  16   1   0   9   1   0   0   2   2  0.24 inf
   45 P    0 -3 -5 -5 -6 -4 -5 -5 -4 -5 -6 -3 -6 -7  8 -2 -4 -7 -6 -4    9   1   0   0   0   0   0   0   0   0   0   2   0   0  78   3   1   0   0   1  2.23 inf
   46 G   -3 -1  0 -3 -5 -1 -4  6  1 -5 -1 -2  1  0 -5 -1 -4 -5 -3 -5    0   3   3   1   0   3   0  63   4   0   6   2   4   4   0   3   0   0   0   0  0.99 inf
   47 D    0 -1 -2  0 -1  3  5  0 -1 -5 -5  0 -2 -5 -4  0 -2 -5 -4 -4    9   2   1   4   1  14  44   8   1   0   0   5   1   0   0   4   2   0   0   0  0.65 inf
   48 T   -2  5 -3 -3 -1 -2 -3 -4 -1  0 -3 -1 -3 -3 -1  0  3  1 -1  0    3  40   0   1   2   1   0   0   1   7   1   1   0   1   2   5  21   2   2   5  0.58 inf
   49 T    2  0 -2 -2  1  0  0 -1  0 -1 -2  1 -1 -2 -3 -1  1 -4 -1  1   26   6   0   0   3   5   6   3   3   3   2   9   1   1   0   2   8   0   2  15  0.13 inf
   50 L   -1 -2 -3 -5 -2 -2 -4 -4 -4  0  5 -1  3  0 -2 -2 -1 -4 -3  0    4   2   1   0   1   1   0   0   0   2  57   5   7   4   1   3   3   0   0   6  0.54 inf
   51 V   -3 -5 -6 -6 -3 -5 -5 -6 -6  5  0 -5 -1  0 -5 -4 -3 -5 -3  5    1   0   0   0   0   0   0   0   0  41   5   0   0   4   0   0   0   0   0  45  1.11 inf
   52 P   -2  0 -2 -2 -5 -2 -2  0  1 -5 -5  0 -5 -6  7 -1 -3 -6 -5 -5    3   4   2   1   0   1   1   8   4   0   0   6   0   0  61   5   0   0   0   0  1.43 inf
   53 T    0 -4 -3 -4  0 -4 -4 -4 -5 -2 -4 -4 -4 -5 -4  0  7 -6 -5 -2    5   0   0   0   2   0   0   1   0   1   0   0   0   0   0   5  82   0   0   1  1.58 inf
   54 G   -3 -5 -3 -2 -6 -5 -5  7 -5 -7 -7 -5 -6 -6 -5 -3 -5 -6 -6 -6    0   0   0   2   0   0   0  94   0   0   0   0   0   0   0   1   0   0   0   0  2.16 inf
   55 L   -3 -5 -5 -6 -3 -4 -5 -6 -5  4  4 -5  1  2 -5 -4 -3 -1 -1  2    0   0   0   0   0   0   0   0   0  30  44   0   2   8   0   0   0   1   1  11  0.82 inf
   56 A    5  0 -3 -3  2 -1 -2 -2  0 -2 -3  0 -2  0 -3  2 -1 -4 -1 -2   51   4   0   0   4   2   1   0   3   2   0   6   0   4   0  14   2   0   2   1  0.50 inf
   57 I   -2 -5 -5 -5 -2 -4 -5 -6 -5  5  1 -5  4  2 -5 -4 -3 -4 -3  3    2   0   0   0   1   0   0   0   0  45  11   0  11   8   0   0   0   0   0  20  0.86 inf
   58 H    3 -2 -2 -1 -3  1  4 -3  4 -4 -4 -2 -1 -3 -3 -1 -3 -4  1 -3   33   1   1   2   0   5  32   1  10   0   0   0   2   1   0   3   0   0   5   0  0.59 inf
   59 I   -3 -5 -5 -5 -2 -5 -5 -6 -5  6  4 -5  1 -2 -1 -4 -3 -4 -3  1    0   0   0   0   1   0   0   0   0  46  37   0   2   0   4   0   0   0   0   6  0.95 inf
   60 A    0 -2 -3 -2 -3 -2 -2 -1 -2 -5 -4 -3 -3 -3  8 -2 -3 -6 -5 -4    8   2   1   2   0   1   2   5   1   0   1   1   0   1  67   1   1   0   0   0  1.58 inf
   61 D   -1 -1  0  4 -1  1  4 -1 -1 -2 -2  0 -1 -3 -2  0 -1 -3 -1 -2    3   2   4  24   1   4  29   3   1   1   4   3   2   1   1   5   2   0   2   3  0.35 inf
   62 P    0  0 -1 -1 -2  0  0  0  0 -1 -2  0 -1 -2  5 -1 -1 -2 -2  0    9   4   3   3   1   5   7   8   3   5   3   4   1   2  28   3   4   0   1   7  0.33 inf
   63 S   -2 -3  1  0 -3 -2 -1  6  0 -5 -5 -2 -5 -3 -4  0 -2 -2 -1 -5    2   0   7   4   1   1   3  66   2   0   0   2   0   1   0   5   2   0   3   0  1.07 inf
   64 L   -3 -4 -4 -5  0 -4 -4 -5  0  0  0 -4  0  4 -5 -3  0  2  7  0    1   0   0   0   2   0   0   0   2   4  10   0   3  16   0   0   6   2  46   6  1.05 inf
   65 A    3 -3 -3 -2  1 -1  5 -1 -1 -3 -3 -2 -2 -1 -3 -2 -2 -5 -2  1   28   0   0   0   3   0  45   3   1   0   1   0   0   3   0   1   1   0   1  13  0.67 inf
   66 A    5 -4 -4 -4 -3 -3 -4  4 -4  0 -1 -3  1 -2 -4 -2 -3 -5 -4 -1   50   0   0   0   0   0   0  30   0   5   6   0   4   1   0   0   0   0   0   4  0.79 inf
   67 M   -2 -1 -3 -4 -2  6 -1 -3 -3 -1  2 -2  1  3 -4 -3 -2 -3 -2  0    1   2   0   0   1  45   1   2   0   2  21   1   3  12   0   0   2   0   0   5  0.70 inf
   68 M   -2 -5 -6 -6 -3 -5 -5 -6 -6  5  0 -5  0 -3 -5 -4 -3 -5 -4  5    2   0   0   0   0   0   0   0   0  39   7   0   1   0   0   0   0   0   0  51  1.23 inf
   69 L   -2  6 -3 -4 -2 -1 -3 -5  3 -2  1 -1 -1  1 -5 -3 -3 -3  3 -3    3  45   0   0   1   1   0   0   9   2  17   0   1   7   0   0   0   0  13   1  0.79 inf
   70 P    0 -5 -4 -4 -5 -3 -4 -4 -5 -6 -6 -4 -5 -6  8  1 -3 -6 -6 -5    8   0   0   0   0   0   0   1   0   0   0   0   0   0  77  12   1   0   0   0  2.18 inf
   71 R   -5  9 -4 -5 -7 -2 -4 -6 -4 -7 -6 -1 -5 -6 -6 -4 -5 -6 -5 -6    0 100   0   0   0   0   0   0   0   0   0   0   0   0   0   0   0   0   0   0  2.61 inf
   72 S   -1 -4 -3 -4 -4 -3 -3 -4 -4 -6 -6 -4 -5 -6 -4  7 -2 -6 -5 -5    2   0   0   0   0   0   0   0   0   0   0   0   0   0   0  98   0   0   0   0  2.01 inf
   73 G   -3 -5 -3 -4 -6 -5 -5  7 -5 -7 -7 -5 -6 -6 -5  0 -4 -6 -6 -6    0   0   0   0   0   0   0  94   0   0   0   0   0   0   0   6   0   0   0   0  2.19 inf
   74 L   -4 -3 -5 -6 -4 -5 -5 -6 -2 -1  6 -5  2 -1 -6 -4 -2 -2 -4 -2    0   1   0   0   0   0   0   0   1   1  86   0   4   1   0   0   3   1   0   0  1.37 inf
   75 G    6 -4 -4 -4 -3 -4 -4  4 -4 -5 -5 -3 -4 -5 -4  1 -3 -5 -5 -3   65   0   0   0   0   0   0  27   0   0   0   0   0   0   0   8   0   0   0   0  1.21 inf
   76 H    1  0 -3 -4  0 -2 -3 -2  5  0  2 -2 -1  0 -3 -1  0 -2 -1  0   16   4   0   0   2   0   0   2  17   5  28   2   0   4   0   4   7   0   1   6  0.27 inf
   77 K   -4  3 -1 -3 -6 -1 -2 -5 -1 -5 -5  7 -3 -6 -4 -3 -3 -6 -4 -5    0  16   2   0   0   1   1   0   1   1   0  76   0   0   0   0   0   0   0   0  1.56 inf
   78 H   -3 -1  2 -2 -1  0  0 -4  9 -5 -4  1 -3 -1 -4 -1 -2 -4  2 -3    1   3   8   2   1   4   4   0  53   0   1   7   1   3   0   3   2   0   5   2  1.22 inf
   79 G   -2 -3 -2 -4 -4  0 -4  7 -3 -6 -5 -3 -2 -6 -4 -1 -4 -5 -4 -6    1   1   1   0   0   5   0  84   1   0   1   1   1   0   1   3   0   0   1   0  1.71 inf
   80 I   -3 -5 -6 -6 -4 -5 -5 -6 -6  6  3 -5 -1 -1 -5 -5 -3 -5 -3  3    0   0   0   0   0   0   0   0   0  51  28   0   0   1   0   0   0   0   0  20  1.13 inf
   81 V    0  0 -2 -2 -1 -2 -3 -3 -4 -1 -2 -3  2 -2 -3  2  4 -4 -3  2    5   5   0   2   1   1   0   1   0   2   2   0   6   1   0  16  36   0   0  20  0.47 inf
   82 L   -2 -4 -5 -5  2 -4 -5 -5 -5  2  4 -4  2 -2  0 -4 -2 -4 -3  4    1   0   0   0   4   0   0   0   0   8  39   0   4   0   4   0   1   0   0  38  0.77 inf
   83 G    2 -4 -3 -4 -2 -3 -3  2 -2 -1  2 -3 -1 -3  2  0 -2 -4 -3  1   20   0   0   0   1   0   0  19   1   1  29   0   0   0   9   5   0   0   0  13  0.35 inf
   84 N   -4 -3  9 -2 -5  1 -3 -3 -1 -6 -6 -3 -5 -6 -5 -2 -3 -6 -5 -6    0   0  90   0   0   5   0   0   1   0   0   0   0   0   0   0   0   0   0   0  2.26 inf
   85 L    2 -3 -2 -2  2 -2 -2  1 -3 -2  1 -1 -2 -3 -3  3  3 -4 -3 -2   18   0   1   1   4   0   0  12   0   0  14   2   0   0   0  24  23   0   0   0  0.39 inf
   86 V   -2 -5 -5 -4 -5 -4 -4 -5 -5  0 -2 -4 -3 -3  7 -4  0 -6 -5  4    3   0   0   0   0   0   0   0   0   4   2   0   0   1  56   0   5   0   0  29  1.48 inf
   87 G   -1 -6 -4 -5 -6 -5 -5  7 -5 -7 -7 -5 -6 -6 -5 -3 -5 -6 -6 -6    4   0   0   0   0   0   0  96   0   0   0   0   0   0   0   0   0   0   0   0  2.27 inf
   88 L   -2 -4 -3 -4 -2 -3 -4 -5 -4  1  2 -4 -2 -3 -4 -2  6 -5 -4  3    0   0   0   0   1   0   0   0   0   5  19   0   0   0   0   0  54   0   0  21  0.88 inf
   89 I   -3 -6 -6 -6 -1 -5 -6 -6 -6  7  0 -5 -1 -3 -5 -5 -3 -5 -4  3    1   0   0   0   1   0   0   0   0  80   2   0   0   0   0   0   0   0   0  17  1.56 inf
   90 D   -5 -5 -2  8 -7 -3 -1 -4 -4 -6 -7 -4 -6 -7 -5 -3 -4 -8 -6 -6    0   0   0 100   0   0   0   0   0   0   0   0   0   0   0   0   0   0   0   0  2.51 inf
   91 S    3 -2 -1 -3 -1 -2  0 -2 -1 -4 -4 -2 -3 -4  0  5 -1  2 -4 -3   31   1   1   0   1   1   4   0   1   0   0   0   0   0   5  51   0   3   0   0  0.79 inf
   92 D   -4 -4 -1  8 -1 -2 -1  2 -1 -6 -6 -3 -6 -6 -4 -3 -3 -7 -6 -6    0   0   1  80   1   1   0  15   2   0   0   0   0   0   0   0   0   0   0   0  1.73 inf
   93 Y   -5 -5 -5 -7 -6 -5 -5 -7  1 -5 -4 -5 -4  1 -6 -5 -5 -1 10 -5    0   0   0   0   0   0   0   0   2   0   0   0   0   1   0   0   0   0  96   0  2.87 inf
   94 Q   -4  7 -1 -4 -6  3 -1 -5  0 -6 -5  0 -4 -6 -5 -3 -1 -5 -4 -5    0  75   2   0   0  15   1   0   1   0   0   1   0   0   0   0   4   0   0   0  1.62 inf
   95 G   -3 -5 -3 -2 -5 -5 -5  7 -5 -7 -7 -3 -6 -6 -5 -2 -4 -5 -6 -6    0   0   0   1   0   0   0  96   0   0   0   1   0   0   0   2   0   0   0   0  2.13 inf
   96 Q   -3 -3 -2  0 -6  2  7 -5 -3 -5 -4 -2 -4 -6  2 -2 -3 -6 -5 -4    0   0   1   3   0   7  76   0   0   0   1   0   0   0  10   1   0   0   0   1  1.43 inf
   97 L   -3 -5 -6 -6 -3 -5 -5 -6 -5  6  3 -5 -1 -1 -5 -5 -3 -2 -1  3    0   0   0   0   0   0   0   0   0  44  31   0   0   1   0   0   0   1   2  22  1.03 inf
   98 M   -2  0 -2 -4  1 -1 -3  2 -2  0 -1  4  5 -1 -4 -2 -2 -4 -2 -2    1   3   1   0   3   1   0  19   1   5   4  33  22   3   0   1   1   0   1   1  0.56 inf
   99 I   -2 -6 -6 -6 -1 -5 -6 -6 -6  4 -1 -5 -1 -3 -5 -5 -3 -6 -4  6    3   0   0   0   1   0   0   0   0  22   3   0   0   0   0   0   0   0   0  71  1.42 inf
  100 S    0 -3 -2 -4  1 -3 -3 -2 -4  4  1 -1 -1 -1  1  2 -1 -2 -3  0    7   0   1   0   3   0   0   3   0  34  12   3   0   2   7  21   2   0   0   3  0.34 inf
  101 V   -1 -5 -6 -6  2 -4 -5 -6 -5  1  5 -5  2  0 -5 -4 -2 -4 -3  2    4   0   0   0   5   0   0   0   0   4  68   0   4   2   0   0   1   0   0  11  0.99 inf
  102 W   -2 -2 -4 -4 -2 -3 -4 -5  2  4  1 -4  0  0 -5 -3 -2  7  1  2    4   2   0   0   1   1   0   0   7  31  10   0   1   4   0   1   2  19   5  13  0.74 inf
  103 N   -5 -4  9 -2 -6 -4 -4 -4 -1 -7 -6 -4 -6 -7 -6 -2 -3 -7 -3 -6    0   0  96   0   0   0   0   0   1   0   1   0   0   0   0   1   1   0   1   0  2.59 inf
  104 R   -2  3 -2  0 -3 -2 -2 -4  5 -1  2 -2 -1  1 -4 -2  1 -4  0 -1    2  19   1   5   0   1   1   0  18   3  28   0   1   6   0   1   9   0   2   3  0.39 inf
  105 G   -2 -4 -2  2 -5 -4 -3  6 -4 -6 -6 -3 -5 -6 -4  3 -1 -5 -5 -5    1   0   0  12   0   0   0  55   0   0   0   1   0   0   0  27   4   0   0   0  1.17 inf
  106 Q    0  1  2  3 -4  2  1 -1  0 -3 -4  2 -2 -4  1  1  1 -4 -2 -3    5   9  10  16   0  11   5   3   2   1   0  14   1   0   6   8   8   0   1   0  0.31 inf
  107 D    0  0  0  1 -3  2  5 -3 -1 -2 -4  2 -3 -5 -3 -1  1 -5 -3 -2    7   3   4   6   0   8  42   1   1   3   0  10   0   0   0   3  10   0   1   2  0.56 inf
  108 S    1 -3 -1  2 -2 -2  1 -3 -3 -3 -4 -2 -4 -5  6  0  1 -6 -5 -2   14   0   2  12   1   0   8   0   0   1   0   1   0   0  41   6   9   0   0   3  0.88 inf
  109 F   -4 -1 -5 -6 -4  0 -4 -6 -3  1 -1 -4 -2  7 -6 -5 -4 -1  3  1    1   4   0   0   0   5   0   0   0   9   2   1   0  58   0   0   0   0  10   9  1.26 inf
  110 T   -1  1 -2 -2 -3  0  1 -4  0  0 -1  0 -1 -3 -3 -1  4 -4 -3  2    3   9   1   1   0   4   8   0   3   4   4   4   1   0   0   1  38   0   0  17  0.39 inf
  111 I   -3 -5 -6 -6 -2 -5 -6 -5 -6  6  2 -5 -1  0 -5 -5 -3 -5 -3  4    0   0   0   0   0   0   0   0   0  55  13   0   0   4   0   0   0   0   0  26  1.18 inf
  112 Q    0  2  2 -1 -3  2  3 -3  2 -4 -3  1 -2 -4 -3  0  1 -4 -2 -2    7   9  13   1   0   8  26   0   5   0   2  10   1   0   0   5   9   0   1   2  0.37 inf
  113 P   -1  4  0 -1 -5 -1 -2 -4  4 -3 -4  1 -4 -5  5 -2 -3 -4 -3 -1    4  28   5   3   0   1   1   0  10   2   0   8   0   0  30   1   0   0   0   5  0.79 inf
  114 G   -2 -4 -1 -4 -4 -3 -4  7  0 -6 -4 -2  0 -2 -5 -3 -4 -5 -4 -6    1   0   3   0   0   1   1  83   2   0   1   2   3   2   0   0   0   0   0   0  1.67 inf
  115 E   -4 -4 -2  6 -6  0  4 -5 -3 -5 -4 -2  5 -4 -4 -3 -2 -6 -4 -5    0   0   0  45   0   4  31   0   0   0   0   1  16   0   0   0   1   0   0   0  1.25 inf
  116 R   -5  8 -4 -5 -7 -2 -3 -6 -4 -7 -6  1 -5 -7 -6 -4 -5 -6 -5 -6    0  93   0   0   0   0   0   0   0   0   0   7   0   0   0   0   0   0   0   0  2.42 inf
  117 I   -4 -6 -6 -6 -3 -6 -6 -7 -6  7  1 -6  0 -2 -6 -5 -4 -5 -4  2    0   0   0   0   0   0   0   0   0  79   8   0   2   1   0   0   0   0   0  10  1.64 inf
  118 A    7 -5 -5 -5  1 -4 -4 -2 -5 -4 -5 -4 -4 -5 -4 -2 -3 -6 -5 -2   94   0   0   0   3   0   0   1   0   0   0   0   0   0   0   0   0   0   0   1  1.74 inf
  119 Q   -5 -3 -4 -4 -7  9 -2 -6 -3 -7 -6 -1 -4 -7 -5 -4 -4 -6 -5 -6    0   0   0   0   0  99   0   0   0   0   0   1   0   0   0   0   0   0   0   0  2.70 inf
  120 M   -1 -4 -5 -6 -4 -4 -5 -2 -5  1  4 -4  7 -2 -5 -4 -3 -4 -2 -1    5   0   0   0   0   0   0   3   0   6  48   0  34   1   0   0   0   0   1   2  1.07 inf
  121 I   -2 -5 -6 -6 -1 -3 -5 -6 -6  2  0 -5  0 -3 -5 -4 -3 -6 -4  7    1   0   0   0   1   1   0   0   0  10   6   0   2   0   0   0   0   0   0  79  1.41 inf
  122 F   -3 -5 -5 -6 -2 -5 -5 -6 -5  5  1 -5 -1  4 -3 -4 -3 -4 -2  4    0   0   0   0   1   0   0   0   0  42   9   0   0  21   1   0   0   0   0  26  0.97 inf
  123 V    3 -2 -1 -3  0  3 -1 -2 -1  0 -1 -1  2 -3 -3  0  0 -4 -3  2   32   1   2   0   2  18   1   1   2   3   4   2   6   0   0   4   5   0   0  17  0.34 inf
  124 P   -2  2 -2 -3 -5  0 -2 -5 -4 -5 -4  2 -5 -5  7 -2 -3 -6 -5 -3    3  11   1   0   0   4   2   0   0   0   1  14   0   0  60   2   0   0   0   1  1.54 inf
  125 V   -2 -5 -5 -6  0 -4 -5 -6  1  2 -1 -5 -2  1 -5 -4 -2 -2  3  6    2   0   0   0   2   0   0   0   4  11   1   0   0   5   0   0   2   0  10  62  0.99 inf
  126 V    0 -2 -3 -2 -1 -1  2 -4 -2  1  1 -2  0 -1  0 -1  0  0  0  3    6   1   0   0   1   2  19   0   0   7  12   1   2   2   4   2   7   1   3  28  0.21 inf
  127 Q   -2  4 -1 -2 -5  5  0 -4  3 -3 -2  2 -2 -3 -2 -1  0 -4 -1 -2    1  22   1   1   0  36   2   0   6   1   5   9   1   1   2   3   5   0   1   2  0.66 inf
  128 A    4 -4 -4 -4  1 -3 -4 -2 -2  1 -2 -3  0 -3  2 -2 -2 -1 -2  3   43   0   0   0   3   0   0   3   1   7   2   0   2   1  12   0   1   1   1  24  0.60 inf
  129 E    0  1  0  2 -2  1  3 -1  1 -2 -3  0 -1 -4 -1  0  0 -4 -3 -1    8   8   5  12   1   7  24   4   4   2   1   4   2   0   2   7   5   0   0   5  0.24 inf
  130 F   -4 -5 -6 -6 -1 -5 -6 -6 -5  2  2 -6 -1  7 -6 -5 -4  6  0  1    1   0   0   0   1   0   0   0   0  10  19   0   0  48   0   0   1  12   1   8  1.28 inf
  131 N   -1  0  2  0 -1  1  3 -3  0  0 -2  0 -2 -3 -3 -1  0 -4 -3  2    4   4  10   4   1   6  27   0   2   7   2   4   0   0   0   3   6   0   0  19  0.27 inf
  132 L   -2 -2 -3 -1 -5  1  5 -5 -3  1  0 -2 -2 -3  1 -3 -2 -2 -2  1    2   1   0   1   0   4  47   0   0   8  12   1   1   0   8   0   2   1   1  10  0.60 inf
  133 V    0 -4 -5 -6  1 -4 -5 -6 -4  0 -2 -4 -2 -4 -5 -2  0 -6 -4  7    7   1   0   0   3   0   0   0   0   1   1   1   0   0   0   3   5   0   0  78  1.34 inf
  134 E    0 -2  1  5 -5  0  4 -2 -2 -5 -5 -1 -4 -4 -3  0  0 -6 -5 -4    6   1   5  32   0   2  35   3   0   0   0   2   0   1   0   7   6   0   0   1  0.80 inf
  135 D    0 -1  0  3 -5  1  5 -3 -1 -5 -5 -1 -3 -5 -3  2  1 -5 -4 -2    5   2   4  13   0   5  40   1   1   0   0   3   0   0   0  14   9   0   0   2  0.64 inf
  136 F   -5 -5 -7 -7 -5 -5 -6 -7 -5 -2  6 -6 -1  5 -6 -6 -4 -4 -2 -2    0   0   0   0   0   0   0   0   0   0  76   0   0  24   0   0   0   0   0   0  1.56 inf

                      K         Lambda
Standard Ungapped    0.1399     0.3213
Standard Gapped      0.0607     0.2670
PSI Ungapped         0.1979     0.3156
PSI Gapped           0.0607     0.2670
