
Last position-specific scoring matrix computed, weighted observed percentages rounded down, information per position, and relative weight of gapless real matches to pseudocounts
           A  R  N  D  C  Q  E  G  H  I  L  K  M  F  P  S  T  W  Y  V   A   R   N   D   C   Q   E   G   H   I   L   K   M   F   P   S   T   W   Y   V
    1 A    3 -2 -1 -2 -1 -1 -1 -1 -2  0 -1 -1 -1 -2 -1  2  1 -3 -2  1   49   0   0   0   0   0   0   0   0   0   0   0   0   0   0  17  11   0   0  22  0.25 inf
    2 E   -1 -1  0  3 -4  1  5 -2 -1 -4 -3  0 -3 -4 -2  0 -1 -3 -3 -3    0   0   0  12   0   0  88   0   0   0   0   0   0   0   0   0   0   0   0   0  0.83 inf
    3 G    1 -3 -1 -2 -2 -2 -2  6 -2 -4 -4 -2 -3 -3 -2  0 -2 -3 -3 -3   13   0   0   0   0   0   0  87   0   0   0   0   0   0   0   0   0   0   0   0  0.99 inf
    4 Y    0 -2 -3 -3 -2 -2 -3 -3  0 -1  0 -2  0  5 -3 -2 -2  1  5 -1   13   0   0   0   0   0   0   0   0   0   7   0   0  42   0   0   0   0  38   0  0.57 inf
    5 Q   -1  1  0 -1 -3  6  1 -2  0 -3 -3  2 -1 -4 -2  0 -1 -3 -2 -3    0   0   0   0   0  82   0   0   0   0   0  18   0   0   0   0   0   0   0   0  0.75 inf
    6 Y   -2 -2 -3 -4 -3 -2 -3 -4  1 -2 -2 -2 -1  3 -4 -2 -2  2  8 -2    0   0   0   0   0   0   0   0   0   0   0   0   0   0   0   0   0   0 100   0  1.20 inf
    7 R   -2  6 -1 -2 -4  1 -1 -3 -1 -2 -2  2 -2 -3 -3 -1 -1 -3 -2 -1    0  92   0   0   0   0   0   0   0   0   0   0   0   0   0   0   0   0   0   8  0.82 inf
    8 A    5 -2 -2 -2 -1 -1 -1  0 -2 -2 -2 -1 -1 -3 -1  1  0 -3 -2 -1   92   0   0   0   0   0   0   0   0   0   0   0   0   0   0   8   0   0   0   0  0.51 inf
    9 L   -2 -3 -4 -4 -2 -3 -3 -4 -3  2  4 -3  2  0 -3 -3 -1 -2 -1  1    0   0   0   0   0   0   0   0   0   8  86   0   0   0   0   0   0   0   0   6  0.51 inf
   10 Y   -2 -2 -2 -3 -3 -2 -2 -3  3 -2 -2 -2 -1  3 -3 -2 -2  2  7 -2    0   0   0   0   0   0   0   0   8   0   0   0   0   0   0   0   0   0  92   0  1.09 inf
   11 D    0  1  0  3 -3  1  1 -2 -1 -3 -3  0 -2 -3  4  0 -1 -4 -3 -3    8  13   0  31   0   5  10   0   0   0   0   0   0   0  25   8   0   0   0   0  0.52 inf
   12 Y   -2 -2 -3 -4 -3 -2 -3 -4  1 -1 -1 -2 -1  4 -4 -2 -2  2  7 -2    0   0   0   0   0   0   0   0   0   0   0   0   0  19   0   0   0   0  81   0  1.01 inf
   13 K   -1  3  0  1 -3  2  0 -2  3 -3 -3  3 -2 -3 -2  0  0 -3 -1 -3    0  22   0  13   0   7   0   0  11   0   0  41   0   0   0   0   6   0   0   0  0.40 inf
   14 K   -1  3  1 -1 -4  1  0 -2 -1 -3 -3  5 -2 -4 -2 -1 -1 -3 -2 -3    0  11   6   0   0   0   0   0   0   0   0  83   0   0   0   0   0   0   0   0  0.63 inf
   15 E   -1 -1  0  3 -4  1  5 -2 -1 -4 -3  0 -3 -4 -2 -1 -1 -4 -3 -3    0   0   0  20   0   0  80   0   0   0   0   0   0   0   0   0   0   0   0   0  0.83 inf
   16 R   -1  5 -1 -2 -3  1  0 -2 -1 -3 -3  1 -2 -3 -2  1 -1  3 -2 -3    0  74   0   0   0   6   0   0   0   0   0   0   0   0   0  13   0   7   0   0  0.68 inf
   17 E   -1 -1  0  2 -3  1  5 -2 -1 -3 -3  0 -2 -4  2  1 -1 -3 -3 -3    0   0   0   7   0   0  69   0   0   0   0   0   0   0  11  13   0   0   0   0  0.65 inf
   18 E   -1 -1 -1  1 -4  1  6 -3  2 -4 -3  0 -2 -4 -2 -1 -1 -3 -2 -3    0   0   0   0   0   0  93   0   7   0   0   0   0   0   0   0   0   0   0   0  0.87 inf
   19 D   -2 -2  1  7 -4 -1  1 -2 -2 -4 -4 -1 -4 -4 -2 -1 -2 -5 -4 -4    0   0   0 100   0   0   0   0   0   0   0   0   0   0   0   0   0   0   0   0  1.19 inf
   20 I   -1 -3 -4 -4 -1 -3 -3 -4 -3  4  3 -3  1  0 -3 -3 -1 -3 -2  2    0   0   0   0   0   0   0   0   0  57  30   0   0   0   0   0   0   0   0  13  0.43 inf
   21 D    0 -2  1  5 -3  0  2 -1 -1 -3 -4 -1 -3 -4 -2  1 -1 -4 -3 -3    7   0   0  69   0   0  11   0   0   0   0   0   0   0   0  13   0   0   0   0  0.73 inf
   22 L   -2 -2 -4 -4 -2 -2 -3 -4 -3  1  4 -3  3  0 -3 -3 -1 -2 -1  1    0   0   0   0   0   0   0   0   0   0  87   0  13   0   0   0   0   0   0   0  0.55 inf
   23 H   -1  1  0 -1 -3  1  2 -2  6 -2  0  0 -1 -2 -2  0 -1 -3  0 -1    0   8   0   0   0   6  19   0  39   0  16   0   0   0   0   7   0   0   0   4  0.32 inf
   24 L   -1 -3 -3 -3 -2 -2 -2 -3 -3  1  1 -2  0 -2  6 -2 -1 -3 -2  2    0   0   0   0   0   0   0   0   0   0  17   0   0   0  46   0   0   0   0  37  0.76 inf
   25 G    0 -3 -1 -2 -3 -2 -3  6 -3 -4 -4 -2 -3 -4 -3 -1 -2 -3 -4 -4    0   0   0   0   0   0   0 100   0   0   0   0   0   0   0   0   0   0   0   0  1.24 inf
   26 D   -2 -2  1  7 -4 -1  1 -2 -2 -4 -4 -1 -4 -4 -2 -1 -2 -5 -4 -4    0   0   0 100   0   0   0   0   0   0   0   0   0   0   0   0   0   0   0   0  1.19 inf
   27 I   -1 -3 -3 -3 -1 -3 -3 -4 -3  4  2 -3  1 -1 -3 -2  0 -3 -2  3    0   0   0   0   0   0   0   0   0  48  12   0   0   0   0   0   4   0   0  35  0.39 inf
   28 L   -2 -3 -4 -4 -2 -3 -3 -4 -3  1  5 -3  2  0 -3 -3 -2 -2 -1  1    0   0   0   0   0   0   0   0   0   0 100   0   0   0   0   0   0   0   0   0  0.62 inf
   29 T    0 -1 -1 -2 -1 -1 -1 -2 -2  0  0 -1  0 -1 -1  1  4 -2 -1  2    1   1   1   1   0   1   1   1   0   1  10   1   0   0   1   5  55   0   0  21  0.26 inf
   30 V   -1 -3 -3 -4 -1 -3 -3 -4 -4  2  0 -3  0 -1 -3 -2  0 -3 -2  5    0   0   0   0   0   0   0   0   0   0   0   0   0   0   0   0   0   0   0 100  0.56 inf
   31 N    1 -1  4  1 -2  0  0 -1 -1 -3 -3 -1 -2 -3 -1  3  1 -3 -2 -2   13   0  30   7   0   0   0   0   0   0   0   0   0   0   0  51   0   0   0   0  0.42 inf
   32 K   -1  4 -1 -1 -4  1  0 -2 -1 -3 -3  5 -2 -3 -2 -1 -1 -3 -2 -3    0  30   0   0   0   0   0   0   0   0   0  70   0   0   0   0   0   0   0   0  0.66 inf
   33 G    2 -2 -1 -2 -2 -2 -2  5 -2 -2 -3 -2 -2 -3 -2  0 -1 -3 -3 -1   31   0   0   0   0   0   0  63   0   0   0   0   0   0   0   0   0   0   0   6  0.66 inf
   34 S    3 -2 -1 -1 -1 -1 -1 -1 -2 -2 -2 -1 -1  0  3  2  1 -3 -1 -1   40   0   0   0   0   0   0   0   0   0   0   0   0   6  13  30  12   0   0   0  0.34 inf
   35 L   -2 -3 -4 -4 -2 -3 -3 -4 -3  1  4 -3  2  2 -3 -3 -2 -1  0  0    0   0   0   0   0   0   0   0   0   0  87   0   0  13   0   0   0   0   0   0  0.53 inf
   36 V   -1 -1 -2 -2 -2  2 -1 -3 -2  1  2 -1  1 -1 -2 -1  1 -2 -1  2    0   0   0   0   0  20   0   0   0   0  33   0   0   0   0   0  13   0   0  33  0.20 inf
   37 A    4 -2 -1  1 -1 -1 -1  0 -2 -2 -2 -1 -2 -3  1  2  0 -3 -2 -1   70   0   0  13   0   0   0   0   0   0   0   0   0   0   4  13   0   0   0   0  0.38 inf
   38 L   -2 -2 -3 -4 -2 -2 -3 -4  0  2  4 -3  1  0  1 -3 -1 -2 -1  1    0   0   0   0   0   0   0   0   4  13  77   0   0   0   7   0   0   0   0   0  0.42 inf
   39 G    0 -2  1 -1 -2 -1 -2  5 -2 -3 -3 -1 -2 -3 -2  0 -1 -2 -3 -3    1   1   7   1   0   1   1  75   0   1   1   1   0   0   1   7   1   0   0   1  0.75 inf
   40 F   -1 -2 -2 -3  1 -2 -2 -3  0  1  0 -2  0  4 -3 -2 -1  1  4  1    1   1   1   1   5   1   1   1   0   7   7   1   0  34   1   1   1   0  26  12  0.34 inf
   41 S    1  1  0 -1 -1  0  0  1 -1 -2 -2  2  0 -2 -1  2  1 -2 -2 -1   20   6   4   1   0   1   1  11   0   1   1  18   4   0   1  25   5   0   0   1  0.17 inf
   42 D    0 -1  0  4 -3  1  4 -2 -1 -3 -3  0 -3 -4 -2  0 -1 -4 -3 -3    6   0   0  35   0   0  54   0   0   0   0   0   0   0   0   4   0   0   0   0  0.66 inf
   43 G    0 -3 -1 -2 -3 -2 -3  6 -3 -4 -4 -2 -3 -4 -3 -1 -2 -3 -4 -4    0   0   0   0   0   0   0 100   0   0   0   0   0   0   0   0   0   0   0   0  1.24 inf
   44 Q    0 -1  0  3  2  2  1  1 -1 -2 -1 -1  2 -2 -2  0  1 -3 -2 -1   10   0   0  23   6  13   7  11   0   0   0   0  17   0   0   0  13   0   0   0  0.17 inf
   45 E   -1 -1 -1  1 -4  1  5 -3 -1 -2 -2  0 -2 -3 -2 -1 -1 -3 -2  0    0   0   0   0   0   0  87   0   0   0   0   0   0   0   0   0   0   0   0  13  0.70 inf
   46 A    2  2 -1  0 -2  2  3 -1 -1 -2 -1  1 -1 -3 -1  0 -1 -3 -2 -2   31  18   0   0   0  16  28   0   0   0   4   0   0   0   0   4   0   0   0   0  0.29 inf
   47 R   -1  4  1 -1  3  1  0 -2  2 -3 -3  2 -2 -3 -2  0 -1 -3 -2 -2    0  40   9   0  11   6   0   0   7   0   0  20   0   0   0   7   0   0   0   0  0.39 inf
   48 P   -1 -3 -3 -2 -3 -2 -2 -3 -3 -3 -3 -2 -3 -4  8 -1 -2 -4 -4 -3    0   0   0   0   0   0   0   0   0   0   0   0   0   0 100   0   0   0   0   0  2.24 inf
   49 E   -1  0  1  2 -4  2  4 -2  2 -3 -3  0 -2 -2 -2  0 -1 -3  0 -3    0   0   4   7   0  12  61   0   6   0   0   0   0   0   0   4   0   0   5   0  0.55 inf
   50 E   -1  0  2  1  2  2  3  0  2 -2 -2  0 -1 -2 -1  0 -1 -2 -1 -2    2   1  12   4   7  19  32   6   7   1   2   1   0   1   1   1   1   0   1   1  0.27 inf
   51 I   -1 -2 -2 -2 -1 -2 -2 -3 -2  4  1 -2  1  0 -2 -2 -1 -2 -1  2    2   1   1   1   0   1   1   1   0  60   8   1   0   1   1   1   1   0   1  16  0.27 inf
   52 G    0 -3 -1 -2 -3 -2 -3  6 -3 -4 -4 -2 -3 -4 -3 -1 -2 -3 -4 -4    0   0   0   0   0   0   0 100   0   0   0   0   0   0   0   0   0   0   0   0  1.24 inf
   53 W   -3 -3 -5 -5 -3 -3 -4 -3 -3 -3 -2 -4 -2  0 -4 -4 -3 12  2 -4    0   0   0   0   0   0   0   0   0   0   0   0   0   0   0   0   0 100   0   0  2.88 inf
   54 L   -2 -3 -4 -4 -2 -2 -3 -4 -3  2  4 -3  3  0 -3 -3 -1 -2 -1  1    0   0   0   0   0   0   0   0   0  16  73   0  11   0   0   0   0   0   0   0  0.48 inf
   55 N   -1 -1  3 -1 -2 -1 -1 -2  2 -1  0 -1 -1 -2  4  0  2 -3 -2 -1    0   0  29   0   0   0   0   0   7   0  17   0   0   0  24   4  19   0   0   0  0.38 inf
   56 G    0 -3 -1 -2 -3 -2 -3  6 -3 -4 -4 -2 -3 -4 -3 -1 -2 -3 -4 -4    0   0   0   0   0   0   0 100   0   0   0   0   0   0   0   0   0   0   0   0  1.24 inf
   57 Y   -1  1 -2 -3  2 -2 -2 -3 -1  0  1 -1  0  4 -3 -2 -1  0  4  0    6  13   0   0   8   0   0   0   0   0  12   0   0  28   0   0   0   0  23   9  0.28 inf
   58 N   -2 -1  7  1 -3  0 -1 -1  0 -4 -4 -1 -3 -4 -3  0  0 -4 -3 -3    0   0 100   0   0   0   0   0   0   0   0   0   0   0   0   0   0   0   0   0  1.03 inf
   59 E   -1 -1 -1  1 -4  2  6 -3 -1 -4 -3  0 -3 -4 -2 -1 -1 -3 -3 -3    0   0   0   0   0   0 100   0   0   0   0   0   0   0   0   0   0   0   0   0  0.96 inf
   60 T   -1  4  1 -1 -2  0 -1 -2  1 -2 -2  1 -1 -3 -2  1  3 -3 -2 -2    0  48   8   0   0   0   0   0   5   0   0   0   0   0   0   6  33   0   0   0  0.42 inf
   61 T    0 -2  0 -2 -1 -1 -1 -2 -2 -1 -2 -1 -1 -3 -2  1  6 -3 -2  0    0   0   0   0   0   0   0   0   0   0   0   0   0   0   0   0 100   0   0   0  0.72 inf
   62 G   -1  2  1 -1 -3  2  0  4 -1 -4 -3  2 -2 -3 -2  0 -1 -3 -3 -3    0  11   5   0   0  12   0  47   0   0   0  24   0   0   0   0   0   0   0   0  0.49 inf
   63 E   -1  0  0  1 -4  4  5 -2  0 -3 -3  1 -2 -4 -2  0 -1 -3 -2 -3    0   0   0   0   0  42  58   0   0   0   0   0   0   0   0   0   0   0   0   0  0.75 inf
   64 R   -1  5  0 -1 -3  1  0 -2  2 -3 -3  3 -2 -3 -2  1 -1 -3 -2 -3    0  59   0   0   0   0   0   0   6   0   0  22   0   0   0  13   0   0   0   0  0.58 inf
   65 G    0 -3 -1 -2 -3 -2 -3  6 -3 -4 -4 -2 -3 -4 -3 -1 -2 -3 -4 -4    0   0   0   0   0   0   0 100   0   0   0   0   0   0   0   0   0   0   0   0  1.24 inf
   66 D   -2 -2  1  6  4 -1  1  0  2 -3 -4 -1 -3 -4 -2 -1 -1 -4 -3 -3    0   0   0  75  13   0   0   5   7   0   0   0   0   0   0   0   0   0   0   0  0.77 inf
   67 F   -3 -3 -4 -4 -3 -4 -4 -4 -2 -1  0 -4  0  7 -4 -3 -3  1  3 -1    0   0   0   0   0   0   0   0   0   0   0   0   0 100   0   0   0   0   0   0  1.08 inf
   68 P   -1 -3 -3 -2 -3 -2 -2 -3 -3 -3 -3 -2 -3 -4  8 -1 -2 -4 -4 -3    0   0   0   0   0   0   0   0   0   0   0   0   0   0 100   0   0   0   0   0  2.24 inf
   69 G    0 -3 -1 -2 -3 -2 -3  6 -3 -4 -4 -2 -3 -4 -3 -1 -2 -3 -4 -4    0   0   0   0   0   0   0 100   0   0   0   0   0   0   0   0   0   0   0   0  1.24 inf
   70 T    0 -2  0 -2 -1 -1 -1 -2 -2 -1 -2 -1 -1 -3 -2  1  6 -3 -2  0    0   0   0   0   0   0   0   0   0   0   0   0   0   0   0   0 100   0   0   0  0.72 inf
   71 Y   -2 -2 -3 -4 -3 -2 -3 -4  1 -2 -2 -2 -2  3 -4 -2 -2  2  8 -2    0   0   0   0   0   0   0   0   0   0   0   0   0   0   0   0   0   0 100   0  1.26 inf
   72 V    0 -3 -3 -3 -1 -2 -3 -3 -3  2  0 -2  0 -1 -3 -1  1 -3 -2  4    0   0   0   0   0   0   0   0   0   0   0   0   0   0   0   0  13   0   0  87  0.44 inf
   73 E   -1  1 -1  1 -4  2  5 -3  0 -4 -3  1 -2 -4 -2 -1 -1 -3 -2 -3    0   6   0   0   0   7  87   0   0   0   0   0   0   0   0   0   0   0   0   0  0.82 inf
   74 Y   -2 -3 -3 -4 -3 -2 -3 -4  1 -1 -1 -3 -1  5 -4 -2 -2  1  7 -1    0   0   0   0   0   0   0   0   0   0   0   0   0  36   0   0   0   0  64   0  0.95 inf
   75 I   -1 -3 -3 -4 -1 -3 -3 -4 -3  3  2 -3  1  0 -3 -2 -1 -3 -1  3    0   0   0   0   0   0   0   0   0  33  26   0   0   0   0   0   0   0   0  41  0.39 inf
   76 G    0 -2 -1 -1 -3 -1  1  6 -2 -4 -4 -1 -3 -4 -2 -1 -2 -3 -3 -4    0   0   0   0   0   0  13  87   0   0   0   0   0   0   0   0   0   0   0   0  0.99 inf
   77 R   -1  4 -1 -2 -4  0 -1 -3  1 -3 -3  2 -2 -3  5 -1 -1 -3 -2 -3    0  46   0   0   0   0   0   0   6   0   0   8   0   0  40   0   0   0   0   0  0.87 inf
   78 K   -1  1 -1 -2 -2  0 -1 -2 -2  0 -1  4  1 -2 -2 -1 -1 -3 -2  2    0   0   0   0   0   0   0   0   0   0   0  54   8   0   0   0   0   0   0  39  0.24 inf
   79 K    0  3 -1 -1  2  1  1 -2 -1 -3 -2  3 -2 -3 -2  0 -1  3 -2 -2   13  22   0   0   8   0   7   0   0   0   0  45   0   0   0   0   0   5   0   0  0.35 inf
   80 I   -2 -3 -3 -4 -2 -2 -3 -4 -3  4  2 -3  3  0 -3 -2 -1 -2 -1  2    0   0   0   0   0   0   0   0   0  60  20   0  20   0   0   0   0   0   0   0  0.41 inf
   81 S    2 -1  0 -1 -1  0 -1 -1 -1 -2 -2 -1 -2 -3 -1  4  2 -3 -2 -1   16   0   0   0   0   0   0   0   0   0   0   0   0   0   0  73  11   0   0   0  0.44 inf
   82 P    1 -2 -2 -2 -2 -2 -2 -2 -2  0  0 -1 -1 -2  6 -1 -1 -3 -2  0   16   0   0   0   0   0   0   0   0   0  14   0   0   0  57   0   0   0   0  13  0.90 inf
   83 P   -1 -2 -2 -2 -3 -1 -1 -2 -2 -3 -3 -1 -3 -4  8 -1 -1 -4 -3 -3    0   0   0   0   0   0   0   0   0   0   0   0   0   0 100   0   0   0   0   0  2.09 inf

                      K         Lambda
Standard Ungapped    0.1398     0.3127
Standard Gapped      0.0465     0.2670
PSI Ungapped         0.1560     0.3142
PSI Gapped           0.0465     0.2670
