
Last position-specific scoring matrix computed, weighted observed percentages rounded down, information per position, and relative weight of gapless real matches to pseudocounts
           A  R  N  D  C  Q  E  G  H  I  L  K  M  F  P  S  T  W  Y  V   A   R   N   D   C   Q   E   G   H   I   L   K   M   F   P   S   T   W   Y   V
    1 A    0 -5 -5 -5 -3 -5 -5 -5 -5  6  0 -5 -1 -2 -5 -4 -3 -5 -3  4    7   0   0   0   0   0   0   0   0  67   3   0   0   0   0   0   0   0   0  24  1.16 inf
    2 D   -5 -4 -1  8 -7 -2  1 -4 -2 -6 -7 -3 -6 -7 -4 -3 -4 -7 -6 -6    0   0   1  93   0   1   5   0   1   0   0   0   0   0   0   0   0   0   0   0  2.20 inf
    3 Y   -2 -4 -5 -5 -3 -4 -4 -5 -2  1  2 -4  3  3 -5 -4 -3 -1  5  2    2   0   0   0   0   0   0   0   0   6  24   0  10  14   0   0   0   0  28  15  0.73 inf
    4 R   -3  0 -3 -4 -4  0 -2 -4 -3 -2  3  5  0 -1 -4 -3 -3  0 -2 -3    1   3   0   0   0   3   0   0   0   0  36  51   1   2   0   0   0   1   1   0  0.80 inf
    5 A    5 -4 -3 -4 -3 -3 -3  4 -4 -4 -4 -3 -4 -5 -3  0 -1 -5 -4 -3   59   0   0   0   0   0   0  32   0   0   0   0   0   0   0   6   2   0   0   1  1.04 inf
    6 L   -4 -5 -6 -6 -4 -5 -5 -6 -5  0  6 -5  2  0 -5 -5 -4 -4 -3 -1    0   0   0   0   0   0   0   0   0   3  89   0   5   3   0   0   0   0   0   0  1.40 inf
    7 T   -1 -2 -3 -5  3 -2 -4 -5 -4  0  0 -1  9 -3 -5 -3  0  1 -3  2    4   2   1   0   6   2   0   0   0   3   2   3  57   0   0   1   6   2   0  12  1.13 inf
    8 G   -3 -5 -3 -4 -5 -5 -5  7 -5 -7 -7 -4 -6 -6 -5 -3 -4 -5 -6 -6    0   0   0   0   0   0   0 100   0   0   0   0   0   0   0   0   0   0   0   0  2.30 inf
    9 D   -5 -5 -2  8 -7 -3 -1 -4 -4 -6 -7 -4 -6 -7 -5 -3 -4 -8 -6 -6    0   0   0 100   0   0   0   0   0   0   0   0   0   0   0   0   0   0   0   0  2.51 inf
   10 E    2 -2 -1 -2 -3 -1 -2 -3 -3 -4 -4  2 -3 -4  2  4  3 -5 -4 -3   16   1   1   0   0   2   1   0   0   0   0  15   0   0   9  34  22   0   0   0  0.56 inf
   11 S    1 -3 -2 -3 -3 -3 -3 -3 -4 -2 -4 -3 -4 -5 -3  6 -1 -5 -4  0   12   0   0   0   0   0   0   0   0   2   0   0   0   0   0  77   1   0   0   9  1.18 inf
   12 D   -5 -5 -2  8 -7 -3 -1 -4 -4 -6 -7 -4 -6 -7 -5 -3 -4 -8 -6 -6    0   0   0 100   0   0   0   0   0   0   0   0   0   0   0   0   0   0   0   0  2.51 inf
   13 N   -4 -3  8 -2 -2 -3 -3  0 -1 -6 -7 -3 -5 -6 -5 -2 -3 -7 -5 -6    0   1  91   0   1   0   0   6   0   0   0   0   0   0   0   1   0   0   0   0  2.15 inf
   14 L   -4 -5 -6 -6 -4 -5 -6 -6 -4  7  0 -5 -1  0 -5 -5 -3 -4  3  1    0   0   0   0   0   0   0   0   0  75   5   0   0   2   0   0   0   0  11   7  1.35 inf
   15 P   -3 -4 -5 -5 -6 -4 -4 -5 -5 -5 -6 -1 -2 -7  9 -3 -4 -7 -6 -5    1   1   0   0   0   0   0   0   0   0   0   3   1   0  93   1   0   0   0   0  2.75 inf
   16 G   -3 -5 -3 -4 -5 -5 -5  7 -5 -7 -7 -4 -6 -6 -5 -3 -4 -5 -6 -6    0   0   0   0   0   0   0 100   0   0   0   0   0   0   0   0   0   0   0   0  2.30 inf
   17 V   -2 -5 -5 -6  3 -5 -5 -6 -6  3  0 -5 -1 -2 -5 -4 -2 -5 -4  6    2   0   0   0   5   0   0   0   0  14   5   0   0   0   0   0   0   0   0  74  1.23 inf
   18 K   -1  0 -2 -2 -5 -2 -2 -4 -4 -5 -4  3 -4 -4  7 -2  0 -6 -4 -4    4   6   1   2   0   1   2   0   0   0   1  22   0   0  54   2   5   0   0   1  1.29 inf
   19 G   -2 -3 -2 -4 -5 -4 -4  7 -4 -6 -6  0 -5 -6 -5 -1 -3 -5 -6 -6    0   1   1   0   0   0   0  88   0   0   0   7   0   0   0   2   0   0   0   0  1.79 inf
   20 I   -3 -5 -6 -6  0 -5 -5 -6 -6  6 -1 -5 -1 -3 -5 -4 -3 -5 -4  5    0   0   0   0   2   0   0   0   0  58   0   0   0   0   0   0   0   0   0  40  1.36 inf
   21 G   -3 -5 -3 -4 -5 -5 -5  7 -5 -7 -7 -4 -6 -6 -5 -3 -4 -5 -6 -6    0   0   0   0   0   0   0 100   0   0   0   0   0   0   0   0   0   0   0   0  2.30 inf
   22 E   -1 -3 -3  1 -6  0  6 -4 -2 -4 -4 -1 -3 -6  4 -2 -3 -6 -5 -4    3   0   0   5   0   1  61   0   1   1   1   2   0   0  24   0   0   0   0   1  1.23 inf
   23 K   -3  0 -3 -4 -6 -1 -2 -4 -4 -3 -5  8 -4 -6 -4 -3 -4 -6 -5 -3    1   1   0   0   0   0   0   0   0   1   0  95   0   0   0   0   0   0   0   2  1.91 inf
   24 T   -2 -3 -2 -4 -4 -3 -4  0 -4 -3 -4 -2 -3 -5 -4 -1  7 -5 -3 -3    1   1   1   0   0   0   0   7   0   1   0   2   0   0   0   2  85   0   1   0  1.53 inf
   25 A    7 -4 -4 -5 -3 -4 -4 -1 -4 -4 -4 -3 -4 -5 -4 -1 -3 -5 -5 -3   96   0   0   0   0   0   0   4   0   0   0   0   0   0   0   0   0   0   0   0  1.66 inf
   26 R    1 -1 -2 -3 -1  1 -1 -2 -2  2  2  0  0 -1 -3  0  0 -3 -1  1   18   3   0   0   1   7   2   1   0  17  20   8   1   2   0   5   7   0   1   9  0.14 inf
   27 K    1  1  0 -2 -5  1 -1 -2 -2 -5 -4  6 -3 -5 -2  0 -1 -5 -4 -4   11   3   5   1   0   4   2   2   1   0   0  64   0   0   1   4   3   0   0   0  0.88 inf
   28 L   -4 -5 -6 -6 -4 -5 -5 -6 -5  1  6 -5  1  1 -5 -5 -4  3 -2 -1    0   0   0   0   0   0   0   0   0   4  84   0   2   5   0   0   0   4   1   0  1.30 inf
   29 L   -3 -5 -6 -6 -3 -5 -5 -6 -5  5  5 -5  0 -2 -5 -5 -3 -4 -3  1    0   0   0   0   0   0   0   0   0  37  57   0   1   0   0   0   0   0   0   5  1.10 inf
   30 E    0  0  2  0 -3  4  1 -2  1 -3 -2  3 -2 -4 -3  0  0 -3 -3 -2    8   3  11   3   0  29   7   2   4   1   3  19   0   0   0   4   5   0   0   1  0.42 inf
   31 E   -1  0 -1  0 -3  4  5  0 -1 -5 -4  1 -3 -5 -3 -1  0 -5 -4 -4    3   3   2   4   1  22  44   7   0   0   0   8   0   0   0   2   5   0   0   0  0.73 inf
   32 W   -4 -4 -2 -6 -3 -4 -5 -6  2 -1 -1 -5 -2  6 -6 -4 -4  3  8 -3    0   0   2   0   0   0   0   0   5   3   4   0   1  30   0   0   0   3  51   0  1.54 inf
   33 G   -2 -3 -1  0 -5  0 -1  6  1 -6 -5 -1 -5 -5 -3 -2 -3 -5 -5 -5    0   1   1   4   0   5   3  73   4   0   1   4   0   0   1   2   1   0   0   1  1.24 inf
   34 S   -1 -3  2  1 -2 -2 -2 -1 -2 -4 -5 -2 -4 -5 -3  5  3 -5 -4 -4    0   0   7   7   0   0   0   4   1   0   0   0   0   0   1  58  21   0   0   0  0.90 inf
   35 L   -3 -4 -5 -5 -2 -4 -5 -6 -5  4  4 -4  3 -1 -5 -4 -3 -4 -3  3    0   0   0   0   0   0   0   0   0  26  46   0   6   1   0   0   0   0   0  20  0.85 inf
   36 E   -2 -3 -1  4 -6  0  6 -3 -1 -6 -6 -1 -5 -6 -3 -2 -3 -6 -5 -5    1   0   2  25   0   2  65   1   1   0   0   1   0   0   0   1   0   0   0   0  1.34 inf
   37 A    0 -1  5  1 -4  0  1  3 -2 -4 -4  0 -3 -5 -3  0 -1 -5 -4 -4    9   2  34   5   0   3  10  24   0   0   0   4   0   0   0   4   3   0   0   0  0.58 inf
   38 L   -1 -4 -5 -5 -2 -4 -5 -5 -5  5  3 -4  1 -1 -4 -4 -2 -4 -3  3    5   0   0   0   1   0   0   0   0  34  36   0   2   1   0   0   0   0   0  22  0.77 inf
   39 L   -4 -4 -4 -6 -4 -3 -4 -6 -1  1  3 -4  0  1 -5 -4 -4 -1  7 -1    0   0   0   0   0   0   0   0   1   8  35   0   1   2   0   0   0   0  48   2  1.16 inf
   40 K    3 -1  1  2 -3  1  4 -2 -2 -3 -4  1 -2 -4 -3  0 -1 -5 -3 -2   30   1   6  11   0   7  31   1   0   0   0   7   0   0   0   2   2   0   0   1  0.50 inf
   41 N   -2  1  6 -1 -2  0 -2 -2  6 -5 -5 -2 -4 -5 -4  0 -2 -2 -2 -5    3   7  49   1   1   3   0   1  25   0   0   1   0   0   0   6   0   1   0   0  1.14 inf
   42 L    1 -3 -4 -4 -2 -2 -4 -4 -4  3  3 -2  0 -2 -3 -2  1 -4 -2  2   13   0   0   0   0   1   0   0   0  23  36   2   0   0   0   2  11   0   0  11  0.44 inf
   43 D   -1 -3  0  6 -2 -1  3 -1  2 -5 -5 -2 -4 -5 -2  0 -2 -6 -3 -5    5   1   2  54   1   1  18   4   5   0   0   0   0   0   2   6   1   0   1   0  0.97 inf
   44 R   -1  0  1  1 -4  3  4 -2  0 -4 -3  3 -3 -3 -3  1 -1 -4 -3 -3    5   3   5   5   0  13  34   2   1   1   2  18   0   1   0   8   3   0   0   0  0.48 inf
   45 L   -3 -4 -5 -5 -2 -3 -5 -5 -5  5  3 -4  2 -1 -5 -4 -3 -4 -3  3    1   0   0   0   1   1   0   0   0  39  35   0   5   1   0   0   0   0   0  18  0.84 inf
   46 K    0  0 -1 -2 -4 -1 -1 -3 -3 -4 -4  6 -3 -5  0  2  1 -5 -4 -4    7   3   2   1   0   1   1   1   0   0   0  58   0   0   5  14   9   0   0   0  0.81 inf
   47 P   -1 -2 -2 -3 -5 -2 -2  5 -4 -5 -4  2 -4 -5  4 -1 -3 -5 -5 -5    2   1   1   0   0   1   2  49   0   0   1  14   0   0  25   4   0   0   0   0  1.01 inf
   48 A    1  1 -2 -3 -4 -1 -1  0 -3 -3 -4  5 -3 -5  0  1  0 -5 -4 -3   15   6   1   0   0   0   1   5   0   1   0  53   0   0   3   8   7   0   0   0  0.68 inf
   49 I   -1  0 -2 -4 -3  2 -2 -4 -2  1  3 -1  4 -1 -4 -2  0 -2 -1  2    4   6   2   0   0  10   0   0   0   8  28   2  16   1   0   1   5   0   2  13  0.31 inf
   50 R    0  4 -2 -3 -5  3 -1  1 -2 -4 -4  5 -3 -5 -3 -1 -3 -5 -3 -4   10  25   0   0   0  12   0  11   0   0   1  36   0   0   0   2   0   0   0   0  0.69 inf
   51 E   -1 -1  0  1 -5  2  5 -2 -2 -4 -4  3 -3 -5 -2 -1  1 -5 -4 -4    4   2   4   5   0   7  46   2   0   0   1  18   0   0   1   3   8   0   0   0  0.68 inf
   52 K   -1  1  4 -2 -5 -1 -2 -3  0 -3 -3  6 -1 -5 -3  0 -2 -5 -2 -4    3   4  20   0   0   1   0   0   2   1   2  55   2   0   0   6   1   0   1   0  0.85 inf
   53 I   -3 -5 -6 -6 -3 -4 -5 -6 -5  3  5 -5  2  0 -5 -5 -3 -4 -3  1    0   0   0   0   0   0   0   0   0  19  68   0   3   2   0   0   0   0   0   8  1.07 inf
   54 L    0  2 -1 -1 -4  1  4 -3 -2  2  0  1 -1 -3 -3 -1 -1 -4 -3  0    7  12   2   1   0   5  31   0   1  15  10   7   1   0   0   3   2   0   0   4  0.30 inf
   55 A    2 -1  3  2 -2  1  4 -1 -2 -4 -4  0 -2 -5 -3  0  0 -5 -4 -3   19   2  16  10   1   5  31   3   0   0   1   4   1   0   0   3   5   0   0   0  0.49 inf
   56 H   -1 -2  4  2 -2 -1 -1  2  5 -5 -5 -2 -4  1 -4  0 -3 -2  1 -4    5   0  25  12   1   2   3  16  17   0   0   0   0   6   0   7   0   1   5   0  0.58 inf
   57 M    0  3 -2 -3 -3  0  0 -2 -1 -1  0  4  0 -3 -3 -2 -2  0  0 -1   10  15   0   0   0   3   6   2   1   5   9  35   3   0   0   1   1   2   4   4  0.36 inf
   58 D   -1 -3 -1  5 -6  0  6 -4 -2 -6 -6  0 -4 -5 -2 -2 -2 -6 -5 -5    4   0   2  32   0   2  49   0   1   0   0   4   0   0   1   2   2   0   0   0  1.15 inf
   59 D   -1 -2  2  2 -4  4  0 -2 -1 -1  0  0  3 -3 -3  0 -1 -4 -2 -1    4   0  12  15   0  22   4   2   1   3  10   4  10   0   0   6   3   0   1   3  0.30 inf
   60 L    5 -3 -4 -5 -2 -4 -4  0 -4  1  1 -3 -2 -3 -4 -1 -2 -5 -4 -1   66   0   0   0   0   0   0   6   0   7  15   0   1   0   0   1   1   0   0   3  0.86 inf
   61 K   -2  2 -2 -2 -3  0  0 -4  1  0  1  1  0  3 -1 -2 -2 -2  3  0    2  12   1   1   0   5   5   0   3   6  14  10   2  17   3   0   1   0  11   5  0.21 inf
   62 L   -3 -2 -5 -4 -4 -2 -4 -6  1  0  5 -3  5  1 -5 -4 -3 -4 -3 -1    0   2   0   1   0   2   1   0   4   4  63   1  14   6   0   0   1   0   0   1  0.92 inf
   63 S   -1 -4 -1 -1  2 -3 -3 -2 -4 -4 -5 -3 -3 -5 -4  7 -1 -6 -3 -3    3   0   2   2   4   0   0   1   0   0   0   0   0   0   0  84   1   0   1   1  1.51 inf
   64 W   -4  5 -3 -4 -6  1 -2 -5  1 -5 -3  6 -4 -3 -4 -3 -3 -2  3 -4    0  27   0   0   0   5   0   0   3   0   3  50   0   0   0   0   1   1  10   0  1.09 inf
   65 D   -2  2 -2  1 -4  3  2 -3 -1 -2 -3  3 -1  0 -3 -1  0 -1  0 -2    2  12   0   6   0  17  15   0   1   2   1  22   1   6   0   3   6   1   3   2  0.38 inf
   66 L   -4 -5 -7 -7 -4 -5 -6 -7 -6  0  6 -6  1 -2 -6 -5 -4 -5 -4 -1    0   0   0   0   0   0   0   0   0   2  94   0   2   0   0   0   0   0   0   2  1.70 inf
   67 A    6 -4 -4 -5 -3 -4 -4 -1 -5 -1 -3 -4 -3 -5 -4 -1  0 -5 -4  1   77   0   0   0   0   0   0   3   0   3   1   0   0   0   0   2   4   0   0  11  1.17 inf
   68 K   -1  1 -2 -3 -4  0  1 -4 -4 -3 -3  1 -2 -5 -4  0  6 -5 -4 -3    3   6   0   0   0   3  11   0   0   0   1   8   1   0   0   3  64   0   0   1  1.03 inf
   69 V   -4 -6 -6 -6 -4 -6 -6 -7 -6  7  2 -6  0 -3 -6 -5 -4 -5 -4  1    0   0   0   0   0   0   0   0   0  80  15   0   2   0   0   0   0   0   0   3  1.66 inf

                      K         Lambda
Standard Ungapped    0.1352     0.3139
Standard Gapped      0.0492     0.2670
PSI Ungapped         0.1574     0.3079
PSI Gapped           0.0492     0.2670
