
Last position-specific scoring matrix computed, weighted observed percentages rounded down, information per position, and relative weight of gapless real matches to pseudocounts
           A  R  N  D  C  Q  E  G  H  I  L  K  M  F  P  S  T  W  Y  V   A   R   N   D   C   Q   E   G   H   I   L   K   M   F   P   S   T   W   Y   V
    1 W   -5 -5 -6 -7 -5 -4 -5 -5 -4 -5 -4 -5 -4  0 -6 -5 -5 12  3 -5    0   0   0   0   0   0   0   0   0   0   0   0   0   2   0   0   0  91   8   0  3.60 inf
    2 R   -3  7 -2 -3 -5 -1 -2 -4 -2 -5 -4  0 -3 -5 -4  0 -3 -5 -3 -4    0  92   0   0   0   0   0   0   0   0   0   0   0   0   0   8   0   0   0   0  1.60 inf
    3 Y   -3 -3 -3 -4 -4  1 -3 -5  4 -3 -3  0 -3  1 -4 -3 -3  0  8 -3    0   0   0   0   0   6   0   0  12   0   0   6   0   0   0   0   0   0  76   0  1.56 inf
    4 R   -2  4 -1 -2 -4  2  1  0 -2 -4 -4  5 -3 -4 -3 -2 -2 -4 -3 -4    0  30   0   0   0   6   6   6   0   0   0  52   0   0   0   0   0   0   0   0  0.83 inf
    5 V   -2 -4 -4 -5 -2 -4 -4 -5 -5  3  1 -4  0 -2 -4 -3 -2 -4 -3  6    0   0   0   0   0   0   0   0   0  12  12   0   0   0   0   0   0   0   0  77  0.90 inf
    6 D    0 -1 -1 -1 -2 -1 -2 -2  0 -3 -2 -2 -2  0 -2  4  3 -3 -2 -2    5   3   1   2   0   0   0   0   3   0   3   0   0   6   0  48  29   0   0   0  0.50 inf
    7 V   -1 -4 -4 -5 -2 -4 -4 -5 -5  3  1 -4  0 -2 -4 -3 -2 -4 -3  6    1   0   0   0   0   0   0   0   0  14   6   0   0   0   0   0   0   0   0  78  0.93 inf
    8 T   -2  1 -1 -2 -3  0 -1 -3  1 -2 -3  4 -2 -4 -2  0  5 -4 -3 -2    0   6   0   0   0   3   0   0   4   1   0  30   0   0   0   0  56   0   0   0  0.71 inf
    9 L   -2 -3 -4 -5 -2 -3 -4 -5 -4  2  5 -4  1  0 -4 -3  0 -3 -2  1    0   0   0   0   0   0   0   0   0  12  73   0   0   1   0   0   6   0   0   7  0.73 inf
   10 S    1  0  0  1  1 -1 -1  0 -2 -3 -4 -1 -3 -4 -2  5  1 -4 -3 -3    9   4   2  10   3   0   0   5   0   0   0   0   0   0   0  60   7   0   0   0  0.56 inf
   11 G    1 -4 -2 -3 -3 -3 -3  6 -3 -4 -4 -3 -3 -4 -3 -1 -3 -4 -4  0    8   0   0   0   0   0   0  81   0   0   0   0   0   0   0   3   0   0   0   8  1.24 inf
   12 K   -1  3  2  0 -3  2  1 -2 -1 -3 -3  3 -2 -4  2  1  2 -4 -3 -3    1  16  10   2   0   8   5   0   0   0   0  22   0   0   9  10  16   0   0   0  0.38 inf
   13 K   -1  2  2 -1 -3  0  1 -1 -1 -3 -3  4 -1 -4 -2  1  1 -4 -3 -2    0   9  13   2   0   0   8   2   0   0   0  44   2   0   0   9  10   0   0   1  0.46 inf
   14 V    0 -3 -3 -4 -2 -3 -3 -3 -3  1  1 -2  1  2 -2 -2  1  3 -1  4    8   0   0   0   0   0   0   0   0   4   8   1   3  11   2   0  10   6   0  46  0.36 inf
   15 T   -1  1  0 -2 -3  0 -1 -3 -2 -2 -1  2 -2 -1  2  1  4 -3 -2 -2    0   9   4   0   0   3   0   0   0   0   7  15   0   2  10   9  40   0   0   0  0.37 inf
   16 G   -1 -4 -2 -3 -4 -4 -4  7 -4 -6 -5 -3 -4 -5 -4 -2 -3 -4 -5 -5    0   0   0   0   0   0   0 100   0   0   0   0   0   0   0   0   0   0   0   0  1.86 inf
   17 H   -1  0  1  1  0  2 -1 -2  3 -3 -2  0  0  0 -2  1  1 -2  3 -2    0   2   8   7   2  12   1   0  12   0   0   5   3   3   0  15  14   0  16   1  0.25 inf
   18 V   -2 -4 -4 -4 -2 -3 -4 -5 -4  5  2 -4  2  2 -4 -3 -2 -3 -1  3    1   0   0   0   0   0   0   0   0  47  14   0   7  10   0   0   0   0   0  21  0.61 inf
   19 L   -2  1  1  0 -3  1 -1 -1  0 -2  0  2 -1  2 -3 -1 -2  2  2 -2    0   8  11   6   0   8   0   4   2   0  14  17   0  13   0   4   0   4  10   0  0.15 inf
   20 V   -2 -4 -4 -5 -2 -3 -4 -5 -4  3  2 -4  1 -2 -4 -3 -1 -4 -2  5    0   0   0   0   0   0   0   0   0  18  19   0   2   0   0   0   0   0   0  61  0.73 inf
   21 S    3  0 -2 -2 -2 -1 -2 -2  1  0 -1 -1 -1 -3 -2  2  1 -3 -2  0   43   6   0   0   0   0   0   0   4   8   6   0   0   0   0  22   8   0   0   3  0.31 inf
   22 L   -3 -4 -5 -5 -2 -3 -4 -5 -4  2  5 -4  1  1 -4 -4 -2 -3  0  1    0   0   0   0   0   0   0   0   0   7  77   0   0   3   0   0   0   0   3  10  0.79 inf
   23 F   -1 -2  0 -3  1 -2 -3  0  2 -2  0 -2 -1  4 -3  0  1  0  5 -2    3   1   4   0   4   0   0   8   7   0   7   0   0  20   0   7   9   0  29   0  0.39 inf
   24 G    0 -4 -2  0 -4 -3 -3  7 -4 -5 -5 -3 -4 -5 -4 -2 -3 -4 -5 -5    5   0   0   6   0   0   0  89   0   0   0   0   0   0   0   0   0   0   0   0  1.50 inf
   25 N    0  0  2  1 -1 -1  0 -1 -2 -1 -1  0 -2 -3 -2  2  3 -4 -2 -1    7   4  13   6   1   0   2   1   0   4   4   6   0   0   0  21  27   0   0   4  0.23 inf
   26 K   -1  0  4  0 -3  1  0  1 -1 -2 -3  3 -2 -4 -2  0  0 -4 -3 -3    3   2  34   2   0   7   4   9   0   4   0  26   0   0   0   5   4   0   0   0  0.42 inf
   27 G   -1 -2 -2 -1 -4 -3 -2  7 -3 -5 -5 -1 -4 -5 -4 -2 -3 -4 -5 -5    1   1   0   3   0   0   2  88   0   0   0   4   0   0   0   0   0   0   0   0  1.45 inf
   28 N   -2 -1  6  1  1 -1 -1 -1 -1 -2 -4  1 -3 -1 -3  1 -1 -4 -3 -3    0   0  61   5   4   0   0   2   0   3   0  11   0   3   0   7   2   0   0   0  0.78 inf
   29 S   -1  0 -1 -2 -2 -2 -2 -2 -3 -3 -3 -2 -1 -4  1  3  5 -4 -3 -2    0   6   0   0   0   0   0   0   0   0   0   0   2   0   5  34  52   0   0   0  0.73 inf
   30 R   -1  4  0 -2 -4  1  1 -1  2 -4 -4  5 -2 -4 -2 -1 -1 -4 -3 -3    2  27   2   0   0   5   9   4   5   0   0  45   0   0   0   0   2   0   0   0  0.66 inf
   31 Q   -2 -1 -2 -1 -4  6  3 -1 -1 -4 -4  1  0 -5  1 -2 -2 -4 -3 -4    0   0   0   0   0  58  22   4   0   0   0   6   4   0   7   0   0   0   0   0  0.92 inf
   32 Y   -3 -3 -3 -4 -1  0 -2 -5  4 -3 -1 -3 -2  3 -4 -3 -3  0  8 -3    0   0   0   0   1   4   2   0  11   0   4   0   0  11   0   0   0   0  66   0  1.30 inf
   33 E    0 -1  0  2 -4  3  4 -3  0 -3 -3 -1 -2 -4 -2 -1  0 -4 -3 -1    7   0   4  13   0  16  44   0   1   0   0   0   0   0   0   1   8   0   0   6  0.56 inf
   34 I   -2 -4 -4 -5 -2 -4 -4 -5 -4  6  1 -4  2 -1 -4 -3 -2 -4 -3  3    0   0   0   0   0   0   0   0   0  65   5   0   5   0   0   0   0   0   0  25  0.87 inf
   35 F    2 -1 -3 -1 -3 -2 -3 -3  3 -1 -1 -3 -1  5 -3 -2 -2 -1  3  0   21   3   0   4   0   0   0   0  10   0   0   0   0  41   0   1   0   0  12   8  0.52 inf
   36 Q   -1  2  0 -2 -3  1  0 -1 -2 -3 -3  4 -2 -4 -2  3  0 -4 -3 -2    1   9   1   0   0   5   1   2   0   0   0  36   0   0   0  39   2   0   0   2  0.51 inf
   37 G   -1 -2 -2 -3 -4 -3 -3  7 -3 -5 -5  0 -4 -5 -4 -2 -3 -4 -5 -5    0   2   0   0   0   0   0  92   0   0   0   6   0   0   0   0   0   0   0   0  1.55 inf
   38 T   -1  0 -1 -1 -2 -1 -1 -2 -1  1 -1  0 -1  1 -2  3  3 -3 -2  0    0   4   0   3   0   0   2   0   1  11   5   5   0   8   0  32  23   0   0   4  0.21 inf
   39 L   -3 -4 -5 -5 -3 -4 -4 -5 -4  3  5 -4  1  0 -4 -4 -2 -3 -2  0    0   0   0   0   0   0   0   0   0  18  79   0   0   3   0   0   0   0   0   0  0.90 inf
   40 K   -2  1  0 -2 -4  3  0 -3  0 -1 -1  5  0 -3 -2  0 -1 -4 -3 -2    0   4   2   0   0  20   2   0   2   6   6  48   2   0   0   6   1   0   0   0  0.49 inf
   41 P   -1 -2 -3 -1 -4 -1 -2 -3 -3 -4 -4 -2 -4 -5  8  0 -2 -5 -4 -4    2   2   0   3   0   3   0   0   0   0   0   0   0   0  81   9   0   0   0   0  1.96 inf
   42 D   -1 -3 -1  3 -4 -1 -1  5 -1 -5 -5  0 -4 -4 -3  0 -2 -4 -4 -4    0   0   1  22   0   2   3  62   1   0   0   5   0   0   0   5   0   0   0   0  0.90 inf
   43 N    1  0  3  1 -2  1 -1 -1 -1 -2 -2  1  2 -3 -2  1  0 -3 -1 -2   19   3  22   5   0   9   0   2   0   2   0  11   9   0   0  14   3   0   2   0  0.23 inf
   44 T   -1 -1  2 -2 -2 -1 -2 -3 -2 -1 -3  0 -2 -3 -2  2  5 -4 -3  0    0   3   9   0   0   2   0   0   0   1   0   5   0   0   0  13  61   0   0   6  0.64 inf
   45 Y   -3 -3 -2 -4 -4 -1 -2 -4  7 -3 -3 -3 -3  3 -4 -3 -3  0  7 -3    0   0   0   0   0   2   1   0  35   0   0   0   0   8   0   0   0   0  53   0  1.43 inf
   46 S    0 -2 -1 -2 -2 -1  1 -2 -2 -1 -1  0  0 -3 -2  3  4 -4 -3  0    2   0   0   0   0   0   8   0   0   1   7   4   3   0   0  31  39   0   0   5  0.41 inf
   47 N    1  1  4 -1 -1  0 -1  0  1 -3 -2  2 -2 -3 -2  0 -1 -4 -2 -2   17   6  27   0   2   3   0   7   4   0   4  20   0   0   0   6   1   0   1   3  0.26 inf
   48 E   -1 -2 -1  1 -3 -1  3 -2 -1 -1  1 -2 -1  4 -3 -1 -2 -1  3 -1    3   0   1   7   0   1  26   2   0   0  14   0   0  23   0   2   0   0  16   5  0.31 inf
   49 F   -3 -4 -4 -5 -3 -4 -4 -5 -4  5  1 -4  0  3 -4 -4 -2 -3 -1  2    0   0   0   0   0   0   0   0   0  63   9   0   0  18   0   0   0   0   0  10  0.79 inf
   50 D   -4 -3  1  8 -5 -2  0 -3 -3 -5 -6 -2 -5 -5 -3 -2 -3 -6 -5 -5    0   0   3  97   0   0   0   0   0   0   0   0   0   0   0   0   0   0   0   0  1.85 inf
   51 S    3 -3 -2 -3 -2 -2 -2 -2 -3  0 -1 -2 -1 -1 -2  2  2 -4 -2  3   32   0   0   0   0   0   0   0   0   0   0   0   0   2   0  17  13   0   0  36  0.39 inf
   52 D   -2 -2  1  5 -5  0  5  0 -2 -4 -4  0 -2 -5 -3 -1 -2 -5 -4 -4    0   0   4  38   0   0  48   6   0   0   0   3   1   0   0   0   0   0   0   0  0.92 inf
   53 V    0 -1 -3 -3 -2 -2 -3 -3 -1  2  2 -2  0  1 -3 -1  1 -2 -1  2   11   3   0   0   0   0   0   0   1  17  18   0   1   9   0   4   9   0   0  26  0.21 inf
   54 E   -2 -2  5  5 -4 -1  2 -2 -1 -3 -4  1 -3 -4  0  0 -2 -5 -4 -4    0   0  33  40   0   0  12   0   0   2   0   8   0   0   3   3   0   0   0   0  0.78 inf
   55 V    0 -3 -4 -4 -2 -3 -3 -3 -4  2  0 -3  0 -2  1 -2 -1 -4 -2  5    8   0   0   0   0   0   0   0   0   5   7   0   0   0   7   0   0   0   0  70  0.61 inf
   56 G   -1 -3 -2 -3 -4 -3 -3  7 -3 -5 -4  0  1 -4 -4 -2 -3 -4 -4 -4    0   0   0   0   0   0   0  89   0   0   0   6   5   0   0   0   0   0   0   0  1.47 inf
   57 D   -2 -1  3  3 -3  0  1 -2 -2 -3 -3  2 -3 -4  4  0  1 -4 -3 -2    0   0  20  17   0   3   8   0   0   1   0  15   0   0  20   2  12   0   0   1  0.50 inf
   58 L   -2 -3 -4 -4 -2 -3 -4 -4 -4  4  3 -3  0 -1 -4 -3  0 -3 -2  3    0   0   0   0   0   0   0   0   0  30  31   0   0   0   0   0   6   0   0  32  0.57 inf
   59 E   -1 -1 -1  1 -3  4  2 -3 -2 -2 -3  0 -2 -4 -2  1  3 -4 -3 -1    0   0   0   8   0  29  18   0   0   1   0   3   0   0   0   6  30   0   0   4  0.49 inf
   60 K   -2  1  1  1 -4  0  1 -2 -2 -4 -4  5 -3 -4 -2  1  1 -4 -3 -3    0   2   7   6   0   2   7   0   0   0   0  58   0   0   0   8  10   0   0   0  0.62 inf
   61 V    0 -4 -4 -4 -2 -3 -4 -4 -4  2  0 -4  2 -2 -4 -3 -1 -4 -3  6    6   0   0   0   0   0   0   0   0  10   0   0   6   0   0   0   0   0   0  78  0.87 inf
   62 K   -2  0 -1 -1 -4  1  3 -3  1 -1 -3  5 -2 -4 -2  0  1 -4 -3 -3    0   0   0   0   0   6  20   0   4   5   0  52   0   0   0   6   8   0   0   0  0.58 inf
   63 F   -4 -5 -5 -5  3 -5 -5 -5 -3 -2 -1 -5 -2  8 -5 -4 -4 -1  1 -3    0   0   0   0   6   0   0   0   0   0   0   0   0  94   0   0   0   0   0   0  1.86 inf
   64 I   -2  1 -3 -3 -2 -2 -3 -4 -3  3  3  0  1 -1 -3 -1  0 -3 -2  1    0   8   0   0   0   0   0   0   0  23  43   6   2   0   0   7   5   0   0   7  0.31 inf
   65 W   -5 -5 -6 -7 -5 -4 -5 -5 -5 -5 -4 -5 -4 -1 -6 -5 -5 12  0 -5    0   0   0   0   0   0   0   0   0   0   0   0   0   0   0   0   0 100   0   0  4.06 inf
   66 Y   -2 -1  5  1 -4 -1  1 -2  1 -4 -4  2 -3 -1 -3  0 -1 -3  3 -3    0   0  44   5   0   0  11   0   3   0   0  17   0   2   0   4   0   0  14   0  0.59 inf
   67 N   -2  0  6 -1 -4 -1  0 -2 -1 -4 -4  4 -3 -4  1 -1 -1 -4 -3 -4    0   2  49   0   0   0   5   0   0   0   0  34   0   0   6   0   0   0   0   0  0.80 inf
   68 N    0  0  4 -1 -3  0 -1 -2  5 -3 -3  0 -2 -3 -2  1  1 -3  0 -3   10   5  28   1   0   4   0   0  21   0   0   2   0   0   0  11  12   0   3   0  0.43 inf
   69 V   -1 -3 -3 -4 -2 -3 -3  0 -3  2  2 -3  0  2 -3 -2 -1 -1 -1  4    2   0   0   0   0   0   0   9   0  10  18   0   0  11   0   2   0   1   0  46  0.34 inf
   70 I   -1 -3 -3 -4 -2 -3 -3 -1 -3  4  2 -3  0  3  0 -3 -2 -2 -1  2    3   0   0   0   0   0   0   6   0  47  14   0   0  15   5   0   0   0   0   8  0.40 inf
   71 N   -2 -1  6  1 -3 -1  0  0  2 -4 -4 -1 -3 -4  0  0  0 -4 -3 -3    0   2  56   7   0   0   4   6   6   0   0   0   0   0   5   6   6   0   0   0  0.71 inf
   72 L   -1 -2 -3 -2 -3 -1 -2 -3  0  1  2 -2  0 -1  5 -2 -2 -3 -2  0    4   2   0   2   0   2   0   0   4  10  32   0   0   2  35   0   0   0   0   5  0.58 inf
   73 T   -1 -2 -1 -1 -2 -2 -2 -2  0  0  1 -2  0  3  0  2  2 -2 -1 -1    2   0   1   3   0   0   0   0   3   6  17   0   1  17   5  23  22   0   0   0  0.21 inf
   74 L   -2  2 -1 -2 -3  2  0 -3  2 -2  1  1 -1  1  0 -1 -2  4 -1 -2    0  15   2   0   0  15   6   0   6   0  21   9   0  10   6   1   0   8   0   0  0.25 inf
   75 P    0 -3  2  1 -4 -2 -2  0 -3 -4 -4 -2 -4 -3  7 -1 -2 -5 -4 -4    6   0  13  10   0   0   0   8   0   0   0   0   0   2  59   2   0   0   0   0  1.25 inf
   76 K   -2  3 -1 -2  2  2  1 -3 -2 -3 -3  5 -2 -4 -2  0  1 -4 -3 -3    0  15   0   0   6  10   5   0   0   0   0  48   0   0   0   4  11   0   0   0  0.57 inf
   77 V   -1 -3 -4 -4 -2 -3 -3 -4 -3  1  3 -3  3  2 -4 -3 -2 -2  1  3    5   0   0   0   0   0   0   0   0   0  36   0  12  10   0   0   0   0   5  32  0.44 inf
   78 G   -1 -1 -2 -3 -4  0 -3  7 -3 -5 -5 -3 -4 -5 -4 -2 -3 -4 -4 -5    0   4   0   0   0   5   0  91   0   0   0   0   0   0   0   0   0   0   0   0  1.51 inf
   79 A    6 -3 -3 -3 -2 -2 -2 -1 -3 -1 -3 -2 -2 -4 -2  0 -1 -4 -3 -1   95   0   0   0   0   0   0   0   0   4   0   0   0   0   0   0   0   0   0   2  1.06 inf
   80 S    1 -1 -1  0 -3  2  3 -2 -2 -3 -3  0 -2 -4 -2  3  1 -4 -3 -3    9   0   0   2   0   8  30   0   0   0   0   5   0   0   0  40   5   0   0   0  0.51 inf
   81 K   -1  2 -1 -2 -3  2  1 -2 -1 -2 -2  3  2 -3 -2  1  1 -3 -2 -1    0  13   0   0   0  10   6   0   1   0   0  32  10   0   0  14  11   0   0   3  0.35 inf
   82 I   -1 -4 -4 -4 -2 -4 -4 -5 -4  5  1 -4  0 -2 -4 -3 -2 -4 -2  4    2   0   0   0   0   0   0   0   0  48   6   0   0   0   0   0   0   0   0  44  0.78 inf
   83 T   -1 -1  1 -2 -2  0  1 -3 -2  0 -2 -1 -1 -3 -2  1  5 -4 -3  0    2   2   7   0   0   3   9   0   0   4   0   0   1   0   0   9  58   0   0   5  0.52 inf
   84 V   -2 -4 -4 -4 -2 -3 -4 -5 -4  4  1 -4  0 -2 -4 -3 -1 -4 -2  5    0   0   0   0   0   0   0   0   0  25   9   0   0   0   0   0   2   0   0  64  0.74 inf
   85 E   -2  0 -1 -1 -4  6  3 -3  1 -2 -3  0 -2 -4 -2  1 -1 -4 -3 -3    0   2   0   0   0  53  22   0   3   4   0   2   0   0   0  12   2   0   0   0  0.75 inf
   86 R    0  2  0 -2 -3 -1 -1  3 -1 -3 -3  1 -2  0 -2  2  1 -2  2 -2    1  18   2   0   0   1   0  24   0   0   0   9   0   4   0  22   8   0   9   2  0.27 inf
   87 N    0 -1  2 -1 -4 -1  0  4 -2 -4 -4  3 -3 -4 -3  0 -2 -4 -3 -3    6   0  14   0   0   0   4  41   0   0   0  32   0   0   0   2   0   0   0   0  0.60 inf
   88 D   -3 -2  1  6 -5 -1  3 -3 -2 -4 -4 -2 -4 -3 -3 -2 -2 -4  2 -3    0   0   4  68   0   1  16   0   0   0   0   0   0   0   0   0   0   0   9   1  1.08 inf
   89 G   -1  0 -1 -2 -4 -2 -2  6 -3 -5 -5  1 -4 -4 -3 -1 -3 -4 -4 -4    0   4   1   0   0   0   2  83   0   0   0   9   0   0   0   0   0   0   0   0  1.26 inf
   90 S   -1  3  1 -1 -3  3  1 -2 -1 -3 -2  2  0 -2 -2  0  2 -2  2 -2    2  17   6   0   0  16   5   0   0   0   0  16   3   0   0   2  24   0   9   0  0.33 inf
   91 V   -1  1 -2 -2 -2  0  2 -3 -2  1 -1  1 -1 -2 -2 -1  1  2 -2  3    0   8   0   0   0   3  18   0   0  12   0  11   0   0   0   0  14   3   0  31  0.22 inf
   92 F   -2 -3 -1 -3 -3 -1 -3 -3  2 -1 -1 -3 -2  5 -4  1 -2  0  6 -2    0   0   4   0   0   2   0   0   5   3   1   0   0  28   0  19   0   0  38   0  0.71 inf
   93 N   -2  0  4  1 -3  0  0 -2  3 -3 -2  1 -2 -1 -2  0  2 -3  1 -2    0   5  29   7   0   3   2   0   9   0   3   8   0   3   0   5  23   0   5   0  0.32 inf
   94 F   -3 -4 -4 -4 -4 -4 -4 -4 -3 -2 -1 -4 -1  8 -4 -1 -3 -1  1 -2    0   0   0   0   0   0   0   0   0   0   0   0   0  90   0   6   0   0   0   0  1.53 inf
   95 C   -2 -5 -4 -5 11 -4 -5 -4 -4 -3 -3 -4 -3 -4 -4 -3 -3 -4 -4 -2    0   0   0   0  95   0   0   0   0   0   0   0   0   0   0   0   0   0   0   0  2.62 inf
   96 S    0 -3 -1 -2 -3 -2 -2  4 -3 -4 -4 -2 -3 -4 -3  5 -1 -4 -3 -3    0   0   0   0   0   0   0  40   0   0   0   0   0   0   0  60   0   0   0   0  0.90 inf
   97 E    0  1  0 -1 -3  3  1 -2  1 -3 -2  2 -2 -3 -1  2  2 -3 -2 -2    2   5   4   0   0  17   9   1   3   0   1  18   0   0   1  24  15   0   0   1  0.31 inf
   98 E   -2 -2  0  5  0  1  4  2 -2 -4 -4 -1 -3 -4 -2 -1 -2 -4 -4 -4    0   0   2  41   3   4  30  18   0   0   0   0   0   0   0   1   0   0   0   0  0.72 inf
   99 T    0 -2  0 -2 -2 -2 -2 -3 -3  1 -2 -1 -1 -3 -2  0  6 -4 -3 -1    7   0   3   0   0   0   0   0   0  12   0   3   1   0   0   3  71   0   0   0  0.71 inf
  100 V    0 -4 -4 -4 -2 -3 -4 -4 -4  1  0 -3  3 -2 -4 -3 -1 -4 -3  6    5   0   0   0   0   0   0   0   0   0   0   0  10   0   0   0   0   0   0  85  0.90 inf
  101 R   -1  5 -1 -2 -4  1  0  0  0 -3 -2  2  1 -3 -3  0 -2 -3 -3 -2    3  47   0   0   0   5   5   8   1   0   0  14   7   0   0   5   0   0   0   2  0.50 inf
  102 E   -1 -2 -2  0 -4  0  5 -3 -1 -4 -4  0 -3 -3  3 -1 -2 -3  2 -3    4   0   0   2   0   0  65   0   0   0   0   3   0   0  17   0   0   0   9   0  0.88 inf
  103 D   -2 -1  5  4 -4 -1  1  1 -1 -4 -4  1 -3 -4 -3  0 -1 -5 -3 -4    0   0  35  31   0   0  10   9   0   0   0  12   0   0   0   2   0   0   0   0  0.67 inf
  104 V    0 -3 -2 -3 -2 -2  0 -4 -3  3  0 -3  1 -2 -3 -1  1 -4 -2  4    4   0   2   0   0   0   7   0   0  15   0   0   2   0   0   2   9   0   0  58  0.43 inf
  105 L    0 -3 -1 -3 -2 -2 -2 -4 -3  2  4 -3  1 -1  0 -2 -2 -3 -1  0    9   0   5   0   0   0   4   0   0   9  68   0   0   0   5   0   0   0   2   0  0.44 inf
  106 L   -2 -1 -2 -2 -4  7  0 -4 -2 -2  2 -1 -1 -3 -3 -2 -2 -3 -3 -2    0   0   0   0   0  69   0   0   0   0  31   0   0   0   0   0   0   0   0   0  0.94 inf
  107 T   -1 -2  1 -2 -2 -1 -2 -2 -2  0 -1  0 -2 -3 -2  2  5 -4 -3 -1    0   0   7   0   0   0   0   0   0   7   5   5   0   0   0  22  55   0   0   0  0.52 inf
  108 L   -2 -3 -5 -5 -2 -3 -4 -5 -4  1  5 -4  1 -1 -4 -4 -2 -3 -2  1    0   0   0   0   0   0   0   0   0   0  90   0   0   0   0   0   0   0   0  10  0.92 inf
  109 T   -1 -1  1 -2 -2 -1  0 -2  0  0  0  1 -1 -1 -1  1  3 -2  2 -1    0   0   7   0   0   1   5   0   1   5  11   9   0   0   2  12  31   0  13   2  0.18 inf
  110 A    1 -2 -3 -3 -3 -2 -2 -3 -3 -3 -2 -2 -3 -4  7  0 -2 -5 -4 -3   13   2   0   0   0   0   0   0   0   0   5   0   0   0  73   7   0   0   0   0  1.62 inf
  111 C   -2 -5 -5 -5 11 -5 -6 -4 -5 -3 -3 -5 -3 -4 -5 -3 -3 -4 -4 -3    0   0   0   0 100   0   0   0   0   0   0   0   0   0   0   0   0   0   0   0  2.82 inf

                      K         Lambda
Standard Ungapped    0.1353     0.3168
Standard Gapped      0.0506     0.2670
PSI Ungapped         0.1634     0.3084
PSI Gapped           0.0506     0.2670
