
Last position-specific scoring matrix computed, weighted observed percentages rounded down, information per position, and relative weight of gapless real matches to pseudocounts
           A  R  N  D  C  Q  E  G  H  I  L  K  M  F  P  S  T  W  Y  V   A   R   N   D   C   Q   E   G   H   I   L   K   M   F   P   S   T   W   Y   V
    1 P   -3 -4 -4 -3 -5 -3 -3 -4 -4 -5 -5 -3 -5 -6  9 -3 -3 -6 -5 -4    0   0   0   0   0   0   0   0   0   0   0   0   0   0 100   0   0   0   0   0  2.78 inf
    2 A    0  3 -2 -1 -4 -2 -2  2 -3 -4 -4 -1 -3 -5  5  0 -1 -5 -4 -4    9  22   0   2   0   0   1  20   0   0   0   1   0   0  35   8   2   0   0   0  0.80 inf
    3 V   -2 -3 -5 -5 -3 -3 -3 -4 -4  2  4 -4  3 -2  2 -3 -1 -4 -3  2    2   1   0   0   0   1   1   1   0  10  51   0   7   0   9   1   3   0   0  15  0.62 inf
    4 K    0  2  2 -3 -5  0 -1 -4 -1 -5 -3  6 -4 -5 -1 -2 -2 -5 -3 -4    7  10  10   0   0   2   1   0   1   0   2  61   0   0   2   0   1   0   1   1  0.99 inf
    5 P   -2 -4 -3 -5 -6 -4 -3  0 -5 -6 -5 -4 -6 -7  8 -2 -3 -7 -6 -6    3   1   1   0   0   0   1   7   0   0   1   0   0   0  83   2   1   0   0   0  2.38 inf
    6 M   -1 -4 -5 -5 -4 -4 -4 -3 -4  4  3 -4  0 -2  5 -3 -3 -4  1  0    4   0   0   0   0   0   0   2   0  25  31   0   2   0  27   0   0   0   6   2  0.76 inf
    7 Q   -1  1  2  0 -2  2  2 -3  4  0  0 -1 -1 -3 -3  0  0 -4 -2  0    3   7  11   3   1  12  15   0  12   5   8   1   1   0   0   8   5   0   0   8  0.22 inf
    8 I   -2 -3 -3 -4 -3  1 -3 -5 -2  5  1 -3  1 -1 -4 -2 -1 -4 -3  3    2   1   1   0   0   8   0   0   1  40  13   0   3   1   0   2   2   0   0  24  0.62 inf
    9 I   -1 -2 -2 -2 -1  0  0 -3 -1  1  0 -1 -1  1 -3  0  3 -3  0  2    2   1   1   1   1   6   6   0   1   8   5   4   1   9   0   5  24   0   3  22  0.21 inf
   10 E   -2 -2 -3 -3 -6  8  3 -5  1 -6 -4 -2 -4 -6 -4 -2 -4 -5 -2 -5    3   0   0   0   0  74  16   0   3   0   1   0   0   0   0   2   0   0   1   0  1.74 inf
   11 P   -2 -4 -5 -5 -6 -4 -3 -5 -5 -4 -3 -4 -5 -6  8 -2 -2 -7 -6 -5    2   1   0   0   0   0   2   0   0   1   3   0   0   0  87   3   2   0   0   0  2.51 inf
   12 E   -2 -1  1  3 -2  4  5  0  1 -5 -4  0 -4 -5 -3 -1 -3 -5 -3 -4    2   1   5  14   1  22  37   8   3   0   2   3   0   0   0   3   0   0   0   0  0.73 inf
   13 G   -3 -5 -3 -2 -5 -4 -5  7 -5 -6 -6 -3 -5 -6 -5 -3 -4 -5 -6 -3    0   0   0   1   0   0   0  92   0   0   0   1   0   0   0   1   0   0   0   2  2.06 inf
   14 K    1  1 -3 -4 -4 -2 -3 -2 -4 -3 -4  1 -3 -5  6  0 -2 -5 -4  1   11   8   0   0   0   1   0   2   0   0   0  10   0   0  46   5   1   0   0  14  0.99 inf
   15 N   -2  5  1 -3 -4 -1 -2  0 -2 -5 -5 -2 -4 -5 -4  5 -2 -5 -4 -4    1  29   5   0   0   2   1   7   0   0   0   0   0   0   0  53   0   0   0   0  1.02 inf
   16 Y   -5 -5 -6 -6 -5 -6 -6 -6 -3 -3 -3 -6 -3  8 -6 -5 -5  1  6 -3    1   0   0   0   0   0   0   0   0   1   0   0   0  70   0   0   0   1  25   1  2.21 inf
   17 T   -1  2  0 -1 -3  1  0 -2  2 -4 -4  3 -3 -4 -3  2  2 -4 -3 -2    4  14   4   2   0   7   3   2   5   0   0  19   0   0   0  19  18   0   0   2  0.39 inf
   18 I   -2 -5 -5 -5 -3 -4 -5 -5 -5  4  2 -4  3 -2 -4 -4 -2 -4 -2  5    2   0   0   0   0   0   0   0   0  26  15   0   6   1   1   0   2   0   1  46  0.91 inf
   19 T   -2  1  3  5 -5  2  3 -3  0 -4 -4  0 -4 -4 -3 -1  0 -5 -4 -4    1   6  12  36   0   8  17   0   2   0   1   4   0   0   0   4   7   0   0   1  0.68 inf
   20 G   -1 -1  1  1 -5  0 -1  6  0 -5 -5 -2 -5 -5 -4 -2 -2 -5 -5 -4    3   3   5   7   0   4   4  65   3   0   0   2   0   0   0   1   2   0   0   1  1.10 inf
   21 D   -3  3  5  0 -4 -1 -1 -2  5 -5 -5  0 -4 -4 -1  0  0  1  1 -4    0  15  32   4   0   1   3   2  16   0   0   4   0   0   3   7   6   2   4   0  0.66 inf
   22 M   -1  1 -1 -2 -3  0  1 -3  3 -1  1  0  0  0 -3 -1  1 -2  3  0    4   7   1   0   0   5  10   0  11   3  17   6   2   2   0   3   9   0  11   9  0.16 inf
   23 I   -1 -5 -4 -5 -3 -4 -5 -5 -5  4  1 -4  0 -2 -2 -3 -2 -5 -3  5    3   0   1   0   0   0   0   0   0  22  13   0   2   1   2   2   0   0   0  54  0.92 inf
   24 H   -1  1  1 -1 -2  0  3 -3  1 -2 -1  1 -2 -2 -3  2  2 -4 -2 -2    2   8   8   1   0   3  22   0   4   2   5  10   0   1   0  17  12   0   1   2  0.27 inf
   25 W   -5 -6 -6 -6 -2 -5 -6 -1 -5 -6 -5 -6 -5  0 -6 -1 -5 12  4 -6    0   0   0   0   1   0   0   6   0   0   0   0   0   2   0   5   0  69  15   0  3.07 inf
   26 R    2 -1 -2 -1 -4  5  0  0 -2 -2 -2 -1  4 -4 -2  0 -1 -4 -2 -3   21   2   0   3   0  33   4   5   0   2   1   2  14   0   1   6   3   0   1   0  0.53 inf
   27 N   -2  1  5  2 -4 -2 -2  3 -1 -4 -2  3 -2 -4 -4 -2 -1 -5 -4 -4    1   7  28  10   0   0   0  24   1   1   5  19   1   0   0   1   3   0   0   0  0.59 inf
   28 W   -6 -6 -7 -8 -6 -6 -6 -6 -6 -6 -4 -7 -2  2 -7 -6 -6 12  0 -6    0   0   0   0   0   0   0   0   0   0   1   0   1   8   0   0   0  85   2   0  4.00 inf
   29 D   -1  3  1  1 -2  1  2 -2 -1 -3 -4  1 -2 -4 -3  3  1 -4 -3 -3    2  15   8   8   1   5  13   2   1   1   0  10   0   0   0  26   7   0   0   1  0.39 inf
   30 F   -5 -5 -6 -6 -5 -5 -6 -6 -4 -1  1 -6  5  8 -6 -5 -5 -2  0 -2    0   0   0   0   0   0   0   0   0   2  12   0  14  68   0   0   0   0   1   2  1.78 inf
   31 H   -1  4 -2  0  3 -2 -2 -4  7 -4 -4 -1 -3 -1 -4  0 -1 -4  2 -2    4  27   1   5   6   0   1   0  28   0   0   2   0   2   0   7   4   0   9   4  0.75 inf
   32 L   -3 -4 -5 -5 -3 -4 -5 -5 -2  3  2 -4  1  3 -5 -4 -2  5  0  4    1   0   0   0   0   0   0   0   1  18  16   0   2  14   0   0   2   9   2  34  0.75 inf
   33 S    0  2 -2 -3 -4 -1 -1  5  0 -5 -5  0 -4 -5 -3  1  0 -5 -4 -4    7  12   0   1   0   2   3  52   2   0   0   6   0   0   0   8   5   0   0   1  0.80 inf
   34 M   -2 -4 -1 -5 -4 -4 -3 -5  0 -1  1 -4  1  7  0 -4 -2  1  2 -1    2   0   4   0   0   0   1   0   2   1  14   0   4  52   5   0   2   1   4   4  0.95 inf
   35 N   -3  1  5  4 -5 -1 -1  0  1 -5 -5 -2 -4 -5 -4  1  2 -5 -4 -4    1  10  33  23   0   1   3   6   3   0   0   1   0   0   0   8  12   0   0   0  0.75 inf
   36 S    1  1 -2 -3 -2  0 -2 -1  0 -2 -2 -1  0 -2  3  1  0  1  3  0   11  11   1   0   0   4   0   4   3   1   1   2   3   1  18  14   5   2  14   7  0.31 inf
   37 R   -3  6 -2  2 -5 -2 -1 -4 -3 -3 -3  1 -3  0 -4  1 -1 -3 -3 -4    0  58   1  10   0   0   2   0   0   2   2   6   0   4   0  11   3   0   1   1  1.01 inf
   38 V    2 -3 -2 -1 -4  0  5 -3 -2 -3 -3 -2 -1 -4 -2  2  1 -5 -2 -1   17   0   1   1   0   2  45   0   0   1   2   1   1   0   1  13   9   0   1   4  0.63 inf
   39 G   -2 -6 -4 -5 -6 -5 -5  7 -5 -7 -7 -5 -6 -7 -6 -2 -5 -6 -7 -7    1   0   0   0   0   0   0  97   0   0   0   0   0   0   0   2   0   0   0   0  2.37 inf
   40 P   -2 -4 -5 -5 -3 -4 -4 -5 -4  3  4 -4  4  1  1 -3 -1 -4 -3  0    3   0   0   0   0   0   0   0   0  18  47   0  12   4   9   1   2   0   0   4  0.71 inf
   41 M   -1  1 -3 -4 -3  1 -3 -4 -1  1 -1 -1  0 -3 -3 -1  1 -4 -3  4    5   9   1   0   0   9   0   1   1   8   1   3   3   0   0   4  11   0   0  45  0.46 inf
   42 I   -2 -4 -5 -5 -3 -4 -5 -5 -5  5  4 -4  0  0 -5 -4 -3 -4 -3  1    2   0   0   0   0   0   0   0   0  35  51   0   1   2   0   0   0   0   0   6  0.98 inf
   43 S   -3 -2  1 -2 -4 -2 -1 -3  6 -4 -1 -3 -3  3 -4  3 -1  3  4 -4    0   2   5   1   0   0   3   0  23   0   6   0   0  12   0  26   2   4  14   0  0.68 inf
   44 T   -3  0  4  5 -4  2 -1 -2 -1 -4 -1 -1 -2 -4 -3 -1  0 -5 -4 -3    1   4  22  38   0  10   2   2   1   0   7   2   1   0   0   3   6   0   0   1  0.70 inf
   45 V    1 -4 -4 -5 -2 -4 -4 -4 -5  4  1 -4  0 -2 -4 -3 -2 -4 -3  5   14   0   0   0   1   0   0   1   0  26   9   0   1   1   0   0   1   0   0  44  0.77 inf
   46 T    0  4 -1 -2 -2 -1 -2 -1  3 -3 -3  1 -1 -3 -3  2  3  0 -1 -2    5  23   2   1   1   1   0   4  10   0   1   7   2   0   0  19  19   2   1   3  0.39 inf
   47 Y   -3 -4 -5 -5 -4 -4 -5 -5  0  1 -2 -5  0  6 -5 -4 -3  0  7  1    1   0   0   0   0   0   0   0   1   8   1   0   3  32   0   0   1   1  41  10  1.33 inf
   48 N   -2  1  3  2 -2  2  0 -2  1 -3 -2  2 -2 -1 -3 -1  0 -3  0 -2    1   8  19  15   1  10   4   2   3   1   2  14   1   3   0   1   6   0   4   3  0.29 inf
   49 D   -3 -3  0  6 -2 -3 -1  4 -1 -4 -5 -3 -4 -4  1 -2 -3 -4 -3 -4    1   1   4  45   1   0   2  32   1   1   1   1   0   0   7   1   1   0   1   1  0.99 inf
   50 N    0  0  0  0 -2  1  0  1  1 -2 -1  2 -1 -2  1  0  0  0 -1 -1    5   5   4   4   1   5   6  13   4   2   4  20   1   2   7   5   4   1   1   4  0.12 inf
   51 G   -1 -1  0  1 -2  0  0  4  1 -2 -2  0 -2 -1 -1  0 -1 -2 -1 -2    4   4   4   9   1   4   5  35   5   2   4   5   1   3   2   6   3   1   1   3  0.26 inf
   52 T    0  3  1 -1 -2  0  1 -1  0 -1 -1  1 -1 -2 -1  0  1 -2 -1 -1    6  18   8   2   1   2  13   3   2   2   5   9   2   2   2   5  13   1   1   5  0.14 inf
   53 K    0  1  0  0 -1  0  0  0  0  0 -1  0  0 -1  0  0  0  0  0  0    6   7   6   3   1   5   6   9   2   4   6   7   2   3   4   5   7   2   2  11  0.02 inf
   54 R   -2  7 -2 -2 -5  1  3 -4 -2 -3 -4  0 -3 -4 -3 -3 -2 -4 -4 -2    2  59   0   1   0   4  22   1   0   2   1   2   0   0   0   1   2   0   0   3  1.13 inf
   55 K   -2  5  0 -1 -4  0 -1 -3 -2 -4 -4  0 -2 -4  4  2 -1 -4 -1 -4    0  37   5   2   0   4   2   0   0   0   0   3   1   0  23  17   2   0   2   0  0.79 inf
   56 V   -2 -4 -4 -4 -3 -3 -4 -4 -4  5  2 -4  0 -2 -4 -3 -1 -4 -1  4    2   0   0   0   0   0   1   1   0  33  15   1   1   0   0   1   2   0   1  40  0.74 inf
   57 M    2 -3 -3 -4 -2 -3 -3 -3 -3  2  2 -3  3  4 -3 -2 -2 -2 -1  1   22   0   0   0   0   0   1   1   0  10  25   0  10  19   0   1   1   0   0   9  0.41 inf
   58 Y   -4 -2  1 -3 -4 -2 -3 -4  4 -4 -3 -2 -3  1 -4 -2 -2  0  8 -3    1   2   7   1   0   1   1   1   8   0   1   2   0   4   0   2   3   1  65   1  1.53 inf
   59 E   -3  5 -2 -2 -4  1  4 -3 -2 -4 -4  2 -3 -4 -3  0 -2 -4 -3 -4    1  40   0   0   0   3  35   1   0   0   1   9   0   0   0   7   1   0   0   1  0.92 inf
   60 G    1 -3 -3 -3 -2 -3 -3  2 -3  2  3 -3  1 -2 -3 -2 -1 -3 -2  1   16   0   0   0   0   0   1  18   0  11  35   0   3   0   0   1   2   0   0  10  0.33 inf
   61 S    1 -1 -1 -2 -3 -2 -2  1  1 -3 -3 -1 -2  1 -3  5 -1 -3 -1 -3    8   2   2   0   0   0   1  12   3   0   2   3   1   7   0  56   1   0   2   1  0.61 inf
   62 L   -1 -3 -4 -4 -2 -3 -3 -4 -3  2  3 -3  2  1 -2 -2 -1 -3 -1  3    4   0   0   0   0   0   1   1   0  10  41   0   4   5   2   3   3   0   1  25  0.46 inf
   63 G    1 -1 -1 -1 -1  4  0  0 -2 -2 -3 -1 -2 -4 -2  3  0 -4 -3  0   13   1   2   1   1  26   3   6   0   1   1   1   0   0   1  29   3   0   0   8  0.41 inf
   64 G   -2 -2 -2  2 -5  2  7 -1 -2 -5 -4 -2 -4 -5 -3 -2 -3 -4 -4 -4    2   0   0   8   0   6  74   4   0   0   1   0   0   0   0   1   1   0   0   1  1.33 inf
   65 M    3 -4 -4 -4  2 -3 -4 -3 -4  1  1 -3  7 -2 -4 -2 -1 -4 -3  0   32   0   0   0   4   0   0   1   0   6  10   0  34   1   0   2   3   0   0   4  0.83 inf
   66 I    0 -3 -2 -4 -1 -3 -3 -2  1  2  1 -3  3  3 -3 -2  1 -3  0  3    7   0   2   0   1   0   0   2   4   9  12   0   8  13   0   2   8   0   2  26  0.30 inf
   67 V    3 -4 -4 -4 -3 -3 -4 -2 -4  0 -2 -3 -2 -3 -4  0  1 -4 -3  5   28   0   0   0   0   0   0   2   0   4   1   0   0   0   0   7   7   0   0  48  0.76 inf
   68 P   -2 -4 -4 -4 -4  0 -2 -4  4 -1 -1 -3 -3 -1  7 -2 -1  1 -3  0    2   0   0   0   0   4   2   0  12   4   6   0   0   2  50   2   3   2   0   9  1.14 inf
   69 Y   -5 -5 -2 -5 -5 -4 -5 -6  2 -4 -4 -5 -4  1 -5 -5 -5 -1  9 -4    1   0   2   0   0   0   0   0   3   0   1   0   0   4   0   0   0   0  85   0  2.62 inf
   70 G    2  0 -2 -1 -4 -1 -3  5 -3 -4 -3 -2  3 -4 -3  0 -1  0 -4 -3   16   6   0   4   0   3   0  45   0   0   1   2   8   0   0   8   3   2   0   0  0.65 inf
   71 D   -1 -3  0  5  0 -2  0  3 -3 -4 -4 -3 -4 -4 -3  1 -2 -5 -4 -2    5   0   3  40   2   0   4  27   0   0   1   0   0   0   0  10   2   0   0   4  0.77 inf
   72 P   -1 -3  2  0 -4 -2 -2  0  3 -3 -3  0 -3 -1  6 -1 -1 -4 -1 -3    3   0  11   6   0   1   1   6   8   1   2   6   0   3  39   4   4   0   2   1  0.75 inf
   73 D   -1  2  1  3 -1  0  1  0 -1 -2 -3  0 -3 -2 -2  2  2 -4 -2 -2    2  13   5  16   2   4   9   5   1   2   1   3   0   2   0  18  14   0   1   2  0.27 inf
   74 I    0  0 -1 -1 -4 -1  1 -3  2 -3 -4 -2 -4 -2  6 -1 -1 -4 -2 -3    8   5   2   4   0   2   9   2   5   2   1   2   0   2  47   4   2   0   1   2  0.94 inf
   75 G    1 -2  0  0 -3  0  0  1 -1 -2 -1  0 -1  0  4  0 -1 -3 -2 -1   16   1   3   4   0   3   6  10   1   2   5   5   2   6  22   5   4   0   1   5  0.24 inf
   76 W    0 -1 -1 -3 -3  2 -2  1  5 -2 -2 -2  2  2 -3 -1 -1  6  2 -3    7   3   3   1   0  10   1  11  18   2   2   1   6   7   1   3   4  14   7   1  0.53 inf
   77 Y    0 -1 -2 -1 -2  1 -2 -2  5 -2  0 -2  3  0 -1  1 -1  1  4 -2    8   2   1   3   1   5   2   2  14   1   7   0   9   3   3  12   4   1  18   1  0.33 inf
   78 F   -1  4  1  0 -4  1 -2 -1 -1 -3 -2  0 -1  2 -3  0 -2  4  0 -2    6  27   8   4   0   6   1   5   1   0   4   5   1   9   0   9   2   6   3   3  0.31 inf
   79 K   -1  1  1 -3 -3  1 -2 -3 -1 -1 -2  4  0 -4 -3  0  3 -4 -3 -1    5   7   6   1   0   5   1   1   1   3   3  33   3   0   1   7  19   0   0   4  0.45 inf
   80 A    1  1  2 -2  0  2 -1 -2  2 -3 -1  1 -1 -1 -3  1  2 -3 -2 -2   14   9  14   0   2   9   2   1   6   0   5   7   1   3   0   9  13   0   0   2  0.21 inf
   81 Y    3 -5 -5 -5 -4 -4 -4 -3 -3 -4 -4 -4 -4  5 -3 -1 -3  0  7 -1   26   0   0   0   0   0   0   2   0   0   0   0   0  23   1   5   1   1  35   4  1.15 inf
   82 L   -4 -4 -4 -2 -4 -1 -4 -5  1  1  2 -4  4  6 -5 -3 -2 -3  0  0    0   0   0   3   0   4   0   0   3   6  23   0  10  38   0   2   2   0   2   6  0.80 inf
   83 D   -5 -5 -2  8 -6 -4 -1 -3 -5 -6 -6 -4 -6 -6 -5 -4 -5 -7 -6 -6    0   0   0  91   0   0   2   2   0   0   0   0   0   0   0   0   0   0   0   0  2.49 inf
   84 S    1 -2 -1 -3  1 -2 -2 -2 -3  0  1 -2  0  0 -3  2  1 -3 -2  1   14   2   2   0   2   1   1   2   0   5  18   0   2   5   0  23   9   0   0  13  0.22 inf
   85 G   -1 -3 -2 -3 -3 -2 -3  6 -3 -3 -3 -3 -2 -2 -3 -1  0  2  1 -3    4   1   1   1   0   2   1  61   0   1   3   1   1   2   1   4   6   3   5   1  0.96 inf
   86 D   -2 -2  0  3 -2  0  4 -1  1 -3 -2 -1 -2 -3 -2  1 -1  1  0 -2    2   1   4  19   1   2  31   5   4   1   3   1   1   1   1  10   3   2   4   4  0.42 inf
   87 Y   -2 -4 -3 -1  1 -2 -4  0  0 -1 -2 -4 -3  4 -1 -3 -3  6  7 -2    3   1   1   4   3   2   1   8   1   3   3   1   0  15   3   1   1  10  38   3  0.91 inf
   88 G   -1 -4 -1 -4 -5 -3 -4  6 -4 -5 -2 -4 -3 -3 -4  0 -3  2 -5 -3    3   1   2   0   0   1   0  71   0   0   4   0   1   1   0   6   1   3   0   2  1.37 inf
   89 M    0 -3 -4 -1 -1 -1 -3 -2 -3  1  3 -3  3  4 -2 -2 -2 -3 -1  0    9   0   0   4   1   3   0   3   0   9  26   0  10  23   2   1   2   0   1   5  0.39 inf
   90 G   -1 -5 -3 -2 -5 -4 -5  7 -5 -5 -6 -4 -5 -2 -5 -3 -4 -5 -5 -3    3   0   0   2   0   0   0  86   0   0   1   0   0   2   0   1   0   0   0   2  1.94 inf
   91 T    0  1  0 -1  0  0 -1  0  1  0  0  0  0 -1  1  0  1 -1  0  0    7   9   5   1   2   6   0   7   4   6   9   6   2   3   6   7  11   0   4   5  0.04 inf
   92 L    0  0  2 -2  1  0 -1  0 -1 -1  0 -1  2  1 -2  1  0  0  1 -1    6   5  13   1   4   3   3   6   1   1  11   2   7   7   2  10   7   1   6   3  0.08 inf
   93 T    4 -3 -2 -2 -1 -1 -3 -1  2 -2 -1 -3  2 -1 -3  1  2 -4 -2 -1   36   0   2   1   1   3   1   5   5   2   4   0   7   3   0   9  15   0   1   3  0.41 inf
   94 S   -2  1  5 -2 -4 -1 -3 -1  3 -2 -1 -1  1  1 -4  0  0  2  1 -1    1   7  27   2   0   2   0   5   7   2   6   3   4   8   0   6   5   3   5   6  0.34 inf
   95 P   -1 -1  3 -1 -1  0  1 -2  0 -2 -2 -1 -2 -4  3  3  0 -5 -4 -2    3   3  15   2   1   4  11   3   2   3   3   3   1   0  17  21   6   0   0   2  0.39 inf
   96 I   -3 -3  1 -4 -3  0 -3 -4 -3  1  5 -3  2  1 -4 -3 -3 -3 -2  1    1   0   8   0   0   5   1   1   0   5  59   0   6   5   0   1   0   0   0   7  0.68 inf
   97 A    0  0 -1 -1 -2  0  0 -1  1  0  0  0  2 -2 -1  0  0 -3 -2  2    7   6   2   3   0   4   8   3   5   3   6   6   7   0   2   9   6   0   0  22  0.08 inf
   98 R   -1  2 -1 -1 -3  0 -1 -3  0  0  2  0 -1 -1  4 -2 -2 -3 -2  1    3  11   3   3   0   5   4   1   3   3  24   4   0   3  22   0   0   0   0  10  0.32 inf
   99 G    0 -2 -1 -2 -4 -3 -2  6 -1 -4 -1 -3 -1 -2 -3 -1  0 -4 -1 -4    6   3   3   2   0   0   2  61   1   0   7   0   2   2   0   2   6   0   2   0  0.85 inf
  100 K    0  0 -1 -3  7 -1 -3 -2 -2  0 -1  0 -2  1 -3 -1 -1 -2  2  0   10   7   4   1  28   2   1   2   0   7   6   5   0   6   1   2   4   0  10   6  0.44 inf
  101 D   -3 -3  1  7 -5 -2  1  0  1 -5 -5 -3 -4 -5 -3 -2 -3 -5 -4 -5    1   0   6  69   0   0   9   6   3   0   1   1   0   0   0   1   1   0   0   1  1.42 inf
  102 A   -3 -7 -6 -7 11 -6 -7 -6 -6 -2 -5 -6 -1 -6 -6 -5 -5 -6 -1 -3    2   0   0   0  86   0   0   0   0   3   0   0   2   0   0   0   0   0   2   1  3.48 inf
  103 P   -3 -5 -4 -5 -5 -4 -3 -5 -5 -3  3  0 -4 -3  7 -4 -4 -5 -5 -3    2   0   1   0   0   0   1   1   0   1  26   7   0   1  57   1   0   0   0   2  1.61 inf
  104 S    0  0 -1 -1 -4 -1  0  5 -1 -4 -3 -2 -4 -2 -2  1  0  0  2 -3    5   4   2   3   0   3   6  42   2   0   2   2   0   2   2   9   5   1   8   1  0.54 inf
  105 N    0 -2  3 -1 -3 -1  0  0  3 -2 -1 -2 -2 -2 -3  0  2 -3  2  0    6   1  17   3   0   3   7   7   9   1   6   2   1   1   0   4  16   0   7   8  0.24 inf
  106 A    5 -4 -4 -4 -1 -4 -4 -2 -4  5 -3 -4 -3 -4 -4  0 -3 -4 -4 -1   44   1   1   1   1   1   1   3   0  36   1   1   0   0   1   6   1   0   0   3  0.96 inf
  107 V   -1  0 -2 -2 -3  0 -1 -2  4 -1 -3  3 -3 -2 -3 -1  4 -3  1  0    4   5   1   1   0   4   2   2  11   3   2  18   0   1   1   2  29   0   6   8  0.46 inf
  108 L   -4 -4 -4 -5  0 -4 -4 -5 -1 -2 -1 -4  0  5 -5 -4 -4 -2  8 -2    1   1   1   1   2   1   1   1   1   3   5   1   2  20   1   1   1   0  57   2  1.75 inf
  109 L   -3 -4 -4 -5 -4 -4 -4 -4 -4  0  3 -2  5  5 -2 -3 -2  0 -1  1    1   1   1   1   0   0   1   1   0   4  30   2  15  27   2   1   2   1   1   8  0.81 inf
  110 N   -4 -4  3  7 -5 -3 -1 -3 -2 -5 -5 -4 -5 -5 -1  0 -1 -5 -5 -5    1   1  12  63   0   0   2   2   1   1   1   1   0   0   3   7   4   0   0   1  1.51 inf
  111 E    3 -3 -2 -3 -2 -3 -2  3 -4 -1 -2 -3 -2 -1 -2  0  2  2 -3  0   23   1   1   0   1   0   1  27   0   3   4   0   1   2   2   6  17   3   0   8  0.44 inf
  112 T   -2 -2 -2  0 -2 -2 -1 -3  4  0 -1 -1 -2  0 -2  0  1  3  3  2    2   2   1   5   1   0   3   1  14   5   3   4   1   3   2   8  10   4  12  19  0.29 inf
  113 I   -2  0 -1 -4 -3 -2 -3 -3  4  1  1 -2  0  5 -4 -2 -1 -1  3  0    2   7   3   1   1   1   1   2  11   8  12   2   2  23   0   2   4   1  11   8  0.45 inf
  114 A    2 -3 -1 -3 -1 -1 -2 -1  3  0  0 -2 -1  0  0  0  1 -3  3  1   18   1   3   1   1   3   2   3   9   4   9   1   1   3   4   6   9   0  10  12  0.17 inf
  115 D    0 -2  2  3 -2  0  0  0  0 -1 -1 -1 -1 -2 -1  0  0 -1  1 -1    7   2  11  22   1   3   6   9   2   3   5   1   1   1   3   7   7   1   6   4  0.20 inf
  116 Y    1 -1  1  3 -2  1  1  0 -1 -3 -3 -1 -2  0  0  2 -1 -1  1 -3   11   3   6  16   0   8   8   8   1   1   1   2   1   4   5  15   2   1   5   1  0.21 inf
  117 T    0  0  3  3 -4  0  1 -2  0 -3 -3  1 -2 -2 -3  1  1  1 -3 -3    8   4  13  20   0   4   8   2   2   1   2   9   1   2   0  10  11   2   1   1  0.32 inf
  118 G   -2 -3 -2  2 -3 -1  0  6  1 -5 -4 -3 -3 -5 -3 -2 -2  2 -4 -5    2   1   1  10   1   3   6  59   3   0   2   1   1   0   1   1   3   2   0   1  1.10 inf
  119 V    0  0  1  2 -3  1  2  1 -2 -2 -3  1 -2 -2 -1  0  3 -4 -3 -2    6   3   8  10   0   5  12  11   0   1   2  11   1   2   2   4  19   0   0   3  0.24 inf
  120 P    0 -3 -4 -2 -5 -4 -3 -4  2 -1 -4 -4 -4 -5  7 -1 -1 -5 -3  1    8   2   0   2   0   0   1   1   6   4   2   1   0   0  56   4   3   0   1   8  1.37 inf
  121 M   -1  1 -2 -2 -2  1  0 -4  0  1  0  0  0  0 -2 -1  1 -2  2  3    3   8   1   2   0   6   5   0   2   8   8   6   3   4   1   2  10   0   9  22  0.16 inf
  122 E   -2  1  0 -2 -3 -1  0 -3  3  0  0  1 -1 -1 -1  0  2 -4 -2  1    1   9   5   1   0   2   5   1   8   5   9  10   1   3   2   8  19   0   0   9  0.17 inf
  123 I   -2  1  0 -3 -3  0 -3 -3  0  3  1 -2  2  0 -2 -1 -1  2  1  1    3  10   5   1   0   4   1   2   3  25  10   2   7   3   2   4   4   3   6   7  0.22 inf
  124 P   -1  2 -2  0  1 -1  2 -3 -1 -4 -4  3 -3 -3  4  0  0 -4 -4 -2    3  10   1   5   3   2  12   1   1   1   1  20   1   1  23   6   5   0   0   4  0.52 inf
  125 R   -3  0  7  2 -1 -1 -3 -1 -2 -5 -3  0 -5 -5 -5 -2 -3 -5  0 -5    2   6  57  11   1   2   0   4   1   0   3   6   0   0   0   2   0   0   3   0  1.27 inf
  126 A    4 -3 -3 -4  1 -3 -3  1  1 -1 -3 -3  1 -4 -4  2 -1 -5 -4  2   37   1   0   0   3   0   0   9   3   3   1   0   4   0   0  17   2   0   0  16  0.56 inf
  127 I   -2 -5 -5 -5 -4 -5 -5 -2 -5  5  2 -5  2  1 -5 -4 -3 -4  0  3    3   0   0   0   0   0   0   3   0  40  19   0   4   6   0   0   0   0   3  19  0.88 inf
  128 A   -2 -7 -6 -7 11 -7 -7 -3 -7 -6 -6 -7 -6 -6 -7 -3 -5 -6 -2 -5    3   0   0   0  88   0   0   3   0   0   0   0   0   0   0   2   0   0   2   0  3.71 inf
  129 V   -2 -5 -5 -5  1 -4 -5 -5 -5  5  2 -5  4  0 -5 -3 -1 -5 -4  3    2   0   0   0   2   0   0   0   0  31  19   0  13   3   0   2   4   0   0  21  0.83 inf
  130 F   -5 -5 -3 -6 -6 -2 -5 -6  8 -5 -2 -5 -4  7 -6 -5  0 -4  1 -5    0   0   1   0   0   2   0   0  34   0   3   0   0  47   0   0   7   0   3   0  1.95 inf
  131 E   -4 -4 -4 -3 -7 -3  8 -6 -4 -6 -6 -2 -6 -7 -5 -4  0  2 -6 -4    1   0   0   0   0   0  84   0   0   0   0   2   0   0   0   0   6   3   0   1  2.15 inf
  132 R   -2  3 -1 -3 -5  4  3 -4  1 -1 -1  0  2 -2 -3 -2 -1 -4 -1 -1    2  19   3   0   0  19  22   0   3   3   6   3   6   2   1   2   3   0   2   4  0.51 inf
  133 Y   -3 -4  3  6 -6 -1 -2 -4 -1 -4 -5 -4 -2 -4  1 -1 -2 -5  3 -4    2   0  12  50   0   2   1   0   1   1   1   0   1   0   8   4   2   0  11   1  1.13 inf
  134 A    2  1  3  1 -3  1 -1 -1  1 -2 -2 -1 -1 -1 -3  0  2 -1  0 -2   22   8  13   7   0   6   3   3   3   2   3   2   1   2   0   6  13   1   4   1  0.23 inf
  135 G   -2 -4 -1  0 -6 -5 -4  7 -5 -6 -5 -5 -6 -6 -2 -2 -5 -6 -6 -6    2   1   3   6   0   0   1  79   0   0   1   0   0   0   2   2   0   0   0   0  1.84 inf
  136 P   -3 -3 -4 -1 -4 -4 -4 -5  3  4  1 -4  0  1  4 -4 -3 -4  2  0    1   1   0   4   0   0   0   0   7  29  13   0   2   6  18   0   1   0   9   7  0.64 inf
  137 E    2 -4 -3 -4 -4  0 -2  0 -4 -1  4 -4  2 -3  4 -1 -3 -4 -4 -2   16   0   1   0   0   4   2   7   0   2  40   0   4   0  18   3   1   0   0   1  0.58 inf
  138 Y   -4  2 -5 -6 -5 -3 -5 -5  1  1  0 -4  1  2 -6 -3 -3  9  4 -1    1  13   0   0   0   1   0   0   3   7   7   0   3   7   0   2   1  33  15   4  1.37 inf
  139 K   -3  6 -2 -4 -6  2 -3 -5 -4 -6 -2  6 -4 -6 -5 -2 -3 -6 -5 -5    2  38   1   0   0   7   0   0   0   0   4  41   0   0   0   3   1   0   0   0  1.35 inf
  140 H   -5  2  0 -1 -6  0 -3 -5 10 -6 -5 -1 -5 -5 -1 -4  0 -5  0 -5    1  12   3   3   0   5   0   1  59   0   1   3   0   0   4   0   5   0   3   0  1.85 inf
  141 Q   -2 -1 -3 -3 -4  0 -2 -1  6 -3 -2 -2  0  1 -4  1  3  3  2  0    3   2   0   0   0   4   2   5  20   0   2   2   2   5   0   9  24   4   8   6  0.51 inf
  142 E   -1 -1  2  3 -4  0  2 -1 -2 -1 -2  0 -3  0  0  0  0 -4  0 -1    4   4   9  19   0   4  17   4   0   3   4   4   0   4   4   6   6   0   3   4  0.24 inf
  143 M    0  0  1  0  2 -2 -1 -1  1  0 -1 -2  0  0 -1  0  1  3  1  0    5   6  10   6   6   0   3   4   3   7   4   0   3   5   3   8   9   5   7   7  0.09 inf
  144 G    0  4  1  1 -4  0 -1  2 -1 -2 -2 -1 -2  1 -2  0 -2  1 -2 -3    8  29   8   7   0   4   2  16   1   2   3   0   1   6   2   5   1   2   1   1  0.33 inf
  145 Q   -1 -1  3  1 -3  0  0  0  1  0 -1 -1 -2  0 -2  0  2 -3  1 -1    2   2  17   7   0   4   4   6   4   8   5   3   0   3   1   6  18   0   5   5  0.16 inf
  146 P    0 -1 -1 -1 -3 -1  0  3  0 -2 -3 -1 -2  0  3  1  0 -3  1 -3    9   4   2   3   0   2   5  25   2   2   1   3   1   5  13  11   4   0   7   0  0.29 inf
  147 N    1  1  2 -1 -3 -1  0  0  3 -2 -1 -1  0 -2 -2  1  1 -3  0 -1   13  10  10   2   0   1   7   5   9   2   4   2   3   1   1  12   8   0   4   6  0.15 inf
  148 V    1 -2  0 -1 -3  0  2  0  1  0 -2 -2 -1  0 -2  0  1 -3  2  2   13   1   5   2   0   2  16   6   3   4   1   1   1   3   1   8   7   0   8  16  0.14 inf
  149 S    0  1 -2 -3  1  0  0  1 -3  0 -2 -1 -1  0 -3  0  0  1 -1  3    7  11   1   0   4   4   7  12   0   4   0   2   1   4   0   7   3   2   1  30  0.17 inf
  150 T    1  4 -2 -3 -3 -2 -2 -1 -3  0  0 -1  0 -3 -3  1  3 -4 -3  1   13  25   0   0   0   0   1   3   0   4   7   2   3   0   0   8  19   0   0  12  0.31 inf
  151 E    0  5 -1 -2 -4  2  0 -1 -1 -3 -3  2  0 -4  1 -1 -1 -4 -3 -1    9  35   2   1   0  10   5   4   1   0   0  12   3   0   7   4   2   0   0   4  0.49 inf
  152 R   -1  2  2  0 -3  0  0  2  0 -3 -2  1 -1 -3  0  1 -1 -4 -2 -3    4  16  12   6   0   1   6  17   2   1   3  10   1   0   4  13   2   0   1   1  0.25 inf
  153 R   -1  5  0 -3 -4  1 -2 -3  1  0 -3  1 -1 -4 -2  0  0 -4 -1  0    4  43   4   0   0   7   0   2   4   5   1   5   1   0   2   6   7   0   2   7  0.52 inf
  154 E    1  2 -1  0 -3  1  2 -2 -1 -1 -1  1  0 -3 -2  0  0 -3 -1  1   14  14   2   6   0   8  14   0   1   3   5   8   3   0   0   4   6   0   1  11  0.16 inf
  155 L   -4 -4 -5 -5 -4 -4 -5 -5 -5  0  6 -4  0  1 -5 -4 -2  4 -3  0    0   0   0   0   0   0   0   0   0   2  76   0   1   6   0   0   2   5   0   4  1.17 inf
  156 V   -2 -4 -2 -4 -3 -4 -4 -4 -2  2 -1 -4  0 -3  0 -1  1 -4 -3  6    2   0   2   0   0   0   0   1   1  12   4   0   1   0   4   5   7   0   0  59  0.79 inf
  157 V   -1 -3 -3 -4 -2 -3 -3 -1 -4  3  2 -3  0 -1 -3  1 -1 -4 -3  4    4   0   0   0   0   0   0   4   0  19  20   0   2   1   0  11   2   0   0  34  0.45 inf
  158 R   -3  6 -2 -3 -1  3 -2 -3 -2 -3 -4  0 -3 -1 -3  2 -1 -4  0 -4    1  46   0   0   2  15   0   1   0   2   1   4   0   3   0  17   3   0   3   1  0.82 inf
  159 W    0  0  1 -2  0  0 -2 -2  2 -1 -2 -2  2  3 -3  1  2  1  0 -1    6   7   6   0   2   4   0   1   5   4   1   0   9  17   0  14  17   2   2   2  0.19 inf
  160 I    0 -3 -3 -3  3 -3 -3 -2  0  4  0 -3  0  0 -3  0  0  1 -2  3    9   0   0   0   6   0   0   3   3  31   3   0   2   5   0   7   6   2   0  21  0.30 inf
  161 S    1 -2  0 -2  5 -1 -2 -2 -2  0 -1 -2  0  0 -1  2  1 -3 -1  0   15   0   5   0  14   2   0   1   0   6   3   0   2   5   2  25   8   0   2   8  0.26 inf
  162 T    0  0 -2 -3 -3  0 -1 -3  0 -2 -3 -2 -2 -3 -3  1  6 -3  1  0    6   7   0   0   0   4   3   1   3   0   1   0   0   0   0   7  54   0   6   6  0.66 inf
  163 V    1 -2 -3 -5 -3 -4 -4 -4 -4  3  1 -4  0 -2 -2 -3 -2 -4 -3  6   10   3   1   0   0   0   0   0   0  13   9   0   2   1   2   0   0   0   0  57  0.83 inf
  164 G    3 -3 -1 -2 -3 -3 -2  4  1 -3 -2 -3 -2 -2 -3  1 -2 -3  2 -2   26   0   2   2   0   0   1  36   3   1   3   0   1   1   1  10   1   0  10   1  0.58 inf
  165 N   -5 -4  8 -2 -5 -1 -3 -4  0 -6 -6 -3 -5 -5 -5 -3 -3 -5  2 -5    0   0  84   0   0   2   0   0   1   0   1   0   0   0   0   0   0   0   7   0  2.19 inf
  166 D   -4 -1 -1  6 -5 -2  5 -4 -3 -5 -5 -3 -5 -5 -4 -3 -2 -5 -1 -5    1   2   2  49   0   0  37   1   0   0   1   0   0   0   0   1   2   0   3   0  1.37 inf
  167 Y   -5 -5 -2 -2 -5 -4 -5 -5  0 -4 -3 -5 -4  0 -5 -5 -5 -2  9 -4    1   0   2   3   0   0   0   1   1   0   2   0   0   2   0   1   0   0  85   0  2.56 inf
  168 I   -1 -3 -3 -3  1 -2 -4  1 -4  5  1 -3  2 -2 -4 -2 -1 -3 -1  2    6   1   1   1   3   2   0  12   0  39   9   0   6   1   0   2   3   0   3  12  0.44 inf
  169 F   -2 -4 -3 -5 -2 -3 -4 -4 -2  1  1 -4  0  6 -5 -2 -1  7  1  1    2   0   1   0   1   1   0   0   1   9  12   0   2  34   0   2   3  15   3  10  0.86 inf
  170 D    0 -3  1  5 -2 -1  0 -3 -2 -3 -3 -3 -1  1 -3 -1 -2 -3  4 -3   10   0   7  41   1   3   5   1   0   1   2   0   2   6   0   3   2   0  16   1  0.70 inf
  171 W   -3 -5 -5 -2 -1 -4 -5 -5  2 -3 -2 -5  0  5 -5 -4 -4 10  4 -3    1   0   0   3   1   0   0   1   4   1   3   0   3  23   0   1   1  39  16   2  1.78 inf
  172 I   -1  0 -1 -2 -3  0  2 -3  3  3 -1  0  1 -2 -3 -1  0 -3  2  1    3   5   2   0   0   3  14   1   8  26   2   6   3   0   0   5   5   0   7  10  0.22 inf
  173 F   -5 -5 -5 -6 -5 -5 -5 -5 -4 -3  1 -5 -3  9 -6 -5 -5 -2 -1 -4    1   0   0   0   0   0   0   1   0   0  12   0   0  82   0   1   0   0   0   0  2.25 inf
  174 H   -2 -1  0  2 -1  0 -2 -3  6 -3 -3  1 -2  0 -4 -1 -1 -1  5 -3    2   2   3  11   2   4   0   1  20   1   2  11   0   3   0   4   4   1  26   2  0.62 inf
  175 E   -2 -2 -1  0 -4  6 -1 -3 -1 -3  0 -2  0 -4  2 -1  2 -4  1 -2    1   0   3   4   0  39   1   1   1   1  11   1   3   0   9   3  16   0   5   2  0.62 inf
  176 N    2 -3  3  5 -3  0 -1 -3 -3 -2 -4 -2 -1 -4 -3  1 -1 -4 -4 -2   20   1  13  38   0   4   1   1   0   2   1   1   2   0   1  10   3   0   0   3  0.67 inf
  177 G    1 -4 -3 -3 -4 -4 -4  6 -4 -5 -5 -3 -4 -5 -4  0 -1 -4 -4 -4   12   1   0   1   0   0   1  70   0   1   1   1   0   0   1   6   4   0   0   1  1.36 inf
  178 T    1 -1  0 -1 -2 -1 -1  0 -1 -1 -1 -1  2 -1 -2  3  2  0 -2  0   11   2   5   2   0   2   4   6   1   2   4   3   7   2   1  25  16   1   0   6  0.20 inf
  179 I   -3 -4 -4 -4 -3 -4 -4 -5 -4  6  2 -4  3  1 -4 -4 -3 -3  1  1    1   0   0   0   0   0   1   1   0  49  16   1   9   6   0   1   1   0   6   8  0.83 inf
  180 G   -1  1  0  0 -3  2  3 -1  1 -3 -1  2  0 -1 -2  0  0 -3 -1 -2    5   6   3   3   0   8  29   4   4   0   5  12   3   3   0   4   6   0   2   3  0.26 inf
  181 I    0 -2 -3 -3  1 -2 -2 -1  0  1  1 -1  2  1  0 -1 -1 -2  2  2    9   0   0   0   4   0   1   4   2   9  16   5   6   5   4   3   3   0  11  15  0.13 inf
  182 D   -2  2  1  0 -4  1  4 -1 -1 -3 -3  3 -2 -4 -3  0 -1 -4 -3 -2    1   9   8   4   0   4  34   5   1   1   1  18   1   0   0   6   3   0   0   2  0.46 inf
  183 A    1 -3 -2 -4  0 -3 -3 -4 -4  2  0 -3  2  2 -3 -2 -1 -3 -2  5   10   0   2   0   1   0   1   1   0   9   3   0   7   9   0   2   3   0   0  50  0.57 inf
  184 G   -1  4  1 -1 -3  1 -1  1  3 -4 -3  2 -3 -3 -3  1 -1 -3 -1 -3    4  25   6   2   0   5   2  14   9   0   1  16   0   0   0   9   3   0   2   1  0.39 inf
  185 A    4 -2  1 -2 -2 -2 -2 -2 -2 -1  2 -2  0  0 -1 -1 -1 -3 -2 -1   43   1   9   1   0   0   1   1   0   1  30   1   2   4   3   1   3   0   0   1  0.32 inf
  186 T    1 -2  0 -2 -2 -2 -2 -2 -3 -2 -3 -2 -2 -1 -2  2  6 -3 -2 -2   11   1   4   1   0   0   1   1   0   1   1   1   0   3   1  13  59   0   0   1  0.72 inf
  187 G   -1 -1 -2 -3 -3 -3 -3  6 -3 -4 -1 -2 -3 -4 -3 -2 -3 -3 -4 -3    1   5   1   1   0   0   1  77   0   1   9   1   0   0   1   1   1   0   0   1  1.18 inf
  188 I   -2 -3 -3 -3 -2 -1 -1 -3 -1  4  0 -2  1  1 -3 -2 -1 -1  5  1    1   1   1   1   0   2   5   1   0  36   5   2   3   2   1   2   2   0  28   7  0.46 inf
  189 E   -2 -3 -3 -1 -2 -2 -1 -3 -3  2  3 -2  2 -1 -1 -2 -1 -3 -2  3    1   1   1   4   0   1   4   1   0  14  39   1   4   1   3   1   3   0   0  22  0.33 inf
  190 A    0 -1  2 -1 -2  2  0 -1  1 -1 -1  1  0  0 -1  2  0  2 -1 -1    6   1  11   1   0  10   5   3   4   2   3   9   3   4   1  22   3   4   2   4  0.13 inf
  191 V    0 -4 -3 -2 -2 -3 -2 -3 -4 -1 -1 -3  0 -4 -1  1  5 -4 -2  3    8   1   0   2   1   0   2   2   0   3   5   1   2   0   3   8  37   0   1  23  0.60 inf
  192 K    1  0 -1 -2 -1  0 -2  0 -2 -2 -2  3  1 -2 -1  1  2 -3  1  0   14   3   2   2   1   4   1   7   0   1   1  20   4   1   2  10  12   0   5   9  0.20 inf
  193 G    2 -3 -1 -2  1 -3 -3  3 -1 -2 -2 -3 -2  2  4 -1 -2 -3  1 -2   18   1   4   2   3   1   1  23   1   2   3   1   1  11  19   3   1   0   5   2  0.46 inf
  194 V   -1 -3 -2 -3 -1 -2 -3 -3 -2  3  1 -3  1  2 -3 -1  2  1  3  1    4   1   2   1   1   1   1   2   0  17  15   1   4   7   1   3  15   2  12  10  0.29 inf
  195 K   -1 -1  2  2 -2  1  1 -2  2 -2 -1  0 -1 -1  2  1  0 -2 -1 -2    5   3   9  14   1   5   7   2   5   2   5   5   2   3  10  10   6   0   3   2  0.16 inf
  196 A    1 -1 -1 -1 -2 -1  0  0  0 -1 -1 -1 -1 -1  3  0 -1 -2  2 -1   15   3   2   3   1   2   6   6   2   4   5   3   1   1  17   9   3   0  10   4  0.18 inf
  197 K    0 -1  0  0 -2  0  1  3 -1 -2 -2  0 -1 -2 -1  0  1 -1 -1 -1    6   3   4   5   1   4   8  24   1   3   4   6   1   1   3   8   9   1   2   3  0.14 inf
  198 T    0  0  1  0 -1  0  0  0  1 -1 -1  0 -1 -1  0  0  1  1  0 -1    8   4   8   6   2   4   5   8   4   3   8   6   1   2   3   6  11   2   4   5  0.02 inf
  199 M    0  0  0 -1  0  0  0 -1 -1  0  0 -1  2  0  0  0  0  1  2  0    7   4   4   3   2   3   5   6   1   4  12   4   7   4   4   5   6   2   8   8  0.01 inf
  200 H    0  0  0  0 -1  0  0  0  3 -1 -1  0 -1 -1  0  0  0 -1  0 -1    8   6   5   6   1   5   5   8  11   4   5   4   1   2   3   7   6   1   3   6  0.04 inf
  201 D    0  0  1  2  0  1  0  0  1 -1 -1  0  0 -1  1  0  0 -1 -1 -1    9   4   7  12   2   6   6   7   3   2   6   5   2   2   6   6   5   1   2   5  0.05 inf
  202 E    0  0  0  1 -1  1  1 -1  0  0  0  0  0 -1  1  0  0  0  0  0    8   5   5   7   1   7   8   4   2   7   8   5   2   2   6   7   3   1   3   6  0.02 inf
  203 T    0  0  0  1 -1  1  1 -1  0 -1 -1  0 -1  0  1  0  1 -1  0 -1    5   5   3   7   1   8  12   4   2   4   6   5   1   4   8   5   9   1   3   5  0.06 inf
  204 A    0  0  0  1  0  1  0  0  0  0 -1  0 -1  0  1  0  0  1  0 -1    5   4   5  10   2   6   6   7   3   6   5   3   2   4   7   5   6   2   3   3  0.02 inf
  205 K    0  0  0  0 -2  1  2  1  0 -1 -2  1 -2 -2  0  0 -1 -2 -2 -2    9   3   5   4   0   8  16  14   2   4   3  10   1   2   4   4   3   0   1   3  0.11 inf
  206 D   -1  0  1  2 -3  1  3 -1  1 -3 -3  0 -3 -3  1  0  0 -3 -1 -2    6   4   6  14   0   6  24   5   4   1   2   4   0   1   6   5   5   0   2   2  0.26 inf
  207 D    0 -1  1  2 -3  1  2  1 -1 -2 -2  0 -2 -2 -1  0  1 -4 -3 -2    7   2   9  14   0   6  13   9   1   2   3   5   0   2   2   5  12   0   0   3  0.15 inf
  208 T    0  1  1  1 -2  0  0 -1  1 -1 -1  0  0 -1  1  0  0  0  0  0    7   8   7   7   0   3   6   4   5   2   6   4   2   3   8   6   5   2   3   9  0.03 inf
  209 R   -1  2 -1  1 -4  0  0  0 -3 -2 -2  1 -1 -2  4 -1 -1 -4 -3 -2    5  12   3   7   0   3   5   6   0   2   5  10   2   2  25   4   2   0   0   3  0.34 inf
  210 Y   -5 -5 -1 -5 -5 -1 -5 -6  5 -5 -5 -5 -4  3 -6 -2 -2  7  8 -5    0   0   3   0   0   3   0   0  14   0   0   0   0  11   0   3   3  16  44   0  1.79 inf
  211 G    0 -4 -2 -4 -5 -4 -4  7 -2 -4 -5 -4 -3 -5 -1 -2 -4 -5 -5 -4    6   0   1   0   0   0   0  81   1   1   1   0   1   0   4   2   0   0   0   1  1.62 inf
  212 T   -2 -2  2 -3 -3 -2 -3 -2 -1  0 -3 -2 -2  1  0  0  5  0  1  0    1   1   9   0   0   0   0   2   1   5   1   2   0   5   5   5  47   1   5   6  0.55 inf
  213 L   -2  3  0 -2 -3  2  1 -1  0  0  1  1  1 -2  0 -2 -1 -3 -2  0    0  17   4   0   0   9   9   4   2   5  18   9   3   0   5   1   4   0   0   9  0.16 inf
  214 I   -2 -4 -3 -5 -3 -4 -4 -5 -5  4  1 -3  2 -2 -4 -3 -2 -4 -3  5    1   0   1   0   0   0   0   0   0  21  10   2   5   0   0   1   1   0   0  57  0.87 inf
  215 D    3 -2 -1 -1 -3  0 -2  2  3 -2 -3 -2 -2 -2 -3  1  0  2  3 -2   29   1   2   4   0   5   0  15   9   2   1   0   0   0   0  10   4   3  11   2  0.29 inf
  216 H    0 -2  0  1 -4 -1  2 -2  0 -4 -4  0 -4 -5  6 -1  0 -5 -4 -3    6   1   4   9   0   2  12   2   2   0   1   5   0   0  46   3   5   0   0   1  0.95 inf
  217 N    0  0  3 -1 -4  0 -1  4  3 -4 -4 -1 -3 -3 -2  0 -1 -4 -2 -3    6   6  20   2   0   3   2  38   9   0   1   1   0   1   2   3   2   0   1   1  0.53 inf
  218 I    0 -2 -3 -3 -2 -1 -3 -3 -3  2  2 -3  0 -2 -3 -1  2 -3 -2  3    5   1   0   0   0   3   1   1   0   9  23   0   1   0   0   4  16   0   0  33  0.36 inf
  219 V   -2 -2  2 -1 -3  0 -2  0 -1  1  1 -2  2  1 -3  0 -1 -2  3  0    1   0  14   2   0   5   0   7   0  11  17   1   8   4   0   7   3   0  12   6  0.14 inf
  220 G    4 -3 -3 -2 -3 -3 -2  4 -3 -4 -4 -3 -1 -4 -3  0 -2 -4 -4 -3   49   0   0   1   0   0   2  38   0   0   0   0   2   0   0   4   1   0   0   0  0.90 inf
  221 T    0 -2  1 -2 -2  1  0 -2  3 -1 -2 -1 -1 -2  4  1  1 -3 -2  0    7   1   9   1   1   6   4   2   8   3   2   1   1   1  23  11  11   0   0  10  0.35 inf
  222 T   -2 -2  3 -2  0 -1 -2 -2  0  1  0 -2  1  2 -3  0  0 -2  3  1    1   1  19   1   2   2   1   1   2  11   9   1   6   8   1   8   4   0  12  13  0.19 inf
  223 H   -3 -2 -1 -3 -4 -1 -2 -3 10 -4 -4 -2 -3 -3 -3 -2 -3 -3  1 -4    1   1   1   1   0   1   1   1  83   1   1   1   0   1   1   1   1   0   3   1  2.07 inf
  224 Q   -1 -1 -1  3 -3  6  0 -2  0 -1 -2 -1 -2 -3 -2  0  1 -3 -2 -2    3   1   1  19   0  45   2   1   1   3   3   1   0   1   1   7   9   0   0   1  0.58 inf
  225 H   -3 -1 -1 -3 -4  0 -2 -3 10 -4 -4 -2 -3 -3 -3 -2 -3 -3  0 -4    1   3   1   1   0   3   1   1  82   1   1   1   0   1   1   1   1   0   0   1  1.99 inf
  226 I   -1 -2  0 -3 -2 -2 -2 -2 -1  2  2 -2  1  3 -3 -1 -1  0  1  1    3   1   5   1   0   1   1   2   1  17  25   1   3  18   1   4   1   1   4  10  0.21 inf
  227 Y   -1 -3 -3 -3 -2 -3 -3 -3 -2  1  1 -3  0  6 -3 -2 -2 -1  2  1    7   1   1   1   0   1   1   1   0  11  15   1   0  46   1   1   1   0   4   8  0.57 inf
  228 N   -1 -2  2 -1  4 -1 -1 -1  3 -1 -2 -1 -1  0 -2  2  2 -3 -1  0    3   1  15   1  13   1   1   2  10   3   1   1   1   4   1  23  13   0   1   6  0.27 inf
  229 F    1 -2 -3 -3 -2 -2 -3 -3 -2  0  1 -2  0  4 -3 -2 -1  5  3  0   15   1   1   1   0   1   1   1   0   4  19   1   2  22   1   1   2   9  14   5  0.37 inf
  230 R   -2  6 -1 -2 -4  0 -1 -3  2 -3 -3  3 -2 -3 -2 -2 -2 -3  1 -3    1  55   1   1   0   1   2   1   6   1   1  21   0   1   1   1   1   0   5   1  0.83 inf
  231 L    0 -2 -3 -3 -2 -2 -3 -2 -3  3  3 -2  2  0 -2 -2 -1 -2 -1  2    8   1   1   1   0   1   1   2   0  17  35   1   7   3   1   1   1   0   0  19  0.31 inf
  232 D   -3 -3  2  7 -4 -2  0 -3  1 -4 -4 -2 -4 -4 -3 -2 -2 -5 -4 -4    1   1   7  81   0   0   1   1   3   1   1   1   0   0   1   1   1   0   0   1  1.48 inf
  233 L   -1 -3 -3 -3 -3 -3 -3 -3 -3  0  2 -3  3  3  5 -1 -1  2 -2 -1    4   1   0   1   0   0   1   1   0   4  19   1  10  15  30   3   4   3   0   4  0.60 inf
  234 D    2  0  2  4  0  0  0 -1 -2 -3 -3 -2  1 -3 -1  0 -1  1 -3 -3   18   6  10  33   2   2   5   4   0   1   1   1   6   0   2   3   2   2   0   1  0.40 inf
  235 V   -2 -4 -4 -4 -3 -3 -4 -4 -4  5  2 -4  2 -2 -4 -3 -2 -4 -3  4    1   1   0   1   0   0   1   1   0  43  17   1   5   0   1   1   1   0   0  26  0.78 inf
  236 D   -1 -3  0  6 -4 -1  0 -1  0 -2 -2 -1 -3 -2 -1 -1 -2 -4 -1 -2    6   1   3  59   0   2   3   4   2   2   4   2   0   2   2   3   1   0   2   3  0.84 inf
  237 G   -4 -2 -1 -1  4 -1 -2  6 -5 -6 -6 -5 -5 -6 -5 -2 -5 -5 -1 -6    1   3   3   4   9   3   3  65   0   0   1   0   0   0   0   3   0   0   3   0  1.47 inf
  238 E   -1 -1  1  0  0  2 -1  0  2 -1  0  0  1  1  1 -1  1 -3  1 -1    3   2   8   4   2  10   3   6   7   2   8   6   5   6   8   4   8   0   5   3  0.10 inf
  239 N   -1  0  2  1  0  0  1 -1  1 -2 -2  3 -1 -2  1  1  0 -4 -3 -2    5   5  12   9   2   3   7   4   3   2   3  19   2   2   6  11   4   0   0   2  0.21 inf
  240 N   -5 -1  8 -1  2  0 -4 -1 -4 -1 -6 -1 -5 -6 -5 -1 -4 -6  0 -6    1   4  63   4   3   3   0   4   0   4   1   4   0   0   0   4   0   0   3   0  1.60 inf
  241 S   -1  1  0 -1 -4  1  0 -2  2 -1 -4 -1  0 -4 -4  3  2  3 -3  0    3   7   5   3   0   7   6   2   5   4   1   3   2   0   0  26  13   4   0   8  0.33 inf
  242 L   -2 -6 -6 -6 -5 -4 -6 -6 -3  1  1 -6 -1  5 -3 -5 -4 -5 -1  6    4   0   0   0   0   1   0   0   1   6  12   0   1  22   1   0   0   0   2  49  1.19 inf
  243 V   -1 -2 -3 -2 -2  1  2 -3 -1  1 -1 -3  3  1 -4 -2 -1  3  1  4    4   2   1   1   1   8  13   1   2   5   3   0   7   6   0   2   2   3   6  32  0.41 inf
  244 A    0 -1 -2 -3 -5  2  3 -3 -1 -2 -3  3  1 -2 -4 -1  2  0  2  0    8   3   1   0   0   8  21   1   1   2   2  18   3   1   0   3  12   2   7   7  0.37 inf
  245 M   -1 -3  1  0 -1  1  2 -3  1  0  0 -1  2 -3 -4  0  1 -4 -1  2    4   0   9   5   1   6  12   1   3   5   8   2   5   0   0   7   8   0   3  19  0.18 inf
  246 D   -3 -2  3  5 -6  1  3 -3 -1 -3 -3  0 -5 -6 -4 -1 -1 -6 -5 -2    1   1  14  32   0   6  20   2   1   2   2   6   0   0   0   4   4   0   0   4  0.75 inf
  247 P    1 -2 -2 -2  0 -1 -2 -3 -2  1  1 -2  4  0 -1  1  0 -4 -2  2   11   1   1   2   2   2   2   2   1   9  11   2  12   3   2  11   7   0   1  16  0.20 inf
  248 V    0 -1 -2 -4 -4 -1  0 -3  2  0 -1  2  0 -2 -2 -2  0 -4 -1  4    7   3   1   0   0   2   6   2   5   5   6  16   2   1   1   1   7   0   2  33  0.34 inf
  249 V    1  1 -2 -3 -4 -1 -1 -2 -3 -1 -1  0 -1  0  4 -1  1 -1 -1  1   11   8   1   0   0   3   4   3   0   2   7   6   2   5  23   4   9   1   2  10  0.31 inf
  250 K    0  0 -1 -1 -1  1  3 -2  0 -1  0  1  2 -2 -2 -1 -1 -4  0  1    6   6   2   3   1   6  20   3   2   3   9  10   7   1   1   4   3   0   3  11  0.15 inf
  251 P   -2  0  3 -2  0  1  1 -4 -1 -3 -4 -1 -1 -6  6 -2 -2 -6 -3 -2    3   6  12   2   2   6  11   1   1   2   1   3   2   0  39   2   3   0   1   3  0.85 inf
  252 N    0 -1  1 -1 -3 -2  0 -2 -2  2 -2 -2  2  0  0 -1  1  4  0  1    7   4   9   3   0   1   5   3   1  15   2   2   6   5   5   3   9   7   4  10  0.17 inf
  253 T    0 -3 -1  2 -4  0 -1  2 -2 -3 -4 -1 -1 -4  2  1  3 -2 -4 -3    8   0   2  13   0   3   4  14   1   1   1   4   2   1  12  10  21   1   0   1  0.40 inf
  254 A    1 -2  0  2 -4 -2  0 -3 -1 -2 -3  0 -3 -2  5  0  0  0 -2  1   10   2   4  12   0   1   7   2   1   2   3   5   0   2  26   8   5   1   1  10  0.43 inf
  255 G   -2 -2  1  1 -4 -2  0  2  0 -4 -3  0 -2 -2  2  0  1  6 -1 -3    2   2   6   9   0   1   7  19   3   1   3   5   1   1  10   6   9  12   2   1  0.41 inf
  256 G   -3 -3  7 -1 -5 -2 -2  0 -1 -5 -6 -2 -2 -1 -3  2  0  3 -2 -3    1   1  46   3   0   1   2   6   2   1   0   2   1   3   1  17   5   3   1   2  1.02 inf
  257 P   -2 -2 -5 -3 -6 -1 -3 -3  0 -4 -4 -1 -1 -3  8 -1 -5 -1 -4 -2    3   2   0   1   0   3   1   2   2   1   2   4   2   1  64   5   0   1   1   4  1.66 inf
  258 R   -2  4 -1 -3 -5  0  1 -2  4 -3 -2 -2 -1  1 -3 -2 -1  4  5 -3    3  22   2   1   0   3  11   3  11   1   3   1   2   4   1   2   5   5  19   1  0.58 inf
  259 T   -2  2  1 -3 -4  0 -2  4  4 -3 -1  1 -2 -4 -2 -2  0 -4 -4 -3    2  10   7   0   0   3   2  36  10   2   8   7   1   0   2   2   5   0   0   2  0.53 inf
  260 S   -2  0  5 -2 -2  1 -2 -1  0 -1 -2 -2 -2 -2 -1  2 -1 -2 -3  1    2   4  32   1   1   6   1   4   2   3   4   1   1   2   3  17   3   1   1  12  0.46 inf
  261 T    3  0 -2 -2 -2  0 -2  2 -1 -1 -1 -1 -1 -1 -3 -1  1 -3  3 -1   24   6   1   1   1   5   2  19   1   3   6   2   1   2   0   2   9   0  10   5  0.26 inf
  262 M   -3 -3 -3 -5 -5 -1 -4 -4 -3 -2  0 -2  3  6  0 -4 -1  6  4  0    1   1   1   0   0   2   0   1   0   1   9   2   8  31   5   0   4  11  16   5  0.89 inf
  263 Q   -2  2 -2 -1 -2  3  0 -2  0 -1 -2  1 -1 -1 -3 -1  2 -3  3  0    2  10   1   2   1  13   7   2   3   3   2   9   1   2   0   4  17   0  11   9  0.24 inf
  264 V    1 -1 -2 -4  1  0 -2 -4 -1  0  1 -2  1 -2 -2 -1  3 -1 -3  3   14   3   2   0   3   4   2   0   1   4  15   1   3   1   2   3  18   1   0  21  0.25 inf
  265 N   -2  1  0  0 -2  2  3 -3  0 -1 -2  3 -3 -4 -2 -1  1 -4 -3  1    2   8   4   5   1   8  18   1   3   3   2  19   0   0   1   3   9   0   0  12  0.29 inf
  266 Q   -1  4  0 -1 -4  3  1 -3  0 -3 -4  2 -2 -4 -2  1  0 -4 -1 -3    4  25   3   3   0  14  10   2   2   1   0  14   1   0   2   9   7   0   2   2  0.46 inf
  267 Y   -2  0  1 -2 -4  1  1 -3 -1 -2 -3  2 -1 -4 -2  1  5 -1  0 -2    2   5   6   1   0   5   7   1   2   2   2  11   2   0   1   7  38   1   3   2  0.49 inf
  268 N   -1  1 -1 -2 -3  1  0 -3 -2  0  0  0  0  1  2 -1  1 -3  0  2    3   7   2   2   0   7   4   0   0   6   9   6   2   7  11   2  10   0   4  17  0.15 inf
  269 I    1 -2 -4 -4 -3 -3 -4 -4 -1  2  3 -2  0  1 -2 -3 -2 -3  2  2   12   2   0   0   0   0   0   0   2  14  32   3   2   5   2   0   1   0   8  14  0.42 inf
  270 G    0  1 -1  0 -1  0  3 -1  0 -4 -3  2 -3 -4 -1  1  1 -4 -3 -2    8   8   2   5   1   3  25   3   3   0   2  16   0   0   2   9  11   0   0   2  0.36 inf
  271 N   -3  2  1 -3 -2  0 -1 -4  0 -3 -4  2 -2 -5 -4  1  5 -1 -2 -2    1  13   6   1   1   3   3   1   2   1   1  12   1   0   0  11  39   1   1   2  0.72 inf
  272 E    0 -4 -4 -3 -5 -3  7 -5 -4 -5 -5 -3 -2 -6 -1  1 -1 -6 -5 -1    8   0   0   0   0   0  63   1   0   0   1   0   1   0   3  12   4   0   0   5  1.36 inf
  273 Q    0  1  0  1  0  1  0  2 -1 -3 -1  1 -1 -4 -2  1  1 -2 -3 -2    9   8   3   7   2   6   6  16   1   1   8  11   1   0   1  11   7   0   0   2  0.17 inf
  274 D    0 -1 -1  3 -1  3  3  1  0 -4 -3 -1 -4 -1 -2  0 -1  2  0 -4    7   2   3  16   1  14  19  10   2   0   3   2   0   2   2   6   3   3   4   1  0.36 inf
  275 A    5 -3 -2 -3 -1 -4 -3  1 -2 -1  0 -4 -4  1 -4  1 -2 -5 -1 -1   47   1   1   1   1   0   1  11   1   4   8   0   0   5   0   9   2   0   3   3  0.63 inf
  276 A    2  0  1  3 -2  2  0 -1  0 -1 -2  0  1 -3 -2 -1 -1 -1  0 -2   20   6   6  17   1   8   4   3   2   4   3   7   4   1   2   3   3   1   3   3  0.19 inf
  277 Q    0  2 -2 -3 -2  0 -2 -2 -3  1  0 -2 -1  3 -2 -1  1  2  1  0    9  15   1   1   1   5   1   2   0  10  11   1   1  15   2   5   9   2   4   5  0.20 inf
  278 K   -1  1  2  4 -2  0  0 -3  0 -2 -3  1 -1 -5  0  1 -1 -5 -3 -2    5   8  10  28   1   3   4   2   2   3   3   8   2   0   4  11   2   0   1   3  0.41 inf
  279 F    0 -4 -3 -5  2 -3 -3 -4  0  0  1 -4 -1  3  2 -3 -2  4  4  0    8   0   2   0   4   1   1   1   3   4  16   0   1  13  12   2   2   6  15   8  0.50 inf
  280 D   -1 -1  4  3  0 -1  0  2  1 -4 -4 -1 -2 -1 -3  0  0 -5 -4 -4    4   3  21  19   3   2   7  14   3   1   1   3   1   3   1   6   4   0   0   1  0.44 inf
  281 P    0  0  1 -1 -4  0 -1  1  1 -3 -1  1 -2  0  3  0  0  0 -2 -2    6   6   7   4   0   5   2  11   3   0   7  10   1   4  18   9   6   1   1   3  0.22 inf
  282 G    1 -1  3 -1 -2  1  1  0  2 -3 -3  0 -2 -2 -1  1  1 -4 -1 -4   14   2  17   3   1   8   8   8   5   1   2   5   1   2   3  10   8   0   3   0  0.28 inf
  283 T   -1  5 -4 -2 -5 -1 -1 -2  1 -3 -1 -1  1 -3 -1  0  4 -5 -5 -3    4  33   0   2   0   2   3   3   3   1   7   2   3   1   4   6  23   0   0   1  0.64 inf
  284 I    0 -2 -1 -4 -4 -1 -2 -1  1  0 -2 -3  2  0  4  0  1  2 -1  2    9   2   2   0   0   3   2   4   4   5   3   0   6   4  20   9   8   3   2  14  0.31 inf
  285 R   -5  5 -3 -2 -6 -3 -1 -4  2 -2 -2  0 -2  4 -6 -5 -4  7  3 -2    0  30   1   2   0   1   4   1   5   2   4   6   1  16   0   0   1  12   9   4  0.93 inf
  286 L   -1  0 -4 -3  1 -2 -4 -5  1  1  1  4  0 -2 -5 -2  1 -4  5 -1    4   5   0   1   3   1   0   0   4   7  16  24   2   1   0   3   8   0  18   3  0.48 inf
  287 L   -5 -7 -7 -7 -5 -4 -4 -7 -7  6  2 -6  2  1 -7 -6 -5  4 -1  4    0   0   0   0   0   1   1   0   0  39  15   0   5   5   0   0   0   5   2  27  1.24 inf
  288 S    0  1  0 -4  0 -2 -3 -3 -2  2  0 -2  0  1 -4  0  0 -4  1  4    6  10   4   0   2   2   1   1   1  12   5   1   1   5   0   7   4   0   6  30  0.30 inf
  289 N   -1 -5  8 -2 -6 -5 -5 -5 -4 -2 -7 -5 -6  1 -6  1 -3 -7 -6 -3    6   0  71   1   0   0   0   0   0   3   0   0   0   6   0   9   1   0   0   2  1.91 inf
  290 P   -1 -1 -1  1 -5 -2  1 -3 -1 -4 -4 -1 -4 -4  5  1  2 -5 -2 -3    6   3   2   7   0   1  10   1   1   1   1   4   0   1  34  12  14   0   1   1  0.73 inf
  291 N   -1  0  6  2 -5 -2  1 -1  0 -5 -4 -1 -3 -4 -1  2 -1 -6 -4 -3    4   5  38   9   0   1  10   4   2   0   1   3   1   1   3  13   3   0   0   2  0.71 inf
  292 K   -1  2 -1 -2 -1  1 -1 -1  1  0 -2  4 -1 -3 -3  0  0 -4 -3  1    4  11   2   1   1   6   3   3   3   4   3  30   1   0   0   8   7   0   0  10  0.27 inf
  293 E   -2  2  0 -1 -3 -1  0 -3  2  1  0  3  0 -2 -1 -1  1 -3 -2  0    2  10   3   2   0   1   5   1   5   9  11  26   1   1   3   3   9   0   0   6  0.20 inf
  294 N   -4 -1  7  1 -5 -1 -3 -2  2 -5 -5 -3 -1 -5 -5 -1  1 -6 -5 -5    0   2  63   7   0   2   0   3   5   0   0   0   2   0   0   4  10   0   0   0  1.47 inf
  295 R    0  3 -1 -2 -2 -1  0 -2 -1 -2 -2  2 -3 -3  4  0 -1 -4 -1 -1    8  18   1   2   1   2   4   3   1   3   2  16   0   0  19   8   4   0   3   5  0.34 inf
  296 M   -1 -2 -1 -1  0 -2 -3 -3  2  2  1 -3  1  1 -1 -1  1  5  1  2    3   2   2   5   2   0   0   0   5  12  11   0   4   8   2   5   8   9   4  16  0.22 inf
  297 G   -1 -2 -1 -1  0 -3 -2  6  0 -1 -3 -1 -4 -4 -4  0 -1  1 -4 -2    3   3   3   3   2   0   3  56   2   5   3   3   0   0   0   6   3   2   0   3  0.77 inf
  298 N   -1  0  4 -1  0  1  0 -1  5 -2 -2  2 -3 -3 -3 -1 -1 -4  0 -1    4   4  21   2   2   5   6   5  15   2   4  16   0   0   0   2   4   0   2   5  0.34 inf
  299 P    0  0 -2 -2 -4 -1 -1 -3  1 -2 -2  0 -2 -2  6  0 -2 -5 -1 -2    6   6   2   2   0   3   3   2   3   2   4   5   1   2  44   9   2   0   2   3  0.83 inf
  300 V   -1  3 -2 -4 -3 -3 -3 -2  1  2 -2 -1 -1 -2  1 -1  1 -4 -3  4    5  19   2   0   0   0   0   2   4  10   2   2   1   2   6   4   8   0   0  31  0.38 inf
  301 S    1 -1 -3 -4  1 -4 -4  5 -4 -5 -5 -3 -4 -5 -4  3  1  1 -5 -4   13   4   0   0   2   0   0  48   0   0   0   0   0   0   0  20   8   2   0   0  0.96 inf
  302 Y   -5 -1 -6 -6 -2 -5 -5 -4  1 -1 -4 -5 -4  2 -6 -5 -5  3  9 -3    0   4   0   0   1   0   0   1   2   4   1   0   0   6   0   0   0   3  74   1  2.27 inf
  303 Q   -2  5 -2 -3 -5  1  0 -2  0 -4 -3  5  0 -4 -4 -2 -2 -4  0 -3    3  27   1   1   0   5   5   2   2   0   2  39   2   0   0   2   2   0   3   2  0.80 inf
  304 I   -3 -4 -4 -1 -4 -4 -4 -5  0  4  4 -4  0  0  2 -4 -3 -4 -3  1    0   0   0   4   0   0   0   0   3  25  43   0   2   4   9   0   0   0   0   8  0.72 inf
  305 I   -2 -1 -2 -2  1  1 -2 -3  1  2  1  0  2 -1 -3 -2 -1 -1 -1  3    2   2   2   2   4   9   2   2   4  12  12   8   5   2   1   2   2   1   2  26  0.21 inf
  306 P    1 -2  1 -2 -3  0 -2 -3  0  0 -3 -1 -1 -4  6  1 -1 -4 -2 -1   11   2   6   2   0   4   1   2   3   5   2   3   1   1  39   9   4   0   1   4  0.71 inf
  307 Y   -1  0  1 -2 -1 -1 -1  3  3 -1 -1 -1 -1  0 -1  0  0 -2  3 -1    3   7   7   1   2   2   4  22   8   4   5   3   1   3   2   6   5   0  12   3  0.19 inf
  308 A    1  0  0  0 -2  0  0  1  2 -3 -2  1 -2 -2  0  2  1 -3 -1 -2    9   5   4   6   0   2   7  13   5   1   3   7   1   2   5  20   7   0   2   1  0.17 inf
  309 G    0 -1  1 -1  2 -1 -1  1 -1  0  0 -1  1  0 -1  1  1 -2 -1  0    4   3   8   2   5   2   3  12   2   4  10   3   4   6   2  14   8   0   2   9  0.05 inf
  310 G    1 -2  0  0  1  1 -1  0 -1  0 -2 -1  0 -2  3  1  0 -2 -1  0   15   1   4   5   4   6   2   6   1   6   3   4   3   1  16   9   7   0   2   6  0.17 inf
  311 T    1 -1 -1 -1 -2  0  0  0  1  0  0  0 -1 -1  1  0  2 -1 -1  0   13   2   2   4   1   3   5   9   4   5   8   5   1   2   8   4  15   1   1   7  0.07 inf
  312 H    0 -1 -1  0 -1  2  0 -2  4 -1  1 -1  1 -1  1 -1 -1 -2  1  0    7   3   3   5   1   9   4   3  13   3  15   2   3   2   8   4   2   0   5   6  0.14 inf
  313 P   -1 -1 -1 -2 -2 -1 -2 -2  1 -1  2 -2  1 -1  5 -2 -2 -3 -2  1    5   3   2   1   1   3   2   3   3   2  24   2   4   3  27   2   2   0   1   9  0.44 inf
  314 V    2 -1 -1 -2 -2 -1 -1 -1 -2  0  1 -2  0 -1  2  0  1  0  1  1   20   2   2   2   1   2   3   4   1   4  13   2   3   2  12   5   8   1   5   9  0.14 inf
  315 A    1  0 -2 -2 -2  2 -1 -1 -1 -1 -2  1 -1 -2  3  1  1 -3 -2  0   10   5   1   1   0   9   1   5   1   3   2   8   1   2  16  13  10   0   1   9  0.24 inf
  316 K    0  0 -2 -1 -3  4  2 -2 -1 -1 -1  0 -1 -2  2 -1  0 -2 -2  0    6   4   1   3   1  24  15   3   1   4   5   5   1   2   9   4   5   0   1   6  0.29 inf
  317 G   -1 -1  2 -1 -2 -1 -1  3  1 -1 -1 -1  4 -1  0 -1  0 -2 -1 -2    4   2  10   3   1   2   4  24   3   2   7   4  14   2   5   3   5   0   2   3  0.23 inf
  318 A    0 -2 -1 -2 -1 -2  0 -1 -2  0  2 -1  1 -1  0  2 -1  3 -2 -1    7   1   2   2   1   1   5   4   1   6  24   2   4   2   4  22   3   4   1   2  0.18 inf
  319 Q   -2 -1 -2 -3 -3  1 -2 -2 -1 -1  4  0  2 -1  0 -1  0 -3 -2 -1    2   3   2   1   0   8   2   3   1   2  42   6   5   2   5   5   7   0   1   2  0.32 inf
  320 F    2 -1 -1 -1 -2 -1 -1 -2 -2  0  1 -2  2  2 -1 -1 -1 -2  0  0   25   3   3   3   0   2   3   3   1   3  15   1   8   9   3   4   3   0   2   8  0.13 inf
  321 A    0 -1  0  2 -2  0 -1  0  2 -1  0  0 -1 -1  0  1  0  1 -1 -2    8   3   3  14   0   5   3   6   5   2  13   4   1   2   4  14   6   2   2   2  0.09 inf
  322 P   -1 -2  0  1 -3  0  1 -1  0 -3 -2  1 -3 -3  6 -1 -1 -3 -2 -2    4   1   4  10   1   3   8   5   2   1   5   7   1   1  37   3   3   0   1   2  0.65 inf
  323 D   -1  1  2  3 -2  0  2  1  0 -3 -2 -1 -2 -2  0  0 -1 -3 -2 -2    5   7   9  20   1   2  13  12   2   1   4   3   1   2   4   8   3   0   1   3  0.24 inf
  324 E    1 -1 -1  2  0 -1  0 -1 -2 -3 -3 -2 -3 -3 -2  4  0  3 -1 -3   11   3   2  12   2   2   5   4   0   1   2   1   0   1   1  42   5   4   2   1  0.46 inf
  325 W    1 -1 -1 -2 -2  0 -1 -2  0  0 -1 -1  0  2  2  0 -1  5  2 -1   11   2   3   2   0   5   3   2   2   5   5   4   2  10  12   7   4   9   8   5  0.21 inf
  326 I    0 -1  1 -2 -2  1 -1 -1  2  1  0  0  1  0  2  0 -1 -2 -1  1    6   1   7   1   0   6   4   5   6  11   7   5   3   5  10   5   3   0   1  15  0.08 inf
  327 Y    1  1 -1 -1 -1  2  1 -1  1 -1  0  0  1  0 -2 -1 -1  2  2 -1   13  10   1   2   1  10  12   3   3   2   8   5   4   5   1   3   2   3   8   5  0.10 inf
  328 H   -1  4  0 -1 -4  3  0 -2  1 -1 -2  3 -1 -3 -2 -1 -1 -4 -3 -2    4  24   5   3   0  12   4   2   4   5   4  24   1   0   2   2   3   0   0   2  0.42 inf
  329 R    0  7  0 -4 -5 -2 -3  0 -1 -4 -3  0  0 -5 -4  0 -2 -5 -4 -4    9  59   4   0   0   0   1   9   1   0   2   3   2   0   0   5   2   0   0   1  1.07 inf
  330 L    4 -2 -1 -3  1 -1 -2  1 -3  0 -1 -2  0  1 -2  1  0  3 -2  0   40   2   2   0   3   2   1   8   0   5   4   0   2   7   0   9   4   5   0   5  0.28 inf
  331 S    2  0  0 -1 -2  0  1  2  2 -2 -2  0 -1 -3  1  1  0 -3 -2 -2   18   5   4   0   0   4   9  14   5   0   4   5   2   0   5  15   5   0   0   2  0.18 inf
  332 F   -1 -4 -4 -4  1 -3  0 -4  1 -1 -2 -4 -2  6 -4 -3 -3  8  3  0    6   0   0   0   4   0   6   1   4   4   1   0   0  36   0   1   0  22   8   6  1.05 inf
  333 M    2  0 -2 -2  1 -1 -1  0  0  1  0 -1  1 -2 -1  0  1 -3 -2  0   28   6   0   0   3   3   3   7   2  12   8   0   5   0   3   5  10   0   0   3  0.13 inf
  334 D   -1  2  1  2  0  1  0  0  1 -3 -2  2 -2 -3 -2  0  1 -3 -1 -2    4  13   8  14   2   5   5   7   5   0   4  12   0   0   0   5  11   0   2   0  0.20 inf
  335 K   -2  0  1 -3 -4  0 -2 -3  7 -4 -1  1 -3 -1 -4  0 -2  0  5 -3    2   3   7   0   0   3   1   0  35   0   6  10   0   1   0   6   1   1  21   0  0.81 inf
  336 Q    0  0  2  1 -3  3 -1 -3  5 -3 -2 -1  1 -3  2  0  1 -4 -2 -3    6   3  11   7   0  18   0   0  17   0   2   2   5   0  10   6  10   0   0   0  0.40 inf
  337 L   -1 -3 -3 -4 -2 -3 -3 -4 -3  3  3 -3  1  2 -2 -3  0 -2  0  3    3   0   0   0   0   0   1   1   0  15  35   0   3   9   2   1   6   0   2  21  0.41 inf
  338 W    2 -2 -2 -4 -2  1 -2 -4  0 -4 -2 -3 -3  0 -4 -1 -3 10  3 -2   17   1   1   0   1   6   2   0   2   0   3   0   0   3   0   6   0  43  10   2  1.36 inf
  339 V   -1 -4 -2 -4 -3 -4 -4 -4 -4  1 -1 -4 -1  0 -4 -2 -1 -4 -3  6    4   0   2   0   0   0   0   0   0   4   3   0   0   3   0   2   3   0   0  76  1.04 inf
  340 T    0 -3 -2 -3  0 -3 -3 -4 -4 -1 -2 -3 -2 -4 -3  0  6 -4 -4  1    6   0   0   0   1   0   0   0   0   2   3   0   0   0   0   6  70   0   0   9  1.07 inf
  341 R   -1  3 -1 -2 -4  2 -1 -2 -2 -3 -2  3 -2 -4  4 -1 -1 -4 -3 -2    5  14   1   1   0  13   2   2   0   0   4  26   0   0  23   2   2   0   0   3  0.56 inf
  342 Y   -4  2 -1 -2  0  1 -1 -4  4 -4 -3 -3 -3  2 -4 -3 -3 -1  7 -4    1  12   3   2   2   6   5   1   9   0   1   0   0   6   0   1   0   0  50   0  1.13 inf
  343 H   -1  2  2  1 -3  1  0 -2  3 -3 -3  3 -2 -3 -2  0  0 -4 -2 -1    5  10  10   9   0   4   3   2   8   0   1  28   1   0   0   5   6   0   1   6  0.32 inf
  344 P   -1  0 -1  5 -4 -1  3 -2  0 -4 -4  0 -4 -4  3 -1 -2 -4 -1 -4    3   6   2  38   0   1  22   1   2   0   1   5   0   0  12   2   1   0   2   1  0.74 inf
  345 G    0 -1  0  3  0 -1  1  2  0 -3 -3  0 -3 -1  1  0  0  2 -1 -3    8   3   5  19   3   2   8  15   3   0   3   4   0   2   6   8   5   3   3   0  0.22 inf
  346 E   -3  1 -3  1 -5  2  6 -4  2 -5 -5 -2  1 -5 -4  0 -3 -5 -4 -1    1   8   0   5   0   9  55   1   4   0   1   0   4   0   0   6   0   0   0   5  1.05 inf
  347 R    0  1 -1 -1  0  1 -1 -3  2  0  2  0  1 -1  2 -1 -2 -3 -1 -1    6  10   3   2   2   6   3   1   6   6  23   5   4   3  11   3   0   0   2   3  0.16 inf
  348 F   -2  0 -2 -2  0 -1 -4 -4  2 -3 -1 -2 -3  4 -4 -1  0  6  5 -2    3   6   2   2   2   3   0   1   4   0   6   2   0  20   0   4   6  10  25   2  0.73 inf
  349 P    5 -4 -4 -4 -4 -4 -4 -2 -2 -5 -4 -4 -4 -5  4  3 -2 -5 -5 -2   43   0   0   0   0   0   0   2   1   0   2   0   0   0  23  23   2   0   0   2  1.04 inf
  350 E    4 -4 -1 -1 -4 -3 -2  2 -4 -2 -4 -3 -4 -5 -1  4  1 -5 -2 -3   33   0   2   2   0   0   2  15   0   2   0   0   0   0   3  28   7   0   1   2  0.64 inf
  351 G   -3 -3  0  0 -1 -3 -4  5  2 -5 -2 -3 -4 -1 -4  2 -1 -4 -1 -4    1   1   4   5   1   0   1  50   5   0   5   1   0   2   0  19   3   0   2   1  0.88 inf
  352 K    0  1  0  2 -3 -1  1 -3 -1  1  0  0  0 -2  2 -1 -1 -2 -2  0    6   8   6  12   0   1  12   1   1  12  11   6   2   1   9   4   1   1   1   4  0.13 inf
  353 Y   -3  0 -3 -5 -2 -2 -4 -3  4 -1 -2 -4 -3  5 -5 -3  0  3  7 -4    2   5   1   0   1   2   0   2   8   3   4   0   0  21   0   1   7   4  37   0  1.10 inf
  354 P   -1 -1  4  0 -2 -2 -3 -2  0 -2 -3 -3  1 -4  2 -1  3 -4 -2  2    5   3  21   4   1   1   1   2   3   1   1   0   4   0  12   3  20   0   1  16  0.44 inf
  355 N   -1 -1  6  1  1  2 -2 -3 -2 -4 -2 -2  1 -3  1  0 -1 -2  1 -3    5   3  36   8   3  10   2   1   1   0   4   1   4   1   7   5   3   1   5   2  0.56 inf
  356 R   -3  0  3 -3 -1  7 -2 -1 -1 -3 -2  1  0 -3 -3 -2 -2 -1 -2 -3    1   5  13   0   1  48   1   4   2   1   4   6   2   1   1   2   2   1   1   2  0.96 inf
  357 S    1  0  2  2 -2 -2 -1 -1  3 -4 -3 -3 -2 -4 -4  4  0  5 -1 -4   10   4   8  13   1   1   3   3   7   0   2   0   1   0   0  31   5   7   2   0  0.53 inf
  358 T    0  1  0 -1 -3  1 -1 -1  0  0 -1  2 -2 -4  3  1  2 -4 -3 -1    5   8   4   3   0   5   3   4   3   6   5  13   0   0  16  10  13   0   0   3  0.24 inf
  359 H   -1  0 -2 -2 -2 -2 -2  4  2 -4 -3 -2 -3 -4  4 -2 -2  4 -1 -4    4   5   1   2   1   1   3  38   6   1   3   2   1   0  19   2   2   6   2   1  0.72 inf
  360 D    0 -2  1  3  1  0  2  2  0 -4 -3 -1 -3 -3  0  0 -1  1 -3 -1    7   1   5  22   4   3  14  17   3   0   1   3   0   1   4   5   3   2   0   5  0.31 inf
  361 T    0 -1 -2  3 -3  1  1 -2 -2 -2 -1 -1  0 -4  4 -1  1 -4 -4  0    7   2   1  18   0   5   9   1   1   2   5   3   2   0  18   4  11   0   0   8  0.34 inf
  362 G   -2 -2  0  1 -4 -3 -3  5 -4 -5 -3 -2 -4 -5  3  0  1 -5 -5 -3    2   2   4   9   0   0   1  46   0   0   3   2   0   0  12   6   9   0   0   2  0.78 inf
  363 L   -2 -3 -5 -5 -4 -3 -5 -5 -3  2  4 -4  1  4 -5 -2 -2 -3 -2  2    3   1   0   0   0   1   0   0   0  13  36   0   2  20   0   3   2   0   0  17  0.70 inf
  364 G    2 -1  0  1 -3  0  1  0 -1 -2 -3 -1 -3 -4  4  0 -1 -4 -4  0   20   4   3  10   0   3  10   6   2   2   1   2   0   0  18   6   3   0   0   8  0.32 inf
  365 Q    0  0  0  4 -4  0  1 -1 -1 -3 -3  2 -2 -3 -3  1  1 -4 -3  0    9   4   4  23   0   4  10   3   1   1   1  12   1   1   0  11  10   0   0   7  0.31 inf
  366 Y   -1 -3 -6 -5 -5 -5 -5 -5 -5 -4 -2 -3  0  6 -6 -5 -4 10  3 -4    6   1   0   1   0   0   1   1   0   1   3   2   2  28   0   0   1  43   9   1  2.11 inf
  367 S    1 -3 -3 -1 -3 -3 -3 -4 -4  3 -1 -3 -2  3 -4  1  1 -4  0  3   12   1   0   4   0   1   1   0   0  22   3   0   0  12   0  13   8   0   2  19  0.39 inf
  368 K    2  1  1  1 -2  1  1 -1  0 -2 -2  2 -1 -2 -2  0 -1 -3 -2 -2   18   7   6   6   1   6  11   5   2   2   4  17   1   1   1   5   3   0   1   1  0.19 inf
  369 D    0  4  4  4 -5  1 -1  0 -3 -5 -5 -1 -4 -5 -4  0 -3 -5 -4 -5    7  22  18  27   0   7   2   7   0   0   0   3   0   0   0   6   1   0   0   0  0.73 inf
  370 N   -2 -1  6  4 -4 -2 -2  3 -2 -5 -4 -1 -5 -5 -4 -1 -2 -6 -5 -4    3   3  35  23   0   1   2  20   1   1   2   4   0   0   0   3   1   0   0   1  0.89 inf
  371 E    0  4 -2  2 -2  1  5 -3 -3 -6 -5 -1 -5 -6 -3 -3 -1 -6 -5 -5    7  23   1  12   1   5  42   1   0   0   0   1   0   0   1   1   3   0   0   0  0.95 inf
  372 S   -2 -2  4  1 -2 -2 -2 -2 -1 -5 -4  0 -4 -4  2  4  1 -5 -2 -2    2   2  18   6   1   0   2   1   1   0   1   6   0   0  12  34  10   0   1   3  0.61 inf
  373 L    1 -2 -2 -3 -1 -2 -2  1 -3  2  1 -2  0 -1 -2  0  1 -3 -2  2   17   0   0   0   0   0   0  17   0  17  17   0   0   0   0   0  17   0   0  17  0.15 inf
  374 D    1  1  0  1 -3  1  2 -1  1 -1 -1  1  0 -3 -2  0  0 -3 -2  0   13   7   4   7   0   4  18   3   3   3   6  12   4   0   0   4   4   0   0   7  0.14 inf
  375 N   -2 -1  5  3 -4  1  0  1  3 -4 -4 -1 -3 -4  0 -1 -2 -4 -3 -4    0   3  35  18   0   5   5  13   8   0   1   3   0   0   4   3   0   0   0   0  0.64 inf
  376 T    0  0  0  0  0  2  3  0  1 -3 -3  1 -3 -4 -2  0  2 -4 -3 -3    8   3   2   4   2  11  24   8   4   0   0   9   0   0   0   5  19   0   0   0  0.33 inf
  377 D   -3 -1  2  7 -5 -2  0 -3  1 -5 -5 -1 -4 -5 -3 -2 -3 -5 -4 -5    1   3   7  76   0   0   3   0   4   0   1   3   0   0   0   0   0   0   0   0  1.44 inf
  378 A   -1 -3 -2 -2 -2 -3 -3 -2 -4  4  2 -3  0 -1  3 -3 -1 -3 -2  2    2   0   2   3   0   0   0   4   0  29  23   0   0   2  14   0   2   0   0  19  0.39 inf
  379 V   -1 -3 -3 -4 -2 -3 -3 -1 -4  1  0 -3 -1 -2 -3 -1  0 -4 -3  6    1   0   0   0   0   0   0   4   0   3   5   0   0   0   0   4   5   0   0  75  0.75 inf
  380 V    1 -3 -3 -3  2 -2 -3 -3 -3  1  3 -3  2  0 -3 -2 -1 -3 -2  3   12   0   0   0   5   0   0   1   0   4  36   0   4   4   0   1   3   0   0  27  0.33 inf
  381 W   -4 -1 -4 -5 -4 -3 -4 -4  2 -4 -3 -4 -3  1 -5 -4 -4 11  3 -4    1   4   0   0   0   0   0   1   4   0   1   0   0   5   0   1   0  71   9   0  2.61 inf
  382 M    0 -2 -1 -1 -3 -2 -2 -3  5  0 -1 -2  1  2 -2 -1 -1 -2  4  2    8   0   1   3   0   0   1   1  23   3   3   1   4   8   2   3   1   0  15  22  0.37 inf
  383 T    0 -2  2 -2 -1  1 -2 -2 -2  0 -2 -2 -2 -3 -2  1  5 -3 -3  0    4   0  12   0   1   6   1   2   0   5   3   0   0   0   0   9  47   0   0   8  0.46 inf
  384 T   -1 -3 -3 -4 -3 -3 -3 -3 -3  0  1 -3  1  6 -3 -2  0 -1  1  1    7   0   0   0   0   0   1   1   0   4  15   0   4  42   0   2   5   0   3  14  0.53 inf
  385 G    0 -3 -1 -2 -4 -3 -3  6 -3 -4 -4 -3 -4 -4 -3  0 -2 -4 -4 -4    6   1   1   1   0   0   1  78   0   0   1   0   0   0   0   5   2   0   0   1  1.30 inf
  386 T   -1 -3 -3 -3 -1 -2 -3 -3  0  2  2 -3  2  3 -2 -1  0 -2  0  1    4   0   0   0   1   0   1   1   3  15  25   0   8  20   1   3   9   0   2   7  0.26 inf
  387 T   -2 -2  0 -2 -2 -1 -2 -3  6 -2  0 -2 -1 -3 -3  0  5  1 -2 -2    2   1   4   0   1   1   1   1  26   1   8   0   1   0   0   4  44   3   0   1  0.68 inf
  388 H   -4 -2  0 -3 -5 -1 -2 -4 10 -5 -4 -3 -4 -3 -4 -3 -4 -4 -1 -5    1   0   3   0   0   2   1   1  87   0   1   0   0   0   0   1   1   0   0   1  2.41 inf
  389 V   -2 -3  3 -2 -2 -2 -3 -2 -2  3  0 -2  1  2 -1 -2 -1 -3 -1  3    1   0  21   0   0   1   1   1   1  21   6   0   3  12   3   1   1   0   1  24  0.29 inf
  390 A    0 -4 -3 -3 -1 -3 -3 -3 -2 -3 -2 -3 -3 -4  8 -1 -1 -5 -4 -2    6   0   0   0   1   0   1   1   1   0   4   0   0   0  74   2   3   0   0   4  1.77 inf
  391 R   -1  6 -1 -1  1 -1 -2 -3  5 -4 -3  0 -3 -3 -3 -1 -2 -4 -1 -2    5  57   2   3   3   0   0   0  15   0   1   2   0   0   0   3   2   0   2   4  0.85 inf
  392 A    1 -2 -2  0 -2  0 -2 -2 -3  0 -1 -2 -1 -3  4  1  2 -3 -3  1   12   1   0   6   0   6   0   0   0   8   5   0   1   0  24  11  15   0   0  10  0.35 inf
  393 E   -2 -2 -1 -1 -5  0  7 -2 -2 -4 -4 -1 -4 -4 -3 -2 -3 -4 -2 -4    2   0   1   0   0   1  85   3   0   0   1   1   0   0   0   2   1   0   1   1  1.39 inf
  394 E   -1 -3 -1  7 -5  0  1 -3 -3 -2 -5 -3 -4 -5 -3 -2 -3 -6 -5 -4    6   0   0  80   0   5   4   1   0   2   0   0   0   0   0   0   0   0   0   0  1.52 inf
  395 W   -1 -4 -4 -3 -3  0 -3 -4 -3  0  1 -4 -1  5 -4 -2 -3  8  1  0    4   0   0   2   0   5   0   0   0   5  10   0   1  33   0   4   0  26   3   5  0.95 inf
  396 P   -3 -5 -4 -2 -5 -1 -2 -5 -5 -5 -5 -3 -5 -3  8 -3 -2 -6 -5 -5    1   0   0   2   0   3   1   0   0   0   0   0   0   1  90   0   2   0   0   0  2.52 inf
  397 I   -1 -3  1 -3 -1  0 -3 -2 -3  3  0 -3 -1 -2  0 -2 -1 -4 -2  4    1   0   8   0   1   5   0   3   0  18   3   0   1   0   6   2   2   0   1  50  0.46 inf
  398 M   -3 -4 -4 -5 -4 -2 -4 -5 -4 -2 -1 -4  9  0 -5 -3  3 -4  0 -2    0   0   0   0   0   1   0   0   0   0   0   0  73   4   0   0  18   0   4   0  1.70 inf
  399 P    0 -4 -3 -4 -4 -4 -3 -4 -4 -2 -3 -3 -2 -5  7  0  1 -6 -5 -1    6   0   1   0   0   0   0   0   0   2   2   1   1   0  67   6   8   0   0   5  1.62 inf
  400 T    1 -2 -1 -2  3 -2 -1  1 -3 -1 -2 -2  0 -2 -3  0  3 -4 -3  3   11   1   3   1   8   0   3  10   0   1   1   1   2   1   0   6  23   0   0  27  0.30 inf
  401 E    1 -2  3  1 -4  0  5 -3  3 -2 -2 -1 -3 -4 -3  0 -2 -5 -3 -2   12   0  15   6   0   1  41   0   9   2   4   0   0   0   0   5   1   0   0   2  0.58 inf
  402 W   -1  1 -2 -3 -2  0 -2 -1  3  0 -2  0 -1  0  0  1  1  5  1  0    3  10   0   0   1   3   0   3  11   8   0   7   1   4   6  13   8  10   5   7  0.21 inf
  403 V    1 -2 -2 -3 -1  0 -2 -1  0  2  1 -2  2  0 -3  1  0 -3 -1  2   14   0   0   1   1   5   0   3   3  11  13   1   8   4   0  12   5   0   1  18  0.15 inf
  404 H   -1 -1  0 -2 -4  1 -1  4  1 -4 -3 -1 -2 -4 -3  3  0 -4 -3 -3    2   3   3   1   0   7   2  41   3   1   2   2   1   0   0  26   4   0   1   1  0.58 inf
  405 T   -3 -4 -5 -5 -4 -4 -5 -5 -4  2  1 -4  3  6 -5 -1 -2  1  0  2    1   0   0   0   0   0   0   0   0   9  10   0   7  46   0   4   2   2   0  19  0.87 inf
  406 L    0 -1 -1 -2  1  1  0 -1  3 -1  1  0  3  1 -3  0  0  1  0  0    5   3   1   1   3   6   6   3   9   1  15   5  12   6   0   8   5   2   2   6  0.08 inf
  407 L   -3 -4 -5 -6 -3 -4 -5 -6 -5  3  5 -5  2  2 -5 -4 -3 -4 -2  0    1   0   0   0   0   0   0   0   0  17  66   0   4   7   0   0   0   0   1   4  0.98 inf
  408 K   -1  5 -2 -3 -4  1 -1 -4 -2 -2 -2  4  1 -4 -3 -1  0 -4 -3  0    5  32   1   0   0   5   1   0   0   2   2  32   5   0   0   3   5   0   0   7  0.60 inf
  409 P   -2 -3 -5 -5 -6 -4 -4 -5 -5 -6 -4 -4 -6 -7  9 -4 -4 -7 -6 -5    3   1   0   0   0   0   0   0   0   0   1   0   0   0  94   0   0   0   0   0  2.86 inf
  410 W    0  1 -1  0 -2  1 -1 -3  2 -1 -1 -1  0  2 -3  1  0  3  1  1    9  12   1   6   0   6   3   0   8   1   2   0   2  13   0  10   4   4   6  13  0.14 inf
  411 N   -3 -3  7  3 -5 -3 -3  3  1 -5 -6 -3 -5 -5 -4 -1 -3 -6 -5 -3    1   0  58  14   0   0   0  20   3   0   0   0   0   0   0   3   0   0   0   2  1.26 inf
  412 F   -5 -5 -6 -6 -5 -6 -6 -6 -3 -2 -1 -6 -3  8 -6 -4 -5  2  4 -1    0   0   0   0   0   0   0   0   0   1   4   0   0  77   0   1   0   2  12   4  1.91 inf
  413 F   -5 -5 -5 -6 -1 -4 -5 -6  1 -3 -1 -5 -3  8 -6 -3 -1  2  3 -3    0   0   0   0   1   1   0   0   4   0   3   0   0  77   0   2   4   2   6   0  1.77 inf
  414 D    0 -1  2  4 -4  1  2 -2 -2 -2 -2 -1 -2 -4  0 -1  1 -3 -4 -3    7   2   8  32   0   5  15   1   0   2   5   1   1   0   4   2  13   0   0   1  0.43 inf
  415 E   -1  3 -1 -1  0  1  2  1 -1 -3 -3  2  1 -2 -3  0 -2 -4 -2 -3    2  22   1   2   3   4  15  13   1   0   0  17   6   2   0   8   0   0   1   0  0.34 inf
  416 T   -4 -3  7  4 -2 -3 -2 -3 -2 -6 -6 -3 -5 -6 -4  0  0 -6 -5 -5    0   0  66  22   1   0   1   0   0   0   0   0   0   0   0   5   5   0   0   0  1.55 inf
  417 P   -3 -4 -3 -4 -6 -3 -2 -4 -5 -3 -4 -4 -5 -6  8 -4 -4 -7 -6 -4    1   0   1   0   0   1   2   1   0   1   1   0   0   0  90   0   0   0   0   1  2.60 inf
  418 T    4 -3 -2 -3  0 -2 -3  0 -3 -1 -1 -2 -2 -4 -3  3  1 -4 -3  1   40   0   0   0   2   0   0   4   0   3   4   0   0   0   0  28   8   0   0  11  0.50 inf
  419 L   -3  1 -2 -4 -3 -1 -4 -5 -4  2  4 -3  2  0 -2 -2 -2 -3 -2  1    0  10   2   0   0   2   0   0   0  14  51   0   6   3   1   2   0   0   0   9  0.52 inf
  420 G    0 -1  1  6 -5 -1  0 -1 -1 -4 -5  0 -4 -2 -2 -1  0  1 -1 -4    8   4   4  54   0   2   1   4   1   0   0   7   0   1   1   1   6   2   2   0  0.76 inf
  421 A   -1 -3 -3 -4 -3 -2 -3 -4 -4  1  1 -3  0 -3 -3  2  2 -4 -3  4    3   0   0   0   0   1   1   0   0   2  13   1   2   0   0  16  18   0   0  44  0.51 inf
  422 L   -1  0 -2 -3 -4 -2 -3 -4 -4 -2 -1  1 -1 -5  7 -2 -1 -5 -4 -1    5   6   2   1   0   1   0   1   0   2   7   8   2   0  58   2   2   0   0   5  1.20 inf
  423 K    0  0  0 -2 -4  3  0 -2  0 -2 -3  0 -2 -5  6  0 -1 -5 -4 -2    5   5   5   1   0  17   5   2   2   2   2   3   1   0  42   6   2   0   0   2  0.83 inf
  424 K   -1 -2 -2 -3 -4  4  0 -3 -3 -5 -5  0 -4 -5  3  5 -1 -5 -3 -4    3   0   1   0   0  22   4   0   0   0   0   3   0   0  12  53   1   0   0   0  0.93 inf
  425 D   -1 -1  2  1 -3  2  2 -2 -2  0 -2  1 -2 -3 -1  0  2 -4 -3  0    4   2  14   7   0   9  15   1   0   5   1   9   0   0   2   3  16   0   0  11  0.20 inf
  426 K   -3  5 -2 -2 -5  6  0 -4 -2 -5 -4  1 -3 -5 -3 -2 -3 -4 -3 -4    0  34   0   0   0  56   3   0   0   0   0   6   0   0   0   0   0   0   0   0  1.23 inf

                      K         Lambda
Standard Ungapped    0.1349     0.3158
Standard Gapped      0.0474     0.2670
PSI Ungapped         0.1541     0.3128
PSI Gapped           0.0474     0.2670
