
Last position-specific scoring matrix computed, weighted observed percentages rounded down, information per position, and relative weight of gapless real matches to pseudocounts
           A  R  N  D  C  Q  E  G  H  I  L  K  M  F  P  S  T  W  Y  V   A   R   N   D   C   Q   E   G   H   I   L   K   M   F   P   S   T   W   Y   V
    1 S    1 -1  0 -1 -1 -1 -1 -1 -1 -3 -3 -1 -2 -3 -1  5  1 -3 -2 -2    0   0   0   0   0   0   0   0   0   0   0   0   0   0   0 100   0   0   0   0  0.68 inf
    2 F   -3 -3 -3 -4 -3 -4 -4 -4 -2 -1  0 -4 -1  7 -4 -2 -3  0  3 -2    0   0   0   0   0   0   0   0   0   0   0   0   0  96   0   4   0   0   0   0  1.07 inf
    3 P   -1 -3 -3 -2 -3 -2 -2 -3 -3 -4 -4 -2 -3 -4  8  0 -2 -4 -4 -3    0   0   0   0   0   0   0   0   0   0   0   0   0   0  95   5   0   0   0   0  2.14 inf
    4 K   -1  3  0 -1 -3  1  1 -2  2 -3 -3  4 -2 -3 -2  2  0 -3 -2 -3    0  19   0   0   0   0  10   0   7   0   0  40   0   0   0  23   0   0   0   0  0.40 inf
    5 D   -2 -2  3  6 -4 -1  1 -2 -1 -4 -4 -1 -4 -4 -2 -1 -1 -5 -4 -4    0   0  16  84   0   0   0   0   0   0   0   0   0   0   0   0   0   0   0   0  1.06 inf
    6 P   -2 -3 -3 -2 -4 -2 -2 -3 -3 -4 -4 -2 -3 -5  8 -2 -2 -5 -4 -3    0   0   0   0   0   0   0   0   0   0   0   0   0   0 100   0   0   0   0   0  2.31 inf
    7 E   -1 -1 -2  0 -3  0  4 -3 -2  2 -1 -1 -1 -2 -2 -1 -1 -3 -2  2    0   0   0   0   0   0  55   0   0  16   0   0   0   0   0   0   0   0   0  29  0.36 inf
    8 I   -2 -4 -4 -4 -2 -3 -4 -4 -4  6  1 -3  2 -1 -3 -3 -1 -3 -2  2    0   0   0   0   0   0   0   0   0  95   0   0   5   0   0   0   0   0   0   0  0.65 inf
    9 H   -1  0  0  0 -3  2  2 -2  5 -3 -3  1 -2 -2 -2  2  0 -3  1 -3    0   0   0   0   0   9  23   0  31   0   0   6   0   0   0  21   7   0   3   0  0.40 inf
   10 L   -1 -2 -2 -3 -2 -2 -3  1 -2  1  2 -2  3  2 -3 -2  0  3 -1  0    0   0   0   0   0   0   0  16   0   7  32   0  21  10   0   0   9   6   0   0  0.22 inf
   11 S    0 -1  0 -1 -2 -1 -1 -1 -1 -3 -3 -1 -2 -1 -2  5  1 -2  3 -2    0   0   0   0   0   0   0   0   0   0   0   0   0   0   0  84   0   0  16   0  0.55 inf
   12 G    1 -2  0  3 -3 -1 -1  4 -2 -4 -4 -1 -3 -4  1  1 -1 -3 -3 -3    9   0   0  23   0   0   0  50   0   0   0   0   0   0   7  11   0   0   0   0  0.57 inf
   13 P   -1 -2 -1 -2 -3 -1 -1 -2  4 -2 -1 -1 -2  0  6  1 -1 -3 -1 -2    0   0   0   0   0   0   0   0  16   0  10   0   0   7  51  16   0   0   0   0  0.87 inf
   14 L   -2 -3 -4 -4 -2 -3 -3 -4 -3  1  4 -3  1  0  2 -3 -2 -2 -2  0    0   0   0   0   0   0   0   0   0   0  89   0   0   0  11   0   0   0   0   0  0.57 inf
   15 E   -1 -1 -2  0 -3  0  4 -3 -2  2 -1 -1 -1 -2 -2 -1 -1 -3 -2  2    0   0   0   0   0   0  55   0   0  24   0   0   0   0   0   0   0   0   0  22  0.35 inf
   16 A    1 -2 -3 -3 -1 -2 -2 -3  1  2  1 -2  3 -1 -3 -1 -1 -3 -1  4   15   0   0   0   0   0   0   0   6   0   5   0  16   0   0   0   0   0   0  57  0.27 inf
   17 G    0 -2 -1 -2 -3 -2 -2  6 -3 -4 -4 -1 -3 -4 -3 -1 -2 -3 -4 -4    0   0   0   0   0   0   0  95   0   0   0   5   0   0   0   0   0   0   0   0  1.18 inf
   18 K   -1  2 -1  0 -4  1  3 -2 -1 -3 -3  5 -2 -4 -2  0 -1 -3 -2 -3    0   6   0   0   0   0  21   0   0   0   0  66   0   0   0   8   0   0   0   0  0.55 inf
   19 P   -1 -2 -2 -1 -3 -1  1 -3 -2 -3 -3 -1 -3 -4  7 -1  0 -4 -3 -3    0   0   0   0   0   0  16   0   0   0   0   0   0   0  75   0   9   0   0   0  1.54 inf
   20 I    1 -2  2 -2 -1 -2 -2 -2 -2  2  0 -2  0 -2 -2 -1  0 -3 -2  3   23   0  16   0   0   0   0   0   0  21   0   0   0   0   0   0   0   0   0  40  0.20 inf
   21 T   -1 -2 -1 -2 -1 -1 -2 -2 -2  1 -1 -1  1 -2 -2  1  5 -3 -2  0    0   0   0   0   0   0   0   0   0  16   0   0   5   0   0   0  79   0   0   0  0.52 inf
   22 V   -1 -3 -4 -4 -1 -3 -3 -4 -4  3  2 -3  1 -1 -3 -2 -1 -3 -2  4    0   0   0   0   0   0   0   0   0   7  16   0   0   0   0   0   0   0   0  77  0.48 inf
   23 K   -1  1  1 -1 -2  0 -1 -2 -2  1 -1  2 -1 -2 -2  1  3 -3 -2  0    0   6   6   0   0   0   0   0   0  16   0  24   0   0   0  16  33   0   0   0  0.21 inf
   24 C   -1 -4 -4 -4 10 -4 -5 -3 -4 -2 -2 -4 -2 -3 -4 -2 -2 -3 -3 -2    0   0   0   0 100   0   0   0   0   0   0   0   0   0   0   0   0   0   0   0  1.91 inf
   25 S   -1  0 -1 -1 -2  1  2 -3 -1  0  2  2  0 -1 -2  0  0 -3 -2 -1    0   0   0   0   0   7  16   0   0   0  40  23   0   0   0   8   6   0   0   0  0.16 inf
   26 V    1 -3 -3 -4 -1 -3 -3 -3 -4  3  0 -3  0 -1 -3 -2 -1 -3 -2  4   10   0   0   0   0   0   0   0   0  16   0   0   0   0   0   0   0   0   0  74  0.44 inf
   27 A    0  0 -1 -2 -3 -1 -1 -2  2 -3 -3 -1 -2 -3  6  2 -1 -4 -2 -3    6   8   0   0   0   0   0   0   9   0   0   0   0   0  54  23   0   0   0   0  1.00 inf
   28 D   -1 -1  2  5 -3  1  1 -2 -1 -4 -4  1 -3 -4 -2  1 -1 -4 -3 -3    0   0   6  63   0   7   0   0   0   0   0   8   0   0   0  16   0   0   0   0  0.68 inf
   29 V   -1 -3 -4 -4 -1 -3 -3 -4 -4  3  0 -3  0 -1 -3 -2 -1 -4 -2  5    0   0   0   0   0   0   0   0   0   5   0   0   0   0   0   0   0   0   0  95  0.60 inf
   30 Y   -3 -3 -3 -4 -3 -2 -3 -4  1 -2 -2 -3 -2  4 -4 -2 -2  2  8 -2    0   0   0   0   0   0   0   0   0   0   0   0   0   9   0   0   0   0  91   0  1.26 inf
   31 P   -2 -3 -3 -2 -4 -2 -2 -3 -3 -4 -4 -2 -3 -5  8 -2 -2 -5 -4 -3    0   0   0   0   0   0   0   0   0   0   0   0   0   0 100   0   0   0   0   0  2.31 inf
   32 F    0 -2 -1 -2 -2 -2 -2 -2 -2  0  0 -2 -1  4 -2  3  0 -1  0  0    0   0   0   0   0   0   0   0   0   5   4   0   0  31   0  48   0   0   0  11  0.27 inf
   33 D   -2 -1  0  5 -4  0  4 -2 -1 -4 -4  0 -3 -3 -2 -1 -2 -3  0 -3    0   0   0  52   0   0  43   0   0   0   0   0   0   0   0   0   0   0   5   0  0.80 inf
   34 R   -2  5 -1 -2 -4  0 -1 -3  5 -3 -3  2 -2 -1 -3 -1 -2 -2  3 -3    0  57   0   0   0   0   0   0  20   0   0   6   0   0   0   0   0   0  17   0  0.66 inf
   35 L   -2 -3 -4 -4 -2 -3 -4 -4 -3  1  4 -3  1  3 -4 -3 -2 -2  0  0    0   0   0   0   0   0   0   0   0   0  83   0   0  17   0   0   0   0   0   0  0.60 inf
   36 E   -2 -1  0  3 -4  1  5 -3 -1 -4 -4  1 -3 -4 -2 -1 -1 -4 -3 -3    0   0   0  17   0   0  76   0   0   0   0   7   0   0   0   0   0   0   0   0  0.84 inf
   37 I   -1 -3 -3 -4 -2 -2 -3 -4 -3  4  2 -3  3 -1 -3 -2 -1 -3 -2  3    0   0   0   0   0   0   0   0   0  45   8   0  19   0   0   0   0   0   0  28  0.43 inf
   38 D    0 -1  1  2 -3  1  4 -2  1 -2  0  0 -1 -3 -2  0 -1 -3 -2 -2    9   0   7  15   0   0  48   0   3   0  15   0   0   0   0   3   0   0   0   0  0.35 inf
   39 L   -2 -3 -4 -4 -2 -3 -4 -4 -3  1  4 -3  1  0 -4 -3 -2  6 -1  0    0   0   0   0   0   0   0   0   0   0  83   0   0   0   0   0   0  17   0   0  0.74 inf
   40 L   -2 -1 -3 -3 -2 -2 -2 -4 -3  1  4  1  3  2 -3 -2 -2 -2 -1  0    0   0   0   0   0   0   0   0   0   0  63  15  11  10   0   0   0   0   0   0  0.35 inf
   41 K   -1  1  0 -1 -4  1  1 -2 -1 -3 -3  5 -2 -1 -2 -1 -1 -2  3 -3    0   0   4   0   0   0   9   0   0   0   0  70   0   0   0   0   0   0  17   0  0.54 inf
   42 G   -1 -2  0  3 -4 -1  2  5 -2 -4 -4 -1 -3 -4 -2 -1 -2 -4 -3 -4    0   0   0  28   0   0  17  55   0   0   0   0   0   0   0   0   0   0   0   0  0.72 inf
   43 D   -1 -1  4  4 -3  0  3  0 -1 -4 -4  0 -3 -4 -2  1 -1 -4 -3 -3    0   0  35  25   0   0  24   7   0   0   0   0   0   0   0   9   0   0   0   0  0.54 inf
   44 H   -2  3  0  1 -3  2  0 -3  6 -3 -3  0 -2 -2 -2 -1  0 -3  1 -3    0  26   0   7   0  14   0   0  39   0   0   0   0   0   0   0   9   0   5   0  0.52 inf
   45 L   -1 -3 -3 -3 -1 -2 -3 -3 -3  2  3 -2  1 -1  0 -1  0 -3 -2  2    0   0   0   0   0   0   0   0   0  15  42   0   0   0   4   6   5   0   0  28  0.28 inf
   46 M   -1 -2 -3 -4 -2 -2 -3 -4 -3  2  3 -2  6  0 -3 -2 -1 -2 -2  2    0   0   0   0   0   0   0   0   0   7  32   0  45   0   0   0   0   0   0  17  0.47 inf
   47 K   -1  1  1 -1 -3  1  2 -2  6 -2 -2  3  0 -2 -2 -1 -1 -3  0 -1    0   7   5   0   0   4  14   0  32   0   0  28   5   0   0   0   0   0   0   6  0.39 inf
   48 S   -1  4  2 -1 -3  1  2 -2 -1 -3 -3  2 -2 -3 -2  1 -1 -3 -2 -2    0  40  10   0   0   0  13   0   0   0   0  14   0   0   0  18   0   0   0   4  0.40 inf
   49 Q   -1  1 -1 -1 -4  5  3 -2 -1 -3 -3  4 -2 -4 -2 -1 -1 -3 -2 -3    0   0   0   0   0  45  17   0   0   0   0  38   0   0   0   0   0   0   0   0  0.65 inf
   50 E   -1 -1  1  3 -3  0  4 -2  0 -3 -3  0 -2 -2 -2  1  1 -2  2 -2    0   0   6  18   0   0  40   0   0   0   0   0   0   0   0  17   8   0  11   0  0.40 inf
   51 F   -2 -3 -3 -3 -2 -3 -3 -3 -2  1  0 -3  0  7 -3 -2 -2  0  2 -1    1   1   1   1   0   1   1   1   0  10   2   1   0  75   1   1   1   0   1   1  0.67 inf
   52 L   -1 -2 -2 -2 -1 -1  0 -2 -2  1  3 -2  1  1 -2 -1 -1 -2 -1  1    1   1   1   1   0   1  10   1   0   1  47   1   0   7   1   7   1   0   1  18  0.15 inf
   53 E   -1 -1  1  0 -3  1  4  3 -1 -3 -3  0  0 -3 -2  0 -1 -3 -3 -3    0   0   5   0   0   0  58  25   0   0   0   0   7   0   0   5   0   0   0   0  0.51 inf
   54 D   -2 -2  0  6 -4  0  2 -2 -2 -3 -2 -1 -3 -4  2 -1 -2 -4 -3 -3    0   0   0  67   0   0  15   0   0   0   6   0   0   0  12   0   0   0   0   0  0.80 inf
   55 A    1 -2 -2 -2 -2 -1  1 -2 -2  1  0 -1  3  2 -2  0  0 -2  0  1   14   0   0   0   0   0  13   0   0   6   3   0  22  17   0   5   8   0   0   9  0.10 inf
   56 D   -1 -2  0  5 -3  0  3  0 -1 -3 -3 -1  0 -3 -2  1 -1 -4 -3 -3    5   0   0  52   0   0  24   5   0   0   0   0   5   0   0   8   0   0   0   0  0.59 inf
   57 R   -1  2 -1 -1 -2  0  1 -2 -1  0 -1  3  0 -3 -2  0  1 -3 -2  0    0  13   0   0   0   0   9   0   0  11   0  37   4   0   0   7  17   0   0   3  0.23 inf
   58 K   -1  1  0  2 -3  0  0 -2 -1 -3 -3  5 -2 -4 -2  1  0 -4 -3 -3    0   0   0  17   0   0   0   0   0   0   0  67   0   0   0   9   7   0   0   0  0.51 inf
   59 S    2 -1  1 -1 -1 -1 -1 -1 -2  0 -2 -1 -1 -3 -1  3  1 -3 -2 -1   24   0   7   0   0   0   0   0   0   9   0   0   0   0   0  51   8   0   0   0  0.33 inf
   60 L   -1 -2 -2 -3 -2  0 -2 -3 -2  1  3 -1  1  0 -2 -2  0 -2 -1  2    1   0   0   0   0   5   1   1   0   0  58   6   0   0   0   1   7   0   0  17  0.25 inf
   61 E   -1 -1 -1  1 -3  1  5 -2 -1 -2 -2  0 -2 -3 -1 -1 -1 -3 -2  0    1   1   1   1   0   1  75   1   0   1   2   1   0   1   1   1   1   0   1  10  0.58 inf
   62 T    0 -1  1 -1 -1 -1 -1 -2 -2 -1 -2 -1 -1 -2 -1  1  5 -2 -2 -1    1   1   5   1   0   1   1   1   0   1   2   1   0   1   1   1  80   0   1   1  0.54 inf
   63 K   -1  2 -1 -1 -3  1  0 -2 -1 -3 -2  5 -2 -3 -1 -1 -1 -3 -2 -2    1   1   1   1   0   1   1   1   0   1   2  84   0   1   1   1   1   0   1   1  0.60 inf
   64 S    0 -2  0 -1 -2 -1 -1  1 -2  0 -2 -1 -2 -3 -2  4  2 -3 -2 -1    0   0   0   0   0   0   0   9   0  11   0   0   0   0   0  71   8   0   0   0  0.41 inf
   65 L   -2 -3 -4 -4 -2 -3 -3 -4 -3  3  4 -3  1  0 -3 -3 -1 -2 -2  2    0   0   0   0   0   0   0   0   0  17  68   0   0   0   0   0   0   0   0  15  0.50 inf
   66 E    0 -1 -1  1 -3  1  4 -2 -1 -3 -3  1 -2 -4  3  0  0 -4 -3 -2    8   0   0   4   0   0  54   0   0   0   0   9   0   0  17   0   7   0   0   0  0.57 inf
   67 V    0 -2 -3 -3 -2 -2 -3 -3 -1  1  0 -2  2  2 -3 -2  0  0  5  3    8   0   0   0   0   0   0   0   0   0   0   0   9   6   0   0   5   0  32  40  0.33 inf
   68 T    0 -2 -1 -2 -1 -1 -1 -2 -2  0 -2 -1 -1 -3 -2  2  5 -3 -2 -1    0   0   0   0   0   0   0   0   0   5   0   0   0   0   0  18  78   0   0   0  0.61 inf
   69 F   -3 -4 -4 -4 -3 -4 -4 -4 -2  1  0 -4  0  7 -4 -3 -3  0  2 -1    0   0   0   0   0   0   0   0   0   7   4   0   0  90   0   0   0   0   0   0  1.05 inf
   70 T   -1 -2  1 -1 -2 -1 -1 -2  2  1 -1 -1 -1 -2 -2  1  5 -3 -2  0    0   0   8   0   0   0   0   0   7  17   0   0   0   0   0   6  63   0   0   0  0.39 inf
   71 P   -2 -3 -3 -2 -4 -2 -2 -3 -3 -3 -1 -2 -3 -4  8 -2 -2 -4 -4 -3    0   0   0   0   0   0   0   0   0   0   8   0   0   0  92   0   0   0   0   0  2.03 inf
   72 V    0 -2 -1  0 -1 -1 -1 -2 -2  0 -1 -1  1 -2 -2  2  4 -3 -2  2    0   0   0   4   0   0   0   0   0   0   0   0   7   0   0  14  53   0   0  22  0.34 inf
   73 I    0 -2  1  0 -2  0  0 -2 -2  2  0 -1  1 -2 -2  1  2 -3 -2  0    7   0   8   6   0   4   7   0   0  28   0   0   7   0   0  14  20   0   0   0  0.12 inf
   74 E   -2 -1 -1  1 -4  1  6 -3 -1 -3 -1  0 -2 -4 -2 -1 -2 -4 -3 -3    0   0   0   0   0   0  93   0   0   0   7   0   0   0   0   0   0   0   0   0  0.90 inf
   75 D   -3 -2  1  7 -4 -1  1 -2 -2 -4 -5 -1 -4 -4 -2 -1 -2 -5 -4 -4    0   0   0 100   0   0   0   0   0   0   0   0   0   0   0   0   0   0   0   0  1.32 inf
   76 I    0 -3  1  1 -2 -2 -2 -3 -2  4  0 -2  2 -1 -3 -1  1 -3 -2  1    7   0   8  14   0   0   0   0   0  54   0   0   7   0   0   0  10   0   0   0  0.21 inf
   77 G    0 -3 -1 -2 -3 -2 -1  6 -3 -5 -4 -2 -3 -4 -3 -1 -2 -3 -4 -4    0   0   0   0   0   0   5  95   0   0   0   0   0   0   0   0   0   0   0   0  1.21 inf
   78 K   -1  2 -1 -1 -4  1  0 -2 -1 -3 -3  6 -2 -4 -2 -1  0 -4 -3 -3    0   0   0   0   0   0   0   0   0   0   0  94   0   0   0   0   6   0   0   0  0.79 inf
   79 V    3 -2 -1 -1 -1 -1  1  0 -2 -1 -1 -1 -1 -3 -1  2  0 -3 -2  0   45   0   0   0   0   0  15   4   0   0   3   0   0   0   0  20   4   0   0   9  0.25 inf
   80 L   -2 -3 -4 -4 -2 -3 -4 -4 -4  4  4 -3  1  0 -3 -3 -1 -3 -2  1    0   0   0   0   0   0   0   0   0  46  54   0   0   0   0   0   0   0   0   0  0.52 inf
   81 V   -1 -3 -2 -3 -1 -2 -2 -3 -3  1  0 -2  0 -2 -2 -1  3 -3 -2  4    0   0   0   0   0   0   0   0   0   0   0   0   0   0   0   0  35   0   0  65  0.43 inf
   82 C   -1 -4 -4 -5 10 -4 -5 -4 -4 -2 -2 -4 -2 -3 -4 -2 -2 -3 -3 -2    0   0   0   0 100   0   0   0   0   0   0   0   0   0   0   0   0   0   0   0  2.01 inf
   83 R   -1  4 -1 -2 -3  3  1 -1 -1 -1 -1  1 -1 -3 -2 -1 -1 -3 -2  0    0  44   0   0   0  25   7   4   0   0   5   0   0   0   0   0   0   0   0  15  0.37 inf
   84 A    5 -2 -2 -2 -1 -1 -2  0 -2 -2 -2 -1 -2 -3 -1  1 -1 -3 -2 -1  100   0   0   0   0   0   0   0   0   0   0   0   0   0   0   0   0   0   0   0  0.70 inf
   85 K   -1  3  0 -1 -3  1  1 -2 -1 -3 -3  4 -2 -3 -2  1  1 -3 -2 -2    0  20   0   0   0   4   7   0   0   0   0  42   0   0   0  14  13   0   0   0  0.41 inf
   86 L   -2 -3 -4 -4 -2 -3 -4 -4 -4  1  5 -3  2  0 -4 -3 -2 -2 -2  0    0   0   0   0   0   0   0   0   0   0 100   0   0   0   0   0   0   0   0   0  0.72 inf
   87 H   -2 -1  2 -1 -3  1 -1 -2  6 -1 -3 -1 -2 -2  4 -1 -2 -3  1 -2    0   0  18   0   0   8   0   0  40   7   0   0   0   0  21   0   0   0   5   0  0.60 inf
   88 I   -2 -3 -3 -4 -2 -3 -4 -4 -4  5  1 -3  2 -1 -3 -1 -1 -3 -2  2    0   0   0   0   0   0   0   0   0  86   0   0   8   0   0   5   0   0   0   0  0.57 inf
   89 D    1 -2  0  5 -3  0  2  0 -1 -2 -3 -1 -2 -2 -2  0 -1 -3  0 -1   15   0   0  49   0   0  18   5   0   0   0   0   0   0   0   0   0   0   6   7  0.44 inf
   90 E   -1 -1  0  3 -4  2  4  3 -1 -4 -4  0 -3 -4 -2 -1 -1 -3 -3 -3    0   0   0  19   0  10  41  29   0   0   0   0   0   0   0   0   0   0   0   0  0.56 inf
   91 M   -1 -2 -2 -1 -2  1 -2 -3 -2  2  1 -2  6 -1 -3 -2  0 -3 -2  2    0   0   0   6   0   7   0   0   0  19   0   0  49   0   0   0   5   0   0  14  0.33 inf
   92 D   -2 -2  0  5 -4  0  3 -2 -1 -3 -3 -1 -3 -4  3 -1 -1 -4 -3 -3    1   0   0  55   0   0  25   1   0   0   1   0   0   0  14   1   0   0   0   0  0.74 inf
   93 S   -1 -2 -1 -2 -2 -2 -2 -2 -2 -1 -1 -2 -1  5  3  2 -1 -1  1 -2    1   0   0   0   0   0   0   1   0   0   1   0   0  46  14  34   0   0   0   0  0.42 inf
   94 V   -1 -1 -1  0 -3  1  4 -2 -1  0 -2  0 -1  0  1 -1  0 -3 -1  0    1   0   0   0   0   0  57   1   0   6   1   4   0   7   6   1   5   0   0  10  0.34 inf
   95 P   -2 -2 -2 -2 -4 -1  1 -3 -3 -3 -1 -1 -2 -4  7 -1 -2 -4 -3 -3    0   0   0   0   0   0  14   0   0   0   9   0   0   0  78   0   0   0   0   0  1.59 inf
   96 T   -1  1 -1 -1 -3  1  0 -2 -1 -3 -3  5 -2 -4 -2  1  1 -4 -2 -3    0   0   0   0   0   0   0   0   0   0   0  83   0   0   0   7   9   0   0   0  0.64 inf
   97 V   -1 -1 -1  0 -3  2  4 -3 -1 -1 -1  0 -1 -3 -2 -1  1 -3 -2  1    0   0   0   0   0  10  53   0   0   0   7   0   0   0   0   0  14   0   0  16  0.37 inf
   98 R   -2  6 -1 -2 -4  1  0 -3 -1 -4 -3  3 -2 -4 -2 -1 -2 -3 -2 -3    0  75   0   0   0   0   0   0   0   0   0  25   0   0   0   0   0   0   0   0  0.89 inf
   99 Q   -1  1 -1  0 -3  2  4 -2 -1 -2 -1  2 -1 -3 -2  0  1 -3 -2 -2    0   7   0   0   0  13  41   0   0   0   8  16   0   0   0   0  14   0   0   0  0.38 inf
  100 A    1 -2 -1 -2 -1 -1 -1 -2 -2 -2 -2 -1 -1 -3 -2  2  5 -3 -2 -1    9   0   0   0   0   0   0   0   0   0   0   0   0   0   0  17  74   0   0   0  0.58 inf
  101 V    0 -2 -1 -2 -1 -1 -1 -2 -2  0 -1 -1 -1 -2  1  2  3 -3 -2  2    0   0   0   0   0   0   0   0   0   4   0   0   0   0   7  29  39   0   0  21  0.32 inf
  102 K   -1  3 -1 -1 -3  4  2 -2 -1 -3 -1  3 -1 -3 -2 -1 -1 -3 -2 -2    0  19   0   0   0  31  10   0   0   0   8  31   0   0   0   0   0   0   0   0  0.46 inf
  103 E   -1  0 -1  0 -3  1  3 -2  3 -1 -2  3 -2 -3  1 -1  0 -3 -1 -2    0   0   0   0   0   0  32   0  14   7   0  33   0   0   5   0   8   0   0   0  0.34 inf
  104 L   -2 -3 -4 -4 -2 -3 -3 -4 -3  2  4 -3  3  0 -3 -3 -2 -2 -2  1    0   0   0   0   0   0   0   0   0  14  79   0   7   0   0   0   0   0   0   0  0.56 inf
  105 Q   -1  0  2 -1 -3  5  1 -2  0 -3 -3  2 -1 -2  1 -1 -1 -2  2 -3    0   0  15   0   0  49   6   0   0   0   0  14   0   0   7   0   0   0  10   0  0.48 inf
  106 V    1 -3 -3 -4 -1 -3 -3 -3 -4  3  0 -3  0 -1 -3 -2 -1 -3 -2  4   15   0   0   0   0   0   0   0   0  11   0   0   0   0   0   0   0   0   0  75  0.44 inf
  107 Y   -2 -1  4 -1 -3 -1 -2 -2  0 -2  0  0 -1  1 -3 -1 -1  0  6 -2    0   0  32   0   0   0   0   0   0   0  14   7   0   0   0   0   0   0  47   0  0.49 inf
  108 I   -1 -3 -2 -3 -2 -2 -2 -3 -3  3  1 -2  2  2 -3  0  1 -2  0  2    0   0   0   0   0   0   0   0   0  43   0   0   8  16   0  14  13   0   0   6  0.21 inf
  109 S    2  1  0 -1 -1 -1 -1  2 -2 -3 -3 -1 -2 -3 -1  3  0 -3 -2 -2   27   8   0   0   0   0   0  16   0   0   0   0   0   0   0  49   0   0   0   0  0.38 inf
  110 P   -2 -3 -3 -2 -4 -2 -2 -3 -3 -4 -4 -2 -3 -5  8 -2 -2 -5 -4 -3    0   0   0   0   0   0   0   0   0   0   0   0   0   0 100   0   0   0   0   0  2.32 inf

                      K         Lambda
Standard Ungapped    0.1368     0.3172
Standard Gapped      0.0430     0.2670
PSI Ungapped         0.1436     0.3115
PSI Gapped           0.0430     0.2670
