
Last position-specific scoring matrix computed, weighted observed percentages rounded down, information per position, and relative weight of gapless real matches to pseudocounts
           A  R  N  D  C  Q  E  G  H  I  L  K  M  F  P  S  T  W  Y  V   A   R   N   D   C   Q   E   G   H   I   L   K   M   F   P   S   T   W   Y   V
    1 C    2 -4 -4 -4  5 -3 -3 -3 -4  2 -1 -3 -1 -2 -3  0 -1 -4 -3  4   23   0   0   0  14   0   0   0   0   9   0   0   0   0   0   5   0   0   0  49  0.55 inf
    2 D   -3 -2  3  5 -5  1  4 -3 -2 -5 -5  0 -4 -5 -2 -1 -2 -5 -4 -4    0   0  13  37   0   6  35   0   0   0   0   4   0   0   1   3   0   0   0   0  0.92 inf
    3 A    4 -2 -1 -3 -3  3  1 -2 -2 -4 -4  1 -3 -5  1  2 -2 -5 -4 -3   42   1   2   0   0  13   8   1   0   0   0  10   0   0   7  16   0   0   0   0  0.56 inf
    4 F   -5 -6 -6 -7 -5 -6 -6 -7 -3  0  2 -6  0  8 -7 -6 -5 -3  3 -2    0   0   0   0   0   0   0   0   0   4  19   0   2  66   0   0   0   0   7   1  1.77 inf
    5 V    1 -3  1  0  2 -1 -1 -3 -3  0  0 -2 -1 -1 -3  2  2 -4 -1  2   10   0   8   6   4   1   4   0   0   4  11   0   1   3   0  15  12   0   2  18  0.16 inf
    6 G   -2 -5 -3 -4 -4 -3 -6  7 -6 -7 -7 -3 -6 -7 -6 -4 -5 -6 -7 -6    3   0   0   0   0   1   0  94   0   0   0   1   0   0   0   0   0   0   0   0  2.27 inf
    7 T   -3  1  1 -4 -5 -2 -3 -4 -1 -3 -4  4 -3 -5 -4  0  5 -5  1 -2    0   6   5   0   0   1   0   0   1   1   0  27   0   0   0   6  46   0   5   2  0.91 inf
    8 W   -7 -7 -8 -8 -3 -6 -7 -7 -5 -6 -6 -7 -6  1 -8 -7 -7 12  6 -7    0   0   0   0   1   0   0   0   0   0   0   0   0   5   0   0   0  65  29   0  3.54 inf
    9 K   -3  2  0 -1 -1  3  1 -4  0 -5 -5  6 -4 -6 -4 -2 -1 -6 -5 -3    1   9   5   2   1  11   7   0   2   0   0  56   0   0   0   1   4   0   0   2  1.02 inf
   10 L   -4 -2 -5 -6 -1 -3 -5 -6  0  0  5 -4  5  1 -5 -3 -2 -1  0  1    0   3   0   0   1   0   0   0   3   4  51   0  15   6   0   1   1   1   3  10  0.81 inf
   11 V   -1 -2 -3  2 -3  0  2 -3 -2  1 -1  0 -1 -3 -4 -1  0 -4  1  3    3   0   0  11   0   4  15   1   1   8   4   5   1   0   0   4   7   0   5  31  0.29 inf
   12 S   -1  2 -2  2 -4 -1  1 -2  2 -5 -5  3 -4 -5 -4  4  0 -5 -3 -4    2   9   0  11   0   1  10   1   5   0   0  16   0   0   0  40   3   0   0   1  0.64 inf
   13 S   -2 -2  3 -2 -1  4 -1 -4 -1 -6 -6 -2 -4 -6 -4  6  0 -6 -5 -5    0   1  14   1   1  16   3   0   1   0   0   1   0   0   0  56   6   0   0   0  1.09 inf
   14 E   -2 -3 -1  2 -5  0  7 -5  1 -5 -6  1 -5 -6 -4 -2 -3 -6 -5 -5    3   0   2  12   0   3  65   0   3   1   0   7   0   0   0   2   1   0   0   0  1.34 inf
   15 N   -5 -4  9 -3 -7 -2 -4  0 -1 -7 -7 -1 -6 -7 -6 -2 -3 -8 -6 -7    0   0  86   0   0   1   0   7   1   0   0   3   0   0   0   1   1   0   0   0  2.33 inf
   16 F   -6 -6 -7 -7 -6 -6 -7 -7 -4 -3 -1 -6  1  8 -7 -5 -4 -2  5 -3    0   0   0   0   0   0   0   0   0   0   6   0   3  70   0   1   1   0  18   2  2.13 inf
   17 D   -4 -4 -1  7 -7 -2  5 -5 -4 -7 -7 -2 -6 -7 -5 -2 -4 -7 -6 -6    1   0   2  55   0   0  38   0   0   0   0   1   0   0   0   3   0   0   0   0  1.74 inf
   18 D    1 -3  0  4 -5 -1  5  0 -2 -5 -5  0 -2 -5 -1 -2 -2 -6 -5 -4   13   0   4  25   0   1  36   7   1   0   0   6   1   0   2   1   1   0   0   1  0.74 inf
   19 Y   -5 -5 -6 -7 -3 -5 -6 -6 -3 -3  0 -6 -2  6 -6 -5 -3  0  8 -2    0   0   0   0   0   0   0   0   0   1   8   0   1  31   0   0   2   1  52   3  1.86 inf
   20 M   -4 -5 -6 -7 -2 -5 -6 -7 -6 -2  4 -5  9 -1 -5 -4 -4 -2 -3 -1    0   0   0   0   1   0   0   0   0   0  41   0  49   1   1   1   0   0   0   3  1.75 inf
   21 K   -1  1 -1 -2 -5  0  1 -4 -3 -5 -3  6 -2 -6 -3  0 -1 -6 -3 -4    4   7   2   1   0   4   8   0   0   0   3  59   1   0   0   5   3   0   1   1  0.99 inf
   22 E    5 -1 -3 -2 -4  0  3 -2 -2 -4 -4  1 -4 -5 -3  0 -2 -5 -4 -1   50   2   0   1   0   3  23   1   1   0   1   8   0   0   0   4   1   0   0   3  0.77 inf
   23 V   -2 -4 -3 -6 -2 -4 -5 -6 -5  3  5 -2  3 -2 -5 -4 -1 -5 -4  2    4   0   1   0   1   0   0   0   0  14  52   3   7   0   0   0   4   0   0  14  0.81 inf
   24 G   -3 -5 -1  1 -6 -5 -3  7 -5 -7 -7 -3 -6 -6 -4 -3 -5 -6 -6 -6    1   0   2   7   0   0   1  79   0   0   0   1   0   0   1   1   0   0   0   0  1.73 inf
   25 V   -2 -3 -5 -6 -1 -5 -5 -6 -5  3  1 -5  0 -3 -5 -4 -2 -5 -2  6    3   1   0   0   1   0   0   0   0  18  12   0   2   0   0   0   2   0   1  53  0.93 inf
   26 G   -3 -3  4  0 -2 -3 -2  4 -2 -4 -5 -3 -5 -5  3  0 -2 -6 -5 -4    1   1  23   5   1   0   1  35   0   1   0   0   0   0  17   6   2   0   0   1  0.81 inf
   27 F   -1 -3 -2  0 -2 -3  0 -4 -3  0  0 -2  2  5 -1 -1 -2  3  1  0    4   1   1   6   1   0   8   0   0   4  10   2   6  26   3   3   2   4   4   8  0.26 inf
   28 A    3 -4 -3  2 -3 -3  1 -2 -4  1  0 -3  2  1 -2 -2 -2 -4 -2  1   30   0   0  13   0   0   8   1   0   9   6   0   7   7   2   1   1   0   1  11  0.26 inf
   29 T   -2 -2 -3 -4 -3 -1 -2 -3 -1  1  2  2  2 -2 -2 -1  3 -2 -1  1    2   1   0   0   0   2   1   1   1   7  19  13   6   1   1   2  25   0   2  10  0.25 inf
   30 R   -4  8 -4 -5 -6 -2 -4 -6 -3  2 -5 -1 -4 -1 -6 -4 -3 -6 -5 -2    1  72   0   0   0   1   0   0   0  12   0   1   0   3   0   0   1   0   0   3  1.66 inf
   31 K   -2 -1  0 -2 -6  4  0 -4 -3 -5 -4  6 -3 -6 -3 -3 -1 -6 -5 -4    2   1   4   2   0  21   4   1   0   0   2  51   1   0   1   0   4   0   0   1  1.01 inf
   32 V    1 -2 -4 -5 -3 -2 -4 -3 -3  3  2  0  5 -3 -4 -3 -1 -1 -3  2   12   1   0   0   0   1   0   2   1  15  19   7  17   0   0   0   2   1   0  17  0.41 inf
   33 A    5 -3 -4 -4 -4 -4 -2  4 -5 -1 -3 -4 -1 -5 -4 -1 -3 -5 -3  0   49   1   0   0   0   0   2  26   0   4   1   0   2   0   0   2   0   0   1   6  0.80 inf
   34 G    1  0  3 -2  3 -1 -2  0 -3 -3 -1  3 -3 -4 -3  0  0 -5 -4 -1   14   4  18   1   6   1   0   8   0   0   5  21   0   0   0   4   6   0   0   5  0.28 inf
   35 M    0  0  0  1 -3 -1 -2 -2  2 -1  1  0  3 -1 -3  0  0 -3 -2  0   10   5   5   9   0   1   1   1   6   2  18   6   9   3   0   8   5   0   1   7  0.08 inf
   36 A    2 -3 -3 -1 -2 -3 -2 -3 -4  1  1 -3  1  0 -3  1  2 -4 -1  1   19   0   0   4   1   0   1   1   0   9  17   0   3   3   0  10  17   0   1   9  0.21 inf
   37 K   -4  0  2 -3 -6 -2 -2 -2 -1 -4 -5  6 -3 -4 -4  1  1 -6 -4 -5    0   3   8   1   0   0   1   2   1   1   0  55   0   1   0  11  10   0   0   0  0.99 inf
   38 P   -3 -5 -5 -5 -6 -1 -2 -2 -5 -2 -1 -4 -2 -2  8  0 -4 -6 -5 -4    1   0   0   0   0   3   3   3   0   2   6   0   1   2  66   6   0   0   0   1  1.64 inf
   39 N   -1 -1  1  2 -4  1 -1 -4  0  0 -3  0 -3 -4 -3  0  4 -4 -2  1    3   3   5  10   0   6   3   0   2   4   1   7   0   0   0   7  34   0   1  10  0.36 inf
   40 M   -2 -2 -3 -4  1  0 -3 -4 -3  1  1  2  1 -1 -4 -1  1 -4  0  3    1   0   0   0   4   4   0   0   0   7  17  14   3   3   0   4  11   0   3  24  0.25 inf
   41 I   -3 -3 -3 -1 -5 -1  5 -5 -2  4 -2 -1 -2 -4 -4 -1  1 -5 -3  1    1   0   0   3   0   2  38   0   1  23   2   3   0   0   0   3  10   0   1   9  0.61 inf
   42 I   -4 -4 -6 -6 -4 -3 -6 -6 -6  7  1 -4 -1  2 -6 -5 -4 -5 -4  2    0   1   0   0   0   1   0   0   0  65   9   1   1   8   0   0   0   0   0   9  1.34 inf
   43 S   -1  0 -1  0  1  1  1 -3 -2 -1 -3  1 -3 -4 -3  3  2 -4 -2  0    4   4   1   3   3   5  11   1   1   2   2   9   0   0   0  23  16   0   1   9  0.24 inf
   44 V   -2 -1 -1 -2  0  6 -1 -3  2 -1 -1  2  1 -2 -4 -2 -2 -5 -2  1    2   2   2   1   2  38   2   2   6   3   5  13   3   1   0   2   2   0   1  10  0.55 inf
   45 N   -3 -2  5  5 -5  0  3 -2 -3 -4 -4  0 -5 -4 -4 -1 -1 -6 -3 -3    1   1  27  31   0   3  15   2   0   1   2   5   0   0   0   2   3   0   1   2  0.80 inf
   46 G   -2 -4 -2  1 -5 -3 -1  6 -5 -6 -6 -2 -5 -6 -2 -2 -4 -5 -5 -5    3   1   2   9   0   1   4  68   0   0   0   2   0   0   2   3   0   0   0   1  1.32 inf
   47 D   -3 -3  4  6 -5  0  1  1 -1 -5 -5  0 -5 -5 -4 -2 -3 -6 -5 -5    1   0  19  43   0   3   9  10   1   0   0   6   0   0   0   1   1   0   0   0  0.96 inf
   48 L   -2  0  1  1 -2  0  0 -2  3 -2 -3  3 -1 -4 -3  1  2 -2 -2 -1    0   3   6   7   1   4   5   2   9   2   2  21   1   0   0  10  17   1   1   5  0.27 inf
   49 V   -4 -5 -5 -5 -4 -4 -4 -5 -3  2  0 -4  3  6 -5 -4 -4  5  4  1    0   0   0   0   0   0   1   0   0  12   9   1   8  31   0   0   0   8  15  10  0.93 inf
   50 T   -2 -1  0 -2 -1 -2 -1 -3  1  0 -3  2 -3 -3 -3  0  5 -4  1  1    2   2   4   1   1   1   2   1   3   6   1  12   0   1   0   6  36   0   5  11  0.39 inf
   51 I   -3 -5 -5 -5 -1 -4 -5 -5 -5  6  1 -5  3  2 -5 -2 -2  3 -3  3    0   0   0   0   1   0   0   0   0  42  11   0   7   8   0   3   2   4   0  16  0.81 inf
   52 R   -2  2  1 -2 -5  0 -1 -4  1 -3 -3  5 -3 -5 -4 -1  2 -5 -4 -2    2  10   6   1   0   3   3   0   4   1   2  43   0   0   0   3  14   0   0   3  0.65 inf
   53 S   -2 -2  0 -3 -4  0 -1 -4 -1  0 -3 -1  2 -1 -4  2  6 -5 -4 -1    3   2   4   0   0   3   4   0   1   7   2   3   5   2   0  14  46   0   0   3  0.66 inf
   54 E   -1 -1  0  0 -1  0  1 -2  0  1  0  1 -1 -2 -3  1  1  1  0  0    3   1   5   4   1   4  10   1   3  10  11   9   1   1   0  14   9   2   4   6  0.06 inf
   55 S   -1 -3  0 -4 -2 -3 -3 -2 -4 -2 -3 -3 -2 -5 -3  5  4  0 -2 -1    4   1   3   0   1   0   0   3   0   2   2   0   1   0   1  44  29   1   2   4  0.82 inf
   56 T   -2 -1 -1 -3 -4 -2 -2  1 -4 -2 -3 -2  0 -2  3  1  5 -5 -4 -2    2   3   2   0   0   1   2  13   0   3   2   1   2   2  16   8  40   0   0   2  0.62 inf
   57 F   -2 -3 -3 -2 -2 -3 -3 -1 -1  0  1 -1  1  5 -1 -1 -2 -2  0  1    2   1   1   3   1   1   1   5   1   5  11   5   3  32   3   5   1   0   2  13  0.35 inf
   58 K   -2  4 -1 -3 -2  1 -1 -1 -1 -2 -3  5 -2 -3 -4 -2 -2 -5 -4 -3    2  26   2   0   1   4   2   5   1   2   3  44   1   1   0   1   2   0   0   1  0.81 inf
   59 N   -2 -3  5  0 -4 -2 -2 -3 -3 -3 -4 -1 -2 -2 -2  1  5 -5 -4  0    1   0  35   5   0   1   2   0   0   1   0   3   1   2   1   7  33   0   0   6  0.80 inf
   60 T   -1  0 -1 -3 -3  0 -2 -3  1  0 -1  0  1  0 -3  0  4 -3  3  0    4   4   2   0   0   5   1   0   4   5   6   7   4   3   0   6  27   0  13   8  0.28 inf
   61 E   -2  0  1  1 -4  1  4 -4  0 -1 -2  0 -1 -3 -3  0  2 -4 -3  0    2   3   5   6   0   7  34   0   2   4   3   4   1   1   0   6  13   0   0   7  0.39 inf
   62 I   -2 -2  2 -2 -1 -1 -3 -4 -1  4  1 -2  3  1 -4 -1 -1  0  0  2    2   2  10   2   1   3   0   0   1  26  10   2  10   6   0   4   2   1   2  13  0.26 inf
   63 S   -1 -1  1  1 -1  0  2 -2  0 -3 -4  2 -3 -3 -3  3  2 -4 -3 -2    2   1   6   7   1   3  14   2   2   1   1  11   0   1   0  25  15   0   0   3  0.30 inf
   64 F   -2 -4 -4 -4  2 -3 -4 -2 -3 -1  0 -4  1  6 -4 -1 -3  2  2  0    3   0   0   0   4   0   0   3   0   3   7   0   4  46   0   7   0   3   4   5  0.62 inf
   65 K   -2  0  0  0  1  1  0 -1  1 -1 -2  3 -2 -3  0  1  1 -3  0 -1    1   4   3   4   3   6   5   3   3   3   4  23   0   0   3   9   9   0   3   5  0.11 inf
   66 L   -2 -4 -3 -1 -3 -3 -3 -4 -4  2  2 -3 -1  1  1 -1  0  4 -2  3    0   0   0   5   0   0   0   0   0  13  22   0   0   6   7   6   5   5   0  20  0.27 inf
   67 G    0 -1  1  1 -4 -3  0  6 -4 -5 -5 -3  0 -5 -4 -1 -3 -5 -5 -4    7   3   5   7   0   0   6  56   0   0   1   0   3   0   0   3   0   0   0   0  0.85 inf
   68 V   -1 -1 -1 -1 -4  2  4 -2  0 -1 -3  2  1  0 -3 -1 -1 -4 -3  0    3   2   2   2   0   7  35   2   2   2   1  11   5   6   0   3   2   0   0   9  0.33 inf
   69 E   -1 -2 -1  1 -1  0  6 -2 -3 -4 -3  1 -4 -5 -1  0 -1 -5 -4 -2    3   0   2   5   1   3  53   2   0   0   2   8   0   0   3   5   4   0   0   2  0.70 inf
   70 F   -2 -4 -3 -5  0 -4 -2 -5 -3 -2 -1 -3 -2  8 -5 -2 -2  2  2 -2    3   0   1   0   2   0   3   1   0   2   3   1   0  66   0   3   2   3   3   3  1.32 inf
   71 D   -2 -2  0  5 -5  0  4 -4 -3 -2 -4  0 -4 -4 -2 -2 -1 -5 -1  0    2   0   4  31   0   2  35   0   0   2   1   6   0   0   2   1   3   0   2   7  0.72 inf
   72 E   -2 -2 -2  1 -1  0  6 -2 -2 -1 -1 -1 -1 -3 -3 -2 -2 -4  2 -2    2   0   1   6   1   3  53   3   0   3   7   3   2   0   0   2   1   0   9   3  0.68 inf
   73 I   -1 -1  1  1 -2  2  3 -2 -1 -1 -2  0 -2 -2 -1  1  2 -4 -1 -1    2   2   5   9   1   8  21   3   1   4   2   4   1   2   2   9  18   0   1   5  0.23 inf
   74 T   -2 -1  0 -2 -3 -2 -3  0 -4 -1  0 -3  1 -4  1  0  5  1 -4 -2    2   4   5   2   0   1   0   8   0   3  11   0   4   0   6   4  45   2   0   2  0.52 inf
   75 A    2 -2 -3 -2 -3 -1 -3 -1 -3  0  0 -1  2 -1  3  0 -1 -4 -1  2   23   1   0   2   0   2   0   3   0   4   9   4   7   2  14   6   2   0   2  19  0.25 inf
   76 D   -2 -4  0  7 -5 -1 -1  0 -4 -4 -5 -2 -2 -2 -4 -1 -1 -5 -5 -3    3   0   3  66   0   2   2   6   0   1   1   2   1   2   0   3   5   0   0   1  1.27 inf
   77 D    0  1  1  1 -2  0  1  1 -1 -3 -3  1 -2 -2 -2  1  1 -2  1 -2   10  10   9  10   0   0  10  10   0   0   1  10   0   0   0  10  10   0   9   1  0.17 inf
   78 R   -2  6  0 -1 -5  0 -1 -2  2 -2 -3  0 -3 -1 -4 -1  1 -4 -1 -1    2  45   5   2   0   2   4   3   5   2   2   5   0   2   0   2  11   0   3   4  0.64 inf
   79 K   -1  0  1 -1 -4  0  2 -1  1 -2 -2  4  0 -4  1  0  0 -4 -1 -1    3   3   6   2   0   3  11   5   3   2   2  32   3   0   6   5   6   0   2   5  0.30 inf
   80 V   -1 -1 -2 -4  4 -1 -2 -3  2  0  1 -2  0 -1 -4 -2  0 -4  1  4    4   3   2   0  10   3   2   2   7   4  11   2   2   3   0   2   6   0   4  32  0.33 inf
   81 K   -2  2  0 -1 -5  2 -1 -4  1 -4 -4  5  3  0 -2 -1  1 -5 -4 -4    2   8   4   4   0   7   3   0   3   0   0  43   8   5   2   4   8   0   0   0  0.66 inf
   82 S    0 -1 -1 -3  2 -3 -2  0 -4 -1 -2 -3 -1  0 -4  4  4 -5 -2 -1    7   3   3   0   4   0   1   8   0   3   2   0   1   5   0  31  25   0   1   4  0.47 inf
   83 I   -1 -2 -1 -4 -3 -3 -3 -4 -4  3  1 -2  3 -1 -2  0  3 -4 -3  3    2   2   3   0   0   0   0   0   0  15  13   2   9   2   1   8  21   0   0  21  0.39 inf
   84 I    0 -3 -3 -3  3 -2 -3 -3 -2  1  0 -2  2  2  1 -1  0  5  2  1    9   0   0   0   8   0   1   1   0   9   9   0   9   9   9   1   9   8   9   9  0.24 inf
   85 T   -1  0  1 -1  1  0 -1 -2  0 -1 -2  0 -2 -1 -1  1  4 -4 -3  0    3   5   8   3   3   3   4   3   3   2   2   5   0   3   3   8  36   0   0   8  0.30 inf
   86 L   -2 -1 -4 -4  0  0 -2 -1 -3  0  2  0  3  2 -4 -3 -3  7  1  0    3   3   0   0   2   6   3   5   0   5  21   6   9  10   0   0   0  17   3   5  0.48 inf
   87 D   -1 -1  0  4 -4  0  5 -1  0 -4 -4  0 -4 -5 -3 -1  0 -5 -4 -2    4   2   4  23   0   3  37   4   2   0   1   6   0   0   0   4   5   0   0   4  0.63 inf
   88 G   -1 -1  2  3 -4 -2 -1  5 -1 -4 -4 -1 -4 -4 -3  0 -1 -4 -4 -4    2   3  11  17   0   0   3  46   2   0   1   3   0   0   0   7   4   0   0   0  0.69 inf
   89 G   -1 -3  3  4 -4 -1  1  4  0 -4 -4 -2 -4 -4 -1 -1 -1 -4 -4 -4    3   0  16  26   0   2  10  30   2   0   1   0   0   0   2   3   3   0   0   0  0.62 inf
   90 A    1  1  1 -2 -1  1  0 -2  0 -2 -3  4  0 -3 -2  1  1 -4 -3 -1   10   5   6   0   1   7   2   1   2   2   1  37   3   0   0   9   8   0   0   5  0.34 inf
   91 L   -3 -2 -4 -4 -3 -3 -3 -4 -1  0  4  0  4  0 -4 -3 -2  3 -2  0    1   2   0   0   0   0   0   1   2   3  55   9  12   4   0   1   2   4   0   3  0.60 inf
   92 V   -1 -2  0 -2 -1 -2 -1 -4 -1  3  0  0  0  0 -3 -2  1 -3 -2  4    2   0   5   1   1   1   3   1   1  18   3   8   2   4   0   1  10   0   0  38  0.32 inf
   93 Q   -1 -1 -2 -2  5  4 -1 -1  4 -2 -2 -2 -1  0 -3 -1  0 -3  1 -2    5   2   1   2  13  25   3   5  13   2   4   1   1   4   1   4   7   0   4   3  0.38 inf
   94 V   -2 -1 -2 -2  3 -1  0 -3  2  0  0  0  0 -2 -3 -1  2 -3 -2  3    1   2   1   2   7   2   6   1   6   5   5   8   2   1   1   3  15   0   1  28  0.21 inf
   95 Q   -2  0 -1 -1 -4  7  0 -4 -1 -1 -2  0 -1  0 -3 -1 -1 -1 -1 -3    3   5   2   2   0  50   4   1   1   4   4   3   1   5   1   4   3   1   2   2  0.78 inf
   96 K   -1  1 -1  0 -4  1  1 -3 -2 -4 -3  6 -2 -1 -3 -1 -1 -4 -2 -2    4   4   3   6   0   5   7   1   1   0   1  51   1   3   0   3   2   0   1   3  0.66 inf
   97 W   -2 -3 -2  1 -2 -3 -2  5 -2 -4 -3 -1  0 -4  0 -2 -3  8 -2 -3    3   1   1   9   1   1   2  38   1   1   2   5   3   0   4   2   2  18   1   2  0.82 inf
   98 D   -1 -3  3  4 -4 -1  3 -1 -3 -2 -3  1 -3 -5  0  0 -1 -5 -4 -3    4   0  14  28   0   2  16   4   0   3   2   9   1   0   4   5   3   0   0   2  0.49 inf
   99 G   -2 -2 -1  0 -3 -3 -1  5 -1 -3 -4  3 -3 -2 -2 -1 -2 -4 -3 -3    2   2   2   5   1   0   4  44   2   2   2  19   1   2   2   3   2   0   1   2  0.63 inf
  100 K   -3 -1  1  0 -3  0  0 -2 -1 -4 -4  5 -1 -5  3  0 -2 -5 -3 -4    1   2   8   4   1   3   5   3   1   1   2  43   2   0  12   5   2   0   1   1  0.66 inf
  101 S   -1 -1  1  0 -4 -1  3  0 -1 -2 -3  1 -1 -3  0  1  0 -4 -3  1    2   3   8   4   0   1  26   6   2   2   1  10   1   1   3  10   5   0   0  11  0.23 inf
  102 T   -1  2 -1 -3 -1 -3 -2 -3 -1 -1  0 -2 -1  0 -2  1  5 -4 -1  1    3  11   2   1   2   0   2   2   1   3   7   1   1   4   2   9  35   0   2  10  0.35 inf
  103 T   -2 -2  0 -2 -1 -2 -2  1  1  0 -3  0 -3 -1 -3  1  4 -1  1  1    2   1   3   1   1   1   3  10   4   5   1   6   0   2   0   8  33   1   5  13  0.34 inf
  104 I   -1 -3 -3 -3 -2 -2 -2 -3  1  4  0 -4  0  1 -4 -2  1  7  0  1    5   1   1   1   1   1   3   1   4  31   6   1   1   5   1   3   8  15   3   7  0.60 inf
  105 K   -2  1  0 -1 -1 -1  1 -3 -3  1 -2  1 -2 -3 -3  0  4 -4 -1  2    2   9   4   3   1   1   9   1   0   7   2  10   0   0   1   6  25   0   2  17  0.31 inf
  106 R   -3  7 -3 -1 -5  2 -1 -4  3 -5 -4 -1 -4 -5 -4 -1 -1 -2  0 -3    1  58   0   3   0   8   4   1   6   0   1   2   0   0   1   4   4   1   3   2  1.22 inf
  107 K   -3 -2 -2 -1 -6 -1  6 -5 -2 -2 -4  2 -4  0 -5 -3 -1  6  1 -2    2   1   1   2   0   2  48   0   1   2   1  12   0   4   0   1   3  11   5   3  0.99 inf
  108 R   -3 -2 -5 -5 -4 -3 -5 -5 -5  4  3 -3  1  3 -5 -2 -3 -4 -1  2    1   3   0   0   0   1   0   0   0  27  28   1   3  14   0   3   1   0   1  16  0.70 inf
  109 D   -1 -2  1  2 -2  0  3 -2 -3  0 -3  1 -2 -4 -3  1  1 -5 -4  2    4   1   6  11   1   4  19   2   0   5   1  11   0   0   0   9   7   0   0  19  0.28 inf
  110 G   -3 -5  2  5 -3 -2 -1  5 -4 -6 -6 -3 -6 -6 -2 -3 -3 -6 -6 -6    2   0   9  31   1   1   4  46   0   0   0   1   0   0   2   1   1   0   0   0  1.22 inf
  111 D   -3 -4  2  6 -6 -3  1  4 -2 -4 -6 -3 -5 -6 -4 -1 -2 -6 -5 -5    1   1   8  39   0   0   8  33   1   1   0   1   0   0   0   3   2   0   0   0  1.08 inf
  112 K   -2  0  0 -1 -5  2  4 -2 -1 -3 -3  5 -1 -3 -3 -2  0 -5 -4 -2    2   4   3   3   0   9  24   3   1   2   2  33   1   1   1   1   7   0   0   3  0.60 inf
  113 L   -5 -5 -3 -6 -1 -1 -6 -6 -6  2  5 -5  7 -3 -6 -5 -4 -5 -4  0    0   0   1   0   1   3   0   0   0   8  55   0  26   0   0   0   0   0   0   4  1.35 inf
  114 V   -3 -4 -3 -3 -1 -4 -3 -6  2  4 -1  0  1 -3 -5 -3  1 -5  2  4    0   0   1   2   1   0   2   0   6  25   2   7   3   0   0   1  11   0   6  34  0.65 inf
  115 V    0 -3 -1 -3 -4  2  0 -5 -1  0  3 -3  4 -3 -4 -2  1 -4 -2  3    7   0   4   1   0  10   7   0   2   4  27   0  11   0   0   1   7   0   1  20  0.39 inf
  116 E   -3 -2 -3 -1 -5 -3  3 -4 -3  0 -4 -1 -1 -5 -5 -2  6 -6 -5  1    1   2   0   3   0   0  18   1   1   5   0   4   2   0   0   2  53   0   0   9  0.95 inf
  117 C   -2 -2 -5 -6  6 -2 -5 -5 -2  1  3 -5  6  0 -5 -1 -3 -1  2  0    3   2   0   0  15   1   0   0   1   6  23   0  26   4   0   5   1   1   7   6  0.78 inf
  118 V   -2  0 -1 -2 -3 -1  0 -2 -1 -1 -4  1 -3 -3 -4  1  5 -5 -3  1    2   4   2   1   0   2   5   3   2   4   0   7   0   1   0   9  46   0   1  10  0.62 inf
  119 M    1 -3 -2 -4  4 -2 -4 -3  0  1  0  0  4  0 -3 -1  0 -3  1  2   15   0   2   0   9   1   0   2   2   7   8   6  14   4   1   4   4   0   6  17  0.29 inf
  120 K   -2 -2  4  3 -2 -1  2  4 -4 -6 -6  1 -5 -6 -4  0 -4 -6 -5 -6    2   2  18  15   1   2  13  36   0   0   0   7   0   0   0   5   0   0   0   0  0.82 inf
  121 G   -3 -5  3  6 -6 -2 -1  4 -2 -7 -7 -2 -6 -7 -4  0 -3 -7 -6 -6    1   0  13  40   0   1   2  32   1   0   0   2   0   0   0   7   1   0   0   0  1.16 inf
  122 V    0 -5 -4 -4 -4  0 -3 -4 -3  3 -1 -3 -2 -4 -5 -3  1 -6 -4  6    6   0   1   1   0   4   1   1   1  12   4   1   0   0   0   1   8   0   0  60  1.01 inf
  123 T   -2 -3 -4 -3 -4 -3  0 -5 -4  2 -3  1 -3 -4 -3 -2  4 -6 -4  5    1   1   0   1   0   1   6   0   0   8   0   8   0   0   1   2  28   0   0  42  0.80 inf
  124 S    3 -6 -5 -6  9 -5 -5 -3 -3 -5 -2 -5 -1  0 -5  2 -2 -5  2 -3   23   0   0   0  41   0   0   2   1   0   4   0   1   4   0  16   1   0   7   1  1.41 inf
  125 T   -3  1 -3 -4 -2 -2 -2 -5  0  0 -3  4 -3 -5 -4 -2  5 -6 -4  2    0   7   0   0   1   1   2   0   2   5   1  29   0   0   0   2  35   0   0  15  0.77 inf
  126 R   -4  8 -3 -5 -1  4 -4 -5 -4 -4 -6 -2 -5 -7 -6 -5 -2 -7 -6 -5    1  78   1   0   1  15   0   0   0   1   0   0   0   0   0   0   2   0   0   1  2.08 inf
  127 V   -3 -2 -1 -4 -3 -3 -2 -5  1  4 -1  0 -1  0 -4 -3  2  2  1  3    1   2   3   0   0   1   3   0   4  28   2   7   1   4   0   0  16   3   5  23  0.48 inf
  128 Y   -5 -6 -6 -7 -3 -6 -6 -5 -2 -5 -3 -6 -5  6 -7  1 -5 -1  8 -5    0   0   0   0   1   0   0   0   1   0   1   0   0  32   0  13   0   0  52   0  2.02 inf
  129 E   -2  0 -1 -3 -6  1  4 -5 -1 -3 -4  6 -3 -6 -4 -2 -1 -6 -5  0    3   3   2   0   0   4  24   0   1   1   1  47   0   0   0   2   3   0   0   7  0.88 inf
  130 R   -5  6 -4 -5 -7 -3 -3 -6 -4 -7 -6  6 -5 -7 -5 -3 -5 -7 -6 -6    0  46   0   0   0   0   0   0   0   0   0  53   0   0   0   1   0   0   0   0  1.97 inf
  131 A    4 -4 -4 -4  2 -4 -4 -1 -4 -1 -2 -4 -2 -4 -4  1 -2 -5 -4  5   38   0   0   0   4   0   0   3   0   0   0   0   0   0   0   8   0   0   0  47  0.77 inf

                      K         Lambda
Standard Ungapped    0.1334     0.3172
Standard Gapped      0.0553     0.2670
PSI Ungapped         0.1808     0.3231
PSI Gapped           0.0553     0.2670
