
Last position-specific scoring matrix computed, weighted observed percentages rounded down, information per position, and relative weight of gapless real matches to pseudocounts
           A  R  N  D  C  Q  E  G  H  I  L  K  M  F  P  S  T  W  Y  V   A   R   N   D   C   Q   E   G   H   I   L   K   M   F   P   S   T   W   Y   V
    1 G    3 -3 -1 -2 -2 -2 -2  5 -3 -3 -3 -2 -3 -4 -2  0 -2 -3 -3 -2   32   0   0   0   0   0   0  68   0   0   0   0   0   0   0   0   0   0   0   0  0.86 inf
    2 T    3 -2  0 -2 -2 -2 -2  0  0 -3 -3 -2 -2 -4 -2  3  4 -4 -3 -2   36   0   3   0   0   0   0   5   2   0   0   0   0   0   0  22  32   0   0   0  0.56 inf
    3 W   -5 -5 -6 -6 -5 -4 -5 -6 -2 -5 -4 -5 -4  1 -6 -5 -5 10  7 -5    0   0   0   0   0   0   0   0   0   0   0   0   0   3   0   0   0  49  48   0  2.74 inf
    4 T   -2 -3  2  1 -3 -2 -2 -3 -3  0  0 -2 -2 -3 -3  0  5 -4 -3  1    0   0  11   7   0   0   0   0   0   5  11   0   0   0   0   6  48   0   0  13  0.53 inf
    5 R   -4  8 -3 -4 -6  0 -3 -5  0 -6 -5  1 -4 -6 -5 -2 -4 -5 -4 -5    0  92   0   0   0   2   0   0   2   0   0   3   0   0   0   1   0   0   0   0  2.03 inf
    6 P    4 -4 -3 -3 -3 -3 -3  3 -4 -4 -4 -3 -4 -5  5  0  0 -5 -4 -3   37   0   0   0   0   0   0  26   0   0   0   0   0   0  27   6   4   0   0   0  0.90 inf
    7 H   -1 -2  2  2 -4  1  2 -1  5 -4 -2 -1 -3 -4 -2  2 -1 -4 -2 -2    3   0  10  15   0   5  18   3  16   0   3   0   0   0   1  21   2   0   0   2  0.43 inf
    8 K    2  2 -2  2 -4  0 -1 -3 -2 -4 -4  5 -3 -5 -1  0 -2 -5 -4 -2   18  10   0  15   0   3   0   0   0   0   0  43   0   0   2   6   0   0   0   2  0.60 inf
    9 A    3 -2  0  0 -2  1  0 -1 -1  1 -2 -2 -2 -3 -1  0 -1 -4 -1  2   34   1   4   5   0   6   8   2   2   8   0   0   0   0   3   3   2   0   2  20  0.21 inf
   10 Q   -3 -2 -2  5 -6  6  3 -4 -2 -5 -5 -2 -4 -6 -4 -2 -3 -5 -4 -5    0   0   0  33   0  45  21   0   0   0   0   0   0   0   0   0   0   0   0   0  1.33 inf
   11 V   -2 -4 -5 -5 -4 -4 -5 -5 -2  5  1 -4 -1  1 -5 -4 -3 -2  6  1    2   0   0   0   0   0   0   0   0  43  11   0   0   4   0   0   0   0  34   6  0.99 inf
   12 D   -5 -4  1  8 -6 -3 -1 -4 -4 -6 -7 -3 -6 -6 -4 -3 -4 -7 -6 -6    0   0   6  94   0   0   0   0   0   0   0   0   0   0   0   0   0   0   0   0  2.23 inf
   13 S    4  0  1  1 -3 -2 -2 -2  1 -3 -2 -2 -3 -4 -3  2  0 -4 -3 -1   45   6   7   8   0   0   0   0   5   0   2   0   0   0   0  20   3   0   0   4  0.47 inf
   14 W   -6 -6 -7 -8 -6 -5 -6 -6 -6 -5  0 -6 -4 -2 -7 -6 -6 12 -1 -6    0   0   0   0   0   0   0   0   0   0  10   0   0   0   0   0   0  90   0   0  3.97 inf
   15 E    0 -2 -2 -1 -4  2  6  1 -2 -4 -4 -1 -3 -4 -3  0 -2 -4 -4 -4    7   0   0   0   0   6  66  11   0   0   1   0   0   0   0   6   0   0   0   0  0.99 inf
   16 T    0  1  0 -1 -2  1  2 -1  0 -2 -2  2 -2 -3 -2  1  1 -3 -2 -1    6   6   3   1   0   6  20   3   3   1   4  16   0   1   1   9  13   0   0   6  0.20 inf
   17 V    1 -2 -2 -2 -1 -1 -1 -1 -2  2  1 -1  0 -1 -1  0  0 -2  0  2   19   2   2   2   1   1   2   5   1  11  14   2   1   1   2   4   4   0   4  22  0.10 inf
   18 F   -2 -3 -4 -4 -3 -3 -3 -4 -3  1  4 -3  1  4 -3 -3 -1 -2 -1  0    3   1   1   1   0   0   1   1   0   4  58   1   2  19   1   1   3   0   0   4  0.66 inf
   19 G    0 -4 -3 -4 -5 -4 -4  7 -4 -6 -6 -4 -5 -5 -4 -2 -4 -5 -5 -5    7   0   0   0   0   0   0  90   0   0   0   0   0   0   0   0   0   0   0   0  1.86 inf
   20 N   -1 -3  7  2 -5 -2 -2 -3 -2 -5 -5 -1  2 -5 -4 -1 -1 -5 -4 -4    5   0  72   8   0   0   0   0   0   0   0   2   5   0   0   2   3   0   0   0  1.41 inf
   21 E   -1 -1  0  2 -3  1  2 -3 -2 -2 -3  2 -3 -4  3  0  1 -4 -3 -1    3   0   2  12   0   4  17   0   0   2   0  18   0   0  18   6  11   0   0   5  0.41 inf
   22 G   -2  0 -2 -1 -5 -3 -4  7 -4 -6 -5 -3 -5 -5 -4 -1 -3 -5 -5 -5    0   6   0   4   0   0   0  84   0   0   0   0   0   0   0   4   0   0   0   0  1.61 inf
   23 W   -6 -6 -6 -7 -5 -5 -6 -6 -5 -6 -5 -6 -5 -2 -6 -6 -5 13  1 -6    0   0   0   0   0   0   0   0   0   0   0   0   0   0   0   0   0  94   3   0  4.25 inf
   24 N   -3 -3  7  0 -4 -2 -3  1 -2 -5 -5 -2 -4 -5 -4  1  0 -5 -4 -5    0   0  72   2   0   0   0  10   0   0   0   0   0   0   0  10   4   0   0   0  1.42 inf
   25 W   -5 -6 -6 -7 -5 -5 -6 -5 -5 -5 -5 -6 -4  0 -6 -6 -5 13  2 -6    0   0   0   0   0   0   0   0   0   0   0   0   0   3   0   0   0  90   4   0  4.02 inf
   26 D   -1 -1  3  5 -4  1  2 -1 -2 -3 -4  2 -3 -4 -3 -1 -1 -5 -4 -4    3   2  15  33   0   4  15   3   0   2   0  18   0   0   0   3   1   0   0   0  0.61 inf
   27 N   -1 -2  5  2 -3 -2 -1  2 -2 -4 -4 -1 -3 -4 -3  3  1 -4 -2 -4    3   0  33  12   0   0   2  13   0   0   0   2   0   0   0  23   9   0   1   0  0.59 inf
   28 V   -3 -4 -5 -5 -3 -4 -4 -5 -4  1  5 -4  4  0 -4 -4 -3 -3  0  1    0   0   0   0   0   0   0   0   0   3  74   0  11   2   0   0   0   0   3   6  1.02 inf
   29 A   -1 -3 -3 -4 -3 -1 -2 -4 -2 -1  3 -2 -1  5 -4 -2 -3  4  3 -2    4   0   1   0   0   3   3   0   0   0  34   3   0  29   0   4   0   6  12   0  0.59 inf
   30 A   -1 -3  0 -2 -4  0  1 -1  0 -4 -4  0 -3 -5  7 -1  0 -5 -4 -4    5   0   6   1   0   4   8   5   2   0   1   6   0   0  51   2   8   0   0   0  1.06 inf
   31 Y   -1 -4 -4 -5 -4 -4 -4 -2 -1 -4 -3 -2 -3  1 -5 -4 -4 -1  9 -4    6   0   0   0   0   0   0   3   0   0   1   3   0   3   0   0   0   0  81   0  1.99 inf
   32 S   -3 -3 -4 -4 -4 -3 -4 -4 -2 -2  0 -3  6  5 -4 -1 -3 -1  5 -2    0   0   0   0   0   0   0   0   0   0   5   2  31  29   0   5   0   0  23   2  1.04 inf
   33 L   -3  1  0 -1 -4  1 -1 -3 -3 -2  1  5 -1 -4 -3 -1 -2 -4 -3 -3    0   7   5   3   0   4   2   0   0   2  18  54   2   0   0   3   0   0   0   0  0.66 inf
   34 Q   -1  3 -2 -3 -5  0  1 -2 -3 -4 -4  6  0 -5 -3 -1 -3 -5 -4 -4    5  18   0   0   0   2   7   2   0   0   0  61   3   0   0   2   0   0   0   0  1.01 inf
   35 A    2 -3  0 -2  0 -1 -2 -1 -3 -1 -3 -2 -3 -4 -3  5  1 -4 -3 -1   20   0   3   0   2   2   0   2   0   4   0   0   0   0   0  53   9   0   0   5  0.65 inf
   36 E   -3 -3 -3 -1 -6  1  7 -5 -3 -6 -5 -2 -4 -5 -4 -3 -1  2 -4 -5    0   0   0   0   0   4  88   0   0   0   0   0   0   0   0   0   3   3   0   0  1.75 inf
   37 R    0  2  2  0 -3  0 -1  1  0 -2 -2  1 -2 -3 -2  1  3 -4 -3 -1    5  12  11   4   0   4   1  11   3   1   2  10   0   0   0   9  25   0   0   3  0.25 inf
   38 A    0 -4 -4 -5 -4 -4 -4 -4 -3 -2  1 -4 -2  7 -1 -1 -3 -2  2 -2   11   0   0   0   0   0   0   0   0   0  14   0   0  61   3   4   0   0   5   2  1.11 inf
   39 R   -2  3 -2 -2 -3  2  0 -3  3 -2 -2 -1  0  0 -3  1  3 -4 -2 -1    0  21   0   0   0  12   6   0   9   2   3   0   2   4   0   9  27   0   0   4  0.39 inf
   40 A    1 -3 -2  0 -3 -2 -1 -2 -1  0 -1 -2 -2 -2  6 -2  0 -4 -1  1   15   0   2   7   0   0   2   2   2   7   4   2   0   2  38   0   7   0   2   9  0.62 inf
   41 P   -2 -5 -5 -1 -6 -4 -4 -5 -5 -6 -6 -4 -5 -7  8 -1 -4 -7 -6 -5    2   0   0   3   0   0   0   0   0   0   0   0   0   0  90   4   0   0   0   0  2.64 inf
   42 N   -1 -2  4  0 -3 -2 -2 -1 -2 -2 -1 -2 -2 -4 -1  3  4 -4 -3 -1    4   2  20   5   0   0   0   3   0   2   5   0   0   0   2  26  28   0   0   3  0.47 inf
   43 A    2 -1  0  2 -3  2  2  0 -2 -3 -3  0 -2 -4  1  1 -1 -4 -3 -3   26   3   2  13   0  11  16   4   0   0   2   6   0   0   6  10   1   0   0   0  0.32 inf
   44 K    2 -2 -1  3 -3  1  3 -1 -2 -3 -3 -1 -2 -3 -1  1  0  3 -3  0   22   0   2  18   0   5  20   3   0   0   0   2   0   0   1  10   3   4   0   7  0.32 inf
   45 Q   -1  0  0 -1 -4  6  2 -4  0 -3  0 -1 -2 -4 -3 -2 -1 -4 -1 -1    4   2   3   3   0  54  11   0   1   0  11   0   0   0   0   0   3   0   2   4  0.78 inf
   46 I    0  1 -2 -2 -2  1  0 -2 -2  3  0  1  0  0 -3 -1  0 -3 -2  2   10   9   0   0   0  10   4   2   0  24   4   8   2   3   0   2   4   0   0  17  0.15 inf
   47 A    3  1 -1  0 -2  0  2 -1 -2 -3 -2  0 -1 -3 -2  0  0 -4 -3 -2   39   8   2   6   0   4  15   3   0   0   4   5   1   0   0   5   5   0   0   2  0.29 inf
   48 A    3  1  1 -1 -2  1  0 -2  3 -2 -1  1 -2  0 -2  0 -1 -3  0 -1   31   6   6   2   0   6   4   0   9   0   7  10   0   5   0   6   2   0   3   2  0.18 inf
   49 G   -1 -4  1 -1 -4 -3 -1  6 -3 -5 -3 -3 -4 -4 -4 -2 -3 -4 -2 -4    4   0   8   3   0   0   4  73   0   0   2   0   0   0   0   0   0   0   2   0  1.22 inf
   50 H    3 -2 -1 -3 -2 -1 -1 -2  5  1 -1 -2  0 -2 -3 -1  0 -3  0  1   37   0   2   0   0   2   2   1  18  11   4   0   3   0   0   2   3   0   2  10  0.37 inf
   51 Y   -1 -1  0  1  0  1  0 -1  1 -3 -3  1 -2  0 -2  2  2 -2  3 -2    3   0   3   7   3   5   5   4   4   0   1  10   0   4   0  19  15   0  15   1  0.22 inf
   52 F   -3 -3 -3 -2 -4 -3 -3 -4  0 -1 -2 -3 -2  5 -2 -1 -1  3  7  0    1   0   0   2   0   0   1   1   2   3   1   0   0  23   2   4   4   3  47   6  1.04 inf
   53 N   -3 -3  3  6 -4 -1  1 -3 -2 -1 -2 -1 -3 -4 -3 -1 -2 -5 -2  0    0   0  14  51   0   2   9   0   0   4   5   2   0   0   0   2   0   0   1   8  0.76 inf
   54 A    3 -3 -2  1 -3 -2  0 -1 -3 -2 -3 -1 -3 -4  5  1 -2 -4 -4 -2   34   0   0   7   0   0   8   3   0   1   2   2   0   0  28  12   0   0   0   2  0.64 inf
   55 S    2 -1  0  2 -3  0  2 -1 -2 -3 -3  0 -3 -2 -2  3  0  3 -3 -3   18   2   4  16   0   4  13   2   0   0   0   5   0   1   0  27   3   5   0   0  0.37 inf
   56 C    1 -1 -2 -2  5 -1 -3 -3  0 -2 -1 -3 -2  2 -3  0  0 -2  4  1   16   3   2   2  17   3   0   0   2   0   4   0   0   9   0   4   7   0  20  12  0.38 inf
   57 H   -4 -1  1 -4 -5  1 -3 -5 10 -5 -5 -3  0 -1 -5 -3 -4  2  2 -5    0   3   5   0   0   5   0   0  72   0   0   0   3   2   0   0   0   2   7   0  1.99 inf
   58 G   -2 -5 -1 -4 -5 -4 -5  7 -5 -7 -6 -4 -5 -6 -5 -3 -4 -5 -6 -6    0   0   3   0   0   0   0  97   0   0   0   0   0   0   0   0   0   0   0   0  2.16 inf
   59 V   -2  2 -1 -2 -3 -1  0 -2 -1 -1 -2  1 -2  3 -3  0  3  0  2 -1    0  11   2   1   0   1   6   1   1   2   2  10   0  15   0   6  30   1   7   3  0.29 inf
   60 N   -1  0  4  2 -4 -1  2 -1  1 -4 -4  1 -1 -4 -3  2  1 -5 -3 -3    2   4  29  10   0   0  12   4   3   0   0  11   2   0   0  15   9   0   0   0  0.47 inf
   61 G   -2 -5 -3 -4 -5 -5 -5  7 -5 -7 -7 -4 -6 -6 -5 -3 -4 -5 -6 -6    0   0   0   0   0   0   0 100   0   0   0   0   0   0   0   0   0   0   0   0  2.27 inf
   62 T   -3 -4 -2 -3 -5 -3  0 -2 -4 -3 -4 -1 -4 -2  7 -1  2 -4  1 -2    0   0   1   0   0   0   5   2   0   1   0   3   0   2  59   3  14   0   7   2  1.34 inf
   63 V   -3 -4 -5 -5 -3 -4 -5 -3 -5  4  3 -4  1 -2 -4 -4 -2 -4 -3  4    0   0   0   0   0   0   0   2   0  26  27   0   3   0   0   0   0   0   0  42  0.82 inf
   64 H   -2  1 -1  2 -5  4  0 -4  6 -4 -4  3 -3 -4 -3 -1 -2 -4 -1 -3    2   5   0  14   0  21   2   0  26   0   0  23   0   0   0   3   2   0   1   2  0.77 inf
   65 A    1 -3  0 -3 -2 -3 -3 -3 -3  2 -1 -3 -1 -2 -3  1  2 -4 -1  4   11   0   4   0   0   0   0   0   0  10   0   0   0   0   0   9  15   0   2  46  0.48 inf
   66 G    0 -3 -2 -2  2 -2 -3  5 -3 -3 -3 -2  0 -3 -3  2  1 -3 -3 -3    8   1   1   1   5   0   1  52   0   1   1   1   3   0   1  15  10   0   0   1  0.73 inf
   67 P   -1 -3 -1 -3 -3 -3 -3 -3 -2 -2 -2 -3 -2  4  5 -1 -2  4  5 -2    5   1   3   1   0   1   1   1   0   1   1   1   0  23  27   3   1   6  22   2  0.81 inf
   68 R    0  3 -1 -2 -3 -1 -1 -1 -2 -1 -1  0 -2 -1  4  0  0 -3 -1 -1    7  23   2   1   0   2   1   3   0   3   6   3   0   2  26   7   7   0   3   4  0.39 inf
   69 D    1  0  3  3 -3  0  0 -2 -1 -3 -2  0 -2 -2  1  1  0 -3 -1 -2   12   4  21  20   0   2   3   1   0   1   5   4   0   2   5  12   4   0   3   1  0.27 inf
   70 T    0 -1  1  0 -2 -1 -2 -2  1 -1  0 -2  3  1 -2  0  2  2  1 -1    7   3   8   4   0   1   1   1   4   2  11   1  11   7   1   4  22   2   7   3  0.14 inf
   71 G    0 -1  1 -1 -2  0  0  3 -1 -1 -1  0  1  0 -2  0  1 -2 -1 -1    5   3   9   1   0   3   7  24   1   5   6   4   6   6   1   6  12   0   1   1  0.12 inf
   72 D   -1  0  3  1 -2  1  1 -1 -1 -2 -1  0 -2 -1  0  0 -1  2  3 -2    5   4  17   7   0   9  11   5   0   2   5   3   0   1   4   5   3   3  16   1  0.19 inf
   73 D    0 -1  0  1 -2 -1  0  2  0 -1 -2 -1 -1 -1  4  1 -1 -3 -2 -1    4   4   3  10   0   1   4  18   2   2   4   1   2   3  22  12   1   0   1   6  0.29 inf
   74 Y   -1 -1 -1  0 -3  1 -1  0  0  0 -2 -2 -1  3 -2 -1 -1  6  4 -2    4   4   3   5   0   6   4   6   2   6   2   1   0  17   1   4   2  12  18   1  0.34 inf
   75 S    0  0  2 -2 -3 -2 -2  1 -1 -3 -3 -2 -3 -3  1  4  1  2 -3 -2    3   5   9   1   0   0   1  12   1   1   1   1   0   0   8  45   7   4   0   2  0.47 inf
   76 P   -1  0  1 -1 -3  0 -1 -1  0 -1 -3 -1 -3 -4  6  1  0 -4 -3 -2    4   7   6   3   0   3   3   4   2   5   1   2   0   0  43   9   6   0   0   2  0.74 inf
   77 I   -1 -2 -2 -2 -2  1 -2 -3 -2  2  2 -2  1  2 -3  0  0 -2  0  1    5   0   0   2   0   9   1   1   0  13  30   1   3  12   0   8   4   0   2   9  0.20 inf
   78 V   -2 -1 -2 -3 -2  0 -2 -2  1  1  1 -2  3  3 -3 -1  2  3  0  0    1   3   0   0   0   5   2   2   5  10  13   1  10  18   0   4  15   5   0   5  0.21 inf
   79 K   -1  2  0  0 -3  1  0 -1  0 -3 -3  3 -2 -2  4  0 -1 -4 -3 -1    2  10   3   3   0   6   6   4   2   0   1  27   0   2  20   6   3   0   0   4  0.39 inf
   80 A    3  1  1 -2 -2  1 -1 -2 -2 -2 -1  0 -2  0 -1  1  1 -3  0  0   35   9   9   0   0   7   0   0   0   1   5   3   0   4   3   7   9   0   3   5  0.20 inf
   81 L   -3 -3 -4 -4 -3 -1 -3 -4  1  2  3 -3  1  3 -4 -3 -2  6 -1  2    0   0   0   0   0   3   0   0   4  14  35   0   3  13   0   0   0  12   0  13  0.56 inf
   82 M   -2  0  1 -1 -3  1 -1 -2  2  2  0  0  4 -2  0 -1 -2  3 -2  0    0   5   8   3   0   9   1   3   7  16   7   6  18   0   4   4   0   4   0   3  0.18 inf
   83 S    0  1  2  3 -4  2  2 -1  1 -4 -4  1 -3 -4  0  1 -1 -4 -3 -3    9   9  13  22   0   8  14   2   3   0   0   7   0   0   3   9   2   0   0   0  0.39 inf
   84 A    4 -3 -2 -3 -3 -3 -3 -1 -4 -3 -3 -3  0 -4 -3  1  5 -5 -4 -2   34   0   1   0   0   0   0   3   0   0   0   0   2   0   0   8  52   0   0   0  0.92 inf
   85 V    0 -3 -4 -4 -3 -3 -3 -4 -3  0  1 -3 -1  3 -4 -2  0  8  2  2    9   0   0   0   0   0   0   0   0   5  12   0   0  16   0   3   6  22   8  17  0.67 inf
   86 E    0  2  2 -1 -3  2  3  0 -1 -3 -3  1 -2 -2 -2  1  0 -4 -3 -2    7  11  14   0   0   9  28   5   0   0   0   7   0   2   0  10   3   0   0   2  0.36 inf
   87 D    2 -1  1  0 -3  0  3  0  1 -3 -2  0 -1 -3 -2  1  0 -3 -2 -1   22   3   9   2   0   3  23   6   4   0   4   3   1   0   0  12   4   0   0   3  0.24 inf
   88 R   -1 -1 -3 -4 -3 -1  0 -4 -3  0  4 -3  2 -1 -4 -1 -1 -3 -3  1    4   4   0   0   0   3   7   0   0   3  56   0   6   1   0   5   2   0   0   9  0.47 inf
   89 G   -1 -4  1 -2 -5 -4 -1  7 -4 -6 -6 -4 -5 -6 -4 -2 -4 -5 -5 -5    2   0   5   2   0   0   4  85   0   0   0   0   0   0   0   1   0   0   0   0  1.69 inf
   90 V   -2 -4 -5 -5 -3 -4 -4 -5 -1  3  2 -4  1  0 -4 -4 -2 -3  1  5    0   0   0   0   0   0   0   0   2  18  20   0   3   2   0   0   0   0   5  49  0.73 inf
   91 P    0 -1  0 -1 -4  1  0 -1  2 -3 -3 -1 -3 -1  6 -1 -1 -4 -3 -1    7   2   5   2   0   9   5   4   6   0   2   1   0   3  42   4   3   0   0   5  0.73 inf
   92 T   -1  1 -1 -2 -3  0 -2 -3  2 -1 -1 -1 -2  0 -1  0  2  4  3  1    1   9   3   2   0   3   0   0   6   3   5   2   0   3   3   9  21   7  12  12  0.23 inf
   93 K   -1 -2  5 -1 -1  3 -2 -3 -2 -1 -1  0 -2 -4  1  0  0 -4 -1 -1    6   0  41   0   1  14   0   0   0   4   6   7   0   0   7   3   4   0   2   5  0.50 inf
   94 K   -2  2 -1  0 -4  1  1 -1 -2 -1  0  3 -2 -3  3 -1 -2 -4 -3  0    0  16   2   4   0   8   8   4   0   3  10  21   0   0  15   2   0   0   0   7  0.30 inf
   95 D   -4 -4 -1  8 -6  0  1 -4 -4 -6 -3 -3 -5 -6 -4 -2 -4 -7 -5 -6    0   0   0  84   0   3   8   0   0   0   3   0   0   0   0   2   0   0   0   0  1.84 inf
   96 F    0 -3 -2 -3 -1 -1 -1 -1  1 -1  0 -2 -1  2  3  1  0 -3  0  1    8   0   0   0   1   3   3   4   5   1   9   0   0  13  18  18   3   0   2  11  0.24 inf
   97 G   -1 -1  5 -1  3 -2 -2  1  2 -3  0 -2 -1 -1 -4 -1 -2 -4  0 -2    6   2  37   1   7   0   1  13   6   0  14   0   2   2   0   3   0   0   4   2  0.42 inf
   98 C    1 -2  2  0  5 -3 -3  3 -3 -4 -4 -2 -3 -4 -3  2 -1 -4 -4 -3   12   1  13   6  17   0   0  28   0   0   0   0   0   0   0  21   2   0   0   0  0.63 inf
   99 G   -2 -5 -3 -2 -5 -4 -5  7 -5 -6 -6 -4 -5 -6 -5 -3 -4 -5 -6 -6    2   0   0   1   0   0   0  97   0   0   0   0   0   0   0   0   0   0   0   0  2.13 inf
  100 D   -1  1  3  3 -3  0  0 -2  2 -3 -2  1 -2 -4 -3  1  1 -4 -3 -2    2   9  18  16   0   3   5   0   6   0   5  12   0   0   0  14   7   0   0   3  0.32 inf
  101 P    1 -3  3 -3 -3 -1 -3 -3 -3 -1  0 -2  4 -3  5 -2 -1 -4 -3  1   11   0  17   0   0   2   0   0   0   2   8   2  16   0  29   0   3   0   0  10  0.60 inf
  102 H    0  3  1 -2 -3 -1 -1 -3  3  1 -1 -1 -1 -3 -3 -1  1 -4 -2  2    8  23   7   0   0   2   2   0  11   9   3   2   0   0   0   3  12   0   0  17  0.26 inf
  103 G   -2 -5 -3 -4  0 -4 -5  7 -5 -6 -6 -4 -5 -6 -5 -2 -4 -5 -6 -6    0   0   0   0   2   0   0  96   0   0   0   0   0   0   0   2   0   0   0   0  2.08 inf
  104 V    0 -4 -4 -4 -3 -3 -4  1 -1  1 -1 -3 -1  3 -4 -2  0 -3  1  4   10   0   0   0   0   0   0  11   1   7   1   0   0  16   0   0   5   0   6  42  0.43 inf
  105 S    0 -3  1 -3  0 -2 -3 -3 -2 -3 -3 -2  2  3 -3  4  1  1  1 -3    5   0   8   0   2   0   0   0   0   0   0   0   6  17   0  46   9   2   5   0  0.56 inf
  106 M   -1 -1 -3 -4  0 -1 -2 -4 -3  1  1 -3  4  1 -3 -1  1  5  1  2    4   3   0   0   2   2   3   0   0   8   8   0  18   6   0   2  14   9   4  19  0.33 inf
  107 F   -1 -3  1 -3  1  0 -2 -1  2  2 -2 -2 -2  2 -2 -1  1  5  3 -1    5   0   8   0   4   6   0   5   7  18   0   0   0  10   2   2  11  10  11   2  0.27 inf
  108 P   -3 -5 -5 -4 -5 -4 -4 -5 -1 -4  0 -4 -1 -1  8 -3 -4 -5 -1 -2    1   0   0   0   0   0   0   0   2   0  11   0   1   2  79   0   0   0   2   2  2.03 inf
  109 N    0 -2  5  1 -3  0  0 -2  2 -3 -1 -2  0 -1 -3  2  0  0 -2 -3    5   0  34   6   0   5   3   0   6   0   6   0   3   2   0  22   6   1   0   0  0.43 inf
  110 T    1 -3  3 -1 -3 -2 -2 -3 -3 -3 -2 -2 -3 -4 -3  3  5 -5 -4 -2    9   0  16   1   0   0   0   0   0   0   3   0   0   0   0  25  46   0   0   0  0.76 inf
  111 L   -1 -3 -4 -5 -3 -1 -4 -5 -3  4  3 -3  1 -1 -4 -3 -2 -3  1  3    3   0   0   0   0   4   0   0   0  25  40   0   3   0   0   0   0   0   6  19  0.56 inf
  112 H   -3 -2  3  6 -4  0  0 -3  4 -4 -2 -1 -3 -4 -3  1 -1 -5 -3 -4    0   0  12  49   0   2   2   0  13   0   4   3   0   0   0  12   3   0   0   0  0.83 inf
  113 E   -1  2  0 -2 -4  0  2 -3 -2 -3 -3  0 -3 -4  5  0 -2 -4 -3 -1    5  14   3   0   0   4  19   0   0   0   2   5   0   0  37   5   0   0   0   6  0.71 inf
  114 D   -3 -2  3  5 -5  0  4 -3 -2 -5 -5 -1 -4 -5 -3 -1 -2 -5 -4 -4    0   0  19  48   0   0  32   0   0   0   0   0   0   0   0   0   0   0   0   0  1.00 inf
  115 Q   -2  0 -1 -1 -4  6  3 -3 -1 -3 -2  2  2 -4 -2 -1 -1 -3 -2 -3    0   0   0   0   0  62  18   0   0   0   0  11  10   0   0   0   0   0   0   0  0.71 inf
  116 V   -1 -3 -2 -3 -1 -2 -2 -3 -3  3  0 -2  0 -1 -2 -1  2 -3 -2  4    0   0   0   0   0   0   0   0   0  15   0   0   0   0   0   0  27   0   0  58  0.32 inf

                      K         Lambda
Standard Ungapped    0.1319     0.3152
Standard Gapped      0.0435     0.2670
PSI Ungapped         0.1426     0.3080
PSI Gapped           0.0435     0.2670
