
Last position-specific scoring matrix computed, weighted observed percentages rounded down, information per position, and relative weight of gapless real matches to pseudocounts
           A  R  N  D  C  Q  E  G  H  I  L  K  M  F  P  S  T  W  Y  V   A   R   N   D   C   Q   E   G   H   I   L   K   M   F   P   S   T   W   Y   V
    1 P   -5 -6 -6 -5 -7 -5 -5 -6 -6 -7 -7 -5 -6 -8  9 -5 -5 -8 -7 -6    0   0   0   0   0   0   0   0   0   0   0   0   0   0 100   0   0   0   0   0  3.30 inf
    2 D   -4 -3  0  7 -6 -2  3 -1 -2 -2 -3 -2 -3 -6 -4 -2 -2 -6 -4 -3    0   1   3  59   0   1  19   5   1   3   2   1   0   0   0   1   2   0   0   2  1.18 inf
    3 V   -2 -1 -2 -5  0 -2 -4 -5  0  3 -1  3 -2 -4 -4 -3 -2 -5 -4  5    1   3   2   0   2   2   0   0   2  17   2  22   0   0   0   0   1   0   0  46  0.75 inf
    4 A   -2 -5 -2  2 -6 -4 -1  7 -5 -7 -7 -4 -6 -6  0 -2 -5 -6 -6 -6    2   0   1  10   0   0   4  77   0   0   0   0   0   0   5   2   0   0   0   0  1.67 inf
    5 A   -3 -6 -4 -5 -6 -6 -6  7 -6 -7 -6 -2 -5 -6 -6 -4 -5  7 -5 -7    0   0   0   0   0   0   0  82   0   0   0   2   0   0   0   0   0  14   0   0  2.27 inf
    6 P   -1 -4  0  5 -6 -2  2  0 -4 -6 -6 -2 -6 -7  6 -2 -4 -7 -6 -6    4   0   4  31   0   1  11   6   0   0   0   2   0   0  38   2   0   0   0   0  1.23 inf
    7 T   -3 -4 -1 -4  2 -3  2 -6  6 -4 -4 -3 -4  4 -6 -4 -4 -3  7 -1    1   0   3   0   5   0  15   0  20   0   0   1   0  14   0   1   0   0  35   4  1.26 inf
    8 G    1 -6 -4 -5 -6 -5 -2  7 -6 -7 -6 -5 -6 -7 -2 -3 -5 -6 -7 -6   10   0   0   0   0   0   3  84   0   0   1   0   0   0   2   1   0   0   0   0  2.00 inf
    9 P   -4 -7 -7 -6 -7 -6 -6 -7 -7 -7 -8 -6 -7 -8  9 -4 -6 -8 -8 -7    1   0   0   0   0   0   0   0   0   0   0   0   0   0  98   1   0   0   0   0  3.39 inf
   10 Y   -6 -6 -7 -8 -7 -6 -7 -8 -3 -3 -5 -6 -5  2 -8 -6 -6 -2 10 -4    0   0   0   0   0   0   0   0   0   2   1   0   0   7   0   0   0   0  90   1  3.16 inf
   11 R   -4  6 -4 -5 -6 -2 -3 -6 -3  0 -3 -1 -3  2 -6 -3 -3 -4  4  1    1  53   0   0   0   1   0   0   0   6   1   2   0   8   0   1   1   0  15  12  1.18 inf
   12 Q   -5 -4 -5 -5 -1  9 -3 -7 -4 -8 -7 -3 -5 -8 -6 -4 -5 -7 -6 -7    0   0   0   0   1  98   0   0   0   0   0   0   0   0   0   1   0   0   0   0  3.08 inf
   13 S   -3 -4 -3 -4 -5 -4 -4 -4 -5 -6 -5 -4  1 -3 -5  7  3 -7 -5 -5    0   0   0   0   0   0   0   0   0   0   1   0   4   1   0  75  19   0   0   0  1.69 inf
   14 E   -4 -3 -4  0 -7  4  7 -6 -3 -7 -5  1 -5 -7 -5 -3 -4 -7 -6 -6    0   1   0   5   0  15  69   0   0   0   1   8   0   0   0   0   0   0   0   0  1.70 inf
   15 R   -6  9 -4 -6 -8 -3 -4 -7 -3 -8 -7 -2 -6 -7 -7 -5 -6 -7 -5 -7    0  98   1   0   0   0   0   0   0   0   0   0   0   0   0   0   0   0   0   0  2.92 inf
   16 L   -1  0 -1 -4 -4 -1 -2 -1 -2  0  2  2  3  3 -4 -1  0 -3  0 -1    3   5   3   0   0   3   1   5   0   3  26  13  10  14   0   3   6   0   2   3  0.25 inf
   17 P    1 -4 -1  6 -6 -2  3  0  2 -5 -6 -2 -5 -5  2 -1 -3 -6 -5 -5   11   0   1  45   0   1  17   6   5   0   0   1   0   0   9   3   0   0   0   0  0.99 inf
   18 L   -4  3 -5 -5 -4 -3 -4 -6 -2  6  2 -3  2 -3 -5 -4 -1 -5 -4  0    0  15   0   0   0   1   1   0   1  49  21   1   4   0   0   1   4   0   0   2  0.97 inf
   19 Y   -7 -7 -7 -8 -7 -6 -7 -8  1 -6 -6 -7 -6 -1 -8 -7 -6 -2 10 -6    0   0   0   0   0   0   0   0   2   0   0   0   0   1   0   0   0   0  97   0  3.54 inf
   20 Q    0  4  2 -2 -5  3 -2 -2  1 -4 -2  4 -1 -5 -4 -2 -2 -4 -3 -4    7  22  11   1   0  11   0   3   3   0   4  31   2   0   0   1   1   0   0   1  0.66 inf
   21 K    0  0 -2  2 -5  4  4 -2 -2 -5 -5  3 -4 -6  1 -2 -2 -6 -5 -4    7   3   1  10   0  17  26   3   0   0   0  22   0   0   7   1   1   0   0   1  0.70 inf
   22 Y    0 -5 -5 -5 -4 -3 -3 -6  4 -1 -1 -4 -3  0 -6 -5 -4 -3  8  2    8   0   0   0   0   1   2   0  11   4   6   1   0   3   0   0   0   0  47  17  1.27 inf
   23 A    5 -5 -5 -5  0 -4 -5 -4 -5  3 -1 -4 -2 -3 -4 -2 -1 -3 -2  2   52   0   0   0   2   0   0   0   0  20   4   0   0   0   0   1   3   0   2  15  0.92 inf
   24 E   -1  0  0  4 -6  4  4 -3 -1 -5 -4  2 -3 -6 -4 -3 -3 -3 -4 -5    6   4   5  20   0  19  28   1   1   0   1  11   0   0   0   0   1   0   0   0  0.80 inf
   25 E   -3  2 -2 -1 -6  5  3 -5 -2 -3 -3  4 -3 -5 -4 -2 -1 -4 -3 -4    1  11   1   3   0  33  15   0   0   1   2  26   0   0   0   1   3   0   1   1  0.93 inf
   26 L   -5 -6 -7 -8 -5 -6 -7 -8 -7 -2  6 -6  4 -3 -7 -6 -5 -6 -5 -3    0   0   0   0   0   0   0   0   0   1  91   0   8   0   0   0   0   0   0   0  2.00 inf
   27 L   -4 -5 -6 -6 -4 -4 -4 -6 -6  4  5 -3  1 -2 -6 -5 -4 -4 -4  3    0   0   0   0   0   0   1   0   0  20  50   2   2   0   0   0   0   0   0  23  1.07 inf
   28 K    2 -2  0  4 -5  0  5 -4 -2 -5 -5  1 -5 -5 -4 -1 -2 -6 -5 -4   17   2   3  23   0   3  39   0   0   0   0   7   0   0   0   2   2   0   0   0  0.89 inf
   29 R    1  0  1  0 -4  1  3 -1 -2 -4 -3  2 -3 -5 -3  2  0 -5 -4 -3   14   5   6   4   0   7  21   3   0   0   3  14   0   0   0  18   4   0   0   0  0.40 inf
   30 G   -4 -6 -2  1 -7 -5 -4  7 -4 -8 -8 -2 -7 -7 -6 -3 -5 -7 -7 -7    0   0   1   7   0   0   1  86   0   0   0   3   0   0   0   1   0   0   0   0  2.12 inf
   31 W   -2  0 -1 -1 -2  0  0 -2  6 -4 -1  4 -2 -2 -4 -1  0  1  2 -4    3   3   3   3   1   2   6   3  25   0   8  25   1   1   0   3   5   2   6   0  0.58 inf
   32 A    7 -6 -6 -6 -5 -5 -5 -3 -6 -4 -5 -5 -5 -6 -5 -3 -3 -7 -6 -1   94   0   0   0   0   0   0   1   0   1   0   0   0   0   0   0   1   0   0   3  2.09 inf
   33 Y   -6 -6 -7 -8 -7 -6 -7 -8  1 -6 -6 -7 -6  3 -8 -6 -6 -2 10 -6    0   0   0   0   0   0   0   0   2   0   0   0   0   8   0   0   0   0  90   0  3.24 inf
   34 R   -3  4 -4 -3 -6 -2  0 -6  1 -2 -4  2 -3 -2  1 -4 -4 -2  7 -3    1  25   0   1   0   0   5   0   3   3   1  14   1   0   7   0   0   0  38   1  1.10 inf
   35 A    1 -7 -7 -4 11 -7 -7 -6 -7 -6 -6 -7 -6 -7 -7  0 -5 -7 -7 -4   12   0   0   1  80   0   0   0   0   0   0   0   0   0   0   7   0   0   0   1  3.22 inf
   36 F   -6 -6 -7 -6 -7 -6 -5 -7 -2 -4 -4 -7 -4  8 -8 -5 -4  0  7 -5    0   0   0   0   0   0   1   0   1   0   0   0   0  60   0   0   1   1  36   0  2.45 inf
   37 E    0 -1 -6  1 10 -6 -3 -6 -6 -5 -5 -4  1 -6 -6  0 -3 -7 -6 -5    8   4   0   9  67   0   1   0   0   0   0   1   3   0   0   6   1   0   0   0  2.39 inf
   38 T   -3 -3 -1  0 -5 -3 -4 -4 -5 -5 -4 -3 -5 -6 -4  4  6 -6 -3 -4    0   1   2   5   0   0   0   1   0   0   1   1   0   0   0  30  59   0   1   0  1.44 inf
   39 P    1  0 -1 -2 -5  1  2 -4 -2 -5 -5  3 -4 -6  5  1 -1 -6 -5 -4   11   3   3   1   0   5  12   0   1   0   0  18   0   0  31  10   4   0   0   0  0.78 inf
   40 E   -2 -1 -3  1 -7  0  7 -4 -3 -7 -6 -2 -6 -7 -5 -3 -3 -7 -6 -6    3   3   1   6   0   3  81   1   0   0   0   1   0   0   0   1   1   0   0   0  1.88 inf
   41 E   -3  5 -4 -1 -7 -1  6 -5 -2 -6 -6 -2 -5 -7 -5 -3 -3 -6 -5 -4    2  28   0   3   0   2  60   0   1   0   0   1   0   0   0   1   1   0   0   1  1.53 inf
   42 L   -2 -6 -7 -7 -5 -5 -4 -7 -4  1  6 -6 -1 -3 -6 -5 -4 -5 -4  0    4   0   0   0   0   0   1   0   0   6  83   0   0   0   0   0   1   0   0   4  1.55 inf
   43 E    0 -4 -1  5 -6  1  6 -5 -3 -6 -6 -1 -5 -6 -4 -2 -2 -6 -6 -5    8   0   2  31   0   4  49   0   0   0   0   2   0   0   0   1   2   0   0   0  1.30 inf
   44 Q    4  0 -2 -2 -4  2  3 -3 -1 -3 -3  1 -1 -4 -3  0  0 -5 -4 -2   39   6   1   2   0   9  18   1   1   1   2   7   1   1   0   6   4   0   0   1  0.51 inf
   45 I   -1  2 -1 -2 -3  1  1 -3  1  0  2  0  5 -2 -4 -2 -3 -4 -3  0    4  11   2   2   0   6   8   1   4   3  25   7  19   1   0   3   0   0   0   5  0.34 inf
   46 R   -2  8 -3 -5 -7 -2 -3 -5  2 -7 -6  2 -5 -7 -6 -3 -5 -7 -5 -6    4  76   1   0   0   1   0   1   4   0   0  12   0   0   0   1   0   0   0   0  2.00 inf
   47 K    0  1 -1 -1 -5  1  4  0 -2 -5 -5  4 -2 -5 -1 -2 -2 -5 -4 -4    9   7   2   2   0   6  33   7   1   0   0  26   1   0   2   1   1   0   0   1  0.67 inf
   48 E    2 -1 -2 -1 -5  2  5 -3  0 -1 -3  0 -2 -5 -2 -2 -2 -6 -4 -2   18   3   1   2   0   8  46   1   2   3   2   6   1   0   1   2   2   0   0   2  0.74 inf
   49 K    3  0 -1 -2 -4  4 -1 -3 -1 -1 -3  3  2 -3 -2 -1 -1 -5 -3 -2   28   5   2   1   0  23   1   1   1   5   1  17   5   1   2   3   3   0   0   1  0.49 inf
   50 G   -1  1 -2 -3 -5  0  0  1 -2 -5 -3 -1 -1 -1  6 -2 -2 -5 -2 -4    4   7   2   1   0   5   6  11   1   0   3   2   1   4  47   3   2   0   1   1  0.98 inf
   51 G    1  5  0 -3 -5  0 -3  3  0 -2 -4  3 -2 -5 -4 -3 -3 -5 -4 -2   12  30   4   1   0   3   0  26   2   2   1  15   1   0   0   0   1   0   0   3  0.68 inf
   52 Y   -4 -6 -7 -6 -4 -4 -6 -7 -2 -3 -5 -6 -5  0 -7 -4 -6 -2 10 -6    1   0   0   0   0   1   0   0   0   1   0   0   0   1   0   1   0   0  92   0  3.14 inf
   53 D   -3 -3  2  7 -6 -2  0 -2 -4 -5 -4 -3 -2 -6  1  1 -1 -7 -6 -4    2   1  10  59   0   1   3   2   0   0   2   1   1   0   6   9   3   0   0   1  1.23 inf
   54 G   -1  3  0 -2 -4 -3 -3  6 -2 -6 -5  0 -4 -6 -4 -3 -4  2 -3 -6    5  19   5   2   0   1   1  56   1   0   0   5   0   0   1   0   0   3   1   0  1.13 inf
   55 R   -2  3 -1 -4  1 -1 -2 -4  6 -3 -2  3 -1  0  0 -1  1 -5 -1 -4    3  19   2   0   3   2   1   0  22   1   3  18   1   4   4   4  12   0   2   0  0.61 inf
   56 A   -3 -6 -1  1 10 -6 -5 -4  1 -5 -6 -6 -5 -5 -6 -3  0  5  0 -4    2   0   3   9  61   0   1   1   4   0   0   0   0   0   0   2   5   8   4   0  2.25 inf
   57 R    0  7 -4 -4 -5 -2 -3 -4 -3 -4  1 -1 -1 -5 -3 -2 -4 -3 -3 -4    8  63   0   0   0   1   0   1   0   1  17   2   1   0   1   3   0   0   1   1  1.32 inf
   58 N   -1 -1  3  4 -4 -1  1 -1  5 -4 -4 -1 -2 -4 -4  1  0 -5 -1 -4    3   2  15  23   0   2   7   5  18   0   1   2   1   0   0  11   6   0   2   1  0.59 inf
   59 I   -1 -1 -2 -4 -4 -3 -3 -4 -2  1  5 -2  3 -2 -4 -3 -3 -1 -1  0    4   3   2   1   0   1   2   1   1   6  62   2   6   1   0   1   0   1   1   4  0.80 inf
   60 P    0 -3 -2  1 -2 -2 -2 -2 -3 -3 -4 -2 -3 -4  3  4  4 -2 -4 -3    5   0   1   8   1   1   1   2   1   1   1   1   0   0  14  33  29   0   0   1  0.73 inf
   61 P    1  0 -2  1 -1  1  2 -3 -2 -3 -2  2 -3 -4  4 -1 -1 -4 -3 -3   12   5   1   9   1   6  13   1   1   2   4  13   0   0  25   3   2   0   1   1  0.46 inf
   62 E    1 -2 -2  2 -4  0  6 -2 -3 -5 -5 -1 -4 -5 -3  0 -3 -5 -4 -4   11   1   1  10   0   4  56   3   0   0   1   2   0   0   1   6   1   0   0   1  1.01 inf
   63 E   -2 -1 -2  0 -5  4  6 -4  0 -4 -4 -1 -3 -5 -1 -3 -2 -5 -4 -3    2   3   1   4   0  19  58   1   2   1   1   1   0   0   3   1   2   0   0   2  1.21 inf
   64 A    1  2 -2 -3 -1  0 -2 -3 -2  2 -1  0 -1 -3 -3  0  0 -4 -3  3   13  11   1   1   1   5   2   1   1  15   2   6   0   0   1   9   4   0   0  27  0.27 inf
   65 E    2  1 -2  2 -3  3  3 -3  0 -4 -3  1 -3 -4 -1 -1 -1 -4 -3 -3   19   8   1  11   0  13  24   1   2   1   2   9   0   0   2   3   2   0   0   1  0.45 inf
   66 E    3  2 -1  0 -2  2  3 -3 -1 -4 -4  2 -3 -3 -2 -1 -1 -4 -3 -3   25  13   2   4   1   8  22   1   2   1   1  13   0   1   1   4   2   0   0   1  0.48 inf
   67 R   -1  4  0 -3 -3 -1  0 -3  0 -3  0  2 -1  2 -3 -2 -2 -2  2 -3    4  30   5   1   0   1   4   1   2   0  12  15   1   8   1   1   2   0   9   1  0.43 inf
   68 A    0  0 -3 -2 -3 -1  2 -3  1  2  3 -1  0 -2 -1 -2 -2 -4 -3  0    9   5   1   1   0   1  19   1   3  14  29   3   2   0   3   1   1   0   0   5  0.26 inf
   69 R    5 -1 -1  2 -3  0  1 -1 -1 -3 -3  0 -3 -4 -1  0 -2 -5 -4 -3   51   4   2  10   0   3   8   3   1   1   1   5   0   0   2   4   1   0   0   1  0.59 inf
   70 R    3  0  1  0 -4  1  3 -2 -1 -4 -3  2 -3 -3  0  0 -2 -4 -3 -3   27   3   6   5   0   5  24   1   1   0   2  12   0   1   3   5   1   0   0   0  0.43 inf
   71 G   -3 -5  0  0 -4 -2 -3  7 -3 -6 -6 -3 -5 -6 -5 -2 -4 -5 -5 -6    1   0   3   5   0   1   1  81   1   0   0   2   0   0   0   2   1   0   0   0  1.79 inf
   72 E   -1  3 -2  0 -5  0  4 -3 -2  0 -1  1 -2 -4 -4 -2 -1 -3 -4  0    5  20   0   5   0   3  31   1   1   6   5   8   1   0   0   1   4   0   0   7  0.44 inf
   73 P   -1 -1 -2 -2 -5  1 -1 -3 -2 -5 -5  3 -5 -6  6  0 -1 -6 -5 -3    5   3   1   2   0   6   4   1   1   0   1  17   0   0  47   7   3   0   0   2  1.13 inf
   74 H   -2 -4 -3 -5 -1 -4 -4 -5  6 -5 -5 -5 -5  2  5 -2 -4  0  7 -5    4   0   1   0   1   0   0   1  20   0   0   0   0   8  27   2   0   1  34   0  1.50 inf
   75 V    0 -6 -5 -6 -1 -5 -6 -6 -6  0 -3 -5 -3 -5 -6 -1  1 -6 -5  7    6   0   0   0   1   0   0   0   0   3   0   0   0   0   0   5  10   0   0  74  1.47 inf
   76 I   -4 -6 -7 -7 -5 -6 -6 -7 -6  6  0 -6 -2 -3 -6 -5 -3  1  0  5    0   0   0   0   0   0   0   0   0  50   6   0   0   0   0   0   1   2   3  38  1.52 inf
   77 R   -6  9 -5 -6 -8 -3 -5 -7 -3 -8 -7 -2 -6 -4 -7 -5 -6 -7 -6 -7    0  98   0   0   0   0   0   0   1   0   0   0   0   1   0   0   0   0   0   0  2.95 inf
   78 L   -5 -5 -6 -6 -5  1 -5 -7 -5  1  3 -5  4  7 -6 -5 -5 -3 -1 -2    0   0   0   0   0   8   0   0   0   6  22   0  12  50   0   0   0   0   0   1  1.44 inf
   79 K   -3  5  1 -4 -6 -2 -3 -5 -1 -4 -3  6 -2 -4 -5 -4 -2 -6 -5 -5    2  32   6   0   0   0   0   0   2   1   3  50   1   1   0   0   2   0   0   0  1.31 inf
   80 V   -1 -5  3 -5 -4 -4 -5 -5 -5  3 -1 -4  5 -4 -5 -1  0 -3 -4  5    4   0  14   0   0   0   0   0   0  14   3   0  18   0   0   4   4   0   0  38  0.84 inf
   81 P   -4 -5 -4 -3 -6 -3 -1 -5 -6 -6 -6 -3 -4 -6  8 -4 -4 -7 -6 -5    1   0   1   2   0   1   4   1   0   0   0   1   0   0  86   1   1   0   0   1  2.64 inf
   82 R   -1  1 -1  3 -4  2  2 -3  0 -3  0  1 -2 -3  0  0  1 -4 -2 -2    5   8   2  16   0  11  16   1   2   1  11   8   0   1   3   5   9   0   1   2  0.25 inf
   83 P   -3 -2  2  3 -5 -1  5  1 -1 -5 -5  0 -3 -3 -3 -1  0 -5 -2 -3    1   1   9  18   0   1  39  10   1   0   0   5   0   1   1   2   6   0   2   1  0.72 inf
   84 G   -2  0 -3  0 -5  0  1  6 -2 -4 -5 -1 -5 -5 -1 -2 -2 -5 -4 -2    2   5   0   5   0   5  10  57   1   1   0   3   0   0   4   1   3   0   0   3  0.93 inf
   85 T   -1 -1 -1  1 -3  0  2 -3 -2  0 -2 -1 -2 -2 -1  2  3 -4  0  1    4   3   1   6   0   3  15   0   0   6   2   3   0   2   3  17  20   0   3  10  0.23 inf
   86 T   -2 -5 -4 -5  4 -4 -4 -5 -3  3  0 -4 -2 -2  0 -3  4 -4  2  3    1   0   0   0  10   0   0   0   0  15   7   0   0   1   4   0  28   0   9  22  0.68 inf
   87 E    0  0 -2 -2 -2 -1  1 -2  1  1 -2  1  0 -3 -2  0  3  0 -1  2    6   5   0   2   0   1   9   2   4   7   2   8   2   0   1   7  19   2   1  21  0.19 inf
   88 V   -5 -6 -7 -7 -5 -6 -7 -7 -4  2 -1 -6 -2  8 -7 -6 -4  5  0  3    0   0   0   0   0   0   0   0   0   9   4   0   1  57   0   0   0   7   1  20  1.70 inf
   89 K   -3 -1  4  4 -5  1  2 -4  4 -4 -5  0 -4 -4 -2 -2  1 -5 -2 -3    1   3  22  23   0   5  12   0  11   0   0   6   0   0   2   2  10   0   1   2  0.68 inf
   90 D   -6 -6 -3  9 -8 -5 -3 -6 -6 -8 -8 -5 -8 -8 -6 -5 -6 -9 -8 -8    0   0   0 100   0   0   0   0   0   0   0   0   0   0   0   0   0   0   0   0  3.07 inf
   91 E    0 -1 -4 -3 -4 -1  1 -2  0  2  3 -2  5 -2 -4 -3 -3 -4 -2  0    8   3   0   1   0   2  10   2   2  12  36   2  15   1   0   1   0   0   1   5  0.45 inf
   92 L   -4 -6 -7 -7 -2 -6 -6 -7 -7  5  1 -6 -2 -4 -6 -5 -4 -6 -5  5    0   0   0   0   1   0   0   0   0  38  13   0   0   0   0   0   0   0   0  48  1.46 inf
   93 R   -5  7 -4 -5 -7 -1 -4 -6  1 -6 -4  3 -5 -1 -6 -4 -5 -5  4 -6    0  57   0   0   0   2   0   0   3   0   2  16   0   3   0   0   0   0  17   0  1.59 inf
   94 G   -4 -5 -3 -2 -7 -6 -5  8 -6 -8 -8 -5 -7 -7 -6 -4 -6 -7 -7 -7    0   1   1   2   0   0   0  96   0   0   0   1   0   0   0   0   0   0   0   0  2.54 inf
   95 V   -3  2 -1  3 -5 -1  4 -4  3 -3 -5  1 -3 -5  2 -1  0  1 -3 -3    1  10   2  17   0   1  26   0   6   1   0   9   0   0  11   3   7   2   1   1  0.55 inf
   96 V   -4 -6 -4 -6 -4 -4 -6 -6 -6  6 -1 -5  1 -2 -6 -5  0 -6 -3  5    0   0   1   0   0   1   0   0   0  44   3   0   3   2   0   0   5   0   1  40  1.31 inf
   97 V    0  0 -2 -2 -2  0  3 -2  0 -3 -4 -1 -2 -4 -3  2  3 -3 -4  0    5   5   0   1   1   3  25   3   2   1   0   3   1   0   0  19  23   0   0   8  0.48 inf
   98 Y   -4 -5 -6 -6 -5 -2 -6 -6 -2  3 -1 -3 -1  7 -6 -5 -3  4  0  2    1   0   0   0   0   2   0   0   1  17   3   2   1  50   0   0   1   5   1  16  1.31 inf
   99 D    0 -2  3  4 -5  1  3 -3 -1 -5 -4  1 -4 -5  2  1 -2 -6 -4 -5    6   1  13  24   0   5  17   0   1   0   1  10   0   0  11   9   2   0   0   0  0.58 inf
  100 N    0 -2  5 -2 -1 -3 -2 -2 -1 -5 -3 -3 -4 -4 -1  2  2  6 -1 -2    8   2  34   1   2   0   2   1   1   0   2   1   0   0   3  17  12  10   2   2  0.75 inf
  101 Q    1 -1  2  3 -4  1  2  1 -2 -4 -4  1 -2 -5 -1  2 -1 -5 -4 -4   13   3   9  18   0   6  11   9   1   0   0   7   1   0   2  17   3   0   0   0  0.38 inf
  102 E   -1 -2  0  2 -4  1  4 -1 -3 -1 -1 -1  0 -3 -3  0  2 -5 -4 -1    4   1   5  10   0   6  29   4   0   4   6   2   2   1   0   7  14   0   0   3  0.33 inf
  103 I   -4 -5 -5 -5 -3 -3 -3 -6 -5  4  4 -5  2  1 -5 -4 -3 -4 -1  3    0   0   0   0   0   1   2   0   0  21  42   0   4   4   0   1   0   0   1  21  0.85 inf
  104 P   -4 -4 -2  7 -7 -1  0  3 -5 -7 -7 -4 -6 -7  2 -3 -4 -7 -5 -7    0   0   1  57   0   2   5  22   0   0   0   0   0   0  11   1   0   0   0   0  1.47 inf
  105 D   -3 -6 -3  8 -3 -5 -1 -6 -5 -7 -6 -5  1 -8 -6 -4 -5 -8 -7 -7    3   0   0  90   1   0   2   0   0   0   0   0   4   0   0   0   0   0   0   0  2.55 inf
  106 V   -4 -3 -4 -5 -5  4 -3 -5 -2 -2  1  1  2  5  1 -2 -4  3  2 -3    0   0   0   0   0  20   1   0   1   1  15   9   5  28   7   2   0   3   7   0  0.71 inf
  107 V   -2 -6 -7 -7 -5 -6 -6 -3 -7  6 -2 -6 -3 -4 -6 -5 -4 -6 -5  6    2   0   0   0   0   0   0   3   0  38   0   0   0   0   0   0   0   0   0  57  1.66 inf
  108 L   -5 -6 -7 -7 -5 -6 -7 -7 -7  6  5 -6 -1 -3 -6 -6 -4 -6 -5 -1    0   0   0   0   0   0   0   0   0  48  50   0   1   0   0   0   0   0   0   2  1.61 inf
  109 L   -1  1 -4 -5 -1  0 -4 -5 -4  2  3 -3  4  0 -5 -3 -2 -2  0  2    6   8   0   0   1   5   0   0   0  14  27   0  13   4   0   0   2   0   4  17  0.48 inf
  110 K   -5  6 -4 -5 -7 -3 -3 -6 -4 -7 -6  7 -5 -7 -5 -4 -5 -7 -6 -6    0  38   0   0   0   0   0   0   0   0   0  62   0   0   0   0   0   0   0   0  2.08 inf
  111 S    2  0 -3 -4 -4 -2 -3 -1 -4 -5 -5 -1 -4 -6 -1  5  2 -6 -5 -4   17   6   0   0   0   1   1   3   0   0   0   4   0   0   2  54  12   0   0   0  0.97 inf
  112 D   -6 -5  3  8 -7 -4 -2 -5 -5 -7 -8 -5 -7 -8 -6 -2 -4 -8 -7 -7    0   0  14  82   0   0   1   0   0   0   0   0   0   0   0   2   1   0   0   0  2.36 inf
  113 G   -4 -6 -3 -3 -7 -4 -3  7 -6 -8 -8 -6 -7 -7 -6 -4 -6 -7 -7 -7    0   0   0   1   0   1   2  95   0   0   0   0   0   0   0   0   0   0   0   0  2.48 inf
  114 Y   -1 -4 -3 -1 -4 -1 -3 -4  0  1  1 -3  5  4 -4  0  1 -2  2 -1    3   0   1   3   0   3   0   0   2   8  10   0  21  17   0   8  11   0   8   3  0.45 inf
  115 P   -4 -7 -7 -6 -8 -6 -6 -7 -7 -8 -8 -6 -7 -8  9 -5 -6 -9 -8 -7    1   0   0   0   0   0   0   0   0   0   0   0   0   0  99   0   0   0   0   0  3.45 inf
  116 T   -4 -5 -4 -5 -5 -5 -5 -6 -6 -5 -5 -5 -5 -6 -5 -3  8 -7 -6 -4    0   0   0   0   0   0   0   0   0   0   0   0   0   0   0   0 100   0   0   0  2.66 inf

                      K         Lambda
Standard Ungapped    0.1369     0.3127
Standard Gapped      0.0667     0.2670
PSI Ungapped         0.2197     0.3156
PSI Gapped           0.0667     0.2670
