
Last position-specific scoring matrix computed, weighted observed percentages rounded down, information per position, and relative weight of gapless real matches to pseudocounts
           A  R  N  D  C  Q  E  G  H  I  L  K  M  F  P  S  T  W  Y  V   A   R   N   D   C   Q   E   G   H   I   L   K   M   F   P   S   T   W   Y   V
    1 V   -3 -4 -5 -5 -3 -3 -5 -5 -4  4  2 -4  8 -2 -5 -4 -3 -4 -3  2    0   0   0   0   0   0   0   0   0  25  17   0  46   0   0   0   0   0   0  11  1.15 inf
    2 K    0 -1  2 -1 -3  1  0 -2 -2 -3 -2  2 -2 -4  4  1  2 -4 -3 -2    5   1  10   1   0   9   6   1   0   0   4  13   0   0  20  11  18   0   0   1  0.41 inf
    3 I   -2 -4 -5 -5 -2 -4 -5 -4 -5  5  0 -4  0 -1 -2 -3 -2 -5 -3  5    1   0   0   0   1   0   0   1   0  35   6   0   1   1   2   1   1   0   0  50  0.89 inf
    4 V   -1  2  0 -1 -3  2  1 -3  0 -1  1  2  0 -3  0  0  0 -3 -2  0    1  13   3   2   0  13  11   0   3   3  18  13   1   0   3   6   5   0   0   7  0.17 inf
    5 T   -2  2 -1 -1 -3 -1 -1 -3 -2  0 -3  0 -2 -4 -3  1  5 -4 -3  0    1  12   1   3   0   2   3   0   0   5   1   4   0   0   0   8  54   0   0   5  0.63 inf
    6 V   -2 -2 -5 -5 -3 -2 -4 -5 -4  3  0 -2 -1 -1 -4 -4 -2 -4 -1  6    0   2   0   0   0   2   0   0   0  19   5   2   0   1   0   0   1   0   1  67  0.95 inf
    7 K    1 -2 -3 -1 -4  2  0 -3 -3 -3 -3  0 -3 -4  6  1 -1 -5 -3 -1   11   1   0   2   0   9   7   0   0   0   2   6   0   0  44  11   2   0   1   4  0.86 inf
    8 T   -2 -4 -2 -1 -3 -3 -3 -4 -4 -1 -3 -2 -2 -2 -4 -1  7 -5 -4 -1    1   0   1   3   0   0   1   0   0   3   1   1   0   2   0   2  83   0   0   2  1.36 inf
    9 K    2  0 -1 -2 -3  1 -1 -2 -2 -2 -2  2 -2 -4 -3  1  3 -4 -3  0   25   4   1   0   0   8   1   1   0   1   1  19   0   0   0   7  26   0   0   8  0.36 inf
   10 A    0 -5 -5 -4 -5 -4 -4 -2 -5 -3 -5 -4 -5 -6  8 -2 -2 -6 -1 -4    9   0   0   0   0   0   0   2   0   1   0   0   0   0  82   1   1   0   2   1  2.21 inf
   11 Y   -2 -5 -2 -5  2 -4 -5 -5 -2  2 -2 -5 -2  6 -5 -4 -4 -1  7 -2    3   0   2   0   5   0   0   0   0  15   0   0   0  36   0   0   0   0  37   1  1.25 inf
   12 P    0 -1  0  1 -4  1  4 -2  1 -3 -2 -1 -2 -4  2  0  0 -4 -1 -3    6   1   2   8   0   5  36   2   3   0   3   1   1   0  12   7   7   0   2   0  0.43 inf
   13 D   -3 -4 -1  7 -6 -3 -2  4 -1 -6 -6 -3 -5 -6 -4 -3 -4 -6 -3 -6    0   0   1  61   0   0   0  36   1   0   0   0   0   0   0   0   0   0   1   0  1.48 inf
   14 Q   -3  3 -3 -3 -5  8  1 -4 -2 -5 -3 -1  0 -5 -4 -2 -3 -5 -4 -2    0  13   0   0   0  73   5   0   0   0   2   0   2   0   0   2   0   0   0   2  1.51 inf
   15 K   -3  4 -2 -3 -6 -1 -2 -4 -3 -4 -5  7 -3 -6 -4 -2 -2 -6 -4 -5    1  23   1   0   0   1   0   0   0   1   0  71   0   0   0   1   1   0   0   0  1.46 inf
   16 P   -1 -3 -5 -4 -5 -4 -4 -5 -5 -4 -4 -4  0  2  8 -3 -1 -5 -4 -2    6   1   0   0   0   0   0   0   0   0   1   0   2   9  74   0   4   0   0   3  1.92 inf
   17 G    0 -5 -3 -4 -5 -4 -5  7 -5 -6 -6 -4 -5 -6 -5 -3 -4 -5 -5 -5    6   0   0   0   0   0   0  91   0   0   0   0   0   0   0   0   0   0   0   0  2.03 inf
   18 T   -3 -4 -3 -4  0 -4 -4  0 -4 -4 -4 -4 -4 -5 -4 -1  7 -5 -4 -3    0   0   0   0   2   0   0   7   0   0   0   0   0   0   0   2  85   0   0   0  1.69 inf
   19 S   -2 -3 -1 -3 -4 -3 -3  1 -4 -5 -5 -1 -4 -4 -4  6 -2 -2 -4 -5    0   1   1   0   0   0   0  12   0   0   0   4   0   1   0  79   0   1   0   0  1.39 inf
   20 G   -3 -5  0 -4 -5 -4 -5  7 -5 -4 -6 -1 -5 -6 -5 -3 -4 -5 -6 -3    0   0   4   0   0   0   0  87   0   1   0   4   0   0   0   0   0   0   0   2  1.86 inf
   21 L   -4 -4 -4 -5 -4 -4 -4 -5  6 -2  5 -4  2 -2 -5 -4 -4 -4 -3 -2    0   0   0   0   0   0   0   0  21   0  70   0   4   1   0   0   0   0   0   0  1.29 inf
   22 R   -4  8 -4 -5 -6 -2 -3 -5 -3 -6 -5 -1 -4 -5 -3 -4 -4  0 -4 -5    0  92   0   0   0   0   0   0   0   0   0   0   0   0   1   0   0   2   0   0  2.29 inf
   23 K   -3  2 -2 -3 -5 -1 -1  2 -3 -5 -5  6 -4 -5 -4 -1 -3 -5 -4 -4    0  11   1   0   0   1   3  18   0   0   0  61   0   0   0   3   0   0   0   1  1.13 inf
   24 R    0  1 -2 -3 -4 -1 -2 -3 -3 -4 -3  5 -3 -5  2  3  0 -5 -4 -4    6   7   1   0   0   1   0   1   0   0   3  42   0   0  10  24   4   0   0   0  0.71 inf
   25 V    1 -4 -3 -4 -3 -4 -4 -4 -4 -1 -1 -4 -2 -4 -2  1  4 -5 -4  5   10   0   0   0   0   0   0   0   0   1   6   0   0   0   1   9  29   0   0  42  0.75 inf
   26 K    0  1  0 -2 -3  0 -1  0 -1 -2  0  3 -2 -2  2  0  1 -3 -1 -2    7   6   4   1   0   2   3   7   1   1  12  24   0   1   9   8  11   0   2   1  0.18 inf
   27 V    1 -2 -3 -2 -2  0 -1 -3 -1  1  1 -2 -1 -2 -3 -2  0 -3 -1  5   12   1   1   1   0   4   5   1   2   3  10   2   0   1   1   1   4   0   2  47  0.40 inf
   28 F   -2 -4 -4 -4 -4 -4 -4 -4 -3 -2 -2 -4 -1  8 -4 -4 -3  1  1 -1    4   1   1   1   0   1   1   1   0   2   1   1   1  74   1   1   1   2   2   4  1.68 inf
   29 Q   -1  1 -2 -2 -3  5  2 -2 -2 -1 -2  1  4 -1 -2 -1  0 -3 -2 -2    4   6   1   1   0  31  15   2   0   3   3   7  13   3   1   2   4   0   1   2  0.46 inf
   30 S   -1 -1  2  0 -4  6  2  1 -1 -4 -4 -1 -3 -4 -3  0 -1 -4 -3 -3    3   2  10   4   0  43  10  11   1   1   1   2   0   0   1   7   3   0   0   2  0.70 inf
   31 S   -1  1  0 -1 -3  2  2 -2 -1 -1 -2  1 -2 -3  5 -1 -1 -3 -3 -2    3   8   5   2   0  12  13   2   1   4   3   7   0   1  28   4   4   0   1   2  0.49 inf
   32 T    0  2  0  1 -1  0  0  1  2 -2 -1  1 -1 -1  1  0  0 -2 -1 -1    7  13   3  10   2   3   4  11   6   2   5   7   1   3   8   5   7   1   1   3  0.10 inf
   33 N   -2 -2  5 -1 -2 -2 -2 -2  7 -4 -4 -2 -3 -4 -3  1  1 -4 -1 -4    3   1  33   1   1   1   1   2  31   1   1   1   0   0   1  12   9   0   1   1  1.03 inf
   34 Y   -5 -5 -3 -6 -5 -5 -5 -6 -2 -1 -4 -5 -4  5 -6 -5 -5 -1  9 -4    0   0   1   0   0   0   0   0   0   3   0   0   0  19   0   0   0   0  74   0  2.31 inf
   35 A   -1 -3  3 -3 -3 -3 -3 -4 -3 -1  4 -3  0 -2 -2 -1  2 -4 -3  0    6   0  18   0   0   0   0   0   0   2  48   0   1   0   1   3  15   0   0   4  0.56 inf
   36 E    1 -2 -1 -2 -5  0  6 -3  0 -5 -5  0 -4 -5  1 -3 -3 -5 -4 -4   12   1   2   0   0   3  64   1   2   0   0   5   0   0   8   0   0   0   0   0  1.17 inf
   37 N    0 -3  7 -1 -3 -2 -2 -1  0 -3 -5  0 -4 -5 -2  0 -1  0 -4 -4    7   0  62   2   1   0   1   3   2   1   1   4   0   0   2   7   3   1   0   1  1.13 inf
   38 F   -4 -4 -4 -5 -5 -4 -5 -5  5 -3 -3 -5 -3  8 -5 -4 -4  3  3 -4    1   0   0   0   0   0   0   1  16   0   1   0   0  66   0   1   0   4   7   0  1.86 inf
   39 I   -3 -5 -5 -5 -3 -5 -5 -5 -5  6  0 -5 -1 -2 -5 -2 -3 -5 -4  5    1   0   0   0   0   0   0   0   0  51   4   0   0   1   0   4   0   0   0  37  1.21 inf
   40 Q   -2 -1 -2 -4 -6  8  1 -5 -3 -5  1 -2 -3 -5 -5 -2 -1 -5 -3 -3    3   2   1   0   0  64   8   0   0   0  14   0   0   0   0   2   3   0   1   1  1.41 inf
   41 S    5 -4 -3 -4  2 -4 -4 -2 -4 -5 -5 -4 -4 -5 -4  5  0 -6 -5 -4   45   0   0   0   4   0   0   1   0   0   0   0   0   0   0  44   4   0   0   0  1.19 inf
   42 I   -2 -5 -3 -5 -4 -5 -5 -5 -5  6  1 -5  1 -3 -5 -3  2 -5 -1  2    2   0   1   0   0   0   0   0   0  54   9   0   2   0   0   2  12   0   2  14  0.99 inf
   43 I    0 -4 -5 -5  0 -4 -5 -5 -2  0  3 -4  1  6 -5 -3 -1  0  1 -2    7   0   0   0   2   0   0   0   1   4  26   0   4  41   0   2   5   1   4   2  0.86 inf
   44 S   -2  0  3  4 -2  3  1 -2 -2 -4 -2 -1 -3 -3 -3  2 -1 -5 -4 -4    1   4  15  28   1  17   7   2   0   0   4   3   0   1   0  15   2   0   0   0  0.59 inf
   45 T    4 -2 -2 -3  1 -3 -1 -1 -4 -2 -4 -3 -3 -4 -3  3  2 -4 -2 -1   42   1   2   0   3   0   3   3   0   1   0   0   0   0   0  24  14   0   1   4  0.66 inf
   46 V   -1 -4 -3 -4 -3 -3 -2 -3 -1  5  3 -4  0 -1 -4 -3  0 -4 -1  2    5   0   1   0   0   1   2   2   2  37  26   0   1   2   0   1   5   0   2  13  0.58 inf
   47 E    0  0  0  2  0  0  2  1  0 -2 -3 -2 -3 -4  3  0 -1 -4 -2 -1    8   5   3  14   2   3  16  13   2   2   2   1   0   0  14   5   3   0   2   4  0.27 inf
   48 P    0 -1 -1  1 -2  0  1  2 -1 -3  0 -1 -1 -3  3 -1 -2 -4 -1 -2    8   3   2   9   1   3  11  20   1   0  11   4   1   0  14   4   1   0   3   2  0.24 inf
   49 A    1  1 -1  0  0  0  2 -2  0 -1 -1  1 -1  0 -1  0  0 -3  0  1   12  11   3   4   2   3  17   2   2   2   4   7   1   4   2   5   4   0   3  12  0.09 inf
   50 Q    0  2  1  3 -4  1  2  1 -1 -4 -3  2 -3 -4 -3 -1 -1 -4 -2 -3   10  11   5  15   0   7  15  12   1   0   2  12   0   0   0   2   2   0   2   2  0.33 inf
   51 R    1  2 -1 -3 -1 -1 -2  2  0 -1  0  0  0  0 -1 -1 -2 -3  0  0   13  15   2   0   2   3   0  19   3   4  10   7   2   4   2   3   0   0   3   6  0.14 inf
   52 Q   -1  1 -1 -1  0  4  1  0 -1 -1 -4  3 -3 -3  0 -1 -1 -4 -4 -1    5   7   3   2   2  23   9   6   1   5   1  21   0   1   4   3   3   0   0   5  0.38 inf
   53 E   -2 -3  1  1 -4  0  0  5  0 -3 -4 -1 -4 -4  1 -2 -3 -4 -4 -3    2   1   7   9   0   4   5  50   2   2   1   3   0   0   7   1   1   0   0   2  0.81 inf
   54 A    0  0  1  0  2  1  0  0  2  0 -1  0  1 -2 -2  0  0 -3  1  0    6   6   6   6   6   6   6   6   6   6   6   6   6   0   0   6   6   0   6   6  0.05 inf
   55 T   -1 -2 -2 -3 -1 -2 -2 -1 -2  1  0 -2  0 -1  1  0  4 -3  1  1    1   2   1   0   1   1   1   4   1   8   9   2   2   2   8   3  40   0   6   8  0.32 inf
   56 L   -1 -2 -3 -3  0  0 -2 -4 -3  1  4 -2  2  0 -3 -1  1 -2 -1  1    1   0   0   0   3   7   0   0   0   8  53   0   4   2   0   2  13   0   1   6  0.33 inf
   57 V   -1 -3 -3 -3  0 -3 -3  1 -3  1  0 -3  0  2 -3 -2 -1 -2  1  4    2   0   0   0   2   0   1  15   0   4   4   1   2  15   0   1   1   0   3  48  0.27 inf
   58 V   -1 -3 -3 -3 -2 -2 -3  0 -3  2  2 -3  1 -1 -3 -2 -1 -3 -2  3    1   0   0   0   0   0   1   8   0  14  26   1   3   0   0   1   1   0   0  42  0.33 inf
   59 G    0 -3 -1  1 -3 -2 -2  6 -2 -4 -4 -2 -3 -3 -2  0  0 -3 -3 -3    5   0   0   9   0   0   1  68   0   0   1   1   0   0   0   4   8   0   0   1  0.82 inf
   60 G    0  0 -1 -2 -2 -1 -1  4  1 -2 -3  1 -1 -2 -2  1  1 -2  0 -2    5   6   0   0   0   0   1  41   4   3   1  11   2   0   0  12   9   0   4   1  0.33 inf
   61 D   -2 -2  0  6 -3 -1  1 -1 -2 -3 -3  1 -3 -3 -2 -1 -2 -4 -3 -3    1   1   1  71   0   1   4   4   0   1   2   8   0   1   1   1   1   0   1   1  0.89 inf
   62 G   -1  0  0 -1 -2 -1 -2  5 -2 -3 -3 -1 -2 -3 -2  0  2 -3 -3 -2    1   5   5   1   0   1   1  53   0   1   2   1   0   1   1   4  22   0   1   1  0.55 inf
   63 R   -3  6 -1 -2 -5  0  1 -2  5 -4 -4  0 -3 -4 -3 -2 -1 -4 -2 -4    0  63   0   0   0   0   9   3  23   0   0   0   0   0   0   0   3   0   0   0  0.96 inf
   64 F    1 -3 -4 -4 -4 -3 -4 -3  1  0 -2  0 -2  4 -4 -3 -2  1  7 -2   17   0   0   0   0   0   0   1   3   6   0   6   0  17   0   0   1   1  47   0  0.95 inf
   65 Y   -3 -4 -4 -5 -4 -4 -4 -1  1 -1  2 -4  2  6 -5 -4 -3  1  5 -2    0   0   0   0   0   0   0   6   3   1  23   0   7  39   0   0   0   1  20   0  0.85 inf
   66 M   -1 -3  5 -1  0 -2 -2 -1 -2 -3 -3 -2  1 -4 -3  4  0 -5 -4  0    1   0  38   0   3   0   1   3   0   0   1   0   4   0   0  41   2   0   0   8  0.73 inf
   67 K   -1  3 -1  1 -4  0  2 -2  2 -3 -3  2 -2 -3  0  0 -1 -4 -2 -3    4  25   1   8   0   1  18   1   8   1   1  14   0   1   5   9   3   0   0   1  0.36 inf
   68 E    1  0 -1  0 -4  1  4 -3 -1 -2 -3  0 -2 -4  3 -1  1 -4 -3 -1   12   3   2   4   0   6  34   0   1   1   0   3   1   0  14   1  10   0   0   6  0.44 inf
   69 A    5 -3 -4 -4 -2 -3 -1 -2 -4  0 -2 -3 -2  0 -3 -1 -1 -4 -2  2   64   0   0   0   0   0   4   1   0   4   2   0   0   4   0   2   1   0   1  18  0.71 inf
   70 I    0 -3 -4 -4 -1 -2 -3 -4 -3  4  1 -3  1  1 -4 -2 -1  0 -1  3   11   1   0   0   1   2   1   0   1  40   7   0   3   8   0   2   1   1   1  20  0.45 inf
   71 Q   -1  0  1  1 -3  5  2 -3  0 -1 -3  0 -2 -3 -3 -1  0 -4 -2 -2    5   5   7   6   1  43  12   1   1   6   1   2   0   1   0   2   7   0   1   2  0.54 inf
   72 L   -1 -1 -2 -3 -2 -1 -1 -3 -3  3  1  1 -1 -2 -3  1  2 -4 -3  1    2   3   0   0   0   1   3   0   0  25  15  11   0   0   0  14  15   0   0  11  0.24 inf
   73 I    1 -4 -4 -4 -2 -3 -4 -3 -4  5  0 -3  0 -2 -4 -3 -1 -4 -3  4   12   0   0   0   0   0   0   2   0  51   2   0   1   0   0   0   2   0   0  26  0.74 inf
   74 V    1 -3 -3 -3  0 -3 -3  0 -3  3  3 -3  1  1 -3 -2 -1 -3 -2  2   13   0   0   0   2   0   0   7   0  22  31   0   1   5   0   2   2   0   0  12  0.28 inf
   75 R   -1  4  0 -1 -4  3  3 -2 -1 -4 -3  3 -3 -4  0  0 -2 -4 -3 -3    3  24   4   0   0  14  19   2   1   0   1  23   0   0   3   4   0   0   0   0  0.54 inf
   76 I   -2 -3 -4 -4 -2 -3 -3 -4 -3  4  2 -3  5 -1 -3 -3 -2 -3 -2  3    1   0   0   0   0   0   1   1   0  28  20   1  25   0   0   1   1   0   0  20  0.60 inf
   77 A    4 -3 -2 -3  2 -2 -2  1 -3 -2  1 -2  0  0 -2  0 -1 -3 -2 -1   51   0   0   0   5   0   1  10   0   0  15   1   2   6   0   4   2   0   0   1  0.37 inf
   78 A    4 -2 -2 -2  1  1  1 -1 -2 -1 -1 -2 -1 -1 -2  0  0 -3  0  0   46   0   0   0   4   9   8   2   0   3   6   0   0   2   0   2   5   0   4   7  0.29 inf
   79 A    5 -2 -2 -3 -2 -2 -2  2 -3 -3 -3  1 -3 -4 -3  2 -2 -4 -3  0   54   0   0   0   0   0   0  15   0   0   0  10   0   0   0  13   0   0   0   8  0.61 inf
   80 N   -2  0  7  0 -4  0 -1 -1  2 -5 -4 -1  0 -4 -4  0  0 -5  0 -4    3   4  62   3   0   3   3   3   5   0   0   3   3   0   0   3   4   0   3   0  0.94 inf
   81 G   -1 -1  1 -1 -4  0 -1  5  0 -4 -1  0 -3 -4 -3  1 -2 -4 -3 -3    3   3   6   3   0   3   3  49   3   0  10   7   0   0   0  10   0   0   0   0  0.53 inf
   82 I    0 -4 -4  0 -3 -4 -4 -5 -4  2  0 -4 -1  2 -4 -3 -2  4  2  5    8   0   0   6   0   0   0   0   0  10   8   0   0  10   0   0   0   6   6  45  0.61 inf
   83 G    1  2  0  0  1  1  0  3  1 -3 -2  1 -2 -3 -2  0  0 -3 -3 -1   13  12   4   4   3   5   4  24   4   0   4   7   0   0   0   8   4   0   0   4  0.21 inf
   84 R   -1  4 -1 -1  0  0  0 -2  1 -1 -2  3 -2 -3 -3 -1 -1 -4  1  1    3  22   2   2   2   3   4   3   3   2   3  26   0   0   0   2   2   0   6  12  0.33 inf
   85 L   -1 -1 -5 -5  1 -4 -4 -5 -4  3  2 -4  3  0 -4 -3 -2 -4 -3  4    5   3   0   0   3   0   0   0   0  18  17   0   9   3   0   0   0   0   0  42  0.65 inf
   86 V   -2 -2 -4 -5 -3 -3 -4 -5  0  4  2 -2  2  0 -4 -4 -2  5  0  3    2   2   0   0   0   0   0   0   3  31  19   3   4   3   0   0   0   9   3  21  0.58 inf
   87 I   -1 -3 -3  0 -3  2 -2 -4 -4  2  0 -3  1 -1 -4 -2  0 -4 -3  4    4   0   0   8   0  12   0   0   0  13   8   0   3   2   0   0   4   0   0  46  0.45 inf
   88 G    0 -3 -2 -1 -4  0  0  5 -3 -4 -3 -2 -4 -5  1  0  0 -4 -4 -4    8   0   0   3   0   6   6  58   0   0   2   0   0   0   6   5   6   0   0   0  0.81 inf
   89 Q   -2  3  2  1 -3  6  0 -3  1 -3 -3  2 -3 -5 -3 -2 -1 -4 -2 -3    1  13   8   6   1  40   4   1   3   1   1  13   0   0   0   1   4   0   1   1  0.68 inf
   90 N   -2 -2  6  3 -3 -2  0  3  1 -5 -5 -2 -4 -5 -4 -1 -2 -5 -3 -5    2   1  48  18   0   0   4  19   3   0   0   1   0   0   0   2   1   0   1   0  0.97 inf
   91 G   -1 -2 -3 -1 -5 -4 -3  7 -4 -4 -6 -4 -5 -6 -3 -1 -3 -5 -6 -5    3   2   0   3   0   0   2  85   0   1   0   0   0   0   1   3   1   0   0   0  1.66 inf
   92 I   -3 -4 -5 -5 -3 -4 -5 -5 -3  5  3 -4 -1  4 -5 -4 -3 -1  4  0    1   0   0   0   0   0   0   0   0  36  28   0   0  17   0   0   0   1  15   1  0.83 inf
   93 L   -2 -1 -4 -5  0 -3 -4 -5 -4 -1  4 -3  3  2 -4 -3  3 -3 -2 -1    2   3   0   0   2   0   0   0   0   1  48   0  10   8   0   0  24   0   0   2  0.66 inf
   94 S   -1 -4 -3 -3 -1 -3 -3 -3 -4 -4 -5 -3 -4 -5  5  6 -2 -6 -5 -1    3   0   0   0   1   0   0   0   0   0   0   0   0   0  28  63   0   0   0   5  1.28 inf
   95 T   -3 -4 -3 -4 -4 -4 -4 -5 -5 -4 -4 -4 -4 -5 -4  0  8 -6 -5 -3    0   0   0   0   0   0   0   0   0   0   0   0   0   0   0   5  95   0   0   0  2.03 inf
   96 P   -4 -5 -5 -5 -6 -2 -4 -6 -5 -6 -6 -4 -6 -7  9 -4 -4 -7 -6 -6    0   0   0   0   0   2   0   0   0   0   0   0   0   0  98   0   0   0   0   0  3.09 inf
   97 A    6 -4 -4 -4 -1 -3 -3 -1 -4 -2 -4 -3 -1 -5 -3  1 -2 -5 -4 -1   83   0   0   0   1   0   0   3   0   2   0   0   2   0   0   6   0   0   0   4  1.27 inf
   98 V    3 -4 -4 -1 -1 -3 -2 -2 -4  2 -1 -3  0 -3 -4 -2 -1 -5 -3  5   27   0   0   5   1   0   1   2   0  13   1   0   1   0   0   1   3   0   0  45  0.59 inf
   99 S   -2 -4 -2 -3 -4 -3 -3 -3 -4 -6 -6 -3 -5 -6 -4  7 -2 -6 -5 -5    0   0   0   0   0   0   0   0   0   0   0   0   0   0   0 100   0   0   0   0  1.98 inf
  100 C    2 -3  2 -3  4 -2 -3 -3  7 -4 -2 -3 -3 -2 -4 -1 -1  0  1 -4   23   0  13   0  11   0   0   1  37   0   5   0   0   1   0   2   2   1   5   0  0.90 inf
  101 I    3 -3 -4 -4 -2 -3 -3 -3 -4  2  2 -3  0 -2 -3 -1  0 -4  0  3   31   0   0   0   0   0   0   0   0  14  21   0   2   0   0   1   5   0   3  23  0.43 inf
  102 I   -4 -6 -6 -6 -4 -5 -6 -6 -6  8 -1 -5  0 -3 -5 -5 -3 -5 -4  1    0   0   0   0   0   0   0   0   0  92   0   0   1   0   0   0   0   0   0   5  1.87 inf
  103 R   -4  7 -3 -4 -5 -1 -3 -4 -3 -2  0  0 -3 -4 -4 -3 -3 -4 -4 -4    1  79   0   0   0   1   0   1   0   2  11   1   0   0   0   1   0   0   0   0  1.54 inf
  104 K   -1  1 -1 -2  0  1  1 -2  1 -2 -2  4 -2 -3 -2  0  1 -4 -3 -2    5   7   2   0   2   5  11   1   4   2   4  36   0   0   0   7  11   0   0   2  0.35 inf
  105 I   -2  4  0 -3 -2 -1 -1 -1  4  0 -2  0 -2 -1 -3 -1 -1 -1  4 -2    3  29   5   0   1   1   3   5  11   6   3   4   0   1   0   4   2   0  20   2  0.40 inf
  106 K   -2  0  3 -1 -3  1  1  2  1 -4 -3  4 -3 -4 -1 -1 -2 -4 -3 -3    1   2  16   1   0   7   6  20   3   0   1  36   0   0   2   1   1   0   0   1  0.50 inf
  107 A    5 -3 -3 -3  3 -2 -3 -2 -2  1  1 -2 -2 -3 -3 -1  0 -4 -3 -1   58   1   1   0   6   1   1   2   1   7  12   2   0   0   0   2   5   0   0   2  0.58 inf
  108 I    2 -1  1  1 -2  0 -1 -1  0  1  0 -1 -1  2 -3  0  1 -2  0 -1   21   2   8   8   1   4   2   2   2  10   9   1   0  10   0   3  12   0   4   2  0.09 inf
  109 G    1 -2  0  2 -2 -1 -1  2 -1 -2 -1 -1 -1  2 -1  0 -1 -1  0 -1   22   1   1  21   0   1   1  21   0   1   2   1   0  21   1   1   1   0   1   1  0.16 inf
  110 G    0 -2  2 -1 -3 -2 -2  6 -2 -4 -4 -2 -3 -3 -3 -1 -2 -3 -3 -3    5   0  14   0   0   0   1  72   0   0   1   1   0   0   0   2   1   0   0   1  0.94 inf
  111 I   -2 -3 -3 -3 -2 -3 -3 -4 -3  5  2 -3  1  2 -3 -3 -1 -2 -1  2    1   0   0   0   0   0   1   1   0  56  18   1   1  11   0   1   1   0   0   7  0.47 inf
  112 I   -1 -3 -2 -3 -2 -2 -3 -3 -3  4  1 -2  1 -1 -3  1 -1 -3 -2  3    1   0   2   0   0   0   1   1   0  47   7   1   3   0   0  15   1   0   0  21  0.33 inf
  113 L   -2 -3 -3 -4  4 -3 -3 -3 -3  2  4 -3  2  0 -3 -2 -1 -2 -2  1    1   0   0   0  14   0   1   1   0  16  51   1   6   1   0   1   1   0   0   5  0.43 inf
  114 T   -1 -2 -1 -2 -2 -1 -2 -2 -2  1 -2 -1 -1 -2 -2  3  5 -3 -2 -1    1   0   0   0   0   0   1   1   0  14   1   1   0   0   0  28  51   0   0   1  0.47 inf
  115 A    4 -2 -2 -2 -2 -2 -2 -1 -2 -2 -3 -2 -2 -3  5  0 -1 -3 -3 -2   62   0   0   0   0   0   1   1   0   0   1   1   0   0  30   1   1   0   0   1  0.80 inf
  116 S    0 -2 -1 -2 -2 -2 -2 -2 -2 -3 -3 -2 -3 -2 -2  6  0 -2  3 -3    0   0   0   0   0   0   0   0   0   0   0   0   0   0   0  81   0   0  15   0  0.89 inf
  117 H   -3 -2  0 -3 -4 -1 -2 -4  9 -4 -3 -2 -3  3 -4 -3 -3 -3  0 -4    0   0   2   0   0   0   0   0  79   0   0   0   0  15   0   0   0   0   0   0  1.71 inf
  118 N   -3  2  7  0  2 -1 -2 -2 -1 -4 -4 -1 -3 -4 -3  0 -1 -4 -3 -4    0  15  74   0   5   0   0   0   0   0   0   0   0   0   0   3   0   0   0   0  1.09 inf
  119 P   -2 -3 -3 -3 -4  2 -2 -4 -3 -4 -4 -2 -4 -5  8  0 -2 -5 -4 -4    2   0   0   0   0  14   1   0   0   0   1   0   0   0  75   6   0   0   0   0  1.83 inf
  120 G    0 -2 -1 -2 -2 -2 -2  5 -2 -2 -2 -2  3 -2  0 -1 -2 -2 -2 -2    6   1   1   1   0   1   2  57   1   1   2   1  14   1   4   2   1   0   1   2  0.63 inf
  121 G   -1 -2 -1 -2 -3 -2 -2  6 -2 -3 -3 -2 -3 -3 -2 -1 -2 -2 -3 -3    2   1   1   1   0   1   2  77   1   1   2   1   1   1   1   2   1   0   1   2  1.06 inf
  122 P   -1 -2 -3 -2 -3 -2 -2 -3 -3  0 -2 -1 -2 -3  7 -2 -2 -3 -3  1    2   2   1   1   0   1   2   1   0   7   3   3   0   1  59   1   1   0   1  14  1.14 inf
  123 N   -2  3  1  3 -4  0  2  0  1 -4 -4  1 -3 -4  2 -1  0 -4 -3 -3    1  21   8  19   0   2  20   7   3   0   0   5   0   0   9   1   5   0   0   0  0.40 inf
  124 G    0 -2  2 -1 -3  0  3  4 -1 -4 -4 -1 -3 -3 -3 -1 -2 -3  1 -3    6   0  13   0   0   3  26  39   1   0   0   1   0   0   0   2   0   0   6   0  0.52 inf
  125 D   -2 -2  1  7 -4 -1  1 -1 -2 -3 -4 -2 -3 -3 -2 -1 -2 -3  1 -3    1   1   4  71   0   1   5   4   0   1   1   1   0   1   1   1   1   0   6   1  1.02 inf
  126 F   -3 -4  0 -4  1 -4 -4  1 -2 -1 -1 -4 -1  7 -4 -3 -3  3  1 -2    1   0   5   0   3   0   0  14   0   1   3   0   1  63   0   0   0   4   0   1  0.89 inf
  127 G   -2 -4 -2 -3 -4 -4 -4  7 -4 -6 -6 -3 -5 -5 -4 -2 -3 -4 -5 -5    0   0   0   0   0   0   0 100   0   0   0   0   0   0   0   0   0   0   0   0  1.91 inf
  128 I   -2 -3 -3 -3 -2 -3 -3 -4 -3  5  1 -3  0  2 -3 -3 -2 -2  1  3    1   1   1   1   0   1   1   1   0  55   4   1   0  10   1   1   1   0   6  16  0.54 inf
  129 K   -2  1 -2 -2 -4  0 -1 -3 -2 -3 -3  7 -2 -4 -2 -2 -2 -4 -3 -3    1   1   1   1   0   1   1   1   0   1   1  88   0   0   1   1   1   0   0   1  1.18 inf
  130 F   -3 -3 -3 -4 -3 -3 -3 -4 -1  1 -1 -3 -1  5 -3 -3 -2  0  7 -1    1   1   1   1   0   1   1   1   0  10   4   1   0  23   1   1   1   0  50   4  0.92 inf
  131 N   -2 -2  7  0 -3 -1 -1 -2 -1 -4 -4  0 -3 -3 -3 -1 -1 -3  1 -3    1   1  75   2   0   1   2   1   0   1   1   4   0   0   1   2   1   0   6   1  1.11 inf
  132 I   -1 -2 -2  0  1 -1  0  0 -2  1  0 -2  1 -1  3 -1  0 -2  0  1    3   1   1   6   3   1   6   7   0  12  11   1   4   0  18   2   7   0   5  12  0.16 inf
  133 S    2 -1 -1 -1 -1  0  0  1  1 -2 -2 -1 -2 -3  3  2  0 -3 -2 -2   25   2   2   2   1   1   7   9   5   1   1   2   0   0  15  20   5   0   0   1  0.29 inf
  134 N   -1 -2  7  0 -3 -1 -1 -1  2 -3 -3 -1 -3 -1 -3  1 -1 -3 -2 -3    3   1  65   2   0   1   1   2   5   1   2   1   0   4   1   7   2   0   1   1  0.84 inf
  135 G   -2  2 -2 -3 -4 -3 -3  7 -3 -5 -5 -2 -4 -5 -4 -2 -3 -4 -5 -5    0  13   0   0   0   0   0  87   0   0   0   0   0   0   0   0   0   0   0   0  1.52 inf
  136 G    0 -3 -2 -2 -3  0 -1  6 -3 -4 -4 -2 -3 -4 -3  2 -2 -4 -4 -3    5   0   0   0   0   6   3  66   0   0   0   0   0   0   0  19   0   0   0   1  0.97 inf
  137 P    0 -2 -2 -2 -3  2  2  1 -2 -4 -4 -1 -3 -4  6  0 -2 -4 -3 -3    8   0   0   0   0  13  13  13   0   0   0   0   0   0  43   8   0   0   0   0  0.87 inf
  138 A    2 -2  1 -2 -2 -2 -2  0 -2  1 -1 -2 -1  2  0  0  0 -2 -1  0   34   0   9   0   0   0   0   5   0  13   0   0   0  13   5   5   5   0   0   5  0.14 inf
  139 P   -2 -3  1  1 -4 -1  0 -2 -3 -2  0 -2 -2 -3  6 -1 -1 -4  0  0    2   0   7   7   0   2   5   3   0   0  12   1   0   0  37   3   2   0   3   9  0.54 inf
  140 E   -1 -3 -1  3 -4 -1  4 -1 -2 -2 -4 -2 -4 -5  3  0  0 -5 -4 -3    5   0   2  16   0   0  37   3   0   2   0   0   0   0  16   6   6   0   0   0  0.56 inf
  141 A    1 -1  0  0 -2  0  1 -1  0 -1 -2  0 -1  0 -1  2  0 -3 -1  0   15   1   3   6   0   4   7   4   2   1   0   3   1   6   1  23   4   0   1  11  0.09 inf
  142 I    0 -3 -2 -4 -3 -1 -3 -4  2  2  1 -3  1  1 -4 -2 -1 -3  0  4   10   0   2   0   0   3   0   0   6  10  14   0   2   7   0   0   3   0   2  34  0.29 inf
  143 T   -2 -4 -3 -4  2 -3 -3 -4 -4 -1 -3 -3  2 -4 -4  1  7 -5 -4 -2    0   0   0   0   4   0   0   0   0   3   0   0   6   0   0   6  72   0   0   0  1.12 inf
  144 D   -1 -2  3  4 -4  1  2 -1 -2 -4 -5 -1 -4 -5 -3  1 -2 -5 -4 -4    3   1  18  31   0   6  15   3   0   0   0   1   0   0   0  12   1   0   0   0  0.56 inf
  145 K    3  0 -2 -1 -3  0  0 -2 -1 -1 -2  3 -2 -2 -3 -1 -1  2  2  0   29   5   1   3   0   2   4   0   1   5   1  21   0   0   0   1   2   3   8   5  0.18 inf
  146 I   -2 -5 -5 -5 -3 -4 -5 -5 -5  7  0 -2  1 -3 -5 -4 -1 -5 -4  2    2   0   0   0   0   0   0   0   0  69   4   3   3   0   0   0   2   0   0  10  1.04 inf
  147 F   -2 -4 -4 -4 -4 -2  1 -1  2 -3 -3 -3 -3  5 -4 -2 -3  3  6 -2    3   0   0   0   0   1  12   4   6   0   0   0   0  29   0   2   0   4  29   2  0.79 inf
  148 Q    1 -1 -1  2 -4  3  4 -2  1 -4 -3  1 -3 -4 -3 -1 -1 -4 -3 -2   15   1   1  11   0  13  29   2   3   0   1   8   0   0   0   2   3   0   0   2  0.37 inf
  149 I    0  3  1 -2  1 -1  0 -3  0  1  0  1 -1  0 -3 -1 -1 -3 -1  0    7  19   9   0   4   1   4   0   2  15   5   7   1   4   0   2   3   0   1   6  0.07 inf
  150 S    1 -1 -2  0 -3 -2 -2 -3 -3 -2 -4 -2 -3 -4 -3  4  4 -4  1 -1   13   3   0   4   0   0   0   0   0   1   0   0   0   0   0  35  27   0   5   3  0.50 inf
  151 K   -2  1  2 -2 -4  2  0 -3 -2 -3  1  4 -2 -4 -3 -2  1 -4 -3 -3    1   7  12   1   0   9   3   1   0   0  14  33   1   0   0   1   9   0   0   1  0.35 inf
  152 T    0  0  0 -1 -3  0  1 -2 -1 -1 -2  2 -2 -4 -3  1  3 -4 -3 -1    8   4   4   1   0   4  11   1   1   4   1  18   0   0   0   9  21   0   0   3  0.20 inf
  153 I   -3 -4 -5 -5 -3 -4 -4 -5 -5  5  3 -1  0 -2 -5 -4 -1 -4 -3  0    0   0   0   0   0   0   0   0   0  47  32   4   1   0   0   0   4   0   0   3  0.76 inf
  154 E   -1 -1 -1  1 -3  0  1 -2 -2 -2 -2  2 -2  0 -3  2  3 -4 -2 -2    2   2   1  10   0   2  10   1   0   2   4  14   0   4   0  18  20   0   1   1  0.19 inf
  155 E   -1  0 -1 -1 -4  1  4 -2  2 -3 -1 -1 -3  0 -3  2 -1 -4 -2 -2    2   3   1   1   0   6  34   1   6   1   5   1   0   5   0  18   3   0   0   2  0.33 inf
  156 Y   -4 -2 -4 -4 -5 -2  0 -3 -2  1 -1 -4 -3  2 -5 -4 -4  0  8 -3    0   2   0   0   0   2   8   2   0   8   5   0   0   7   0   0   0   1  56   0  1.19 inf
  157 A    0  2 -1 -3 -4  0 -2 -2  0 -1  0  4 -2 -2 -2 -1 -1 -1 -2 -1    7  11   2   0   0   4   0   2   3   4  13  40   0   2   1   3   2   1   1   5  0.36 inf
  158 I   -3 -3 -5 -5 -4 -3 -5 -6 -5  6  1 -3  2  0 -5 -4  2 -4 -1  0    0   1   0   0   0   1   0   0   0  59   9   2   6   4   0   0  13   0   2   2  0.95 inf
  159 C    2 -2 -3 -4  5 -3 -2 -3  1  1  0 -3 -1  0 -3  1  0 -1 -2  2   24   2   0   0  13   0   1   0   4   8   7   0   1   4   0  13   5   1   1  17  0.35 inf
  160 P   -2 -1  0  4 -5  0  4 -3  0 -5 -3  0 -4 -5  4 -1 -2 -5 -3 -4    3   3   3  23   0   2  29   1   2   0   3   6   0   0  19   4   2   0   0   0  0.69 inf
  161 D    2 -2  0  4 -1 -2 -1  0 -2  1  0 -2 -1 -2 -3  0  0 -4 -3  0   17   1   3  26   1   1   3   8   1   8   9   0   1   1   0   8   6   0   0   7  0.23 inf
  162 L   -1 -3 -1 -1 -4  0 -2 -3  0 -1  1 -1 -2  0  6 -2 -2  2 -3 -2    6   1   3   4   0   5   2   1   3   4  19   3   1   4  38   1   1   3   0   1  0.66 inf
  163 K   -1  2  1  5 -5  1  1 -3  1 -4 -3  2 -4 -5 -1 -1  0 -5 -4 -4    4  10   5  37   0   4   6   0   3   1   2  16   0   0   3   3   4   0   0   1  0.60 inf
  164 V   -2 -4 -3 -5  2 -3 -4 -5 -5  4  0 -4  0 -1  1 -4 -2 -4 -1  5    1   0   1   0   4   1   0   0   0  26   8   0   1   2   8   0   1   0   2  44  0.77 inf
  165 D   -2 -4  1  7 -5 -2 -1 -1 -4 -5 -3 -3 -5 -6  1  1 -3 -6 -5 -5    2   0   7  63   0   1   2   5   0   0   4   1   0   0   6   9   0   0   0   0  1.23 inf
  166 L   -3 -4 -5 -5 -4 -4 -5 -5 -5  4  5 -3  0  3 -3 -2 -2 -4 -2  0    0   0   0   0   0   0   0   0   0  23  53   2   1  11   1   4   1   0   0   2  0.86 inf
  167 G    0 -2  1  4 -4 -2  0  0  0 -4 -4 -1 -4 -3 -3  4  1 -5 -4 -4    5   1   5  27   0   1   3   6   2   0   1   2   0   1   0  35  10   0   0   0  0.63 inf
  168 V    1  2 -2 -2 -2  1  0 -2  1 -2 -1  3 -1 -3 -2  0  1  0 -2  0   12  11   1   1   0   5   4   1   4   1   5  23   1   0   1   6  12   2   1   9  0.21 inf
  169 L   -1 -3 -4 -4  0 -2 -3 -4 -4  4  3 -1  0 -1  1 -3 -1 -4 -1  3    3   0   0   0   2   2   1   1   0  27  28   3   1   1   7   0   2   0   1  19  0.47 inf
  170 G   -1 -4 -2 -2 -5 -1 -5  7 -3 -4 -6 -3 -5 -6 -5 -1 -1 -5 -6 -5    3   1   1   2   0   3   0  80   1   1   0   1   0   0   0   4   3   0   0   1  1.66 inf
  171 K   -1  0  0 -1 -2 -1  1 -2 -1  0 -2  1 -2 -2 -2  1  3  0  0  2    1   6   3   2   1   2  10   2   2   4   2   9   0   1   1  10  22   1   3  19  0.18 inf
  172 Q   -2  0  0 -2 -2  3  0 -3  3 -1 -2  0 -1  0 -3  0  3 -1  2  0    1   4   3   1   0  15   5   1   9   2   2   7   1   4   0   4  23   1  10   7  0.29 inf
  173 Q    0  0  0  0 -3  2  3 -2  0 -2 -2  0 -2 -2 -2  2  2 -3 -2 -1    6   5   2   3   0  12  19   2   2   2   2   5   0   2   1  16  14   0   1   5  0.24 inf
  174 F   -1 -2 -3 -3 -2 -1 -2 -3 -1  1  2 -1  0  4 -3 -2 -2  0  3  0    4   1   1   1   0   4   2   2   1   9  20   4   2  25   1   2   1   1  12   6  0.35 inf
  175 D    0 -1  0  3 -2  0  2 -1 -1 -1 -1  0 -1 -1  1  0  0 -2 -1 -1    6   2   3  24   1   3  14   3   1   4   5   4   2   2   6   5   7   1   2   4  0.19 inf
  176 L    0  0 -1  0  0 -1  0  0 -1  1  1 -1  0 -1  0  0  0 -1  0  1    6   4   3   5   2   2   5   9   2   9  18   3   1   2   4   4   3   1   3  13  0.01 inf
  177 E    0 -1  0  2 -1  0  3  0 -1 -1 -1  0 -1 -1  0  1  0 -1 -1 -1    7   2   3  10   1   4  22   6   1   6   4   3   1   2   4  11   6   1   2   3  0.13 inf
  178 N    0 -1  2  1 -1  0 -1  2 -1 -1 -1 -1 -1 -1 -1  0  0  1 -1 -1    7   3  10   9   1   5   3  22   1   3   4   3   1   2   2   7   5   2   2   6  0.12 inf
  179 K   -1  2  0 -1 -2  0  0  0 -1 -2 -2  4 -1 -2  3  0 -1 -2 -2 -2    5  10   6   2   1   3   3   6   1   3   4  30   2   2  13   5   2   0   1   2  0.28 inf
  180 F    0 -1 -1  0 -1 -1  1 -2  0  0  0 -1  0  2 -1  0  0 -1  3  0    6   4   2   4   1   2  10   3   2   6  11   3   1  10   2   6   7   0  14   6  0.07 inf
  181 K    0 -1 -2 -2 -3 -1  0  5 -1 -3 -3  1 -3 -4  0 -1 -2 -3 -3 -1    5   2   1   1   0   3   6  56   1   1   2   8   0   1   4   3   2   0   1   4  0.74 inf
  182 P    0 -2  0  2 -4  0  2  0 -2 -3 -4  0 -3 -4  4  0  0  2 -3 -3    7   1   5  15   0   3  15   5   1   1   1   7   0   0  24   8   5   3   0   1  0.48 inf
  183 F   -3 -2 -4 -5 -4 -4 -5 -2 -4  0  1 -4  7  6 -5 -1 -1 -3  0 -1    1   2   0   0   0   0   0   3   0   3  12   0  29  36   0   5   3   0   2   2  0.95 inf
  184 T   -1  0 -1  1 -3  2  2 -3 -3  0 -1 -1 -2 -1 -3  1  3 -4 -2  1    1   6   1   8   0   9  15   0   0   6   7   2   0   2   0   9  24   0   1   9  0.25 inf
  185 V   -3 -6 -6 -6 -4 -5 -6 -7 -6  3 -1 -6 -2 -4 -6 -5 -3 -6 -4  7    0   0   0   0   0   0   0   0   0  15   3   0   0   0   0   0   0   0   0  82  1.74 inf
  186 E   -3 -1 -2  3 -6  0  6 -5  0 -6 -6 -1 -5 -6 -4 -1 -1 -6 -5 -5    1   2   1  16   0   3  66   0   2   0   0   3   0   0   0   4   3   0   0   0  1.35 inf
  187 I   -4 -6 -6 -6 -4 -6 -6 -7 -6  5 -2 -6 -2 -4 -6 -5 -3 -6 -4  6    0   0   0   0   0   0   0   0   0  33   0   0   0   0   0   0   0   0   0  67  1.65 inf
  188 V   -4 -6 -6 -6 -4 -6 -6 -7 -6  7 -1 -6 -2 -3 -6 -5 -3 -6 -4  4    0   0   0   0   0   0   0   0   0  67   0   0   0   0   0   0   0   0   0  33  1.70 inf

                      K         Lambda
Standard Ungapped    0.1383     0.3184
Standard Gapped      0.0514     0.2670
PSI Ungapped         0.1681     0.3147
PSI Gapped           0.0514     0.2670
