
Last position-specific scoring matrix computed, weighted observed percentages rounded down, information per position, and relative weight of gapless real matches to pseudocounts
           A  R  N  D  C  Q  E  G  H  I  L  K  M  F  P  S  T  W  Y  V   A   R   N   D   C   Q   E   G   H   I   L   K   M   F   P   S   T   W   Y   V
    1 V   -3 -6 -6 -6 -4 -5 -6 -6 -6  5 -1 -5 -1 -3 -6 -5 -3 -6 -4  6    0   0   0   0   0   0   0   0   0  34   1   0   1   0   0   0   0   0   0  64  1.55 inf
    2 S   -2 -4 -3 -4 -5 -4 -4 -4 -5 -6 -6 -4 -5 -6 -4  7 -1 -7 -5 -5    0   0   0   0   0   0   0   0   0   0   0   0   0   0   0  98   2   0   0   0  2.15 inf
    3 S    3 -4 -2 -4  2 -3 -3 -4  7 -3 -3 -3  2 -2 -4  0 -2 -4  3  0   29   0   1   0   5   0   0   0  33   0   1   0   7   1   0   5   2   0   9   6  0.90 inf
    4 T   -4 -5 -4 -5 -5 -4 -5 -5 -6 -5 -5 -4 -4 -6 -5 -1  8 -6 -5 -4    0   0   0   0   0   0   0   0   0   0   0   0   0   0   0   2  98   0   0   0  2.41 inf
    5 T   -4 -5 -4 -5 -5 -4 -5 -5 -6 -5 -5 -4 -4 -6 -5 -1  8 -6 -5 -4    0   0   0   0   0   0   0   0   0   0   0   0   0   0   0   2  98   0   0   0  2.39 inf
    6 R   -5  9 -4 -6 -7 -3 -4 -6 -4 -7 -6 -1 -5 -7 -6 -5 -5 -7 -6 -6    0 100   0   0   0   0   0   0   0   0   0   0   0   0   0   0   0   0   0   0  2.77 inf
    7 T    2 -1  1  0 -2  2  0  0 -2 -3 -3  2 -3 -4  2  1  0 -4 -3 -3   21   1   5   5   0  12   4   5   0   1   1  17   0   0   9  12   4   0   0   0  0.31 inf
    8 P   -2 -2 -5 -5 -4 -2 -4 -5 -5 -2 -5  0  3 -6  8 -3 -3 -7 -6 -4    3   2   0   0   0   2   0   0   0   2   0   6   8   0  75   1   1   0   0   1  2.11 inf
    9 R   -5  9 -4 -6 -7 -3 -4 -6 -4 -7 -6 -1 -5 -7 -6 -5 -5 -7 -6 -6    0 100   0   0   0   0   0   0   0   0   0   0   0   0   0   0   0   0   0   0  2.77 inf
   10 A    0 -3 -2 -2 -5 -1  2 -3 -2 -4 -5 -1 -4 -6  7 -2 -2 -6 -5 -2    6   1   2   2   0   3  16   1   1   1   1   4   0   0  57   1   1   0   0   3  1.38 inf
   11 G   -3 -5 -1 -2 -6 -3 -4  7 -3 -7 -7 -4 -6 -6 -5 -2 -3 -6 -5 -5    1   0   2   2   0   1   1  89   0   0   0   0   0   0   0   2   1   0   0   0  2.02 inf
   12 E   -5 -4 -4 -1 -8 -2  8 -6 -4 -7 -7 -3 -6 -7 -5 -4 -5 -7 -6 -6    0   0   0   2   0   0  98   0   0   0   0   0   0   0   0   0   0   0   0   0  2.46 inf
   13 V   -2  0 -2 -3 -3  2  2 -4 -2  2 -1  1 -1 -3 -4 -2  0 -5 -3  4    2   4   2   0   0  12  12   0   1  11   2   8   1   0   0   1   5   0   0  40  0.46 inf
   14 N   -4 -4  4  6 -6 -2  2 -4  6 -6 -6 -3 -5 -6 -3 -3 -4 -7 -4 -6    0   0  21  47   0   1  12   1  17   0   0   0   0   0   1   0   0   0   0   0  1.40 inf
   15 G   -2 -6 -4 -4 -4 -4 -6  7 -6 -7 -7 -5 -6 -7 -6 -3 -4 -6 -7 -7    2   0   0   0   0   0   0  96   0   0   0   0   0   0   0   0   1   0   0   0  2.33 inf
   16 K   -2  2 -3 -3 -4  1  1 -4 -2  1 -2  3 -2 -3 -4 -2 -2 -5 -4  4    1  12   0   0   0   7  11   0   1   5   1  22   0   0   0   1   2   0   0  36  0.52 inf
   17 D   -3 -4  3  5 -6 -1  2 -4  7 -6 -6 -3 -5 -5 -4 -1 -2 -6 -3 -6    1   0  12  39   0   1  11   0  30   0   0   0   0   0   0   3   2   0   0   0  1.34 inf
   18 Y   -6 -6 -6 -7 -7 -6 -6 -7 -2 -6 -5 -6 -5 -1 -7 -6 -6 -2 10 -5    0   0   0   0   0   0   0   0   0   0   0   0   0   0   0   0   0   0 100   0  3.40 inf
   19 N   -5 -2  1 -5 -3 -4 -4 -6  8 -3 -4 -4 -4  5 -6 -4 -4  0  6 -4    0   2   6   0   1   0   0   0  33   1   1   0   0  28   0   0   1   1  27   1  1.60 inf
   20 F   -6 -7 -7 -8 -6 -7 -7 -7 -5 -4 -3 -7 -4  9 -8 -6 -6 -3  1 -5    0   0   0   0   0   0   0   0   0   0   0   0   0  97   0   0   0   0   3   0  2.99 inf
   21 V   -2 -1 -4 -5 -1 -3 -4 -5 -2  2  1  0  1 -2 -4 -3  1 -5 -3  5    1   3   0   0   1   0   0   0   1  12  12   7   2   0   0   1  10   0   1  49  0.65 inf
   22 S   -2 -3  0  2 -3 -1  0 -2 -3 -4 -5 -2 -4 -5 -3  4  5 -6 -4 -4    1   0   4  12   0   1   4   1   0   0   0   1   0   0   1  40  33   0   0   0  0.88 inf
   23 V   -2  4 -1 -1 -4  0  1 -4  2 -1 -3  4 -1 -4 -2 -2 -1 -5 -3  1    1  24   2   3   0   3   8   0   7   3   1  27   1   0   2   1   3   0   0  14  0.46 inf
   24 D    0 -2 -2  4 -6  0  6 -4 -2 -5 -5 -1 -5 -6  0 -1 -1 -6 -5 -5    7   1   1  22   0   2  53   1   1   0   0   3   0   0   4   3   4   0   0   0  1.03 inf
   25 E    0  1 -1  1 -5  2  6 -3 -1 -4 -4  1 -3 -5 -4 -1 -1 -5 -3 -3    6   6   2   6   0   8  55   1   1   1   1   6   0   0   0   2   3   0   1   2  0.86 inf
   26 F   -6 -7 -7 -7 -6 -7 -7 -7 -5 -3 -3 -7  2  9 -7 -6 -6 -3 -1 -3    0   0   0   0   0   0   0   0   0   1   0   0   5  93   0   0   0   0   0   1  2.78 inf
   27 K   -2  1 -1  0 -3  3  4 -4 -1 -3 -1  3 -1 -4 -3 -2 -2 -5 -3 -2    2   6   2   4   1  16  37   0   1   1   6  18   1   0   0   1   1   0   0   2  0.62 inf
   28 S    1  2  0  1 -3  3  2 -2 -1 -3 -4  3 -3 -4 -3  1  0 -4 -3 -3   14  10   3   6   0  14  15   2   1   1   1  19   0   0   0   9   4   0   0   0  0.38 inf
   29 M   -1  1 -3 -2 -3 -1 -1 -2 -3 -2  3  1  8 -3 -5 -3 -3 -2 -4 -2    5   6   1   2   0   2   3   4   0   0  24   9  41   0   0   1   0   0   0   1  0.82 inf
   30 I   -3  0 -6 -6 -4 -4 -5 -5 -4  7  0 -2 -1 -3 -5 -5 -3 -5 -4  3    2   6   0   0   0   1   0   0   0  68   5   2   0   0   0   0   1   0   0  14  1.27 inf
   31 K    2 -1 -1  3 -4  1  4 -2 -1 -4 -4  1 -4 -4 -3  0 -2 -5 -4 -3   23   2   2  18   0   4  29   2   1   0   0  10   0   0   0   5   2   0   0   1  0.56 inf
   32 N    0  2  3  1 -5  3  3 -2  0 -5 -4  2 -3 -5 -3  0 -1 -5 -2 -4    8   9  18   9   0  17  18   2   2   0   0  10   0   0   0   4   1   0   1   1  0.50 inf
   33 N   -2 -3  3  4 -5 -1  0  5 -1 -6 -6 -1 -5 -6 -4 -2 -3 -6 -5 -6    1   1  15  23   0   2   5  48   1   0   0   4   0   0   0   1   0   0   0   0  1.03 inf
   34 E    1  0 -1  2 -3  1  4  1  0 -5 -3  1 -3 -3 -3 -2 -3 -5 -3 -4   12   3   2  13   0   6  37  12   2   0   2   6   0   1   0   1   0   0   1   0  0.54 inf
   35 F   -5 -6 -6 -7 -5 -6 -6 -7 -5 -3  3 -6  2  8 -7 -6 -5  0 -1 -3    0   0   0   0   0   0   0   0   0   0  23   0   4  71   0   0   0   1   0   1  1.97 inf
   36 I   -1 -5 -6 -6 -2 -5 -5 -6 -5  3  5 -5  0  0 -5 -5 -3 -4  0  0    5   0   0   0   1   0   0   0   0  20  65   0   1   3   0   0   0   0   3   4  1.05 inf
   37 E   -5 -4 -4 -1 -8 -2  8 -6 -4 -7 -7 -3 -6 -7 -5 -4 -5 -7 -6 -6    0   0   0   1   0   0  99   0   0   0   0   0   0   0   0   0   0   0   0   0  2.46 inf
   38 W   -5 -4 -3 -6 -6 -4 -5 -6  5 -6 -5 -5 -5 -1 -7 -1 -3 11  6 -6    1   1   1   0   0   0   0   0  14   0   0   0   0   1   0   5   2  47  29   0  2.50 inf
   39 A    7 -5 -2 -5 -4 -4 -3 -3 -5 -4 -5 -4 -4 -6 -4 -2 -2 -6 -5 -1   92   0   2   0   0   0   1   0   0   1   0   0   0   0   0   0   2   0   0   3  1.74 inf
   40 Q   -3  0  0 -1 -2  4  6 -4  1 -4 -4  2 -3 -2 -3 -2 -2 -5 -3 -2    1   4   3   1   1  16  51   0   3   0   1  10   0   2   0   1   2   0   0   3  0.88 inf
   41 F   -4 -4 -4 -6 -3 -5 -5 -6 -2 -1 -2 -5 -2  5 -6 -5 -3 -3  4  6    0   0   1   0   0   0   0   0   1   1   2   0   0  24   0   0   0   0  16  55  1.27 inf
   42 S    0 -4 -2 -4 -1 -3 -4 -1  6 -2 -3 -3 -3  5 -5  0 -3 -3  3  1    9   0   1   0   1   0   0   4  25   1   0   0   0  27   0   9   1   0   9  13  0.79 inf
   43 G   -3 -5  0  2 -6 -3 -1  7 -5 -7 -7 -3 -6 -6 -5 -2 -3 -6 -6 -6    0   0   4  10   0   1   3  77   0   0   0   1   0   0   0   2   1   0   0   0  1.62 inf
   44 N   -4 -2  9 -2 -6 -3 -3 -3  2 -7 -7 -3 -6 -6 -5 -2 -3 -7 -4 -6    0   1  88   1   0   0   1   1   4   0   0   1   0   0   0   1   1   0   0   0  2.26 inf
   45 Y   -4 -1 -4 -6  2 -4 -5 -4  0 -3  0 -3  1  4 -6 -4 -4 -1  8 -4    0   4   0   0   4   0   0   1   1   1   7   1   4  13   0   1   0   0  61   0  1.61 inf
   46 Y   -6 -6 -6 -7 -7 -5 -6 -7  0 -5 -5 -6 -5 -1 -7 -6 -6 -2 10 -5    0   0   0   0   0   0   0   0   1   0   0   0   0   0   0   0   0   0  99   0  3.27 inf
   47 G   -2 -6 -4 -5 -6 -5 -6  8 -6 -7 -7 -5 -6 -7 -6 -4 -5 -6 -7 -7    2   0   0   0   0   0   0  98   0   0   0   0   0   0   0   0   0   0   0   0  2.42 inf
   48 S   -4 -5 -4 -5 -4 -4 -4 -5 -5 -4 -5 -4 -4 -6 -5 -1  8 -6 -5 -3    0   0   0   0   0   0   0   0   0   0   0   0   0   0   0   3  96   0   0   1  2.25 inf
   49 T   -1 -4 -3 -4 -5 -4 -4 -4 -4 -5 -5 -4 -5 -6  6  5 -1 -6 -5 -5    4   0   1   0   0   0   0   0   0   0   0   0   0   0  46  46   3   0   0   0  1.59 inf
   50 V   -2 -3 -4 -5 -2 -3 -4 -5 -4  3  4 -3  2 -1 -4 -3 -2 -3 -2  3    0   0   0   0   0   0   0   0   0  16  50   0   6   0   0   0   0   0   0  28  0.63 inf

                      K         Lambda
Standard Ungapped    0.1282     0.3120
Standard Gapped      0.0499     0.2670
PSI Ungapped         0.1595     0.3114
PSI Gapped           0.0499     0.2670
