
Last position-specific scoring matrix computed, weighted observed percentages rounded down, information per position, and relative weight of gapless real matches to pseudocounts
           A  R  N  D  C  Q  E  G  H  I  L  K  M  F  P  S  T  W  Y  V   A   R   N   D   C   Q   E   G   H   I   L   K   M   F   P   S   T   W   Y   V
    1 Y   -4 -4 -4 -5 -5 -4 -4 -5  0 -4 -3 -4 -3  1 -5 -4 -4  0  9 -4    0   0   0   0   0   0   0   0   0   0   0   0   0   0   0   0   0   0 100   0  2.51 inf
    2 G    0 -4 -2 -3 -4 -4 -4  7 -4 -6 -5 -3 -4 -5 -4 -2 -3 -4 -5 -5    5   0   0   0   0   0   0  95   0   0   0   0   0   0   0   0   0   0   0   0  1.80 inf
    3 R   -3  8 -2 -4 -6 -1 -2 -4 -2 -5 -4  0 -3 -5 -4 -2 -3 -5 -4 -5    0  99   0   0   0   0   0   0   0   0   0   0   0   0   0   1   0   0   0   0  1.94 inf
    4 G   -2 -4 -2 -3 -4 -4 -4  7 -4 -6 -6 -3 -5 -5 -4 -2 -3 -4 -5 -5    0   0   0   0   0   0   0 100   0   0   0   0   0   0   0   0   0   0   0   0  1.96 inf
    5 W   -5 -5 -7 -7 -5 -5 -6 -5 -5 -5 -4 -6 -4 -2 -6 -6 -5 13  0 -6    0   0   0   0   0   0   0   0   0   0   0   0   0   0   0   0   0 100   0   0  4.24 inf
    6 T   -1 -1 -1 -1 -3  0  2 -3 -2 -3 -3 -1 -2 -4 -2  2  5 -4 -3 -1    1   1   2   1   0   1  19   0   0   0   0   2   0   0   0  18  53   0   0   3  0.65 inf
    7 G   -2 -4  0 -3 -4 -4 -4  7 -4 -6 -6 -3 -5 -5 -4 -2 -3 -4 -5 -5    0   0   5   0   0   0   0  95   0   0   0   0   0   0   0   0   0   0   0   0  1.80 inf
    8 V   -2 -4 -5 -5 -3 -4 -4 -5 -5  1 -1 -4 -1 -3 -4 -3 -1 -5 -3  7    0   0   0   0   0   0   0   0   0   0   1   0   0   0   0   0   3   0   0  96  1.33 inf
    9 N    0 -2  2 -2 -3  0 -1 -1  5 -3 -2 -1 -2 -2 -2  3  3 -4 -2 -1    3   0  12   0   0   3   0   4  17   0   2   1   0   1   0  26  28   0   0   3  0.45 inf
   10 G    0  0  2  2 -3 -1  0  4 -2 -3 -1 -1 -2 -3  1  0 -1 -4 -3 -3    5   5  11  17   0   1   3  37   0   0   7   1   0   1   7   5   1   0   0   0  0.40 inf
   11 Y   -1 -2 -2  1 -3 -2 -2 -2 -1 -1 -2 -2  0  2 -3 -1  1  3  6  0    6   1   0  12   0   0   1   2   0   2   0   0   2   5   0   4  11   4  43   7  0.53 inf
   12 Q    1 -1  1  4 -3  1  0 -2 -2 -2 -2  1 -2 -3 -1  0  2 -4 -3 -1   11   2   6  28   0   8   3   0   0   2   1   9   0   0   1   2  21   0   0   5  0.31 inf
   13 N    0 -2  3  3 -3 -1  0  2 -2 -3 -3 -2 -1 -3  4  0 -1 -4 -1 -3    6   0  17  19   0   0   5  22   0   0   2   0   2   0  20   4   3   0   2   0  0.49 inf
   14 N    0 -2  4  3 -3 -1  0  2 -2 -3 -3 -1 -3 -4 -3  1  2 -4 -3 -3    8   0  29  21   0   0   4  14   0   0   1   1   0   0   0   6  16   0   0   0  0.50 inf
   15 I   -3 -2  7  3 -4 -2 -1 -2 -1 -2 -5  0 -4 -5 -3  0 -2 -5 -4 -4    0   0  68  20   0   0   0   0   0   3   0   4   0   0   0   5   0   0   0   0  1.21 inf
   16 P   -3 -4 -4 -4 -5 -3 -3 -4  0 -4 -3 -3 -4 -3  8 -3 -3  1  1 -2    0   0   0   0   0   0   0   0   3   0   2   0   0   1  83   0   0   2   6   3  2.09 inf
   17 F   -3 -4 -4 -5 -4 -4 -4 -5 -3  0  0 -4  6  7 -5 -4 -3 -1  0 -2    0   0   0   0   0   0   0   0   0   2   5   0  30  61   0   0   0   0   0   0  1.33 inf
   18 T   -1 -3 -2 -2 -2 -2 -2 -3 -3 -2 -1 -2 -2 -3 -3  2  6 -4  0 -2    3   0   0   1   0   0   0   0   0   0   7   0   0   0   0  16  69   0   3   0  0.87 inf
   19 G    0 -4 -2 -3 -4 -2 -3  7 -4 -5 -5 -3 -4 -5 -4 -2 -3 -4 -4 -4    7   0   0   0   0   2   0  89   0   0   0   0   0   0   0   0   0   0   0   0  1.58 inf
   20 T   -1 -2 -2 -2 -2 -1 -2 -3 -3  1 -1 -1 -1 -3  1  0  4 -4 -3  3    2   2   1   1   0   3   0   0   0   8   1   3   0   0   6   3  36   0   0  34  0.40 inf
   21 A    5 -3 -2 -3 -2 -2 -3  4 -3 -3 -3 -2 -3 -4 -3  0 -2 -4 -3 -2   66   0   0   0   0   0   0  30   0   0   0   0   0   0   0   2   0   0   0   0  0.90 inf
   22 T   -1 -2  4  0 -3 -1 -2  0 -2 -3 -3  0 -2 -4 -3  1  5 -4 -3 -1    2   0  24   4   0   2   0   6   0   0   0   5   0   0   0   8  46   0   0   3  0.56 inf
   23 G   -1 -4 -2  0 -4 -3 -2  7 -4 -5 -5 -3 -4 -5 -4 -2 -3 -4 -5 -5    3   0   0   5   0   0   2  89   0   0   0   0   0   0   0   0   0   0   0   0  1.56 inf
   24 P   -1 -2 -3 -3 -4 -2 -2 -1 -3 -4 -4  3  0 -5  7 -2 -2 -5 -4 -4    5   0   0   0   0   0   0   5   0   0   0  29   3   0  58   0   0   0   0   0  1.40 inf
   25 V   -1 -3 -4 -4 -2 -3 -3 -4  0  3  2 -3  1 -1 -3 -3 -1 -3 -2  4    5   0   0   0   0   0   0   0   3  19  17   0   2   1   1   0   2   0   0  49  0.53 inf
   26 K    1  0  0 -2 -3  1  0 -2 -1 -3 -3  4 -2 -4  2  0  1 -4 -3 -2   15   2   2   0   0   6   4   0   1   0   1  42   0   0   8   4  13   0   0   2  0.41 inf
   27 G   -2 -4 -2 -3 -4 -4 -4  7 -4 -6 -6 -3 -5 -5 -4 -2 -3 -4 -5 -5    0   0   0   0   0   0   0 100   0   0   0   0   0   0   0   0   0   0   0   0  1.96 inf
   28 T   -1 -3 -2 -3 -3 -1 -2 -1 -3 -2 -3 -2 -2 -4 -3  3  6 -4 -3 -1    0   0   0   0   0   2   0   3   0   0   0   0   0   0   0  20  71   0   0   4  0.98 inf
   29 W   -5 -5 -7 -7 -5 -5 -6 -5 -5 -5 -4 -6 -4 -2 -6 -6 -5 13  0 -6    0   0   0   0   0   0   0   0   0   0   0   0   0   0   0   0   0 100   0   0  4.24 inf
   30 E   -3 -2 -2  0 -6  1  7 -4 -2 -5 -5 -1 -4 -5 -3 -2 -3 -5 -4 -4    0   0   0   1   0   4  95   0   0   0   0   0   0   0   0   0   0   0   0   0  1.67 inf
   31 N    2  0  2  4 -3 -1  0 -2 -2 -4 -4 -1 -3 -4  3  0 -2 -5 -4 -3   26   4  12  37   0   0   4   0   0   0   0   1   0   0  13   4   0   0   0   0  0.60 inf
   32 G   -2 -4 -2 -3 -4 -4 -4  7 -4 -6 -6 -3 -5 -5 -4 -2 -3 -4 -5 -5    0   0   0   0   0   0   0 100   0   0   0   0   0   0   0   0   0   0   0   0  1.96 inf
   33 I   -2 -4 -5 -5 -3 -4 -4 -5 -5  3 -1 -4 -1 -2 -4 -3 -2 -5 -3  6    0   0   0   0   0   0   0   0   0  13   0   0   0   0   0   0   0   0   0  87  1.22 inf
   34 V   -2 -4 -4 -4 -2 -1 -4 -5 -4  4  1 -3  2 -2 -4 -3 -2 -4 -2  5    0   0   0   0   0   3   0   0   0  29  11   0   5   0   0   0   0   0   0  53  0.73 inf
   35 D   -4 -4 -1  8 -6 -2  0 -3 -3 -5 -6 -3 -5 -6 -4 -2 -3 -6 -5 -5    0   0   0 100   0   0   0   0   0   0   0   0   0   0   0   0   0   0   0   0  2.09 inf
   36 Y   -4 -4 -4 -5 -5 -4 -4 -5  0 -4 -3 -4 -3  1 -5 -4 -4  0  9 -3    0   0   0   0   0   0   0   0   0   0   0   0   0   2   0   0   0   0  98   0  2.45 inf
   37 R   -3  6 -2 -3 -5  0 -1 -4 -2 -5 -4  5 -3 -5 -3 -2 -3 -5 -3 -4    0  56   0   0   0   0   0   0   0   0   0  44   0   0   0   0   0   0   0   0  1.30 inf
   38 Q    0 -1  0  3 -4  4  2  3 -1 -4 -4  0 -3 -4 -3 -1 -2 -4 -3 -4    9   0   2  20   0  32  10  23   1   0   0   2   0   0   0   2   0   0   0   0  0.57 inf
   39 I   -3 -4 -5 -5 -3 -4 -5 -5 -5  6  1 -4  0 -2 -4 -4 -2 -4 -3  2    0   0   0   0   0   0   0   0   0  78   8   0   0   0   0   0   1   0   0  12  1.10 inf
   40 A    2  0 -1 -2 -2  0  0 -1 -2  0 -1  3 -1 -1 -2 -1 -1 -3  0  2   23   2   3   0   0   3   4   2   0   2   1  27   0   3   0   0   0   0   3  27  0.22 inf
   41 G    1  0  4  1 -3  1  1 -1  2 -3 -3  0 -2 -3 -2  2  1 -4 -2 -3   14   2  27   8   0   6   6   3   5   0   0   5   0   0   0  15   7   0   0   0  0.33 inf
   42 Q   -1  1  3  2 -3  0  2 -1  1 -3 -2  0 -1  2 -2  0 -1 -2  1 -3    1   9  21  11   0   2  16   3   3   0   2   4   2  11   0   6   2   0   5   0  0.24 inf
   43 F   -1 -1 -3 -3 -3 -2 -1 -4  0  2  1 -1  5  3 -3 -2 -2 -1  4  0    4   2   0   0   0   0   3   0   2  14  12   3  26  12   0   3   1   0  17   0  0.37 inf
   44 M    0 -1  0 -1 -2 -1 -1 -1 -2  1  2  0  3 -1 -2  0  0 -2 -2  1   10   1   7   2   0   1   2   3   0  12  19   7  15   1   1   4   6   0   0  10  0.09 inf
   45 S    0 -1  1  0 -2 -1 -1  4 -2 -3 -3  0 -2 -3 -2  1  1 -3 -2 -2    4   2   6   3   0   2   2  44   0   1   2   5   0   1   1  12  13   0   1   2  0.43 inf
   46 G    0 -2  5  0 -3 -1 -1  3 -1 -3 -3 -1 -3 -3  1  1  0 -4 -3 -3    8   0  38   2   0   0   1  22   0   0   1   2   0   0   7  13   2   0   0   1  0.52 inf
   47 E    0 -1  0  2 -3  1  1  4 -2 -4 -4  1 -3 -4 -2 -1 -1 -3 -3 -3    6   3   4  11   0   5  13  43   0   0   1   7   0   0   0   1   3   0   0   0  0.48 inf
   48 W   -3 -3 -4 -4 -4 -3 -4 -3 -2 -2 -2 -4 -2  5 -2 -2 -3  8  6 -1    0   1   0   0   0   0   0   1   0   0   0   0   0  26   2   2   0  27  31   6  1.29 inf
   49 Q   -1 -1 -1  1 -3  2  4 -3 -2 -1 -2  1 -1 -3 -2  0  1 -4 -3  0    3   0   2   5   0   9  41   0   0   4   1   6   2   0   0   4  13   0   0   9  0.39 inf
   50 Y   -1 -2 -2 -2 -3  0  0 -4  0 -2 -2  0 -2  2 -3 -2 -2  0  7  1    5   0   1   2   0   5   5   0   0   0   1   6   0   4   1   1   1   0  56  12  0.80 inf
   51 T    0  0 -1 -2 -3 -2 -2  4  2 -3 -2 -1 -2  0 -3  0  0 -2  2 -2    9   7   0   1   0   0   1  41   8   0   2   4   0   6   0   5   4   0   9   2  0.38 inf
   52 Y   -4 -4 -4 -5 -5 -4 -4 -5 -1 -3 -3 -4 -3  3 -5 -4 -4  3  9 -3    0   0   0   0   0   0   0   0   0   0   0   0   0  11   0   0   0   2  86   0  2.12 inf
   53 D   -4 -4 -1  8 -6 -2  0 -3 -3 -5 -6 -3 -5 -6 -4 -2 -3 -6 -5 -5    0   0   0 100   0   0   0   0   0   0   0   0   0   0   0   0   0   0   0   0  2.09 inf
   54 A    1 -1  1  1 -3  1  4 -2  0 -3 -2  1 -2 -4 -1  1  0 -4 -3 -2   15   0   5   7   0   6  38   0   2   0   2   8   0   0   2   8   6   0   0   1  0.39 inf
   55 T    1 -2 -1 -1 -1  3 -1 -2 -2  2 -1 -1  0 -2 -1  0  2 -3 -2  2   12   0   2   2   1  19   0   1   0  12   1   3   3   0   1   3  14   0   0  26  0.20 inf
   56 A    6 -3 -3 -4 -2 -3 -3 -2 -3 -3 -3 -3 -3 -4 -3  0 -2 -4 -4 -1   96   0   0   0   0   0   0   0   0   0   0   0   0   0   0   2   0   0   0   1  1.28 inf
   57 E   -2 -1 -1  0 -5  3  5 -3  1 -5 -4  3 -3 -5 -3 -2 -2 -4 -3 -4    0   0   1   1   0  17  57   0   2   0   0  23   0   0   0   0   0   0   0   0  0.98 inf
   58 A    6 -3 -3 -3 -2 -3 -3  2 -3 -3 -3 -2 -3 -4 -3  0 -2 -4 -4 -2   86   0   0   0   0   0   0  12   0   0   0   0   0   0   0   2   0   0   0   0  1.09 inf
   59 P    4 -3 -3 -3 -3 -2 -2 -2 -3 -4 -4 -2 -3 -4  6  1 -2 -5 -4 -3   43   0   0   0   0   0   0   0   0   0   0   0   0   0  48   9   0   0   0   0  1.26 inf
   60 Y   -3 -4 -4 -5 -4 -3 -4 -5  0 -4 -3 -4 -3  1 -5 -2 -4  6  9 -3    1   0   0   0   0   0   0   0   1   0   0   0   0   2   0   4   0  12  81   0  2.01 inf
   61 V    1 -3 -4 -4 -2 -2 -3 -2 -4  2  1 -3  2 -2 -3 -2 -1 -4 -3  5   13   0   0   0   0   2   0   2   0   9   7   0   5   0   0   1   0   0   0  60  0.58 inf
   62 F   -4 -4 -5 -6 -4 -4 -5 -5 -2 -3 -2 -5 -2  6 -5 -4 -3  9  5 -3    0   0   0   0   0   0   0   0   0   0   0   0   0  44   0   0   1  35  20   0  1.88 inf
   63 K   -2  1  6  2 -4  1  0 -1 -1 -5 -4  2 -3 -5 -3 -1 -2 -5 -3 -4    2   6  55  10   0   6   2   2   0   0   0  16   0   0   0   1   0   0   0   0  0.85 inf
   64 P    1  3  0 -2 -3  0  0 -1  0 -3 -3  2 -2 -3  4  0 -1 -4 -3 -3   15  25   4   0   0   1   5   2   2   0   0  17   0   1  22   5   0   0   0   0  0.50 inf
   65 S    1 -2  1  0 -2 -1  1 -1 -2 -2 -3 -1 -2 -3 -2  4  3 -4 -3 -2    9   0   5   3   0   1   9   1   0   2   0   2   0   0   0  46  22   0   0   0  0.49 inf
   66 T    0 -2  2  0 -3 -2 -2 -2 -2 -3 -3  0 -2 -4 -2  1  5 -4 -3 -1    7   1  14   4   0   0   0   0   0   0   0   6   0   0   0  10  56   0   0   2  0.65 inf
   67 G   -1 -4  0 -3 -4 -1 -2  7 -3 -5 -4 -3 -4 -5 -4 -2 -3 -4 -5 -5    1   0   4   0   0   3   2  88   0   0   1   0   0   0   0   0   0   0   0   0  1.53 inf
   68 D   -1 -2  2  6 -4  2  2 -3 -2 -4 -4  1 -3 -5 -3 -1 -1 -5 -4 -4    3   0  10  52   0   9  15   0   0   0   0   7   0   0   0   2   3   0   0   0  0.83 inf
   69 L   -3 -4 -5 -5 -3 -4 -5 -5 -4  0  6 -4  0  0 -5 -4 -3 -3 -2  0    0   0   0   0   0   0   0   0   0   0  96   0   0   3   0   0   0   0   0   1  1.22 inf
   70 I   -3 -5 -5 -5 -3 -4 -5 -5 -5  6  1 -4  0 -2 -4 -4 -2 -4 -3  3    0   0   0   0   0   0   0   0   0  76   5   0   0   0   0   0   0   0   0  19  1.13 inf
   71 T   -1 -3 -1 -2 -2 -2 -2 -3 -3 -3 -3 -2 -3 -4 -3  3  6 -4 -3 -2    0   0   0   0   0   0   0   0   0   0   0   0   0   0   0  31  69   0   0   0  1.09 inf
   72 F   -4 -4 -4 -5 -4 -4 -4 -5 -1 -2 -1 -4 -2  6 -5 -4 -4  0  7 -3    0   0   0   0   0   0   0   0   0   0   3   0   0  42   0   0   0   0  55   0  1.62 inf
   73 D   -4 -3 -1  8 -6 -2  0 -3 -3 -5 -6 -3 -5 -6 -3 -2 -3 -6 -5 -5    0   0   0  98   0   0   2   0   0   0   0   0   0   0   0   0   0   0   0   0  1.97 inf

                      K         Lambda
Standard Ungapped    0.1374     0.3161
Standard Gapped      0.0547     0.2670
PSI Ungapped         0.1772     0.3100
PSI Gapped           0.0547     0.2670
