
Last position-specific scoring matrix computed, weighted observed percentages rounded down, information per position, and relative weight of gapless real matches to pseudocounts
           A  R  N  D  C  Q  E  G  H  I  L  K  M  F  P  S  T  W  Y  V   A   R   N   D   C   Q   E   G   H   I   L   K   M   F   P   S   T   W   Y   V
    1 E   -2  0  3  2 -4  4  3 -3 -1 -4 -4  3 -3 -4 -2 -1 -2 -4 -3 -4    0   0  18   9   0  25  22   0   0   0   0  26   0   0   0   0   0   0   0   0  0.66 inf
    2 N   -2 -2  6  5 -4  0 -1 -2 -2 -5 -5 -1 -4 -5 -3  1  0 -5 -4 -4    2   1  42  33   0   4   2   1   0   0   0   2   0   0   0  12   4   0   0   0  0.95 inf
    3 I   -3 -5 -5 -6 -4 -4 -5 -6 -3  5  2 -3  8 -2 -5 -4 -3 -4 -4  0    1   0   0   0   0   0   0   0   0  39  13   1  42   0   0   1   0   0   0   3  1.32 inf
    4 H   -2 -2  2  1 -5  3 -1 -4  8 -4 -5  2 -4 -4 -3 -1 -1 -5 -1 -4    3   0  10   7   0  12   2   0  40   1   0  15   0   0   1   3   4   0   1   1  0.99 inf
    5 K   -1  2  2  0 -4  2  0 -3  6 -5 -4  1 -3 -4 -1  1 -2 -5 -2 -4    6  11  11   5   0  11   6   0  26   0   1   8   0   0   3  10   1   0   1   0  0.59 inf
    6 H   -3 -2  0  4 -4  3  5 -4  4 -5 -5 -2 -4 -5 -4 -2 -3 -5 -4 -4    1   1   3  27   0  16  36   0  11   0   0   0   0   0   0   2   0   0   0   1  1.02 inf
    7 R   -2  4 -3 -3 -4 -1 -2 -4 -2 -2  0  4  3 -2 -1 -1  0 -5 -3 -2    1  24   0   1   0   0   0   0   0   2  10  34  10   1   3   5   7   0   0   1  0.58 inf
    8 I   -4 -6 -6 -6 -2 -6 -6 -7 -6  7  0 -6 -1 -3 -6 -5 -4 -6 -4  4    0   0   0   0   1   0   0   0   0  69   4   0   0   0   0   0   0   0   0  25  1.63 inf
    9 L   -3 -5 -6 -6 -4 -5 -6 -6 -6  4  5 -5 -1 -2 -4 -5 -4 -5 -4  2    0   0   0   0   0   0   0   0   0  19  66   0   0   0   1   0   0   0   0  14  1.20 inf
   10 I   -4 -6 -6 -6 -4 -6 -6 -7 -6  7 -2 -6 -2 -3 -6 -5 -3 -6 -4  5    0   0   0   0   0   0   0   0   0  63   0   0   0   0   0   0   0   0   0  37  1.72 inf
   11 L   -4 -5 -6 -6 -4 -5 -6 -7 -6  3  6 -5 -1 -2 -6 -5 -4 -5 -4  1    0   0   0   0   0   0   0   0   0  12  77   0   0   1   0   0   0   0   0  10  1.38 inf
   12 D   -6 -5 -1  8 -7 -4 -2 -5 -5 -7 -8 -4 -7 -7 -5 -4 -5 -8 -7 -7    0   0   1  99   0   0   0   0   0   0   0   0   0   0   0   0   0   0   0   0  2.75 inf
   13 F   -6 -7 -7 -7 -6 -7 -7 -7 -5 -4 -3 -7 -4  9 -8 -6 -6 -3  2 -5    0   0   0   0   0   0   0   0   0   0   0   0   0  95   0   0   0   0   5   0  2.91 inf
   14 G   -3 -6 -4 -5 -6 -5 -6  8 -6 -8 -7 -5 -6 -7 -6 -4 -5 -6 -7 -7    0   0   0   0   0   0   0 100   0   0   0   0   0   0   0   0   0   0   0   0  2.55 inf
   15 S   -1 -4 -3 -4 -4 -4 -4  3 -4 -6 -6 -4 -5 -6 -4  6 -2 -6 -5 -5    2   0   0   0   0   0   0  22   0   0   0   0   0   0   0  77   0   0   0   0  1.60 inf
   16 Q   -5 -3 -4 -4 -7  9 -2 -6 -4 -7 -6 -3 -4 -7 -5 -4 -5 -6 -6 -6    0   0   0   0   0 100   0   0   0   0   0   0   0   0   0   0   0   0   0   0  2.94 inf
   17 Y   -5 -5 -6 -7 -6 -5 -6 -7 -2 -3 -4 -6 -4  1 -6 -5 -3 -2  9  3    0   0   0   0   0   0   0   0   0   0   0   0   0   3   0   0   1   0  75  21  2.29 inf
   18 T   -1 -4  5 -3 -4 -3 -4 -4 -4 -4 -5 -3 -4 -5 -4  2  6 -6 -5 -3    4   0  28   0   0   0   0   0   0   0   0   0   0   0   0  12  54   0   0   1  1.30 inf
   19 Q   -5 -2 -4 -4 -7  9  1 -6 -1 -7 -5 -2 -4 -7 -4 -4 -5 -6 -5 -6    0   1   0   0   0  91   6   0   1   0   1   0   0   0   0   0   0   0   0   0  2.52 inf
   20 L   -5 -6 -7 -7 -5 -6 -6 -7 -6 -1  7 -6 -1 -3 -6 -6 -4 -5 -4 -2    0   0   0   0   0   0   0   0   0   1  98   0   0   0   0   0   0   0   0   1  1.92 inf
   21 V   -5 -7 -7 -7 -5 -7 -7 -8 -7  8 -2 -6 -2 -4 -7 -6 -4 -6 -5  1    0   0   0   0   0   0   0   0   0  94   1   0   0   0   0   0   0   0   0   5  2.33 inf
   22 A    7 -5 -5 -5 -4 -4 -4 -3 -5 -5 -5 -4 -4 -6 -4 -2  1 -6 -5 -2   89   0   0   0   0   0   0   0   0   0   0   0   0   0   0   1   9   0   0   1  1.76 inf
   23 R   -5  9 -4 -6 -8 -3 -4 -6 -4 -7 -6 -2 -5 -7 -6 -5 -5 -7 -6 -7    0 100   0   0   0   0   0   0   0   0   0   0   0   0   0   0   0   0   0   0  2.84 inf
   24 R   -5  9 -4 -6 -8 -3 -4 -6 -4 -7 -6 -1 -5 -7 -6 -5 -5 -7 -6 -7    0  99   0   0   0   0   0   0   0   0   0   1   0   0   0   0   0   0   0   0  2.79 inf
   25 V   -4 -6 -6 -6 -2 -5 -6 -6 -6  5  1 -5 -2 -3 -6 -5 -3 -6 -4  6    0   0   0   0   0   0   0   0   0  28   9   0   0   0   0   0   0   0   0  62  1.44 inf
   26 R   -5  9 -4 -6 -8 -3 -4 -6 -4 -7 -6 -2 -5 -7 -6 -5 -5 -7 -6 -7    0 100   0   0   0   0   0   0   0   0   0   0   0   0   0   0   0   0   0   0  2.86 inf
   27 E   -4 -4 -4  2 -8 -1  8 -6 -4 -7 -7 -3 -6 -7 -5 -4 -5 -7 -6 -6    1   0   0   8   0   0  91   0   0   0   0   0   0   0   0   0   0   0   0   0  2.27 inf
   28 L    2 -3  0 -3  5 -1 -1 -3 -1  1  1 -3  1  1 -3  0  0 -4 -2 -1   23   0   5   1  13   3   3   0   2  11  15   0   3   8   0   4   7   0   0   2  0.27 inf
   29 G   -3 -2  4 -3 -6  0 -1  6  4 -6 -6 -2 -5 -6 -5 -2 -4 -6 -5 -6    0   2  20   0   0   4   3  56  11   0   0   2   0   0   0   2   0   0   0   0  1.28 inf
   30 V   -3 -6 -7 -7 -3 -6 -6 -7 -7  1 -3 -6 -3 -4 -6 -5 -4 -7 -5  7    0   0   0   0   0   0   0   0   0   5   0   0   0   0   0   0   0   0   0  94  2.13 inf
   31 Y   -6 -6 -6 -7 -7 -6 -6 -7 -2 -5 -4 -6 -5  3 -7 -6 -6 -2 10 -5    0   0   0   0   0   0   0   0   0   0   0   0   0  11   0   0   0   0  88   0  3.04 inf
   32 C   -2 -6 -5 -6 10 -5 -6 -5 -6 -5 -6 -5 -5 -6 -6  5 -2 -6 -6 -5    2   0   0   0  59   0   0   0   0   0   0   0   0   0   0  38   1   0   0   0  2.47 inf
   33 E   -5 -4 -4 -2 -7  0  8 -6 -4 -4 -4 -3 -6 -7 -5 -4 -5 -7 -6 -4    0   0   0   0   0   2  94   0   0   1   2   0   0   0   0   0   0   0   0   1  2.27 inf
   34 L   -4 -5 -6 -6 -4 -5 -6 -7 -6  6  3 -5  2 -3 -6 -5 -3 -5 -4  3    0   0   0   0   0   0   0   0   0  50  28   0   3   0   0   0   0   0   0  19  1.25 inf
   35 W   -2 -1 -3 -5 -4 -3 -3 -5  7  0  1 -1  1  0 -5 -3 -3  6  3  2    2   3   0   0   0   0   1   0  31   4  16   4   3   3   0   0   0  10   8  13  0.81 inf
   36 A    1 -1 -4 -4 -5 -4 -4 -3 -2 -6 -6 -4 -5 -7  7  2 -3 -7 -6 -5   12   3   0   0   0   0   0   1   1   0   0   0   0   0  63  18   0   0   0   0  1.79 inf
   37 W   -4 -5 -1 -6  4 -4 -5 -4  5 -5 -4 -5 -4  5 -3 -4 -5  6  7 -5    0   0   3   0   9   0   0   1  15   0   0   0   0  22   1   1   0  12  36   0  1.58 inf
   38 D   -3  0  3  5 -3  1 -1 -3 -1 -5 -5  1 -4 -4 -4  0  2 -6 -3 -5    0   5  17  38   0   7   1   1   1   0   0   9   0   1   0   4  15   0   1   0  0.80 inf
   39 V    0 -3 -3 -3 -2 -2 -2 -4 -2  3  0 -1  4 -2 -4 -1  3 -2 -2  3    6   0   0   0   1   1   1   0   1  17   8   5  11   0   0   3  19   0   1  25  0.42 inf
   40 T    1 -3 -1  2 -3 -3 -1 -1 -4 -4 -4 -1 -4 -5  3  3  3 -3 -4 -3   12   0   1  14   0   0   3   3   0   0   0   3   0   0  13  27  23   0   0   0  0.59 inf
   41 E    2 -3 -3  1 -3 -2  2 -3 -3  2  1 -2  0 -2  0 -1 -2 -1 -3  0   24   0   0  10   0   0  17   0   0  12  18   1   2   1   5   2   1   1   0   6  0.26 inf
   42 A    2 -3 -2  3 -5  1  6 -3 -3 -5 -5 -1 -5 -6 -4 -1 -3 -6 -5 -4   21   1   1  16   0   5  50   1   0   0   0   2   0   0   0   3   0   0   0   0  1.03 inf
   43 Q    1  1 -2  1 -5  3  3 -2 -2 -4 -4  2 -2  2 -3 -2 -2  0 -2 -3   12   7   1   9   0  12  25   1   1   0   0  15   1  11   0   1   1   1   0   1  0.44 inf
   44 I   -4 -6 -6 -6 -4 -6 -6 -7 -6  7  2 -6  0  1 -6 -5 -4 -5 -3  2    0   0   0   0   0   0   0   0   0  66  13   0   1   7   0   0   0   0   0  13  1.42 inf
   45 R    0  5 -2 -2 -4  0 -1 -4 -2 -3 -2  5 -3 -5 -4 -3 -2 -3 -4 -3    7  35   1   2   0   3   3   0   1   2   4  38   0   0   0   0   2   0   0   1  0.90 inf
   46 D    3  1 -1  2 -4  1  4 -2 -1 -5 -4  1 -4 -5 -3  0 -2 -5 -4 -4   30   6   1   9   0   6  30   2   1   0   1   8   0   0   0   5   1   0   0   0  0.58 inf
   47 F   -4 -1 -5 -5 -4 -3 -4 -5  0  1  2  1  5  6 -5 -4 -4  0  2 -2    0   3   0   0   0   1   1   0   2   7  20   9  17  33   0   0   0   1   6   1  0.78 inf
   48 N    3  0  6 -1 -4  1 -2  0 -1 -5 -5  2 -4 -5 -4 -1 -2 -6 -4 -4   24   3  42   2   0   5   1   6   1   0   0  12   0   0   0   3   1   0   0   0  0.84 inf
   49 P   -1 -6 -6 -6 -7 -5 -5 -5 -6 -6 -4 -5 -6 -7  9 -5 -5 -8 -5 -3    6   0   0   0   0   0   0   0   0   0   2   0   0   0  90   0   0   0   0   2  2.79 inf
   50 S   -2  2  0 -2 -3  1 -1 -4 -3 -2 -4  6 -2 -5 -4  0 -1 -6 -3 -3    3   7   5   2   1   4   1   0   0   3   0  61   1   0   0   6   3   0   1   1  1.00 inf
   51 G    2 -6 -4 -5 -6 -5 -5  7 -5 -7 -7 -5 -6 -7 -5 -3 -5 -6 -6 -6   16   0   0   0   0   0   0  84   0   0   0   0   0   0   0   0   0   0   0   0  2.06 inf
   52 I   -4 -6 -7 -7 -4 -6 -7 -7 -7  8  0 -6 -1 -2 -6 -6 -4 -6 -5  3    0   0   0   0   0   0   0   0   0  79   4   0   1   1   0   0   0   0   0  16  1.87 inf
   53 I   -5 -7 -7 -7 -5 -7 -7 -8 -7  8 -2 -6 -2 -4 -7 -6 -4 -6 -5  1    0   0   0   0   0   0   0   0   0  94   0   0   0   0   0   0   0   0   0   6  2.36 inf
   54 L   -5 -6 -7 -7 -5 -6 -6 -7 -6 -2  6 -6 -1  5 -6 -6 -5 -4 -2 -3    0   0   0   0   0   0   0   0   0   0  73   0   0  27   0   0   0   0   0   0  1.65 inf
   55 S    0 -4 -3 -4 -4 -4 -4 -4 -5 -6 -6 -4 -5 -6 -4  7  3 -6 -5 -5    4   0   0   0   0   0   0   0   0   0   0   0   0   0   0  80  16   0   0   0  1.71 inf
   56 G   -4 -6 -4 -5 -6 -6 -6  8 -6 -8 -8 -5 -7 -7 -6 -4 -5 -6 -7 -7    0   0   0   0   0   0   0 100   0   0   0   0   0   0   0   0   0   0   0   0  2.62 inf
   57 G   -3 -6 -4 -5 -6 -5 -5  7 -6 -7 -7 -5 -6 -7 -6  1 -5 -6 -7 -7    0   0   0   0   0   0   0  90   0   0   0   0   0   0   0  10   0   0   0   0  2.20 inf
   58 P   -4 -6 -6 -6 -7 -4 -5 -6  2 -7 -7 -5 -7 -8  9 -5 -5 -8 -7 -7    0   0   0   0   0   1   0   0   4   0   0   0   0   0  95   0   0   0   0   0  3.15 inf
   59 E    3 -2  5  0 -1 -1  3 -2 -1 -5 -5 -1 -2 -4 -4  1 -2 -4 -2 -4   27   1  29   5   1   1  18   1   1   0   0   2   1   0   0  12   0   0   2   0  0.66 inf
   60 S   -3 -5 -3 -4 -5 -4 -4 -4 -5 -6 -6 -4 -5 -6 -5  7 -1 -7 -6 -4    0   0   0   0   0   0   0   0   0   0   0   0   0   0   0  96   3   0   0   1  2.15 inf
   61 T   -1 -6 -6 -6  1 -5 -6 -6 -6  0 -3 -5 -2 -4 -6 -4  1 -6 -5  7    3   0   0   0   3   0   0   0   0   2   0   0   0   0   0   0   9   0   0  83  1.69 inf
   62 T   -2 -4 -3 -5 -4 -4 -4 -5  2 -2 -1 -5 -2  0 -3 -3  3 -2  8 -3    2   0   1   0   0   0   1   1   5   2   4   0   1   2   1   0  21   0  57   1  1.51 inf
   63 E    1 -1 -2  4 -5  0  4  0 -2 -4 -2 -1 -2 -4 -3 -1 -1 -2 -4 -3   16   3   0  23   0   2  35   7   1   0   3   1   1   0   0   3   2   0   0   2  0.60 inf
   64 E    1 -2 -1  3 -5  0  5 -2 -2 -3 -4  0 -3 -4  2 -1 -2 -5 -4 -3   10   1   2  16   0   2  42   2   0   1   1   6   1   0   9   4   1   0   0   1  0.67 inf
   65 N   -2 -2  3  4 -5 -2  0  4  1 -5 -5 -1 -5 -4 -4 -1 -1 -5 -3 -4    2   1  17  27   0   1   6  34   3   0   0   3   0   0   0   2   3   0   1   1  0.82 inf
   66 S    5 -4 -2 -3 -3 -2 -3 -2 -4 -4 -5 -3 -4 -5 -3  4  1 -5 -5 -3   48   0   1   1   0   1   0   2   0   0   0   0   0   0   1  38   8   0   0   1  1.04 inf
   67 P   -2 -6 -5 -2 -6 -4 -5 -6 -5 -5 -3 -5 -3  2  8 -4 -5 -3  1 -4    3   0   0   2   0   1   0   0   0   0   3   0   1   8  77   0   0   0   4   1  2.19 inf
   68 R   -1  5 -2 -3 -4  1 -2 -2  2 -3 -1  2 -1 -2 -3 -1  1 -5 -3 -3    4  42   0   1   0   7   0   2   6   1   5  10   1   2   1   4  10   0   0   1  0.62 inf
   69 A    4 -5 -5 -5  6 -4 -4 -4 -5  2 -1 -4 -1 -2  0 -2 -2 -5  0  2   37   0   0   0  21   0   0   0   0  11   4   0   1   1   4   1   1   0   3  17  0.78 inf
   70 P   -3 -4 -1  6 -6 -3 -1 -3 -4 -5 -6 -4 -6 -7  6  0 -2 -7 -5 -6    1   1   2  43   0   1   2   1   0   0   0   0   0   0  40   6   2   0   0   0  1.52 inf
   71 Q   -1  0 -3  0 -5  4  3 -4 -2 -4 -4  3 -1 -5  4 -2 -2 -5 -4 -4    5   3   0   5   0  18  19   0   1   0   1  16   2   0  25   2   2   0   0   0  0.74 inf
   72 Y    2 -1 -2 -1 -2 -1  4  0 -2  0 -2 -1 -3 -2 -3 -1 -2  1  2 -1   24   3   1   2   1   0  30   8   0   6   2   3   0   1   0   4   1   2   8   4  0.32 inf
   73 V   -3 -5 -6 -6 -4 -5 -6 -6 -6  6  2 -5 -1 -2 -5 -5 -3 -5 -3  5    1   0   0   0   0   0   0   0   0  43  17   0   0   1   0   0   0   0   0  38  1.23 inf
   74 F   -6 -5 -7 -7 -6 -7 -7 -7 -5 -3 -1 -7 -2  9 -7 -6 -6  5  3 -4    0   0   0   0   0   0   0   0   0   1   4   0   1  79   0   0   0   7   8   0  2.42 inf
   75 E   -1 -2  3  4 -6  0  5 -4 -2 -5 -5  0 -3 -6 -4 -1  0 -6 -5 -5    4   0  12  23   0   4  43   0   1   0   0   5   1   0   0   2   5   0   0   0  0.95 inf
   76 A    1 -3 -4 -5 -3 -2 -4 -4 -5 -1  5 -4  3 -3 -5  0 -3 -1 -1 -2   15   1   0   0   0   1   0   0   0   2  64   0   6   0   0   7   0   1   2   0  0.88 inf
   77 G   -3 -5  0 -1 -6 -4 -3  7 -5 -7 -7 -3 -6 -7 -6 -4 -5 -6 -6 -7    0   0   5   4   0   1   1  87   0   0   0   2   0   0   0   0   0   0   0   0  2.02 inf
   78 V   -3 -5 -6 -6 -1 -5 -6 -6 -6  5  1 -5 -1 -3 -5 -5 -3 -3 -3  5    0   0   0   0   1   0   0   0   0  37  14   0   0   0   0   0   0   0   1  46  1.25 inf
   79 P   -5 -6 -6 -6 -7 -6 -5 -6 -7 -7 -7 -5 -7 -8  9 -5 -5 -8 -7 -7    0   0   0   0   0   0   0   0   0   0   0   0   0   0 100   0   0   0   0   0  3.40 inf
   80 V   -4 -6 -6 -6 -4 -6 -6 -7 -6  5 -1 -6 -1 -4 -6 -5 -3 -6 -4  6    0   0   0   0   0   0   0   0   0  34   2   0   0   0   0   0   0   0   0  63  1.64 inf
   81 F   -5 -6 -7 -7 -5 -6 -6 -7 -6 -2  6 -6  0  2 -6 -6 -5 -5 -4 -3    0   0   0   0   0   0   0   0   0   0  92   0   1   7   0   0   0   0   0   0  1.81 inf
   82 G   -2 -6 -4 -5 -3 -6 -6  8 -6 -8 -7 -5 -6 -7 -6 -4 -5 -6 -7 -7    1   0   0   0   1   0   0  98   0   0   0   0   0   0   0   0   0   0   0   0  2.51 inf
   83 V   -5 -6 -7 -7 -5 -6 -7 -7 -7  8  0 -6 -1 -3 -6 -6 -4 -6 -5  2    0   0   0   0   0   0   0   0   0  85   4   0   1   1   0   0   0   0   0   9  2.03 inf
   84 C   -5 -8 -7 -8 12 -8 -8 -7 -8 -6 -6 -8 -6 -7 -7 -5 -5 -7 -7 -5    0   0   0   0 100   0   0   0   0   0   0   0   0   0   0   0   0   0   0   0  4.29 inf
   85 Y   -6 -6 -7 -8 -7 -6 -6 -8 -2 -6 -5 -6 -5 -1 -7 -6 -6 -2 10 -6    0   0   0   0   0   0   0   0   0   0   0   0   0   0   0   0   0   0 100   0  3.50 inf
   86 G   -4 -6 -4 -5 -6 -6 -6  8 -6 -8 -8 -5 -7 -7 -6 -4 -5 -6 -7 -7    0   0   0   0   0   0   0 100   0   0   0   0   0   0   0   0   0   0   0   0  2.62 inf
   87 M    0 -4 -4 -3 -2  2 -1 -5 -2 -2  0 -4  9 -3 -6 -2 -4 -5 -5 -3    8   0   0   1   1  11   4   0   1   1   6   0  63   0   0   2   0   0   0   1  1.68 inf
   88 Q   -5 -3 -4 -5 -7  9 -2 -5 -2 -7 -6 -3 -2 -6 -6 -4 -5 -6 -6 -6    0   0   0   0   0  97   0   1   1   0   0   0   1   0   0   0   0   0   0   0  2.88 inf
   89 T   -1 -4 -4 -5 -2 -4 -3 -5 -5 -1  4 -4 -1 -1 -5 -3  4 -4 -3  1    6   0   0   0   0   0   1   0   0   1  51   0   0   2   0   1  30   0   1   8  0.84 inf
   90 M   -4 -5 -6 -7 -5 -3 -6 -6 -6  1  0 -5 10 -4 -6 -5 -2 -6 -5 -2    1   0   0   0   0   1   0   0   0   8   7   0  79   0   0   0   3   0   0   1  2.50 inf
   91 A    5 -4 -3 -4  4 -2 -4 -2 -4 -2 -3 -3  2 -4 -4  1  2 -5 -4  1   48   0   0   0  10   1   0   1   0   1   0   0   6   0   0  10  15   0   0   9  0.79 inf
   92 M    0 -1 -1 -1 -5  3  1 -4  7 -2 -2  0  2 -2 -4 -2 -2 -1  2 -1    8   2   1   3   0  14  10   0  30   2   2   5   6   1   0   1   2   1   7   5  0.63 inf
   93 Q   -2 -2 -1 -1 -5  6 -1 -4  4 -3  0 -1  1 -3 -4 -2  0 -5 -1 -1    2   1   2   4   0  49   2   0   9   1   9   3   3   1   0   1   6   0   1   5  0.84 inf
   94 L   -5 -5 -5 -7 -3 -3 -6 -7 -1 -1  6 -5  1  3 -5 -5 -4 -3 -1 -2    0   0   1   0   0   1   0   0   2   0  80   0   3  10   0   0   0   0   1   0  1.42 inf
   95 G   -3 -6 -3 -3 -6 -5 -4  7 -4 -8 -7 -4 -6 -7 -6 -4 -5 -6 -7 -7    0   0   1   1   0   0   1  96   0   0   0   1   0   0   0   0   0   0   0   0  2.41 inf
   96 G   -2 -6 -4 -5 -6 -5 -6  8 -6 -8 -7 -4 -6 -7 -6 -3 -5 -6 -7 -7    2   0   0   0   0   0   0  97   0   0   0   0   0   0   0   0   0   0   0   0  2.47 inf
   97 H   -1  2 -1 -2 -5  1  2 -3  0 -3 -3  5 -2 -5 -3  0  0 -4 -4 -1    4  10   3   1   0   5  13   0   3   1   1  41   1   0   0   6   7   0   0   6  0.57 inf
   98 V   -3 -6 -6 -7 -4 -6 -6 -7 -7  0 -2 -6 -3 -4 -6 -4 -2 -7 -5  7    1   0   0   0   0   0   0   0   0   2   1   0   0   0   0   1   2   0   0  94  2.06 inf
   99 E    1 -1 -2  0 -4  1  5 -2 -2 -2 -4  0 -3 -5 -4  0  0 -5 -4 -1   13   2   1   4   0   6  50   2   1   3   1   4   0   0   0   4   5   0   0   6  0.69 inf
  100 A    2  2  0 -2 -3 -1 -2  2  0 -4 -4  2 -3 -3  3  2  0 -1 -3 -3   16  13   3   1   0   1   0  14   2   0   0  11   0   1  15  15   6   1   0   1  0.37 inf
  101 S    5 -4 -3 -4  0 -3 -3  3 -2 -4 -5 -3 -2 -5 -2  3 -1 -5 -5 -2   45   0   0   0   2   0   0  19   1   0   0   0   1   0   2  27   2   0   0   2  0.88 inf
  102 N   -1 -2  1  3 -4  0  2  0  4 -3 -3  0 -3 -4  1  0  1 -5 -3 -3    5   1   6  22   0   4  13   9  11   1   2   5   0   0   7   4  10   0   0   1  0.38 inf
  103 E   -1  1  1  0 -4  1  1 -3  5 -2 -2  2 -2 -3 -3 -1  1 -4 -1  1    3   5   5   4   0   7   9   1  20   2   3  17   1   0   0   3   8   0   1  11  0.36 inf
  104 R    0  7 -3 -4 -6  0 -3  0  2 -6 -5  1 -4 -6 -5  0 -4 -6 -4 -5    8  63   0   0   0   3   0   7   5   0   0   6   0   0   0   9   0   0   0   0  1.32 inf
  105 E   -5 -4 -4 -2 -8 -2  8 -6 -4 -7 -7 -3 -6 -7 -5 -4 -5 -7 -6 -7    0   0   0   0   0   0 100   0   0   0   0   0   0   0   0   0   0   0   0   0  2.60 inf
  106 F   -6 -6 -6 -7 -6 -6 -6 -7 -3 -4 -4 -6 -4  7 -7 -6 -6 -2  8 -5    0   0   0   0   0   0   0   0   0   0   0   0   0  47   0   0   0   0  53   0  2.52 inf
  107 G   -4 -6 -4 -5 -6 -6 -6  8 -6 -8 -8 -5 -7 -7 -6 -4 -5 -6 -7 -7    0   0   0   0   0   0   0 100   0   0   0   0   0   0   0   0   0   0   0   0  2.62 inf
  108 Y   -3  5 -2 -4 -6 -1 -3 -5  3 -5 -5  5 -4 -1 -2 -3 -4 -3  5 -5    1  28   1   0   0   1   0   0   6   0   0  33   0   2   2   0   0   0  24   0  1.13 inf
  109 A    6 -5 -4 -5 -3 -4 -4 -3 -5 -3 -5 -4 -4 -6 -4  0  3 -6 -5 -3   76   0   0   0   0   0   0   1   0   1   0   0   0   0   0   4  18   0   0   1  1.45 inf
  110 Q   -1 -1  0  1 -4  3  4 -3  0 -2 -2  0  0  0  0  0  0 -4  0 -2    4   2   3   8   0  14  30   0   2   2   2   4   2   6   4   6   5   0   3   2  0.34 inf
  111 V   -3 -5 -5 -6 -1 -5 -5 -5 -5  4  3 -5  0 -1 -5 -4 -1 -5 -4  4    1   0   0   0   1   0   0   0   0  26  32   0   1   1   0   0   3   0   0  35  0.94 inf
  112 E   -2  2  1  1 -2  1  3 -3  2 -2 -2  1 -2 -1 -3  0  2 -4 -1 -2    2  14   5   8   1   6  20   0   6   2   3   8   0   2   0   3  14   0   2   2  0.29 inf
  113 V    1 -3 -4 -5 -2 -3 -4 -4 -4  4  1 -3 -1  0 -1 -2 -1 -4  0  4   10   1   0   0   1   1   0   0   0  26  11   1   1   4   3   1   2   0   2  36  0.57 inf
  114 V   -1  1  1  3 -2  1  1 -3  2 -1  0  1 -2 -3 -3 -1  1 -4 -3  0    2   7   5  20   1   6   9   1   5   3   9   8   0   0   0   3  13   0   0   7  0.22 inf
  115 N    1 -1  2  2 -4  0  1  2 -1 -3 -4  1 -3 -4 -2  0  1 -4 -3 -2   10   1  11  15   0   3  11  18   1   1   1  12   0   0   1   5  10   0   0   2  0.32 inf
  116 D    0 -1  0  3 -3  1  1 -2  4 -4 -4  1 -3 -4  3  1  0 -5 -2 -3    6   2   4  20   0   5  10   2  13   0   0   7   0   0  13  10   4   0   0   1  0.45 inf
  117 S    0 -2  0  1  5 -2 -2  0  0 -3 -4 -3 -3 -5 -3  4  2 -5 -4 -3    4   1   3   7  12   1   2   6   3   1   1   0   0   0   1  42  15   0   0   1  0.64 inf
  118 A    2  0 -1  2 -3  0  0  0 -1 -2 -2  1 -2 -3  4 -1 -1 -4 -3 -1   22   6   1  13   0   2   5   5   1   1   4  11   0   0  19   3   2   0   0   3  0.33 inf
  119 L   -4 -5 -6 -6 -4 -5 -5 -6 -5  1  6 -5  1  0 -3 -5 -4 -4 -4 -1    1   0   0   0   0   0   0   0   0   7  82   0   2   2   1   0   0   0   0   2  1.41 inf
  120 V   -4 -5 -5 -6 -5 -5 -6 -6 -4 -1  3 -5 -2  8 -6 -5 -2  1  0 -2    1   0   0   0   0   0   0   0   0   2  25   0   0  64   0   0   2   1   2   1  1.64 inf
  121 R    1  1  0  2 -4  1  2 -2  1 -4 -3  2 -3 -3 -3  0  1 -4 -2 -3   14   9   4  14   0   5  15   2   3   0   1  17   0   1   0   5   9   0   1   1  0.33 inf
  122 G   -2 -4  3  4 -5 -2 -2  5 -2 -5 -5 -2 -5 -5 -4 -1 -3 -5 -5 -5    1   0  14  21   0   1   2  53   1   0   1   2   0   0   0   3   1   0   0   0  1.13 inf
  123 I   -3 -4 -4 -5 -3 -4 -4 -5 -3  5  3 -4  1  0 -4 -3  0 -1 -2  3    1   0   1   0   0   0   0   0   1  33  30   0   2   3   1   1   5   1   0  20  0.71 inf
  124 E   -1 -1  0  0 -4  1  3 -3 -2 -4 -3 -1 -2 -1  4  0 -1  5 -2 -3    5   2   4   5   0   7  22   1   1   1   1   3   1   3  22   8   2  10   0   1  0.55 inf
  125 D    0 -1  1  5 -3  1  2 -2 -2 -3 -3  1 -3 -4 -2  0 -1 -4 -3 -3    7   2   5  37   0   5  16   1   1   1   2   8   0   1   1   7   4   0   0   2  0.56 inf
  126 A    0  1  1  0 -3  0  2  1  3 -2 -2  2 -2  0  0  0 -1 -2 -1 -2    8   6   6   5   0   3  15  10   8   1   2  15   0   5   4   5   3   0   1   2  0.16 inf
  127 L    0 -1  0 -1 -2  2 -1  1 -1  0  0 -1  0 -1 -1  1  2  1 -2  0    4   2   3   1   0  13   3  11   1   8   8   2   2   2   2  12  17   2   1   7  0.12 inf
  128 T    0 -2  0  0 -2 -1 -1 -1 -1  1 -1 -1 -1  1 -2  1  3 -1 -1  0    4   2   5   5   1   2   3   3   1  13   4   2   1   7   2  10  26   1   2   8  0.15 inf
  129 A    1  0  0  1  3  0  0  0 -1 -1 -1  0 -1 -1  1  0  0 -1 -1 -1   12   5   4   8   9   3   7   5   1   3   5   6   2   2   8   8   5   1   2   5  0.08 inf
  130 D    0  0  1  2 -1  1  2  0  1 -1 -1  0 -1 -1  0  0  0 -1 -1 -1    7   3   6  12   1   4  16   7   5   3   6   4   1   2   4   7   4   1   2   4  0.09 inf
  131 G    0 -1  0  0  0 -1  0  3 -1 -1 -1 -1  0 -1  0  0  0  0 -1  0    7   4   4   4   2   3   5  27   1   4   7   4   2   3   4   5   4   1   2   9  0.11 inf
  132 K    0  0  0  0 -1  1  1  1  2 -1 -1  1 -1 -1  1  0  0  0  0 -1    7   4   5   5   1   5   8  11   8   3   5   9   1   2   6   6   6   1   3   5  0.06 inf
  133 P    1 -1  0  0 -1  0  0  2  0 -1 -1  0 -1 -1  2  0  0 -1 -1 -1   11   3   5   5   1   3   8  20   3   2   5   4   1   2  10   6   4   1   2   3  0.13 inf
  134 L    0  1 -1  0 -1  0  0  0  0  0  1  1  1 -1  0  0  0 -1 -1  0    4   9   3   4   1   4   6   6   2   3  18   9   6   2   4   6   5   1   2   5  0.03 inf
  135 L   -1 -1 -1 -1 -1  0  1 -2  1  0  2 -1  0 -1 -1  0  0 -1  1  0    4   3   2   3   1   5   9   3   5   3  34   3   1   2   2   6   4   1   5   4  0.10 inf
  136 D   -1  0  0  4 -2  3  0 -2  0 -1 -2  1 -1 -2  1 -1  0 -2 -2 -1    3   3   3  25   1  16   5   3   2   5   4   7   1   1   7   3   6   0   1   4  0.27 inf
  137 V   -3 -4 -5 -5  2 -4 -4 -5 -5  0 -2 -4  2 -3 -4 -3 -3 -5 -4  7    1   1   0   1   4   0   1   1   0   1   1   1   6   0   1   1   1   0   0  80  1.51 inf
  138 W   -7 -8 -9 -9 -7 -7 -8 -7 -7 -7 -4 -8 -6 -3 -9 -8 -7 13 -2 -8    0   0   0   0   0   0   0   0   0   0   2   0   0   1   0   0   0  98   0   0  4.92 inf
  139 M   -5 -6 -4 -8 -6 -5 -7 -7 -6 -3 -2 -6 11 -4 -7 -6 -4 -6 -5 -4    0   0   1   0   0   0   0   0   0   0   0   0  99   0   0   0   0   0   0   0  3.59 inf
  140 S   -3 -5 -3 -4 -5 -4 -4 -4 -5 -6 -7 -4 -5 -6 -5  7 -2 -7 -6 -6    0   0   0   0   0   0   0   0   0   0   0   0   0   0   0 100   0   0   0   0  2.30 inf
  141 H   -6 -5 -4 -6 -8 -4 -5 -7 11 -8 -7 -5 -6 -6 -7 -5 -6 -7 -3 -8    0   0   0   0   0   0   0   0 100   0   0   0   0   0   0   0   0   0   0   0  3.95 inf
  142 G   -2 -4 -1 -4 -5 -4 -5  7 -5 -6 -6 -4 -5 -1 -5 -1  1 -2 -5 -5    2   0   2   0   0   0   0  78   0   0   0   0   0   3   0   4  10   1   0   0  1.66 inf
  143 D   -6 -6 -3  8 -8 -4 -2 -5 -5 -4 -8 -5 -7 -7 -5 -4 -5 -8 -4 -5    0   0   0  98   0   0   0   0   0   1   0   0   0   0   0   0   0   0   1   1  2.73 inf
  144 K   -2  4 -2 -4 -5  0 -2 -4  3 -3 -1  4 -3 -1 -4  0 -2 -3  3 -4    3  20   0   0   0   3   1   0   9   1   8  31   0   2   0   8   1   0  13   0  0.63 inf
  145 V   -3 -6 -6 -7 -1 -6 -6 -6 -6  4 -1 -6 -2 -4 -6 -5 -3 -6 -4  7    0   0   0   0   1   0   0   0   0  18   3   0   0   0   0   0   0   0   0  76  1.64 inf
  146 T    1 -2  0  0 -3 -1  2 -3 -3 -1 -2 -1 -1 -4 -3  2  4 -5 -4  0    9   1   3   3   0   1  14   0   0   3   2   4   2   0   0  16  35   0   0   7  0.46 inf
  147 A    2  1 -1 -1 -3  3  3 -2 -2 -4 -3  3 -2 -5 -3 -1 -1 -5 -3 -3   24   8   3   2   0  12  21   2   0   0   1  18   1   0   0   3   4   0   0   1  0.47 inf
  148 I    0 -4 -5 -5 -3 -4 -4 -5 -5  3  4 -4  4 -1  0 -4 -2 -4 -3  2    8   0   0   0   0   0   0   0   0  16  45   0  10   1   5   0   1   0   0  13  0.72 inf
  149 P    1 -6 -6 -5 -6 -5 -5 -4 -6 -7 -7 -5 -6 -8  8 -4 -4 -8 -7 -6   10   0   0   0   0   0   0   1   0   0   0   0   0   0  88   1   0   0   0   0  2.78 inf
  150 S    1 -3 -2  2 -5  0  4 -4 -2 -5 -5 -1 -4 -6  5 -1 -2 -6 -5 -4   13   1   1  12   0   4  33   0   1   0   0   3   0   0  27   3   2   0   0   0  0.87 inf
  151 D   -3 -5 -2  1 -6 -4 -3  7 -1 -7 -7 -5 -6 -7 -5 -3 -4 -6 -6 -7    0   0   2   7   0   1   1  86   1   0   0   0   0   0   0   1   1   0   0   0  1.97 inf
  152 F   -6 -7 -7 -8 -7 -7 -7 -7 -5 -4 -4 -7 -4  9 -8 -7 -6 -1  0 -5    0   0   0   0   0   0   0   0   0   0   0   0   0  99   0   0   0   0   1   0  3.16 inf
  153 I   -2  2 -1  0 -3  1  3 -3  1 -1 -3  3 -3 -4 -3  0  1 -5 -3  1    2  10   2   3   0   5  24   1   4   2   1  18   0   0   0   5  10   0   0  14  0.37 inf
  154 T    0  0 -4 -4 -1 -3 -4 -3 -4  3  1 -1 -1 -3 -1 -2  1 -5 -3  4    7   5   0   0   1   0   0   1   0  18  11   3   0   0   3   3   9   0   0  38  0.48 inf
  155 V   -1 -4 -4 -1 -1 -4 -4 -5 -4  4  1 -4  3 -2 -4 -2  2 -4 -1  3    3   0   0   4   1   0   0   0   0  29  14   0   9   1   0   2  16   0   2  19  0.54 inf
  156 A    6 -5 -5 -5 -1 -4 -4  3 -5 -5 -4 -4 -4 -6 -4 -2 -3 -6 -5 -4   79   0   0   0   1   0   0  18   0   0   1   0   0   0   0   1   0   0   0   0  1.55 inf
  157 S   -1  0 -1 -2 -2  0  0 -3  5 -2 -4  0 -2 -3 -4  3  3 -4  0 -1    2   6   1   2   1   3   4   0  19   2   0   7   0   1   0  27  19   0   2   4  0.51 inf
  158 T   -2 -4  0 -4 -4 -4 -4 -4 -5 -5 -5 -4 -4 -6 -4  4  7 -6 -5 -4    1   0   5   0   0   0   0   0   0   0   0   0   0   0   0  33  61   0   0   0  1.56 inf
  159 E    1 -2 -1  3 -5 -1  3 -2 -2 -4 -4  0 -4 -4  4  0 -1 -5 -4 -3   15   2   2  21   0   1  21   3   0   0   1   5   0   0  21   4   2   0   0   1  0.61 inf
  160 S   -2 -2  6  1 -4 -2 -2  1  1 -4 -5 -2 -4 -5 -4  3  1 -6 -3 -2    2   1  39   7   0   1   1  10   4   1   0   1   0   0   0  22   9   0   1   2  0.76 inf
  161 C    3 -5 -5 -5  9 -5 -5 -5 -5 -3 -4 -5 -4 -6 -5  1  2 -6 -5 -2   25   0   0   0  49   0   0   0   0   1   0   0   0   0   0   9  13   0   0   2  1.71 inf
  162 P   -3 -6 -4 -3 -7 -5 -2 -6 -5 -7 -5 -4 -6 -7  9 -4 -4 -8 -7 -6    2   0   1   1   0   0   3   0   0   0   1   1   0   0  91   1   0   0   0   0  2.83 inf
  163 F   -3 -5 -3 -4  2 -4 -3 -6 -1  4 -1 -5 -1  4 -5 -4 -2 -3  3  3    1   0   1   1   4   0   2   0   1  31   3   0   1  21   0   0   1   0  12  22  0.80 inf
  164 A    7 -5 -5 -5  1 -4 -4 -3 -5 -5 -4 -4 -4 -6 -4 -1 -3 -6 -5 -3   92   0   0   0   3   0   0   1   0   0   0   0   0   0   0   3   1   0   0   1  1.84 inf
  165 I    6 -5 -4 -5 -4 -4 -4  2 -5  1 -3 -4  0 -4 -4 -1 -3 -5 -5  0   66   0   0   0   0   0   0  14   0   7   1   0   2   0   0   3   0   0   0   7  1.06 inf
  166 M   -1 -5 -6 -6 -1 -4 -5 -6 -5  5 -1 -5  8  1 -6 -4 -1 -5 -4  1    4   0   0   0   1   0   0   0   0  30   2   0  45   5   0   1   4   0   0   9  1.39 inf
  167 A    5 -1 -3 -3 -3  1  2  0 -2 -4 -4 -1 -3 -4 -4  1 -2 -5 -2 -2   54   3   0   0   0   6  16   6   1   0   0   3   0   0   0   8   0   0   1   2  0.73 inf
  168 N   -4 -3  6  6  0 -3 -2 -4  4 -6 -5 -3 -3 -6 -5 -3 -4 -3 -4 -6    0   1  38  44   2   0   1   0  10   0   1   0   1   0   0   1   0   0   0   0  1.52 inf
  169 E   -1  0 -1  2 -5  0  4 -2  2 -3 -2  1 -3 -4  2 -1 -1 -5 -3 -1    5   5   1   9   0   2  37   2   5   1   3   6   0   0  10   2   4   0   0   6  0.46 inf
  170 E    1 -2  0  2 -4  0  4 -2 -2 -4 -4  1 -4 -5 -3  1  0 -5 -4 -2   15   1   3  12   0   3  35   2   0   1   0   9   0   0   0  10   7   0   0   2  0.54 inf
  171 K   -4  7 -3 -4 -5  0 -2 -4 -3 -6 -4  5 -4 -6 -5 -3 -4 -6 -5 -5    0  53   0   0   0   2   1   1   0   0   2  39   0   0   0   0   0   0   0   0  1.61 inf
  172 R   -3  4  3 -2 -4  1 -2 -1  3 -5 -5  4 -4 -5  1 -2 -3 -5 -4 -5    1  28  13   1   0   6   0   5   8   0   0  30   0   0   6   1   0   0   0   0  0.83 inf
  173 F   -4 -5 -6 -6 -3 -5 -6 -6 -4  2  3 -5  1  6 -6 -5 -4  3  3 -2    0   0   0   0   0   0   0   0   0  12  28   0   4  41   0   0   0   4  10   1  1.18 inf
  174 Y   -6 -6 -6 -7 -7 -6 -6 -7 -2 -5 -5 -6 -5  3 -7 -6 -6  0 10 -5    0   0   0   0   0   0   0   0   0   0   0   0   0   8   0   0   0   1  90   0  3.05 inf
  175 G    4 -5 -4 -5 -2 -5 -5  6 -5 -6 -6 -4 -5 -6 -5 -3 -2 -6 -6 -5   31   0   0   0   1   0   0  65   0   0   0   0   0   0   0   0   2   0   0   0  1.60 inf
  176 V   -3 -5 -6 -6 -4 -5 -5 -6 -6  3  2 -5  1 -1 -5 -4 -1 -5 -4  6    0   0   0   0   0   0   0   0   0  13  15   0   3   3   0   0   4   0   0  62  1.20 inf
  177 Q   -5 -3 -4 -5 -7  9 -2 -6 -4 -7 -6 -3 -1 -8 -6 -4 -5 -6 -6 -6    0   0   0   0   0  98   0   0   0   0   0   0   2   0   0   0   0   0   0   0  2.94 inf
  178 F   -6 -7 -7 -8 -7 -7 -7 -7 -5 -4 -4 -7 -3  9 -8 -6 -6 -1  1 -5    0   0   0   0   0   0   0   0   0   0   0   0   0  97   0   0   0   0   2   0  3.07 inf
  179 H   -6 -5 -4 -6 -8 -3 -5 -7 11 -8 -7 -5 -6 -6 -7 -5 -6 -7 -3 -8    0   0   0   0   0   0   0   0 100   0   0   0   0   0   0   0   0   0   0   0  3.92 inf
  180 P   -2 -6 -6 -6 -7 -5 -5 -6 -6 -7 -5 -5 -6 -8  9 -5 -4 -8 -7 -6    3   0   0   0   0   0   0   0   0   0   1   0   0   0  94   0   1   0   0   0  3.07 inf
  181 E   -5 -4 -4 -2 -8 -2  8 -6 -4 -7 -7 -3 -6 -7 -5 -4 -5 -7 -6 -7    0   0   0   0   0   0 100   0   0   0   0   0   0   0   0   0   0   0   0   0  2.60 inf
  182 V   -4 -6 -7 -7 -5 -6 -6 -7 -7 -1 -3 -6 -3 -5 -6 -5 -3 -7 -5  8    0   0   0   0   0   0   0   0   0   0   0   0   0   0   0   0   1   0   0  99  2.31 inf
  183 T    0  2 -1 -4 -3  0 -1 -4  1 -1 -1 -2  1 -3 -4 -2  4 -5 -2  3    7  11   3   0   0   3   3   0   3   1   6   0   4   0   0   1  32   0   1  25  0.45 inf
  184 H   -6 -5  0 -5 -8 -4 -4 -6 11 -8 -7 -5 -6 -6 -7 -5 -6 -7 -3 -8    0   0   4   0   0   0   0   0  96   0   0   0   0   0   0   0   0   0   0   0  3.73 inf
  185 T   -3 -5 -3 -5 -3 -4 -4 -5 -5 -5 -5 -4 -4 -6 -5  3  7 -6 -5 -4    0   0   0   0   0   0   0   0   0   0   0   0   0   0   0  21  78   0   0   0  1.92 inf
  186 R   -2  0 -3 -1 -3  1  2 -4 -1 -1  0  1 -2 -4  5 -2 -1 -5 -2  1    2   6   0   2   0   6  18   0   2   2   8   8   0   0  27   1   4   0   1  12  0.50 inf
  187 Q   -3  1  1  2 -1  4  1 -2  3 -4 -3  0 -2  1 -4 -2 -3 -3  3 -4    1   5   7  10   2  27   9   3   7   0   2   6   1   7   0   2   0   0  12   0  0.49 inf
  188 G   -4 -6 -4 -5 -6 -6 -6  8 -6 -8 -8 -5 -7 -7 -6 -4 -5 -6 -7 -7    0   0   0   0   0   0   0 100   0   0   0   0   0   0   0   0   0   0   0   0  2.62 inf
  189 M    1  1  1 -1 -3  1  0 -1 -1 -1 -1  3  2 -2 -3 -1  1 -4 -2 -2   15   6   8   3   0   7   5   3   1   3   6  20   7   1   0   3  10   0   1   1  0.19 inf
  190 R    1  3 -1  2 -4  2  2 -3 -1 -3 -3  3 -2 -4 -3 -1  0 -5 -4 -2   17  16   2  12   0  10  13   0   1   1   1  18   0   0   0   1   5   0   0   2  0.40 inf
  191 M   -4 -5 -6 -6 -4 -5 -6 -6 -6  5  3 -5  7 -2 -6 -5 -4 -5 -3  0    0   0   0   0   0   0   0   0   0  38  31   0  28   0   0   0   0   0   1   3  1.37 inf
  192 L   -4 -5 -6 -7 -4 -5 -6 -7 -6  4  6 -6 -1  0 -6 -5 -4 -4  0 -2    0   0   0   0   0   0   0   0   0  24  70   0   0   3   0   0   0   0   3   0  1.38 inf
  193 E    0  4  0  0 -4  1  3 -1  2 -5 -4  3 -3 -4 -3  1 -1 -4 -3 -4    6  25   3   3   0   4  18   4   5   0   0  18   0   0   0  11   2   0   0   0  0.53 inf
  194 R   -4  4  8 -2 -6 -2 -4 -4  3 -7 -7 -3 -5 -6 -5 -2 -2 -7 -5 -6    1  20  67   0   0   1   0   0   8   0   0   0   0   0   0   1   2   0   0   0  1.83 inf
  195 F   -6 -7 -7 -8 -7 -7 -7 -7 -5 -4 -4 -7 -4  9 -8 -7 -6 -3  0 -5    0   0   0   0   0   0   0   0   0   0   0   0   0  99   0   0   0   0   1   0  3.18 inf
  196 V    2 -5 -5 -6 -2 -5 -5 -5 -6  1  2 -5 -2 -3 -5 -4 -1 -5 -4  6   15   0   0   0   0   0   0   0   0   3  22   0   0   0   0   0   4   0   0  55  0.99 inf
  197 R   -4  2 -3 -4 -3 -3 -3 -4  5 -1  1 -1 -1  5 -5 -3 -3 -2  4  0    0  14   1   1   0   0   1   0  13   3  14   4   1  23   0   1   0   0  18   6  0.65 inf
  198 D   -2  0  3  4 -5  0  2  1  3 -5 -5  2 -4 -4 -3 -1 -2 -5 -2 -4    2   5  17  22   0   3  14   9   8   0   0  15   0   0   0   2   1   0   1   0  0.54 inf
  199 I   -3 -6 -6 -5 -3 -5 -5 -7 -6  7 -1 -6 -1 -3 -6 -5 -3 -6 -4  5    1   0   0   0   0   0   0   0   0  60   3   0   0   0   0   0   0   0   0  34  1.55 inf
  200 C    2 -7 -7 -7 11 -7 -7 -6 -7 -5 -5 -7 -5 -6 -7 -2 -5 -7 -6 -3   14   0   0   0  82   0   0   0   0   0   0   0   0   0   0   2   0   0   0   2  3.22 inf
  201 Q   -2 -3  0  0 -3  1 -1  6  1 -6 -6  1 -5 -6 -5 -3 -4 -6 -5 -6    1   1   4   4   1   6   4  67   4   0   0   8   0   0   0   1   0   0   0   0  1.27 inf
  202 C    1 -6 -6 -7 10 -6 -6 -6 -6 -2  1 -6 -3  0 -6 -3 -3 -6 -5 -2   13   0   0   0  64   0   0   0   0   2  12   0   0   4   0   1   1   0   0   3  2.17 inf
  203 E    0  1 -1  0 -4  1  3 -1  0 -4 -4  3 -3 -5 -2  1  1 -5 -3 -2    9   6   1   3   0   5  25   3   3   0   0  19   0   0   1  13  10   0   0   2  0.40 inf
  204 A    2 -1 -1 -3 -3 -2 -3  5 -2 -5 -5 -1 -3 -5  3  0 -1 -5 -3 -4   15   2   2   1   0   2   1  47   1   0   0   5   1   0  14   6   4   0   1   0  0.80 inf
  205 L   -3 -3  3  6 -5 -1 -1 -2 -2 -3  1 -2 -4 -5 -4 -1  1 -6 -5 -3    1   1  13  47   0   2   2   2   1   1  13   2   0   0   0   4  11   0   0   2  0.83 inf
  206 W   -8 -8 -9 -9 -7 -7 -8 -7 -7 -8 -7 -8 -6 -4 -9 -8 -7 13 -2 -8    0   0   0   0   0   0   0   0   0   0   0   0   0   0   0   0   0 100   0   0  5.11 inf

                      K         Lambda
Standard Ungapped    0.1361     0.3212
Standard Gapped      0.0687     0.2670
PSI Ungapped         0.2244     0.3149
PSI Gapped           0.0687     0.2670
