
Last position-specific scoring matrix computed, weighted observed percentages rounded down, information per position, and relative weight of gapless real matches to pseudocounts
           A  R  N  D  C  Q  E  G  H  I  L  K  M  F  P  S  T  W  Y  V   A   R   N   D   C   Q   E   G   H   I   L   K   M   F   P   S   T   W   Y   V
    1 S   -2 -4 -3 -4 -5 -4 -4 -4 -5 -6 -6 -4 -5 -6 -4  7 -2 -7 -5 -5    0   0   0   0   0   0   0   0   0   0   0   0   0   0   0 100   0   0   0   0  2.20 inf
    2 V   -3 -3 -5 -5 -3 -3 -4 -5 -4  3  4 -3  2  0 -3 -4 -1 -4  0  3    0   1   0   0   0   1   0   0   0  16  39   1   3   3   1   0   3   0   4  26  0.64 inf
    3 G   -2 -6 -4 -5 -4 -5 -6  7 -6 -7 -7 -5 -6 -7 -6 -3 -4 -6 -6 -3    1   0   0   0   0   0   0  95   0   0   0   0   0   0   0   1   1   0   0   2  2.27 inf
    4 V   -1 -6 -6 -6 -4 -5 -6 -6 -6  4 -1 -5  1 -4 -5 -5 -3 -6 -4  6    3   0   0   0   0   0   0   0   0  25   1   0   3   0   0   0   0   0   0  68  1.48 inf
    5 N    1 -4  8 -2 -5  0 -3 -3  1 -6 -6 -3 -2 -6 -4 -2  0 -6 -1 -5   13   0  70   0   0   3   0   0   3   0   0   0   1   0   1   1   5   0   2   0  1.59 inf
    6 V    0 -5 -5 -6 -3 -4 -5 -5 -5  3  4 -5  2 -2 -5 -4 -1 -4 -3  4    6   0   0   0   0   0   0   0   0  12  42   0   5   0   0   0   4   0   0  31  0.81 inf
    7 M   -3 -4 -5 -6  0 -2 -5 -6 -5  0  5 -4  4  2 -5 -3  0 -4 -3  1    1   0   0   0   2   2   0   0   0   4  56   0  13   9   0   2   5   0   0   7  0.85 inf
    8 L   -1 -1  1 -2 -2 -1 -2 -3  0  0  2  0  2  3 -4 -1  0  2  0  0    6   3  11   0   1   3   2   1   2   4  21   5   8  18   0   3   5   3   2   4  0.18 inf
    9 K    0  2  1 -1 -4  1  1 -2  0 -3 -3  5 -1 -2 -3 -1 -2  2  0 -3    8  10   5   2   0   6   8   3   2   1   2  38   2   2   0   3   0   3   4   1  0.45 inf
   10 L   -2 -5 -6 -6 -4 -5 -5 -6 -5  3  5 -5  2 -1 -5 -5 -2 -4 -4  1    3   0   0   0   0   0   0   0   0  14  70   0   4   1   0   0   2   0   0   7  1.16 inf
   11 L    0 -4 -1 -4 -1 -4 -4 -4 -4  1  4 -4 -1 -2 -4 -1  1 -4 -3  4    8   0   4   0   1   0   0   0   0   5  38   0   0   0   0   3  11   0   0  30  0.57 inf
   12 E    0  2  0  0 -5  1  4 -2 -1 -4 -4  3 -4 -4  0 -1 -2 -5 -3 -4    8  13   3   3   0   6  29   2   1   0   0  24   0   0   5   3   1   0   0   0  0.58 inf
   13 K   -1  1 -1  0 -1  2  1 -3 -1  1  0  2  2 -2 -3 -1  0 -3 -1  0    4   6   2   5   1  14  11   0   0   9  10  16   6   1   0   3   6   0   2   4  0.16 inf
   14 A    5 -4 -4 -5 -1 -4 -4 -3 -4  0  1 -4  0 -1 -4 -1 -1 -4 -2  1   57   0   0   0   1   0   0   1   0   4  14   0   2   3   0   1   4   0   1  12  0.72 inf
   15 A    5 -4 -3 -4 -2 -2 -3 -1 -4 -3 -4 -3 -3 -5 -4  2  1 -5 -3  1   62   0   1   0   0   1   0   2   0   1   0   0   0   0   0  13   9   0   0   9  0.93 inf
   16 K    2  3 -1 -1 -4  2  0 -2 -1 -4 -3  4 -3 -4  1  0 -1 -5 -4 -3   18  16   2   2   0   7   6   2   1   0   1  31   0   0   7   4   3   0   0   0  0.49 inf
   17 V    2 -1 -2 -3 -2 -1 -2 -2 -2  2  1 -1  1 -1 -3  0  0 -3 -1  2   19   3   1   0   0   2   2   2   1  13  15   5   5   1   0   4   6   0   2  18  0.17 inf
   18 M   -4 -5 -6 -6 -4 -5 -4 -6 -5  1  6 -5  3  2 -5 -4 -4 -4 -3 -1    0   0   0   0   0   0   1   0   0   6  74   0   8   8   0   1   0   0   0   1  1.27 inf
   19 G    1  0  0  1 -2  0 -1  4 -1 -3 -3  1 -2 -2  1  0 -2 -3 -1 -3   11   5   4   9   1   3   2  32   1   0   2   9   1   2   7   6   1   0   3   1  0.32 inf
   20 D   -1 -2  2  5 -4  0  3  0 -1 -4 -4  0 -4 -4  0  0 -2 -5 -2 -4    4   0  12  33   0   3  18   8   1   1   1   4   0   0   5   7   1   0   1   0  0.56 inf
   21 Y    0 -1  1  3 -3  0  1  2 -1 -2 -3  0 -1 -1 -1  0  0  0  1 -2    6   1   7  19   0   3  10  18   1   2   2   5   1   2   2   7   6   1   7   1  0.21 inf
   22 T   -2 -4 -4 -5  0 -2 -4 -5 -2 -2 -3 -4 -2  5 -5 -1 -1  7  7 -1    3   0   0   0   2   2   0   0   0   2   1   0   1  25   0   5   3  14  38   3  1.23 inf
   23 D   -5 -5  0  8 -6 -2 -1 -4 -1 -6 -4 -4 -6 -6 -5 -3 -4 -7 -6 -6    0   0   2  92   0   1   1   0   1   0   2   0   0   0   0   0   0   0   0   0  2.24 inf
   24 I   -1 -5 -5 -5  2 -4 -5 -4 -5  6  0 -4  2  0 -4 -2 -2 -4 -3  3    6   0   0   0   4   0   0   1   0  56   3   1   5   3   0   2   1   0   0  19  0.89 inf
   25 E   -3 -1 -2  1 -6  1  7 -4 -3 -6 -6 -1 -5 -6 -4 -2 -4 -6 -5 -5    1   3   1   5   0   4  82   1   0   0   0   2   0   0   0   2   0   0   0   0  1.63 inf
   26 I   -4 -5 -6 -6 -4 -5 -6 -6 -6  7  1 -5  1 -3 -5 -5 -3 -5 -4  3    0   0   0   0   0   0   0   0   0  68  10   0   3   0   0   0   0   0   0  18  1.36 inf
   27 I   -2 -3 -4 -4 -1 -3 -3 -5  0  4  2 -3  1  0 -4 -2  1  2 -1  3    1   1   0   0   1   1   2   0   2  30  15   1   3   4   0   1   9   3   1  26  0.46 inf
   28 E   -4 -3 -3  1 -7 -1  8 -5 -3 -7 -6 -2 -5 -7 -4 -3 -4 -6 -5 -6    0   0   0   5   0   0  95   0   0   0   0   0   0   0   0   0   0   0   0   0  2.15 inf
   29 A    2  0 -3 -3 -3  0 -2 -2 -2  2 -1  1  5 -2 -3 -1  1 -4 -2  0   26   5   0   0   0   3   0   1   0  14   3  11  19   1   0   3   9   0   1   4  0.30 inf
   30 H   -5 -4 -3 -5 -7 -3 -4 -6 11 -7 -7 -4 -5 -5 -6 -5 -5 -6 -2 -7    0   0   0   0   0   0   0   0 100   0   0   0   0   0   0   0   0   0   0   0  3.59 inf
   31 H   -5 -4 -3  0 -7 -3 -4 -6 11 -7 -7 -4 -5 -5 -6 -4 -5 -6 -2 -7    0   0   0   5   0   0   0   0  95   0   0   0   0   0   0   0   0   0   0   0  3.30 inf
   32 R   -3  6  4 -3 -5  0 -2 -3  0 -4 -5  1 -4 -5 -4 -1 -2 -5 -4 -3    1  54  24   0   0   2   1   1   2   1   0   8   0   0   0   3   2   0   0   2  1.10 inf
   33 H   -2  3  0 -2 -4  2 -1 -2  6 -4 -2  1  0  1 -4 -2 -2  1  1 -4    3  22   5   1   0  10   1   2  23   0   4   9   3   6   0   0   1   2   4   0  0.51 inf
   34 K   -3  0 -2 -3 -4 -1 -2 -3 -3 -4 -4  7 -3 -5 -3 -2 -3 -4 -4 -4    1   1   1   1   0   0   1   1   0   1   1  89   0   0   1   1   1   0   0   1  1.70 inf
   35 V   -1  1 -2 -3 -2  0 -1 -3 -3  1  0  4  0 -3 -3 -2 -1 -3 -3  3    4   7   1   1   1   3   2   1   0   7   7  34   1   0   1   1   1   0   0  27  0.37 inf
   36 D   -4 -4 -1  8 -5 -3 -1 -2 -3 -5 -5 -3 -4 -5 -3 -2 -3 -5 -4 -5    1   1   1  87   0   0   1   3   0   1   1   1   0   0   1   1   1   0   0   1  1.92 inf
   37 A    6 -3 -3 -3 -2 -2 -2 -1 -3 -2 -3 -1 -3 -3 -2  2 -2 -4 -2 -2   70   1   1   1   0   0   1   2   0   3   1   3   0   0   1  13   1   0   2   2  0.89 inf
   38 P   -3 -4 -4 -4 -4 -3 -3 -4 -4 -2 -4 -3 -4 -5  8 -3 -3 -5 -4 -4    1   1   1   1   0   0   1   1   0   3   1   1   0   0  87   1   1   0   0   1  2.45 inf
   39 S   -1 -3 -2 -3 -3 -2 -2 -3 -3 -4 -4 -2 -3 -4 -3  7 -1 -4 -4 -4    1   1   1   1   0   0   1   1   0   1   1   1   0   0   1  89   1   0   0   1  1.52 inf
   40 G   -3 -5 -3 -4 -6 -5 -5  7 -5 -7 -7 -5 -6 -6 -5 -3 -5 -6 -6 -6    0   0   0   0   0   0   0 100   0   0   0   0   0   0   0   0   0   0   0   0  2.38 inf
   41 T   -2 -3 -3 -4 -4  3 -3 -4 -4 -4 -4 -3 -3 -5 -4 -1  7 -5 -4 -3    1   0   0   0   0  12   0   0   0   0   0   0   0   0   0   2  82   0   0   0  1.62 inf
   42 A    6  2 -4 -4 -3 -3 -3 -3 -4 -4 -3 -3 -3 -5 -4  0 -1 -5 -4 -3   77  12   0   0   0   0   0   0   0   0   2   0   0   0   0   6   3   0   0   0  1.18 inf
   43 L   -2 -2 -1 -4 -3 -3 -3 -4 -4  2  4  0  1 -1 -4 -3 -2  6 -1  1    3   2   3   0   0   0   1   0   0  10  47   8   3   1   0   0   1  12   1   7  0.58 inf
   44 A    0  1 -2 -2 -3  2  1 -2 -1 -1  1  2  4 -2 -3  0  1 -3 -2 -2    9   9   0   0   0  12   7   2   1   2  12  12  16   1   0   5  12   0   0   0  0.24 inf
   45 M   -1 -4 -5 -5 -3 -4 -5 -5 -4  2  4 -4  4  0 -5 -4 -3  6 -2 -1    5   0   0   0   0   0   0   0   0  12  51   0  14   2   0   0   1  12   0   1  0.93 inf
   46 G    3 -2 -3 -3 -3 -2 -3  4 -3 -2  0 -1 -3 -2 -3 -1 -2 -4 -1 -1   35   1   0   0   0   1   1  39   0   1   9   3   0   1   0   1   1   0   3   4  0.61 inf
   47 E   -1  0  1  3 -5  1  5 -2 -1 -5 -4  1 -4 -5 -3 -1 -2 -5 -4 -4    4   4   6  13   0   6  53   2   1   0   1   6   0   0   0   2   1   0   0   0  0.85 inf
   48 A    4 -1 -2 -2  0 -2 -1 -1 -1  2 -2 -2  0 -3 -3  0  0 -4 -3  2   42   3   1   1   2   1   3   3   1  13   1   1   2   0   0   7   5   0   0  15  0.33 inf
   49 I    1 -4 -4 -5  0 -4 -4 -4 -5  5  1 -4  2 -2 -4 -3 -1 -4 -3  3   15   0   0   0   2   0   0   0   0  47  13   0   4   0   0   0   3   0   0  15  0.70 inf
   50 A    4 -1  1 -1  1  1  0  1 -3 -2 -1  0 -2 -4 -3  0 -1 -4 -3 -2   44   2   7   2   3   5   4  12   0   1   5   7   1   0   0   4   1   0   0   2  0.35 inf
   51 H   -1  2  0  1 -2  1  3 -1  1 -3 -2  2 -2 -4 -2  1 -1 -2 -2 -3    4  15   4   9   1   3  26   5   5   0   4  11   1   0   1   9   1   0   1   1  0.32 inf
   52 A    4 -3 -1 -2 -2 -1  0  3 -3 -3 -2 -2 -3 -4 -2  0  0 -4 -3  0   40   0   3   1   1   2   7  21   0   1   4   1   0   0   1   6   7   0   1   5  0.46 inf
   53 L   -1  4 -2 -3 -2 -1 -2 -3 -3  0  2  0  2 -1 -4 -1 -1  6 -2 -1    4  25   2   0   1   2   1   1   0   5  24   6   6   2   0   3   2  10   1   2  0.42 inf
   54 D   -2 -1  4  3 -4 -1  0  4 -1 -5 -5  1 -4 -4 -1 -1 -3 -4 -4 -4    2   4  19  14   0   3   5  35   1   0   1   8   0   1   4   2   0   0   0   1  0.61 inf
   55 K   -1  2  1  0 -3  0  1 -2 -1  0 -1  2 -2 -2 -1 -1 -1  1 -1  1    3  15   7   3   0   4  11   2   1   4   7  18   0   1   2   3   4   3   2  12  0.17 inf
   56 D    0 -1  1  4 -2  1  2 -1 -1 -2 -3  0 -2 -3  0  0  0 -4 -3 -2    7   3   8  31   1   5  12   3   1   2   2   5   1   1   5   6   5   0   0   2  0.37 inf
   57 L   -1 -2 -3 -3 -2 -2 -1 -1  0  0  4 -2  1  1 -1 -2 -1  1  2 -1    5   2   1   1   1   1   4   5   2   3  47   2   2   7   3   2   3   2   7   2  0.33 inf
   58 K    0 -1  1  2 -3  1  2 -1 -2 -3 -3  3 -3 -3  0  1 -1  0 -1 -2    8   2   5  12   0   4  14   5   0   1   1  24   0   1   4   9   3   1   2   3  0.31 inf
   59 D   -1 -1  1  4 -2  1  2 -2  0 -2 -2  1 -1 -2 -1  0  0  0 -1 -2    4   2   6  23   1   7  12   3   2   2   3  10   1   2   2   8   6   1   2   3  0.25 inf
   60 C   -1 -1  0  0  4  0  0 -2  3  0  0 -1 -1 -2 -1 -1  0 -2 -1  2    4   4   6   4  12   3   7   2   7   5   7   3   1   1   3   3   4   1   1  22  0.17 inf
   61 A    3  1 -1 -2 -2  0 -2  0  0 -1 -1 -1 -1 -1  0  0 -1 -1  3 -1   26   7   3   1   0   5   2   5   2   3   7   3   1   2   5   7   2   1  12   5  0.16 inf
   62 V   -1  0 -1 -1  1 -1 -1 -3 -2  2 -1 -2 -1 -3 -3 -2  0 -4 -1  5    4   5   3   4   3   3   4   2   1  10   3   2   1   1   1   2   5   0   2  44  0.44 inf
   63 Y   -2  0 -1 -3 -3 -2 -3 -4  3 -3 -1 -1 -2  2 -2  0 -1  1  7 -2    3   6   3   2   1   1   1   1   7   1   5   4   1   9   2   6   3   1  43   2  0.91 inf
   64 S    0 -3  0  3 -1 -2 -1  5  0 -2 -3 -3 -4 -4 -2  1 -2 -4 -3 -2    6   1   3  15   1   1   4  43   2   2   2   1   0   0   2  10   2   0   1   4  0.63 inf
   65 R   -3  8 -1 -3 -5 -2 -3 -3 -4 -5 -4  0 -4 -3 -5 -3 -3 -2 -2 -5    2  77   2   1   0   1   1   3   0   1   1   3   0   1   1   2   1   1   1   1  1.86 inf
   66 E   -2 -2  0  3 -3  0  4 -1  4 -3 -3  0 -3 -3 -3  1 -1 -1  0 -3    3   1   3  16   1   4  29   4   9   1   3   5   0   1   1  10   4   1   3   2  0.46 inf
   67 G   -2 -3 -2 -2 -2  0 -2  6 -3 -4 -4 -2 -4 -3 -1  0 -1 -5 -4 -3    2   1   2   2   1   4   3  63   0   1   1   2   0   2   3   7   4   0   0   2  1.09 inf
   68 H   -2  0  1 -1 -3  0  0 -2  3  2  0  0  1  0 -1 -1 -2 -2  2  1    2   7   8   3   0   5   5   3   9  17   8   4   4   2   2   3   1   0   9   9  0.13 inf
   69 T   -2  1  0  0  0 -1 -1 -3  0  1 -2 -1 -1 -3 -1  0  4 -4 -2  0    2  10   4   6   2   3   3   1   2   8   2   2   1   1   2   7  35   0   1   7  0.36 inf
   70 G    0 -2 -1 -2 -1  0  1  5 -3 -3 -3  0 -3 -4  0 -2 -2 -4 -4 -3    8   2   2   2   1   3   8  49   1   1   3   6   1   1   4   2   2   0   1   2  0.69 inf
   71 E    2  0 -2 -2 -1  0  4 -3 -2 -2 -3  3 -3 -4  3 -2 -2 -4 -4 -2   17   3   2   1   1   3  26   1   1   2   2  19   1   0  16   2   1   0   0   3  0.55 inf
   72 R   -3  8 -2 -3 -5 -1 -3 -3 -4 -5 -4 -1 -4 -5 -5 -2 -4 -5 -4 -4    2  78   2   1   0   3   1   2   0   1   1   2   0   0   1   2   1   0   0   1  1.91 inf
   73 V   -1  0 -1  2 -3  1  2 -1 -2 -2 -3  2 -2 -3  2  1  1 -4 -3  0    3   3   1  12   0   6  17   4   1   1   2  13   1   1  11   9   9   0   0   7  0.28 inf
   74 P    0  1 -1  0 -4  0  1 -2  0 -3 -3  3 -3 -4  4  0  0 -4 -2 -2    7   9   2   5   0   4   8   2   2   1   2  20   0   0  22   5   4   0   1   4  0.44 inf
   75 G   -2 -1  3  2 -2 -1  1  4 -1 -5 -5  3 -4 -5 -4 -1 -2 -2 -3 -4    2   2  15  11   1   2   7  31   1   0   1  18   0   0   0   4   2   0   1   0  0.61 inf
   76 T   -1 -2 -1  2 -5  1  5 -2 -2 -4 -5  0 -4 -5 -3  0  2 -5 -4 -3    4   1   2   9   0   5  44   3   1   1   1   6   0   0   1   6  16   0   0   1  0.77 inf
   77 I   -5 -6 -6 -6 -5 -6 -6 -7 -6  8  0 -6 -1 -4 -4 -6 -4 -6 -5  1    0   0   0   0   0   0   0   0   0  82   6   0   1   0   1   0   0   0   0   7  2.07 inf
   78 G   -1 -5 -1 -4 -2 -5 -2  7 -1 -6 -4 -3 -5 -6  0 -3 -4 -6 -6 -5    3   0   3   0   1   0   3  76   2   0   3   1   0   0   4   1   1   0   0   1  1.64 inf
   79 F   -5 -6 -6 -7 -5 -6 -6 -7 -5  5 -2 -6  2  6 -6 -6 -5 -4  2  2    0   0   0   0   0   0   0   0   0  33   2   0   5  37   0   0   0   0   6  16  1.43 inf
   80 A    3 -3  0 -4 -5  0 -1 -4  8 -5 -4 -4  1 -1 -5  3 -2 -6 -1 -4   24   1   4   0   0   4   3   0  33   0   1   0   3   3   0  19   2   0   1   1  1.04 inf
   81 T    4 -4 -4 -4 -2 -4 -4 -2 -5 -2 -4 -4 -4 -4 -2  4  3 -6 -5  1   31   0   0   0   1   0   0   1   0   2   0   0   0   1   2  32  20   0   0  10  0.86 inf
   82 V   -3 -2 -5 -6  0 -5 -4 -6 -6  4  3 -5  1 -2 -5 -1 -2 -5 -4  4    0   2   0   0   2   0   1   0   0  23  33   0   2   1   0   6   1   0   0  30  0.84 inf
   83 R   -6  9 -5 -6 -8 -3 -5 -7 -5 -7 -7 -2 -6 -7 -7 -5 -6 -7 -6 -7    0  98   0   0   0   0   0   0   0   0   0   0   0   0   0   0   0   0   0   0  3.00 inf
   84 A    4 -5 -4 -5 -4 -4 -2  6 -2 -3 -3 -2 -1 -6 -5 -2 -2 -6 -6 -2   31   0   0   0   0   0   2  52   1   2   2   3   2   0   0   1   2   0   0   3  1.12 inf
   85 G   -3 -4 -5 -6 -7 -6 -3  8 -6 -8 -8 -6 -7 -8 -4 -4 -6 -7 -7 -8    2   1   0   0   0   0   2  94   0   0   0   0   0   0   1   0   0   0   0   0  2.49 inf
   86 D   -2 -4  2  6 -5 -1  0  1 -2 -6 -6 -3 -5 -6 -5  0  3 -6 -6 -4    2   0  10  43   0   2   4  12   1   0   0   1   0   0   0   7  16   0   0   1  0.94 inf
   87 I   -4 -6 -3 -4 -5 -6 -3 -5 -7  6 -2 -6 -3 -4 -6 -5 -4 -6 -3  5    0   0   1   1   0   0   2   1   0  52   1   0   0   0   0   0   0   0   1  39  1.56 inf
   88 V    0 -4 -5 -6 -4 -5 -5 -6 -2  2 -2 -5 -3 -1  3 -3 -1 -6 -4  6    6   1   0   0   0   0   0   0   1  10   2   0   0   2  13   2   3   0   0  60  1.13 inf
   89 G   -4 -7 -5 -6 -7 -6 -6  8 -6 -8 -8 -6 -7 -7 -6 -1 -6 -7 -7 -7    0   0   0   0   0   0   0  95   0   0   0   0   0   0   0   5   0   0   0   0  2.53 inf
   90 E   -4  0 -3  5 -7 -1  6 -5 -4 -2 -6 -1 -5 -5 -5 -2  0 -7 -4 -3    0   4   0  29   0   1  48   0   0   3   0   3   0   0   0   2   6   0   0   2  1.20 inf
   91 H   -7 -5 -4 -6 -8 -5 -5 -7 11 -9 -8 -6 -7 -6 -7 -6 -7 -8 -3 -8    0   0   0   0   0   0   0   0 100   0   0   0   0   0   0   0   0   0   0   0  4.20 inf
   92 T   -2 -2 -2  1 -4 -2  3 -5 -2 -3 -4 -1 -2 -5 -4  2  6 -6 -4 -3    1   1   1   7   0   1  18   0   1   1   1   4   1   0   0  13  48   0   0   1  0.91 inf
   93 A    1 -6 -6 -7 -3 -6 -6 -6 -7  3 -1 -6 -2 -4 -6 -5 -3 -6 -5  7   11   0   0   0   0   0   0   0   0  12   3   0   0   0   0   0   0   0   0  73  1.59 inf
   94 M   -3 -3 -3 -5 -4 -2 -4 -2 -2  4  2 -3  5  0 -5 -1 -1  2  2  1    1   1   1   0   0   2   0   3   1  23  22   1  18   4   0   4   4   3   8   6  0.53 inf
   95 F   -5 -7 -7 -8 -2 -7 -7 -7 -5 -1  0 -7 -1  9 -8 -6 -6 -3  3 -5    1   0   0   0   1   0   0   0   0   3   7   0   1  79   0   0   0   0   8   0  2.42 inf
   96 A    5 -4 -3 -3  2 -4 -1  0 -3  0 -1 -4 -1  0 -4  0 -1 -5  0  0   52   0   0   1   5   0   3   5   0   4   5   0   1   4   0   6   3   0   4   6  0.61 inf
   97 D    0 -4  2  1 -3 -3 -3  5 -3 -5 -4 -3 -2 -4 -5  2 -1 -6 -5 -4    7   0  10   8   0   1   1  51   0   0   2   1   1   0   0  13   4   0   0   1  0.93 inf
   98 I    0 -2  1  3 -3  0  2 -2 -1  1 -1 -1  1 -3  2 -1  0 -5 -3 -2    7   1   6  18   0   4  18   2   1  10   5   3   5   1   9   3   4   0   0   2  0.25 inf
   99 G   -3 -4  0  4 -6 -2  0  5  0 -4 -5 -2 -5 -3 -5 -2 -4 -6 -1 -2    0   0   4  24   0   2   5  50   3   1   1   2   0   1   0   2   0   0   2   3  1.01 inf
  100 E   -5 -5 -4  2 -8 -2  8 -6 -5 -8 -7 -4 -7 -8 -6 -5 -5 -7 -7 -7    0   0   0   8   0   1  89   0   0   0   0   0   0   0   0   0   0   0   0   0  2.39 inf
  101 R   -3  6 -4 -4 -4  0 -1 -5 -2  1 -2  0 -1 -2 -5 -3  1 -5 -2  2    1  48   0   0   0   4   4   0   1   8   2   3   2   2   0   1   8   0   1  14  0.83 inf
  102 L   -5 -6 -7 -7 -5 -6 -7 -7 -7  7  3 -6 -1 -1 -6 -6 -4 -6 -5  3    0   0   0   0   0   0   0   0   0  58  22   0   0   2   0   0   0   0   0  18  1.51 inf
  103 E   -3 -3 -4 -1 -3 -1  7 -6 -4 -4 -6 -1 -4 -7 -5  0  2 -7 -6 -2    1   1   0   2   0   1  68   0   0   1   0   3   0   0   0   5  15   0   0   3  1.48 inf
  104 I   -5 -6 -7 -7 -5 -6 -6 -7 -6  6  4 -6  0  2 -6 -6 -4 -5 -4  0    0   0   0   0   0   0   0   0   0  42  44   0   1   9   0   0   0   0   0   5  1.32 inf
  105 T   -2  0  1 -4 -4 -1 -3 -2 -2 -3 -4  2 -3 -4 -4  3  5 -6 -5 -1    1   5   7   0   0   2   0   2   1   1   0  15   0   0   0  22  40   0   0   3  0.77 inf
  106 H   -7 -5 -4 -6 -8 -5 -5 -7 11 -8 -8 -6 -7 -6 -7 -6 -7 -8 -3 -4    0   0   0   0   0   0   0   0  98   0   0   0   0   0   0   0   0   0   0   2  4.03 inf
  107 K   -3  4 -2 -3 -5  0  1 -4  2 -1 -4  4 -2 -5 -4  0  3  0 -2 -2    1  27   1   1   0   4   7   0   4   4   1  23   1   0   0   5  19   1   1   2  0.64 inf
  108 A    7 -5 -5 -6 -4 -5 -5 -3 -6 -5 -5 -5 -5 -6 -5  1 -3 -7 -6 -1   87   0   0   0   0   0   0   1   0   0   0   0   0   0   0   8   1   0   0   3  1.85 inf
  109 S   -2 -2 -1 -2 -4  1 -1 -2  4 -1  0 -2 -1  1 -4  3  2 -1  3 -3    1   1   2   1   0   8   3   3  13   3   8   1   2   6   0  23  16   1   9   0  0.36 inf
  110 S   -3 -4  4 -3 -5 -4 -4 -4 -4 -6 -6 -4 -5 -6 -5  7 -2 -7 -6 -6    0   0  20   0   0   0   0   0   0   0   0   0   0   0   0  80   0   0   0   0  1.85 inf

                      K         Lambda
Standard Ungapped    0.1329     0.3169
Standard Gapped      0.0630     0.2670
PSI Ungapped         0.2057     0.3154
PSI Gapped           0.0630     0.2670
