
Last position-specific scoring matrix computed, weighted observed percentages rounded down, information per position, and relative weight of gapless real matches to pseudocounts
           A  R  N  D  C  Q  E  G  H  I  L  K  M  F  P  S  T  W  Y  V   A   R   N   D   C   Q   E   G   H   I   L   K   M   F   P   S   T   W   Y   V
    1 M   -4 -5 -6 -7 -5 -4 -6 -6 -5 -2  2 -5 10 -3 -6 -5 -4 -5 -4 -3    0   0   0   0   0   0   0   0   0   0  13   0  87   0   0   0   0   0   0   0  2.65 inf
    2 Y   -2 -1  0 -2 -5 -1 -2 -2  3 -1 -1  2  0  3 -4 -3 -3  1  6 -2    2   2   4   2   0   1   1   2   7   4   4  17   2  13   0   1   0   2  34   1  0.65 inf
    3 G    1 -2 -3 -5 -2 -5 -5  7  1 -7 -5 -5 -6 -6 -5 -2 -4 -6 -6 -6   10   2   1   0   1   0   0  79   4   0   1   0   0   0   0   2   0   0   0   0  1.76 inf
    4 N   -4 -5 -4 -3 -2 -5 -1 -4  0 -3 -4 -5 -4  3 -6 -4 -2  9  7 -1    1   0   1   2   1   0   4   1   2   1   1   0   0  11   0   1   2  25  42   4  1.74 inf
    5 W    2 -2  1 -4  1  0 -3 -3  2 -1 -2 -1  4 -1 -4 -1  3  4 -1 -2   20   1   7   0   3   4   1   1   5   2   1   3  15   2   0   3  21   6   2   2  0.42 inf
    6 G   -4 -3  2  1 -2 -4 -3  7 -4 -7 -7 -2 -6 -1 -5 -2 -5 -6 -6 -6    0   1   8   9   1   1   1  71   0   0   0   2   0   3   0   2   0   0   0   0  1.55 inf
    7 R   -4  5 -1 -5 -7  0 -3 -6  0 -6 -5  6 -5 -4 -2 -3 -1 -2  0 -5    0  33   3   0   0   3   1   0   2   0   1  46   0   1   2   1   3   1   3   1  1.33 inf
    8 F   -2 -5 -4 -5 -3 -5 -5 -4 -6  6  1 -6  2 -1 -6 -2 -2 -4 -1  3    3   0   1   0   0   0   0   2   0  45  13   0   4   2   0   2   2   0   2  22  0.98 inf
    9 I    0 -6 -7 -7 -1 -6 -7 -5 -4  0  6 -6  0 -2 -7 -6 -5 -6 -3  0    7   0   0   0   1   0   0   1   0   4  77   0   1   1   0   0   0   0   1   5  1.48 inf
   10 R   -4  6 -2 -2 -2 -1  1 -6  4 -3 -3  0 -3  2 -5 -3 -2  1  2  0    0  40   2   2   1   1   9   0  10   1   3   6   0   7   0   1   3   2   6   6  0.80 inf
   11 V   -4 -7 -7 -8 -2 -7 -7 -8 -7  6 -1 -7 -3 -4 -7 -6 -5 -7 -3  6    1   0   0   0   1   0   0   0   0  41   4   0   0   0   0   0   0   0   1  53  1.79 inf
   12 N   -5 -6  6  7 -8 -5 -3 -6 -3 -8 -8 -3 -7 -8 -6 -4 -5 -9 -7 -6    1   0  35  61   0   0   0   0   1   0   0   1   0   0   0   1   0   0   0   0  2.23 inf
   13 L   -3 -6 -7 -8 -3 -6 -7 -8 -7 -2  6 -7  4 -4 -7 -6 -2 -6 -5  0    2   0   0   0   1   0   0   0   0   1  79   0   9   0   0   0   3   0   0   6  1.71 inf
   14 S   -1 -2  0 -1 -3 -4 -1  1 -5 -5 -6 -1 -5 -6 -4  4  5 -2 -5 -5    5   2   4   3   0   0   4  11   0   0   0   3   0   0   1  35  31   1   0   0  0.84 inf
   15 T    1  1  2  2 -5 -2  2 -3 -2 -5 -4  1 -4 -4 -4  2  3 -6 -5 -4   10   9   8  10   0   1  11   1   1   0   1   8   0   1   0  17  22   0   0   0  0.51 inf
   16 G   -2  3  0 -3 -6  1  0  5 -2 -6 -2  3 -1 -6 -4 -2 -3 -3 -4 -5    2  16   5   1   0   5   6  38   1   0   5  15   2   0   0   2   1   0   1   0  0.72 inf
   17 D   -1  1  0 -1 -5 -1  2 -3 -2 -4 -5  4 -4 -6 -4  2  3 -6 -5 -4    6   8   4   2   0   2  15   1   1   1   0  24   0   0   0  13  22   0   0   0  0.61 inf
   18 I    0 -5 -5 -5  2 -4 -5 -3  0  4 -1 -4  0  2 -5 -1  0  2  1  4    7   0   0   0   4   0   0   2   3  26   2   0   2   8   0   5   5   3   5  26  0.58 inf
   19 K   -1  2  0 -1 -5 -1  3 -3  2 -3 -3  3 -1 -4 -2  0  2  4 -1 -2    5  10   4   3   0   2  18   1   4   1   2  17   1   0   1   7  13   6   2   3  0.36 inf
   20 V   -1  1 -3 -2 -2 -1  1 -3 -1  2 -1  0  0  0 -2  0  1 -2  1  2    3   8   0   1   0   2   8   1   1  15   4   7   2   3   2   7  11   0   6  18  0.17 inf
   21 E   -3  0 -2 -1 -4  2  6 -5 -2  0 -1  0 -3 -1 -4 -3 -2 -4 -2  1    2   5   1   2   0   8  48   1   1   6   5   4   0   3   1   0   2   0   1  10  0.76 inf
   22 E   -1 -1 -1  2 -5 -1  4 -2 -1 -3 -4  0 -2 -5  4  0  0 -5 -2 -3    5   3   2  12   0   2  31   3   1   1   2   5   1   0  18   6   5   0   1   2  0.57 inf
   23 Y   -2 -2 -4 -5 -1 -4 -4 -4 -2  4  3 -3 -1  1  0 -3  1 -4  0  2    2   3   1   0   1   0   1   1   1  22  30   1   0   5   4   1   8   0   3  15  0.49 inf
   24 D   -3 -1  1  4 -5 -2  1 -1 -4 -4 -4 -1 -5 -6  5  0 -2 -6 -5 -5    2   3   7  26   0   1   9   5   0   1   1   3   0   0  30   8   3   0   0   1  0.89 inf
   25 E    0  1 -2  1 -1  0  3  0 -3 -2 -3  0  0 -3  2 -1 -1 -5 -4 -2   10   9   1   9   1   4  25   6   0   3   3   4   3   1  12   4   4   0   0   2  0.32 inf
   26 E    0  1 -1  3 -5  0  4 -2 -2 -4 -3  2 -3 -5 -3  0 -1 -1 -1 -3    7   7   2  14   0   2  33   2   1   1   3  14   1   0   1   5   3   1   2   1  0.53 inf
   27 L   -1 -3 -2  1 -3 -2 -1 -2 -2  1  2 -2  1  0 -2 -3 -1  6  2  1    4   1   1  11   0   1   3   2   1   7  19   3   3   4   2   1   3  12   7  12  0.31 inf
   28 A    3  0 -3 -3 -1 -2 -2 -2 -1  0  2 -2  0  1 -3 -2 -1 -1  3  0   26   5   0   1   1   2   2   3   1   5  20   2   2   4   1   2   2   1  13   6  0.26 inf
   29 K   -1  4 -1  0 -4  1  2 -1  1 -3 -3  3 -2 -2 -3 -2 -2 -2  2 -2    5  23   2   4   0   5  16   6   4   2   2  16   1   1   1   2   2   0   7   3  0.37 inf
   30 K    0  1  0  2 -3  1  1 -1 -1 -3 -1  3  0 -3 -2  0  0 -3 -1 -2    7   8   3  10   0   6  10   3   1   1   7  22   3   1   1   7   6   0   2   1  0.22 inf
   31 W   -3 -3 -3 -4  0 -4 -4 -2  1 -3 -2 -4 -3  5 -3 -3 -3  5  7 -1    2   1   2   1   2   1   1   3   4   1   4   1   0  25   2   2   2   7  35   4  1.17 inf
   32 L   -3 -5 -5 -5 -4 -5 -5 -3 -5  5  4 -5  1 -1 -2 -5 -3  0 -2  1    1   0   0   0   0   0   0   2   0  29  45   0   3   2   2   1   1   1   1   9  0.96 inf
   33 G   -2 -6 -5 -6 -7 -6 -6  8 -6 -7 -7 -6 -7 -7 -6 -4 -6 -7 -7 -7    3   0   0   0   0   0   0  93   0   0   0   0   0   0   0   1   0   0   0   0  2.57 inf
   34 S   -1 -6 -3 -5 -3 -3 -6  7 -6 -2 -7 -5 -6 -7 -1 -2 -4 -6 -6 -5    4   0   1   0   1   2   0  81   0   3   0   0   0   0   3   2   1   0   0   1  1.94 inf
   35 R   -2  6 -2 -4 -2 -2 -3 -4 -1 -1 -2  2  1 -3 -3  0 -1 -2 -1  0    4  46   1   1   1   1   1   1   2   4   3  11   4   1   1   6   3   1   2   7  0.76 inf
   36 G    1 -6 -3 -1 -6 -6 -3  7 -6 -7 -6 -5 -6 -7 -5 -2 -4 -3 -3 -6   10   0   1   3   0   0   2  78   0   0   0   0   0   0   0   2   1   0   1   0  1.87 inf
   37 L   -2 -2 -5 -6 -4 -5 -5 -5 -5  2  5 -4  1  3 -5 -3 -2 -4  1  0    3   2   0   0   0   0   0   1   0   9  56   1   3  11   0   1   2   0   5   6  0.87 inf
   38 A    4 -5  0 -3 -1 -5 -5  5 -5 -2 -4 -4 -5 -6 -5 -2  1 -6 -6 -3   32   0   5   1   1   0   0  44   0   2   1   0   0   0   0   2  10   0   0   1  1.03 inf
   39 I    3 -4 -2 -2 -3 -3 -3 -2 -4  1  0 -3 -1 -1 -4  2  2 -2  1  2   24   0   1   2   0   0   0   3   0   8  10   0   1   2   0  14  15   0   6  14  0.33 inf
   40 Y   -1  3 -2 -3 -2  0 -2 -3  1 -4 -3  4 -1 -3 -4 -3 -1  4  5 -5    6  18   1   1   1   3   2   2   3   0   3  30   1   0   0   1   3   5  18   0  0.73 inf
   41 L   -4 -3 -6 -6 -2 -5 -5 -7 -3  4  4 -5  2  1 -6 -5 -2  1  4  0    0   1   0   0   1   0   1   0   1  20  45   0   4   5   0   0   2   2  14   5  0.95 inf
   42 L   -1 -5 -5 -6 -4 -5 -5 -5  4  1  4 -5  4  2 -6 -5 -4 -4  0  1    5   0   0   0   0   0   0   1  11   6  46   0   9   8   0   0   0   0   3  11  0.88 inf
   43 L    0  0  0 -2 -3 -2  0 -4  2 -3  1 -2  0  2 -5 -1 -2  7  5 -2    9   4   5   2   0   1   6   1   5   1  12   2   2   7   0   4   2  14  21   3  0.57 inf
   44 K   -1  1  1  5 -6  0  3 -3  0 -6 -6  3 -5 -6 -2 -1 -3 -2 -4 -5    4   7   5  31   0   2  23   1   2   0   0  18   0   0   1   3   1   1   1   0  0.80 inf
   45 E   -2  2  1 -1 -5 -1  5 -4  0 -3 -1 -1  0  1 -4 -2 -3 -1  3 -3    2  12   7   2   0   2  36   1   2   1   8   2   2   7   0   2   0   1  10   1  0.54 inf
   46 M   -1 -3 -1 -3  1 -1  0  0 -2  2  1 -3  1  0 -2 -2 -1 -2 -1  3    4   1   3   1   3   2   7   7   1  14  11   1   4   4   2   1   4   0   2  29  0.23 inf
   47 D   -1  0 -1  3 -4 -1  0  0  0 -3 -3  1 -3 -5  5 -1  2 -5 -2 -3    5   4   2  15   0   2   6   7   2   1   3  10   1   0  26   3  12   0   1   1  0.48 inf
   48 P    1  0 -4 -2 -5 -2 -1 -2  1 -5 -2 -1 -1 -1  6 -2 -3  4  0 -4   14   5   0   2   0   1   4   4   3   0   3   4   2   2  41   2   1   6   4   1  0.84 inf
   49 T   -1  1  0  2 -2 -1  1  3 -1 -2 -3  2 -3 -4 -2 -1  1  0 -1 -2    3   7   4  13   1   1  11  23   1   2   2  13   0   0   1   4   9   1   2   2  0.29 inf
   50 V    1 -2 -3 -4  3 -2 -3 -3 -4  2  1 -2  0  0 -4 -1  2  1 -1  3   11   2   1   0   8   1   1   1   0  15  10   3   1   3   0   3  14   2   2  21  0.31 inf
   51 D   -3 -3  0  7 -4 -2  1 -3  4 -6 -5  1 -4 -4  0 -2 -3 -6 -5 -6    2   1   3  59   0   1   6   2   8   0   1   7   0   1   4   2   1   0   0   0  1.32 inf
   52 P    2 -6 -6 -5 -6 -5 -5 -3 -6 -6 -6 -5 -6 -6  8 -4 -5  3 -6 -3   18   0   0   0   0   0   0   2   0   0   0   0   0   0  71   0   0   4   0   2  2.21 inf
   53 L   -4 -2 -3 -2 -4 -4 -4 -5 -4 -2  5 -5 -1  4 -5 -4 -2 -2  3 -2    1   2   1   3   0   1   1   0   0   1  57   0   1  15   0   1   2   0  11   1  0.96 inf
   54 S    0 -4 -2  5 -5 -4 -2  3  0 -6 -5 -4 -5 -6 -4  4 -2 -6 -5 -5    7   0   1  28   0   0   1  24   3   0   1   0   0   0   0  33   1   0   0   0  0.97 inf
   55 P   -1 -4 -5 -3 -6 -3  2 -3 -3 -5 -7 -2 -6 -7  8 -3 -5 -7 -6 -6    5   1   0   1   0   1  15   2   1   1   0   2   0   0  69   2   0   0   0   0  2.01 inf
   56 E    0  0  0  4 -6  0  5 -2 -1 -5 -4  1 -3 -4 -4 -1 -4 -6 -2 -4    6   6   4  21   0   4  39   3   2   0   1   7   0   0   0   4   0   0   1   1  0.77 inf
   57 N   -1 -3  8 -3 -3  1 -4 -4 -4 -5 -5 -4  1 -7 -6 -2 -4 -7 -6 -3    6   1  75   0   1   6   0   1   0   1   1   0   3   0   0   3   1   0   0   2  1.99 inf
   58 K   -1  0 -3 -4 -3 -3 -2 -5 -1  1  0  4 -1 -3  5 -3 -3 -5 -3  2    4   5   1   0   1   0   2   0   1   8   9  24   2   1  27   0   1   0   0  14  0.64 inf
   59 L   -3 -6 -7 -7 -5 -6 -6 -7 -6  3  5 -6  2  1 -6 -6 -3 -5 -2  2    2   0   0   0   0   0   0   0   0  16  59   0   3   6   0   0   1   0   1  12  1.20 inf
   60 I    0 -6 -6 -6  3 -5 -6 -3 -6  5 -1 -6  0 -1 -6 -5 -2 -5  0  4    6   0   0   0   6   0   0   2   0  39   4   0   2   3   0   0   2   0   3  31  1.02 inf
   61 I   -4 -7 -7 -7 -3 -7 -7 -7 -6  4  1 -7  2  8 -7 -6 -5  0 -1  0    1   0   0   0   1   0   0   0   0  19  11   0   4  56   0   0   0   1   1   6  1.67 inf
   62 A    5 -5 -2 -5 -1 -4 -4  2 -5 -2 -2 -4  4  0 -4  1  0 -3 -4 -1   44   0   1   0   1   0   0  16   0   1   2   0  10   4   0  11   6   0   0   3  0.72 inf
   63 A    2 -3 -1 -4 -1 -4 -4 -2 -4  1 -3 -1  0 -2  3  0  4 -5 -3  1   16   1   3   0   1   0   0   3   0   8   1   4   2   1  14   5  29   0   1  12  0.48 inf
   64 G   -4 -6 -4 -5 -6 -6 -6  7 -6 -8 -7 -5 -7 -7 -3 -1 -4 -6 -7 -7    0   0   0   0   0   0   0  93   0   0   0   0   0   0   1   4   1   0   0   0  2.41 inf
   65 P   -2 -4 -5 -6 -4 -5 -5 -4 -6 -1  1 -5 -1 -5  8 -4 -3 -7 -4 -1    4   1   0   0   0   0   0   1   0   3  14   0   1   0  67   0   1   0   1   5  1.80 inf
   66 L   -2 -6 -7 -7 -2 -6 -6 -4 -6  0  6 -6  1  3 -6 -5 -4 -4 -1 -1    4   0   0   0   1   0   0   2   0   3  71   0   3  14   0   0   0   0   1   3  1.30 inf
   67 T    1 -4  1 -3  3 -1 -3 -2 -3 -3 -4 -3 -2 -5 -3  2  5 -5 -4  0   12   0   5   0   5   3   1   3   0   1   1   0   1   0   1  16  44   0   0   7  0.75 inf
   68 G    0 -4 -1 -2 -5 -3 -5  7 -3 -5 -4 -4 -5 -5 -4 -3 -3 -5 -5 -5    6   1   2   2   0   1   0  80   1   1   2   0   0   1   1   1   1   0   0   0  1.75 inf
   69 T   -1 -3 -3 -3 -1 -3 -3 -1 -2 -3  0 -3 -1 -2 -2  2  6 -2  1 -1    4   1   0   1   1   0   1   5   1   1   8   0   1   1   2  16  49   0   5   3  0.74 inf
   70 S    0  0  0 -2 -3  0 -2  2 -2  0 -1  0  0  0  3  1  0 -3 -1 -1    8   4   6   2   0   3   1  15   1   6   5   4   3   4  17  10   5   0   2   4  0.20 inf
   71 A    3 -4 -3 -4 -1 -3 -4 -2 -4  2  1 -4  2  2 -4 -2 -1 -3  1  2   29   0   1   0   1   0   0   3   0  11  12   0   6  11   0   2   3   0   5  15  0.39 inf
   72 P    0 -4 -3 -5 -4 -3 -4 -3 -3 -1 -3 -4 -1 -2  7  1 -2 -1  0 -2    7   1   1   0   0   1   0   2   1   3   2   0   1   2  60   9   2   1   4   3  1.42 inf
   73 T    1 -3  1 -3  3 -1 -3  3 -3 -3  0 -3  3 -1 -2  1  2 -4 -3 -2    9   0   8   0   6   2   1  24   0   0   9   0   8   3   2  11  12   0   0   2  0.32 inf
   74 G    2 -4 -1 -3  0 -3 -2  3 -4 -3 -4 -3  1 -3 -2  4  1 -5 -4 -1   20   0   2   0   2   1   1  20   0   1   1   0   4   1   1  34   9   0   0   5  0.58 inf
   75 G    0 -4  1 -3  0 -3 -4  5  3 -4 -5 -4 -1 -5 -3  3  0 -5 -4 -3    6   0   8   0   2   0   0  44   8   1   0   0   1   0   1  22   4   0   0   1  0.87 inf
   76 R   -5  8 -3 -5 -7 -2 -4 -3 -2 -7 -4  4 -5 -3 -6 -4 -5 -7 -4 -6    0  73   1   0   0   1   0   2   1   0   1  19   0   1   0   1   0   0   0   0  2.00 inf
   77 Y   -1 -4 -3 -5  2 -3 -4 -3  0  1  2 -4  3  2 -4 -1  2  2  4  1    5   0   0   0   4   0   0   2   3   6  21   0   8   7   0   4  17   2  14   8  0.39 inf
   78 N    1 -3  1 -2  2 -2  0 -1  1  1 -2 -3  2 -3 -3  2  2 -2 -1  2   13   0   7   1   5   1   6   3   3   8   0   0   5   0   0  15  13   0   2  15  0.22 inf
   79 V    2 -5 -5 -6  3 -5 -5 -4 -5  2 -1 -5  0  3 -5 -3 -2 -2 -2  5   19   0   0   0   6   0   0   1   0  11   4   0   2  12   0   1   1   0   0  44  0.83 inf
   80 V    0 -4 -2 -4  2 -2 -4  2 -4  0 -1 -4  2 -1 -4  1  2 -5 -2  4    8   0   1   0   4   1   0  14   0   5   2   0   5   3   0  10  16   0   1  29  0.40 inf
   81 T    2 -4 -2 -4  0 -4 -4  1 -3 -4 -4 -4 -4  5 -4  2  4 -4  0 -3   19   0   2   0   2   0   0   9   0   0   0   0   0  24   0  14  28   0   2   0  0.75 inf
   82 K   -3  4 -4 -5 -2 -2 -3 -5 -3  0  0  6 -1 -4 -5 -4 -2 -6 -3  0    1  20   0   0   1   0   0   0   0   6   8  53   2   0   0   0   2   0   1   6  1.07 inf
   83 S   -2 -5 -1 -4 -5 -4 -4 -1 -5 -6 -5 -4 -5 -4 -5  7 -2 -3 -6 -4    2   0   2   0   0   0   0   3   0   0   1   0   0   1   0  89   0   0   0   1  1.96 inf
   84 P   -4 -6 -6 -6 -7 -6 -6 -5 -7 -7 -6 -5 -7 -8  9 -3 -2 -8 -7 -5    1   0   0   0   0   0   0   1   0   0   1   0   0   0  92   2   3   0   0   1  3.03 inf
   85 L   -3 -2 -5 -3 -4  2 -2 -6 -1  0  5 -4  1 -1 -3 -4 -2 -2  1  0    1   2   0   1   0  10   3   0   2   2  61   0   3   2   1   0   2   1   4   5  0.82 inf
   86 T   -3 -3  0 -3 -1 -2 -4 -5 -1 -4 -5 -4 -4 -5 -3  1  7  2  0 -4    1   1   4   1   1   2   0   0   1   1   0   0   0   0   1   9  73   3   3   0  1.55 inf
   87 G   -4 -1  2  1 -6 -4 -1  6  0 -7 -6 -1 -3 -7 -5 -3 -4 -2 -4 -7    0   3  10   6   0   0   3  66   2   0   1   5   1   0   0   1   0   1   1   0  1.39 inf
   88 F    0 -1 -1 -3 -2 -1 -2  4 -3  0  0 -3 -1 -1 -4 -1  3 -2 -2 -2    6   3   3   0   1   3   3  30   0   7  10   0   1   3   0   3  23   1   1   2  0.39 inf
   89 I   -3 -5 -6 -6 -4 -4 -5 -6 -3  5  2 -5  0  3  0 -5 -3  4  3  2    1   0   0   0   0   0   0   0   1  31  22   0   2  10   5   0   1   5  11  10  0.80 inf
   90 T    1 -3 -1 -4  0 -2 -3  3  3 -2 -1  2 -2  0 -4 -1  1 -4  0  0   13   0   2   0   2   1   0  27   7   1   6  13   1   5   0   3   9   0   4   8  0.30 inf
   91 M   -1 -1 -2  4  1 -2  4 -2  0 -3 -5 -2 -3 -1 -1  0 -2  0  0  0    3   3   1  26   3   1  29   3   2   1   0   1   1   4   3   8   2   2   3   6  0.52 inf
   92 A    2 -5 -3 -5  1 -4 -4  0 -5 -3 -6 -4 -4 -6 -3  6  0 -1 -6 -4   14   0   0   0   2   0   0   7   0   1   0   0   0   0   1  69   4   1   0   1  1.41 inf
   93 N    0 -3  6 -2 -4 -2 -1 -4  5 -4 -4 -4 -1 -3 -5  1 -1  0  2 -2    8   0  43   1   0   1   3   0  14   1   1   0   2   1   0   9   4   1   8   3  0.96 inf
   94 S    3 -4 -4 -5  2 -4 -4  0 -1 -1 -1 -4  5  0 -4  2 -1 -5 -3  0   30   0   0   0   5   0   0   7   2   4   5   0  14   4   0  19   3   0   0   7  0.54 inf
   95 G   -3 -7 -4 -6 -7 -6 -5  8 -7 -8 -8 -6 -7 -8 -4 -1 -5 -7 -8 -6    1   0   0   0   0   0   0  93   0   0   0   0   0   0   1   4   0   0   0   0  2.45 inf
   96 G   -2 -6 -4 -2 -6 -5 -4  7 -6 -7 -6 -5 -4 -7 -6 -1 -2 -7 -7 -7    2   0   0   2   0   0   1  87   0   0   1   0   1   0   0   4   3   0   0   0  2.13 inf
   97 Y   -1  3  0 -1 -3  0 -1 -2  3 -2 -2  0  0  3 -2 -1  1  3  3 -2    5  16   4   2   0   4   4   3   7   2   2   4   2  13   2   5  10   4   9   2  0.24 inf
   98 F    2 -5 -5 -6 -5 -5 -5 -4 -5 -1  1 -5  1  7 -4  0 -1  6 -1 -1   16   0   0   0   0   0   0   1   0   2  12   0   3  41   1   6   3   9   0   4  1.01 inf
   99 G    4 -5 -4 -5 -2 -4 -5  5 -3 -6 -6 -4 -5 -6  0  1 -3 -6 -3 -5   37   0   0   0   1   0   0  45   0   0   0   0   0   0   5   9   1   0   1   0  1.20 inf
  100 A    2  0 -2 -3 -4  2 -2 -3 -1 -1 -1 -2  1 -2  4 -1 -1  0  3 -1   21   4   2   1   0  12   1   1   1   2   5   1   4   2  21   4   3   1  11   4  0.41 inf
  101 E    2  1 -1 -2 -3  1  3 -3  1 -2 -2  2  2  0 -3 -1 -1  0  0 -2   17   6   3   1   0   6  24   0   4   1   2  12   7   4   1   3   3   2   3   3  0.30 inf
  102 L   -2 -5 -3 -6 -5 -5 -6 -5 -6  1  5 -4  5  3 -6 -5 -4 -5 -3 -1    3   0   1   0   0   0   0   1   0   7  59   1  13  11   0   0   0   0   0   3  1.17 inf
  103 K    2  3 -4 -3 -5 -1 -3 -2 -3 -5 -4  6  1 -5 -2 -2 -3 -6 -3 -3   17  16   0   1   0   2   0   3   0   0   1  48   4   0   1   1   1   0   1   2  0.97 inf
  104 F   -1  3  1 -2 -3 -1 -2  1  1 -4 -2  2  0  4 -4 -1 -2  3  3 -4    5  17   6   2   0   2   2  10   3   0   3  12   2  16   0   4   1   4  10   0  0.37 inf
  105 A    5 -5 -3 -5 -1 -3 -4 -3  0 -4  1 -4  2 -5 -5  1  1 -6 -5 -1   54   0   1   0   1   0   0   0   3   0  14   0   5   0   0  11   8   0   0   4  0.87 inf
  106 G   -3 -4 -4 -1 -4 -5 -4  7 -3 -7 -4 -4 -6 -7 -6 -3 -5 -6 -7 -7    1   1   0   4   0   0   1  88   1   0   2   1   0   0   0   1   0   0   0   0  2.16 inf
  107 Y   -3 -5 -5 -6 -3 -4 -5 -6 -1  3  0 -5 -3  4 -4 -5 -4  5  7  0    2   0   0   0   1   0   0   0   1  16   8   0   0  19   1   0   1   8  34   7  1.20 inf
  108 D   -1 -2 -2  7 -7  0 -1 -2 -2 -7 -4  1 -3 -6 -5 -2 -3 -7 -5 -6    6   2   1  67   0   4   2   3   1   0   2   7   1   0   0   2   1   0   0   0  1.49 inf
  109 A    5 -4 -1 -5 -4 -2 -4  3  0 -4 -3 -3  2  1 -5 -1 -3 -2 -3 -1   53   1   2   0   0   1   1  18   2   0   2   1   5   6   0   2   1   0   0   3  0.85 inf
  110 I   -4 -6 -7 -7 -3 -6 -6 -7 -6  5  3 -6  1 -1 -6 -6 -4 -6 -4  4    0   0   0   0   0   0   0   0   0  38  31   0   3   3   0   0   0   0   0  25  1.26 inf
  111 V   -1 -4 -6 -5 -4 -5  0 -6 -6  5  0 -3  0  0 -5 -3 -1 -3 -4  5    5   0   0   0   0   0   7   0   0  34   5   1   2   3   0   1   3   0   0  39  0.95 inf
  112 V   -5 -6 -7 -7 -3 -6 -7 -7 -6  6  2 -6 -1  3 -6 -6 -4 -5 -4  4    0   0   0   0   0   0   0   0   0  45  17   0   1  14   0   0   0   0   0  24  1.32 inf
  113 E   -3  1 -3 -2 -4  0  5 -5 -1 -2 -3  2 -3 -4 -5 -2  3 -6 -2 -1    1   8   0   1   0   3  40   0   2   2   2  11   1   0   0   2  20   0   1   6  0.76 inf
  114 G   -5 -7 -2 -1 -7 -6 -7  8 -7 -9 -9 -6 -8 -8 -7 -4 -6 -7 -8 -8    0   0   2   4   0   0   0  94   0   0   0   0   0   0   0   1   0   0   0   0  2.59 inf
  115 K    1  4 -4 -4 -2  2 -1 -5 -4 -1 -4  5 -1 -6 -5 -2 -2 -6 -4 -2   11  22   0   0   1   9   2   0   0   5   1  41   2   0   0   2   1   0   0   3  0.90 inf
  116 A    5 -4 -4 -4  1 -3 -2 -3 -5 -6 -5 -4 -5 -6  2  4 -3 -7 -6 -5   47   1   0   1   3   1   2   1   0   0   1   0   0   0   8  36   0   0   0   0  1.19 inf
  117 E   -1 -1  0  4 -6  0  4 -3 -2 -6 -6  1 -5 -6  3 -1 -2 -4 -5 -5    5   3   4  23   0   3  30   2   1   0   0   9   0   0  13   3   1   0   0   0  0.79 inf
  118 K   -1  2 -1  1 -3  0  3 -3  1 -4 -4  4 -3 -5 -3  0  1 -2 -2 -3    5  12   3   8   1   3  16   2   3   0   1  29   0   0   0   5   8   1   1   2  0.51 inf
  119 P   -4 -7 -3  0 -7 -5 -3 -2 -6 -6  0 -6 -2 -2  8 -5 -4  5 -6 -5    1   0   1   5   0   0   2   3   0   0   9   0   1   2  66   0   1   9   0   0  1.98 inf
  120 V   -2 -4 -4 -6  3 -3 -4 -4 -3  0 -1 -2 -1 -2 -5  1  1 -3  2  6    1   1   1   0   5   1   0   1   1   3   4   2   1   1   0  10  10   0   6  52  0.84 inf
  121 Y   -1 -2 -2 -6  1 -5 -5 -3 -1  2 -2 -3 -1 -1 -6 -3 -3  5  7  1    5   2   2   0   3   0   0   2   1  11   4   2   2   1   0   2   2   8  44  11  1.12 inf
  122 I   -2 -5 -7 -7 -5 -6 -6 -7 -7  5  5 -6  0 -3 -6 -6 -4 -6 -5  3    3   1   0   0   0   0   0   0   0  28  51   0   2   0   0   0   0   0   0  16  1.30 inf
  123 Y   -2  0 -2 -3 -4 -2  0 -4  4  0  0  0 -1  2 -4 -1 -1  4  3  2    3   5   2   1   0   0   6   1  10   5  10   6   1   9   0   6   2   6  12  18  0.30 inf
  124 I   -4 -7 -7 -7 -3 -7 -7 -8 -7  7  1 -7 -1 -4 -7 -6 -5 -7 -5  4    1   0   0   0   0   0   0   0   0  59  10   0   1   0   0   0   0   0   0  28  1.74 inf
  125 K   -1  0  2  3 -5  0  3 -1  2 -2 -4  1 -4 -4 -4  0  1 -5  0 -2    4   4  11  19   0   2  17   4   6   2   1   7   0   0   0   8  11   0   3   2  0.37 inf
  126 D   -2 -3  4  5 -6 -2  0  1 -1 -5 -5  2 -1 -6  0 -1 -3 -7 -5 -4    2   0  17  36   0   1   5  12   1   0   0  12   2   0   4   4   0   0   0   1  0.81 inf
  127 E   -4 -1  0  6 -7 -2  2  3 -1 -7 -7 -2 -6 -7 -5 -2 -3 -7 -6 -7    1   3   4  47   0   1  12  25   2   0   0   2   0   0   0   2   1   0   0   0  1.24 inf
  128 H   -2  1  1 -1 -5  1  2  3  1 -4 -5  4 -4 -5 -4 -1 -1 -5 -3 -3    2   7   6   3   0   7  13  26   4   1   1  24   0   0   0   2   4   0   0   1  0.56 inf
  129 I    1 -5 -7 -7 -1 -6 -5 -5 -7  3 -2 -6 -3 -4 -4 -5 -4 -7 -4  7   12   0   0   0   1   0   1   1   0  13   3   0   0   0   1   0   0   0   0  68  1.51 inf
  130 E   -2  1 -3  0 -6  1  5 -4  1 -5 -5  1 -3 -4 -4  0  1 -4 -1 -3    3   8   1   4   0   4  45   1   4   0   0   9   0   1   0   8  10   0   2   1  0.79 inf
  131 I   -5 -5 -7 -7 -5 -6 -6 -7 -6  5  3 -6 -2  6 -7 -6 -5 -4 -2  1    0   0   0   0   0   0   0   0   0  37  24   0   0  29   0   0   0   0   1   8  1.37 inf
  132 R   -2  4 -1 -1 -4 -1  3 -5  3  0  0  2  0 -2 -4 -3 -2 -5  0 -1    3  25   2   3   0   1  18   0   7   5   8  12   2   2   0   0   1   0   3   5  0.43 inf
  133 D   -2 -2 -2  6 -4 -2  3 -5 -5 -6 -7 -1 -6 -7  3  0 -2 -7 -5 -5    3   2   1  46   0   1  18   0   0   0   0   4   0   0  16   6   2   0   0   1  1.18 inf
  134 A    6 -4 -5 -2 -3 -4 -1 -2 -4 -1 -3 -4 -2 -3 -5 -2 -3 -6 -5  1   70   1   0   2   0   0   4   3   0   3   2   0   1   1   0   1   0   0   0  10  1.22 inf
  135 S    0  1  1  1 -3 -1  1  0  0 -3 -4  0 -3 -2  1  3  1 -5 -2 -3    8   6   5   9   0   2  10   8   2   1   1   7   0   2   7  23   9   0   1   0  0.26 inf
  136 H   -1 -2  1  3 -5  0  3 -1  6 -5 -5 -1 -4  0  1  0 -2 -5  0 -3    5   1   5  18   0   3  22   4  18   0   0   3   0   4   6   6   2   0   3   1  0.59 inf
  137 I   -4 -5 -6 -6 -2 -4 -2 -6 -3  3  5 -5  1 -1 -6 -4 -3 -4  2  0    1   0   0   0   1   0   3   0   0  13  60   0   2   2   0   1   2   0   8   6  1.03 inf
  138 W    0 -1 -5 -7 -6 -2 -2 -3 -6 -1 -1  0 -1 -3 -4 -4 -4 11 -3  0    8   3   0   0   0   2   3   2   0   4   5   6   1   0   1   1   1  55   0   6  2.14 inf
  139 G   -4 -6 -4 -4 -6 -4 -2  7 -4 -4 -6 -3 -1 -6 -6 -4 -5 -6 -6 -6    0   0   0   1   0   1   3  87   0   2   1   1   2   0   0   1   0   0   0   0  2.14 inf
  140 K   -1  0 -2 -1 -3  0 -2 -5 -1 -1  2  4  4 -3 -4 -2 -1 -3  0 -2    4   5   1   3   0   4   2   0   1   2  25  33  10   1   0   2   3   0   3   1  0.53 inf
  141 K   -3 -2  2  4 -5 -2  0  4 -4 -6 -4 -3 -5 -6 -3  0  2 -2 -4 -4    1   2   9  27   0   1   4  31   0   0   1   1   0   0   1   7  11   1   0   1  0.77 inf
  142 V    1 -4  3 -3  0 -4 -4 -3 -2  1 -3 -4 -3 -4 -3  0  4 -6 -4  3   12   0  15   1   2   0   0   2   1   9   1   0   0   0   1   5  28   0   0  24  0.63 inf
  143 S   -3  0 -3 -2 -5 -2 -2 -2  2 -1 -1 -2 -2  4  0 -1 -3  4  6 -1    1   5   1   2   0   2   2   4   5   4   4   2   1  17   5   6   1   5  28   5  0.58 inf
  144 E    3 -2 -3  2 -5  1  5 -4 -3 -4 -4 -1 -5 -5 -2 -1  0 -6 -3 -3   23   2   1  11   0   5  41   0   0   0   2   2   0   0   2   3   5   0   1   1  0.79 inf
  145 T    2 -5 -4 -5  0 -5 -5 -5 -5  0  1 -3 -2  0 -5 -2  6 -6 -4  2   15   0   0   0   2   0   0   0   0   4  11   1   1   5   0   2  46   0   0  14  0.89 inf
  146 E    0 -1  0  0 -1  1  2  0  0  1 -2 -2  1 -2 -2 -1  3 -4 -2  1    6   2   4   3   1   8  16   6   2  10   2   0   3   2   1   4  20   0   1   8  0.19 inf
  147 A    1  2  0  3 -5  1  3 -2 -2 -5 -4  3 -3 -5 -2 -1 -2 -6 -4 -4   12  11   4  20   0   6  22   3   0   0   1  16   1   0   1   2   1   0   0   0  0.56 inf
  148 T    1  1 -3 -2 -3  0  1 -3 -1  1  0  2  1 -1 -3 -1  0 -1  3 -1   16   9   0   1   0   4  11   1   1   8   8  12   5   1   0   3   5   1  12   3  0.18 inf
  149 I   -3 -6 -7 -7 -3 -6 -6 -7 -6  4  5 -6  2 -1 -6 -6 -4 -5 -4  0    2   0   0   0   0   0   0   0   0  25  59   0   5   3   0   0   0   0   0   6  1.31 inf
  150 R   -1  3 -1 -2  0  1  1 -4  1 -1  0  3 -1 -2 -3 -1 -2  1  0 -1    3  21   2   2   2   5   9   0   3   3  10  22   1   1   0   4   2   2   3   3  0.31 inf
  151 K    1  3  0  2 -5  1  4 -2 -2 -5 -4  3 -4 -5 -3 -1 -2 -5 -4 -4   11  14   4  12   0   5  26   3   0   0   1  16   0   0   1   4   2   0   0   0  0.57 inf
  152 E   -1  3  0  1 -5  1  4 -3 -2 -1 -2  2 -1  0 -3 -2 -2 -4 -2 -2    5  15   5   5   0   5  33   1   1   4   3  10   2   4   1   1   2   0   1   2  0.47 inf
  153 V   -2 -2 -1 -3 -2 -2 -2 -3  5 -1  1 -2  0  3 -2 -3  0 -2  5  0    3   2   2   1   1   1   3   2  14   2  17   2   2  15   2   1   5   0  19   6  0.48 inf
  154 G   -1 -2  0  1 -4  0 -1  6  0 -4 -4  1 -4 -4 -2 -1 -2 -3 -3 -4    4   1   5   7   0   3   3  52   3   1   1   7   0   0   1   4   2   0   1   1  0.82 inf
  155 S   -1  0 -1  3  0 -1  1  0 -1  0 -2  0 -2 -2  2  0 -1 -3 -2 -2    5   5   2  23   2   2   8   8   2   8   3   5   1   1  11   9   2   0   1   2  0.22 inf
  156 E   -1  1  0  1 -4 -1  1  0 -2 -4 -3  3 -2 -2  3 -1 -1  0  0 -3    5   8   3   8   0   2   9   9   0   1   1  21   1   2  16   4   3   1   3   1  0.33 inf
  157 K   -1  2  3  1 -2  0  2 -1  1 -3 -2  3 -1 -3 -2 -1 -1  0 -2 -3    4  13  15   6   1   2  13   4   3   1   3  19   2   1   2   4   2   2   1   2  0.30 inf
  158 V    3  1 -3 -2  0 -3 -2  0 -3  2 -1 -2 -1  0 -2 -2  0 -4  0  2   25  10   0   2   2   0   1   6   0  12   5   1   1   5   1   1   6   0   3  19  0.24 inf
  159 K    1  4 -2 -3  1  1 -1  1  2 -4 -4  1 -3 -5 -3  3  0 -5 -4 -3   13  22   1   1   3   6   2  11   4   1   0   8   1   0   1  22   4   0   0   1  0.44 inf
  160 I    1 -5 -5 -5 -1 -4 -5 -4 -5  4  1 -4  1 -1 -5 -1  1 -5 -2  4   10   0   0   0   1   0   0   1   0  21  11   0   2   2   0   5   8   0   1  37  0.64 inf
  161 A    4 -5 -5 -5  0 -4 -4 -3 -5  2  2 -4  4 -2 -4 -1 -2 -2 -4  3   35   0   0   0   2   0   0   1   0   9  16   0  12   2   0   3   1   0   0  18  0.65 inf
  162 S    1  1 -2 -4  4 -2 -3 -2 -4 -1  0 -3 -1 -1 -4  2  2 -4 -1  2   15   7   1   0  11   1   0   2   0   2   9   0   1   3   0  18  11   0   2  16  0.30 inf
  163 I   -3 -6 -6 -6 -1 -6 -6 -6 -6  7 -1 -6  0 -4 -6 -3 -1 -6 -5  3    2   0   0   0   1   0   0   0   0  70   2   0   2   0   0   2   4   0   0  15  1.63 inf
  164 G   -4 -7 -5 -6 -7 -6 -2  8 -6 -8 -8 -6 -7 -8 -7 -2 -3 -7 -7 -8    0   0   0   0   0   0   3  93   0   0   0   0   0   0   0   2   2   0   0   0  2.46 inf
  165 P   -3  1 -5 -5 -6  2 -2 -4 -5 -3 -4 -1 -5 -7  7 -2 -1 -7 -4 -3    1   8   0   0   0   9   2   1   0   1   2   4   0   0  62   2   5   0   1   2  1.65 inf
  166 A    7 -5 -5 -5 -4 -4 -5  1 -5 -5 -2 -4 -4 -6 -2 -2 -3 -6 -5 -2   79   0   0   0   0   0   0   8   0   0   3   0   0   0   2   2   1   0   0   3  1.54 inf
  167 G    2 -5 -4 -5 -5 -5 -5  7 -5 -6 -6 -5 -6 -6 -5  0 -5 -6 -6 -6   14   0   0   0   0   0   0  77   0   0   0   0   0   0   0   7   0   0   0   0  1.85 inf
  168 E   -1 -4 -1 -1 -6 -2  7 -4 -4 -5 -2 -1 -5 -5 -4 -3 -3 -1 -2 -4    4   0   3   2   0   0  73   2   0   0   5   3   0   0   0   0   1   1   2   1  1.48 inf
  169 N   -2  1  6  1 -5 -1 -1 -4  2 -5 -4  2  1 -3 -5 -2  0 -6 -1 -4    3   8  45   6   0   3   4   0   5   0   1  12   4   1   0   0   4   0   2   1  0.91 inf
  170 L   -2  2 -3 -4 -1  0 -2  1  1 -1  3  1  2 -2 -4 -3  0 -4 -3 -1    1  10   0   0   1   4   3  14   3   1  39   8   5   1   0   0   6   0   0   4  0.36 inf
  171 V    0 -3 -3 -4  0 -2 -4 -2  1  0  0 -4  3 -3 -4  1  0 -5 -1  5    8   1   1   0   2   1   0   2   3   4   6   0   8   0   0  12   6   0   2  42  0.54 inf
  172 K    1  3  1 -3 -2 -2 -2 -3 -2 -2  1  1 -1 -2  2  1  0 -3 -2 -2   11  20   6   0   1   1   0   1   0   2  17   7   1   2  11  10   7   0   1   1  0.27 inf
  173 F   -1 -5 -4 -5  0 -3 -5 -2 -2  2  1 -5  2  5 -4 -1 -1 -2  5 -2    6   0   1   0   2   1   0   4   0  10  11   0   6  28   0   5   3   0  22   1  0.75 inf
  174 A    6 -5 -4 -5 -4 -4 -4  1 -5 -3 -4 -4 -5 -6 -5  3 -2 -6 -2 -4   66   0   0   0   0   0   0   8   0   1   1   0   0   0   0  20   1   0   1   0  1.34 inf
  175 A    1 -1  2 -1  6 -1 -3  2 -3 -2 -3 -3 -1 -4 -4  2  1 -5 -4 -1   12   3   9   4  18   3   0  13   0   2   1   0   1   0   0  19   9   0   0   4  0.47 inf
  176 I   -1 -5 -5 -6 -4 -5 -5 -4  1  6  1 -5  0 -2 -5 -5 -2 -1 -4  3    4   0   0   0   0   0   0   2   3  54   8   0   2   1   0   0   2   1   0  21  1.14 inf
  177 M   -1 -2  1 -1 -1  0 -1 -3  1  2  0 -2  5  0 -4  1  0 -1 -1  1    5   1   7   3   1   4   4   1   4  13   5   1  17   4   0  11   6   1   1  11  0.21 inf
  178 N   -1 -1  4 -2  0 -2 -2 -1  1 -1 -2 -2 -1  2 -4  2  1 -4 -1  2    5   3  24   1   2   1   1   3   4   3   3   1   1   8   0  15   7   0   1  16  0.30 inf
  179 D   -1 -1  1  5 -5  1  2 -1  0 -5 -5  0 -3 -4 -4  1  0 -6 -5 -3    6   2   7  34   0   7  13   5   2   0   0   4   0   1   0  11   6   0   0   2  0.62 inf
  180 G   -1  0 -1  2 -3 -1  0  1  0 -2 -1  2 -1 -2  0  0  1 -3  1 -1    4   6   2  13   0   1   5  13   2   2   8  13   1   1   3   8   9   0   7   3  0.12 inf
  181 H    0  1  0 -1 -3 -1  1  1  3 -1 -2  0 -1  1 -1  0  0  2  2 -2    6   7   5   3   0   2   8  14   8   5   3   4   1   6   3   8   6   3   8   2  0.10 inf
  182 R   -2  7 -1 -2 -6 -2 -3 -4  5 -4 -5  0 -5 -3 -5 -1 -4 -6 -1 -5    3  62   3   2   0   1   1   1  12   1   0   5   0   1   0   5   0   0   2   0  1.48 inf
  183 A    3 -2 -1 -3 -2  1 -2 -1  4 -1 -1 -2 -2  2 -1  2 -1 -1 -1 -1   26   1   2   0   1   7   1   2  11   2   4   1   1   9   2  20   2   1   2   5  0.29 inf
  184 A    5 -4 -2 -4 -1 -3 -4  0  1 -3 -2 -3 -2  3 -3  0 -2  1 -2 -1   57   0   2   0   1   0   0   5   3   1   2   0   1  14   0   5   1   2   1   4  0.78 inf
  185 G    2 -3 -3 -4 -5 -4 -3  6 -5 -6 -6 -4 -5 -5 -4 -1 -3 -5 -5 -5   19   1   0   0   0   0   2  71   0   0   0   0   0   0   0   3   1   0   0   0  1.53 inf
  186 R   -3  8 -3 -4 -5 -1 -3 -1 -3 -5 -5 -1 -4 -5 -1 -3 -3 -5 -2 -5    1  80   0   0   0   1   1   5   0   0   1   1   0   0   3   1   1   0   2   1  1.82 inf
  187 G    0 -4 -1 -3  2 -2 -4  5 -1 -4 -1 -3 -2 -4 -1  0  1 -4 -4 -2    7   0   2   0   4   1   0  53   2   0   8   0   1   0   2   7   9   0   0   2  0.79 inf
  188 G   -2 -6 -4 -3 -6 -5 -5  7 -5 -7 -7 -5 -6 -6 -6 -4 -5 -6 -6 -6    1   0   0   1   0   0   0  96   0   0   0   0   0   0   0   0   0   0   0   0  2.40 inf
  189 V    0 -3 -3 -4 -2 -3 -3  1 -2  0  2 -3  3 -1  1 -1  1 -3 -1  1    5   0   0   0   0   0   0  15   1   4  26   0   9   2   9   4   8   0   2  13  0.26 inf
  190 G   -1 -5 -4 -4 -5 -5 -5  7 -5 -4 -6 -5 -5 -6 -3 -3 -5 -5 -6 -4    5   0   0   0   0   0   0  89   0   1   0   0   0   0   1   0   0   0   0   1  2.08 inf
  191 A    6 -4 -4 -4  2 -4 -4 -1 -4 -4 -2 -4  0 -5 -4  1  1 -5 -4 -3   66   0   0   0   3   0   0   3   0   0   4   0   2   0   0  11   8   0   0   1  1.05 inf
  192 V   -1 -5 -5 -6 -2 -5 -5 -6 -2  1  0 -3 -2 -4 -5 -4 -3 -5 -1  7    4   0   0   0   1   0   0   0   1   4   5   2   0   0   0   0   0   0   2  78  1.44 inf
  193 M   -1 -5 -5 -6 -5 -4 -5 -4 -5 -2  3 -5  9  2 -6 -5 -4  1 -3 -2    4   0   0   0   0   0   0   1   0   0  23   0  58   9   0   0   0   2   1   1  1.73 inf
  194 G    1  2 -3 -4 -5 -2 -5  7 -5 -6 -6 -4 -5 -6 -5 -2 -3 -6 -6 -5   11  11   0   0   0   1   0  72   0   0   0   0   0   0   0   2   1   0   0   0  1.56 inf
  195 S    3 -1 -2 -1 -4 -3 -3  0  0 -5 -4 -3 -3 -5 -4  5 -2 -6 -3 -4   25   3   0   4   0   0   0   7   2   0   1   0   0   0   0  56   1   0   1   0  0.98 inf
  196 K   -5 -1 -4 -5 -7 -2 -3 -5  5 -6 -4  8 -3 -6 -5 -4 -3 -7 -5 -6    0   1   0   0   0   0   0   0  13   0   2  83   1   0   0   0   1   0   0   0  2.06 inf
  197 N   -4  2  6 -3 -6  0 -3  1 -2 -6 -4  4 -1 -6 -5 -3 -3 -6 -3 -6    0  11  45   0   0   3   0  11   1   0   1  26   2   0   0   0   0   0   1   0  1.15 inf
  198 L   -4 -5 -6 -6  0 -5 -6 -7 -6  3  5 -5 -1 -3 -6 -5 -4 -5 -4  3    0   0   0   0   2   0   0   0   0  17  58   0   0   0   0   0   0   0   0  22  1.19 inf
  199 K   -1  1 -4 -4 -6 -2 -3 -5 -2 -3 -3  7 -2 -3 -5 -4 -4  1 -5 -2    5   4   0   0   0   0   0   0   1   1   2  80   1   1   0   0   0   2   0   3  1.65 inf
  200 A    6 -5 -5 -5  1 -4 -4  2 -5 -5 -4 -4 -3 -2 -4 -2 -4 -5 -1 -3   77   0   0   0   3   0   0  14   0   0   0   0   0   2   0   0   0   0   2   1  1.43 inf
  201 I   -4 -6 -6 -6 -4 -6 -6 -7 -6  7  1 -6  0 -2 -6 -5 -4 -6 -4  4    0   0   0   0   0   0   0   0   0  60  11   0   1   1   0   0   0   0   0  27  1.51 inf
  202 A    3 -4 -4 -5 -2 -4 -4 -1 -5  1 -1 -4  1 -3 -4 -1  0 -5 -3  5   24   0   0   0   1   0   0   4   0   6   3   0   3   1   0   5   6   0   0  47  0.71 inf
  203 V    0 -5 -6 -6 -2 -5 -5 -6 -5  3  0 -5 -2  3 -5 -4 -3 -4  0  6    7   0   0   0   1   0   0   0   0  15   8   0   0  13   0   0   1   0   2  54  0.99 inf
  204 E   -2  4  0  2 -5  1  1  1  1 -1 -3  2 -2 -1 -3 -1 -2 -1 -1 -2    1  26   3  11   0   5   7  11   3   4   2  16   1   3   0   2   0   1   2   2  0.35 inf
  205 G   -2 -5 -4  1 -6 -5 -4  7 -5 -7 -6 -2 -6 -6 -4 -2 -4 -6 -3 -6    2   0   0   7   0   0   0  83   0   0   1   2   0   0   1   2   1   0   1   0  1.83 inf
  206 S   -1  1  0  2 -4 -1  0  0  0 -4 -4  1 -3 -3 -1  2  4 -5 -3 -3    3   7   4  14   0   1   6   6   2   0   0   7   0   1   3  17  28   0   0   1  0.40 inf
  207 K   -2  2 -1 -2 -5  0 -1  4 -1 -5 -3  4 -1 -5 -2 -1 -2 -5 -1 -4    1   9   3   1   0   4   4  32   1   0   2  32   2   0   1   4   2   0   2   0  0.63 inf
  208 T    1  1 -1  1 -2  0  1  1 -2 -3 -2  2 -1 -3  1  1  0 -4 -3 -2   12   8   2   8   0   2  11  11   0   1   3  17   1   1   6  11   6   0   0   1  0.21 inf
  209 V   -2 -3 -4 -5  0 -3 -4 -5 -2  3  1 -3  1 -1  3 -3 -1 -5 -3  5    1   1   0   0   2   0   0   0   1  18  11   1   4   2  14   1   2   0   0  42  0.68 inf
  210 P   -1  1  1  0 -2 -1  2 -1 -3 -5 -5  2 -4 -6  6 -1 -2 -6 -5 -4    4   8   7   4   1   1  14   4   0   0   0  12   0   0  41   3   2   0   0   0  0.91 inf
  211 I   -3 -5 -6 -6 -3 -5 -5 -6 -6  5  1 -5  1 -3 -5 -4 -3 -5 -4  5    0   0   0   0   0   0   0   0   0  32  12   0   3   0   0   0   0   0   0  54  1.20 inf

                      K         Lambda
Standard Ungapped    0.1351     0.3143
Standard Gapped      0.0625     0.2670
PSI Ungapped         0.2044     0.3154
PSI Gapped           0.0625     0.2670
