
Last position-specific scoring matrix computed, weighted observed percentages rounded down, information per position, and relative weight of gapless real matches to pseudocounts
           A  R  N  D  C  Q  E  G  H  I  L  K  M  F  P  S  T  W  Y  V   A   R   N   D   C   Q   E   G   H   I   L   K   M   F   P   S   T   W   Y   V
    1 A    4 -2 -2 -2 -2 -2 -2  1 -3 -3 -3 -2 -2 -4 -2  3  2 -4 -3 -2   49   0   0   0   0   0   0  10   0   0   0   0   0   0   0  25  16   0   0   0  0.57 inf
    2 V   -2 -4 -4 -4 -3 -2 -3 -4 -2  3  1 -3 -1  2  4 -3 -2 -3  0  3    1   0   0   0   0   1   0   0   1  16   9   0   0  11  24   0   1   0   3  33  0.56 inf
    3 T   -1 -3 -1  2 -3 -2 -1 -1 -3 -4 -4 -2 -4 -5 -2  5  4 -5 -4 -4    2   0   1  11   0   0   1   4   0   0   0   0   0   0   1  54  24   0   0   0  0.87 inf
    4 P    1 -2  0 -2 -4 -1  1  1 -2 -3 -2 -1 -2 -2  5 -1 -1 -4 -4 -1   15   2   5   0   0   1  11  11   0   1   3   2   0   2  35   4   3   0   0   5  0.59 inf
    5 Q   -3 -3 -3 -5  1  2 -3 -5 -4  0  4 -4  0  4 -5 -3 -2  6 -1  0    1   0   1   0   4  11   0   0   0   4  42   0   1  18   0   1   2  11   0   3  0.66 inf
    6 R   -1  7  0 -3 -5  1 -2 -4 -1 -4 -2  0 -3 -5 -4 -2 -2 -5 -3 -2    5  73   4   1   0   4   1   0   1   0   3   1   0   0   0   1   2   0   1   2  1.29 inf
    7 E   -1  6 -2 -3 -4  0  0 -2 -2 -2  0  2 -1 -3 -4 -2 -2 -4 -3 -3    6  52   1   1   0   2   5   4   0   2  12  12   1   0   0   0   1   0   0   1  0.70 inf
    8 N   -1 -1  4 -1 -4 -1 -2  2  3 -3 -3 -2 -3 -1 -3  2  0  1  2 -3    2   2  28   1   0   1   0  19  10   1   2   0   0   2   0  15   5   2  10   1  0.46 inf
    9 S    2 -3 -2 -3 -1 -2 -2 -2 -3 -1  0 -2  0 -3 -3  4  2 -4 -3  1   23   0   0   0   1   0   0   1   0   3   9   0   3   0   0  38  14   0   0   8  0.45 inf
   10 M   -2 -4 -4 -5 -3  0 -4 -5 -2  3  1 -4  8 -2 -5 -1 -2 -4 -3  2    2   0   0   0   0   4   0   0   1  15   9   0  50   0   0   6   1   0   0  12  1.02 inf
   11 A    6 -4 -4 -4 -3 -3 -3 -2 -4 -4 -4 -3 -4 -5 -3  2  0 -5 -4 -3   80   0   0   0   0   0   0   0   0   0   0   0   0   0   0  16   3   0   0   0  1.33 inf
   12 C   -4 -7 -6 -7 12 -7 -7 -6 -7 -5 -5 -7 -5 -6 -7 -4 -4 -6 -6 -4    0   0   0   0 100   0   0   0   0   0   0   0   0   0   0   0   0   0   0   0  3.87 inf
   13 V   -2 -4 -3 -4 -4 -3 -4 -4 -5 -2 -3 -3 -3 -4  5  0  4 -5 -4  4    1   0   0   0   0   0   0   0   0   0   0   0   0   0  28   4  35   0   0  31  1.01 inf
   14 S    4 -4 -3 -4 -4 -3 -4  5 -4 -5 -5 -3 -4 -5 -4  1 -3 -5 -5 -4   38   0   0   0   0   0   0  51   0   0   0   0   0   0   0  11   0   0   0   0  1.15 inf
   15 F   -2 -4 -1 -4 -3 -4 -4 -5 -2  3  3 -3  0  4 -4 -2 -1  1 -1 -1    3   0   4   0   0   0   0   0   1  24  38   2   0  20   0   2   5   2   1   0  0.54 inf
   16 P   -2 -2 -2  2 -5 -1  4 -4 -3 -5 -5 -1 -5 -6  6 -3 -2 -6 -5 -5    2   1   1  10   0   2  30   0   0   0   0   3   0   0  48   0   2   0   0   0  1.33 inf
   17 T   -2 -4 -3 -4 -4 -4 -4 -3 -3 -3  0 -4 -1  6 -4 -2  5 -2  3 -3    2   0   0   0   0   0   0   2   0   0   7   0   1  33   0   1  43   0  10   0  0.96 inf
   18 C   -4 -7 -7 -8 12 -7 -8 -7 -7 -5 -5 -7 -5 -6 -7 -5 -5 -6 -6 -5    0   0   0   0 100   0   0   0   0   0   0   0   0   0   0   0   0   0   0   0  4.01 inf
   19 P   -1  0  2 -3 -5 -1 -2  3 -3 -5 -5  4 -4 -5  3  0 -3 -5 -4 -4    3   5  12   0   0   2   0  26   0   0   0  30   0   0  17   6   0   0   0   0  0.71 inf
   20 L   -4 -5 -6 -7 -4 -3 -6 -7 -5 -1  6 -5  0  0 -6 -5 -4 -4 -1 -2    0   0   0   0   0   1   0   0   0   0  93   0   1   3   0   0   0   0   2   0  1.58 inf
   21 A    6 -4 -4 -4 -3 -4 -4 -1 -4 -4 -5 -4 -4 -5 -4  2 -3 -6 -5 -3   85   0   0   0   0   0   0   4   0   0   0   0   0   0   0  12   0   0   0   0  1.49 inf
   22 M   -2 -4  1 -4 -3 -1 -4 -5 -1  4  2 -4  6  2 -5 -3 -2 -4 -2  1    1   0   8   0   0   2   0   0   1  31  15   0  24   9   0   0   2   0   1   6  0.67 inf
   23 A    4 -4 -3 -4 -3 -2 -3 -3 -4 -1 -3 -3 -3 -4 -4 -1  4 -5 -4  3   45   0   0   0   0   2   0   0   0   1   0   0   0   0   0   2  29   0   0  22  0.83 inf
   24 E   -3 -1 -3  2 -6 -1  7 -5 -1 -6 -5 -2 -5 -6 -2 -1  0 -6 -5 -5    0   2   0   8   0   0  77   0   1   0   0   0   0   0   2   3   5   0   0   0  1.49 inf
   25 A    3 -2 -2 -3 -3 -3 -3 -2 -4 -4 -4 -2 -3 -5 -3  4  5 -5 -4 -3   26   1   0   0   0   0   0   1   0   0   0   1   0   0   0  34  36   0   0   0  0.89 inf
   26 E   -2  1 -2 -1 -5  1  5 -4 -1 -3 -2  3 -3 -4 -3 -2 -3 -4 -4 -4    2   6   0   0   0   6  50   0   1   2   3  23   0   0   0   0   0   0   0   0  0.82 inf
   27 R    0  6 -1 -2 -4  0 -1 -1 -1 -4 -3  0 -3 -4 -4 -1 -3 -4 -4 -2    7  59   2   2   0   2   3   5   1   0   1   3   0   0   0   5   0   0   0   4  0.85 inf
   28 F    0  2 -2 -3 -3 -2 -2  0 -1  0  0 -1 -1  2 -3 -1 -1 -1  4  0    6  18   2   0   0   0   1   7   1   6   7   3   1  11   0   3   4   0  18   6  0.18 inf
   29 L    1 -2 -3 -4 -2 -3 -3 -1 -3  1  4 -3  2  0 -3 -1 -1 -3 -2  0   17   1   0   0   0   0   0   5   0   9  42   0   5   3   0   3   2   0   1   4  0.31 inf
   30 P    0  0 -3 -1 -4  0 -1 -2 -3 -2 -2 -1 -3 -2  7 -1 -1 -4 -4 -3    7   5   0   4   0   4   4   3   0   2   4   2   0   1  50   4   3   0   0   0  0.94 inf
   31 S    1 -1  0  2 -3  1  2  1 -1 -2 -3  0 -2 -3 -1  1  0 -2 -3 -1   10   2   4  15   0   5  14  11   1   1   1   5   0   1   2  14   4   1   0   4  0.18 inf
   32 F   -2 -4 -5 -5 -3 -4 -4 -5 -4  3  4 -4  1  3 -3 -4 -3 -3 -1  2    3   0   0   0   0   0   0   0   0  19  45   0   2  12   1   0   0   0   1  11  0.61 inf
   33 I    0 -4 -2 -4 -3 -3 -2 -3 -1  4  2 -3  1 -2 -4 -2 -1 -4 -1  3    7   0   2   0   0   0   3   2   2  29  21   0   2   0   0   1   1   0   2  22  0.38 inf
   34 D    0  0 -1  4 -4  0  2  0 -2 -3 -3  0 -1 -4  0  0  2 -4 -4 -2    7   4   1  26   0   2  15   6   0   0   0   4   2   0   3   6  15   0   0   2  0.33 inf
   35 N   -1  4 -1  0 -4  1  2 -2  2 -4 -3  3 -3 -4 -3 -1 -2 -4 -1 -3    4  25   1   4   0   6  15   2   5   0   2  21   0   0   0   2   2   0   2   1  0.42 inf
   36 I   -3 -4 -5 -5  0 -4 -5 -5 -5  4  4 -4  1  1 -4 -4 -2 -4 -3  2    0   0   0   0   2   0   0   0   0  26  38   0   2   5   0   0   2   0   0  15  0.67 inf
   37 D   -2  1  0  3 -5  0  6 -4 -3 -5 -5 -1 -4 -5 -4 -3 -2 -5 -4 -5    3   7   5  15   0   3  53   0   0   0   0   2   0   0   0   0   2   0   0   0  0.95 inf
   38 N    1  1  1  1 -3  0  2  0 -1 -2 -2  1 -2 -3  0  0  0 -3 -3 -2   15   7   6   9   0   3  14   8   1   1   1   7   0   1   5   5   6   0   0   3  0.12 inf
   39 L   -2  1 -3 -3 -1  0 -2 -4  1  3  2 -1  1 -2 -2 -2 -1 -3  1  1    2  11   0   0   1   5   2   0   3  20  21   2   2   0   1   2   4   0   6  10  0.16 inf
   40 M   -3 -4 -2 -2 -1 -2 -4 -4 -2  0  5 -2  4  1 -4 -4 -2 -3 -1 -1    0   0   2   3   1   2   0   1   1   4  53   2  12   6   0   0   1   0   1   2  0.60 inf
   41 A    2  0  0  3 -3  1  2 -1  1 -3 -2  0 -3 -3  0  0  0 -4 -1 -2   19   4   4  16   0   4  16   3   3   1   3   4   0   0   5   4   4   0   2   1  0.19 inf
   42 K   -1  2 -1  2 -4  2  2 -2  0 -3 -2  4 -3 -4 -2 -1 -1 -4 -3 -3    6  11   1  10   0   7  16   2   2   1   3  27   0   0   1   2   2   0   0   0  0.36 inf
   43 H   -1 -1  1 -3 -2 -1 -2 -4  6 -1  2 -2 -1  1 -4 -2 -2 -1  2  1    5   3   6   0   1   3   2   0  24   3  22   1   1   4   0   1   1   1   7   9  0.35 inf
   44 G   -1 -1  1  1 -4 -2  0  5 -1 -2 -3 -1 -3 -2 -1 -2 -3 -4 -3 -1    2   3   6   7   0   2   6  48   1   2   2   2   0   2   2   2   1   0   0   5  0.53 inf
   45 V   -1 -2 -3 -1 -3 -3 -2 -4 -3  2  4 -1  0  0 -3 -2 -1  1  0  1    4   1   0   4   0   0   2   1   0  14  41   5   1   2   1   2   2   2   2   7  0.28 inf
   46 S    1  1 -1 -1 -2  1  0  0 -1 -2  0  1 -1 -2  1  1 -1 -2 -1 -2   16  10   1   1   0   8   5   8   1   1  15   8   0   0   6  11   1   0   2   1  0.10 inf
   47 D   -3 -1  2  6 -5  1  2 -1  1 -5 -4  1 -4 -5 -3 -1 -2 -5 -2 -4    1   2   7  49   0   6  10   4   4   0   2   7   0   0   0   4   1   0   1   1  0.85 inf
   48 E   -1 -1 -1  2 -3  1  4 -1 -1 -1 -2  1 -1 -3 -2 -1  0 -4 -3  1    2   2   0  15   0   4  35   4   1   3   2  10   1   0   1   3   4   0   0  15  0.31 inf
   49 H   -1 -1  0  1 -3  0  1 -1  3 -3 -3  0 -2 -3  5  1  0 -3  0 -2    3   2   2   8   0   1  10   3   9   1   1   5   0   0  30  13   7   0   4   1  0.48 inf
   50 I   -2 -4 -4 -4 -2 -4 -4 -5 -4  5  1 -4  2  2 -3 -3 -1 -3 -1  2    2   0   0   0   0   0   0   0   0  58  10   0   4  11   1   0   1   0   0  13  0.65 inf
   51 V    0  1  0 -2 -2 -1 -1 -1 -1  1  0  0  0 -2 -2  1  2 -3 -2  2    2   9   3   0   0   1   1   4   1   9   4   8   1   0   0  16  20   0   0  23  0.14 inf
   52 M   -2 -4 -4 -4 -2 -3 -4 -5 -4  5  2 -3  3  1 -4 -3 -1 -3 -1  3    0   0   0   0   0   0   0   0   0  44  18   0  10   6   0   0   2   0   1  19  0.57 inf
   53 R   -1  5  2 -1 -3  0 -1  1  4 -3 -3  1 -2 -3 -2  0 -1 -3 -2 -3    5  45  13   0   0   0   0  10  15   0   0   6   0   0   0   3   2   0   0   0  0.47 inf
   54 V   -1 -2 -3 -3 -2 -2 -3 -3 -3  3  2 -2  4  1 -3 -1  0 -2 -1  2    2   1   0   1   0   0   1   1   0  23  15   1  24   5   1   2   4   0   0  20  0.27 inf
   55 T    0 -1  3  0 -2 -1 -1 -1 -1 -2 -2 -1 -2 -3 -2  3  4 -3 -2 -1    4   0  16   4   0   0   0   0   0   0   1   0   0   0   0  29  40   0   0   3  0.41 inf
   56 G    0 -3 -1 -2 -3 -2 -3  6 -3 -4 -4 -2 -3 -4 -3 -1 -2 -3 -4 -4    5   0   0   0   0   0   0  91   0   0   1   0   0   0   0   0   0   0   0   0  1.28 inf
   57 C   -2 -5 -4 -5 11 -4 -5 -4 -4 -3 -3 -5 -3 -3 -4 -2 -2 -3  1 -2    0   0   0   0  94   0   0   0   0   0   0   0   0   0   0   0   0   0   6   0  2.24 inf
   58 P   -1 -3 -2 -3 -4 -2 -2 -2 -1 -2 -2 -2  0 -4  8 -1 -2 -5 -4 -1    1   0   1   0   0   0   0   2   1   1   3   0   3   0  79   2   0   0   0   6  1.68 inf
   59 N    0 -1  7  0 -3 -1 -1 -1  1 -2 -4  0 -3 -4 -3  0 -1 -5 -3 -3    9   0  78   0   0   0   0   0   4   4   0   3   0   0   0   2   0   0   0   0  0.92 inf
   60 G    2 -2  0 -2  1  1 -1  4 -2 -3 -3 -1 -2 -4 -2  2 -1 -3 -3 -3   16   0   3   0   4   9   0  48   0   0   0   0   0   0   0  20   0   0   0   0  0.56 inf
   61 C    0 -4 -3 -4  9 -3 -4 -3 -3 -1 -1 -3 -2 -3 -3 -1 -1 -3 -3 -1    0   0   0   0 100   0   0   0   0   0   0   0   0   0   0   0   0   0   0   0  1.19 nan
   62 G    4 -3 -2 -3 -2 -2 -2  3 -3 -3 -3 -2 -2 -4 -2  2  1 -4 -3 -1   51   0   0   0   0   0   0  24   0   0   0   0   0   0   0  16   7   0   0   2  0.61 inf
   63 R   -3  7 -2 -1 -5  2  1 -4  3 -5 -4  0 -3 -4 -4 -2 -3 -4 -3 -4    0  74   0   3   0   9   6   0   9   0   0   0   0   0   0   0   0   0   0   0  1.21 inf
   64 A    0 -1 -2 -3 -3 -1 -2 -3  4 -1 -3 -1 -3 -2  6  1 -1 -4 -1 -3   10   3   0   0   0   3   0   0  12   6   0   1   0   2  48  10   4   0   2   0  0.92 inf
   65 M    0 -2 -2 -3 -3  3 -2 -1  3 -2 -1 -2  2  1 -2 -1 -2  6  5 -2   10   0   0   0   0  19   0   4   8   0   2   0   9   3   1   3   0  15  25   1  0.57 inf
   66 L   -1 -3 -2 -4  1 -2 -3 -4 -3  2  3 -3  3 -1 -3 -2  1 -3 -2  3    2   0   2   0   3   1   0   0   0  14  28   0  12   0   0   1   9   0   0  27  0.36 inf
   67 A    5  0 -2 -3 -2 -2 -2  1  2 -3 -3  0 -3 -4 -1  0 -1 -4 -3 -2   68   6   0   0   0   0   0  11   5   0   0   4   0   0   1   4   0   0   0   0  0.64 inf
   68 E   -3 -2  0  5 -5  0  5 -3  1 -5 -5 -1 -4 -5  1 -1 -1 -5 -4 -4    0   0   2  37   0   0  48   0   4   0   0   0   0   0   5   0   4   0   0   0  0.96 inf
   69 V   -2 -4 -5 -5 -2 -4 -4 -5 -4  5  2 -4  1  1 -4 -3 -2 -3 -2  2    2   0   0   0   0   0   0   0   0  57  22   0   2   6   0   0   0   0   0  11  0.71 inf
   70 G    2 -4 -2 -3 -3 -3 -3  6 -3 -5 -5 -3 -4 -4 -3  0 -2 -4 -4 -4   18   0   0   0   0   0   0  75   0   0   0   0   0   0   0   7   0   0   0   0  1.22 inf
   71 L    0 -4 -5 -5  3 -4 -5 -5 -4  2  3 -4  3  4 -5 -4 -3  5 -1 -1   11   0   0   0   7   0   0   0   0  10  34   0   7  23   0   0   0   7   0   0  0.71 inf
   72 V   -1 -1 -1 -3 -3  0 -1 -4 -3  1  0  0  1  2 -3 -1  0 -3  1  3    4   4   4   0   0   4   4   0   0   7   7   6   4  11   0   4   4   0   4  35  0.23 inf
   73 G    2 -4 -2 -3 -4 -3 -4  7 -4 -5 -5 -3 -4 -5 -4 -2 -3 -4 -5 -4   17   0   0   0   0   0   0  83   0   0   0   0   0   0   0   0   0   0   0   0  1.46 inf
   74 K   -1  2 -1  1 -4  3  0 -2 -1 -1 -4  4 -2 -4 -3  1  0 -4 -3 -3    3  12   1   6   0  12   4   1   1   4   0  35   1   0   0  12   4   0   0   1  0.49 inf
   75 A    3 -2 -2 -3 -1  0 -1  3 -3 -2 -1 -1  1 -3 -2  1 -1 -4 -2  0   32   1   1   0   1   5   3  25   0   0   4   4   5   0   1   9   3   0   1   6  0.35 inf
   76 P   -2 -1 -3 -3 -4 -1 -1 -2  0  0 -2 -2 -1 -2  6 -2 -1 -4  1  3    2   3   1   0   0   2   4   3   2   6   3   1   1   1  37   1   3   0   6  25  0.71 inf
   77 G   -2 -3  2  1 -5 -1  3  5  0 -5 -5 -2 -4 -5 -1 -2 -2 -5 -4 -5    1   0   8   8   0   2  23  48   2   0   0   2   0   0   3   0   2   0   0   0  0.87 inf
   78 R    1  2 -1 -1 -3  0 -1  1  0 -2 -1  2 -1 -2 -2  1  0  1 -2  0   14  14   0   3   0   4   2  12   2   1   5  16   1   1   0  10   5   3   1   7  0.15 inf
   79 Y   -5 -5 -5 -6 -5 -5 -5 -6 -2 -4 -4 -5 -4  5 -6 -5 -5 -1  9 -4    0   0   0   0   0   0   0   0   0   0   0   0   0  19   0   0   0   0  76   0  2.46 inf
   80 N   -3 -3  5  0 -5  6  0 -4  0 -5 -4 -2  0 -5 -4 -1  0 -5 -2 -3    1   0  32   4   0  43   4   0   2   0   1   0   2   0   0   3   5   0   1   2  1.11 inf
   81 L   -2 -5 -5 -6 -3 -4 -5 -6 -5  3  4 -5  4  0 -5 -4 -2 -4 -3  4    2   0   0   0   0   0   0   0   0  16  41   0  12   3   0   0   1   0   0  26  0.86 inf
   82 H   -4 -4 -1 -5  0 -3 -4 -5  7 -4 -2 -2  1  2 -5 -3 -2  7  5  0    0   0   3   0   2   0   0   0  27   0   4   2   4   7   0   2   2  18  24   6  1.23 inf
   83 L   -2 -5 -6 -6 -4 -5 -6 -6 -6  1  6 -5  1 -1 -6 -5 -4 -4 -4  1    2   0   0   0   0   0   0   0   0   6  78   0   2   2   0   0   0   0   0   9  1.30 inf
   84 G    0 -6 -4 -5 -6 -5 -5  7 -5 -7 -7 -5 -6 -7 -5 -3 -5 -6 -6 -6    7   0   0   0   0   0   0  93   0   0   0   0   0   0   0   0   0   0   0   0  2.25 inf
   85 G    2 -5 -4 -4 -5 -5 -5  7 -5 -6 -6 -4 -5 -6 -5 -1 -4 -6 -6 -6   16   0   0   0   0   0   0  81   0   0   0   0   0   0   0   3   0   0   0   0  1.86 inf
   86 N    0 -1  3  3 -1 -2 -2  2 -1 -4 -4 -2 -4 -4 -3  3  1 -5 -4 -4    8   2  14  16   1   0   1  19   1   0   0   1   0   0   0  27   8   0   0   0  0.52 inf
   87 R   -1  2 -1 -3 -3 -1 -2 -3  2  1  1 -1 -1  2  3  0 -2 -1  2 -1    3  14   2   0   0   1   0   1   6   8  18   2   1  11  13   9   1   1   7   1  0.23 inf
   88 I    1 -1  2  2 -3  0  1  2  2 -1 -1 -1 -2 -2 -2  0 -1 -3  0 -2   12   3  14  12   0   3   8  17   6   4   6   2   1   1   1   4   2   0   3   2  0.17 inf
   89 G   -2 -3 -1 -3 -5  3 -1  6 -4 -5  0 -3 -1 -2 -5 -2 -2 -5 -5 -5    1   1   2   1   0  17   3  57   0   0  11   0   2   2   0   2   1   0   0   0  0.98 inf
   90 T    0  0  0  2 -4  3  1 -1 -2 -3 -3 -2  0 -3 -2  0  4 -4 -2 -3    6   4   3  12   0  17   6   5   1   0   2   1   2   1   1   6  32   0   1   1  0.42 inf
   91 R   -1  7 -2 -3 -5  1 -2  0 -3 -5 -5  1 -4 -3 -2 -1 -2 -2 -4 -3    4  61   1   1   0   7   1   7   0   0   0   5   0   1   2   5   2   1   0   2  1.10 inf
   92 I   -2 -4 -4 -3 -3 -3 -4 -2 -2  2  4 -4  0  1 -4 -3  0 -3  0  2    2   0   0   1   0   0   0   3   1  13  47   0   1   6   0   0   7   0   3  12  0.52 inf
   93 P    2 -1  4 -2 -4 -3 -2  3 -3 -4 -4 -2 -4 -3  3  0 -2 -5 -4 -4   20   3  24   0   0   0   1  23   0   0   0   0   0   1  16   7   1   0   0   0  0.65 inf
   94 R   -3  5 -2 -2 -4  1  1 -3 -2 -5 -5  5 -4 -2 -3 -2  0 -2 -1 -3    1  29   1   2   0   6   7   1   0   0   0  37   0   2   1   2   6   1   2   2  0.82 inf
   95 M   -2 -1 -3 -3 -2 -2 -3 -4 -4  1  3  1  3 -3  3 -2  0 -4 -2  0    1   2   1   1   1   1   1   1   0   9  33  13   9   0  13   3   5   0   1   6  0.39 inf
   96 Y   -4  1 -5 -6 -5 -3 -5 -4 -2 -1  1 -3 -3  4 -2 -5 -4 -2  7  1    1   9   0   0   0   1   0   2   1   2  14   1   0  14   2   0   0   0  45   9  1.12 inf
   97 K    0  4 -2 -2 -4  1 -1  1 -3 -1  0  3  2 -3 -4 -2 -2 -4 -4 -2    9  27   1   1   0   8   2  11   0   4  10  19   5   1   0   0   1   0   0   1  0.42 inf
   98 E   -1  0  0  2 -5  1  4  1  4 -5 -4  0 -4 -4 -2 -1 -2 -4  1 -4    4   5   3  13   0   5  31  12  10   0   1   4   0   0   2   3   2   0   4   1  0.50 inf
   99 N   -1  2  4 -1 -5  0 -2 -2 -1 -3 -4  5 -1 -3 -4  1 -2 -5 -3 -4    4  12  23   2   0   2   0   3   1   1   1  37   1   1   0   8   0   0   1   1  0.73 inf
  100 I   -2 -4 -6 -6 -4 -4 -6 -6 -6  4  1 -5  2 -2 -6 -5 -2 -6 -4  6    3   1   0   0   0   1   0   0   0  26   8   0   5   1   0   0   1   0   0  55  1.22 inf
  101 T   -1 -2 -1  1 -4 -2 -1 -1  1 -3 -3  2 -3 -5  4 -1  4 -5 -4 -3    5   0   2   8   0   1   2   5   3   1   1  15   1   0  24   3  29   0   0   0  0.63 inf
  102 E    2 -2 -3  0 -4 -1  4 -2  0  1  0 -1 -3 -2 -2  1 -1 -5 -2  0   16   2   0   5   0   0  34   2   3   8   8   2   0   1   1   9   2   0   1   6  0.34 inf
  103 P    2 -1  0  3 -2  2  3 -1  0 -4 -4  0 -3 -5  1  0  0 -5 -4 -3   16   1   4  18   1  10  20   3   2   0   0   6   0   0   5   7   5   0   0   2  0.40 inf
  104 E   -2  0 -1  4 -5  2  5 -2 -3 -5 -4 -1 -4 -5 -4 -2 -2 -5 -5 -2    4   5   2  24   0   9  42   4   0   0   2   3   0   0   0   2   2   0   0   3  0.84 inf
  105 I   -2 -5 -5 -5 -4 -5 -5 -5 -5  6  4 -5  1  0 -5 -2 -3 -4 -1  1    2   0   0   0   0   0   0   0   0  44  34   0   2   3   0   3   0   0   2   8  0.96 inf
  106 L    0 -2 -2 -2 -3 -1  3 -1 -1  0  3 -2  0 -2  1 -1 -1 -4 -3  0    8   1   2   1   0   1  22   5   1   5  31   0   2   1   7   2   3   0   0   8  0.25 inf
  107 A    1  0  0  4 -4  0  2 -2 -1 -2 -3  1 -1 -4  0  1  0 -4 -4 -3   15   4   3  25   0   2  13   1   1   2   2  10   2   0   4   8   5   0   0   1  0.35 inf
  108 S    0 -2 -2 -2 -3 -1  1 -3  0  1  0 -2 -2  1 -3 -1  1 -2  4  2    8   2   1   1   0   2  13   0   2  10   6   1   0   6   0   4  10   0  16  17  0.22 inf
  109 L   -3 -5 -3 -5  1 -4 -5 -5 -5  3  4 -5  2  1 -5 -4 -1 -4 -3  2    0   0   1   0   3   0   0   0   0  18  49   0   5   5   0   0   4   0   0  13  0.82 inf
  110 D   -1  1 -1  4 -5  0  5 -3 -3 -5 -3  1 -4 -5 -4 -1 -1 -5 -4 -2    3   8   1  27   0   2  38   2   0   0   2   7   0   0   0   3   4   0   0   3  0.77 inf
  111 E    0  3 -2 -2 -4  1  0 -1 -1 -3 -3  1 -2 -2  5 -1 -1 -5 -2 -2    6  16   1   2   0   5   7   4   1   1   1   9   1   1  34   4   3   0   1   2  0.63 inf
  112 L   -3 -5 -5 -5 -4 -4 -5 -6 -3  3  5 -5  1 -1 -5 -4 -2  0 -2  2    1   0   0   0   0   0   0   0   1  16  56   0   2   2   0   0   2   1   1  16  0.93 inf
  113 I   -2 -5 -5 -5 -4 -5 -5 -5 -4  3  4 -5  0  5 -5 -4 -2 -3 -2  2    3   0   0   0   0   0   0   0   0  14  36   0   1  27   0   1   3   0   0  14  0.84 inf
  114 G    1  2  0  0 -3  0  1  2 -1 -1 -2  1 -1 -2 -1  0  0 -3  0  0   11  12   3   4   0   4   8  15   1   4   3  12   1   1   2   5   4   0   3   7  0.11 inf
  115 R    0  4  1  0 -2  1 -1 -1  2 -2 -1  0  0  0 -3  0  0 -3  2 -2    9  25   7   6   1   5   1   3   6   1   6   2   2   3   0   7   4   0   8   3  0.22 inf
  116 W   -6 -6 -6 -7 -6 -5 -6 -6 -4 -5 -4 -6 -4  6 -6 -6 -5 10  7 -5    0   0   0   0   0   0   0   0   0   0   0   0   0  26   0   0   0  35  35   0  2.50 inf
  117 A    3  0 -2 -2 -3  1  0 -2 -3 -1  0  3 -2 -3 -3  0 -1 -4 -3  0   29   4   1   1   0   6   4   2   0   2   9  25   0   0   0   8   1   0   0   6  0.34 inf
  118 K    1  1  0 -1 -4  3  2 -2 -1 -2 -1  3 -1 -4 -3  0  0 -4 -3 -2   12   8   5   3   0  16  12   1   1   1   5  21   1   0   0   6   6   0   0   2  0.32 inf
  119 E   -2 -1  2  2 -3  2  5 -2  1 -5 -4  0 -4 -4 -3  0 -1 -5 -3 -3    3   2  12   8   0  11  41   3   4   0   1   3   0   1   0   6   3   0   1   1  0.66 inf
  120 R   -2  8 -3 -3 -6 -1 -3 -3 -4 -6 -4  2 -4 -4 -5 -3 -3 -6 -5 -5    3  74   1   1   0   1   0   2   0   0   1  12   0   1   0   2   1   0   0   0  1.76 inf
  121 E   -1  0  2  1 -4  4  2  0  2 -3  0  0 -3 -3 -3  0  0 -2 -2 -3    3   5  10   7   0  22  15   7   4   1   9   5   0   1   0   4   4   0   1   1  0.31 inf
  122 A    1 -3  0  2 -2  0  2  0  0 -2 -3 -1 -3 -4  3  0  1 -5 -2 -2   11   0   4  12   1   2  18   7   2   2   2   3   0   0  17   8   7   0   1   2  0.34 inf
  123 G   -1 -1  1  2 -5  0  0  5 -2 -6 -6  1 -5 -4 -3 -1 -2 -5 -5 -5    4   4   5  12   0   3   5  49   1   0   0  10   0   1   1   3   1   0   0   0  0.82 inf
  124 E   -5 -1 -4 -2 -7 -1  8 -6 -4 -4 -5 -2 -5 -4 -5 -2 -4 -6 -6 -4    0   3   0   1   0   2  86   0   0   1   1   2   0   1   0   2   0   0   0   1  2.00 inf
  125 G    0  3 -2 -1  0 -1 -3  1  3 -4 -4 -1 -4 -4 -1  4  1 -5 -2 -3    5  15   0   3   2   1   0  13   9   0   1   2   0   0   2  32  10   0   1   1  0.45 inf
  126 F   -7 -7 -7 -8 -7 -7 -8 -8 -5 -4 -1 -7 -1  9 -8 -7 -6 -3  1 -5    0   0   0   0   0   0   0   0   0   0   4   0   1  93   0   0   0   0   2   0  2.93 inf
  127 G    2 -2 -3 -5 -2 -2 -5  6 -3 -6 -4 -3 -5 -4 -3 -2 -4 -6 -2 -3   16   2   1   0   1   1   0  69   1   0   2   1   0   1   1   1   0   0   1   2  1.37 inf
  128 D   -1 -3  2  7 -6  1  1 -3 -1 -6 -6 -3 -6 -7 -5 -2 -2 -7 -6 -5    6   1   7  65   0   7   7   1   1   0   0   1   0   0   0   2   2   0   0   0  1.46 inf
  129 F   -6 -6 -6 -7 -6 -6 -6 -7  2 -4 -3 -6 -4  8 -7 -6 -3  8  5 -4    0   0   0   0   0   0   0   0   4   0   1   0   0  57   0   0   2  19  16   1  2.21 inf
  130 T    1 -5 -4 -5  5 -4 -4 -5 -5  2  0 -4 -1 -3 -4 -2  3 -1 -2  4   13   0   0   0  14   0   0   0   0   9   9   0   1   0   0   1  17   1   1  33  0.68 inf
  131 V   -1  0  2  1 -4  0  0 -2  3  3 -1 -2 -1 -2 -4 -2 -1 -4 -2  1    6   5  13   9   0   3   5   2   9  25   3   1   1   1   0   1   3   0   1  12  0.25 inf
  132 R   -5  8 -4 -5 -7 -1 -2 -4 -4 -7 -6  1 -2 -7 -6 -3 -5 -7 -6 -6    0  87   0   0   0   1   2   1   0   0   0   6   1   0   0   1   0   0   0   0  2.31 inf
  133 A    3 -2 -4 -4 -3 -1 -3 -4 -4  0  1 -2  3 -3 -4 -1  0 -3 -4  3   33   1   0   1   0   3   0   0   0   4  14   2   7   0   0   3   6   0   0  25  0.47 inf
  134 G   -3 -5 -1 -2 -6 -5 -3  7 -5 -7 -7 -3 -6 -6 -5 -3 -5 -6 -6 -6    1   0   3   2   0   0   1  92   0   0   0   1   0   0   0   0   0   0   0   0  2.13 inf
  135 I   -1 -2 -4 -3  0 -4 -4 -5 -1  4  0 -4 -1  4 -3 -3 -3 -3  2  2    6   2   0   1   2   0   0   0   2  34   5   0   1  20   1   0   0   0   7  17  0.59 inf
  136 I   -2 -3 -3 -2 -3 -2  4 -4 -3  4 -1 -3 -2 -3 -2 -2 -2 -4 -3  4    1   0   0   2   0   0  31   1   0  25   3   0   0   0   2   3   1   0   0  30  0.63 inf
  137 R    2  3 -1 -1 -4  1  0 -3 -2 -3 -3  5 -1 -4 -2 -1 -1 -4 -3 -3   20  18   2   2   0   5   5   0   0   1   1  37   1   0   1   2   2   0   0   1  0.58 inf
  138 P    1 -1 -2 -1 -3 -1  3 -3 -2 -3 -3  0 -2  0  5 -1 -2 -3 -3 -3   15   2   1   2   0   2  27   1   0   1   1   4   1   5  34   1   1   0   0   1  0.72 inf
  139 V    0 -3 -3 -3 -1 -2 -3 -3 -3  1  0 -3  0 -2 -3 -2  3 -3 -2  5    6   1   1   1   1   1   1   1   0   2   6   1   2   1   1   1  23   0   1  51  0.55 inf
  140 L   -2 -1 -2 -3 -2 -2 -2 -3 -1  2  3  0  0 -1  0 -2  2 -3 -2  2    1   3   2   0   0   0   1   1   2  13  33   6   1   1   5   1  15   0   1  13  0.24 inf
  141 D   -2 -2  3  5 -4  2  2 -2  1 -1 -4 -1 -3 -4 -3 -1  0 -5 -3  0    1   0  19  35   0   8  14   1   3   3   0   1   0   0   0   0   4   0   0   8  0.60 inf
  142 P    3 -2 -1 -2 -2 -1  1  1 -2 -3 -3 -1 -2 -3  2  3  0 -3 -3 -2   26   1   1   1   0   2  11  11   0   1   1   3   0   0  10  28   3   0   0   1  0.39 inf
  143 A    2 -2 -2 -3 -3 -2 -2  2 -2  0  0  1 -1 -1  2 -1 -2  3 -2  0   23   0   0   0   0   0   2  19   1   4  11  12   1   3   9   2   0   5   0   7  0.22 inf
  144 R   -2  5 -2 -2 -4  0 -1 -4 -2  0  0  1 -2 -2 -3 -2  0 -3  1  2    1  42   0   2   0   3   3   0   0   5   7   8   0   1   0   0   7   0   6  16  0.47 inf
  145 D   -2 -3  2  7 -5  0  2 -3 -3 -4 -4 -2 -4 -5 -3 -2 -2 -5 -4 -4    2   0   8  66   0   3  13   0   0   0   2   1   0   0   0   0   2   0   0   0  1.22 inf
  146 L   -5 -4 -5 -6 -5 -5 -5 -6 -4 -3 -2  1 -2  9 -6 -5 -4  1  0 -3    0   0   0   0   0   0   0   0   0   0   2  12   0  86   0   0   0   1   0   0  1.94 inf
  147 W   -4 -3 -2 -4  0 -3 -3 -5  8 -5 -4 -4 -4 -1 -5 -1 -4  9  5 -5    0   0   1   0   2   0   0   0  43   0   0   0   0   0   0   4   0  28  22   0  1.89 inf
  148 D   -3 -2  1  5 -5  1  5 -3 -2 -5 -5 -1 -4 -5 -3 -2 -2 -5 -4 -4    0   0   4  44   0   4  49   0   0   0   0   0   0   0   0   0   0   0   0   0  1.17 inf

                      K         Lambda
Standard Ungapped    0.1397     0.3213
Standard Gapped      0.0557     0.2670
PSI Ungapped         0.1825     0.3163
PSI Gapped           0.0557     0.2670
