
Last position-specific scoring matrix computed, weighted observed percentages rounded down, information per position, and relative weight of gapless real matches to pseudocounts
           A  R  N  D  C  Q  E  G  H  I  L  K  M  F  P  S  T  W  Y  V   A   R   N   D   C   Q   E   G   H   I   L   K   M   F   P   S   T   W   Y   V
    1 G   -4 -7  0 -5 -7 -6 -6  8 -6 -8 -8 -6 -7 -8 -6 -4 -6 -7 -7 -8    0   0   4   0   0   0   0  96   0   0   0   0   0   0   0   0   0   0   0   0  2.60 inf
    2 K   -1  3  3 -2 -5  1  1 -3  1 -4 -2  3 -3 -2 -2 -1  1 -5 -4 -1    3  16  14   1   0   5  10   1   4   0   3  21   0   2   1   4  10   0   0   4  0.40 inf
    3 F   -7 -7 -8 -8 -7 -8 -8 -8 -6  1  0 -8 -3  9 -8 -7 -7 -4 -1 -4    0   0   0   0   0   0   0   0   0   8   7   0   0  83   0   0   0   0   1   1  2.67 inf
    4 A    1 -1  0  0 -3 -1  1  0  1  0 -2  0 -1 -3 -2  1  2 -4 -2  0    9   2   5   4   0   1  11   8   4   5   3   7   2   0   1  13  14   0   0   8  0.13 inf
    5 I   -4 -3 -6 -6 -5 -5 -6 -6 -2  5  1 -5 -2 -1 -6 -5 -3  0  6  3    1   2   0   0   0   0   0   0   1  34  10   0   0   2   0   0   1   1  32  16  1.24 inf
    6 R   -1  3  0 -1 -4  2  0 -2  3 -3 -1  4 -2 -4 -3 -1  0 -4 -3 -2    3  19   4   3   0   8   4   3   7   1   8  27   1   0   1   5   5   0   1   2  0.43 inf
    7 P   -2 -3 -3 -2 -5 -3 -2  3 -5 -4 -5 -1 -4 -6  7 -3 -4 -6 -4 -4    3   2   1   2   0   1   3  21   0   1   1   4   0   0  56   2   1   0   1   1  1.53 inf
    8 D   -2  0  3  2 -3  0  0  0  0  0  0  0 -2  0 -1  0 -1 -1  1 -1    2   4  15  12   0   4   6   8   2   6   9   6   0   4   3   5   1   1   7   5  0.11 inf
    9 K   -1  0 -1  0  0  2 -1  4 -3 -2 -3  3 -1 -2  0 -2 -2 -4 -2 -1    3   4   2   5   2   9   2  30   0   2   2  19   2   2   5   1   2   0   2   5  0.38 inf
   10 K   -1  2  1 -2 -4  0  1 -1 -1 -2 -3  5 -2 -3 -2  0  0 -4 -3 -2    5  11   8   1   0   2   8   4   1   2   2  36   1   1   1   6   7   0   1   3  0.46 inf
   11 S   -1 -1 -1 -1 -1 -1 -2 -1 -1  0  0 -1  1  3 -1  1 -2  2  3  0    5   3   3   4   1   2   2   4   1   5  10   3   4  16   3  14   1   3  10   6  0.15 inf
   12 S   -1  0  1  0 -1  0  1  0  1 -2 -2  0  0  1  3  1  0 -3 -1 -2    4   4   8   4   1   4  11   7   3   2   3   5   2   8  14  11   6   0   2   3  0.15 inf
   13 P   -1 -1 -2 -1 -2 -2 -2  1 -1 -1 -2  0 -3  0  4 -2 -2  5  4 -1    5   3   2   4   1   2   2  12   1   4   4   5   0   3  20   3   2   8  15   4  0.42 inf
   14 V   -1  0  0  0 -3  1  1 -1 -1  0 -1  3 -1 -1  0  0  0 -3  0  0    4   4   3   4   0   6  10   4   1   6   5  23   1   3   4   5   7   0   3   9  0.13 inf
   15 I    0  0 -1 -1 -2  0  1  0 -1  0 -1  0  0 -1  3  0  0 -2 -1 -1    7   5   2   2   1   4  13   6   2   5   7   6   2   3  17   4   6   1   2   4  0.16 inf
   16 K   -1  3  4 -1 -2  1  1 -1  0 -3 -2  2 -1 -3 -2 -1 -1 -3 -1 -2    4  18  22   3   1   4  10   3   2   1   3  14   2   1   1   4   2   0   2   3  0.35 inf
   17 T    0  0  0 -1 -2  0  0 -2  3 -2 -1  1  2  2 -2  0  1 -2  0 -1    6   6   4   3   1   4   5   2   8   1   3  12   8  12   2   7  10   0   2   4  0.12 inf
   18 V    2 -3 -3 -2  0 -2 -3 -2  1  0 -1 -1 -1  3 -1 -1 -1  2  2  2   19   1   1   2   2   1   1   2   4   4   3   4   0  15   3   4   4   3   8  19  0.24 inf
   19 K   -1  3  0  1 -5  1  1 -2  0 -4 -4  5 -2 -5 -2  0  0 -5 -3 -4    3  16   4   7   0   4   7   2   3   1   1  38   1   0   2   5   6   0   0   0  0.62 inf
   20 S   -2  2  3  1 -4 -1  1 -3  6 -5 -4  2 -4 -4 -2  1 -2 -5 -2 -4    3  12  15   7   0   2   7   1  21   0   1  15   0   0   2  11   2   0   1   1  0.63 inf
   21 V   -3 -5 -6 -6 -3 -5 -5 -4 -3  4  3 -5  3  2 -5 -5 -3 -4  1  3    1   0   0   0   0   0   0   1   1  25  32   0   6   9   0   0   0   0   5  19  0.83 inf
   22 G    1 -3 -2 -4  0 -3 -4  3 -1  0  1 -3 -1  0 -4 -1  0 -4  0  2   12   1   2   0   2   0   0  25   1   3  17   1   0   4   0   4   5   0   3  20  0.31 inf
   23 M   -2 -5 -6 -7  0 -5 -6 -3 -5  1  3 -6  8  5 -6 -5 -4 -4 -3 -3    3   0   0   0   2   0   0   2   0   6  27   0  40  20   0   0   1   0   0   0  1.46 inf
   24 I   -3 -6 -6 -7 -3 -6 -6 -7 -6  7  2 -6 -1  1 -6 -5 -4 -5 -4  3    1   0   0   0   1   0   0   0   0  57  21   0   1   5   0   0   0   0   0  15  1.39 inf
   25 A    6 -5 -5 -5  3 -2 -5  2 -6 -4 -3 -5 -5 -6 -5  0 -2 -6 -6 -3   65   0   0   0   6   2   0  16   0   1   2   0   0   0   0   5   1   0   0   2  1.30 inf
   26 G    3 -6 -5 -6 -2 -6 -6  7 -6 -7 -7 -5 -6 -7 -6 -2 -2 -7 -7 -5   21   0   0   0   1   0   0  73   0   0   0   0   0   0   0   2   2   0   0   1  1.86 inf
   27 G   -4 -7 -5 -2 -7 -6 -7  8 -7 -9 -8 -6 -7 -8 -7 -2 -6 -7 -8 -8    0   0   0   2   0   0   0  95   0   0   0   0   0   0   0   2   0   0   0   0  2.63 inf
   28 T    0 -1 -4 -5 -2 -4 -4 -4 -5  2 -4 -4 -4 -1 -4  4  5 -6 -5 -1    6   4   0   0   1   0   0   0   0  13   1   0   0   3   0  27  41   0   0   3  0.95 inf
   29 G    0 -7 -5 -6 -7 -6 -7  7 -7 -8 -8 -6 -7 -8 -7 -5 -6 -7 -8 -7    9   0   0   0   0   0   0  91   0   0   0   0   0   0   0   0   0   0   0   0  2.50 inf
   30 I   -5 -7 -7 -7 -5 -6 -3 -8 -7  7  1 -6  3  2 -7 -6 -3 -6 -2  1    0   0   0   0   0   0   3   0   0  58  13   0   7   9   0   0   2   0   1   7  1.48 inf
   31 T    2 -6 -3 -6  1 -6 -6 -6 -7 -6 -6 -6 -6 -7 -1 -2  7 -8 -7 -3   16   0   1   0   3   0   0   0   0   0   0   0   0   0   4   1  72   0   0   2  1.92 inf
   32 P   -4 -8 -8 -7 -9 -7 -3 -8 -2 -9 -9 -7 -8 -9  9 -6 -2-10 -9 -8    1   0   0   0   0   0   2   0   1   0   0   0   0   0  93   0   2   0   0   0  3.27 inf
   33 M   -3 -6 -4 -2  0 -5 -6 -3 -2  3  2 -4  9  1 -7 -6 -3 -6 -5  1    2   0   1   2   2   0   0   2   1  12  14   1  47   6   0   0   2   0   0   8  1.44 inf
   34 L   -4  3 -5 -3 -5 -4 -5 -6 -2  0  3 -3  3  3 -4 -5 -4  2  4  0    1  15   0   1   0   0   0   0   1   5  31   1   8  12   1   0   0   2  16   5  0.77 inf
   35 Q   -1 -1 -3 -2  0  7 -3 -3 -5 -7 -6 -1 -5 -7 -4  4  0 -7 -6 -5    5   3   1   2   2  41   0   2   0   0   0   4   0   0   1  33   5   0   0   1  1.26 inf
   36 V   -3 -6 -6 -6 -5 -4 -6 -7  0  5  3 -6  4 -2 -6 -3 -2 -6 -2  3    2   0   0   0   0   1   0   0   3  29  27   0  11   1   0   2   2   0   1  21  0.99 inf
   37 I    0 -6 -7 -4 -2 -6 -5 -5 -7  6  3 -6  2 -2 -6 -4 -3 -6 -5  1    7   0   0   1   1   0   1   1   0  47  27   0   4   1   0   1   1   0   0   6  1.19 inf
   38 R   -2  6  2 -3 -4  2 -3 -4  0 -5 -5  3 -3 -1 -5 -3 -1  3 -3 -4    4  40   9   1   0   8   1   1   2   0   1  15   1   3   0   2   3   4   0   1  0.90 inf
   39 A    3  0 -1 -1 -2  0 -1 -2  4 -5 -4 -2 -2 -2 -3  0  0  1  4 -3   29   5   3   4   1   3   5   3  10   0   1   2   1   1   1   7   6   2  15   1  0.47 inf
   40 I    0 -3 -4 -5  2 -1 -3 -4 -2  5  0 -3  2 -2 -4 -2 -1 -1 -1  3    9   1   0   0   4   4   1   1   1  34   6   2   6   1   0   3   4   1   2  19  0.58 inf
   41 M   -2 -4 -4 -7  4 -5 -6 -7 -3  1  5 -3  3  2 -6 -4 -1 -5 -3 -1    3   1   1   0   7   0   0   0   1   6  58   2   6   7   0   1   4   0   1   3  1.06 inf
   42 K    1  2  0  2 -2  1  2 -2 -1 -4 -3  3 -1 -5 -3  1  1 -2 -4 -3   11  12   3   9   1   6  12   2   1   0   3  18   1   0   1   9   9   1   0   1  0.34 inf
   43 D   -2  2  5  5 -3 -1 -1 -2  1 -4 -3 -2 -5 -4 -5 -1  0 -2 -3 -4    3  10  23  35   1   2   3   3   3   1   2   2   0   1   0   4   5   1   1   1  0.83 inf
   44 P   -1  1  0 -1 -2 -1  1 -2  1 -2 -3  2 -1 -3  5 -1 -1 -1 -2 -2    5   9   4   4   1   2  10   3   3   3   3  11   1   1  27   4   3   1   1   2  0.45 inf
   45 D   -1  0  2  2 -5  0  3  1 -1 -3 -3  1 -4 -5  0  1 -1  1 -2 -3    5   4   9  11   0   4  21  10   1   2   3   8   0   0   5   9   4   2   1   2  0.29 inf
   46 D   -5 -1  0  7 -1  0 -1 -3 -1 -3 -4 -1 -2 -6  0  0  0  0 -6 -4    0   4   4  52   1   4   3   2   1   2   2   3   1   0   5   7   5   2   0   2  1.04 inf
   47 H   -1  1  1  0 -2  0  0 -1  2 -1 -1  2 -1 -1  2  0  1 -4  0 -2    3   7   6   5   1   3   4   4   6   4   8  18   1   3   9   5   8   0   3   2  0.14 inf
   48 T   -2  2 -1 -1  0 -4 -1  1 -2 -3 -4 -2 -1 -5 -2  0  6 -6 -5 -1    3  10   2   3   2   0   5   9   1   2   1   2   1   0   2   6  45   0   0   5  0.74 inf
   49 V   -2  1  0  2 -2  2  1 -2 -1 -3 -4  4 -2 -1  0 -1 -1 -5 -3 -3    2   8   4  11   1   8  10   3   2   1   1  29   1   3   4   5   4   0   1   2  0.44 inf
   50 C    0 -3  1 -3  3 -2 -3 -3  2  1  0 -2  2  1 -3  0  1  5 -1  1    8   0   8   0   8   0   0   0   8   8   8   0   8   8   0   8   8   8   0   8  0.21 inf
   51 H   -1  0  0  0 -1  0 -1 -3  3 -1 -2  1 -1 -1 -3  2  3  2  0  1    2   5   4   4   1   4   1   0   9   2   2   8   1   2   0  15  20   4   3  12  0.19 inf
   52 L   -2 -4 -5 -5 -3 -4 -5 -5 -4  1  5 -4  2  3 -5 -4 -3 -3  1  1    3   0   0   0   0   0   0   0   0   6  59   0   3  14   0   0   0   0   5  10  0.81 inf
   53 L   -3 -4 -5 -5 -3 -4 -4 -5 -4  3  3 -4  2  3 -5 -4 -2  4  2  3    0   0   0   0   0   0   0   0   0  23  26   0   5  12   0   0   0   5   6  23  0.65 inf
   54 F   -2 -4 -1  1  1 -3 -3 -2  3 -3 -2 -4 -3  4 -5 -2 -2  2  7 -2    2   0   2  11   3   0   0   3   7   0   1   0   0  20   0   2   2   2  43   2  0.97 inf
   55 A    2 -3 -2 -3  3  0 -2  4 -3 -2 -3 -3 -3  0 -3  1  0 -4 -3 -2   22   0   0   0   7   6   2  37   0   3   2   0   0   6   0   9   4   0   0   2  0.49 inf
   56 N    1 -3  6 -2  3 -3 -3 -2  1 -2 -4 -3 -3  1 -4  0 -1  1 -3 -1   13   0  52   0   8   0   0   2   4   2   0   0   0   6   0   4   3   2   0   6  0.81 inf
   57 Q   -2  5  1 -1  0  1  0 -2  0 -2 -3  3 -3 -4 -2 -1 -1 -4 -3  0    1  36   6   3   3   4   3   2   2   2   1  22   0   0   1   2   3   0   0   9  0.48 inf
   58 T   -2  0  1  0  0 -1 -1 -2  0 -3 -4 -2 -2 -2 -4  4  4 -6 -2 -3    2   5   7   5   2   3   2   3   2   1   1   2   1   1   0  27  30   0   1   1  0.58 inf
   59 E   -2 -2 -2 -1 -5 -1  4 -4 -1 -2 -1 -1  0 -1  3 -1  0  3  0  1    2   2   1   3   0   1  31   1   1   2   6   2   2   3  13   5   7   4   4  10  0.40 inf
   60 K    0  2  1  3 -1  1  3  1 -1 -3 -4  0 -2 -5 -2  0 -1 -5 -2 -3    8  12   7  15   1   4  19   9   1   1   0   5   1   0   2   8   2   0   2   2  0.33 inf
   61 D   -3 -2  0  6 -7  0  3 -3  0 -6 -4 -2 -1 -7 -5  0  0 -7 -6 -6    2   2   3  50   0   3  18   2   2   0   2   2   2   0   0   8   5   0   0   0  1.15 inf
   62 I   -2 -6 -7 -7  0 -2 -6 -7 -7  7  1 -6  3  0 -6 -3 -1 -6 -5  1    4   0   0   0   2   2   0   0   0  56  11   0   7   4   0   2   3   0   0   8  1.26 inf
   63 L   -2 -6 -6 -7  0 -5 -6 -6 -6  2  5 -6  3  1 -2 -5 -1  1 -3  1    4   0   0   0   2   0   0   0   0  11  55   0   7   6   2   0   4   2   1   7  0.94 inf
   64 L   -4 -4 -6 -7  4 -3 -6 -6 -2 -2  4 -6  0  5 -6 -5 -5  3  3 -2    1   1   0   0   9   1   0   0   1   1  46   0   2  21   0   0   0   3  11   1  1.14 inf
   65 R   -1  6 -2 -3 -6  0 -2 -2 -2 -5 -4  5 -3 -6 -5 -2 -3 -1 -3 -3    4  40   1   1   0   3   1   3   1   0   2  35   1   0   0   3   1   1   1   2  1.14 inf
   66 P   -1 -1  1  4 -2  0  4 -2 -1 -5 -5  1 -5 -5 -1  0 -2 -5 -1 -4    5   3   7  21   1   3  31   2   1   0   1  10   0   0   3   7   1   0   3   1  0.62 inf
   67 E   -3 -2 -3  2 -7  1  7 -4 -2 -3 -3 -1 -2 -7 -4 -3 -3 -7 -6 -3    2   2   0   9   0   5  67   1   1   2   3   2   1   0   1   1   1   0   0   2  1.43 inf
   68 L   -4 -6 -7 -7 -5 -6 -7 -7 -6  2  6 -6  0  2 -7 -6 -4 -2 -2 -1    1   0   0   0   0   0   0   0   0   9  75   0   2   7   0   0   1   1   1   3  1.53 inf
   69 E   -1 -3 -1  6 -2  0  5 -3 -3 -4 -5 -1 -2 -2 -3 -3 -3 -7 -6 -6    4   1   3  41   1   3  31   2   1   1   1   3   1   2   1   1   1   0   0   0  1.10 inf
   70 E    1  1  1  2 -5  2  4 -1  1 -3 -4  1 -2 -4 -3  0 -1 -5 -2 -3   15   8   6  11   0   8  26   3   3   1   1   6   1   1   1   5   3   0   1   1  0.40 inf
   71 L   -3 -4 -6 -5  1 -5 -6 -6 -3  1  4 -5  3  3 -6 -5 -3  7  1 -1    1   1   0   1   2   0   0   0   1   6  46   1   7  11   0   0   1  13   4   3  1.06 inf
   72 R    4  0 -2 -2 -1  2  2 -2 -1 -4 -2  1  0 -4 -2  0 -2  2 -4  0   34   4   1   1   2  11  13   2   2   0   3   8   3   0   2   5   1   3   0   6  0.40 inf
   73 N    2  3  2  0 -4  1  2 -2 -1 -3 -2  3 -2 -3 -2  0 -1 -5 -3 -3   16  15  10   4   0   5  12   1   1   1   3  17   1   1   2   6   3   0   1   2  0.33 inf
   74 E   -1  3  0  1 -3  1  3 -3 -2 -3 -2  3  0 -5 -3 -1  0 -5 -2 -3    6  19   4   6   0   6  18   1   1   1   3  19   2   0   1   4   6   0   1   2  0.43 inf
   75 H   -2 -2  2  1 -2 -1 -2 -4  6 -3 -3 -2 -2  3 -4 -1 -2  0  6 -3    4   2  10   7   1   3   1   1  21   1   2   2   1  10   1   4   2   1  24   1  0.80 inf
   76 S   -2 -1 -2  1  0 -2 -1 -2 -1 -3 -2  2 -1 -3  6 -1 -2 -4 -2 -3    3   3   2   7   2   2   4   3   1   1   4  11   2   1  43   5   2   0   1   2  0.83 inf
   77 A   -1 -1  1  4 -3  0  2  2  0 -2 -2  0 -2 -3  0  0  0 -1 -3 -3    4   3   6  26   0   4  11  14   2   3   3   5   1   1   4   6   4   1   0   1  0.30 inf
   78 R   -2  5  4 -1 -4  2 -1 -3  0 -4 -3  1 -1 -4 -3 -2 -2  0 -3 -3    2  35  22   3   0  11   2   2   2   1   2   8   1   1   1   2   2   1   0   2  0.73 inf
   79 F   -4 -5 -5 -6  3 -5 -5 -6 -5  0  3 -5  0  7 -6 -5 -2 -3  0  0    0   0   0   0   7   0   0   0   0   5  23   0   2  49   0   0   3   0   1   7  1.25 inf
   80 K   -2  2  1  0 -4  1  1 -3  3 -4 -3  4 -2 -2 -3  0  1 -4 -3 -2    3  12   8   6   0   5   8   1   7   0   1  29   1   1   0   5  10   0   0   2  0.44 inf
   81 L   -1 -3 -5 -5  1 -4 -4 -5 -5  3  2 -3  1 -1 -2 -3 -2  2 -2  5    4   1   0   0   3   0   0   0   0  15  15   1   4   2   2   1   2   3   1  46  0.73 inf
   82 W   -2 -2 -2 -2 -2  0 -1 -3  4  1  0 -1  0  2 -4 -2  0  5  3  2    2   1   1   1   1   4   4   1  12  10   6   4   2   8   0   1   6  10  10  16  0.35 inf
   83 Y   -3 -2 -2 -4 -5 -2 -4 -5  6 -2  0 -3 -2  2 -3 -3 -2  0  7 -1    2   1   1   1   0   1   0   0  20   2   9   1   1   8   1   2   3   1  39   4  1.10 inf
   84 T    0 -3 -3 -4  0 -4 -4 -4 -4  0 -1 -3  1 -1 -4 -1  4 -1 -2  4    8   1   1   0   2   0   0   1   0   4   6   1   3   3   0   4  29   1   1  35  0.59 inf
   85 V   -1 -3 -3 -3 -2 -2 -1 -3 -3  2  3 -2  2  1  0 -2  0 -2  1  2    5   0   0   0   0   0   5   1   0   9  32   0   7   5   5   0   5   0   5  19  0.24 inf
   86 D    0  0  1  2 -3  2  1  1  1 -3 -2  0 -2 -3 -2  2  0 -3 -2 -2    5   4   5  16   0  10   6   9   5   0   5   4   0   0   0  23   6   0   0   1  0.23 inf
   87 R   -1  2  1  1  0  2  2 -1  1 -2 -2  2 -2 -3 -1  0  0 -3 -1 -2    3  13   6   6   2  11  12   3   3   3   3  14   0   0   3   7   7   0   3   2  0.19 inf
   88 A    2 -4 -2 -1  0 -2  1 -1 -4 -2 -3 -2 -2 -3  6 -1 -2 -1 -4 -2   15   0   2   4   2   2  11   5   0   2   2   2   1   1  40   5   2   1   0   3  0.79 inf
   89 P   -1 -1  0  0 -4  0  0 -1  1 -2 -2 -1 -1 -2  5  1  0 -4 -1 -2    4   4   4   6   0   5   7   6   4   2   4   3   2   2  27  11   5   0   2   2  0.37 inf
   90 E   -1  0  0  2  0  1  3 -1  0 -2 -3  1 -3 -4  2  0 -1  2 -1 -2    5   4   3  14   2   6  20   4   2   2   3   8   0   0   9   6   4   3   2   3  0.26 inf
   91 A   -1 -1  1  3 -4  0  1  3  0 -2 -3  0  0 -4 -1  0  0 -4 -1 -2    4   4   6  19   0   5  10  22   2   3   2   4   3   0   2   5   5   0   3   3  0.28 inf
   92 W   -3 -6 -2 -3  1 -3 -3 -6 -1 -1 -3 -3 -2 -1 -3 -1 -1 12 -1 -2    2   0   2   2   2   1   2   0   2   4   3   2   1   3   2   5   4  59   2   3  2.39 inf
   93 D   -1  0  1  1 -1  1  1 -2  0 -2 -2  2  0 -2  1  0  1 -1 -3 -2    5   4   8   9   1   7   9   3   2   3   2  13   2   2   7   7  12   1   0   2  0.18 inf
   94 Y   -2 -1 -4 -2 -5 -1 -2  5  3 -2  0 -3  0  0 -5 -3 -3 -4  4 -2    3   3   0   2   0   3   2  41   6   2   9   2   2   3   0   1   1   0  15   3  0.72 inf
   95 S   -1  1 -1  0 -2 -1  0  2  1 -2  0  0 -1  2 -2  1 -1 -3  1 -2    3   7   3   4   1   2   7  18   3   1  10   6   2  12   2  11   3   0   5   1  0.13 inf
   96 Q   -2  2  0 -3 -1  1  0 -3  0  0 -1  2 -3 -2 -2  1  2 -5 -2  2    1  10   4   0   1   7   5   1   2   5   4  13   0   2   2   9  13   0   1  18  0.23 inf
   97 G   -5 -4 -3 -6 -7 -6 -4  7 -6 -8 -7 -4 -3 -7 -3 -4 -4 -7 -7 -7    0   1   1   0   0   0   1  89   0   0   0   1   1   0   2   1   1   0   0   0  2.35 inf
   98 F   -5  5 -5 -6 -6 -2 -4 -6  3 -4 -1 -2 -2  6 -4 -5 -4 -1  5 -4    0  33   0   0   0   1   1   0   7   1   6   2   1  27   1   0   1   1  16   1  1.25 inf
   99 V   -3 -6 -7 -7 -5 -6 -6 -7 -7  6  1 -6  0 -1 -6 -6 -4 -6 -5  5    1   0   0   0   0   0   0   0   0  45  12   0   2   2   0   0   0   0   0  36  1.49 inf
  100 N   -3 -2  3  4  1 -3 -2 -2  0 -5 -5 -3 -4 -5 -2  2  4 -5 -5 -4    2   2  15  23   3   0   2   2   3   0   1   0   0   0   2  15  29   0   0   1  0.83 inf
  101 E    1  1 -1  0 -4  2  3 -1  0 -3 -1  3 -2 -2  1 -1 -2 -2 -3 -3   10   8   2   4   0   9  18   4   2   1   5  19   1   2   8   3   2   1   1   1  0.31 inf
  102 E    1 -3  0  4 -3  0  5 -3 -1 -5 -5 -1 -5 -6  0  0 -1 -6 -5 -2   13   1   4  21   1   4  34   2   1   0   1   2   0   0   4   6   4   0   0   3  0.70 inf
  103 M   -3 -2 -5 -4 -5 -3 -4 -6  1  2  3 -3  7  1 -6 -2 -3 -2  0  1    2   2   0   1   0   1   1   0   4  13  28   2  26   6   0   3   1   0   3   9  0.82 inf
  104 I   -3 -6 -6 -7 -2 -5 -6 -7 -6  5  4 -6  3  1 -6 -5 -3  1 -2  1    2   0   0   0   1   0   0   0   0  27  43   0   8   5   0   0   1   2   1  10  1.06 inf
  105 R    0  3  0 -1 -3  2  3 -3 -1 -4 -2  3 -3 -5 -3  0  0 -5 -3 -3    7  16   3   3   1  10  16   1   2   1   5  21   0   0   1   5   6   0   0   2  0.43 inf
  106 D   -1  2  0  1 -5  2  4 -2  0 -5 -4  3 -3 -6 -2  0  0 -6 -3 -4    5  10   5   7   0   7  29   2   2   0   1  17   1   0   1   6   7   0   1   0  0.55 inf
  107 H   -1 -1 -1 -3 -1 -1 -1 -3  6 -1  0 -2 -1  1 -5 -2 -1  3  3  0    5   3   3   1   2   3   5   2  22   4   9   2   1   6   0   3   4   4  12   8  0.41 inf
  108 L    0 -5 -3 -5  1 -4 -4 -3 -5  3  4 -4  3  2 -5 -3 -3 -1 -2  2    7   0   1   0   3   1   1   2   0  13  39   1   7   8   0   1   1   1   1  13  0.64 inf
  109 P   -2 -4 -3  0 -6 -1 -2  0 -5 -3 -2 -2 -3  1  7 -2 -2 -2 -2 -2    4   1   1   5   0   3   2   7   0   2   4   2   1   7  52   3   2   1   1   3  1.16 inf
  110 P    2  0 -2  1 -4  0  2 -1 -2 -2 -4  2 -3 -5  3  1 -2 -5 -4 -2   16   5   1   7   0   4  13   5   1   3   1  14   0   0  15  10   1   0   0   3  0.36 inf
  111 P    1 -2 -1 -1 -2 -2 -2 -1 -3 -1 -3  0 -5 -5  6 -1 -1 -6 -1 -2   13   3   2   4   1   2   3   4   0   4   2   5   0   0  42   5   3   0   3   3  0.83 inf
  112 E    1  0  1  1 -1  0  1  2 -1 -3 -2 -1 -2 -4 -1  2 -1 -3 -2 -2   14   4   7   8   1   3   9  16   1   1   3   3   1   0   2  20   3   0   1   3  0.24 inf
  113 E   -1 -1 -1  3 -5  0  3  0 -1 -2 -3  1 -2 -5  1  1 -1 -5 -4 -2    5   3   3  17   0   4  22   7   1   2   2   8   1   0   8  10   3   0   0   3  0.37 inf
  114 E   -3  0  3  6 -6  0  1 -1 -2 -3 -5  1 -4 -3 -4 -1 -1 -6 -2 -4    1   5  11  40   0   3   9   5   1   2   1  10   0   1   1   5   3   0   1   1  0.79 inf
  115 P    0 -1  1  0  2 -2 -1 -2  1 -1 -2 -1 -2 -2 -1  2  4 -3 -2  0    6   3   6   4   5   1   4   2   4   4   4   2   1   2   3  13  28   0   1   8  0.29 inf
  116 L   -1  0 -2 -1 -2  1  0 -3  1  1  2  2  2 -1 -3 -2 -2 -2  0  0    4   6   1   3   1   6   5   1   5   7  22  17   6   2   0   1   2   0   4   8  0.18 inf
  117 V    3 -5 -4 -5 -1 -5 -5 -3 -3  3  0 -5 -1  1 -4 -3 -2 -5  0  5   22   0   1   0   1   0   0   2   1  18   6   0   1   5   1   1   2   0   3  35  0.73 inf
  118 L   -2 -3 -6 -5  1 -5 -6 -5  0 -1  4 -5  1  5 -6 -5 -4 -2  3  0    3   2   0   1   3   0   0   1   2   3  41   0   4  27   0   1   1   1   8   5  1.00 inf
  119 M   -2 -3 -6 -6 -3 -5 -5 -6 -3  4  2 -5  4 -2 -5 -3 -1 -5 -4  4    3   2   0   0   1   0   0   0   1  23  21   0  12   1   0   2   4   0   0  29  0.89 inf
  120 C   -3 -8 -8 -8 12 -8 -8 -5 -8 -7 -7 -8 -7 -8 -8 -3 -6 -8 -8 -4    3   0   0   0  92   0   0   1   0   0   0   0   0   0   0   2   0   0   0   1  4.18 inf
  121 G   -5 -3 -5 -6 -7 -7 -7  8 -7 -8 -8 -6 -7 -8 -7 -5 -7 -7 -8 -8    0   2   0   0   0   0   0  96   0   0   0   0   0   0   0   0   0   0   0   0  2.80 inf
  122 P   -4 -5 -5 -7 -8 -6 -6 -7 -7 -8 -8 -5 -7 -8  9 -5 -3 -8 -8 -7    1   1   1   0   0   0   0   0   0   0   0   1   0   0  93   1   1   0   0   0  3.23 inf
  123 P   -3 -4 -3  0 -6 -1  2 -3  1 -5 -4 -1 -3 -3  7 -2  0 -7 -4 -4    2   1   1   5   0   2  12   2   3   1   2   4   1   1  55   3   5   0   1   1  1.38 inf
  124 P    2 -4 -4 -3 -5 -3  0  3 -5  0 -3 -3 -2 -6  6  0 -2 -6 -5 -2   15   1   0   1   0   1   6  19   0   6   2   1   1   0  35   6   2   0   0   3  0.84 inf
  125 M   -6 -7 -7 -8 -6 -4 -7 -6 -6 -3  1 -7 10  4 -7 -5 -6 -6 -5 -5    0   0   0   0   0   1   0   1   0   1   9   0  71  16   0   1   0   0   0   0  2.80 inf
  126 I   -4 -3  1 -2 -4 -3  1 -5 -4  4  0 -3  6 -3 -5 -3  0 -4  0  2    1   1   8   2   0   1  10   1   0  24   6   1  20   0   0   1   5   0   3  16  0.66 inf
  127 Q   -2 -1  2  1 -5  4  3 -4 -3 -5 -5  4 -4 -5 -3 -1 -1 -5 -4 -4    3   2  11   8   0  19  19   1   0   0   1  27   0   0   1   3   3   0   0   1  0.77 inf
  128 Y    0  0 -1  1 -1 -1 -1  1  0 -2  0  0 -1  3 -2  1  0 -2  1 -2    9   5   1   7   1   3   4  10   2   1   9   6   1  16   1   9   6   0   5   2  0.11 inf
  129 A    5 -4 -3 -3 -2 -2  0  0 -4 -1 -1 -3  0 -4 -2  1  1 -4 -3  0   46   0   1   1   1   1   7   5   0   3   5   1   2   0   1   9   9   0   1   6  0.55 inf
  130 C    0 -3 -3 -5  5 -4 -4 -3 -4  2  1 -3  4 -2 -4 -2 -2 -2 -3  4    6   1   1   0  13   0   1   3   0  11  13   2  11   1   0   3   2   1   1  30  0.62 inf
  131 L    0  2  0 -2 -4  1  0  0  0  0  0  3 -2 -3 -3  0  0 -4 -3 -1    7  11   4   1   0   7   5   9   2   7  12  18   0   1   0   5   6   0   0   4  0.15 inf
  132 P    0 -1 -1  0 -4  0  1  2 -3 -3 -3  2 -4 -5  4 -1  0 -5 -4 -3    7   2   2   6   0   3  11  16   0   1   3  16   0   0  21   4   6   0   0   1  0.45 inf
  133 N    2 -2  2 -2 -1 -2 -2 -1  1  1  1 -2  2  0 -3  0 -1 -2  1  1   18   1  10   1   1   1   2   5   4  10  11   2   5   3   0   8   3   0   5  10  0.13 inf
  134 L   -1 -5 -7 -7 -1 -6 -7 -7 -7 -2  6 -4  0  0 -7 -5 -2 -6 -4 -2    6   1   0   0   1   0   0   0   0   1  79   1   1   4   0   0   3   0   0   2  1.54 inf
  135 E    0  0 -1  1 -5  1  3 -1  0 -3 -1  3 -3 -3 -4 -1 -1 -5 -3 -1    6   4   2   7   0   5  24   4   3   1   6  23   0   1   0   3   3   0   1   6  0.39 inf
  136 R    1  0  0  2 -4  1  4 -1 -2 -5 -5  3 -4 -6 -4  0 -1 -6 -4 -4   12   4   5  12   0   6  26   4   0   0   1  21   0   0   0   6   3   0   0   0  0.58 inf
  137 V   -1 -3 -4 -6 -2 -2 -5 -5  0  0  5 -4  5 -1 -5 -3 -3  1 -4 -2    6   1   1   0   1   2   1   1   2   5  55   1  16   2   0   1   1   2   0   2  0.98 inf
  138 G   -3 -5  0 -2 -7 -5 -4  7 -3 -6 -8 -2 -7 -8 -7 -4 -5 -3 -5 -8    1   1   5   2   0   0   1  85   1   1   0   2   0   0   0   0   0   0   0   0  2.14 inf
  139 H   -5 -6 -6 -7 -6 -6 -5 -7  2  0  0 -6  0  4 -5 -5 -4  6  7  2    0   0   0   0   0   0   0   0   4   5   7   0   2  18   1   1   0  10  37  14  1.43 inf
  140 P    0 -1  0  2 -5  1  1 -2 -2 -4 -4  2 -3 -6  3  1  2 -6 -5 -4    9   2   3  14   0   5  10   2   1   0   1  12   0   0  17  12  12   0   0   0  0.48 inf
  141 K    0  0 -1  2 -6  0  3 -4 -3 -5 -4  4 -1 -5  2  0 -2 -6 -4 -5    7   3   2  11   0   4  18   1   0   0   2  31   2   0  11   7   1   0   1   0  0.62 inf
  142 E   -1 -3  1  5 -5 -1  5 -3 -4 -6 -7 -1 -6 -7 -4  1 -2 -7 -4 -5    5   1   5  36   0   2  33   1   0   0   0   3   0   0   0   9   2   0   1   1  1.10 inf
  143 R   -3  3  3  2 -3  5  0 -4  3 -3 -3  0  3 -5 -5 -1 -2 -6 -4 -4    1  14  15  10   1  27   4   0   6   1   1   5   8   0   0   4   2   0   0   1  0.70 inf
  144 C   -4 -1 -4 -6  1  0 -5 -6 -4  5  1 -5  1 -2 -6 -4 -2  0  1  4    0   4   1   0   2   4   0   0   0  33   9   0   3   1   0   0   2   1   4  33  0.87 inf
  145 F   -5 -5 -5 -6 -4 -5 -6 -7  7  1  0 -6 -2  7 -5 -4 -4 -4  4  0    0   0   0   0   0   0   0   0  22   6   8   0   0  39   1   1   1   0  13   8  1.41 inf
  146 A    0  0 -2 -3  2  1 -1 -2 -2 -1 -2  2 -1  1 -3  1  2 -4 -2  2    7   5   1   0   4   8   2   3   0   2   2  16   1   7   0  11  13   0   1  17  0.21 inf
  147 F   -7 -7 -8 -8 -7 -8 -8 -8 -5 -5 -4 -8 -4  9 -8 -7 -7 -3  3 -5    0   0   0   0   0   0   0   0   0   0   0   0   0  91   0   0   0   0   9   0  3.06 inf

                      K         Lambda
Standard Ungapped    0.1395     0.3212
Standard Gapped      0.0558     0.2670
PSI Ungapped         0.1813     0.3116
PSI Gapped           0.0558     0.2670
