
Last position-specific scoring matrix computed, weighted observed percentages rounded down, information per position, and relative weight of gapless real matches to pseudocounts
           A  R  N  D  C  Q  E  G  H  I  L  K  M  F  P  S  T  W  Y  V   A   R   N   D   C   Q   E   G   H   I   L   K   M   F   P   S   T   W   Y   V
    1 N   -1 -1  5  3 -3  0  1 -1  0 -4 -4 -1 -3 -4 -2  2  0 -4 -3 -3    0   0  54  23   0   0   7   0   0   0   0   0   0   0   0  16   0   0   0   0  0.68 inf
    2 S   -1  2  3  2 -3  2  1 -1 -1 -3 -3  0 -2 -3 -2  2  1 -4 -2 -3    0  13  24  15   0  10   3   0   0   0   0   0   0   0   0  27   8   0   0   0  0.39 inf
    3 C   -2 -5 -4 -5 11 -4 -5 -4 -4 -3 -3 -4 -3 -4 -4 -2 -2 -4 -4 -2    0   0   0   0 100   0   0   0   0   0   0   0   0   0   0   0   0   0   0   0  2.31 inf
    4 T    0 -2 -2 -3  7 -2 -2 -3 -3  0  0 -1 -1 -2 -1  1  2 -3 -2  0    3   0   0   0  36   0   2   0   0   7  10   3   0   0   2   9  25   0   0   3  0.47 inf
    5 H   -1  2  1 -1 -3  0 -1 -2  7 -4 -3 -1 -2 -2 -2  2  0 -3  0 -3    0  14   5   2   0   0   0   0  43   0   0   0   0   0   0  30   4   0   2   0  0.60 inf
    6 F   -3 -4 -4 -5 -3 -4 -4 -4 -2 -1  0 -4 -1  8 -5 -3 -2  0  2  0    0   0   0   0   0   0   0   0   0   0   5   0   0  88   0   0   2   0   0   4  1.16 inf
    7 P   -1 -3 -2 -2 -2 -2 -2 -2 -3  0  0 -2 -1 -3  5  1 -1 -4 -3  3    0   0   0   0   0   0   0   2   0   0   5   0   0   0  40  17   0   0   0  36  0.67 inf
    8 G    0 -1  0  1 -3  0  4  1  0 -1 -2 -1 -2 -3 -2 -1  0 -3 -2  1    8   0   5   7   0   0  44  10   1   3   0   0   0   0   0   0   7   0   0  15  0.28 inf
    9 N    0 -2  1 -1 -2 -1 -2  4 -2 -1 -1 -1 -2 -3 -2  2  1 -3 -3 -2    0   0   8   0   0   1   0  40   0   4  10   0   0   0   0  30   7   0   0   0  0.39 inf
   10 L   -2 -3 -3 -4 -2  0 -3 -4 -2  1  3 -3  1  5 -4 -1 -2 -1  1  0    0   0   0   0   0   7   0   0   0   6  43   0   0  39   0   5   0   0   0   0  0.47 inf
   11 P   -2 -3 -3  0 -4 -2 -2 -3 -3 -4 -4 -2 -4 -5  8 -1  0 -5 -4 -3    0   0   0   6   0   0   0   0   0   0   0   0   0   0  87   2   5   0   0   0  2.05 inf
   12 N    1 -2  2 -2 -2 -1 -1 -1  5  0 -1 -2 -1 -1 -2 -1 -1 -2  2  1   18   0  14   0   0   2   0   4  25   3   5   0   0   0   0   1   2   0   7  18  0.21 inf
   13 M   -2  4 -2 -3 -3  0 -2 -3 -2  0  1  1  6 -2 -3 -2 -1 -3 -2 -1    0  32   0   0   0   3   0   0   0   6   5   7  45   0   0   0   2   0   0   0  0.53 inf
   14 L   -2 -3 -5 -5 -2 -3 -4 -5 -4  1  5 -4  1  0 -4 -4 -2 -3 -2  0    0   0   0   0   0   0   0   0   0   0 100   0   0   0   0   0   0   0   0   0  0.91 inf
   15 R   -2  6 -1 -2 -4  0 -1 -3  1 -4 -3  4 -2 -3 -3 -1 -2 -3  0 -3    0  56   0   0   0   0   0   0   3   0   1  35   0   0   0   0   0   0   5   0  0.79 inf
   16 D   -2  0 -1  3 -4  2  5 -3 -1 -3 -3  0  0 -4 -2  0 -1 -4 -3 -1    0   5   0  14   0   5  64   0   0   0   0   0   4   0   0   4   0   0   0   5  0.67 inf
   17 L   -2 -3 -4 -5 -2 -3 -4 -5 -4  1  5 -3  2  0 -4 -3 -2 -3 -2  0    0   0   0   0   0   0   0   0   0   0  96   0   4   0   0   0   0   0   0   0  0.85 inf
   18 R   -3  7 -2 -3 -5  0 -1 -4 -1 -4 -3  1 -3 -4 -3 -2 -2 -4 -3 -4    0 100   0   0   0   0   0   0   0   0   0   0   0   0   0   0   0   0   0   0  1.44 inf
   19 D    3 -2 -1  0 -2  0  1 -1 -2 -1 -1 -1 -1 -3 -2  2  1 -3 -2  0   37   0   0   6   0   5   9   0   0   0   4   0   1   0   0  24   8   0   0   6  0.24 inf
   20 A    4 -1  1  1 -2 -1  0 -1 -2 -1 -2  1 -2 -3 -2  1  0 -4 -3 -1   55   0   9   9   0   0   5   0   0   4   0   9   0   0   0   3   6   0   0   0  0.30 inf
   21 F   -3 -4 -4 -5 -4 -4 -4 -4 -1 -1 -1 -4 -1  7 -5 -3 -3  0  5 -2    0   0   0   0   0   0   0   0   0   0   0   0   0  79   0   0   0   0  21   0  1.32 inf
   22 S    0  1  0  0 -2  2  1  2 -1 -3 -3  0 -2 -3 -2  3  1 -3 -3 -3    5   9   0   4   0  10   9  18   0   0   0   4   0   0   0  37   5   0   0   0  0.32 inf
   23 R   -1  3  1  1 -3  2  3 -2 -1 -3 -3  2 -1 -3  0  0  0 -3 -2 -1    0  20   6   4   0   9  26   0   0   0   0  16   1   0   3   2   7   0   0   5  0.35 inf
   24 V   -2 -4 -4 -4 -2 -3 -4 -4 -4  5  1 -3  0 -1 -4 -3 -1 -4 -2  4    0   0   0   0   0   0   0   0   0  58   0   0   0   0   0   0   0   0   0  42  0.71 inf
   25 K   -2  3 -1 -2 -4  3  0 -3 -1 -4 -3  5 -2 -4 -2 -1 -2 -4 -3 -3    0  19   0   0   0  17   0   0   0   0   0  65   0   0   0   0   0   0   0   0  0.79 inf
   26 T   -1  0  2  3 -3 -1  1 -2 -2 -1 -3  0 -2 -3  0  1  3 -4 -3 -2    2   6   9  27   0   0   5   0   0   4   0   4   0   0   4   8  30   0   0   0  0.33 inf
   27 F   -3 -3 -4 -5 -4 -3 -4 -4 -1 -2 -1 -4 -1  7 -5 -3 -3  1  6 -2    0   0   0   0   0   0   0   0   0   0   0   0   0  61   0   0   0   0  39   0  1.25 inf
   28 F   -3 -3 -4 -4 -3 -3 -4 -4 -1 -1 -1 -4 -1  7 -4 -3 -3  1  6  0    0   0   0   0   0   0   0   0   0   0   0   0   0  59   0   0   0   0  35   5  1.12 inf
   29 Q   -2  0 -1  0 -4  6  4 -3 -1 -4 -4  0 -2 -4 -2 -1 -2 -3 -3 -3    0   0   0   0   0  65  35   0   0   0   0   0   0   0   0   0   0   0   0   0  1.03 inf
   30 M    2 -1  0 -2 -2 -1 -1  0 -2 -1 -1  1  3 -2 -2  2  1 -3 -2 -1   23   0   5   0   0   0   0   4   0   0   0  11  21   0   0  23  12   0   0   0  0.22 inf
   31 K   -2  2  5  0 -4  1  1 -2 -1 -4 -4  4 -2 -4 -2 -1 -1 -4 -3 -3    0   9  38   0   0   1   5   0   0   0   0  46   0   0   0   0   0   0   0   0  0.66 inf
   32 D   -3 -3  0  7 -5 -1  1 -3 -2 -4 -5 -2 -4 -5 -3 -1 -2 -6 -4 -4    0   0   0 100   0   0   0   0   0   0   0   0   0   0   0   0   0   0   0   0  1.57 inf
   33 Q   -2  0  1  4 -4  4  3 -2 -1 -4 -4  2 -2 -4 -2  0 -1 -4 -3 -3    0   0   3  30   0  29  20   0   0   0   0  13   0   0   0   4   0   0   0   0  0.60 inf
   34 L   -2 -3 -4 -4 -2 -2 -1 -4 -3  1  5 -3  3  0 -4 -3 -2 -2 -2  0    0   0   0   0   0   0   6   0   0   0  83   0  10   0   0   0   0   0   0   1  0.61 inf
   35 D   -2 -1  3  5 -4  0  3  0  1 -4 -4 -1 -3 -4 -2  0 -1 -4 -3 -4    0   0  16  41   0   0  30   5   3   0   0   0   0   0   0   5   0   0   0   0  0.65 inf
   36 N    0 -2  3  0 -2 -1 -1 -2 -2  2  0 -1  1 -2  2  1  1 -3 -2  0    5   0  22   5   0   0   0   0   0  22   5   0   6   0  12  11  12   0   0   0  0.19 inf
   37 L    0 -1 -2 -2 -2  1 -1 -1 -2  2  1 -1  3 -1 -2  0 -1 -2 -1  1    6   3   1   1   0  11   1   5   0  17  11   3  17   0   1   7   1   0   0  15  0.09 inf
   38 L   -2 -3 -4 -5 -2 -3 -4 -5 -4  1  5 -3  1  0 -4 -3 -2 -2 -2  0    0   0   0   0   0   0   0   0   0   0 100   0   0   0   0   0   0   0   0   0  0.82 inf
   39 L   -2 -3 -4 -4 -2 -3 -4 -5 -4  2  5 -3  1  0 -4 -3 -2 -2 -2  0    0   0   0   0   0   0   0   0   0  10  90   0   0   0   0   0   0   0   0   0  0.72 inf
   40 K   -1 -1  3  4 -3  0  0 -1 -1 -3 -3  1 -2 -3 -2  2  2 -4 -3 -2    0   0  18  32   0   4   0   0   0   0   0   8   0   0   0  18  20   0   0   0  0.44 inf
   41 E   -1  1  0  2 -3  4  3  1 -1 -4 -3  1 -2 -4 -2  1 -1 -3 -2 -3    2   6   0  10   0  29  25  13   0   0   0   4   0   0   0  10   0   0   0   0  0.41 inf
   42 S    0 -1  2  2 -2  0  1  0 -1 -3 -3 -1 -2 -3 -2  4  1 -4 -3 -3    0   0  11  12   0   3   5   5   0   0   0   0   0   0   0  58   5   0   0   0  0.45 inf
   43 L   -2 -3 -4 -4 -2 -3 -3 -4 -4  3  4 -3  2  0 -3 -3 -1 -3 -2  2    0   0   0   0   0   0   0   0   0  22  58   0   5   0   0   0   0   0   0  14  0.50 inf
   44 L   -1 -2 -3 -3 -2  1 -1 -4 -3  1  4 -1  2 -1 -3 -2 -1 -2 -2  1    4   0   0   0   0  10   5   0   0   0  65   3   3   0   0   0   0   0   0   9  0.33 inf
   45 E   -2 -1  0  3 -4  3  4 -3  4 -4 -4  0 -2 -4 -2 -1 -2 -4 -2 -3    0   0   0  23   0  17  45   0  13   0   0   2   0   0   0   0   0   0   0   0  0.68 inf
   46 D   -1 -1  2  5 -3  0  2 -2  1 -3 -4  0 -3 -4 -2  1  1 -4 -2 -3    0   0  12  42   0   0  16   0   5   0   0   5   0   0   0  10   9   0   0   0  0.53 inf
   47 F   -3 -3 -4 -4 -3 -4 -4 -4 -3  2  2 -4  0  6 -4 -3 -2 -1  1  0    0   0   0   0   0   0   0   0   0  17  29   0   0  54   0   0   0   0   0   0  0.65 inf
   48 K   -1  2  2 -1 -4  1  0 -2 -1 -3 -3  5 -2 -4 -2 -1  0 -4 -3 -3    0   4  12   0   0   3   0   0   0   0   0  75   0   0   0   0   6   0   0   0  0.64 inf
   49 G    0 -2  0 -1 -2 -1 -2  4 -2 -3 -3 -1 -2 -3 -2  3  2 -3 -3 -3    0   0   0   0   0   0   0  49   0   0   0   0   0   0   0  36  15   0   0   0  0.61 inf
   50 Y   -2  0  0 -2  1 -2 -2 -3  0 -3 -3 -2 -2  0  5 -2 -1  0  5 -2    0   6   7   0   5   0   0   0   0   0   0   0   0   0  38   0   3   0  41   0  0.83 inf
   51 L   -2 -3 -4 -4 -2 -3 -3 -4 -2  1  3 -3  1  4 -4 -3 -2 -1  3  1    0   0   0   0   0   0   0   0   0   7  52   0   0  24   0   0   0   0  12   5  0.46 inf
   52 G    1 -3 -1 -2 -3 -2 -3  6 -3 -4 -4 -2 -3 -4 -3 -1 -2 -3 -4 -3   15   0   0   0   0   0   0  85   0   0   0   0   0   0   0   0   0   0   0   0  1.11 inf
   53 C   -1 -5 -4 -5 10 -4 -5 -4 -4 -2 -2 -4 -3 -4 -4 -2 -2 -4 -4 -2    0   0   0   0 100   0   0   0   0   0   0   0   0   0   0   0   0   0   0   0  2.17 inf
   54 Q   -2  0  0  0 -4  6  1 -3  6 -4 -3  1 -2 -3 -2 -1 -2 -3 -1 -3    0   0   0   3   0  56   0   0  37   0   0   5   0   0   0   0   0   0   0   0  0.87 inf
   55 A    4 -2 -2 -2 -1 -1 -1 -1 -2 -1 -1 -1 -1 -2 -2  2  0 -3 -2  1   57   0   0   0   0   0   0   0   0   0   4   0   0   0   0  20   2   0   0  17  0.34 inf
   56 L   -2 -3 -4 -4 -2 -2 -3 -4 -3  2  3 -3  5  0 -3 -3 -1 -2 -2  2    0   0   0   0   0   0   0   0   0   5  45   0  33   0   0   0   0   0   0  17  0.53 inf
   57 S    0 -1  3  2 -2 -1  0 -1 -1 -3 -2  0 -2 -3 -2  4  0 -4 -3 -3    0   0  16  14   0   0   0   0   0   0   3   5   0   0   0  61   0   0   0   0  0.48 inf
   58 E   -1 -1  1  2 -4  1  5  0 -1 -4 -4  0 -3 -4 -2  1 -1 -4 -3 -3    0   0   5   7   0   3  68   9   0   0   0   0   0   0   0   8   0   0   0   0  0.69 inf
   59 M   -2 -3 -3 -4 -2 -2 -3 -4 -3  4  1 -3  7 -1 -3 -2  0 -3 -2  1    0   0   0   0   0   0   0   0   0  32   0   0  62   0   0   0   5   0   0   0  0.74 inf
   60 I   -2 -3 -4 -4 -2 -3 -4 -4 -4  5  3 -3  3  0 -4 -3 -1 -3 -2  2    0   0   0   0   0   0   0   0   0  58  34   0   8   0   0   0   0   0   0   0  0.57 inf
   61 Q   -1  3 -1  0 -4  4  1  0  1 -4 -3  3 -2 -4 -2 -1 -1 -3 -2 -3    0  25   0   3   0  37   4   8   4   0   0  20   0   0   0   0   0   0   0   0  0.53 inf
   62 F   -3 -4 -4 -5 -3 -4 -4 -4 -2 -1  0 -4 -1  8 -5 -3 -3  0  2 -2    0   0   0   0   0   0   0   0   0   0   6   0   0  94   0   0   0   0   0   0  1.32 inf
   63 Y   -3 -3 -3 -4 -4 -3 -3 -4  1 -3 -2 -3 -2  2 -4 -3 -3  1  9 -2    0   0   0   0   0   0   0   0   0   0   0   0   0   0   0   0   0   0 100   0  1.69 inf
   64 L   -2 -3 -4 -4 -2 -3 -3 -4 -3  1  5 -3  3  0 -4 -3  0 -2 -2  0    0   0   0   0   0   0   0   0   0   0  87   0   8   0   0   0   5   0   0   0  0.67 inf
   65 E   -2 -1  1  4 -4  1  5 -2 -1 -3 -3  1 -3 -4 -2  0 -1 -4 -3 -1    0   0   4  24   0   0  55   0   0   0   0   6   0   0   0   4   0   0   0   7  0.62 inf
   66 E   -1 -1 -1  2 -3  1  5 -2 -1 -3 -3  0 -1 -4 -2  1  2 -4 -3 -2    0   0   0  10   0   0  54   0   0   0   0   2   2   0   0   9  23   0   0   0  0.55 inf
   67 V   -1 -3 -4 -4 -2 -3 -3 -4 -4  3  0 -3  0 -2 -3 -3 -1 -4 -2  5    0   0   0   0   0   0   0   0   0  13   0   0   0   0   0   0   0   0   0  87  0.72 inf
   68 M   -2 -3 -4 -4 -2 -2 -3 -4 -3  1  4 -3  6  0 -4 -3 -2 -2 -2  0    0   0   0   0   0   0   0   0   0   0  54   0  46   0   0   0   0   0   0   0  0.72 inf
   69 P   -2 -3 -3 -3 -4 -2 -2 -3 -3 -4 -4 -2 -4 -5  8 -2 -2 -5 -4 -4    0   0   0   0   0   0   0   0   0   0   0   0   0   0 100   0   0   0   0   0  2.46 inf
   70 Q   -2  3  1 -1 -3  5  0 -3 -1 -3 -3  2 -2 -4 -2  0  2 -3 -3 -3    0  16   6   0   0  38   0   0   0   0   0  12   0   0   0   6  22   0   0   0  0.56 inf
   71 A    6 -3 -3 -3 -2 -2 -2 -1 -3 -3 -3 -2 -2 -4 -2  0 -1 -4 -3 -2  100   0   0   0   0   0   0   0   0   0   0   0   0   0   0   0   0   0   0   0  1.14 inf
   72 E   -2 -1  1  0 -3  2  4 -3 -2  1  0 -1  3 -3 -3 -1 -2 -3 -3  0    0   0   8   0   0   7  49   0   0   9  10   0  11   0   0   0   0   0   0   6  0.42 inf
   73 N    0  1  4  0 -3  2  1 -2  2 -2 -3  2 -2 -3 -2  0 -1 -3 -2 -2   11   7  28   3   0  11   9   0   8   3   0  13   0   0   0   6   0   0   0   0  0.32 inf
   74 Q   -2 -1  1  2 -3  2  1 -2  5 -1 -2  1  0 -3 -2 -1  1 -3 -1 -2    1   0   5  12   0  12  10   1  24   6   1   9   3   0   0   1  15   0   0   0  0.31 inf
   75 D   -1 -1  3  2 -2 -1  1  2  2 -3 -3 -1 -2 -3 -2  2  1 -3 -2 -1    1   0  17  11   0   0  10  19   6   0   1   0   0   0   0  21   7   0   0   5  0.28 inf
   76 P   -1  0  0 -2 -3 -1  0 -2  3 -2 -1  1 -2 -3  5 -1  2 -3 -2 -2    1   4   5   0   0   0   4   1  10   0  10   9   0   0  36   1  16   0   0   1  0.58 inf
   77 D   -1 -1  2  4 -3  0  2 -1  3 -3 -1  0 -2 -3 -2  0 -1 -3 -2 -2    5   1   9  32   0   0  15   4  12   1   7   6   0   0   1   6   1   0   0   1  0.34 inf
   78 I   -1 -2 -2 -3 -2 -1 -2 -3  4  3  1 -2  0  1 -3  0 -1 -2  2  1    2   0   0   0   0   2   0   0  18  34  10   0   0   5   0  11   0   0   9   6  0.28 inf
   79 K   -2  2 -1 -2 -4  3  0 -3 -2 -4 -4  6 -2 -4 -2 -1  0 -4 -3 -3    0   4   0   0   0  17   0   0   0   0   0  74   0   0   0   0   5   0   0   0  0.95 inf
   80 A   -1 -1  2  0 -3  1  3 -2  2 -3 -2  0  1 -3  3  0  1 -4 -2 -2    2   0  10   3   0   7  31   0   7   0   0   1   7   0  14   5  12   0   0   1  0.37 inf
   81 H   -2 -1  2 -1 -4 -1 -1 -3  7 -4 -4  0 -3 -3  3  1 -2 -4  0 -4    0   0   8   2   0   0   0   0  48   0   0   8   0   0  17  16   0   0   2   0  0.84 inf
   82 V   -2 -3 -4 -4 -2 -3 -4 -4 -4  4  1 -3  4 -1 -4 -3 -1 -4 -2  5    0   0   0   0   0   0   0   0   0  24   5   0  14   0   0   0   0   0   0  56  0.65 inf
   83 N   -1 -2  5  2 -3 -1  2  2 -1 -4 -3 -1  0 -4 -2  1  0 -4 -3 -3    0   0  37  14   0   0  14  18   0   0   0   0   5   0   0   9   4   0   0   0  0.49 inf
   84 S    0 -2 -1  2 -2  0 -1 -2 -2 -3 -3 -1 -3  2 -2  5  0 -3 -2 -3    0   0   0  11   0   5   0   0   0   0   0   0   0  11   0  73   0   0   0   0  0.66 inf
   85 L   -2 -4 -5 -5 -2 -3 -4 -5 -4  4  4 -4  1 -1 -4 -4 -2 -3 -2  1    0   0   0   0   0   0   0   0   0  34  66   0   0   0   0   0   0   0   0   0  0.76 inf
   86 G   -1 -2 -1 -2 -4  2 -2  6 -3 -5 -5  0 -3 -4 -3 -1 -3 -4 -4 -4    0   0   0   0   0  14   0  79   0   0   0   7   0   0   0   0   0   0   0   0  1.15 inf
   87 E   -2 -1  4  2 -4  2  4 -2 -1 -4 -2  0 -3 -4 -2  0 -1 -4 -3 -3    0   0  27   9   0  10  47   0   0   0   4   0   0   0   0   3   0   0   0   0  0.67 inf
   88 N   -2  0  1 -2 -3 -1 -1 -3 -2  3  0  4  2 -2 -3 -1  0 -4 -2  0    0   0  10   0   0   0   0   0   0  30   5  44   6   0   0   0   5   0   0   0  0.34 inf
   89 L   -3 -3 -4 -5 -3 -4 -4 -5 -3  0  5 -4  1  4 -4 -4 -2 -2  0  0    0   0   0   0   0   0   0   0   0   0  72   0   0  28   0   0   0   0   0   0  0.81 inf
   90 K   -2  0  0  2 -3  3  0 -3  3 -2  1  4 -1 -3 -2 -1 -1 -3 -2 -2    0   1   3  14   0  17   0   0  10   0  18  36   0   0   0   0   1   0   0   0  0.34 inf
   91 T    0 -2 -1  2 -2  2  1  1 -2 -2 -3 -1 -2 -3 -2  1  4 -3 -3 -2    3   0   0  15   0  13   9  10   0   2   0   0   0   0   0   7  41   0   0   0  0.36 inf
   92 L   -3 -3 -5 -5 -2 -3 -4 -5 -4  1  5 -4  1  1 -4 -4 -2 -3 -2  0    0   0   0   0   0   0   0   0   0   0  97   0   0   3   0   0   0   0   0   0  0.95 inf
   93 R   -2  5 -1 -2 -4  1 -1 -3 -2 -1 -3  5 -2 -4 -3 -2 -2  0 -3 -3    0  44   0   0   0   3   0   0   0   5   0  46   0   0   0   0   0   2   0   0  0.80 inf
   94 L    0  1  0 -2 -2 -1  0 -3  2  0  2  0  1 -1 -2  0  0 -3 -1  0    8  12   4   0   0   0   4   0  10   5  31   6   6   0   0   8   5   0   0   2  0.11 inf
   95 R   -2  4 -1  2 -4  2  2 -3 -1 -3 -3  1  0 -4 -2 -1  1 -4 -3 -3    0  36   0  17   0  12  12   0   0   0   0   5   5   0   0   0  13   0   0   0  0.48 inf
   96 L   -2 -3 -4 -4 -2 -3 -4 -4 -4  2  4 -3  5 -1 -4 -3 -2 -3 -2  2    0   0   0   0   0   0   0   0   0  10  58   0  21   0   0   0   0   0   0  11  0.65 inf
   97 R   -2  5  0 -2 -3  1 -1 -3 -2  0 -2  2 -1 -3 -3 -1  0 -4 -2  1    0  50   4   0   0   7   0   0   0   8   0  10   0   0   0   0   7   0   0  14  0.49 inf
   98 R   -2  6  1 -2 -2  1  0 -3  0 -4 -2  3 -2 -4 -3  0 -2 -4 -3 -3    0  58   8   0   1   6   5   0   1   0   3  14   0   0   0   4   0   0   0   0  0.71 inf
   99 C   -2 -5 -5 -5 11 -5 -6 -4 -5 -3 -3 -5 -3 -4 -5 -3 -3 -4 -4 -3    0   0   0   0 100   0   0   0   0   0   0   0   0   0   0   0   0   0   0   0  2.74 inf
  100 H   -2  3 -1  0 -4  0 -1 -3  8 -4 -4  2 -3 -3 -3 -2  0 -4  0 -4    0  17   0   5   0   0   0   0  56   0   0  15   0   0   0   0   6   0   0   0  0.94 inf
  101 R   -1  5  3 -1 -4  0 -1 -2  4 -4 -3  1 -2 -3 -3 -1 -2 -3 -2 -3    7  50  19   0   0   2   0   0  14   0   0   4   0   0   0   0   0   0   0   0  0.63 inf
  102 F   -3 -4 -4 -5 -4 -4 -4 -4 -1 -1  0 -4 -1  7 -5 -3 -3  0  6 -2    0   0   0   0   0   0   0   0   0   0   6   0   0  65   0   0   0   0  29   0  1.23 inf
  103 L   -3 -4 -4 -5 -3 -4 -4 -5 -3  0  4 -4  0  6 -4 -4 -3 -1  1 -1    0   0   0   0   0   0   0   0   0   0  51   0   0  49   0   0   0   0   0   0  0.85 inf
  104 P    0 -2 -2 -2 -3  0 -1 -2  1 -3 -3  0 -3 -4  6  2  1 -4 -3 -3    8   0   0   0   0   4   0   0   5   0   0   4   0   0  52  17  10   0   0   0  1.02 inf
  105 C   -2 -5 -4 -5 11 -5 -5 -4 -5 -3 -3 -5 -3 -4 -5 -2 -2 -4 -4 -2    0   0   0   0 100   0   0   0   0   0   0   0   0   0   0   0   0   0   0   0  2.61 inf
  106 E   -2  0 -1  0 -5  2  5 -3 -1 -4 -4  4 -3 -4 -2 -1 -2 -4 -3 -3    0   0   0   0   0   7  61   0   0   0   0  32   0   0   0   0   0   0   0   0  0.87 inf

                      K         Lambda
Standard Ungapped    0.1399     0.3244
Standard Gapped      0.0482     0.2670
PSI Ungapped         0.1581     0.3147
PSI Gapped           0.0482     0.2670
