
Last position-specific scoring matrix computed, weighted observed percentages rounded down, information per position, and relative weight of gapless real matches to pseudocounts
           A  R  N  D  C  Q  E  G  H  I  L  K  M  F  P  S  T  W  Y  V   A   R   N   D   C   Q   E   G   H   I   L   K   M   F   P   S   T   W   Y   V
    1 G   -3 -6 -4 -5 -6 -5 -6  8 -6 -8 -7 -5 -6 -7 -6 -4 -5 -6 -7 -7    0   0   0   0   0   0   0 100   0   0   0   0   0   0   0   0   0   0   0   0  2.53 inf
    2 T   -1  0 -3 -2 -4  2  3 -3 -2  0 -2  1 -2 -4 -3  0  1 -5 -3  3    3   4   0   1   0   9  24   1   0   5   1   7   0   0   0   5  11   0   0  29  0.38 inf
    3 G   -3 -6 -4 -5 -6 -6 -6  8 -6 -8 -8 -5 -7 -7 -6 -3 -5 -6 -7 -7    1   0   0   0   0   0   0  98   0   0   0   0   0   0   0   1   0   0   0   0  2.51 inf
    4 A    5 -3 -4 -4 -4 -3 -4  2 -4 -4 -3  0 -4 -5 -4  0  2 -5 -5 -3   57   1   0   0   0   0   0  15   0   0   1   5   0   0   0   6  14   0   0   0  0.91 inf
    5 M   -6 -6 -7 -8 -6 -5 -7 -8 -6 -2 -2 -6 11 -5 -7 -6 -5 -6 -6 -4    0   0   0   0   0   0   0   0   0   1   0   0  99   0   0   0   0   0   0   0  3.67 inf
    6 A    6 -5 -5 -5  0 -4 -4 -3 -5 -3 -4 -4 -3 -1 -4  1 -2 -5  0  0   76   0   0   0   2   0   0   0   0   1   1   0   0   2   0   7   1   0   4   7  1.31 inf
    7 A    7 -5 -5 -6 -4 -5 -5 -4 -6 -5 -5 -5 -5 -6 -5 -2 -2 -7 -6 -1   94   0   0   0   0   0   0   0   0   0   0   0   0   0   0   1   2   0   0   3  2.00 inf
    8 I   -4 -6 -6 -7 -4 -6 -6 -7 -6  6  1 -6 -1 -2 -6 -5 -4 -6 -4  5    0   0   0   0   0   0   0   0   0  53  12   0   1   1   0   0   0   0   0  34  1.45 inf
    9 I   -5 -6 -7 -7 -4 -5 -6 -7 -6  5  5 -6  3 -3 -6 -6 -4 -5 -4  0    0   0   0   0   0   0   0   0   0  31  60   0   7   0   0   0   0   0   0   2  1.40 inf
   10 G   -1 -6  0 -5 -6 -4 -6  7 -6 -7 -7 -3 -3 -7 -6 -3 -5 -6 -7 -7    3   0   5   0   0   1   0  88   0   0   0   1   1   0   0   1   0   0   0   0  2.10 inf
   11 L    0 -5 -6 -7 -3 -5 -6 -5 -6 -1  6 -5  4 -2 -3 -4 -2 -5 -4 -1    7   0   0   0   0   0   0   0   0   1  74   0   9   1   1   1   2   0   0   3  1.30 inf
   12 D   -1 -4  0  6 -6 -2  3 -2 -4 -6 -5 -1 -5 -6  1  1 -2 -7 -6 -5    4   0   4  47   0   1  20   3   0   0   0   3   0   0   7  10   2   0   0   0  1.05 inf
   13 D    1  1  2  4 -4 -2  0 -1 -1 -1 -2 -1 -2  0  0 -1 -1 -4  0 -2   14   9  10  29   0   1   4   4   1   4   3   2   1   4   5   3   2   0   4   2  0.31 inf
   14 A    1 -2  0  4 -4  0  5 -2 -2 -6 -6 -1 -5 -6 -3 -1 -2 -2 -5 -4   15   1   3  23   0   4  41   3   1   0   0   3   0   0   1   4   1   1   0   1  0.86 inf
   15 S    2 -1 -2  1 -3  1  1 -3 -2  0 -1  2 -1 -4 -2 -1  2 -5 -3  1   18   1   1   9   0   7   9   1   0   4   5  15   1   0   1   3  12   0   0  13  0.21 inf
   16 I    0 -6 -6 -6 -4 -4 -6 -4 -6  5  1 -4 -2 -4 -5 -4 -2 -6 -4  5    9   0   0   0   0   1   0   1   0  27  13   1   0   0   0   0   1   0   0  47  1.09 inf
   17 A    0  2 -1  0 -4  1  4 -4 -1  0 -2  2 -2 -1 -3 -1 -2 -5 -3  0   10   9   2   4   0   4  34   0   1   6   3  11   0   2   0   2   2   0   1   7  0.39 inf
   18 K    2  0  0  1 -5  1  4 -3  0 -4 -4  2 -3 -5 -4  0 -3 -5 -4 -3   22   3   3   7   0   6  34   1   2   1   1  14   0   0   0   5   1   0   0   1  0.62 inf
   19 A    2 -5 -5 -5  0 -5 -4 -3 -3  5  1 -5 -2 -3 -5 -3 -2 -5 -4  4   20   0   0   0   2   0   0   2   1  29  13   0   0   0   0   1   1   0   0  30  0.77 inf
   20 C    1 -7 -6 -7 11 -6 -7 -6 -6 -2 -1 -6 -5 -6 -6 -4  0 -6 -6 -2   11   0   0   0  70   0   0   0   0   2   7   0   0   0   0   1   6   0   0   2  2.56 inf
   21 E    3  1  0  0 -2  2  3 -1 -1 -2 -2  2 -2 -4 -3  0 -1 -4 -4 -2   25   6   5   5   1   9  21   3   1   2   3  11   1   0   1   4   2   0   0   1  0.35 inf
   22 E    0  0 -1  2 -4  3  5 -3 -2 -3 -4  1 -3 -5 -3 -1 -1 -5 -4 -4   10   4   2   8   0  11  44   2   1   1   2   8   0   0   0   3   3   0   0   0  0.73 inf
   23 A    5 -4 -4 -5 -1 -3 -3 -3 -5  2 -2 -4 -2 -4 -3  0  0 -5 -3  2   59   1   0   0   1   0   1   0   0  10   3   0   0   0   1   4   4   0   1  14  0.90 inf
   24 A    4 -2 -2 -2 -2  0  0 -1 -3 -2 -4 -1 -2 -4 -2  4  0 -5 -4 -2   38   2   1   1   0   4   7   4   0   2   0   4   1   0   2  28   4   0   0   1  0.57 inf
   25 E    0  0  0  1 -4  4  3  0 -2 -2 -3  0 -2 -4 -1  1  0 -4 -2 -3    8   3   3   7   0  22  19   8   1   2   1   5   0   1   2  10   5   0   1   1  0.35 inf
   26 G    0 -3  0  2 -4 -1  0  5 -2 -2 -2 -1 -2 -3 -2 -1 -2 -4 -2 -1    6   1   4  14   0   2   8  41   1   2   5   3   1   1   1   2   2   0   1   4  0.49 inf
   27 Q   -2 -3 -1  1 -5  3  4  4  0 -5 -5 -1 -3 -4 -4 -1 -2 -3 -3 -5    2   1   2   6   0  11  27  38   2   0   1   2   0   1   0   4   1   0   1   0  0.77 inf
   28 V   -1 -5 -5 -3 -2 -4 -3 -3 -2  4  0 -4 -1 -3 -2 -1 -1 -5 -3  5    4   0   0   1   1   1   2   2   1  21   5   1   1   0   2   4   3   0   1  51  0.82 inf
   29 V   -1 -5 -5 -6  6 -5 -5 -4 -6  1 -1 -5 -1 -3 -5 -4 -3 -5 -4  6    3   0   0   0  16   0   0   1   0   5   4   0   1   0   0   0   0   0   0  70  1.29 inf
   30 S    0 -2 -2 -1 -2  3  4 -2 -2 -3 -3 -1 -1 -3 -3  3  0 -2 -3  1    5   1   1   1   0  17  30   1   0   1   0   0   1   0   0  25   4   1   1  11  0.50 inf
   31 P    3 -4 -4 -4 -2 -3 -3 -3 -4  2 -1 -3 -1 -4  5 -2 -2 -5 -4  2   30   0   0   0   1   0   0   1   0  15   6   0   1   0  31   0   1   0   0  15  0.77 inf
   32 V    6 -4 -4 -4 -1 -4 -2 -3 -4 -2 -3 -4 -3 -4 -4 -1 -1 -5 -4  3   71   0   0   0   1   0   2   0   0   0   0   0   0   0   0   2   2   0   0  22  1.12 inf
   33 N   -5 -4  9 -2 -6 -3 -4 -4 -3 -7 -7 -3 -5 -6 -5 -1 -3 -7 -1 -6    0   0  94   0   0   0   0   0   0   0   0   0   0   0   0   4   0   0   2   0  2.39 inf
   34 F   -4 -4 -4  2 -5 -3 -3 -5 -2 -1 -1 -4 -1  6 -5 -3 -4 -1  7 -3    1   0   0  16   0   1   1   0   0   3   5   0   1  33   0   1   0   0  38   1  1.19 inf
   35 N   -5 -4  9 -2 -6 -3 -4 -4 -3 -7 -7 -4 -6 -7 -5 -3 -1 -7 -6 -6    0   0  98   0   0   0   0   0   0   0   0   0   0   0   0   0   2   0   0   0  2.57 inf
   36 S    1 -4 -2  1  7 -3 -2  1 -4 -4 -4 -3 -2 -5 -4  3  0 -5 -4 -3   12   0   0   8  29   0   2  11   0   0   1   0   1   0   0  31   6   0   0   0  0.85 inf
   37 P   -3 -5 -4 -4 -6 -2 -3 -1 -5 -4 -5 -3 -5 -6  8 -3 -3 -7 -4 -4    1   0   1   0   0   2   1   6   0   1   1   0   0   0  83   1   1   0   1   1  2.31 inf
   38 G   -1 -3 -2 -2 -3 -2 -1  6 -4 -5 -5 -1 -3 -5 -4  0 -2 -3 -5 -4    4   1   1   2   0   1   3  75   0   1   1   3   1   0   0   5   2   0   0   1  1.32 inf
   39 Q   -4 -2 -3 -4 -7  9 -1 -5  2 -6 -6 -2 -4 -7 -5 -4 -4 -6 -5 -6    0   0   0   0   0  96   0   0   4   0   0   0   0   0   0   0   0   0   0   0  2.56 inf
   40 V   -3 -5 -2 -5 -1 -4 -5 -5 -5  5  1 -4 -1 -2 -5 -3  1 -5 -3  5    0   0   2   0   1   0   0   0   0  31  11   0   0   1   0   1  10   0   0  43  0.83 inf
   41 V   -2 -6 -6 -6 -4 -5 -5 -6 -6  0 -2 -5 -2 -4 -5 -3 -2 -6 -4  7    2   0   0   0   0   0   0   0   0   1   0   0   0   0   0   1   1   0   0  95  1.81 inf
   42 I   -3 -6 -6 -6 -4 -6 -6 -6 -6  7  0 -5 -1 -3 -6 -5 -3 -5 -4  3    2   0   0   0   0   0   0   0   0  81   4   0   0   0   0   0   0   0   0  13  1.65 inf
   43 A    4 -4 -3 -3 -3 -3 -3  0 -4 -4 -5 -3 -4 -5 -3  5  1 -5 -4 -3   40   0   0   0   0   0   0   6   0   0   0   0   0   0   0  48   6   0   0   0  1.01 inf
   44 G   -3 -6 -3 -4 -6 -5 -5  8 -5 -7 -7 -5 -6 -6 -5 -3 -5 -6 -6 -6    0   0   0   0   0   0   0 100   0   0   0   0   0   0   0   0   0   0   0   0  2.39 inf
   45 H    0 -1  1  1 -3  0  3 -3  6 -3 -3 -1 -2 -4 -3  1  1 -1 -2 -3    6   1   6   6   0   3  24   0  24   1   1   3   0   0   0  11  10   1   0   2  0.51 inf
   46 K    1  0 -1 -3 -2  0 -1 -3 -1  0 -2  5 -1 -3 -3  0  1 -5 -3  0   13   3   2   0   0   2   1   0   1   6   2  47   1   1   0   4   9   0   0   8  0.48 inf
   47 E    3 -1 -1  1 -3  0  3  0 -1 -3 -3  1 -3 -4  0  0 -1 -4 -4 -2   35   2   2   7   0   3  24   5   1   0   1   8   0   0   3   4   3   0   0   1  0.41 inf
   48 A    6 -3 -4 -3 -3 -3 -4  1 -4 -3 -2 -3 -3 -4 -3 -1 -2 -5 -4 -1   76   0   0   1   0   0   0  11   0   1   3   1   0   1   1   1   1   0   0   4  1.08 inf
   49 V   -2 -5 -6 -6 -3 -5 -5 -6 -6  3  0 -5  0 -3 -5 -4 -3 -5 -4  7    1   0   0   0   0   0   0   0   0  12   7   0   1   0   0   0   0   0   0  79  1.41 inf
   50 E   -1 -1  2  3 -5  1  6 -3  0 -5 -4  0 -2 -5 -4 -2 -2 -5 -3 -4    4   2  11  14   0   4  56   1   2   0   1   3   1   0   0   1   1   0   1   0  0.96 inf
   51 R    0  5 -2 -3 -3  2  1 -4 -1 -3 -1  4 -2 -3 -4 -2 -2 -5 -2 -3    7  39   1   0   0   7   6   0   1   1   5  25   0   1   0   1   2   0   1   1  0.68 inf
   52 A    6 -4 -2 -5 -1 -4 -4 -2 -5 -3 -2 -4 -2 -3 -4 -1 -2 -6 -5  0   83   0   1   0   1   0   0   1   0   1   3   0   0   1   0   1   1   0   0   6  1.34 inf
   53 G    1 -4  0 -4  6 -3 -3  0 -4  1  0 -3  3 -3 -4  0  0 -4 -3  2   14   0   5   0  17   0   1   8   0  10   6   1  12   0   0   7   4   0   0  17  0.39 inf
   54 A    1 -2 -2  1 -4  0  5 -3 -2 -2 -1 -1 -2 -5 -3 -2 -1 -5 -4  0   13   1   1   6   0   3  50   1   0   1   6   3   0   0   1   1   3   0   0   9  0.63 inf
   55 A    1  0 -3 -3  1 -1 -1 -3 -3  2  3  0  1 -2 -2 -2 -1 -4 -2  0   14   4   1   0   3   1   5   0   0  15  36   8   4   0   1   2   2   0   1   3  0.25 inf
   56 C    4 -4 -4 -5  6 -4 -4 -2 -4 -2  2 -4  0 -1 -4 -2 -2 -4 -4 -1   45   0   0   0  17   0   0   2   0   1  25   0   2   3   0   1   1   0   0   3  0.78 inf
   57 K   -2  1 -3 -4 -6  0 -1 -4 -4 -3 -2  7 -2 -6 -2 -2 -2 -6 -5 -3    2   4   0   0   0   3   3   1   0   1   4  75   1   0   2   2   2   0   0   1  1.27 inf
   58 A    3 -2  0  1 -4  1  5 -1 -3 -4 -4 -1 -4 -5 -3  0 -1 -5 -4 -3   24   1   5   5   0   5  45   3   0   1   0   2   0   0   0   6   3   0   0   1  0.70 inf
   59 A    4  2 -1 -3 -3  0 -1 -3 -1 -3 -1  3  0 -3 -3 -1 -2 -4 -1 -3   41  12   2   0   0   3   3   0   2   1   5  25   2   1   0   2   0   0   2   0  0.51 inf
   60 G   -3 -3 -3 -4 -6 -5 -5  7 -5 -7 -7 -4 -6 -6 -5 -2 -5 -6 -6 -6    0   1   0   0   0   0   0  95   0   0   0   1   0   0   0   2   0   0   0   0  2.22 inf
   61 A    6 -4 -4 -5 -2 -4 -4 -1 -5 -1 -3 -4 -3 -2 -4 -1 -2 -5 -4  0   83   0   0   0   0   0   0   4   0   3   1   0   0   1   0   1   1   0   0   5  1.34 inf
   62 K   -4  3 -3 -4 -6 -2 -2 -5 -4 -5 -4  7 -2 -6 -4 -2 -4 -6 -5 -5    0  16   0   0   0   0   0   0   0   0   2  79   1   0   0   1   0   0   0   0  1.69 inf
   63 R   -4  7 -3 -4 -6 -2 -3 -5  1 -4 -2  3  1 -5 -5 -3 -4 -5 -4 -5    0  73   1   0   0   0   0   0   3   1   3  13   4   0   0   0   0   0   0   0  1.58 inf
   64 A    5 -4 -4 -5  2 -4 -4 -2 -4  0 -2 -4 -2 -2 -4 -1 -1 -5 -4  3   58   0   0   0   4   0   0   2   0   5   2   0   1   1   0   2   2   0   0  22  0.82 inf
   65 L   -2 -4 -5 -5 -3 -3 -4 -5 -5  4  3 -1  4 -2 -5 -3 -3 -4 -3  4    1   0   0   0   0   1   0   0   0  23  31   4  10   1   0   1   0   0   0  29  0.73 inf
   66 P   -1 -1 -3 -4 -4 -3 -1 -4 -3  0  1  0  4 -3  6 -2 -2 -5 -4 -2    6   4   1   0   0   0   5   0   0   5  16   6  12   1  41   2   1   0   0   2  0.82 inf
   67 L   -4 -5 -7 -7 -4 -5 -6 -7 -6  0  7 -6 -1 -2 -6 -6 -4 -5 -4 -2    0   0   0   0   0   0   0   0   0   3  97   0   0   0   0   0   0   0   0   0  1.77 inf
   68 P    1 -2  2 -2 -5  0 -2 -3 -3 -4 -5  1 -4 -5  7  0 -2 -6 -5 -2   10   1  13   2   0   3   1   0   0   1   0  11   0   0  49   5   1   0   0   3  1.09 inf
   69 V   -3 -6 -6 -6 -4 -5 -6 -6 -6  1 -2 -5  0 -4 -6 -5 -2 -6 -4  7    0   0   0   0   0   0   0   0   0   4   0   0   1   0   0   0   1   0   0  93  1.89 inf
   70 S   -2 -4 -3 -4 -4 -3 -3 -4 -4 -6 -6 -4 -5 -6 -4  7 -2 -6 -5 -5    0   0   0   0   0   0   0   0   0   0   0   0   0   0   0 100   0   0   0   0  2.08 inf

                      K         Lambda
Standard Ungapped    0.1273     0.3124
Standard Gapped      0.0614     0.2670
PSI Ungapped         0.1990     0.3127
PSI Gapped           0.0614     0.2670
