
Last position-specific scoring matrix computed, weighted observed percentages rounded down, information per position, and relative weight of gapless real matches to pseudocounts
           A  R  N  D  C  Q  E  G  H  I  L  K  M  F  P  S  T  W  Y  V   A   R   N   D   C   Q   E   G   H   I   L   K   M   F   P   S   T   W   Y   V
    1 P   -4 -5 -5 -4 -6 -4 -4 -5 -5 -6 -6 -4 -6 -7  9 -4 -4 -7 -6 -5    0   0   0   0   0   0   0   0   0   0   0   0   0   0 100   0   0   0   0   0  3.10 inf
    2 H   -5 -3  2 -4 -6 -1 -3 -5 10 -6 -6 -4 -5 -4 -5 -4 -5 -6 -1 -6    0   0   8   0   0   2   0   0  90   0   0   0   0   0   0   0   0   0   0   0  2.87 inf
    3 F   -2 -4 -5 -5  3 -4 -5 -5 -4  2  4 -4  0  5 -5 -4 -3 -2 -1  1    3   0   0   0   7   0   0   0   0  15  40   0   1  28   0   0   0   0   0   6  0.75 inf
    4 I   -2 -2 -1 -4 -3 -1 -3 -4  1  4 -1 -3 -1 -1 -4 -1  3  0  0  3    0   2   2   0   0   4   0   0   4  29   0   0   1   1   0   3  23   1   3  27  0.46 inf
    5 V    0 -4 -4 -5  0 -4 -4 -5 -4  4  2 -4  4 -1 -4 -3 -2 -4 -3  3    8   0   0   0   1   0   0   0   0  34  23   0  11   1   0   0   0   0   0  21  0.65 inf
    6 E   -3 -3 -2  3 -6  1  7 -4 -3 -5 -2 -2 -4 -5 -4 -3 -3 -5 -5 -5    0   0   0  15   0   3  77   0   0   0   5   0   0   0   0   0   0   0   0   0  1.48 inf
    7 C   -4 -5 -5 -6  3 -4 -5 -6  0 -3 -3 -5 -4  1 -6 -4 -4  1  9 -4    1   0   0   0   7   0   0   0   2   1   1   0   0   3   0   0   0   1  83   0  2.24 inf
    8 S    0 -3 -2 -3 -3 -3 -3 -3 -3 -4 -4 -3 -4 -5 -3  6  5 -5 -4 -3    3   0   0   0   0   0   0   0   0   0   0   0   0   0   0  63  34   0   0   0  1.22 inf
    9 D    4 -1  2  2 -3 -2  1  0  0 -4 -4 -1 -3 -4  1  0 -2 -5 -3 -3   46   4  11  14   0   0   8   4   2   0   0   1   0   0   7   3   0   0   0   0  0.49 inf
   10 N   -3 -2  7  1 -5 -2 -2  0 -2 -5 -5 -2 -4 -5  1  1 -1 -6 -4 -5    0   2  64   7   0   0   0   6   0   0   0   1   0   0   8  10   2   0   0   0  1.21 inf
   11 I   -2 -4 -5 -5 -3 -4 -5 -5 -1  3  5 -4  0 -2 -5 -4 -1 -4 -3  2    3   0   0   0   0   0   0   0   2  17  63   0   1   0   0   0   3   0   0  12  0.85 inf
   12 R    2  2 -1  3 -4 -1  3 -1 -2 -4 -3  0 -3 -4  0 -1  0 -4 -3 -3   19  16   0  17   0   0  27   3   0   0   2   5   0   0   5   1   5   0   0   0  0.42 inf
   13 E    1 -1 -1  3 -4  1  3  1  0 -3 -2  0 -3 -4  0 -1 -1 -4 -3 -2   12   3   1  19   0   6  26  13   3   0   3   3   0   0   3   2   3   0   0   2  0.35 inf
   14 E    0  3  0  2 -3  2  2 -2  1 -2 -2  0 -2 -2 -2  0  0 -3 -2  0    9  23   3  13   0   9  12   1   4   2   3   1   0   2   1   5   4   0   0   7  0.23 inf
   15 A    2 -3 -3 -2  1 -2 -1 -2 -3  1  2 -3 -1  0 -1 -1 -1 -3 -2  3   27   0   0   2   3   1   4   1   0   9  20   0   0   4   3   1   3   0   0  24  0.25 inf
   16 D   -2  2  3  6 -5  0  0 -3 -2 -3 -5 -2 -4 -5 -2  1 -2 -6 -4 -3    1  10  15  53   0   3   3   0   0   1   0   0   0   0   1   9   0   0   0   2  0.95 inf
   17 L   -1 -1 -4 -4 -3 -2 -4 -4 -4  5  2 -3  4  0 -1 -3 -1 -1 -2  2    6   3   0   0   0   1   0   0   0  40  13   0  16   3   3   0   2   1   0  12  0.55 inf
   18 P    1  1  0  1 -3  2  1  1  0 -4 -3  0 -2 -4  4 -1 -1 -4 -3 -3   13   8   3   9   0  11   9  12   2   0   0   4   1   0  22   2   3   0   0   0  0.41 inf
   19 G    3  0 -1  0 -3  1  2  3 -2 -3 -3 -1 -3 -4  0  0 -1 -4 -3 -1   31   5   1   4   0   6  16  21   1   0   0   2   0   0   4   3   1   0   0   3  0.35 inf
   20 L   -3 -4 -5 -6 -3 -4 -5 -6 -5  0  6 -5  1  1 -5 -4 -1 -4 -3  1    1   0   0   0   0   0   0   0   0   1  83   0   2   4   0   0   3   0   0   6  1.17 inf
   21 F   -2 -4 -4 -5  7 -4 -5 -3 -4  0  3 -4  3  2 -4 -3 -1 -3 -2  1    2   0   0   0  27   0   0   2   0   1  34   0   8  12   0   0   2   0   0  11  0.79 inf
   22 A    1  3  0  1 -4  1  3 -2 -2 -4 -2  2 -2 -4 -3  0 -1 -4 -3 -3   11  21   3   8   0   4  29   2   0   0   4  10   1   0   0   4   2   0   0   1  0.43 inf
   23 K    2  1  0  1 -2  0  0 -1  0 -2 -1  2 -2 -3 -2  0  1 -4 -2  0   23   6   2  11   1   3   4   4   3   1   6  15   0   0   0   5  10   0   0   6  0.15 inf
   24 V   -2 -4 -5 -5 -1 -3 -4 -5 -5  3  4 -4  0 -2 -4 -4 -2 -4 -3  4    3   0   0   0   1   1   0   0   0  17  47   0   1   0   0   0   1   0   0  29  0.76 inf
   25 N    1  2  4 -2 -1 -1 -2 -3  7 -5 -3 -1 -3 -4 -2 -1 -2 -5 -2 -3   13  12  27   0   1   1   0   0  36   0   1   1   0   0   2   3   1   0   0   1  0.93 inf
   26 P    1  2 -1  2 -3  3  2 -2  1 -3 -3  1 -2 -4 -1 -1  0 -4 -3 -2   17  11   1  13   0  21  11   2   5   1   0   6   0   0   3   1   6   0   0   3  0.34 inf
   27 T    3 -1 -2 -3  2 -1 -1  0 -2  0 -2 -2 -2 -3 -3  0  3 -4 -1  2   29   4   0   0   5   2   3   7   1   3   0   1   0   0   0   2  25   0   2  17  0.31 inf
   28 L    3 -4 -4 -5 -3 -3 -4 -3 -4  0  4 -3  4 -2 -4 -2 -1 -4 -3  0   31   0   0   0   0   0   0   0   0   2  47   0  12   0   0   0   3   0   0   5  0.66 inf
   29 A    2 -1 -3 -3 -2 -3 -3 -2 -4  3  2 -3  0 -1 -3 -1 -1 -4 -2  2   24   4   0   1   0   0   0   3   0  28  19   0   2   2   0   2   1   0   0  15  0.34 inf
   30 A    2 -1  1  2 -3  1  3  2 -2 -4 -4 -1 -2 -4 -3  1 -1 -4 -4 -3   21   2   5  15   0   4  28  13   0   0   0   1   1   0   0   8   2   0   0   0  0.45 inf
   31 T    0 -2 -1 -2  0  2 -2 -2 -3 -1 -3 -2 -2 -4 -1  4  4 -4 -3 -1    5   1   1   1   2  10   0   2   0   5   1   1   0   0   1  35  33   0   0   2  0.55 inf
   32 G   -1 -1 -2  1 -5  0  1  6 -3 -5 -5 -2 -4 -5 -3 -2 -2 -5 -5 -5    4   3   0   9   0   5  10  65   0   0   0   1   0   0   1   1   1   0   0   0  1.06 inf
   33 I   -1 -3 -4 -4 -3  0 -2 -3  0  3  3 -3  0 -2 -2 -3 -1  0 -2  3    4   0   0   0   0   5   2   2   3  16  38   1   0   0   1   0   2   2   0  25  0.42 inf
   34 F   -5 -5 -6 -6 -5 -6 -6 -6 -4 -2 -1 -6  0  9 -6 -3 -5 -2  2 -1    0   0   0   0   0   0   0   0   0   1   2   0   1  87   0   2   0   0   4   3  2.10 inf
   35 P   -1 -3 -3  1 -5  0  2 -2 -1 -4 -5 -1 -4 -5  7  0 -3 -5 -4 -4    4   0   0   7   0   3  16   2   1   1   0   2   0   0  57   6   0   0   0   0  1.32 inf
   36 L   -1 -2 -2 -3 -2 -2  0 -3 -3  2  2 -1  1 -2  2 -1  1  0 -2  1    5   1   2   0   0   0   8   0   0  11  27   4   5   0  12   1  12   1   0  11  0.22 inf
   37 A    2 -3  0 -1 -3 -1  0  4 -1 -4 -3 -1 -3 -3  1  0 -2  0 -4 -3   25   0   4   2   0   2   6  42   1   0   2   2   0   1   8   4   0   2   0   0  0.59 inf
   38 G    1 -4 -2  3 -4 -3 -3  5 -4 -3 -5 -3 -4 -5 -4  1 -1 -5 -5 -4    9   0   0  18   0   0   0  59   0   2   0   0   0   0   0  10   3   0   0   0  1.00 inf
   39 I   -2 -5 -5 -5 -3 -5 -5 -5 -5  6  0 -4  0 -1 -5 -4  1 -5 -3  3    1   0   0   0   0   0   0   0   0  67   1   0   1   2   0   0   7   0   0  20  1.15 inf
   40 R   -4  7 -3 -4 -2 -1 -2 -4 -3 -5 -5  5 -4 -5 -4 -3 -3 -5 -4 -5    0  61   0   0   1   0   0   0   0   0   0  38   0   0   0   0   0   0   0   0  1.58 inf
   41 S    1 -3 -2 -3 -3 -3 -3 -3 -4 -1 -3 -3 -2 -4 -3  4  3 -5 -3  4    7   0   0   0   0   0   0   0   0   0   0   0   0   0   0  40  20   0   0  34  0.69 inf
   42 R   -4  8 -3 -4 -6 -2 -3 -5 -3 -5 -1  0  0 -1 -5 -3 -4 -5 -4 -5    0  88   0   0   0   0   0   0   0   0   5   2   2   3   0   0   0   0   0   0  1.82 inf
   43 V    6 -4 -4 -4  1 -3 -3 -1 -4 -3 -3 -3 -1 -4 -3  0 -1 -5 -4 -2   86   0   0   0   2   0   0   2   0   0   2   0   2   0   0   2   2   0   0   1  1.24 inf
   44 H   -3  0 -2 -4 -1 -1 -3 -4  3  3  1 -3  0  2 -4 -3 -1  1  4  1    0   6   1   0   1   2   0   0  10  23  16   0   2   8   0   0   3   2  16  10  0.36 inf
   45 W    0  5 -2 -3  2 -1  1 -1 -2 -4 -4  1 -2 -4  2 -1 -2  5 -3 -4    9  43   0   0   4   0   8   5   0   0   0   8   1   0   9   1   1   8   0   0  0.67 inf
   46 V    2 -4 -2 -2  7 -3 -4 -3 -4 -1  2 -4  0  1 -4 -2 -2 -3 -1  1   23   0   2   2  28   0   0   0   0   1  26   0   2   5   0   1   0   0   1  10  0.62 inf
   47 D   -1 -2 -1  5 -4  0  3 -2  4 -4 -5 -1 -4 -5  0  0  0 -5 -3 -3    4   0   0  40   0   3  19   3  13   0   0   1   0   0   4   6   6   0   0   1  0.72 inf
   48 T   -2 -2  1  2 -2  1  0 -3  7 -3 -3 -2 -3  0 -3 -1  1 -3  2 -1    3   1   7  14   1   6   6   0  31   0   1   0   0   4   0   3  12   0   8   4  0.57 inf
   49 W   -1 -4 -4 -5 -1 -2 -4 -3 -2 -2 -3 -4 -3  4 -5 -1 -3  8  7 -2    6   0   0   0   2   2   0   2   0   2   0   0   0  17   0   5   1  20  42   3  1.33 inf
   50 Q    2  2 -3 -3  3  2 -2 -3 -2  0  1 -1  0  0 -3 -1 -2 -3  0  0   21  17   0   0   8  13   0   0   0   3  18   2   1   4   0   4   0   0   3   6  0.23 inf
   51 M   -3 -4 -5 -5 -3 -2 -4 -5 -5  5  0 -4  5 -2 -5 -3 -2 -4 -3  5    0   0   0   0   0   2   0   0   0  34   2   0  18   0   0   2   0   0   0  43  0.99 inf
   52 A    5 -4 -3 -4 -3 -3 -3  4 -4 -4 -4 -3 -4 -5 -3 -1 -3 -5 -4 -1   59   0   0   0   0   0   0  38   0   0   0   0   0   0   0   0   0   0   0   3  1.14 inf
   53 D   -3 -3  0  7 -5 -2  2 -1 -3 -3 -3 -2 -4 -5 -3 -2  0 -6 -5 -2    0   0   2  67   0   0  12   3   0   1   3   2   0   0   0   0   6   0   0   3  1.20 inf
   54 G    0 -2 -2 -1 -4  1  1  6 -3 -4 -3 -2 -3 -4 -3 -1 -3 -4 -4 -4    5   2   0   3   0   7  12  63   0   0   3   1   0   0   0   3   0   0   0   0  0.93 inf
   55 Q    0  2  1  2 -3  1  0  0  1 -2 -2  1 -1 -3 -1  1  0 -4 -2 -2    6  11   8  16   0   7   4   9   4   1   5  12   1   0   2   9   3   0   0   3  0.18 inf
   56 H    1 -2 -1  2 -3  0  2  0  3 -3 -4 -1 -3 -4  4  0 -1 -4 -3 -2   16   1   2  12   0   4  19   8   8   1   0   0   0   0  21   4   3   0   0   1  0.44 inf
   57 D   -1 -1  1  5 -4  1  2  1 -2 -4 -3  1 -3 -4 -1  1 -2 -4 -4 -4    3   1   6  42   0   5  11   9   0   0   2   7   0   0   3   9   0   0   0   0  0.59 inf
   58 Y    0  1  3  2 -3  1 -1 -2  3 -2 -2 -1 -2  0 -3 -1 -2 -2  4 -1    9  10  17  14   0   5   2   1   9   0   3   1   0   4   0   0   0   0  17   7  0.29 inf
   59 A    4 -1  0  1 -3 -1 -2  3  1 -4 -4 -2 -1 -4 -3  1  0 -4 -3 -3   44   2   3   9   0   1   0  21   4   0   0   0   2   0   0  10   4   0   0   0  0.52 inf
   60 F   -5 -6 -6 -6 -5 -6 -6 -6 -4 -3 -2 -6  0  9 -6 -5 -5 -2  3 -4    0   0   0   0   0   0   0   0   0   0   1   0   2  90   0   0   0   0   7   0  2.33 inf
   61 V    0 -4 -5 -5  0 -4 -4 -5 -5  5  1 -4  1 -2 -4 -3 -2 -4 -3  4    7   0   0   0   1   0   0   0   0  39  12   0   3   0   0   0   0   0   0  38  0.83 inf
   62 H    0 -3  0  2 -5 -1 -2 -4  9 -5 -5 -3 -4 -3 -5 -3 -4 -4  3 -5    9   0   4  12   0   1   0   0  64   0   0   0   0   0   0   0   0   0   8   0  1.74 inf
   63 M    0 -4 -4 -5 -1 -3 -4 -3 -4  3  2 -4  5 -2 -4 -3 -2 -4 -3  3   10   0   0   0   1   0   0   2   0  22  21   0  18   0   0   0   0   0   0  26  0.60 inf
   64 T   -1  0  3 -2 -3 -1  0 -3 -1 -2 -2  0 -2 -4 -3  2  4 -4 -3 -1    3   6  18   0   0   1   4   0   1   1   4   5   0   0   0  17  36   0   0   2  0.46 inf
   65 L   -1 -4 -5 -5 -3 -4 -4 -5 -4  2  4 -4  2  3 -4 -3 -2 -3 -1  2    6   0   0   0   0   0   0   0   0  11  48   0   4  15   0   0   1   0   0  15  0.64 inf
   66 K    1  5  0 -1 -4  0  0 -3  0 -4 -4  4 -3 -2 -3  0 -2  0 -1 -4   12  33   3   3   0   2   5   0   1   0   0  28   0   2   0   7   0   1   2   0  0.58 inf
   67 I   -3 -4 -5 -5 -3 -4 -5 -5 -5  5  3 -4  4 -2 -5 -4 -3 -4 -3  2    0   0   0   0   0   0   0   0   0  43  31   0  13   0   0   0   0   0   0  13  0.93 inf
   68 G    0  1 -2 -3 -3 -3 -3  4 -3 -2  2 -1  3 -2 -4 -2 -2 -4 -3 -2    8   8   1   0   0   0   0  41   0   0  25   3  10   1   0   0   2   0   0   0  0.52 inf
   69 A    3 -1 -2  0 -3 -1  1 -1  2 -3 -3 -1 -3 -4  2  2  0 -4 -2 -1   37   3   0   5   0   2   8   2   5   0   1   3   0   0  12  16   3   0   1   3  0.38 inf
   70 G   -2 -5 -3 -4 -5 -5 -5  7 -5 -7 -6 -4 -5 -6 -5 -3 -4 -5 -6 -6    0   0   0   0   0   0   0 100   0   0   0   0   0   0   0   0   0   0   0   0  2.27 inf
   71 R   -4  8 -3 -5 -6 -2 -3 -5 -3 -6 -5 -1 -4 -6 -5 -4 -4 -6 -5 -6    0 100   0   0   0   0   0   0   0   0   0   0   0   0   0   0   0   0   0   0  2.40 inf
   72 S   -1 -2  1  2 -3 -2  1 -3 -3 -4 -4 -2 -3 -4  2  4  3 -5 -4 -3    2   2   5  12   0   0   7   0   0   0   0   0   0   0   9  41  22   0   0   0  0.64 inf
   73 L    1 -1 -1  2 -3  1  1 -1 -2 -1  1 -1  0 -3  2  0  0 -4 -3 -1   16   1   1  13   0   7  13   3   0   1  19   3   3   0  10   3   6   0   0   2  0.17 inf
   74 E    3 -3 -2  2 -4  0  5 -3 -3 -4 -4 -2 -4 -5 -1 -1 -3 -5 -4 -2   26   0   0  11   0   2  55   0   0   0   0   0   0   0   2   2   0   0   0   3  0.92 inf
   75 S    0 -1 -2  0 -1  4  1 -3 -1  0 -2 -1 -1 -2 -3  0  1 -4 -3  3    9   1   0   6   1  27   7   0   1   3   2   2   1   1   0   6   8   0   0  26  0.31 inf
   76 R   -3  4 -2 -3 -5  0 -2 -4  1 -3  0  6 -3 -4 -4 -2 -1 -5 -4 -4    0  26   0   0   0   2   0   0   3   1  10  55   0   0   0   0   3   0   0   0  0.98 inf
   77 Q    0  4 -2 -1 -4  5  0 -2  1 -4 -4  4 -3 -5 -3 -1 -2 -4 -3 -3    6  22   0   2   0  30   2   2   3   0   0  28   0   0   0   1   1   0   0   2  0.75 inf
   78 Q    2  2 -2  0 -3  2  3 -2  1 -3 -1  1 -1 -3 -1  0 -1 -4 -3 -2   23  14   0   5   0  10  20   1   4   0   6   8   2   0   2   3   2   0   0   0  0.28 inf
   79 A    3 -3 -3 -4 -2 -3 -3 -2 -4  0  3 -3  1 -1 -3 -1  1 -4 -3  3   30   0   0   0   0   0   0   1   0   3  30   0   3   1   0   1   8   0   0  22  0.41 inf
   80 G    0 -2 -2 -3  3 -3 -3  4 -3 -2 -1 -2 -3 -2 -3  2  0 -4 -3 -2    7   2   0   0   9   0   0  41   0   2   6   0   0   1   0  22   7   0   0   2  0.56 inf
   81 E    0  2 -1  4 -4  2  4 -2  0 -4 -3  0 -3 -4 -3  0 -1 -4 -3 -4    8  11   1  23   0   8  33   1   1   0   2   3   0   0   0   4   4   0   0   0  0.56 inf
   82 M    3  1 -1 -1 -3  2  0 -2  3 -2 -1  0  1 -3 -3  0  0 -4 -2 -2   34  10   1   3   0  11   6   1  10   2   5   3   5   0   0   6   3   0   0   0  0.29 inf
   83 L   -2 -4 -5 -5 -1 -4 -5 -5 -5  3  4 -4  1 -2 -4 -4 -2 -4 -3  3    2   0   0   0   1   0   0   0   0  17  51   0   2   0   0   0   0   0   0  27  0.83 inf
   84 F   -3 -3 -5 -6  0 -4 -5 -5 -4 -2  3 -3  4  7 -5 -4 -4 -2  1 -2    1   2   0   0   2   0   0   0   0   0  24   1  11  55   0   0   0   0   3   0  1.20 inf
   85 E    3 -1  0  3 -3  1  2 -1 -1 -3 -4 -1 -3 -4 -2  0  0 -4 -3 -2   35   3   4  22   0   8  11   3   1   0   0   1   0   0   1   4   6   0   0   2  0.42 inf
   86 L    3 -2 -2 -3  2 -2 -2 -2 -3  0  0 -2  0 -3 -3  0  1  1 -3  3   32   1   1   0   4   1   1   1   0   3  10   2   2   0   0   4   9   2   0  26  0.29 inf
   87 I    1 -4 -4 -5 -2 -3 -4 -4 -4  3  4 -3  2  0 -4 -3 -1 -3 -1  2   16   0   0   0   0   0   0   0   0  20  41   0   6   3   0   0   2   0   2  11  0.52 inf
   88 K    0  2 -1 -1  1  3  0 -2  0 -3 -2  3 -2 -4 -2  1  2 -4 -3 -2    5  10   1   3   4  14   3   1   1   0   3  29   0   0   0  12  13   0   0   1  0.36 inf
   89 T    2  0  0  1 -3  2  3 -1  0 -3 -3  0 -2 -4 -2  1  1 -4 -3 -2   24   5   4   8   0   8  23   3   3   0   0   4   0   0   0   6  10   0   0   0  0.33 inf
   90 H    0 -1 -2 -3 -1  2 -2 -3  7 -3 -2 -2 -1  2 -3 -2 -2  1  3 -1   10   2   0   0   1   9   1   1  40   0   3   2   1  10   0   1   2   2  10   4  0.74 inf
   91 F   -1 -3 -3 -3  2 -3 -3 -2 -3  0  3 -3  3  4 -3 -2 -2 -2  0  0    6   1   1   1   4   1   1   2   0   3  34   1   8  26   1   1   2   0   2   6  0.42 inf
   92 A    4  0 -1  1 -1  1  0 -1 -2 -2 -2 -1 -2 -3  0  1 -1 -3 -2 -1   49   4   2   8   1   6   5   3   0   2   3   3   0   1   3   6   1   0   1   2  0.34 inf
   93 A    1 -2 -1  2 -3  0  1 -1 -1 -3 -3 -1 -3 -4  5 -1  0 -4 -3 -2   11   1   2  13   0   4  11   4   1   1   1   2   0   1  37   2   5   0   0   3  0.68 inf
   94 L    0 -2 -3 -2 -2  0  1 -3 -3  1  3 -2  0 -1  1 -2 -2  1 -1  1    9   2   0   1   0   4  11   1   0   9  37   1   0   0   7   1   1   2   1  13  0.23 inf
   95 M   -1 -3 -2 -3  0 -1 -2 -3  0  0  2 -2  4  5 -1 -2  0 -1  2 -1    3   0   2   0   2   2   2   1   2   3  18   2  16  28   4   2   5   0   6   2  0.36 inf
   96 E    4 -1  0  1  0  1  2  1 -2 -3 -3 -1 -2 -4 -2  0  0 -4 -3 -2   41   2   5   7   3   6  14  12   0   0   2   1   0   0   0   3   4   0   0   0  0.37 inf
   97 S    0  2  0  1 -3  2  0 -1 -2 -3 -2  2 -1 -4 -2  2  2 -4 -3 -3    4  14   4   6   0  12   5   3   0   0   2  12   2   0   0  21  14   0   0   0  0.31 inf
   98 R   -2  4 -1 -1  0  1  1 -1  5 -3 -3  0 -3 -3  1  0 -1 -4 -2 -1    0  31   2   3   2   5   8   5  19   0   1   2   0   0   8   5   4   0   0   5  0.47 inf
   99 L   -1  0 -2 -1 -3 -1 -1  0  4 -1 -2  0 -2 -1  1  1 -1 -1  4  1    3   4   1   3   0   1   2   7  11   3   3   5   0   1   7  13   1   0  24  12  0.25 inf
  100 L   -2 -1 -2 -2  1 -1 -3 -4  0  2  3 -3  0  3 -3 -2 -2 -2 -1  1    1   4   2   2   4   2   1   1   3  13  37   0   1  15   0   2   0   0   0  10  0.31 inf
  101 A    4 -3 -2 -3 -3  2 -2  2 -3 -4 -3 -2 -1 -4 -3  3 -1 -4 -3 -3   44   0   0   0   0  14   0  14   0   0   1   0   1   0   0  24   0   0   0   0  0.64 inf
  102 L   -3 -4 -5 -5  0 -4 -5 -6 -5  3  5 -4  0 -2 -5 -4 -3 -4 -3  0    0   0   0   0   2   0   0   0   0  15  78   0   0   0   0   0   0   0   0   3  1.15 inf
  103 S   -1 -2 -2 -3  3 -1 -3 -1 -3 -4 -4 -3 -3 -5 -3  5  4 -5 -4 -3    0   2   0   0   6   2   0   3   0   0   0   0   0   0   0  56  31   0   0   0  1.02 inf
  104 F    0 -4 -5 -5 -1 -4 -4 -5 -4  1  3 -4  3  4 -4 -3 -2 -3 -1  3    6   0   0   0   1   0   0   0   0   3  29   0  10  20   0   0   0   0   0  30  0.63 inf
  105 E   -3 -2  2  2 -6  2  6 -4 -2 -5 -5 -2 -4 -5 -3 -2 -1 -5 -2 -3    0   0   9  11   0   8  66   0   0   0   0   0   0   0   0   0   3   0   1   1  1.18 inf
  106 I   -2 -4 -5 -5 -3 -4 -4 -5 -5  5  2 -4  5 -2 -4 -4 -2 -4 -3  3    2   0   0   0   0   0   0   0   0  39  21   0  20   0   0   0   2   0   0  16  0.84 inf
  107 E   -1  4  0  2 -3  1  1 -3 -1 -1 -1  0 -2 -3 -3 -1  0 -3  1  0    4  32   5  12   0   4   8   0   1   4   6   1   0   0   0   1   5   0   5  11  0.28 inf
  108 E   -3 -3 -1  5 -5 -1  5 -4 -1 -2 -5 -2 -4 -5 -4 -2 -3 -6 -4  0    0   0   1  40   0   0  49   0   1   2   0   0   0   0   0   0   0   0   0   7  1.20 inf
  109 L   -2 -4 -1 -4 -3 -3 -4 -2 -1  4  2 -4  4  3 -4 -1 -2 -3 -1  0    2   0   4   0   0   0   0   4   1  27  23   0  18  16   0   5   0   0   0   0  0.49 inf
  110 H   -1 -2  1  6 -5 -2  1 -3  3 -5 -5 -2 -3 -5  0  1 -2 -5 -4 -4    4   1   5  57   0   0   6   0  10   0   0   1   1   0   5   8   1   0   0   0  0.99 inf
  111 P    1  2 -2 -2 -4  0  2 -1 -1 -4 -4  1 -3 -4  5 -1  0 -5 -4 -3   15  15   1   0   0   2  14   4   1   0   0  11   0   0  31   0   6   0   0   1  0.65 inf
  112 T    2 -2 -1  2 -3  2  3 -2  1 -2 -3 -1 -2 -4  0  0  0 -4 -3  1   19   0   2  11   0  10  28   2   3   0   0   0   0   0   3   3   6   0   0  13  0.33 inf
  113 L    0 -2 -1 -2  2 -2 -2  1  0  0  2 -2  0  1 -1  0  0 -1  1  0    5   1   3   2   5   0   0  14   4   2  30   0   0   5   2   9   7   1   5   5  0.10 inf
  114 N   -1 -1  3  1 -3 -2 -1 -2 -1 -3 -3 -1 -3  2 -3  3  1 -2  4 -3    2   2  16   6   0   0   2   2   0   0   0   2   0  10   0  28  10   0  20   0  0.45 inf
  115 F    0 -2 -3 -4 -4  1 -3 -1  0 -3 -2 -2 -2  4  1 -3 -3  7  5 -1   10   2   0   0   0   7   0   5   2   0   0   2   0  21   9   0   0  17  20   4  0.71 inf
  116 K   -2  1 -1 -3 -5  0 -1 -4 -3 -5 -5  7 -4 -5 -3 -1 -3 -5 -1 -2    3   3   2   0   0   2   2   0   0   0   0  82   0   0   0   2   0   0   2   3  1.35 inf
  117 Q   -1  3 -1 -1  1  3  1 -3  5 -3 -2  2 -2 -1 -3 -1 -1  0 -2 -2    4  16   1   3   4  18   6   0  20   0   2  17   0   3   0   1   3   1   0   2  0.45 inf
  118 N   -1 -2  7 -1 -4 -2 -2  1 -2 -4 -2 -2 -3 -4 -4  1  1 -5 -4 -4    5   0  61   0   0   0   0  12   0   0   6   0   0   0   0   8   8   0   0   0  0.93 inf
  119 N   -1 -2  7 -1 -4 -2 -2 -2 -2 -4 -4 -2 -3 -5  0  2  1 -5 -4 -2    4   0  62   0   0   0   0   0   0   0   0   0   0   0   5  16  10   0   0   3  1.01 inf
  120 V   -2 -4 -5 -5 -3 -4 -4 -5 -4  6  2 -4  0 -1 -4 -4 -2 -4 -1  3    1   0   0   0   0   0   0   0   0  60  19   0   0   0   0   0   0   0   2  18  0.86 inf
  121 H   -2  3 -2 -3 -5 -1 -1 -4 10 -5 -5 -2 -4 -4 -4 -3 -4 -5 -1 -5    3  15   0   0   0   0   3   0  78   0   0   0   0   0   0   0   0   0   0   0  1.98 inf
  122 A    3 -2 -1  3 -3  1  0 -1 -2 -3 -3 -1 -3 -4  4  0 -1 -4 -3 -2   38   1   0  23   0   9   3   2   0   0   1   1   0   0  19   2   1   0   0   0  0.54 inf
  123 L   -2  5 -2 -3 -4 -1 -2 -4  5 -2  2  0 -1 -1 -4 -2 -2 -3  0 -2    3  43   0   0   0   0   0   0  17   0  30   4   0   2   0   0   0   0   2   0  0.62 inf
  124 F   -3 -4 -4 -5 -3 -4 -4 -5 -3  0  4 -4  1  5 -5 -4 -3 -1  3 -1    0   0   0   0   0   0   0   0   0   1  48   0   3  36   0   0   0   0  12   0  0.85 inf
  125 K   -2  4 -1 -2 -4  3  0 -3 -1 -4 -3  5 -2 -4 -2 -1 -2 -4 -3 -3    0  29   0   0   0  16   0   0   0   0   0  55   0   0   0   0   0   0   0   0  0.86 inf

                      K         Lambda
Standard Ungapped    0.1365     0.3236
Standard Gapped      0.0523     0.2670
PSI Ungapped         0.1698     0.3118
PSI Gapped           0.0523     0.2670
