
Last position-specific scoring matrix computed, weighted observed percentages rounded down, information per position, and relative weight of gapless real matches to pseudocounts
           A  R  N  D  C  Q  E  G  H  I  L  K  M  F  P  S  T  W  Y  V   A   R   N   D   C   Q   E   G   H   I   L   K   M   F   P   S   T   W   Y   V
    1 D   -2 -1  2  5 -4  2  4 -2 -1 -4 -4  0 -3 -4 -2 -1 -2 -4 -3 -4    0   0   8  42   0  13  37   0   0   0   0   0   0   0   0   0   0   0   0   0  0.80 inf
    2 G    2 -3 -2 -3 -3 -3 -3  6 -3 -5 -5 -3 -4 -4 -3  1 -2 -4 -4 -4   15   0   0   0   0   0   0  73   0   0   0   0   0   0   0  12   0   0   0   0  1.16 inf
    3 N    1 -1  5  1 -3  1  2 -2 -1 -3 -3 -1 -2 -3 -1  0  0 -4 -3 -2   13   0  38   5   0   7  20   1   0   0   2   0   1   0   3   5   4   0   0   1  0.46 inf
    4 K    0  3  0 -1 -3  2  0 -2 -2 -1  0  3  0 -3 -1  0 -1 -3 -2 -2    6  17   2   2   0  13   0   0   0   2  11  32   1   0   2   6   2   0   0   1  0.29 inf
    5 R   -3  8 -2 -4 -5 -1 -2 -4 -2 -5 -4  1 -3 -5 -4 -3 -3 -5 -4 -5    0  98   0   0   0   0   0   0   0   0   0   2   0   0   0   0   0   0   0   0  1.84 inf
    6 M   -2 -3 -4 -4 -2 -3 -4 -5 -4  3  4 -3  2 -1 -4 -3 -1 -3 -2  3    2   0   0   0   0   0   0   0   0  18  55   0   5   0   0   0   1   0   0  20  0.62 inf
    7 D   -2  4 -1  5 -4  1  0 -2 -2 -4 -4  2 -3 -4 -3  0 -1 -4 -3 -4    1  31   0  41   0   7   3   2   0   0   0  11   0   0   0   4   1   0   0   0  0.72 inf
    8 V    3 -3 -3 -3 -2 -3 -3 -2 -3  3  0 -2 -1 -2 -3  0  0 -4 -3  2   41   0   0   0   0   0   0   0   0  27   2   0   0   0   0   7   2   0   0  21  0.42 inf
    9 V    3 -3 -3 -4 -2 -3 -3 -3 -4  2 -1 -3 -1 -3 -3 -1  0 -4 -3  4   40   0   0   0   0   0   0   0   0   7   0   0   0   0   0   1   4   0   0  47  0.57 inf
   10 N    1  0  4  0 -1  2  2 -1 -1 -3 -2  1 -2 -4 -2  0  0 -4 -3 -3   13   4  34   2   1  12  13   2   0   0   3   5   1   0   0   4   6   0   0   0  0.37 inf
   11 R    1  2 -1 -2 -2 -1 -2 -2 -2  1  0  0  0 -1 -2  0  2 -3 -1  1   17  17   1   0   0   2   0   0   0  13   7   2   1   2   0   7  17   0   2  12  0.13 inf
   12 I   -3 -4 -5 -5 -3 -4 -5 -5 -5  6  3 -4  1 -1 -4 -4 -2 -4 -3  1    0   0   0   0   0   0   0   0   0  62  35   0   2   1   0   0   0   0   0   1  0.91 inf
   13 T    1  0  3 -2 -1 -1 -2 -1 -2 -2 -3 -1 -2 -3 -2  2  4 -4 -3  0   14   5  17   0   1   2   0   3   0   0   0   0   0   0   0  15  38   0   0   5  0.42 inf
   14 G    1  0  1  2 -1  1  2  0 -2 -3 -3 -1 -3 -4 -2  3 -1 -4 -3 -3   12   4   5  14   1   6  17   6   0   0   1   0   0   0   0  34   0   0   0   0  0.38 inf
   15 N   -1 -2  7  0 -4  0  0 -2  0 -5 -5 -1 -4 -5 -3  1 -1 -5 -4 -4    4   1  75   1   0   4   4   1   1   0   0   1   0   0   0   8   1   0   0   0  1.17 inf
   16 S    4  2 -1 -1 -2 -1  2 -1 -2 -2 -3 -1 -2 -3 -2  2 -1 -4 -3 -1   51  12   2   1   0   0  15   0   0   0   0   1   0   0   0  13   0   0   0   3  0.43 inf
   17 S    2 -1  0  0 -2  0  2 -2  1 -3 -3  2 -2 -3 -1  3  0 -4 -2 -2   17   1   1   2   0   2  14   0   5   0   0  17   0   0   1  37   2   0   0   2  0.36 inf
   18 T    1  2 -1 -1  5  0  1 -2 -2 -3 -2  2 -1 -3 -2  1  1 -3 -3 -2   17  12   2   2  17   2  12   1   0   0   1  15   1   0   0   8  10   0   0   0  0.29 inf
   19 I   -2 -4 -5 -5 -3 -4 -5 -5 -5  7  1 -4  0 -2 -4 -4 -2 -4 -3  2    1   0   0   0   0   0   0   0   0  88   6   0   1   0   0   0   0   0   0   3  1.14 inf
   20 V    0 -4 -4 -4 -2 -3 -4 -4 -4  3  0 -3  0 -2 -4 -2 -1 -4 -3  5    8   0   0   0   0   0   0   0   0  17   1   0   0   0   0   1   1   0   0  72  0.78 inf
   21 A    1  1  0  1 -3  1  1 -2 -2 -3 -3  3 -2 -4 -2  2  1 -4 -3 -2   17   7   1  10   0   4   5   0   0   0   0  29   0   0   0  18   9   0   0   0  0.33 inf
   22 N   -2  0  3  4 -4  3  3 -2 -1 -4 -4  1 -3 -4 -2  0 -1 -4 -3 -4    1   2  15  26   0  22  22   0   0   0   0   9   0   0   0   2   2   0   0   0  0.61 inf
   23 A    6 -3 -3 -3 -2 -2 -2  0 -3 -3 -3 -2 -2 -4 -2  1  0 -4 -3 -2   88   0   0   0   0   0   0   3   0   0   0   0   0   0   0   6   3   0   0   0  0.96 inf
   24 A    3 -2 -2 -2 -2  0 -2  2 -2  0 -2 -2 -1 -2 -2  1  0 -3 -1  2   31   0   0   0   0   4   0  16   0   4   0   0   0   0   0  16   1   0   3  26  0.27 inf
   25 R    2  3  0  0 -3  1  0 -1 -1 -2 -2  2 -2 -3 -2  1  0 -3 -2 -2   20  27   3   5   0   7   1   4   0   1   1  14   0   0   0  12   6   0   0   0  0.30 inf
   26 S    2  2 -1 -1 -3  3  0  2 -1 -3 -3  1 -2 -4 -2  1 -1 -3 -3 -3   19  11   1   3   0  25   2  19   0   0   2  10   0   0   0   9   0   0   0   0  0.34 inf
   27 L   -2 -3 -4 -4 -2 -3 -4 -4 -3  1  4 -3  4  0 -4 -2 -2 -3 -2  0    1   0   0   0   0   0   0   0   0   7  66   0  18   3   0   3   0   0   0   1  0.69 inf
   28 F   -3 -4 -4 -5  1 -4 -4 -4 -3  2  1 -4 -1  6 -4 -3 -3  5  2  1    1   0   0   0   3   0   0   0   0  14   8   0   0  54   0   0   0  10   2   7  0.86 inf
   29 A    1 -1 -2 -1  6  3  2 -2 -2 -2 -1  0 -2 -3 -2  0 -1 -3 -1 -2   15   2   0   1  22  25  13   1   0   1   6   5   0   0   0   4   3   0   2   1  0.38 inf
   30 E   -1  2 -1  0 -4  1  4 -1 -1 -2 -2  2 -2 -3 -2 -1 -2 -3 -3 -2    3  12   0   3   0   4  46   5   0   2   2  18   0   0   0   2   0   0   0   2  0.49 inf
   31 Q   -2  3  3  0  0  3  0 -2  2 -3 -2  1 -2 -2 -3 -1 -1 -3  1 -2    0  24  21   4   3  21   2   0   4   1   2   5   0   1   0   1   0   0   6   4  0.36 inf
   32 P   -2 -3 -2 -3 -4  1 -2 -3 -3 -3 -4 -2 -3 -5  8  0  1 -5 -4 -3    0   0   0   0   0   6   1   0   0   1   0   0   0   0  75   6   8   0   0   0  1.75 inf
   33 Q   -1 -1  1  4 -4  2  3  2 -1 -4 -4 -1 -3 -4 -2  0 -2 -4 -3 -3    2   1   4  36   0  10  22  16   0   0   0   1   0   0   0   6   0   0   0   1  0.56 inf
   34 L   -2 -3 -3 -4 -2 -3 -3 -4 -2  2  4 -3  1  2 -3 -1 -2 -2  2  1    0   0   0   0   0   0   0   0   0   9  55   0   1   7   0   5   0   0  11  11  0.45 inf
   35 I   -2 -1 -1 -2 -2 -3 -3 -4 -3  4  1 -3  0  0 -3 -2  2 -3 -2  3    0   3   3   2   0   0   0   0   0  46  10   0   0   3   0   0  15   0   0  19  0.41 inf
   36 A    2  2  1 -2 -2  2 -1 -1 -1 -2 -1  0 -1 -3 -2  2  0 -3 -2 -1   29  16   9   0   0  12   0   2   0   0   6   0   0   0   0  19   5   0   0   2  0.26 inf
   37 P    0 -4 -3 -3 -4 -2 -3 -4 -4 -4 -4 -2 -4 -5  8 -1 -1 -5 -4 -4    6   0   0   0   0   1   0   0   0   0   0   1   0   0  86   4   3   0   0   0  2.14 inf
   38 G   -1 -3 -1 -3 -4 -3 -3  6 -3 -5 -5 -1 -4 -5 -3  0 -3 -4 -4 -5    0   0   2   0   0   0   0  88   0   0   0   5   0   0   0   5   0   0   0   0  1.43 inf
   39 G   -1 -4 -2 -3 -4 -3 -3  7 -3 -1 -4 -3 -4 -4 -3 -1 -3 -4 -4 -4    0   0   0   0   0   0   0  90   0   5   0   0   0   0   0   2   0   0   0   0  1.46 inf
   40 N   -2 -2  7  0 -4 -2 -2 -1  0 -5 -5 -2 -4 -5 -2  0 -2 -5 -4 -4    2   0  84   2   0   0   1   3   2   0   0   0   0   0   1   6   0   0   0   0  1.34 inf
   41 A    4 -3 -3 -3  5 -2 -2 -2 -3 -1 -1 -2  2 -3 -2  1 -1 -4 -3  0   61   0   0   0  15   0   0   0   0   2   5   0   8   0   0   6   0   0   0   3  0.61 inf
   42 Y   -2 -3 -1  0 -4 -3 -3 -4  0 -3 -2 -3 -3  2 -4 -2 -3  0  8 -3    2   0   2   7   0   0   1   0   0   0   2   0   0   3   0   2   0   0  81   0  1.54 inf
   43 T   -1 -3  0 -2 -3 -2 -2  3  0 -3 -3 -2 -3 -4  2  0  5 -4 -2 -2    0   0   3   0   0   0   0  30   3   0   0   0   0   0  10   2  50   0   2   0  0.66 inf
   44 S    0 -1  3  0 -2  3  2 -2  1 -3 -3 -1 -2 -3 -1  1  3 -4 -2 -2    4   0  20   2   1  16  14   0   4   0   0   0   0   0   1   9  30   0   0   0  0.40 inf
   45 R   -2  6  1 -1 -5  1  1 -3 -1 -4 -4  2 -3 -4 -3 -2 -2 -4 -3 -4    0  66   6   1   0   3  11   0   0   0   0  12   0   0   0   0   0   0   0   0  0.92 inf
   46 R   -2  6  0 -2 -4  3  0 -3 -1 -3 -2  2  3 -1 -3 -2 -2 -3 -2 -3    0  57   3   0   0  14   1   0   0   0   1  10  12   2   0   0   0   0   0   0  0.73 inf
   47 M   -1  2 -2 -3 -3  0 -2 -3 -1 -1  1 -1  5  1 -3 -2  1 -1  4 -1    2  14   0   0   0   4   0   0   1   1   8   1  32   3   0   0  13   0  20   1  0.35 inf
   48 A    5 -2  0 -2 -1 -2 -2  0 -2 -2 -3 -2 -2 -3 -2  2 -1 -3 -3 -1   78   0   4   0   0   0   0   3   0   0   0   0   0   0   0  11   0   0   0   1  0.67 inf
   49 A    4 -2 -2 -2 -1  1 -1 -1 -2 -1  0 -1 -1 -3 -2  1  1 -3 -2  0   56   0   0   0   0   9   0   0   0   0   9   0   1   0   0   6  12   0   0   5  0.35 inf
   50 C   -2 -5 -4 -5 11 -4 -5 -4 -4 -3 -3 -4 -3 -4 -4 -2 -2 -1 -4 -2    0   0   0   0  96   0   0   0   0   0   0   0   0   0   0   0   0   1   0   0  2.50 inf
   51 L   -2 -3 -4 -4 -2 -3 -4 -5 -4  2  5 -3  1 -1 -4 -3 -2 -3 -2  0    0   0   0   0   0   0   0   0   0  11  85   0   1   0   0   0   0   0   0   1  0.81 inf
   52 R   -3  7 -2 -3 -5  0 -1 -4 -2 -5 -4  1 -3 -4 -4 -2 -3 -4 -3 -4    0  98   0   0   0   2   0   0   0   0   0   0   0   0   0   0   0   0   0   0  1.60 inf
   53 D   -3 -3  0  8 -5 -2  0 -3 -3 -5 -5 -2 -5 -5 -3 -2 -3 -6 -5 -5    0   0   0 100   0   0   0   0   0   0   0   0   0   0   0   0   0   0   0   0  1.81 inf
   54 M   -1 -3 -3 -4 -3 -1 -3  2 -2  0  2 -3  6  1 -4 -2 -2 -2  3 -1    1   0   0   0   0   2   0  17   0   4  17   0  41   3   0   0   0   0  14   0  0.48 inf
   55 E   -1 -2 -1  4 -4  0  4  2 -2 -4 -4 -1 -3 -4 -2  0 -1 -4 -4 -4    2   0   0  30   0   0  45  16   0   0   0   0   0   0   0   6   1   0   0   0  0.72 inf
   56 I   -3 -4 -4 -5 -3 -3 -4 -5 -2  4 -1 -4 -1  1 -4 -3 -3  7  5  0    0   0   0   0   0   0   0   0   0  43   0   0   0   3   0   0   0  20  33   2  1.03 inf
   57 I   -3 -4 -4 -4 -3 -3 -4 -5 -1  4 -1 -4 -1  3 -4 -3 -2  0  6  1    0   0   0   0   0   0   0   0   0  41   0   0   0  10   0   0   0   0  43   6  0.87 inf
   58 L   -3 -3 -5 -5 -3 -3 -4 -5 -4  1  5 -4  1 -1 -4 -3 -2 -3  0  0    0   0   0   0   0   0   0   0   0   2  91   0   1   0   0   1   0   0   3   3  0.93 inf
   59 R   -3  8 -2 -3 -5 -1 -2 -4  0 -5 -4  1 -3 -5 -3 -2 -3 -4 -3 -4    0  97   0   0   0   0   0   0   2   0   0   0   0   0   1   0   0   0   0   0  1.66 inf
   60 Y   -3 -3 -4 -5 -2 -3 -4 -5  0  0  3 -4 -1  1 -4 -3 -3  1  7 -1    0   0   0   0   1   0   0   0   1   5  32   0   0   0   0   0   0   1  60   1  1.08 inf
   61 V    1 -4 -4 -4 -1 -3 -3 -3 -4  3  0 -3  0 -2 -3 -2 -1 -4 -2  5   17   0   0   0   0   0   0   1   0  23   0   0   0   0   0   1   1   0   0  56  0.60 inf
   62 T    0 -1 -1 -2 -1 -2 -2 -3 -3 -2 -3 -2 -2 -4 -2  3  6 -4 -3 -2    3   3   0   0   1   0   0   0   0   1   0   0   0   0   0  25  67   0   0   0  0.87 inf
   63 Y   -4 -4 -4 -4 -4 -3 -4 -5  0 -3 -3 -4 -3  2 -5 -3 -1  0  9 -3    0   0   0   1   0   0   0   0   0   0   0   0   0   1   0   0   3   0  94   0  2.07 inf
   64 A    4 -3 -2 -3 -2 -2 -2  3 -3 -3 -1 -2 -2 -3 -1  1 -1 -4 -3 -2   55   0   0   0   0   0   0  26   0   0   5   0   0   0   2  12   0   0   0   0  0.60 inf
   65 I    0 -3 -4 -4  0 -3 -3 -3 -4  3  3 -3  2 -1 -3 -2  0 -3 -2  3    6   0   0   0   2   0   0   1   0  25  30   0   6   0   0   0   5   0   0  24  0.39 inf
   66 F   -1 -3 -4 -4 -1 -3 -4 -4 -3  3  3 -3  1  3 -4 -2 -2 -2  0  3    3   0   0   0   0   0   0   0   0  16  34   0   1  15   0   1   0   0   1  28  0.45 inf
   67 A    5 -3 -2 -3 -1 -2 -1 -1 -3 -2 -3 -2 -2 -4 -1  2  1 -4 -3 -1   71   0   1   0   1   0   1   0   0   1   0   0   0   0   1  15   7   0   0   2  0.71 inf
   68 G    0 -3  0  0 -4 -3 -3  6 -3 -5 -5 -3 -4 -5 -3 -2 -3 -4 -4 -4    5   1   3   7   0   0   0  84   0   0   0   0   0   0   0   0   0   0   0   0  1.35 inf
   69 D   -3 -3  2  7 -5 -2  0 -2 -3 -5 -5 -2 -5 -5 -3  0 -2 -6 -5 -5    0   0   8  83   0   0   1   1   0   0   0   0   0   0   0   7   0   0   0   0  1.48 inf
   70 A    2 -1  0 -1 -1 -1  0 -1 -2 -1 -2  0  0 -2  1  1  1  0 -2  1   28   0   5   0   0   1   5   2   0   2   0   9   2   1   6  10  13   1   0  14  0.17 inf
   71 S    0 -1  1  1 -2 -1  1 -2 -1 -2 -3 -1 -1 -3 -2  4  2 -4 -3 -2    1   1   5   8   0   0  12   1   0   1   0   1   1   0   0  51  17   0   0   0  0.49 inf
   72 V   -1 -3 -4 -4 -2 -2 -3 -4 -4  2  0 -3  1 -2  4 -2 -1 -4 -3  4    0   0   0   0   0   1   0   0   0  14   2   1   3   1  27   2   1   0   0  50  0.67 inf
   73 L   -2 -3 -4 -5 -2 -3 -4 -5 -4  3  4 -4  2 -1 -4 -3 -2  0 -2  1    0   0   0   0   0   0   0   0   0  27  65   0   2   0   0   0   0   1   0   5  0.69 inf
   74 D   -2 -1  2  4 -4  1  5 -3 -1 -4 -4  0 -2 -4 -2  0 -2 -4 -3 -4    0   0   8  31   0   4  49   0   0   0   0   2   1   0   0   4   0   0   0   0  0.82 inf
   75 D   -2  0  0  5 -4  1  4 -3 -2 -4 -4  1 -3 -4 -2  0 -1 -4 -3 -4    2   5   1  44   0   2  33   0   0   0   0   9   0   0   0   3   1   0   0   0  0.76 inf
   76 R   -2  6 -1 -3 -4 -1 -2 -4 -2  3 -1  0 -1 -3 -3 -1 -1 -4 -2 -1    0  60   2   0   0   0   0   0   0  29   1   0   0   0   0   5   2   0   1   0  0.72 inf
   77 C   -1 -2 -3 -3  8 -3 -3  4 -3 -1 -2 -3 -2 -3 -3 -2 -2 -3 -3  1    2   3   0   0  40   0   0  33   0   1   0   0   0   0   0   0   0   0   0  17  0.85 inf
   78 L   -2 -3 -4 -4 -2 -3 -4 -4 -4  2  5 -3  1 -1 -4 -3 -2 -3 -2  1    0   0   0   0   0   0   0   0   0   9  79   0   0   0   0   0   0   0   0   9  0.72 inf
   79 N   -2 -1  5  0 -3  0 -1 -2 -1  1 -2  0 -2 -3 -3 -1  0 -4 -3  1    1   1  50   3   0   4   1   0   0  15   2   5   0   0   0   1   5   0   0  10  0.45 inf
   80 G   -1 -4 -2  0 -4 -3 -3  7 -3 -5 -5 -3 -4 -4 -3 -2 -3 -4 -4 -4    0   0   0   5   0   0   0  92   0   0   0   0   0   0   0   0   0   0   0   0  1.51 inf
   81 L    0 -3 -4 -4 -2 -3 -3 -4 -4  1  4 -3  1 -1 -1 -2 -2 -3 -2  2   10   0   0   0   0   0   0   0   0   4  63   0   0   0   3   0   0   0   0  17  0.50 inf
   82 K   -2  6 -1 -1 -5  0 -1 -3 -2 -4 -3  4 -3 -1 -3 -2 -2 -4 -3 -4    1  53   1   3   0   0   1   0   0   0   0  37   0   4   0   0   0   0   0   0  0.91 inf
   83 E   -2 -2  1  2 -5  1  6 -3 -1 -5 -4 -1 -4 -5 -3 -1 -2 -5 -4 -4    0   0   5  11   0   3  81   0   0   0   0   0   0   0   0   0   0   0   0   0  1.19 inf
   84 T   -2 -3 -2 -3 -2 -2 -3 -3 -3 -1  0 -2  5 -3 -3 -1  6 -4 -3 -1    0   0   0   0   0   0   0   0   0   0   5   0  26   0   0   0  67   0   0   2  0.92 inf
   85 Y   -4 -4 -4 -5 -4 -3 -4 -5  0 -3 -3 -4 -3  1 -5 -4 -4  0  9 -3    0   0   0   0   0   0   0   0   0   0   0   0   0   0   0   0   0   0 100   0  2.24 inf
   86 L   -1  1  3 -1 -3  2 -1 -2 -1  0  1  1  0 -1 -3 -1 -1 -3 -2 -1    3  11  27   1   0  14   0   0   0   7  19  10   1   2   0   2   1   0   0   4  0.20 inf
   87 A    4 -2 -2 -2 -2 -2 -2 -1 -3 -3 -3 -2 -2 -3 -2  4  0 -4 -3 -1   50   0   0   0   0   0   0   0   0   0   0   0   0   0   0  44   2   0   0   4  0.67 inf
   88 L   -3 -4 -5 -5 -3 -4 -4 -5 -4  0  6 -4  1 -1 -4 -4 -3 -3 -2  0    0   0   0   0   0   0   0   0   0   0 100   0   0   0   0   0   0   0   0   0  1.15 inf
   89 G   -1 -3  0 -2 -2 -2 -1  6 -3 -5 -5 -3 -4 -5 -3 -1 -3 -4 -4 -4    0   0   4   1   1   1   5  86   0   0   0   0   0   0   0   1   0   0   0   0  1.34 inf
   90 T   -1 -3 -3 -4 -2 -3 -3 -4 -4  1 -1 -3 -1 -2 -3 -1  4 -4 -3  5    3   0   0   0   0   0   0   0   0   0   0   0   0   0   0   0  30   0   0  67  0.74 inf
   91 P   -2 -4 -2 -2 -5 -3 -3 -4 -4 -5 -5 -3 -4 -5  8 -2 -3 -6 -5 -4    0   0   2   2   0   0   0   0   0   0   0   0   0   0  94   2   0   0   0   0  2.47 inf
   92 G   -1 -3 -2 -3 -2 -2 -3  3 -3  3  1 -2  1 -2 -3 -1  1 -3 -2  1    3   0   0   0   0   0   0  27   0  27  15   0   4   0   0   3  14   0   0   6  0.27 inf
   93 S    2  0  0  0 -2  0  1  2 -2 -2 -3  0 -2 -3  3  1  0 -3 -3 -2   29   3   5   4   0   1   8  16   0   2   0   6   0   0  13   9   2   0   0   0  0.29 inf
   94 S    2 -2  1 -1 -2 -1 -1  2 -2 -3 -3 -1 -3 -4  3  4  0 -4 -3 -3   21   0   8   1   0   0   0  12   0   0   0   0   0   0  15  42   1   0   0   0  0.52 inf
   95 V    1 -3 -2 -3 -2 -2 -3 -3 -3  1  0 -2  4 -2 -3  0  2 -3 -2  3   12   0   1   0   0   0   0   0   0   2   1   0  21   0   0   4  20   0   0  38  0.39 inf
   96 A    4 -2 -3 -3 -2 -2 -2 -1 -3  2 -1 -2 -1 -2 -2  0 -1 -3 -2  3   48   2   0   0   0   0   0   1   0  16   1   0   0   0   1   4   1   0   1  25  0.37 inf
   97 V   -1  4 -1  0 -3  1  3 -2 -1 -1 -1  0 -1 -2 -3 -1 -1 -4 -2  0    5  31   1   5   0   6  26   1   0   2   6   1   0   1   0   3   1   0   0  11  0.32 inf
   98 G    3 -3 -2 -2  0 -2 -2  4 -3 -3 -3 -2 -3 -4 -2  2 -1 -4 -3 -1   29   0   0   0   2   0   0  40   0   0   0   0   0   0   0  23   0   0   0   6  0.61 inf
   99 V   -2 -4 -4 -5 -2 -4 -4 -5 -4  5  0 -4  3  0 -4 -3 -2 -4 -2  5    0   0   0   0   0   0   0   0   0  39   1   0   9   4   0   0   0   0   0  47  0.79 inf
  100 Q   -1  4  1 -1 -3  3  1  1 -1 -2 -3  1 -2 -4 -2  0 -1 -4 -3 -2    4  31   6   1   0  18  10  11   0   2   1   3   0   0   0   8   2   0   0   3  0.35 inf
  101 K    0 -1 -2 -2  2  0  0 -2 -2  2  1  3  0 -1 -2 -1 -1 -3 -2  0   10   0   1   0   6   1   7   1   0  20  18  28   0   2   0   3   2   0   0   1  0.16 inf
  102 M   -2 -3 -4 -5 -3 -2 -4 -4 -3  0  3 -3  8 -1 -4 -3 -2 -3 -3 -1    1   0   0   0   0   0   0   0   0   1  29   0  65   0   0   0   0   0   0   1  1.25 inf
  103 K   -1  3 -2 -2 -4  1  0 -2 -2 -4 -4  6 -3 -4 -2 -1 -2 -4 -3 -3    4  11   0   0   0   3   1   2   0   0   0  75   0   0   0   2   0   0   0   0  0.97 inf
  104 D    1 -1  1  4 -3  1  3 -2 -1 -2 -3  0 -3 -4 -2  0 -1 -4 -2 -3   12   1   8  29   0   3  29   1   0   4   0   5   0   0   0   5   2   0   1   0  0.46 inf
  105 A    4 -2 -2 -3 -1 -1 -1 -1 -2  0 -1 -2  0 -3 -2  0  0 -3 -2  3   51   2   0   0   1   1   4   1   1   4   2   1   2   0   0   4   3   0   0  25  0.39 inf
  106 A    4 -2 -2 -2 -2 -2 -2 -1 -3  0 -1 -2 -2 -3 -2  1  2 -3 -3  1   53   0   0   0   0   0   0   1   0   4   3   0   0   0   0  11  17   0   0   8  0.47 inf
  107 L    0 -2 -2 -3  1 -1 -2 -2 -3  3  2 -1  2 -1 -2 -1  1 -3 -2  2    5   0   1   0   4   2   2   1   0  23  24   5   5   1   0   5   8   0   0  13  0.18 inf
  108 A    3 -1 -1  0 -2  0  2  1 -2 -3 -3  0 -2 -3 -2  2  0 -3 -3 -2   35   1   1   3   1   2  16  11   0   0   1   3   0   0   0  20   3   0   0   1  0.34 inf
  109 I   -2 -1 -3 -1 -2 -2 -1 -4  0  3  3 -1  3  1 -3 -2 -2 -2 -1  1    1   4   0   5   0   1   4   1   3  26  30   2  10   8   0   0   0   0   1   3  0.27 inf
  110 A    1 -2 -3 -3 -2 -2 -2 -3 -3  2  3 -3  2 -1 -3 -2 -1 -3 -2  2   19   1   0   0   0   0   1   1   0  15  34   0   5   0   0   1   1   0   0  19  0.35 inf
  111 G   -1 -1  4  0 -2  0 -1  1 -1 -3 -2  0 -1 -3 -1  2  1 -3 -3 -2    3   1  31   2   0   3   2   9   0   1   4   7   1   0   2  21  12   0   0   2  0.35 inf
  112 D    0 -1  2  4 -3  0  1  0 -1 -3 -3 -1 -3 -3  1  1 -1 -3 -2 -2    6   2  12  32   0   2   8   8   0   1   1   2   0   1   7  12   2   0   1   2  0.38 inf
  113 T    0  1  0  1 -2  1  2 -2 -1 -2 -2  0 -2 -3  3  0  2 -3 -2 -2    7  11   3   6   1   5  18   2   1   1   3   2   0   1  16   2  19   0   1   1  0.30 inf
  114 N    2 -1  4  2 -2  0  0 -1 -1 -2 -2 -1 -2 -3 -1  0 -1 -3 -2  0   22   1  28  12   0   5   6   3   0   1   2   1   0   1   2   6   2   0   1   7  0.30 inf
  115 G    1 -2  1 -1 -2 -1 -1  4 -2 -3 -3 -1 -2 -3 -2  2 -1 -3 -2 -2    9   1   7   3   0   2   3  42   1   1   2   2   1   1   1  16   3   0   1   3  0.46 inf
  116 I   -1 -1 -1 -1 -1 -1  0 -2 -2  3  1 -1  1 -1 -2 -1  0 -2 -1  2    5   2   3   2   1   3   6   3   1  30   8   2   4   1   2   5   6   0   1  16  0.14 inf
  117 T    1 -1  0 -1 -1  0  0 -1 -2  0 -1 -1  1 -2  1  1  3 -2 -2  0   10   2   4   2   1   3   6   2   1   5   5   3   7   1   6   7  30   0   1   5  0.16 inf
  118 R    1  1 -1 -1 -2  2  0  0 -1 -1 -1  1 -1 -2  2  1  0 -2 -2 -1   10   8   2   2   1  11   5   5   1   3   4  10   1   1  10  18   3   0   1   3  0.15 inf
  119 G    0 -2 -1  0 -2 -1 -1  5 -2 -1 -2 -1 -2 -2 -2  0 -1 -2 -2 -2    5   2   2   4   1   3   3  55   1   4   3   2   1   1   2   4   4   0   1   3  0.58 inf
  120 D   -1  0  1  6 -3  0  1 -2 -1 -2 -3 -1 -2 -3 -1 -1 -1 -3 -2 -2    3   5   5  51   1   4   8   2   1   2   3   2   1   1   2   3   2   0   1   3  0.64 inf
  121 C   -1 -2 -1  2  9 -2 -1 -2 -2 -1  0 -2 -2 -2 -1 -2 -2 -2 -2 -1    3   2   3  12  47   2   3   2   1   3   8   2   1   2   2   2   2   0   1   3  0.92 inf
  122 A    2 -1 -1 -1 -2  1 -1 -1 -1 -2 -2  0 -2 -2  0  4  1 -2 -1 -1   16   1   2   2   1   6   2   2   1   1   3   5   1   1   3  41   7   0   2   3  0.32 inf
  123 S    3 -1 -1  1 -2  0  0  0 -2 -1 -2  0 -1 -2 -1  2  0 -2 -2 -1   32   1   2   7   1   4   5   5   1   3   3   3   1   1   2  22   3   0   1   4  0.23 inf
  124 L   -1 -1 -2  0 -2 -1 -2 -3 -2  2  4 -2  0  1 -2 -2 -2 -2 -1  0    4   2   1   7   0   2   2   2   1  11  50   1   1   7   1   2   1   0   1   3  0.31 inf
  125 M    2  0 -2 -2 -1 -1 -2 -1 -2  1  0 -1  3 -2 -1  0 -1 -2 -2  2   29   4   1   1   1   2   1   3   0  11   5   2  10   1   2   4   1   0   1  18  0.18 inf
  126 A    3  0 -1  0 -2  0  0 -1 -1 -2 -3  0 -2 -3 -2  4  0 -3 -3 -2   29   3   1   5   0   4   5   2   1   1   1   5   0   0   1  35   2   0   0   2  0.39 inf
  127 E   -2 -2 -1 -1 -4  0  6 -3 -2 -3 -3 -1 -2 -4  0 -1 -2 -4 -3 -2    1   1   3   1   0   2  74   1   0   1   2   1   1   0   4   3   2   0   0   3  1.14 inf
  128 V    3 -3 -3 -3 -1 -2 -3 -3 -3  2  0 -2  1 -2  2 -1  1 -3 -3  3   28   0   0   0   1   0   0   0   0  16   6   0   3   1  12   1   8   0   0  22  0.35 inf
  129 A    3 -2 -2 -2 -2 -2  0  4 -3 -2 -2 -1 -2  1 -2  0 -1 -3 -2 -2   36   2   1   1   0   0   5  32   0   2   2   2   0   7   1   7   1   0   0   1  0.46 inf
  130 S    0 -2 -1  1 -2 -1 -1  0 -2 -2 -2 -1 -2  1  3  3  2 -3 -2 -1    4   0   0   8   0   2   2   8   0   2   1   1   0   7  17  28  15   0   1   4  0.33 inf
  131 Y   -4 -3 -4 -4 -4  0 -2 -4  1 -4 -3 -3 -3  1  0 -3 -4 -1  9 -3    1   0   0   0   0   4   2   1   3   0   1   1   0   2   4   1   1   0  78   1  1.87 inf
  132 F   -5 -6 -6 -6  0 -6 -6 -6 -4 -2 -1 -6  1  9 -6 -5 -5 -2  1 -3    0   0   0   0   2   0   0   0   0   1   4   0   4  89   0   0   0   0   1   0  2.23 inf
  133 D   -4 -4 -1  8 -6 -1  1 -3 -4 -6 -6 -3 -5 -6 -4 -2 -1 -7 -6 -6    0   0   0  85   0   1   7   1   0   0   0   0   0   0   0   2   3   0   0   0  1.89 inf
  134 K   -3  5 -2 -4 -5 -1 -2 -4  5 -4 -3  1 -2  1 -4 -3 -2 -2  6 -4    1  40   0   0   0   1   0   0  14   0   2   6   1   6   0   0   1   0  28   0  1.02 inf
  135 A    2 -3 -4 -4 -2 -3 -1 -3 -4  3  2 -3  3 -2 -3 -2 -1 -4 -3  3   25   0   0   0   0   0   6   0   0  16  16   0   9   0   0   0   1   0   0  28  0.43 inf
  136 A    3 -4 -3 -4  3 -3 -3 -2 -4  4  0 -3 -1 -2 -3 -1 -1 -4 -3  1   33   0   1   0   6   0   0   2   0  39   5   0   0   1   0   3   3   0   0   7  0.54 inf
  137 A    3  1  0 -2 -3  2 -1  2 -2 -4 -4  0 -3 -4 -3  2 -1 -4 -3 -2   33   6   5   0   0  13   1  15   0   0   0   4   0   0   0  21   1   0   0   1  0.45 inf
  138 A    5 -3 -1 -3 -3 -1  1  3 -3 -4 -4 -2 -3 -3 -3  1 -1 -4 -3 -2   56   0   3   0   0   1   9  20   0   0   0   1   0   1   0   8   1   0   0   1  0.67 inf
  139 V   -3 -4 -5 -5 -3 -3 -4 -5 -4  3  3 -4  5 -2 -4 -4 -2 -4 -3  3    0   0   0   0   0   0   0   0   0  13  36   0  23   0   0   0   0   0   0  28  0.85 inf
  140 A    4 -3 -2 -3 -3 -2 -2 -2 -3 -4 -4 -2 -3 -4 -3  5 -1 -5 -4 -3   37   0   0   0   0   0   0   0   0   0   0   0   0   0   0  63   0   0   0   0  1.07 inf

                      K         Lambda
Standard Ungapped    0.1310     0.3184
Standard Gapped      0.0471     0.2670
PSI Ungapped         0.1530     0.3121
PSI Gapped           0.0471     0.2670
