
Last position-specific scoring matrix computed, weighted observed percentages rounded down, information per position, and relative weight of gapless real matches to pseudocounts
           A  R  N  D  C  Q  E  G  H  I  L  K  M  F  P  S  T  W  Y  V   A   R   N   D   C   Q   E   G   H   I   L   K   M   F   P   S   T   W   Y   V
    1 M   -1 -2 -2 -3 -2 -1 -2 -3 -2  1  2 -2  6  0 -3 -2 -1 -2 -1  1    0   0   0   0   0   0   0   0   0   0   0   0 100   0   0   0   0   0   0   0  0.39 inf
    2 F   -2 -3 -3 -4 -3 -4 -4 -3 -1  0  0 -3  0  7 -4 -3 -2  1  3 -1    0   0   0   0   0   0   0   0   0   0   0   0   0 100   0   0   0   0   0   0  0.77 inf
    3 K   -1  2  0 -1 -3  1  1 -2 -1 -3 -3  5 -2 -3 -1  0 -1 -3 -2 -3    0   0   0   0   0   0   0   0   0   0   0 100   0   0   0   0   0   0   0   0  0.54 inf
    4 V   -1 -3 -3 -3 -1 -3 -3 -4 -3  4  1 -3  1 -1 -3 -2  0 -3 -1  4    0   0   0   0   0   0   0   0   0  41   0   0   0   0   0   0   0   0   0  59  0.35 inf
    5 Y   -2 -2 -3 -3 -3 -2 -2 -3  1 -1 -1 -2 -1  4 -3 -2 -2  2  7 -1    0   0   0   0   0   0   0   0   0   0   0   0   0  21   0   0   0   0  79   0  0.79 inf
    6 G    0 -3 -1 -1 -3 -2 -2  6 -2 -4 -4 -2 -3 -3 -2  0 -2 -3 -3 -3    0   0   0   0   0   0   0 100   0   0   0   0   0   0   0   0   0   0   0   0  1.06 inf
    7 Y   -2 -2 -2 -3 -3 -2 -2 -3  2 -2 -1 -2 -1  3 -3 -2 -2  2  7 -1    0   0   0   0   0   0   0   0   0   0   0   0   0   0   0   0   0   0 100   0  0.90 inf
    8 D   -2 -2  0  5 -3 -1  0 -2 -2  2  0 -2 -1 -2 -2 -1 -1 -4 -2  1    0   0   0  59   0   0   0   0   0  41   0   0   0   0   0   0   0   0   0   0  0.36 inf
    9 S    0 -1  0 -1 -2 -1 -1 -1 -2 -3 -3 -1 -2 -3  6  3  1 -3 -2 -2    0   0   0   0   0   0   0   0   0   0   0   0   0   0  41  59   0   0   0   0  0.78 inf
   10 N    0 -1  4  0 -2  0  0 -1  0 -3 -3  0 -2 -3 -1  3  2 -3 -2 -2    0   0  44   0   0   0   0   0   0   0   0   0   0   0   0  41  15   0   0   0  0.41 inf
   11 I   -1 -3 -3 -3 -1 -3 -3 -4 -4  4  1 -3  1  0 -3 -2  0 -3 -1  3    0   0   0   0   0   0   0   0   0  59   0   0   0   0   0   0   0   0   0  41  0.36 inf
   12 H   -2 -1  0 -2 -3  0 -1 -3  7 -3 -2 -1 -1  1 -3 -1 -2  0  5 -2    0   0   0   0   0   0   0   0  59   0   0   0   0   0   0   0   0   0  41   0  0.68 inf
   13 K   -1  3  4  0 -3  1  0 -1  0 -3 -3  3 -2 -3 -2  0 -1 -4 -2 -3    0  16  41   0   0   0   0   0   0   0   0  43   0   0   0   0   0   0   0   0  0.43 inf
   14 C   -1 -4 -3 -4  9 -3 -4 -3 -3 -1 -1 -3 -2 -3 -3 -1 -1 -3 -3 -1    0   0   0   0 100   0   0   0   0   0   0   0   0   0   0   0   0   0   0   0  1.27 inf
   15 V    2 -2 -3 -3 -1 -2 -2 -2 -3  2  0 -2  0 -1 -2  0  0 -3 -2  3   41   0   0   0   0   0   0   0   0  15   0   0   0   0   0   0   0   0   0  44  0.21 inf
   16 Y   -2 -2 -2 -3 -3 -2 -2 -3  0 -2 -1 -2 -1  3  5 -2 -2  1  5 -2    0   0   0   0   0   0   0   0   0   0   0   0   0  16  41   0   0   0  43   0  0.82 inf
   17 C   -1 -4 -3 -4  9 -3 -4 -3 -3 -1 -1 -3 -2 -3 -3 -1 -1 -3 -3 -1    0   0   0   0 100   0   0   0   0   0   0   0   0   0   0   0   0   0   0   0  1.27 inf
   18 D   -2 -2  0  5 -3 -1  0 -2 -2  0  2 -1  0 -1 -2 -1 -1 -3 -2 -1    0   0   0  59   0   0   0   0   0   0  41   0   0   0   0   0   0   0   0   0  0.37 inf
   19 N   -2 -1  6  1 -3  0  0 -1  1 -4 -4  0 -2 -3 -2  1  0 -4 -2 -3    0   0 100   0   0   0   0   0   0   0   0   0   0   0   0   0   0   0   0   0  0.75 inf
   20 A    3 -2 -1 -2  5 -1 -1  0 -2 -2 -2 -1 -1 -3 -1  2  0 -3 -2 -1   59   0   0   0  21   0   0   0   0   0   0   0   0   0   0  21   0   0   0   0  0.35 inf
   21 K   -1  2  0 -1 -3  1  1 -2 -1 -3 -3  5 -2 -3 -1  0 -1 -3 -2 -3    0   0   0   0   0   0   0   0   0   0   0 100   0   0   0   0   0   0   0   0  0.54 inf
   22 R   -2  6 -1 -2 -4  1  0 -3  0 -3 -2  2 -2 -3 -2 -1 -1 -3 -2 -3    0 100   0   0   0   0   0   0   0   0   0   0   0   0   0   0   0   0   0   0  0.77 inf
   23 L   -2 -2 -4 -4 -1 -2 -3 -4 -3  2  4 -3  2  0 -3 -3 -1 -2 -1  1    0   0   0   0   0   0   0   0   0   0 100   0   0   0   0   0   0   0   0   0  0.47 inf
   24 L   -2 -2 -4 -4 -1 -2 -3 -4 -3  2  4 -3  2  0 -3 -3 -1 -2 -1  1    0   0   0   0   0   0   0   0   0   0 100   0   0   0   0   0   0   0   0   0  0.47 inf
   25 T   -1 -2  1  5 -2 -1  1 -2 -2 -2 -3 -1 -2 -3 -1  1  3 -4 -3 -2    0   0   0  57   0   0   0   0   0   0   0   0   0   0   0   0  43   0   0   0  0.51 inf
   26 V    2 -2 -2 -3 -1 -2 -2 -1 -3  2  0 -2  0 -1 -2  0  0 -3 -2  3   41   0   0   0   0   0   0   0   0   0   0   0   0   0   0   0   0   0   0  59  0.22 inf
   27 K   -1  2  0 -1 -3  1  1 -2 -1 -3 -3  5 -2 -3 -1  0 -1 -3 -2 -3    0   0   0   0   0   0   0   0   0   0   0 100   0   0   0   0   0   0   0   0  0.54 inf
   28 K   -1  4  0 -1 -3  1  1 -2 -1 -3 -3  5 -2 -3 -1  0 -1 -3 -2 -3    0  21   0   0   0   0   0   0   0   0   0  79   0   0   0   0   0   0   0   0  0.52 inf
   29 Q   -1  1  0 -1 -3  5  1 -2  4 -3 -3  2 -1 -3 -2  0 -1 -2 -1 -3    0   0   0   0   0  59   0   0  21   0   0  21   0   0   0   0   0   0   0   0  0.49 inf
   30 P   -1 -1 -1  0 -3  0  3 -2 -1 -3 -3  0 -3 -4  6 -1 -1 -4 -3 -3    0   0   0   0   0   0  41   0   0   0   0   0   0   0  59   0   0   0   0   0  1.15 inf
   31 F   -2 -2 -3 -4 -3 -2 -3 -3  1 -1  0 -3 -1  5 -4 -2 -2  2  6 -1    0   0   0   0   0   0   0   0   0   0   0   0   0  43   0   0   0   0  57   0  0.72 inf
   32 E   -1  0  0  2 -4  2  5 -2  0 -4 -3  1 -2 -4 -1  0 -1 -3 -2 -3    0   0   0   0   0   0 100   0   0   0   0   0   0   0   0   0   0   0   0   0  0.75 inf
   33 F   -2 -3 -3 -4 -3 -4 -4 -3 -1  0  0 -3  0  7 -4 -3 -2  1  3 -1    0   0   0   0   0   0   0   0   0   0   0   0   0 100   0   0   0   0   0   0  0.77 inf
   34 I   -1 -3 -3 -3 -1 -3 -3 -4 -4  4  1 -3  1  0 -3 -2  0 -3 -1  3    0   0   0   0   0   0   0   0   0  59   0   0   0   0   0   0   0   0   0  41  0.36 inf
   35 N    0 -1  5  1 -2  0  0  0  0 -3 -3  0 -2 -3 -2  3  1 -4 -2 -3    0   0  59   0   0   0   0   0   0   0   0   0   0   0   0  41   0   0   0   0  0.49 inf
   36 I   -1 -3 -3 -3 -1 -3 -3 -4 -3  3  1 -3  1 -1 -3 -2  0 -3 -1  4    0   0   0   0   0   0   0   0   0  28   0   0   0   0   0   0   0   0   0  72  0.35 inf
   37 M    2 -2 -2 -3 -1 -1 -2 -1 -2  0  1 -1  5 -1 -2  0  0 -2 -1  0   41   0   0   0   0   0   0   0   0   0   0   0  59   0   0   0   0   0   0   0  0.21 inf
   38 P   -1 -2  0  4 -3 -1  0 -2 -2 -3 -3 -1 -3 -4  6 -1 -1 -4 -3 -3    0   0   0  41   0   0   0   0   0   0   0   0   0   0  59   0   0   0   0   0  1.19 inf
   39 E    0  0  0  1 -3  2  5 -2  0 -3 -3  1 -2 -3 -1  1  0 -3 -2 -3    0   0   0   0   0   0  79   0   0   0   0   0   0   0   0  21   0   0   0   0  0.58 inf
   40 K   -1  2  0 -1 -3  1  1 -2 -1 -3 -3  5 -2 -3 -1  0 -1 -3 -2 -3    0   0   0   0   0   0   0   0   0   0   0 100   0   0   0   0   0   0   0   0  0.54 inf
   41 G    0 -2  0  2 -3 -2 -1  5 -2 -4 -4 -1 -3 -4 -2  0 -2 -3 -3 -3    0   0   0  21   0   0   0  79   0   0   0   0   0   0   0   0   0   0   0   0  0.81 inf
   42 V   -1 -3 -3 -3 -1 -3 -3 -4 -3  4  1 -3  1 -1 -3 -2  0 -3 -1  4    0   0   0   0   0   0   0   0   0  41   0   0   0   0   0   0   0   0   0  59  0.35 inf
   43 F   -2 -3 -3 -4 -2 -3 -3 -4 -2  1  3 -3  1  5 -4 -3 -2  0  2  0    0   0   0   0   0   0   0   0   0   0  41   0   0  59   0   0   0   0   0   0  0.47 inf
   44 D   -2 -1  4  5 -3  0  1 -1  0 -3 -4 -1 -3 -4 -2  0 -1 -4 -3 -3    0   0  41  59   0   0   0   0   0   0   0   0   0   0   0   0   0   0   0   0  0.70 inf
   45 D   -2 -1  1  5 -4  1  4 -2 -1 -3 -4  0 -3 -4 -1  0 -1 -4 -3 -3    0   0   0  59   0   0  41   0   0   0   0   0   0   0   0   0   0   0   0   0  0.72 inf
   46 E    0  0  0  1 -2  1  4 -2 -1 -3 -3  0 -2 -3 -1  2  2 -3 -2 -2    0   0   0   0   0   0  59   0   0   0   0   0   0   0   0  21  21   0   0   0  0.43 inf
   47 K   -1  1 -1 -2 -2  0  0 -2 -2  1 -1  4  0 -2 -2 -1  0 -3 -2  2    0   0   0   0   0   0   0   0   0   0   0  59   0   0   0   0   0   0   0  41  0.20 inf
   48 I   -1 -3 -4 -3 -1 -3 -4 -4 -4  5  2 -3  1  0 -3 -3 -1 -3 -2  3    0   0   0   0   0   0   0   0   0 100   0   0   0   0   0   0   0   0   0   0  0.41 inf
   49 A    3 -1  0  2 -1 -1  0  0 -1 -2 -2 -1 -2 -3 -1  2  0 -3 -2 -1   59   0   0  21   0   0   0   0   0   0   0   0   0   0   0  21   0   0   0   0  0.31 inf
   50 E   -1  0  0  2 -4  2  5 -2  0 -4 -3  1 -2 -4 -1  0 -1 -3 -2 -3    0   0   0   0   0   0 100   0   0   0   0   0   0   0   0   0   0   0   0   0  0.75 inf
   51 L   -2 -2 -4 -4 -1 -2 -3 -4 -3  2  4 -3  2  0 -3 -3 -1 -2 -1  1    0   0   0   0   0   0   0   0   0   0 100   0   0   0   0   0   0   0   0   0  0.47 inf
   52 L   -1 -1 -2  0 -2  0  3 -3 -2  0  3 -1  1 -1 -2 -1 -1 -2 -2  0    0   0   0   0   0   0  41   0   0   0  59   0   0   0   0   0   0   0   0   0  0.24 inf
   53 T    1 -2  0 -1 -1 -1 -1  2 -2 -1 -2 -1 -1 -2 -1  2  2 -3 -2  0   16   0   0   0   0   0   0  21   0   0   0   0   0   0   0  21  28   0   0  15  0.22 inf
   54 K    1  1 -2 -2 -2  0 -1 -2 -2  0  2  3  1 -1 -2 -1 -1 -3 -2  0   16   0   0   0   0   0   0   0   0   0  41  43   0   0   0   0   0   0   0   0  0.14 inf
   55 L   -2 -2 -4 -4 -1 -2 -3 -4 -3  2  4 -3  2  0 -3 -3 -1 -2 -1  1    0   0   0   0   0   0   0   0   0   0 100   0   0   0   0   0   0   0   0   0  0.47 inf
   56 G    0 -3 -1 -1 -3 -2 -2  6 -2 -4 -4 -2 -3 -3 -2  0 -2 -3 -3 -3    0   0   0   0   0   0   0 100   0   0   0   0   0   0   0   0   0   0   0   0  1.06 inf
   57 R   -1  5  0 -2 -2  0  0 -2 -1 -2 -2  1 -1 -3 -2  0  3 -3 -2 -1    0  59   0   0   0   0   0   0   0   0   0   0   0   0   0   0  41   0   0   0  0.43 inf
   58 D   -1  4  0  3 -4  1  3 -2  0 -3 -3  1 -2 -3 -2  0 -1 -3 -2 -3    0  41   0  28   0   0  30   0   0   0   0   0   0   0   0   0   0   0   0   0  0.51 inf
   59 T    0  4  0 -1 -2  0  0 -2 -1 -2 -2  1 -1 -3 -2  2  2 -3 -2 -2    0  41   0   0   0   0   0   0   0   0   0   0   0   0   0  30  28   0   0   0  0.34 inf
   60 Q    0  1  0  0 -2  5  1 -1  0 -2 -1  1  0 -2  0  0  0 -1 -1 -1    3   2   2   2   1  60   3   3   1   2   4   2   1   2   2   3   2   1   1   3  0.30 inf
   61 I    0 -1 -1 -1 -1 -1 -1 -2 -2  3  1 -1  1  0 -1 -1  0 -1 -1  2    3   2   2   2   1   2   3   3   1  31   4   2   1   2   2   3   2   1   1  33  0.09 inf
   62 G    0 -1  0 -1 -2 -1 -1  5 -1 -2 -2 -1 -1 -2 -1  0 -1 -1 -2 -2    3   2   2   2   1   2   3  62   1   2   4   2   1   2   2   3   2   1   1   3  0.43 inf
   63 L   -2 -2 -3 -4 -1 -2 -3 -4 -3  2  4 -2  3  0 -3 -2 -1 -2 -1  1    0   0   0   0   0   0   0   0   0   0  79   0  21   0   0   0   0   0   0   0  0.41 inf
   64 T    0 -1  0 -1 -1 -1 -1 -2 -2 -1 -1 -1 -1 -2 -1  1  5 -3 -2  0    0   0   0   0   0   0   0   0   0   0   0   0   0   0   0   0 100   0   0   0  0.49 inf
   65 M   -1 -2 -2 -3 -2 -1 -2 -3 -2  1  2 -2  6  0 -3 -2 -1 -2 -1  1    0   0   0   0   0   0   0   0   0   0   0   0 100   0   0   0   0   0   0   0  0.39 inf
   66 P   -1 -2 -2 -2 -3 -1 -1 -2 -2 -3 -3 -1 -3 -4  8 -1 -1 -4 -3 -3    0   0   0   0   0   0   0   0   0   0   0   0   0   0 100   0   0   0   0   0  2.06 inf
   67 Q   -1  1  0  0 -3  6  2 -2  0 -3 -2  1 -1 -4 -1  0 -1 -2 -2 -2    0   0   0   0   0 100   0   0   0   0   0   0   0   0   0   0   0   0   0   0  0.68 inf
   68 V   -1 -3 -3 -3 -1 -3 -3 -4 -3  4  1 -3  1 -1 -3 -2  0 -3 -1  4    0   0   0   0   0   0   0   0   0  41   0   0   0   0   0   0   0   0   0  59  0.35 inf
   69 F   -2 -3 -3 -4 -3 -4 -4 -3 -1  0  0 -3  0  7 -4 -3 -2  1  3 -1    0   0   0   0   0   0   0   0   0   0   0   0   0 100   0   0   0   0   0   0  0.77 inf
   70 A    3 -1 -1 -2 -1  0 -1 -1  6 -2 -2 -1 -1 -2 -1  0 -1 -3  0 -1   59   0   0   0   0   0   0   0  41   0   0   0   0   0   0   0   0   0   0   0  0.36 inf
   71 P    0 -1 -1 -1 -2 -1 -1 -1 -1 -2 -2 -1 -1 -2  7  0 -1 -2 -2 -1    3   2   2   2   1   2   3   3   1   2   4   2   1   2  61   3   2   1   1   3  0.96 inf
   72 D   -2 -2  1  6 -4  0  2 -1 -1 -3 -4 -1 -3 -4 -2  0 -1 -5 -3 -3    0   0   0 100   0   0   0   0   0   0   0   0   0   0   0   0   0   0   0   0  0.95 inf
   73 G    0 -3 -1 -1 -3 -2 -2  6 -2 -4 -4 -2 -3 -3 -2  0 -2 -3 -3 -3    0   0   0   0   0   0   0 100   0   0   0   0   0   0   0   0   0   0   0   0  1.06 inf
   74 S    0  1  0 -1 -2  1  0 -1 -1 -2 -2  3 -1 -3 -1  3  2 -3 -2 -2    0   0   0   0   0   0   0   0   0   0   0  41   0   0   0  43  16   0   0   0  0.31 inf
   75 H   -1 -1  0 -1 -3  0  0 -2  7 -3 -3 -1 -2  0 -2  1 -1 -1  3 -3    0   0   0   0   0   0   0   0  70   0   0   0   0   0   0  16   0   0  14   0  0.60 inf
   76 I   -1 -3 -4 -3 -1 -3 -4 -4 -4  5  2 -3  1  0 -3 -3 -1 -3 -2  3    0   0   0   0   0   0   0   0   0 100   0   0   0   0   0   0   0   0   0   0  0.41 inf
   77 G    0 -3 -1 -1 -3 -2 -2  6 -2 -4 -4 -2 -3 -3 -2  0 -2 -3 -3 -3    0   0   0   0   0   0   0 100   0   0   0   0   0   0   0   0   0   0   0   0  1.06 inf
   78 G    0 -3 -1 -1 -3 -2 -2  6 -2 -4 -4 -2 -3 -3 -2  0 -2 -3 -3 -3    0   0   0   0   0   0   0 100   0   0   0   0   0   0   0   0   0   0   0   0  1.06 inf
   79 F   -2 -3 -3 -4 -3 -4 -4 -3 -1  0  0 -3  0  7 -4 -3 -2  1  3 -1    0   0   0   0   0   0   0   0   0   0   0   0   0 100   0   0   0   0   0   0  0.77 inf
   80 D   -2 -2  1  6 -4  0  2 -1 -1 -3 -4 -1 -3 -4 -2  0 -1 -5 -3 -3    0   0   0 100   0   0   0   0   0   0   0   0   0   0   0   0   0   0   0   0  0.95 inf
   81 Q   -1  1  0  0 -3  6  2 -2  0 -3 -2  1 -1 -4 -1  0 -1 -2 -2 -2    0   0   0   0   0 100   0   0   0   0   0   0   0   0   0   0   0   0   0   0  0.68 inf
   82 L   -2 -2 -4 -4 -1 -2 -3 -4 -3  2  4 -3  2  0 -3 -3 -1 -2 -1  1    0   0   0   0   0   0   0   0   0   0 100   0   0   0   0   0   0   0   0   0  0.47 inf
   83 R   -2  6 -1 -2 -4  1  0 -3  0 -3 -2  2 -2 -3 -2 -1 -1 -3 -2 -3    0 100   0   0   0   0   0   0   0   0   0   0   0   0   0   0   0   0   0   0  0.77 inf
   84 E    1 -1  0  3 -3  1  4 -2 -1 -3 -3  0 -2 -3 -1  0 -1 -3 -2 -2   16   0   0  21   0   0  64   0   0   0   0   0   0   0   0   0   0   0   0   0  0.52 inf
   85 Y   -2 -2 -2 -3 -3 -2 -2 -3  2 -2 -1 -2 -1  3 -3 -2 -2  2  7 -1    0   0   0   0   0   0   0   0   0   0   0   0   0   0   0   0   0   0 100   0  0.90 inf
   86 F   -1 -3 -3 -4 -2 -3 -3 -3 -2  1  1 -3  0  5 -3 -2 -1  0  2  2    0   0   0   0   0   0   0   0   0   0   0   0   0  59   0   0   0   0   0  41  0.40 inf
   87 K   -1  4  0 -1 -4  1  0 -2 -1 -3 -3  4 -2 -3 -2  0 -1 -3 -2 -3    0  41   0   0   0   0   0   0   0   0   0  59   0   0   0   0   0   0   0   0  0.55 inf

                      K         Lambda
Standard Ungapped    0.1437     0.3240
Standard Gapped      0.0410     0.2670
PSI Ungapped         0.1437     0.3240
PSI Gapped           0.0410     0.2670
