
Last position-specific scoring matrix computed, weighted observed percentages rounded down, information per position, and relative weight of gapless real matches to pseudocounts
           A  R  N  D  C  Q  E  G  H  I  L  K  M  F  P  S  T  W  Y  V   A   R   N   D   C   Q   E   G   H   I   L   K   M   F   P   S   T   W   Y   V
    1 M   -1 -1 -2 -3 -2  0 -2 -3 -2  1  2 -1  6  0 -3 -2 -1 -2 -1  1    0   0   0   0   0   0   0   0   0   0   0   0 100   0   0   0   0   0   0   0  0.33 inf
    2 E   -1  0  0  2 -4  2  5 -2  0 -3 -3  1 -2 -3 -1  0 -1 -3 -2 -3    0   0   0   0   0   0 100   0   0   0   0   0   0   0   0   0   0   0   0   0  0.73 inf
    3 V    0 -3 -3 -3 -1 -2 -3 -3 -3  3  1 -2  1 -1 -2 -2  0 -3 -1  4    0   0   0   0   0   0   0   0   0   0   0   0   0   0   0   0   0   0   0 100  0.34 inf
    4 E   -1  0  0  2 -4  2  5 -2  0 -3 -3  1 -2 -3 -1  0 -1 -3 -2 -3    0   0   0   0   0   0 100   0   0   0   0   0   0   0   0   0   0   0   0   0  0.73 inf
    5 K   -1  2  0 -1 -3  1  1 -2 -1 -3 -3  5 -1 -3 -1  0 -1 -3 -2 -2    0   0   0   0   0   0   0   0   0   0   0 100   0   0   0   0   0   0   0   0  0.51 inf
    6 E   -1  0  0  2 -4  2  5 -2  0 -3 -3  1 -2 -3 -1  0 -1 -3 -2 -3    0   0   0   0   0   0 100   0   0   0   0   0   0   0   0   0   0   0   0   0  0.73 inf
    7 F   -2 -3 -3 -4 -3 -3 -3 -3 -1  0  0 -3  0  6 -4 -3 -2  1  3 -1    0   0   0   0   0   0   0   0   0   0   0   0   0 100   0   0   0   0   0   0  0.73 inf
    8 I   -1 -3 -3 -3 -1 -3 -3 -4 -3  4  2 -3  1  0 -3 -2 -1 -3 -1  3    0   0   0   0   0   0   0   0   0 100   0   0   0   0   0   0   0   0   0   0  0.38 inf
    9 T    0 -1  0 -1 -1 -1 -1 -2 -2 -1 -1 -1 -1 -2 -1  1  5 -3 -2  0    0   0   0   0   0   0   0   0   0   0   0   0   0   0   0   0 100   0   0   0  0.46 inf
   10 D   -2 -2  1  6 -4  0  2 -1 -1 -3 -4 -1 -3 -4 -2  0 -1 -4 -3 -3    0   0   0 100   0   0   0   0   0   0   0   0   0   0   0   0   0   0   0   0  0.92 inf
   11 E   -1  0  0  2 -4  2  5 -2  0 -3 -3  1 -2 -3 -1  0 -1 -3 -2 -3    0   0   0   0   0   0 100   0   0   0   0   0   0   0   0   0   0   0   0   0  0.73 inf
   12 A    4 -1 -2 -2  0 -1 -1  0 -2 -1 -2 -1 -1 -2 -1  1  0 -3 -2  0  100   0   0   0   0   0   0   0   0   0   0   0   0   0   0   0   0   0   0   0  0.40 inf
   13 K   -1  2  0 -1 -3  1  1 -2 -1 -3 -3  5 -1 -3 -1  0 -1 -3 -2 -2    0   0   0   0   0   0   0   0   0   0   0 100   0   0   0   0   0   0   0   0  0.51 inf
   14 E   -1  0  0  2 -4  2  5 -2  0 -3 -3  1 -2 -3 -1  0 -1 -3 -2 -3    0   0   0   0   0   0 100   0   0   0   0   0   0   0   0   0   0   0   0   0  0.74 inf
   15 L   -1 -3 -4 -4 -1 -3 -3 -4 -3  3  3 -3  2  0 -3 -3 -1 -2 -1  2    0   0   0   0   0   0   0   0   0  44  56   0   0   0   0   0   0   0   0   0  0.37 inf
   16 L   -2 -2 -4 -4 -1 -2 -3 -4 -3  2  4 -3  2  0 -3 -3 -1 -2 -1  1    0   0   0   0   0   0   0   0   0   0 100   0   0   0   0   0   0   0   0   0  0.46 inf
   17 S    1 -1  0 -1 -1 -1 -1 -1 -2  1 -1 -1  0 -2 -1  3  1 -3 -2  2    0   0   0   0   0   0   0   0   0   0   0   0   0   0   0  56   0   0   0  44  0.19 inf
   18 K   -1  2  0 -1 -3  1  1 -2 -1 -3 -3  5 -1 -3 -1  0 -1 -3 -2 -2    0   0   0   0   0   0   0   0   0   0   0 100   0   0   0   0   0   0   0   0  0.52 inf
   19 D   -1 -1  1  4 -2 -1  0 -2 -2 -2 -2 -1 -2 -3 -1  1  4 -3 -2 -1    0   0   0  42   0   0   0   0   0   0   0   0   0   0   0   0  58   0   0   0  0.44 inf
   20 K   -1  1  0 -1 -3  3  1  3 -1 -3 -3  3 -1 -3 -2  0 -1 -3 -2 -3    0   0   0   0   0  30   0  29   0   0   0  42   0   0   0   0   0   0   0   0  0.40 inf
   21 L   -1 -1 -2 -1 -2  0  2 -3 -2  0  3 -1  1 -1 -2 -1  2 -2 -2  0    0   0   0   0   0   0  23   0   0   0  55   0   0   0   0   0  22   0   0   0  0.19 inf
   22 I   -1 -3 -3 -3 -1 -3 -3 -4 -4  4  1 -3  1  0 -3 -2 -1 -3 -1  3    0   0   0   0   0   0   0   0   0  78   0   0   0   0   0   0   0   0   0  22  0.42 inf
   23 Q   -1  0 -1  0 -3  5  3 -2  0 -3 -3  1 -1 -4  4  0 -1 -3 -2 -3    0   0   0   0   0  55  23   0   0   0   0   0   0   0  22   0   0   0   0   0  0.66 inf
   24 Q    0  0  3  0 -2  3  0  2  0 -3 -3  0 -2 -3 -2  2  0 -3 -2 -3    0   0  22   0   0  32   0  23   0   0   0   0   0   0   0  23   0   0   0   0  0.37 inf
   25 A    1 -2 -3 -3 -1 -2 -2 -2 -3  3  2 -2  3 -1 -2 -1 -1 -2 -2  1   27   0   0   0   0   0   0   0   0  37  17   0  20   0   0   0   0   0   0   0  0.21 inf
   26 Y   -2  2 -1 -1 -3  0  2 -3  1 -2 -2  2 -2  1 -2 -1 -1  0  5 -2    0  18   0   0   0   0  20   0   0   0   0  19   0   0   0   0   0   0  44   0  0.40 inf
   27 N    1 -1  3  0 -2  0  0 -1  4 -3 -3 -1 -2 -2 -2  2  0 -3 -1 -2   19   0  27   0   0   0   0   0  20   0   0   0   0   0   0  35   0   0   0   0  0.34 inf
   28 E   -1 -1 -1  1 -4  1  4 -2  4 -3 -3  0 -2 -3  3 -1 -1 -3 -1 -3    0   0   0   0   0   0  62   0  19   0   0   0   0   0  20   0   0   0   0   0  0.66 inf
   29 V   -1 -3 -3 -3 -1 -3 -3 -4 -3  3  1 -3  1 -1 -3 -2  0 -3 -1  4    0   0   0   0   0   0   0   0   0  18   0   0   0   0   0   0   0   0   0  82  0.42 inf
   30 K   -1  2 -1 -1 -3  0  2  2 -1 -2  0  2 -1 -2 -2 -1 -1 -3 -2 -2    0  18   0   0   0   0  17  20   0   0  19  27   0   0   0   0   0   0   0   0  0.20 inf
   31 T    2  2  2 -1 -1  0 -1 -1 -1 -2 -2  0 -1 -3 -1  1  2 -3 -2 -1   36  18  19   0   0   0   0   0   0   0   0   0   0   0   0   0  27   0   0   0  0.25 inf
   32 S    2 -2  0 -1 -1 -1 -1  2 -2 -1 -2 -1 -1 -2 -1  3  0 -3 -2  0   18   0   0   0   0   0   0  20   0   0   0   0   0   0   0  46   0   0   0  17  0.26 inf
   33 I   -2 -3 -4 -4 -1 -3 -3 -4 -3  4  2 -3  1  0 -3 -3 -1 -3 -2  2    0   0   0   0   0   0   0   0   0  80  20   0   0   0   0   0   0   0   0   0  0.45 inf
   34 C    1 -1 -2 -1  5  0  1 -2 -1 -2 -1  1 -1  2 -2  0 -1 -2  0 -1   18   0   0   0  27   0  19   0   0   0   0  17   0  20   0   0   0   0   0   0  0.24 inf
   35 S    1 -1  2 -1 -1 -1 -1 -1 -1 -1  1 -1  2 -1 -2  2  0 -3 -2 -1   20   0  19   0   0   0   0   0   0   0  18   0  17   0   0  27   0   0   0   0  0.14 inf
   36 P   -1 -2 -2 -2 -1 -1 -2 -2 -2  2  0 -1  2 -1  4 -1 -1 -2 -1  1    2   1   1   1   0   1   1   1   0  19   2   1  19   1  28   1   1   0   1  18  0.34 inf
   37 I   -1 -2 -2 -3 -2  1 -1 -3 -2  3  1 -2  1 -1 -3 -2 -1 -3 -2  3    0   0   0   0   0  19   0   0   0  46   0   0   0   0   0   0   0   0   0  35  0.26 inf
   38 W   -2 -2 -2 -3 -3 -2 -2 -3  4 -2 -1 -3 -1  3 -4 -2 -2  9  4 -2    0   0   0   0   0   0   0   0  18   0   0   0   0  20   0   0   0  44  19   0  1.13 inf
   39 P   -1 -3 -2 -2 -3 -2 -1 -3 -3 -3 -3 -1 -3 -4  8 -1 -1 -4 -3 -3    0   0   0   0   0   0   0   0   0   0   0   0   0   0 100   0   0   0   0   0  2.16 inf
   40 A    3  2 -1 -2 -2  2  0 -1 -1 -1  0  0  0 -2 -2  0 -1 -3 -2 -1   46  18   0   0   0  20   0   0   0   0  17   0   0   0   0   0   0   0   0   0  0.19 inf
   41 T    0  0  2  0 -2  0 -1  2 -1 -2 -3  1 -2 -3 -1  2  2 -3 -2 -2    0   0  19   0   0   0   0  18   0   0   0  17   0   0   0  20  27   0   0   0  0.28 inf
   42 S    0 -1  2  0 -2  0  2  2 -1 -3 -3  0 -2 -3 -1  3  0 -3 -2 -2    0   0  17   0   0   0  18  20   0   0   0   0   0   0   0  46   0   0   0   0  0.36 inf
   43 K    0  1  0  2 -3  0  0  2 -1 -3 -3  3 -2 -3 -1  1  0 -3 -2 -3    0   0   0  17   0   0   0  19   0   0   0  46   0   0   0  18   0   0   0   0  0.33 inf
   44 T    1  0  2 -1 -1  0  0 -1 -1 -2 -2  2 -1 -3 -1  2  2 -3 -2 -1   19   0  17   0   0   0   0   0   0   0   0  20   0   0   0  18  27   0   0   0  0.26 inf
   45 F   -2 -2 -2 -3 -2 -2 -2 -2 -1  0  0 -2  0  6 -2 -2 -2  1  3 -1    2   1   1   1   0   1   1   1   0   1   2   1   0  81   1   1   1   0   1   1  0.58 inf
   46 T    1 -1 -1 -1 -1 -1 -1 -1  4  1 -1 -1  0 -1 -1  0  2 -2  0  0   18   1   1   1   0   1   1   1  19  19   2   1   0   1   1   1  28   0   1   1  0.12 inf
   47 I   -1 -2 -2 -2 -1 -2 -2 -3 -2  4  2 -2  1  0 -2 -2 -1 -2 -1  2    2   1   1   1   0   1   1   1   0  63  21   1   0   1   1   1   1   0   1   1  0.24 inf
   48 N   -1 -1  5  0 -2  0 -1 -1  1 -2 -2 -1 -2  0 -2  0  0 -1  3 -2    2   1  63   1   0   1   1   1   0   1   2   1   0   1   1   1   1   0  19   1  0.41 inf
   49 N   -1 -1  3  0 -2 -1 -1  2 -1 -2 -3 -1 -2 -3  5  0 -1 -3 -2 -2    2   1  28   1   0   1   1  20   0   1   2   1   0   1  36   1   1   0   1   1  0.60 inf
   50 T    0 -1  0 -1 -1 -1 -1  2 -2 -1 -1 -1 -1 -2 -1  1  4 -2 -2 -1    2   1   1   1   0   1   1  20   0   1   2   1   0   1   1   1  63   0   1   1  0.31 inf
   51 E   -1  2  0  0 -3  1  3 -2  4 -3 -2  2 -1 -2 -1  0 -1 -2 -1 -2    1  18   1   1   0   1  28   1  20   1   2  20   0   1   1   1   1   0   1   1  0.32 inf
   52 K   -1  3  0 -1 -3  1  0  2 -1 -3 -3  4 -2 -3 -2  0 -1 -3 -2 -3    0  18   0   0   0   0   0  20   0   0   0  63   0   0   0   0   0   0   0   0  0.46 inf
   53 N   -1  0  3  1 -2  1  2 -1  4 -2 -2  0 -1 -2 -1  0  0 -2  0 -2    3   2  29   2   1   2  22   3  19   2   3   2   1   1   2   3   2   0   1   2  0.24 inf
   54 C    1 -3 -1 -2  6 -2 -2  4 -2 -3 -3 -2 -2 -3 -2  0 -1 -3 -3 -2   19   0   0   0  27   0   0  54   0   0   0   0   0   0   0   0   0   0   0   0  0.64 inf
   55 N   -2 -1  6  1 -3  0 -1 -1  0 -4 -4  0 -3 -3 -2  0  0 -4 -2 -3    0   0 100   0   0   0   0   0   0   0   0   0   0   0   0   0   0   0   0   0  0.90 inf
   56 G    0 -3 -1 -2 -3 -2 -2  6 -2 -4 -4 -2 -3 -4 -2 -1 -2 -3 -3 -4    0   0   0   0   0   0   0 100   0   0   0   0   0   0   0   0   0   0   0   0  1.15 inf
   57 V    0 -3 -3 -4 -1 -3 -3 -4 -4  2  1 -3  1 -1 -3 -2  0 -3 -1  5    0   0   0   0   0   0   0   0   0   0   0   0   0   0   0   0   0   0   0 100  0.46 inf
   58 V   -1  1 -1 -1 -3  1  0 -2 -1  0 -1  4 -1 -3 -2 -1 -1 -3 -2  1    0   0   0   0   0   0   0   0   0   0   0  73   0   0   0   0   0   0   0  27  0.33 inf
   59 P   -1 -3 -2 -2 -3 -2 -1 -3 -3 -3 -3 -1 -3 -4  8 -1 -1 -4 -3 -3    0   0   0   0   0   0   0   0   0   0   0   0   0   0 100   0   0   0   0   0  2.16 inf
   60 I   -2 -3 -4 -4 -2 -3 -4 -4 -4  5  1 -3  1  0 -3 -3 -1 -3 -2  2    0   0   0   0   0   0   0   0   0 100   0   0   0   0   0   0   0   0   0   0  0.52 inf
   61 K   -1  2  0 -1 -3  1  1 -2 -1 -3 -3  5 -2 -3 -1  0 -1 -3 -2 -3    0   0   0   0   0   0   0   0   0   0   0 100   0   0   0   0   0   0   0   0  0.65 inf
   62 E   -1 -1  2  3 -4  1  4 -2  0 -4 -3  0 -2 -4 -2  0 -1 -4 -2 -3    0   0  17  19   0   0  64   0   0   0   0   0   0   0   0   0   0   0   0   0  0.64 inf
   63 L    1 -1 -2 -1 -1  0  1 -2 -2  1  2 -1  1 -1 -1 -1 -1 -2 -1  1   19   1   1   1   0   1  18   1   0  20  29   1   0   1   1   1   1   0   1   1  0.08 inf
   64 C    0 -3 -2 -3  8 -2 -3 -2 -3 -1  1 -2 -1 -2 -3  1 -1 -3 -2 -1    0   0   0   0  62   0   0   0   0   0  20   0   0   0   0  19   0   0   0   0  0.72 inf
   65 Y   -2 -2 -2 -3 -2 -1 -2 -3  0  0  1 -2  5  2 -3 -2 -1  1  5  0    0   0   0   0   0   0   0   0   0   0   0   0  54   0   0   0   0   0  46   0  0.51 inf
   66 T    0 -1 -1 -1 -2  0  1 -2 -2  1  0 -1  2 -2 -2  1  2 -3 -2  0    0   0   0   0   0   0  17   0   0  18   0   0  19   0   0  20  27   0   0   0  0.15 inf
   67 L    1  2 -1 -2 -2  0 -1 -2  3  0  2  0  3 -1 -2 -1 -1 -2 -1  0   18  20   0   0   0   0   0   0  17   0  27   0  19   0   0   0   0   0   0   0  0.15 inf
   68 L   -2 -2 -2 -3 -2 -2 -2 -4  3  2  3 -2  1  0 -3 -2 -1 -2  0  1    0   0   0   0   0   0   0   0  19  20  62   0   0   0   0   0   0   0   0   0  0.32 inf
   69 E   -1  3  0  0 -3  3  3 -2  0 -2 -2  2 -1 -2 -1  0 -1 -2 -1 -2    2  19   1   1   0  20  28   1   0   1   2  18   0   1   1   1   1   0   1   1  0.34 inf
   70 D   -1  0  1  4 -2  3  1 -1  0 -2 -2  0 -1 -2 -1  0 -1 -2 -2 -2    2   2   1  42   1  30   2   2   1   2   3   2   1   1   2   2   2   0   1   2  0.37 inf
   71 T    0 -1 -1 -1 -2  2  1 -2 -1 -1  0  0 -1 -2  3  1  2 -3 -2 -1    0   0   0   0   0  15  15   0   0   0  15   0   0   0  16  14  26   0   0   0  0.28 inf
   72 Y   -1 -1  2 -1 -2 -1 -1 -2  3 -1  0 -1  0  3 -3  0 -1  0  4 -1    0   0  15   0   0   0   0   0  15   0  16   0   0  15   0  14   0   0  26   0  0.24 inf
   73 N   -1 -2  3  2 -3 -1 -1  5 -1 -4 -4 -1 -3 -3 -2  0 -1 -3 -3 -3    0   0  26  16   0   0   0  58   0   0   0   0   0   0   0   0   0   0   0   0  0.67 inf
   74 W   -3 -3 -4 -5 -3 -2 -3 -3 -3 -3 -2 -4 -2  1 -4 -3 -3 11  2 -3    0   0   0   0   0   0   0   0   0   0   0   0   0   0   0   0   0 100   0   0  2.69 inf
   75 Y   -2  3 -1 -2 -3  2  0 -3  3  0 -1  0 -1  0 -3 -1 -1 -1  4 -1    0  29   0   0   0  16   0   0  15  15   0   0   0   0   0   0   0   0  26   0  0.29 inf
   76 R   -2  4 -2 -3 -2 -1 -2 -3 -2  0  3  0  1 -1 -3 -2 -1 -2 -2  0    0  42   0   0   0   0   0   0   0   0  58   0   0   0   0   0   0   0   0   0  0.33 inf
   77 E   -1  0 -1  1 -4  2  6 -3  0 -4 -3  1 -2 -4 -1  0 -1 -3 -2 -3    0   0   0   0   0   0 100   0   0   0   0   0   0   0   0   0   0   0   0   0  0.87 inf
   78 K   -1  0 -1 -1 -2  0  0  1 -1 -2 -2  3 -1 -1 -2  0  2 -1  2 -2    0   0   0   0   0   0   0  16   0   0   0  40   0   0   0   0  29   0  15   0  0.24 inf
   79 P   -1  3 -1 -1 -3  0  0 -2 -1 -3 -3  2 -2 -3  5  1 -1 -3 -2 -3    0  29   0   0   0   0   0   0   0   0   0  15   0   0  40  16   0   0   0   0  0.75 inf
   80 I   -1 -3 -4 -4 -1 -2 -3 -4 -3  2  3 -3  2  0 -3 -2 -1 -2 -1  2    0   0   0   0   0   0   0   0   0  13  58   0   0   0   0   0   0   0   0  29  0.38 inf
   81 D   -2  2  2  5 -3  0  1 -2 -1 -3 -3  0 -2 -3 -2  0  1 -4 -3 -3    0  16  15  55   0   0   0   0   0   0   0   0   0   0   0   0  15   0   0   0  0.54 inf
   82 V   -1 -3 -3 -3 -1 -2 -3 -4 -2  3  1 -3  0  0 -3 -2 -1 -2  2  4    0   0   0   0   0   0   0   0   0  15   0   0   0   0   0   0   0   0  15  71  0.35 inf
   83 Y    2 -1 -2 -2 -2 -1 -1 -2 -1 -2 -2  1 -2  0  5  0 -1 -1  3 -1   29   0   0   0   0   0   0   0   0   0   0  15   0   0  31   0   0   0  26   0  0.50 inf
   84 K    1  0 -1 -1 -2  0 -1  1 -2  0 -1  2 -1 -2 -2  0  2 -3 -2  0   15   0   0   0   0   0   0  16   0  15   0  26   0   0   0   0  29   0   0   0  0.15 inf
   85 E   -1  0  0  4 -3  1  4 -2 -1 -1 -2  1 -2 -3 -2 -1 -1 -4 -2  0    0   0   0  29   0   0  42   0   0   0   0  15   0   0   0   0   0   0   0  14  0.41 inf
   86 F    1  1 -2 -2 -2 -1 -2 -2 -2  1  0 -1  2  3 -2  1 -1 -1  0  0   15  14   0   0   0   0   0   0   0  16   0   0  15  26   0  15   0   0   0   0  0.11 inf
   87 I   -1  1 -2 -2 -2 -1 -1 -3 -2  2  1  1  0 -1  3 -2 -1 -3 -2  1    0  14   0   0   0   0   0   0   0  26  16  15   0   0  15   0   0   0   0  15  0.19 inf
   88 E   -1 -2 -2 -1 -3  0  2  1 -1 -2  0 -1 -1 -1  4 -1 -1 -1  2 -2    0   0   0   0   0   0  26  15   0   0  15   0   0   0  29   0   0   0  16   0  0.40 inf
   89 N    0 -1  3  0 -3  0 -1  3 -1 -3 -3  1 -2 -3  3  1  0 -3 -3 -3    0   0  26   0   0   0   0  29   0   0   0  15   0   0  15  16   0   0   0   0  0.42 inf
   90 S    0 -2 -1  1 -1 -1 -1 -2 -2  1  1 -2  0 -1 -2  1  0 -3 -2  2    0   0   0  15   0   0   0   0   0   0  16   0   0   0   0  26   0   0   0  44  0.14 inf
   91 E    1 -1  2  2 -3  1  3 -1 -1 -3 -3  0 -2 -3 -1  1  0 -3 -2 -2   15   0  14  15   0   0  42   0   0   0   0   0   0   0   0  15   0   0   0   0  0.40 inf
   92 L    1 -2 -1  1 -2 -2 -1  3 -2  0  1 -2  0 -2 -2 -1 -1 -3 -2  1   15   0   0  15   0   0   0  30   0   0  26   0   0   0   0   0   0   0   0  15  0.17 inf
   93 K   -1  3  0 -1 -3  1  0 -2  3 -3 -3  4 -2 -3 -2  0  1 -3 -1 -2    0  14   0   0   0   0   0   0  16   0   0  55   0   0   0   0  15   0   0   0  0.40 inf
   94 R   -1  3  2 -1 -3  0 -1 -2  0 -1  1  2  2  0 -2 -1 -1 -1  2 -1    0  26  16   0   0   0   0   0   0   0  14  15  15   0   0   0   0   0  15   0  0.18 inf
   95 V   -1 -3 -3 -4 -2 -3 -3 -4 -3  3  1 -3  1  4 -3 -2 -1 -1  1  3    0   0   0   0   0   0   0   0   0  30   0   0   0  29   0   0   0   0   0  40  0.34 inf
   96 G    2 -2 -1 -2  4 -2 -2  5 -2 -3 -3 -2 -2 -3 -2  0 -1 -3 -3 -2   30   0   0   0  14   0   0  56   0   0   0   0   0   0   0   0   0   0   0   0  0.59 inf
   97 M   -1 -2 -3 -4 -1 -2 -3 -4 -3  2  3 -2  4  0 -3 -2 -1 -2 -1  2    0   0   0   0   0   0   0   0   0  16  29   0  26   0   0   0   0   0   0  29  0.32 inf
   98 E   -1  0 -1  1 -4  2  6 -3  0 -4 -3  1 -2 -4 -1  0 -1 -3 -2 -3    0   0   0   0   0   0 100   0   0   0   0   0   0   0   0   0   0   0   0   0  0.87 inf
   99 F   -3 -3 -4 -5 -3 -3 -3 -3 -2 -2 -1 -4 -1  4 -4 -3 -3 11  2 -3    0   0   0   0   0   0   0   0   0   0   0   0   0  26   0   0   0  74   0   0  1.92 inf
  100 E   -1  0 -1  1 -4  2  6 -3  0 -4 -3  1 -2 -4 -1  0 -1 -3 -2 -3    0   0   0   0   0   0 100   0   0   0   0   0   0   0   0   0   0   0   0   0  0.87 inf
  101 T    0 -1  0 -1 -1 -1 -1 -2 -2 -1 -2 -1 -1 -3 -1  1  5 -3 -2  0    0   0   0   0   0   0   0   0   0   0   0   0   0   0   0   0 100   0   0   0  0.63 inf
  102 G    0 -2 -1 -1 -3 -1  1  6 -2 -4 -4 -1 -3 -4 -2  0 -2 -3 -3 -3    0   0   0   0   0   0  15  85   0   0   0   0   0   0   0   0   0   0   0   0  0.91 inf
  103 N   -2 -1  7  1 -3  0 -1 -1  0 -4 -4  0 -3 -3 -2  0  0 -4 -2 -3    0   0 100   0   0   0   0   0   0   0   0   0   0   0   0   0   0   0   0   0  0.91 inf
  104 I   -1 -3 -4 -4 -1 -3 -3 -4 -4  5  1 -3  1  0 -3 -3 -1 -3 -2  3    0   0   0   0   0   0   0   0   0  84   0   0   0   0   0   0   0   0   0  16  0.47 inf
  105 S    2 -1  0 -1 -1  0  0  0 -1 -3 -3 -1 -2 -3 -1  4  1 -3 -2 -2   15   0   0   0   0   0   0   0   0   0   0   0   0   0   0  85   0   0   0   0  0.49 inf
  106 S    1 -1  0 -1 -1  0  0 -1 -1 -3 -3  0 -2 -3 -1  5  1 -3 -2 -2    0   0   0   0   0   0   0   0   0   0   0   0   0   0   0 100   0   0   0   0  0.57 inf
  107 A    2 -1  0 -1 -1  0 -1  0 -1 -2 -2 -1 -2 -3 -1  4  1 -3 -2 -1   26   0   0   0   0   0   0   0   0   0   0   0   0   0   0  74   0   0   0   0  0.45 inf
  108 H   -2 -1  0 -2 -4  0  0 -3  9 -4 -3 -1 -2 -2 -3 -1 -2 -3  1 -4    0   0   0   0   0   0   0   0 100   0   0   0   0   0   0   0   0   0   0   0  1.18 inf
  109 R   -2  6 -1 -2 -4  1  0 -3 -1 -3 -3  2 -2 -3 -3 -1 -1 -3 -2 -3    0 100   0   0   0   0   0   0   0   0   0   0   0   0   0   0   0   0   0   0  0.92 inf
  110 S    4 -1 -1 -2 -1 -1 -1  0 -2 -2 -2 -1 -1 -3 -1  2  0 -3 -2 -1   74   0   0   0   0   0   0   0   0   0   0   0   0   0   0  26   0   0   0   0  0.42 inf
  111 M   -1 -3 -3 -3 -1 -2 -3 -4 -3  4  1 -2  3  0 -3 -2 -1 -3 -1  3    0   0   0   0   0   0   0   0   0  45   0   0  26   0   0   0   0   0   0  29  0.36 inf
  112 N   -2 -1  7  1 -3  0 -1 -1  0 -4 -4  0 -3 -3 -2  0  0 -4 -2 -3    0   0 100   0   0   0   0   0   0   0   0   0   0   0   0   0   0   0   0   0  0.91 inf
  113 K   -1  2  0 -1 -3  1  1 -2 -1 -3 -3  5 -2 -4 -1  0 -1 -3 -2 -3    0   0   0   0   0   0   0   0   0   0   0 100   0   0   0   0   0   0   0   0  0.66 inf
  114 L   -1 -2 -3 -4 -2 -1 -3 -3 -2  1  3 -2  6  0 -3 -2 -1 -2 -1  1    0   0   0   0   0   0   0   0   0   0  40   0  60   0   0   0   0   0   0   0  0.46 inf
  115 L    1 -2 -3 -3 -1 -2 -3 -3 -3  2  3 -2  1  0 -3 -2 -1 -2 -1  2   14   0   0   0   0   0   0   0   0  15  42   0   0   0   0   0   0   0   0  29  0.26 inf
  116 L   -1 -2 -4 -4 -1 -2 -3 -4 -3  2  4 -3  2  0 -3 -3 -1 -2 -1  2    0   0   0   0   0   0   0   0   0   0  85   0   0   0   0   0   0   0   0  15  0.47 inf
  117 G    0 -3 -1 -2 -3 -2 -2  6 -2 -4 -4 -2 -3 -4 -2 -1 -2 -3 -3 -4    0   0   0   0   0   0   0 100   0   0   0   0   0   0   0   0   0   0   0   0  1.16 inf
  118 L   -1 -2 -3 -4 -2 -2 -3 -4 -3  3  3 -2  4  0 -3 -2 -1 -2 -1  1    0   0   0   0   0   0   0   0   0  30  40   0  29   0   0   0   0   0   0   0  0.38 inf
  119 K   -1  0 -1  1 -2 -1 -1 -3 -2  0  3  2  1 -1 -2 -2 -1 -2 -2  0    0   0   0  16   0   0   0   0   0   0  58  26   0   0   0   0   0   0   0   0  0.19 inf
  120 H   -1  3  2  0 -3  1  2 -2  5 -3 -3  2 -2 -3 -2 -1 -1 -3 -1 -3    0  31  15   0   0   0  15   0  26   0   0  14   0   0   0   0   0   0   0   0  0.43 inf
  121 G    0  1  0  2 -3 -1 -1  5 -2 -4 -4 -1 -3 -3 -2 -1 -2 -3 -3 -3    0  15   0  14   0   0   0  71   0   0   0   0   0   0   0   0   0   0   0   0  0.71 inf
  122 E   -1 -1 -2 -1 -2  0  2 -3 -2  2  1  1  0 -1 -2 -1 -1 -3 -2  2    0   0   0   0   0   0  26   0   0  14  16  15   0   0   0   0   0   0   0  29  0.14 inf
  123 I   -2 -3 -4 -4 -2 -3 -3 -4 -3  3  3 -3  1  2 -3 -3 -1 -2  0  1    0   0   0   0   0   0   0   0   0  40  45   0   0  15   0   0   0   0   0   0  0.37 inf
  124 D   -1 -2 -1  3 -2 -2 -1 -2 -2  3  1 -2  0 -1 -2  0 -1 -3 -2  1    0   0   0  26   0   0   0   0   0  44  15   0   0   0   0  16   0   0   0   0  0.17 inf
  125 L    0 -3 -1 -2 -2 -2 -3  4 -3  0  1 -2  0 -2 -3 -1 -1 -3 -2  1    0   0   0   0   0   0   0  58   0   0  26   0   0   0   0   0   0   0   0  16  0.43 inf
  126 A    3 -2 -1 -2 -2 -2 -2  5 -2 -3 -3 -1 -2 -3 -2  0 -1 -3 -3 -2   40   0   0   0   0   0   0  60   0   0   0   0   0   0   0   0   0   0   0   0  0.64 inf
  127 I    1 -3 -3 -3 -1 -3 -3 -3 -3  4  1 -3  1 -1 -3 -2 -1 -3 -2  3   15   0   0   0   0   0   0   0   0  71   0   0   0   0   0   0   0   0   0  14  0.34 inf
  128 I   -2 -3 -4 -4 -1 -3 -3 -4 -3  3  4 -3  2  0 -3 -3 -1 -2 -1  1    0   0   0   0   0   0   0   0   0  26  74   0   0   0   0   0   0   0   0   0  0.46 inf
  129 L   -1 -3 -4 -4 -1 -3 -3 -4 -3  4  2 -3  1  0 -3 -3 -1 -3 -1  3    0   0   0   0   0   0   0   0   0  60  26   0   0   0   0   0   0   0   0  15  0.40 inf
  130 M   -1 -2 -3 -4 -1 -2 -3 -4 -3  2  3 -2  4  0 -3 -2 -1 -2 -1  2    0   0   0   0   0   0   0   0   0   0  58   0  26   0   0   0   0   0   0  16  0.39 inf
  131 P   -1 -3 -2 -2 -3 -2 -1 -3 -3 -3 -3 -1 -3 -4  8 -1 -1 -4 -3 -3    0   0   0   0   0   0   0   0   0   0   0   0   0   0 100   0   0   0   0   0  2.17 inf
  132 I    0 -2 -1 -1 -1 -1 -1 -2 -2  2  0 -1  0 -2 -2  3  2 -3 -2  2    0   0   0   0   0   0   0   0   0  26   0   0   0   0   0  44  14   0   0  16  0.19 inf
  133 K   -1  5 -1 -1 -4  1  0 -2 -1 -3 -3  4 -2 -3 -2 -1 -1 -3 -2 -3    0  58   0   0   0   0   0   0   0   0   0  42   0   0   0   0   0   0   0   0  0.66 inf
  134 Q    1  1  2  0 -3  3  2 -1  0 -3 -3  3 -1 -3 -1  0 -1 -3 -2 -2   15   0  16   0   0  26  15   0   0   0   0  29   0   0   0   0   0   0   0   0  0.35 inf
  135 L   -2 -2 -3 -4 -2 -1 -3 -3 -2  1  3 -2  5  2 -3 -2 -1 -1  0  0    0   0   0   0   0   0   0   0   0   0  37   0  50  14   0   0   0   0   0   0  0.39 inf
  136 A    2 -2 -2 -3 -2 -1 -2 -2  1 -2 -1 -2 -1  2 -2 -1 -1  1  6 -1   38   0   0   0   0   0   0   0   0   0   0   0   0   0   0   0   0   0  62   0  0.53 inf
  137 Y    0  0  3  2 -3  2  0 -1  0 -2 -2  1 -2  0 -2  0 -1 -1  3 -2   12   0  24  13   0  14   0   0   0   0   0  13   0   0   0   0   0   0  24   0  0.25 inf
  138 Y   -2 -2 -3 -4 -3 -2 -2 -4  1 -2 -1 -2 -1  3 -3 -2 -2  2  8 -2    0   0   0   0   0   0   0   0   0   0   0   0   0   0   0   0   0   0 100   0  1.10 inf
  139 L   -2 -2 -4 -4 -2 -2 -3 -4 -3  1  4 -3  2  0 -3 -3 -1 -2 -1  1    0   0   0   0   0   0   0   0   0   0 100   0   0   0   0   0   0   0   0   0  0.55 inf
  140 T    0 -1  0 -1 -1 -1 -1 -2 -2 -1 -2 -1 -1 -2 -1  1  5 -3 -2  0    0   0   0   0   0   0   0   0   0   0   0   0   0   0   0   0 100   0   0   0  0.61 inf
  141 D   -2 -2  1  6 -4 -1  1 -2 -1 -4 -4 -1 -3 -4 -2 -1 -1 -5 -3 -4    0   0   0 100   0   0   0   0   0   0   0   0   0   0   0   0   0   0   0   0  1.08 inf
  142 R   -2  6 -1 -2 -4  1  0 -3 -1 -3 -3  2 -2 -3 -2 -1 -1 -3 -2 -3    0 100   0   0   0   0   0   0   0   0   0   0   0   0   0   0   0   0   0   0  0.91 inf
  143 V   -1 -3 -3 -3 -1 -3 -3 -4 -4  4  1 -3  1 -1 -3 -2 -1 -3 -1  4    0   0   0   0   0   0   0   0   0  50   0   0   0   0   0   0   0   0   0  50  0.41 inf
  144 T    0 -2 -1 -1 -2 -2 -2  5 -2 -3 -3 -2 -2 -3 -2  0  2 -3 -3 -2    0   0   0   0   0   0   0  76   0   0   0   0   0   0   0   0  24   0   0   0  0.76 inf
  145 N   -2 -1  6  1 -3  0 -1 -1  0 -4 -4  0 -3 -3 -2  0  0 -4 -2 -3    0   0 100   0   0   0   0   0   0   0   0   0   0   0   0   0   0   0   0   0  0.90 inf
  146 F   -2 -3 -3 -4 -3 -3 -3 -3  0 -1  0 -3  0  6 -4 -3 -2  1  5 -1    0   0   0   0   0   0   0   0   0   0   0   0   0  75   0   0   0   0  25   0  0.82 inf
  147 E   -1  2 -1  0 -3  2  4 -2 -1 -2  0  1 -1 -3 -2  0  1 -3 -2 -2    0  13   0   0   0  12  50   0   0   0  12   0   0   0   0   0  13   0   0   0  0.36 inf
  148 E   -1  0 -1  1 -4  2  6 -2  0 -4 -3  1 -2 -4 -1  0 -1 -3 -2 -3    0   0   0   0   0   0 100   0   0   0   0   0   0   0   0   0   0   0   0   0  0.86 inf
  149 L   -2 -3 -4 -4 -2 -2 -3 -4 -3  2  4 -3  2  0 -3 -3 -1 -2 -1  1    0   0   0   0   0   0   0   0   0  13  87   0   0   0   0   0   0   0   0   0  0.49 inf
  150 E    0  0  0  1 -3  1  4 -2 -1 -3 -3  2 -2 -3 -1  2  0 -3 -2 -2    0   0   0   0   0   0  63   0   0   0   0  12   0   0   0  25   0   0   0   0  0.52 inf
  151 P   -1 -3 -2 -2 -3 -2 -1 -3 -3 -3 -3 -1 -3 -4  8 -1 -1 -4 -3 -3    0   0   0   0   0   0   0   0   0   0   0   0   0   0 100   0   0   0   0   0  2.16 inf
  152 Y   -2 -2 -3 -4 -3 -2 -2 -4  1 -2 -1 -2 -1  3 -3 -2 -2  2  8 -2    0   0   0   0   0   0   0   0   0   0   0   0   0   0   0   0   0   0 100   0  1.10 inf
  153 F   -3 -3 -3 -4 -3 -4 -4 -4 -2  0  0 -4  0  7 -4 -3 -2  1  3 -1    0   0   0   0   0   0   0   0   0   0   0   0   0 100   0   0   0   0   0   0  0.94 inf
  154 E   -1 -1  0  4 -3  0  3 -2 -1 -3 -3  0 -3 -4  4  1 -1 -4 -3 -3    0   0   0  38   0   0  24   0   0   0   0   0   0   0  26  12   0   0   0   0  0.66 inf
  155 L    0 -2 -3 -3 -1 -2 -3 -3 -3  2  3 -2  1  0 -3 -2 -1 -2 -1  2   12   0   0   0   0   0   0   0   0  12  49   0   0   0   0   0   0   0   0  27  0.28 inf
  156 T   -2 -3 -3 -4 -2 -2 -3 -3 -3 -2 -2 -3 -2  0 -3 -1  2 11  1 -2    0   0   0   0   0   0   0   0   0   0   0   0   0   0   0   0  24  76   0   0  1.78 inf
  157 E   -1  2  0  0 -4  1  4 -2 -1 -3 -3  3 -2 -3 -1  0 -1 -3 -2 -3    0  13   0   0   0   0  50   0   0   0   0  37   0   0   0   0   0   0   0   0  0.54 inf
  158 G    0 -1  0 -1 -2 -1 -1  4 -2 -3 -3  1 -2 -3 -2  2  0 -3 -3 -3    0   0   0   0   0   0   0  50   0   0   0  13   0   0   0  37   0   0   0   0  0.51 inf
  159 Q    1 -1 -2 -2 -2  2 -1 -2 -1  0  1 -1  0  3 -2 -1 -1 -1  0 -1   27   0   0   0   0  24   0   0   0   0  24   0   0  24   0   0   0   0   0   0  0.15 inf
  160 P   -2 -2  1 -2 -2 -2 -2 -3 -2  1  2 -2  1  2  4 -2 -1 -2 -1  0    0   0  13   0   0   0   0   0   0  13  38   0   0  12  24   0   0   0   0   0  0.32 inf
  161 F   -2 -2 -3 -3 -2 -2 -3  0 -1  0  2 -3  0  4 -3 -2 -2  0  4  0    0   0   0   0   0   0   0  12   0   0  37   0   0  24   0   0   0   0  27   0  0.33 inf
  162 I    1 -2 -2 -2 -1 -2 -2 -2 -2  3  1 -2  2 -1 -2  0  0 -3 -2  1   25   0   0   0   0   0   0   0   0  50   0   0  13   0   0  12   0   0   0   0  0.18 inf
  163 F   -1 -2 -3 -3 -1 -2 -2 -3 -2  2  1 -2  0  4 -2 -2 -1 -1  1  2    1   1   1   1   0   1   1   1   0  12   1   1   0  37   1   1   1   0   0  39  0.25 inf
  164 I   -1 -3 -3 -4 -1 -3 -3 -4 -3  4  2 -3  1  0 -3 -2 -1 -3 -1  3    0   0   0   0   0   0   0   0   0  61  14   0   0   0   0   0   0   0   0  25  0.40 inf
  165 G    2 -1 -1  0 -2  0  2  4 -1 -2 -2 -1 -2 -3 -1  0 -1 -2 -2 -2   25   1   1   1   0   1  26  39   0   1   1   1   0   0   1   1   1   0   0   1  0.36 inf
  166 F   -2 -3 -4 -4 -2 -3 -4 -4 -3  4  1 -3  1  3 -3 -3 -1 -2  0  2    0   0   0   0   0   0   0   0   0  76   0   0   0  24   0   0   0   0   0   0  0.41 inf
  167 N   -1  0  3  1 -4  1  5 -2  0 -4 -3  0 -2 -4 -2  0 -1 -3 -2 -3    0   0  24   0   0   0  76   0   0   0   0   0   0   0   0   0   0   0   0   0  0.67 inf
  168 A    1 -1  0 -2 -2  0 -1 -2  8 -3 -3 -1 -2 -2 -2 -1 -2 -3  1 -2   24   0   0   0   0   0   0   0  76   0   0   0   0   0   0   0   0   0   0   0  0.73 inf
  169 E   -2 -1  1  6 -4  0  3 -2 -1 -4 -4  0 -3 -4 -2  0 -1 -4 -3 -3    0   0   0  76   0   0  24   0   0   0   0   0   0   0   0   0   0   0   0   0  0.86 inf
  170 A    2 -1 -1 -1 -1  1 -1  1 -2 -1 -1 -1 -1 -2 -1  1  2 -3 -2  0   24   0   0   0   0  12   0  12   0   0   0   0   0   0   0  13  26   0   0  13  0.19 inf
  171 Y   -1 -2 -2 -3 -2 -2 -3 -3 -1  2  2 -2  1  1 -3 -1  1 -1  3  2    0   0   0   0   0   0   0   0   0  24  26   0   0   0   0   0  14   0  24  12  0.24 inf
  172 N   -1 -1  3  4 -2  0  0 -1 -1 -3 -3 -1 -2 -3 -2  2  1 -4 -2 -2    0   0  24  37   0   0   0   0   0   0   0   0   0   0   0  26  13   0   0   0  0.46 inf
  173 S    2  0  0 -1 -1  2  0 -1  3 -2 -2  1 -1 -2 -1  2  1 -3 -1 -1   25   0   0   0   0  12   0   0  13   0   0  12   0   0   0  24  14   0   0   0  0.24 inf
  174 N   -1 -1  4  3 -2  0  0 -1 -1 -3 -3 -1 -2 -3 -2  2  1 -4 -2 -2    0   0  37  25   0   0   0   0   0   0   0   0   0   0   0  26  13   0   0   0  0.45 inf
  175 V    1 -2 -2 -2 -1 -1  1 -2 -2  1  0 -1  0 -2 -2  0  0 -3 -2  3   14   0   0   0   0   0  13   0   0   0   0   0   0   0   0  12   0   0   0  61  0.18 inf
  176 P   -1 -2 -2 -1 -3 -1  1 -2 -2 -3 -3 -1 -3 -4  7  1 -1 -4 -3 -3    0   0   0   0   0   0  12   0   0   0   0   0   0   0  75  13   0   0   0   0  1.47 inf
  177 L   -1  2 -2 -3 -2 -1 -2 -3 -2  1  3  0  1 -1 -3 -1  1 -2 -1  0    0  26   0   0   0   0   0   0   0   0  62   0   0   0   0   0  12   0   0   0  0.25 inf
  178 I   -2 -3 -4 -4 -2 -3 -4 -4 -3  5  1 -3  1  2 -3 -3 -1 -2  0  2    0   0   0   0   0   0   0   0   0  86   0   0   0  14   0   0   0   0   0   0  0.43 inf
  179 P   -1 -1 -1 -1 -3  2  0 -2 -2 -3 -3  1 -2 -4  6  0  1 -3 -3 -2    0   0   0   0   0  14   0   0   0   0   0  13   0   0  61   0  12   0   0   0  1.11 inf
  180 K   -1  2  0 -1 -3  1  1 -2 -1 -3 -3  5 -2 -4 -1  0 -1 -3 -2 -3    0   0   0   0   0   0   0   0   0   0   0 100   0   0   0   0   0   0   0   0  0.65 inf
  181 G    0 -3 -1 -2 -3 -2 -2  6 -2 -4 -4 -2 -3 -4 -2 -1 -2 -3 -3 -4    0   0   0   0   0   0   0 100   0   0   0   0   0   0   0   0   0   0   0   0  1.15 inf
  182 S    0 -1  2 -1 -1 -1 -1 -1 -1 -2 -2 -1 -1 -3 -1  2  4 -3 -2 -1    0   0  14   0   0   0   0   0   0   0   0   0   0   0   0  24  62   0   0   0  0.42 inf
  183 D   -2 -2  1  6 -4 -1  1 -2 -1 -4 -4 -1 -3 -4 -2 -1 -1 -5 -3 -4    0   0   0 100   0   0   0   0   0   0   0   0   0   0   0   0   0   0   0   0  1.08 inf
  184 G    0 -3 -1 -2 -3 -2 -2  6 -2 -4 -4 -2 -3 -4 -2 -1 -2 -3 -3 -4    0   0   0   0   0   0   0 100   0   0   0   0   0   0   0   0   0   0   0   0  1.15 inf
  185 M   -2  5 -1 -2 -3  0 -1 -3 -1 -2 -1  1  3 -1 -3 -1 -1  5 -1 -2    0  63   0   0   0   0   0   0   0   0   0   0  24   0   0   0   0  12   0   0  0.53 inf
  186 S    4 -1 -1 -2 -1 -1 -1  0 -2 -2 -2 -1 -1 -3 -1  2  0 -3 -2 -1   76   0   0   0   0   0   0   0   0   0   0   0   0   0   0  24   0   0   0   0  0.42 inf
  187 K   -1  0 -1 -1 -2  0  2 -3 -1  0  2  2  0 -1 -2 -1 -1 -2 -2 -1    0   0   0   0   0   0  21   0   0   0  43  36   0   0   0   0   0   0   0   0  0.18 inf
  188 R   -2  6 -1 -2 -4  1  0 -3  0 -3 -2  2 -2 -3 -2 -1 -1 -3 -2 -3    0 100   0   0   0   0   0   0   0   0   0   0   0   0   0   0   0   0   0   0  0.78 inf
  189 S    1 -1  1  0 -1  0  0  0 -1 -2 -3  0 -2 -3 -1  4  1 -3 -2 -2    0   0   0   0   0   0   0   0   0   0   0   0   0   0   0 100   0   0   0   0  0.45 inf
  190 I   -1 -3 -3 -3 -1 -3 -3 -4 -3  4  2 -3  1  0 -3 -2 -1 -3 -1  3    0   0   0   0   0   0   0   0   0 100   0   0   0   0   0   0   0   0   0   0  0.38 inf
  191 K   -1  2  0 -1 -3  1  1 -2 -1 -3 -3  5 -1 -3 -1  0 -1 -3 -2 -2    0   0   0   0   0   0   0   0   0   0   0 100   0   0   0   0   0   0   0   0  0.51 inf
  192 K   -1  2  0 -1 -3  1  1 -2 -1 -3 -3  5 -1 -3 -1  0 -1 -3 -2 -2    0   0   0   0   0   0   0   0   0   0   0 100   0   0   0   0   0   0   0   0  0.51 inf
  193 W   -3 -3 -4 -4 -2 -2 -3 -3 -2 -3 -2 -3 -2  1 -4 -3 -3 11  2 -3    0   0   0   0   0   0   0   0   0   0   0   0   0   0   0   0   0 100   0   0  2.29 inf
  194 K   -1  2  0 -1 -3  1  1 -2 -1 -3 -3  5 -1 -3 -1  0 -1 -3 -2 -2    0   0   0   0   0   0   0   0   0   0   0 100   0   0   0   0   0   0   0   0  0.51 inf
  195 D   -2 -2  1  6 -4  0  2 -1 -1 -3 -4 -1 -3 -4 -2  0 -1 -4 -3 -3    0   0   0 100   0   0   0   0   0   0   0   0   0   0   0   0   0   0   0   0  0.92 inf
  196 K   -1  2  0 -1 -3  1  1 -2 -1 -3 -3  5 -1 -3 -1  0 -1 -3 -2 -2    0   0   0   0   0   0   0   0   0   0   0 100   0   0   0   0   0   0   0   0  0.51 inf
  197 V    0 -3 -3 -3 -1 -2 -3 -3 -3  3  1 -2  1 -1 -2 -2  0 -3 -1  4    0   0   0   0   0   0   0   0   0   0   0   0   0   0   0   0   0   0   0 100  0.34 inf
  198 E   -1  0  0  2 -4  2  5 -2  0 -3 -3  1 -2 -3 -1  0 -1 -3 -2 -3    0   0   0   0   0   0 100   0   0   0   0   0   0   0   0   0   0   0   0   0  0.73 inf
  199 N   -2  0  6  1 -3  0  0  0  1 -3 -4  0 -2 -3 -2  1  0 -4 -2 -3    0   0 100   0   0   0   0   0   0   0   0   0   0   0   0   0   0   0   0   0  0.72 inf
  200 K   -1  2  0 -1 -3  1  1 -2 -1 -3 -3  5 -1 -3 -1  0 -1 -3 -2 -2    0   0   0   0   0   0   0   0   0   0   0 100   0   0   0   0   0   0   0   0  0.51 inf

                      K         Lambda
Standard Ungapped    0.1340     0.3151
Standard Gapped      0.0400     0.2670
PSI Ungapped         0.1301     0.3094
PSI Gapped           0.0400     0.2670
