
Last position-specific scoring matrix computed, weighted observed percentages rounded down, information per position, and relative weight of gapless real matches to pseudocounts
           A  R  N  D  C  Q  E  G  H  I  L  K  M  F  P  S  T  W  Y  V   A   R   N   D   C   Q   E   G   H   I   L   K   M   F   P   S   T   W   Y   V
    1 G    1 -4 -2 -3 -4 -4 -4  7 -4 -6 -6 -3 -5 -5 -4 -2 -3 -5 -5 -5   11   0   0   0   0   0   0  89   0   0   0   0   0   0   0   0   0   0   0   0  1.69 inf
    2 Y   -3 -5 -5 -5 -4 -4 -4 -6  1  5 -1 -2  1  3 -5 -3 -3  6  5  0    2   0   0   0   0   0   1   0   3  36   3   3   4   9   0   2   1   9  22   5  0.88 inf
    3 T    2 -5 -5 -5  1 -5 -5 -5 -4  5 -1 -5 -1 -3 -5 -2 -2 -5 -2  4   22   0   0   0   3   0   0   0   0  37   4   0   0   0   0   1   1   0   1  30  0.87 inf
    4 L   -6 -6 -6 -7 -4 -6 -6 -5  0 -3  0 -6 -4  3 -7 -5 -6  9  8 -3    0   0   0   0   0   0   0   1   2   1   9   0   0  11   0   1   0  30  44   1  2.14 inf
    5 W   -3 -4 -5 -6 -2 -4 -5 -6 -3  2  3 -3  3  2 -5 -4 -2  2  2  4    0   0   0   0   1   0   0   0   1  10  30   1   8  10   0   0   2   3   8  26  0.68 inf
    6 N   -5 -4  8  4 -4 -2 -1 -2 -2 -7 -8 -3 -6 -7 -6 -3 -4 -8 -6 -7    0   1  70  20   0   1   4   2   0   0   0   1   0   0   0   1   0   0   0   0  1.98 inf
    7 D   -4 -4 -1  0 -7 -4 -4  7 -6 -8 -8 -3 -7 -7 -6 -3 -5 -7 -7 -7    0   1   2   6   0   0   1  89   0   0   0   1   0   0   0   1   0   0   0   0  2.18 inf
    8 Q    0  2 -1  2 -4  3  4 -2 -1 -4 -4  2 -4 -5 -4 -1  0 -5 -4 -3    7  13   1   9   0  12  30   3   1   0   0  13   0   0   0   4   5   0   0   2  0.55 inf
    9 I   -4 -5 -6 -6 -5 -4 -6 -6 -4  3  3 -5  1  6 -5 -5 -4  2  5 -1    0   0   0   0   0   0   0   0   0  14  23   0   4  29   0   0   0   2  22   4  1.10 inf
   10 V   -3 -2 -4 -2  0 -1 -4 -4 -2  2  2 -3  2 -1 -5 -3 -1 -5 -2  5    1   2   0   3   2   2   0   1   1  12  19   2   5   2   0   1   2   0   1  43  0.63 inf
   11 K   -1 -1 -1  3 -4 -2  1 -4  0 -5 -4  0 -5 -6  7 -1 -2 -7 -4 -5    4   3   2  17   0   1  10   0   2   1   2   7   0   0  46   4   1   0   0   0  1.13 inf
   12 D    1  2 -3 -3 -3  0  2 -2  1  0  1  1  0 -2 -1 -2 -2  6 -1 -2   13  11   0   0   0   2  13   3   3   6  13  11   2   0   3   1   2  11   2   2  0.26 inf
   13 E    1  1  1  2 -4  0  4 -1  0 -5 -4  0 -4 -5 -2  1 -1 -5 -3 -3   12   6   7  10   0   3  32   5   2   0   1   4   0   0   1  12   3   0   0   1  0.45 inf
   14 E   -2 -2  0  4 -6  3  5 -4 -2 -6 -5  1 -3 -4 -4 -1 -3 -6 -5 -5    2   2   4  24   0  12  43   0   1   0   0   7   0   1   0   3   1   0   0   0  1.02 inf
   15 V    7 -4 -4 -6 -3 -4 -5 -3 -5 -2 -3 -3  0 -6 -1 -3 -3 -6 -5 -1   83   0   1   0   0   0   0   1   0   2   2   1   3   0   3   0   1   0   0   4  1.51 inf
   16 K    0  4 -1 -4 -2  0 -2 -3  0 -3 -3  4  0 -3 -4  0  1 -5 -2  0    6  21   2   0   1   3   0   2   2   1   1  32   3   1   0   5  11   0   1   8  0.52 inf
   17 I   -4 -6 -6 -7 -4 -6 -6 -7 -6  6  0 -6 -1 -4 -6 -5 -2 -3 -2  6    0   0   0   0   0   0   0   0   0  42   6   0   0   0   0   0   2   0   1  48  1.46 inf
   18 D   -2 -4 -1 -1 -3 -3 -3 -4  6 -6 -6 -4 -5 -6  3  6 -2 -6 -3 -6    2   0   2   4   0   0   1   0  17   0   0   0   0   0  15  57   1   0   1   0  1.30 inf
   19 K   -1 -5 -6 -6 -4 -5 -5 -6 -6  3  0 -4  1 -3  4 -4 -3 -5 -2  5    5   0   0   0   0   0   0   0   0  16   7   0   4   1  18   1   0   0   2  47  0.95 inf
   20 E   -3 -3 -1 -2 -5 -2  1 -5 -3 -2  3 -4  2  6 -5 -3 -2 -2  3 -2    1   1   3   2   0   1  10   0   0   1  29   0   6  32   0   1   3   0   8   1  0.70 inf
   21 D   -5 -6 -2  8 -7 -4 -1 -5 -5 -7 -8 -5 -7 -8 -6  0  1 -8 -7 -7    1   0   1  81   0   0   3   0   0   0   0   0   0   0   0   6   9   0   0   0  2.16 inf
   22 R   -3  6 -3 -5 -7 -1 -2 -6  8 -7 -6 -2 -5 -6 -6  1 -3  2 -2 -6    2  48   0   0   0   2   1   0  32   0   0   0   0   0   0   9   1   3   1   0  1.67 inf
   23 G    1 -6 -3 -5 -6 -5 -6  7 -6 -5 -6 -5 -6 -7 -6 -2 -2 -6 -7 -2    9   0   1   0   0   0   0  81   0   0   0   0   0   0   0   2   3   0   0   3  1.85 inf
   24 Y   -5 -6 -6 -7  0 -6 -6 -6 -1 -2  3 -6  0  8 -7 -5 -4 -3  4 -1    0   0   0   0   2   0   0   0   1   1  23   0   1  54   0   0   1   0  13   3  1.53 inf
   25 Q   -4 -3 -4 -5 -4  2 -4 -4  5  1  4 -4  3 -3 -5 -3  0 -1 -1 -1    0   1   0   0   0  12   0   1  13   7  45   0   7   0   0   1   6   1   2   4  0.71 inf
   26 F   -5 -2 -6 -7 -3 -5 -6 -4  3 -3  1 -6  1  7 -7 -6 -5 -2  7 -2    0   2   0   0   1   0   0   1   6   1  11   0   3  37   0   0   0   0  35   2  1.53 inf
   27 G    2 -6 -4 -5 -6 -5 -5  7 -6 -7 -7 -5 -6 -7 -6  1 -5 -6 -7 -6   16   0   0   0   0   0   0  74   0   0   0   0   0   0   0  11   0   0   0   0  1.80 inf
   28 D   -5 -6 -2  8 -7 -4 -2 -4 -4 -4 -3 -5 -1 -7 -6  0 -2 -8 -5 -1    0   0   0  78   0   0   1   1   0   1   3   0   2   0   0   7   2   0   0   4  1.87 inf
   29 G    1 -6 -4 -5 -1 -5 -5  7 -6 -4 -3 -5 -3 -5 -6  1 -4 -6 -6 -5   10   0   0   0   1   0   0  72   0   1   4   0   1   0   0  10   0   0   0   0  1.55 inf
   30 V   -2 -6 -6 -6  0 -5 -6 -6 -6  4  0 -6 -1 -3 -6 -5  1 -6 -5  6    3   0   0   0   2   0   0   0   0  23   8   0   1   0   0   0   7   0   0  56  1.20 inf
   31 Y   -6 -7 -7 -8 -7 -4 -7 -7 -4 -5 -5 -7 -5  7 -8 -6 -6  6  8 -6    0   0   0   0   0   1   0   0   0   0   0   0   0  40   0   0   0  10  49   0  2.48 inf
   32 E   -6 -5 -5  2 -9 -3  8 -7 -5 -8 -8 -2 -7 -8 -6 -5 -4 -8 -7 -7    0   0   0   9   0   0  89   0   0   0   0   1   0   0   0   0   1   0   0   0  2.42 inf
   33 V   -1 -6 -5 -6 -5 -5 -5  4 -1 -2 -3 -5 -2 -4 -6 -3  3 -2 -3  5    3   0   0   0   0   0   0  27   1   0   1   0   1   1   0   0  19   0   1  45  1.03 inf
   34 V   -1 -5 -5 -5  2 -4 -2 -4 -5  4  1 -4  2  3 -3 -2  1  0 -3  3    4   0   0   0   4   0   4   1   0  29  10   0   4  11   1   2  11   1   0  18  0.52 inf
   35 K    0  7 -4 -5 -2 -3 -1 -4  1 -5 -3 -1 -5 -6  3  0 -2 -6 -3 -6    7  54   0   0   1   0   3   1   3   1   3   3   0   0  16   7   2   0   1   0  1.18 inf
   36 V    2 -4 -5 -5  2 -4 -5 -4 -5  2  0 -5 -1 -1 -5 -1  1 -5 -2  5   18   1   0   0   4   0   0   1   0   8   9   0   1   3   0   5  10   0   1  41  0.66 inf
   37 Y   -4  0 -4 -7 -3 -3 -4 -7  1  0  0 -3 -3  2 -7 -4 -5  4  8 -1    1   5   1   0   0   1   1   0   3   5   9   1   0   6   0   1   0   5  55   5  1.49 inf
   38 N   -2 -1  5  4 -3  0  0  3  1 -6 -6  0 -5 -4 -5 -1 -3 -6 -5 -6    3   3  27  20   0   4   5  23   4   0   0   6   0   1   0   5   1   0   0   0  0.80 inf
   39 G   -3 -1 -2 -5 -4 -5 -5  7 -2 -8 -7 -3 -7 -5 -4 -1 -4 -7 -3 -7    1   3   2   0   0   0   0  83   1   0   0   2   0   1   1   4   1   0   1   0  1.96 inf
   40 E    0  4  1 -3 -3  0 -1 -3  5 -4 -4  4 -3 -4 -4 -2  0 -1 -2 -1    8  22   5   0   1   4   3   1  12   1   0  28   1   1   0   2   5   1   1   5  0.63 inf
   41 M   -2 -5 -6 -6 -1 -4 -5 -5 -4  3  2 -5  1  2  4 -4 -3  2 -2  2    3   0   0   0   1   0   0   0   0  19  22   0   4   8  22   1   1   3   1  15  0.71 inf
   42 F   -1 -5 -7 -7 -2 -4 -7 -7 -1  1 -1 -7 -1  8 -5 -4 -5 -4  0  2    5   1   0   0   1   1   0   0   2   8   6   0   1  61   1   1   0   0   2  13  1.58 inf
   43 T    0  4 -3  3 -2 -1 -1 -1 -1 -4  1  1 -2  1 -4 -3 -1  0 -2 -4    9  25   0  17   1   1   3   4   2   0  14   9   1   8   0   0   3   1   1   0  0.38 inf
   44 V   -1 -2 -3 -6 -2 -3 -3 -5 -2  0  5 -3  1  3 -4 -2 -3  3  0 -1    5   2   2   0   1   1   1   1   1   4  52   1   3  13   1   4   0   4   2   3  0.68 inf
   45 N    0  1 -1  5 -6  0  3 -2 -3 -5 -5  1 -3 -6  0 -1  0 -6 -4 -5    8   6   2  34   0   4  20   3   0   0   1   8   1   0   5   2   6   0   0   0  0.68 inf
   46 E    0  1 -2  4 -6  1  5  0 -1 -5 -2 -1 -3 -6  0 -2 -3 -3 -3 -5    9   9   1  20   0   5  34   6   1   0   6   2   0   0   4   1   0   0   1   0  0.63 inf
   47 H   -7 -6 -5 -7 -9 -5 -6 -8 12 -9 -8 -6 -7 -1 -8 -7 -7 -8 -1 -9    0   0   0   0   0   0   0   0  95   0   0   0   0   3   0   0   0   0   2   0  4.06 inf
   48 I   -2 -3 -5 -6 -4 -3 -5 -6 -5  2  4 -5  5 -1 -5 -2  0  1  0  0    3   1   0   0   0   1   0   0   0  10  44   0  12   2   0   3   5   2   3   5  0.61 inf
   49 D    1 -1 -1  4 -5  1  3 -3 -1 -4 -4  1 -3 -5 -4  0 -1 -5 -4 -2   14   3   2  25   0   7  17   1   1   1   1   7   1   0   0   4   4   0   0   2  0.39 inf
   50 R   -3  9 -5 -7 -8 -4 -5 -7 -5 -8 -7 -3 -6 -8 -7 -6 -6 -8 -7 -7    2  88   0   0   0   0   0   0   0   0   0   0   0   0   0   0   0   0   0   0  2.54 inf
   51 L   -4 -6 -7 -7 -5 -6 -7 -7 -6 -1  6 -6  2  2 -7 -6 -5 -5 -2 -3    1   0   0   0   0   0   0   0   0   2  73   0   4   9   0   0   0   0   1   0  1.41 inf
   52 Y    0  0 -1  0 -1  1  2 -3  0 -1 -2  0  0  3 -3 -2 -2  2  3 -2    8   4   2   4   1   7  13   1   2   3   3   4   3  15   0   2   2   2  13   1  0.17 inf
   53 A   -1  5  1  2 -3  0  2 -3  0 -4 -4  0 -2 -3 -4 -1 -2 -5 -2 -4    6  31   7  11   0   4  11   1   2   1   1   5   1   1   0   5   2   0   2   0  0.44 inf
   54 S    0 -5 -2 -4 -1 -4 -4  2 -5 -6 -6 -4 -2 -6 -5  6 -1 -6 -6 -5    8   0   1   0   1   0   0  13   0   0   0   0   1   0   0  63   3   0   0   0  1.17 inf
   55 A    5 -5 -5 -6  4 -5 -5 -3 -5 -2  3 -5  2 -4 -5 -2 -3 -5 -5 -1   43   0   0   0   9   0   0   1   0   2  25   0   5   0   0   2   1   0   0   2  0.77 inf
   56 E    1  2  0  1 -2  1  1  1  0 -4 -3  3 -3 -4 -3  0 -1 -5 -4 -4   10  13   4   8   1   5   9   9   2   0   1  19   0   1   0   6   2   0   0   0  0.23 inf
   57 K    3 -1 -3 -2 -2 -1  3 -1 -2  0 -2  1 -1 -3 -3  0 -1 -5 -2 -1   24   3   0   1   0   1  23   3   1   7   4   7   2   1   1   6   3   0   1   2  0.20 inf
   58 I   -3 -5 -6 -6 -2 -5 -6 -6 -6  5  4 -5  3 -1 -6 -4 -3 -1  0  0    2   0   0   0   1   0   0   0   0  29  42   0   6   2   0   1   1   1   3   4  0.85 inf
   59 R   -1  3  0  2 -1  0  0  3  0 -4 -2  0  1 -3 -3  0 -3 -1 -1 -4    5  16   4  11   1   5   5  21   2   0   3   4   4   1   0   5   0   1   2   0  0.21 inf
   60 I   -5 -6 -6 -7 -5 -5 -6 -5 -6  5  4 -6  5  2 -6 -6 -4 -5 -2 -1    0   0   0   0   0   0   0   1   0  32  32   0  16   8   0   0   0   0   1   1  1.02 inf
   61 T    1  0 -1  3 -4  0  2 -3  0 -3 -4  1 -4 -5  3 -1  0 -5 -4 -2   10   4   2  14   0   4  15   1   2   1   1   9   0   0  15   4   5   0   0   3  0.27 inf
   62 I   -2 -3  2 -2 -2 -3 -2 -4  0  4  2 -3  2 -1  0 -2 -3  3 -2  1    3   1  12   2   1   0   2   1   2  23  17   2   5   3   6   3   1   3   1   8  0.31 inf
   63 P   -3 -4 -1 -2 -7 -3 -3  0 -5 -6 -5 -3 -5 -6  8 -3 -1 -8 -8 -4    2   1   3   2   0   1   2   7   0   0   1   1   0   0  66   2   4   0   0   2  1.78 inf
   64 Y   -2 -4 -5 -4  0 -3 -3 -4  1  0  2 -3  4  4 -1 -3 -3  3  5  0    3   1   0   1   2   1   2   1   4   5  16   1  11  13   4   1   1   3  21   7  0.58 inf
   65 T   -2 -3  0  3 -3 -2 -1 -1 -3 -6 -6 -3 -4 -6  0  4  4 -7 -6 -4    3   1   5  16   0   2   3   4   1   0   0   1   0   0   4  27  26   0   0   1  0.71 inf
   66 K    0  4 -2  0 -3 -1  0 -3  0 -1  0  3 -2 -2  1 -3 -1 -2 -3  0    7  21   1   4   0   2   5   1   3   3   9  16   1   2   7   1   3   0   0   6  0.21 inf
   67 D    2 -3  0  4 -6  0  4 -2 -3 -5 -5 -1 -5 -5 -1 -1 -3 -7 -4 -4   16   1   3  22   0   3  28   3   0   1   1   4   0   0   3   4   1   0   0   1  0.60 inf
   68 K    1 -1 -3  2 -6  2  5 -1 -1 -6 -6 -1 -4 -5 -5 -2 -2 -4 -4 -4   10   3   1  12   0   9  40   6   1   0   0   3   0   0   0   2   3   0   1   1  0.73 inf
   69 F   -3 -4 -7 -8 -4 -6 -7 -8 -7  3  4 -7  3 -1 -7 -6 -4  7 -3  2    2   1   0   0   0   0   0   0   0  16  39   0   7   3   0   0   1  13   1  15  1.18 inf
   70 H    0  2 -1 -1 -2  0  1  0  0  0  0  1  1 -2 -2  0  1 -2 -2  0    7  11   3   3   1   3  10   6   2   6  11  10   3   1   1   5   8   0   0   5  0.05 inf
   71 Q    2  1  0  2 -4  1  4  0 -1 -4 -3  0 -3 -4 -5 -1 -2 -3 -4 -2   15   7   3  10   0   6  29   6   1   1   3   5   0   1   0   4   3   0   0   2  0.40 inf
   72 L    3 -1 -5 -4 -3 -3 -1 -4 -2  4  1 -2 -1 -2 -5 -3 -3 -3 -3  1   27   4   0   1   0   1   5   1   1  27  13   2   1   1   0   1   1   0   1  10  0.54 inf
   73 L   -2 -5 -6 -6  3 -1 -3 -6  4  4  3 -3  1 -3 -6 -3 -1 -6 -4  3    2   0   0   0   6   2   2   0   9  22  24   1   3   1   0   1   4   0   0  18  0.69 inf
   74 H    0  3  0 -1 -1  2  1 -2  3 -1 -1  0 -1 -2 -3 -1 -1 -1  0 -1    7  17   5   3   2  11  11   3   7   4   8   5   1   2   0   3   3   1   3   4  0.17 inf
   75 E    0  3 -1  1 -5  2  5 -3 -3 -5 -3  1 -3 -5 -5 -2 -2 -6 -6 -4    9  14   2   7   0   9  35   1   0   1   2   9   1   0   0   3   2   0   0   1  0.67 inf
   76 L   -3 -6 -6 -7  1 -6 -7 -6 -7 -1  5 -6  1 -3 -7 -4  4 -6 -4  2    2   0   0   0   2   0   0   0   0   3  49   0   3   1   0   1  25   0   1  11  1.10 inf
   77 V   -2 -4 -6 -7  0 -3 -5 -7 -7  5  3 -5  0 -4 -7 -5 -3 -6 -4  4    4   1   0   0   2   1   0   0   0  25  30   1   1   0   0   1   1   0   0  28  0.97 inf
   78 E    2  4 -1  0 -6  1  3 -3 -2 -3 -4  1 -2 -6 -4 -1 -2 -3 -5 -2   20  21   2   5   0   5  19   1   1   1   2   9   1   0   0   4   2   0   0   2  0.49 inf
   79 K    3  4 -3 -2 -5  0  0 -3  1 -2 -2  4 -2 -3 -4 -2 -1 -6 -4 -2   23  20   1   2   0   3   6   1   3   2   5  21   1   1   0   1   3   0   0   3  0.50 inf
   80 N   -1 -4  8 -4 -3 -2 -3 -5 -2 -8 -6 -6 -2 -6 -6  1 -3 -8 -3 -5    5   1  70   0   1   2   1   1   1   0   1   0   1   0   0   8   2   0   1   1  1.94 inf
   81 E   -2  0  3  2 -6  0  2  4 -1 -7 -6  1 -6 -7 -1 -2 -3 -7 -4 -6    3   6  14  10   0   4  15  30   1   0   0   7   0   0   3   2   1   0   0   0  0.64 inf
   82 L   -2 -3 -3 -4 -3 -4 -4 -2 -3  3  4 -5  4  0 -3 -4 -3  0  0  1    4   1   1   1   1   1   1   4   1  14  39   0   8   4   1   1   1   1   3   9  0.55 inf
   83 N   -1  2 -1  1 -4  3  2  0 -1 -4 -4  2 -3 -5  0  0  2 -6 -4 -2    4  11   2   9   0  11  14   6   1   1   1  12   0   0   4   5  12   0   0   3  0.31 inf
   84 T   -3 -4  3  6 -7 -3  4 -5  1 -7 -4 -4 -6 -4 -5 -1 -2 -8 -3 -7    2   0  13  44   0   1  21   1   3   0   2   0   0   1   0   5   3   0   1   0  1.19 inf
   85 G    4 -5 -5 -4  2  2 -5  5 -6 -5 -3 -5 -6 -5 -6 -2 -4 -2 -4 -4   34   0   0   1   4   8   0  42   0   0   3   0   0   0   0   2   1   1   0   1  1.10 inf
   86 H   -1 -2 -1 -4 -3 -4 -3 -1  4 -1  0 -4  1  1 -6 -1 -2 -3  7 -2    5   2   3   1   1   0   2   4   8   4   9   1   4   4   0   6   2   0  39   3  0.87 inf
   87 I   -2 -7 -8 -8 -1 -7 -7 -8 -4  6  1 -7 -2 -2 -7 -6 -5 -7 -6  5    4   0   0   0   1   0   0   0   0  43  10   0   0   2   0   0   0   0   0  38  1.55 inf
   88 Y   -5  7 -5 -8 -9 -4 -2 -8 -5 -8 -7 -3 -7 -4 -8 -7 -7 -2  8 -8    1  50   0   0   0   1   3   0   0   0   0   1   0   0   0   0   0   1  44   0  2.40 inf
   89 F   -4 -6 -7 -7 -5 -6 -7 -7 -6  3  5 -6  3  2  1 -6 -4  2  0  0    1   0   0   0   0   0   0   0   0  15  50   0   6   9   8   0   1   3   3   6  1.06 inf
   90 Q   -5 -4  2 -5 -3  7 -2 -6  0  1 -2 -4  3 -5 -6 -2  2 -7 -5  2    0   0   8   0   1  41   1   0   2   9   4   0   7   0   0   3  11   0   0  13  1.01 inf
   91 V   -1 -7 -7 -7  0 -6 -7 -7 -7  4  0 -7  1 -3 -7 -5 -3 -7 -1  6    5   0   0   0   2   0   0   0   0  19   9   0   3   1   0   1   1   0   2  57  1.37 inf
   92 T   -5 -6 -5 -6 -6 -6 -6 -6 -6 -6 -6 -6 -6 -3 -6  4  7  4 -2 -5    0   0   0   0   0   0   0   0   0   0   0   0   0   1   0  28  63   5   1   0  1.90 inf
   93 R   -1  8 -5 -5 -5 -4 -5 -1 -5 -8 -6 -3 -6 -7 -5 -5 -6 -7 -4 -7    6  84   0   0   0   0   0   6   0   0   0   0   0   0   1   1   0   0   1   0  2.38 inf
   94 G   -5 -7 -5 -6 -8 -7 -7  8 -7 -9 -9 -7 -8 -8 -7 -5 -7 -8 -8 -8    0   0   0   0   0   0   0  99   0   0   0   0   0   0   0   0   0   0   0   0  2.88 inf
   95 T    2 -3 -1 -4  0 -2 -1 -3 -3  1 -2 -1  0 -3  0  1  1 -5  0  4   16   1   3   0   2   1   4   1   1   6   3   3   2   0   5  10   8   0   3  32  0.33 inf
   96 S    3 -3 -2  0 -4  1 -1  5 -3 -6 -6  0 -5 -2 -3  0 -2 -6 -3 -5   25   1   1   5   0   6   4  39   1   0   0   6   0   2   1   6   2   0   1   0  0.73 inf
   97 P   -1  0 -1  3 -5 -1  1 -3 -3 -3 -3  1  1 -5  5  0 -1 -6 -5 -2    5   5   2  18   0   2  10   1   1   1   2   9   4   0  27   6   4   0   0   4  0.58 inf
   98 R   -5  7 -3 -5 -6 -4 -4 -5 -3  1  2 -1 -2 -5 -6 -5 -1 -2 -5 -3    0  60   1   0   0   0   1   1   0   8  19   2   1   0   0   0   4   1   0   1  1.44 inf
   99 A   -2 -3  3  4 -6 -2 -1  5 -3 -3 -6 -2 -4 -2  1 -1 -2 -6 -4 -5    2   1  13  20   0   2   3  38   1   1   0   2   0   2   6   5   2   0   0   1  0.78 inf
  100 H   -4 -4 -2 -4 -5 -3 -4 -4  8 -1  3 -3 -3  4 -5  0 -3 -4  0 -3    0   1   1   1   0   1   0   2  35   3  25   2   0  18   0   7   1   0   2   2  1.16 inf
  101 Q    2  0 -1  2 -3  3 -1 -1 -2 -1  0 -2 -1 -2  0  0 -1 -2 -1  1   22   5   2  12   0  14   1   3   1   3  10   1   1   1   4   5   2   1   2  10  0.19 inf
  102 F   -2 -2 -1  1 -2 -2 -3 -3  2  0 -1 -2  0  6 -1 -2 -1 -2  4 -1    3   2   3   8   1   2   2   2   5   4   6   2   2  36   3   2   4   0  12   3  0.60 inf
  103 P   -4 -5 -5 -3 -5 -5 -3 -4 -5 -4 -5 -4 -4 -6  8 -2  1 -6 -5 -4    1   1   0   1   0   0   2   2   0   1   1   1   1   0  76   3   8   0   0   1  2.22 inf
  104 E    1  3  0  2 -4  0  2 -1 -1 -3 -3  0 -3 -3  1  1  0 -2 -1 -2   14  16   3  10   0   3  12   4   1   1   1   4   0   1   6  12   6   0   2   3  0.25 inf
  105 N    1  0  2  2 -3 -1  1  2  0 -4 -2  1 -2 -3  2  0 -1 -5 -4 -2   10   5   9  11   0   2  10  14   2   0   4   9   1   1  10   6   3   0   0   2  0.23 inf
  106 T    1 -2  0  1  5 -1  0 -1 -2 -1 -2 -1 -2 -2  1  1  0 -3  3 -1   11   2   5   9  13   2   6   5   1   3   4   3   1   1   8  10   6   0  10   3  0.21 inf
  107 V   -1 -1 -3 -2 -3 -1  0 -2 -1  1  1 -1  0 -2  1 -1  2 -4 -2  3    5   4   1   2   0   2   6   2   2   7  12   3   2   1   6   4  15   0   1  25  0.22 inf
  108 K    0  1  1  0 -3  2  3 -1 -1 -3 -4  3 -4 -4  2 -1  0 -5 -4 -3    7   8   6   4   0   7  18   5   1   1   1  19   0   0  11   3   7   0   0   2  0.37 inf
  109 P   -1 -6 -3 -6 -7 -5 -5 -4 -3 -5 -6 -5 -7 -7  9 -3  0 -8 -7 -6    5   0   2   0   0   0   1   2   1   1   1   0   0   0  79   1   5   0   0   0  2.45 inf
  110 V   -1 -2  2 -4 -3  0 -3 -5 -4 -4 -4 -4 -3 -6 -3  2  6 -7 -6  1    5   2  10   0   0   5   1   0   0   0   1   0   1   0   1  14  51   0   0   9  1.04 inf
  111 I   -3 -5 -6 -6 -1 -5 -3 -7 -4  3  3 -6  1  1 -6 -5 -1 -5 -1  5    2   0   0   0   2   0   2   0   0  13  24   0   3   6   0   0   4   0   2  41  0.89 inf
  112 I   -4 -6 -6 -6 -1 -5 -6 -6 -5  4  0 -5  2  4 -6 -4  0 -1  2  4    0   0   0   0   1   0   0   0   0  23   8   0   5  19   0   1   5   1   6  31  0.92 inf
  113 G    3 -5 -5 -6  3 -5 -5 -1 -5  3  1 -5  5 -4 -5 -3 -3 -5 -3  3   26   0   0   0   7   0   0   5   0  17  10   0  12   0   0   1   0   0   1  21  0.73 inf
  114 Y   -1 -5 -2 -6 -3 -4 -6 -6 -2  3 -1 -5  3  6 -6 -3  1 -3  4 -1    5   0   2   0   0   1   0   0   1  19   3   0   8  34   0   2   9   0  14   2  0.96 inf
  115 T    4 -4 -4 -5  1 -1 -3 -4 -5  2 -2 -4  1 -4 -4 -1  3 -5 -3  2   35   1   0   0   3   3   1   1   0  12   1   0   4   0   0   3  21   0   1  13  0.63 inf
  116 K   -2  1 -2 -2 -5  4  2 -3  0 -3 -4  4  2  0 -2  1 -3 -5 -1 -2    3   7   1   2   0  20  12   1   2   1   0  26   5   5   2   9   1   0   2   2  0.51 inf
  117 E    1 -2  0 -2 -5 -2  3 -3  0 -6 -5 -2 -4 -6  5  3 -2 -6 -5 -5   10   1   4   1   0   1  22   1   2   0   1   1   0   0  31  22   2   0   0   0  0.90 inf
  118 N   -3  2  1 -4 -4 -2 -3 -5  1  3  2  3  4  0 -3 -3 -3 -5 -3 -1    0  10   9   0   0   0   0   0   3  18  19  23  11   4   1   0   0   0   0   3  0.47 inf
  119 P   -5 -6 -6 -5 -7 -5 -5 -6 -6 -7 -7 -5 -6 -8  9 -5 -5 -8 -7 -6    0   0   0   0   0   0   0   0   0   0   0   0   0   0 100   0   0   0   0   0  3.28 inf

                      K         Lambda
Standard Ungapped    0.1375     0.3165
Standard Gapped      0.0638     0.2670
PSI Ungapped         0.2084     0.3202
PSI Gapped           0.0638     0.2670
