
Last position-specific scoring matrix computed, weighted observed percentages rounded down, information per position, and relative weight of gapless real matches to pseudocounts
           A  R  N  D  C  Q  E  G  H  I  L  K  M  F  P  S  T  W  Y  V   A   R   N   D   C   Q   E   G   H   I   L   K   M   F   P   S   T   W   Y   V
    1 M   -4 -5 -5 -6 -4 -4 -5 -6 -5  2  0 -5 10 -3 -5 -5 -3 -5 -4  2    0   0   0   0   0   0   0   0   0  10   3   0  72   0   0   0   0   0   0  15  1.93 inf
    2 N    0  3  4 -1 -4  1 -2 -3 -1 -4 -4  4 -3 -5 -3 -1  1 -5 -3 -3    6  13  25   1   0   6   0   0   1   0   0  35   0   0   0   1  11   0   0   1  0.69 inf
    3 I   -2 -1 -3 -3 -2 -1  0 -4  1  4 -1 -2 -1 -2 -3 -2  3 -4 -2  3    0   4   0   0   0   2   8   0   5  26   3   2   0   1   1   0  20   0   1  27  0.40 inf
    4 I   -4 -4 -4 -5 -4 -4 -5 -6 -3  5  1 -3 -1  4 -5 -4 -2 -2  4  1    0   0   1   0   0   0   0   0   0  40  13   1   0  22   0   0   1   0  16   5  0.87 inf
    5 Q   -2 -2 -2  0 -6  2  7 -4 -1 -5 -4  1 -4 -6 -3 -1  0 -5 -5 -4    3   1   0   3   0   6  70   0   1   0   1   6   0   0   1   3   5   0   0   1  1.23 inf
    6 G    0 -5 -3 -4 -5 -3 -3  7 -5 -4 -6 -3 -3 -6  0  0 -3 -5 -6 -4    5   0   0   0   0   1   1  78   0   1   0   1   0   0   6   5   1   0   0   0  1.51 inf
    7 N   -1  0  3  2 -3  1  0 -1  1 -2 -2  2 -2 -3 -3  1  0 -4 -2 -2    2   2  20  14   0   6   5   4   4   3   5  17   1   0   0   8   7   0   1   3  0.27 inf
    8 L   -3 -4 -5 -5 -4 -4 -5 -5 -2  1  4 -4  0  4  0 -4 -2 -2  2  0    1   0   0   0   0   0   0   0   1   6  52   0   1  19   5   0   1   0   7   6  0.74 inf
    9 V    0 -1  3  3 -2  1 -1 -2 -2  0 -1  0 -2 -3 -2  1  1 -4 -2  1    6   3  17  18   0   5   2   0   0   7   5   4   0   0   1   8  10   0   1  12  0.22 inf
   10 G    4 -4  0 -1 -2 -2 -3  4 -2 -3 -2 -3 -3 -4 -1  0 -1 -5 -4 -2   38   0   4   3   1   1   0  34   1   1   4   0   0   0   3   5   3   0   0   2  0.62 inf
   11 T    0  0  0  0 -2  2  2 -1 -2 -3 -3  3 -2 -4  1  2  1 -4 -3 -2    7   5   4   4   1   8  18   3   0   0   1  19   0   0   7  14   9   0   0   1  0.33 inf
   12 G   -2 -3  3  3 -5 -1 -1  5  0 -5 -5  0 -4 -5 -2  0 -1 -5 -4 -5    2   0  14  16   0   2   3  45   3   0   0   5   0   0   2   5   2   0   0   0  0.77 inf
   13 L    0 -2 -4 -4 -2 -2 -2 -1 -2  0  4  0  3  1 -4 -2 -2 -3 -1  0   11   2   0   0   1   1   3   5   1   4  43   6   8   7   0   3   0   0   1   4  0.32 inf
   14 K   -3  6 -1 -4  0 -1 -2 -4  1 -4 -5  5 -4 -6 -2 -1 -2 -6 -4 -4    0  45   2   0   2   1   0   0   3   1   0  39   0   0   1   5   1   0   0   0  1.20 inf
   15 I   -3 -5 -5 -6 -3 -5 -5 -6 -3  5  0 -5  1  6 -5 -5 -3 -3  1  3    1   0   0   0   0   0   0   0   1  35   3   0   2  33   0   0   0   0   4  21  1.06 inf
   16 G    5 -5 -4 -4 -1 -4 -4  5 -3 -5 -4 -4 -4 -5 -4 -2 -3 -5 -5 -2   52   0   0   0   1   0   0  42   0   0   1   0   0   0   0   0   1   0   0   3  1.22 inf
   17 I   -4 -6 -6 -6 -4 -6 -6 -7 -6  7  1 -6 -1 -2 -6 -5 -4 -5 -4  2    0   0   0   0   0   0   0   0   0  77   9   0   1   1   0   0   0   0   0  13  1.63 inf
   18 V   -1 -6 -6 -6 -1 -5 -5 -6 -6  3 -1 -5 -2 -4 -5 -4 -3 -6 -4  7    4   0   0   0   1   0   0   0   0  15   3   0   0   0   0   0   0   0   0  76  1.47 inf
   19 V    1 -3 -2 -4  0  1 -4 -3  0  2 -1 -3  1 -3 -4 -2 -1 -5 -2  5   14   1   2   0   2   7   0   1   3  11   2   0   3   0   0   1   2   0   1  49  0.57 inf
   20 G    4 -4 -3 -4 -2 -3 -3  2 -4 -5 -5 -3 -4 -5 -3  5  0 -5 -5 -3   40   0   0   0   1   0   0  13   0   0   0   0   0   0   1  41   4   0   0   0  0.96 inf
   21 R   -4  8 -3 -3 -1  0  2 -5 -3 -6 -5  0 -4 -6 -5 -3 -4 -6 -3 -5    0  75   0   1   1   4  12   0   0   0   1   3   0   0   0   1   0   0   1   0  1.70 inf
   22 F   -6 -6 -7 -7 -6 -6 -7 -7 -5 -4 -3 -7 -4  8 -7 -6 -6  9  1 -4    0   0   0   0   0   0   0   0   0   0   0   0   0  73   0   0   0  24   2   0  2.68 inf
   23 N   -5 -4  9 -2 -6 -4 -4 -4  1 -7 -7 -4 -6 -7 -6 -3 -2 -7 -3 -7    0   0  94   0   0   0   0   0   3   0   0   0   0   0   0   0   1   0   1   0  2.57 inf
   24 D    0 -1  1  3 -4  0  4 -2  2 -4 -4  0 -4 -4 -1  1 -1 -2 -2 -4    7   2   4  20   0   3  31   3   6   1   1   3   0   1   2  13   2   1   1   0  0.50 inf
   25 F   -2 -2 -1  0 -4 -1  1 -3 -1  0  1 -2 -1  5 -1 -2 -1 -2 -1 -1    3   1   3   6   0   3  13   1   2   6  15   2   0  34   3   1   4   0   0   2  0.37 inf
   26 I   -4 -6 -6 -6 -4 -5 -6 -6 -4  7  0 -5 -1 -2 -6 -5 -3 -5 -4  4    0   0   0   0   0   0   0   0   1  65   4   0   0   1   0   0   1   0   0  29  1.49 inf
   27 T   -2 -4  1 -4  2 -3 -4  0 -4 -1 -3 -3  0 -4 -4 -1  6 -5 -4  2    2   0   8   0   4   0   0   8   0   3   0   0   2   0   0   2  56   0   0  13  0.90 inf
   28 S   -2  0  2  4 -4  1  3  0  1 -5 -5  1 -3 -3 -3  1 -2 -5 -3 -3    1   4  10  25   0   5  21   8   3   0   0   7   0   1   0  14   1   0   1   1  0.50 inf
   29 K    1  3  1 -2 -4  0  0  1  1 -4 -3  3 -3 -4  0  1 -1 -4 -3 -3   13  17   8   0   0   3   5  11   3   0   1  24   0   0   4   8   1   0   0   1  0.37 inf
   30 L   -5 -5 -7 -7 -4 -4 -5 -7 -6 -1  6 -6  2 -3 -6 -6 -4 -5 -4 -2    0   0   0   0   0   0   1   0   0   1  94   0   5   0   0   0   0   0   0   0  1.74 inf
   31 L   -1 -1 -5 -5 -2 -3 -3 -5 -4  1  4 -3  0  0 -5 -4 -2 -2  0  3    3   4   0   0   1   1   2   0   0   5  55   1   1   3   0   0   1   1   3  21  0.67 inf
   32 S    0 -2  0  3 -4  1  4  0 -2 -4 -4  1 -4 -5 -3  2 -1 -5 -4 -3    9   1   4  18   0   5  28   7   0   0   1   7   0   0   0  18   2   0   0   1  0.50 inf
   33 G    1 -5 -4 -4 -5 -4 -4  7 -5 -6 -6 -4 -6 -6 -5 -2 -4 -6 -6 -4   11   0   0   0   0   1   0  86   0   0   0   0   0   0   0   1   0   0   0   1  1.93 inf
   34 A    6 -5 -5 -5  6 -4 -4 -3 -5 -4 -5 -4 -4 -5 -4 -1 -1 -6 -5 -3   80   0   0   0  15   0   0   0   0   0   0   0   0   0   0   2   2   0   0   1  1.58 inf
   35 E   -2  0 -3 -3  0  0 -1 -4 -3  3  3  0  1  0 -4 -3 -1 -3 -1  2    1   4   0   1   2   6   3   0   0  19  28   8   3   3   0   0   3   0   2  17  0.29 inf
   36 D   -1  0 -1  6 -4  1  2 -3 -3 -5 -4 -1 -5 -6 -4  0 -1 -6 -5 -5    6   5   2  57   0   5  12   1   0   0   1   3   0   0   0   6   3   0   0   0  1.04 inf
   37 A    3 -2 -2 -3  5 -2  1 -1 -2 -2 -3 -2 -2 -4 -3  0  4  0 -1 -1   26   1   1   0  13   1   9   5   1   1   0   1   0   0   0   5  30   1   2   2  0.51 inf
   38 L   -3 -5 -6 -6 -4 -5 -6 -6 -5  1  6 -5 -1  3 -6 -5 -4 -2 -1 -2    1   0   0   0   0   0   0   0   0   5  79   0   0  13   0   0   0   0   1   0  1.35 inf
   39 L   -1  1 -2 -2 -1  0  1 -3  0  0  1  3  0 -2 -3 -1  0 -4 -1  1    5   8   1   1   1   4  10   1   2   6  15  26   1   1   0   1   6   0   1  10  0.18 inf
   40 R    0  6 -2  0 -5  1  1 -3 -1 -5 -4  2 -2 -5 -4 -1 -2 -5 -4 -5    7  58   1   5   0   5   8   1   1   0   1  10   1   0   0   3   2   0   0   0  1.02 inf
   41 H   -1 -2  0 -4  2 -1 -2 -5  9  0  0 -3 -2  0 -5 -1 -3 -4  2 -2    5   1   3   0   4   3   1   0  50   5  11   1   0   4   0   4   0   0   6   2  1.08 inf
   42 G   -3 -5 -1 -1 -5 -3 -2  7 -5 -7 -7 -3 -6 -6 -5 -1 -4 -6 -6 -6    0   0   3   3   0   1   3  86   0   0   0   1   0   0   0   4   0   0   0   0  1.85 inf
   43 V    1 -5 -4 -5 -1 -4 -4  1 -5  2 -1 -4 -1 -2 -4 -3 -2 -5 -4  5   12   0   0   0   1   0   0  11   0  12   4   0   1   1   0   1   1   0   0  55  0.76 inf
   44 D    1  0  1  2 -3  1  1 -2 -2 -2 -1  2 -2 -4  0  2  0 -4 -3 -2   13   4   6  15   0   6   6   1   0   2   5  18   0   0   4  15   3   0   0   2  0.24 inf
   45 T    0  0 -1  3 -4  0  4 -2 -1 -3 -3  1 -2 -3  1  0 -1 -4 -3 -2    7   3   1  21   0   2  31   2   1   1   2   7   1   1   7   7   3   0   1   2  0.43 inf
   46 N   -1 -1  1  3 -5  1  5 -2 -2 -5 -4  1 -3 -4 -2  0 -1 -5 -4 -4    5   1   5  17   0   3  46   2   1   0   0   6   0   1   2   7   2   0   0   0  0.73 inf
   47 D   -2  0  6  5 -3  2  0 -3  1 -5 -4 -1 -3 -5 -4 -1 -2 -5 -4 -5    3   5  38  31   1   8   3   0   4   0   2   2   1   0   0   2   1   0   0   0  0.90 inf
   48 I   -3 -5 -5 -4 -4 -5 -5 -5 -5  7  1 -5  0 -2 -4 -5 -2 -5 -4  3    0   0   0   1   0   0   0   1   0  67  10   0   2   1   0   0   1   0   0  17  1.28 inf
   49 D   -2 -2 -1  4 -2 -1  1 -3  1 -1 -1 -1 -1 -3 -2  0  3 -3 -2 -1    1   1   1  32   1   2   7   0   3   4   6   2   2   1   1   6  23   0   1   5  0.41 inf
   50 V   -2 -1 -4 -5 -3 -3 -4 -5  0  4  2 -3  0 -2 -4 -3 -1 -4  0  5    1   4   0   0   0   0   0   0   3  20  15   1   1   0   0   1   3   0   3  47  0.68 inf
   51 A    2 -3 -4 -4 -2 -2 -3 -3 -3  2 -1 -1  0  2 -4 -2 -2  3  2  3   20   0   0   0   1   2   1   1   0  13   3   5   1   9   0   1   1   5   9  30  0.39 inf
   52 W   -3  4  0 -2 -3 -2 -2 -4  0 -3 -2  1 -3 -2 -4 -1  1  9  2 -4    1  22   4   2   0   1   2   0   3   1   5   7   0   0   1   3  11  31   6   0  1.02 inf
   53 V   -1 -6 -6 -6  3 -5 -5 -6 -6  0 -2 -5 -2 -4 -5 -4 -2 -6 -4  7    4   0   0   0   5   0   0   0   0   1   1   0   0   0   0   0   1   0   0  87  1.64 inf
   54 P   -3 -6 -6 -5 -7 -5 -5 -6 -6 -7 -7 -5 -6 -7  9 -4 -5 -8 -7 -6    1   0   0   0   0   0   0   0   0   0   0   0   0   0  98   1   0   0   0   0  3.17 inf
   55 G   -3 -6 -4 -5 -6 -5 -5  8 -5 -7 -7 -5 -6 -7 -5 -3 -5 -6 -6 -7    0   0   0   0   0   0   0 100   0   0   0   0   0   0   0   0   0   0   0   0  2.44 inf
   56 A    6 -4 -3 -4 -1 -3 -3 -2 -4 -4 -4 -3 -4 -5 -3  4  0 -5 -4 -2   62   0   0   0   1   0   0   0   0   0   0   0   0   0   0  31   4   0   0   1  1.16 inf
   57 F   -5 -5 -6 -6 -1 -5 -6 -6 -1 -3  0 -5  1  8 -6 -5 -5  5  5 -1    0   0   0   0   1   0   0   0   1   0   9   0   3  59   0   0   0   7  18   3  1.60 inf
   58 E   -4 -3 -4 -1 -7 -1  8 -6 -3 -7 -6 -3 -6 -7 -5 -3 -4 -6 -6 -6    0   0   0   2   0   0  98   0   0   0   0   0   0   0   0   0   0   0   0   0  2.32 inf
   59 I   -3 -5 -6 -6 -4 -5 -5 -6 -4  6  4 -5  1 -2 -5 -4 -3 -4 -3  1    1   0   0   0   0   0   0   0   0  46  42   0   3   0   0   0   0   0   0   7  1.09 inf
   60 P   -3 -5 -4 -5 -6 -4 -4 -1 -5 -1 -5 -4 -5 -6  8 -2  0 -7 -6 -3    1   0   0   0   0   0   0   5   0   5   0   0   0   0  81   2   5   0   0   2  2.24 inf
   61 F   -2 -3 -4 -5  0 -3 -4 -3 -2  2  4 -4  2  3 -4 -3 -2 -2  3  1    1   1   0   0   2   0   0   2   1   9  42   0   4  12   0   1   2   0  11  12  0.53 inf
   62 A    3 -4 -4 -4 -3 -3 -4  1 -4  3  0 -3  0 -3 -4 -2  1 -4 -3  3   31   0   0   0   0   0   0  10   0  16   5   0   1   0   0   1   7   0   0  29  0.50 inf
   63 A    5 -4 -4 -4  3 -3 -4 -3 -4 -1  1 -3 -2 -4 -3  0  0 -5 -4  1   59   0   0   0   6   0   0   0   0   2  15   0   0   0   0   5   5   0   0   8  0.74 inf
   64 K   -1  2  0 -1 -4  5  0 -3  0 -5 -4  5 -2 -5 -3  0 -2 -5 -4 -4    4  10   5   3   0  27   3   1   2   0   1  38   1   0   0   5   1   0   0   0  0.77 inf
   65 K   -1  4 -2 -3 -3  2  0 -4  0 -2 -2  5 -2 -2 -3 -1 -1  0 -2 -2    6  20   1   0   0  11   3   0   2   2   3  40   1   2   0   2   4   2   1   1  0.59 inf
   66 M   -1 -4 -5 -6 -3 -4 -5 -5 -4  1  4 -4  6  0 -5 -4 -3 -4 -2  1    6   0   0   0   0   0   0   0   0   7  45   0  28   4   0   0   1   0   1   9  0.92 inf
   67 A    5 -4 -4 -4 -1 -2 -3 -1 -3  0  0 -3 -1 -4 -3  0 -1 -2 -4  0   65   0   0   0   1   2   0   3   0   5  11   0   1   0   0   5   3   1   0   5  0.76 inf
   68 E    0  1  0  0 -4  2  3 -2  0 -2 -1  3  0 -3 -3  0 -1 -4 -3 -2    9   7   4   4   0  11  23   2   2   2   8  18   3   1   0   5   1   0   0   1  0.30 inf
   69 T   -1  1  0 -2 -1  1 -1 -3 -2 -4 -3  1 -3 -4 -3  5  3 -5 -2 -3    3   6   4   1   1   5   1   0   1   0   1   7   0   0   0  50  18   0   1   1  0.65 inf
   70 K   -1 -1  1  0 -3  1  0  5  1 -5 -4  2 -3 -4 -3 -1 -2 -4 -2 -4    2   2   7   6   0   6   7  47   3   0   1  13   0   0   1   2   1   0   1   0  0.65 inf
   71 K   -2  3  1  1 -3  2  1 -1 -1 -4 -3  5 -1 -4 -2 -1 -2 -5 -4 -3    1  16   6   7   0   7   8   4   1   0   1  42   2   0   1   3   1   0   0   1  0.60 inf
   72 Y   -4 -5 -5 -5 -3 -5 -5 -6  1 -1 -1 -5 -3  4 -3 -5 -4  0  8  0    1   0   0   0   1   0   0   0   3   3   5   0   0  18   1   0   0   0  62   6  1.69 inf
   73 D   -2 -3  0  8 -6 -1 -1 -3  2 -6 -6 -3 -6 -6 -4 -3 -3 -7 -5 -4    3   1   3  81   0   3   1   1   5   0   0   0   0   0   0   1   1   0   0   1  1.80 inf
   74 A    6 -4 -4 -4 -2 -4 -4  3 -4 -4 -4 -4 -4 -5 -4 -1 -3 -5 -5 -2   76   0   0   0   0   0   0  18   0   0   0   0   0   0   0   3   0   0   0   2  1.31 inf
   75 I   -3 -5 -6 -6 -3 -5 -5 -6 -6  6  1 -5 -1 -3 -5 -5 -3 -5 -4  5    0   0   0   0   0   0   0   0   0  45  13   0   0   0   0   0   0   0   0  42  1.21 inf
   76 I   -4 -5 -6 -6  1 -5 -6 -6 -6  7  1 -5  1 -3 -5 -5 -3 -5 -4  3    0   0   0   0   3   0   0   0   0  66   9   0   2   0   0   0   0   0   0  19  1.34 inf
   77 T    4 -4 -4 -5  7 -4 -4 -3 -5 -1 -3 -4 -3 -5 -3 -1  3 -5 -4  0   45   0   0   0  27   0   0   0   0   3   0   0   0   0   1   2  17   0   0   5  1.08 inf
   78 L   -3 -5 -6 -6 -1 -5 -6 -6 -6  3  6 -5  0 -1 -5 -5 -4 -4 -4  0    1   0   0   0   1   0   0   0   0  17  76   0   0   1   0   0   0   0   0   4  1.26 inf
   79 G   -2 -6 -4 -5 -6 -5 -5  7 -5 -7 -7 -5 -6 -6 -5 -3 -5 -6 -6 -6    2   0   0   0   0   0   0  98   0   0   0   0   0   0   0   1   0   0   0   0  2.33 inf
   80 T    5 -4 -2 -4  6 -4 -4 -3 -4 -3 -3 -3 -3 -4 -4  0  2 -5 -4  2   52   0   1   0  17   0   0   0   0   0   0   0   0   0   0   5  11   0   0  13  0.92 inf
   81 V   -3 -5 -6 -6 -4 -5 -5 -6 -6  3  0 -5 -2 -3 -5 -5 -3 -6 -4  7    0   0   0   0   0   0   0   0   0  11   8   0   0   0   0   0   0   0   0  81  1.56 inf
   82 I   -4 -6 -6 -6 -4 -6 -6 -7 -7  8 -1 -6 -2 -3 -6 -5 -4 -6 -4  2    0   0   0   0   0   0   0   0   0  91   1   0   0   0   0   0   0   0   0   8  2.02 inf
   83 R   -4  7 -2 -4 -6  3 -2 -5 -2 -6 -5  3 -4 -6 -5 -3 -4 -6 -5 -5    0  72   1   0   0  11   1   0   0   0   0  15   0   0   0   0   0   0   0   0  1.75 inf
   84 G   -3 -6 -4 -5 -6 -5 -5  8 -5 -7 -7 -5 -6 -7 -5 -3 -5 -6 -6 -7    0   0   0   0   0   0   0 100   0   0   0   0   0   0   0   0   0   0   0   0  2.44 inf
   85 A    1 -3 -1  3 -4  0  4  2 -2 -4 -5 -1 -4 -4 -3  2 -2 -5 -4 -4   14   0   1  18   0   3  33  13   1   1   0   1   0   0   0  14   0   0   0   0  0.61 inf
   86 T   -3 -5 -3 -5 -4 -4 -4 -5 -5 -4 -5 -4 -4 -6 -5 -2  8 -6 -5 -3    0   0   0   0   0   0   0   0   0   0   0   0   0   0   0   0 100   0   0   0  2.34 inf
   87 T    0 -1 -3  0 -4 -3 -2 -3 -3 -3 -3  1  0 -2  6  1  0 -4  3 -4    8   2   0   6   0   0   1   1   0   1   1   8   3   1  39  12   6   0  11   0  0.79 inf
   88 H   -6 -4 -3 -5 -7 -3 -4 -6 11 -7 -7 -5 -5 -5 -6 -5 -6 -6  0 -7    0   0   0   0   0   0   0   0  98   0   0   0   0   0   0   0   0   0   2   0  3.58 inf
   89 Y   -4 -6 -4 -4 -6 -6 -6 -6  0 -4 -3 -6 -3  8 -7 -5 -5 -2  6 -4    1   0   1   1   0   0   0   0   2   0   0   0   0  72   0   0   0   0  23   0  2.17 inf
   90 D   -3 -4 -1  7 -6 -1  4 -4 -3 -6 -6 -2 -5 -6 -4 -2 -3 -7 -6 -6    1   0   2  61   0   1  31   1   0   0   0   2   0   0   0   2   1   0   0   0  1.58 inf
   91 Y   -1 -4 -5 -6 -3 -4 -5 -5  2 -1  1 -5  0  4 -5 -4 -4 -1  7  1    4   0   0   0   0   0   0   0   4   2  14   0   2  15   0   0   0   0  49   9  1.18 inf
   92 V   -3 -6 -6 -6 -4 -5 -6 -6 -6  4 -1 -5 -2 -3 -5 -5 -3 -6 -4  7    0   0   0   0   0   0   0   0   0  24   1   0   0   0   0   0   0   0   0  75  1.59 inf
   93 C    4 -4 -1 -4  8 -4 -4 -3 -4 -1 -4 -4 -3 -5 -4  2 -2 -5 -2  0   38   0   3   0  32   0   0   0   0   3   0   0   0   0   0  18   0   0   1   5  1.10 inf
   94 N    1 -2  5  1 -4  2  0  2  0 -4 -3 -1 -2 -5 -3  1 -2 -5 -4 -4   15   1  31   6   0  10   3  15   1   0   1   3   1   0   0  11   0   0   0   0  0.52 inf
   95 E    0 -3  0  0 -1  1  6  2 -3 -5 -4 -2 -4 -5 -4  0 -2 -5 -5 -5    8   0   3   3   2   5  58  15   0   0   1   0   0   0   0   5   1   0   0   0  0.95 inf
   96 A    2 -4 -3 -4  5 -3 -4 -4 -4  0 -2 -4 -1 -2 -4  1  0 -5 -3  5   21   0   0   0  11   1   0   0   0   2   0   0   1   1   0  13   4   0   0  44  0.68 inf
   97 A    3 -3  0 -3 -2 -3 -3  0 -3 -3 -4 -3 -2 -4 -3  4  4 -5 -3 -2   29   0   5   0   0   0   0   5   0   1   0   0   1   0   0  30  28   0   0   1  0.70 inf
   98 K    0  1  1 -2 -4  3  0 -3  0 -4 -4  5 -2 -3 -3  1 -2 -3 -1 -4    8   6   5   1   0  12   2   1   2   1   1  45   0   1   0  13   1   0   2   0  0.62 inf
   99 G    0 -4 -3 -4 -2 -3 -3  7 -5 -4 -6 -4 -5 -6 -5 -2 -4 -5 -6 -4    6   1   1   0   1   1   1  84   0   1   0   0   0   0   0   1   0   0   0   1  1.70 inf
  100 I   -3 -5 -5 -6 -2 -5 -5 -6 -5  6  3 -5  0 -2 -5 -4 -2 -5 -3  3    0   0   0   0   1   0   0   0   0  47  25   0   1   0   0   0   1   0   0  22  0.99 inf
  101 A    4 -3 -2 -3 -3 -1 -3  0 -3 -2 -1 -1  3 -2 -3  1  2 -4 -3 -2   43   0   0   0   0   1   0   7   0   1   5   4  11   1   0  12  11   0   0   1  0.45 inf
  102 Q    0  2  2  1 -3  5  1 -3  3 -4 -4  1 -2 -4 -3  1 -1 -4 -2 -3    7  13  11   7   0  28   5   1   6   0   0   6   0   0   0  10   2   0   1   0  0.47 inf
  103 A    1 -4 -4 -5 -1 -3 -4 -4 -5  3  2 -4  0 -2 -4 -2 -1 -4 -3  5   13   0   0   0   1   0   0   0   0  13  19   0   2   1   0   2   3   0   0  44  0.59 inf
  104 A    2 -3  3 -2 -2  1 -2  2 -3 -4 -4 -2  0 -5 -3  4  0 -5 -4 -4   17   0  18   0   0   6   0  14   0   0   0   0   3   0   0  35   3   0   0   0  0.57 inf
  105 N   -1 -1 -3 -4 -3 -2 -4 -4 -3  2  5 -4  3  0 -4 -3 -2 -4 -1  0    5   3   1   1   0   1   1   0   1   9  58   0   7   3   0   1   1   0   1   5  0.61 inf
  106 T   -1  0  1  3 -4  3  3 -3 -1 -4 -3  2 -2 -4 -3  0  0 -5 -4 -3    4   3   7  19   0  12  24   1   1   1   2  12   1   0   0   4   6   0   0   0  0.46 inf
  107 T    0 -3 -1 -3 -1 -1 -2  0  2 -3 -2 -1 -2  1 -3  2  4 -1  4 -3    5   0   2   0   1   2   1   6   4   0   2   2   1   7   0  18  29   1  15   0  0.39 inf
  108 G   -2 -1  2  3 -3  0  1  4 -2 -4 -4  0 -2 -3 -2 -1 -2 -5 -4 -4    1   2  11  19   1   4  11  37   0   0   1   4   1   1   1   3   1   0   0   0  0.57 inf
  109 V   -2 -3 -4 -5 -2 -4 -4 -5 -5  5  1  0  1 -3 -4 -3  0 -5 -3  4    1   1   0   0   1   0   0   0   0  33   9   7   2   0   0   0   6   0   0  38  0.70 inf
  110 P   -3 -6 -6 -5 -6 -5 -5 -5 -6 -6 -6 -5 -6 -7  9 -4 -4 -7 -7 -6    1   0   0   0   0   0   0   1   0   0   0   0   0   0  94   0   0   0   0   0  2.95 inf
  111 V   -3 -5 -5 -6  2 -5 -5 -6 -2  4 -1 -5 -1 -3 -5 -4 -1 -5 -4  6    0   0   0   0   4   0   0   0   1  27   1   0   0   0   0   0   3   0   0  60  1.17 inf
  112 I    2 -4 -3 -4 -3 -3 -3  0 -4  4  0 -3  1 -3 -3  0  2 -4 -3  1   22   0   0   0   0   0   0   7   0  35   4   0   4   0   0   8  12   0   0   5  0.42 inf
  113 F   -5 -5  2 -5 -2 -5 -6 -6 -4 -3 -2 -5 -1  8 -6 -5 -4 -2  2 -3    0   0  12   0   1   0   0   0   0   0   2   0   1  74   0   0   1   0   5   1  1.80 inf
  114 G    0 -5 -3 -4  3 -5 -5  7 -5 -6 -6 -4 -4 -6 -5 -1 -4 -5 -6 -6    6   0   0   0   6   0   0  82   0   0   0   0   0   0   0   3   0   0   0   0  1.75 inf
  115 I   -3 -5 -6 -6 -4 -5 -5 -6 -6  4  1 -5  0 -3 -5 -4 -3 -5 -4  6    0   0   0   0   0   0   0   0   0  19   9   0   1   0   0   0   0   0   0  68  1.28 inf
  116 V   -4 -5 -6 -6 -4 -5 -6 -6 -6  2  6 -5 -1 -2 -6 -5 -4 -4 -4  0    0   0   0   0   0   0   0   0   0   9  85   0   0   0   0   0   0   0   0   3  1.42 inf
  117 T   -2 -4 -3 -4 -4 -4 -4 -5 -5 -4 -4 -4 -2 -5 -4 -2  8 -6 -2 -3    1   0   0   0   0   0   0   0   0   0   0   0   1   0   0   0  92   0   2   1  1.95 inf
  118 T    0 -4 -3  0  5 -4 -3 -4 -4 -3 -3 -4 -3 -5 -2 -1  6 -5 -4  2    6   0   0   6  11   0   0   0   0   0   1   0   0   0   1   0  58   0   0  14  0.99 inf
  119 E   -3 -2  3  6 -6 -2  4 -3 -1 -5 -3 -2 -5 -5 -1 -2 -3 -6 -1 -4    0   2  14  44   0   0  29   0   1   0   3   1   0   0   2   0   0   0   2   0  1.04 inf
  120 N   -3 -2  5  2 -1 -3 -3 -3 -2 -4 -5 -3 -4 -5 -4  2  5 -6 -4 -4    0   1  33  10   1   0   0   0   0   0   0   0   0   0   0  13  41   0   0   0  1.02 inf
  121 I   -3 -3 -4  0 -3 -1  1 -5 -3  5  2 -1  4 -2 -4 -3 -2 -4 -3  1    0   0   0   7   0   2  12   0   0  38  17   3  13   0   0   0   0   0   0   7  0.53 inf
  122 E   -2 -3 -1  2 -6  4  6 -4 -2 -5 -3 -1 -4 -6 -4 -2 -3 -5 -5 -4    2   0   2   9   0  16  66   1   0   0   3   1   0   0   0   0   0   0   0   0  1.28 inf
  123 Q   -4 -2 -3 -2 -7  9 -1 -5 -2 -6 -6 -2 -4 -7 -5 -3 -4 -6 -5 -6    1   0   0   1   0  95   1   0   0   0   0   0   0   0   0   1   0   0   0   0  2.50 inf
  124 A    6 -4 -4 -4 -3 -4 -4  0 -4 -4 -4 -4 -4 -5 -4  1 -2 -6 -5 -3   86   0   0   0   0   0   0   5   0   0   0   0   0   0   0   7   1   0   0   0  1.48 inf
  125 I   -3 -3 -4 -4 -3 -1  0 -5 -2  5  3 -2  1  0 -4 -4 -2  2 -3  1    0   1   0   0   0   3   7   0   1  44  26   2   2   4   0   0   0   2   0   7  0.63 inf
  126 E    1 -3  2  4 -5  1  5 -3  0 -3 -4 -2 -3 -5 -3 -2 -3 -5 -4 -3   15   0   8  20   0   4  45   1   2   1   1   0   1   0   0   1   0   0   0   2  0.81 inf
  127 R   -5  8 -4 -5 -7 -2 -3 -6 -1 -7 -6 -1 -5 -6 -6 -4 -5 -6 -5 -6    0  99   0   0   0   0   0   0   1   0   0   0   0   0   0   0   0   0   0   0  2.54 inf
  128 A    6 -3 -3 -3 -1 -3 -3 -2 -4 -1 -3 -3 -2 -4 -3  3 -2 -4 -4 -1   65   0   0   0   1   0   0   0   0   4   1   0   1   0   0  22   1   0   0   2  0.96 inf
  129 G   -2 -3 -2 -3 -5 -3 -4  7 -3 -6 -5 -4 -5 -5 -4 -3 -3 -5 -5 -5    2   2   1   1   0   1   1  88   0   0   1   0   0   0   0   1   1   0   0   1  1.81 inf
  130 T   -1 -3 -2 -2 -3 -3 -2  3 -3  2 -1 -2 -2 -3 -2  1  4 -4 -3  0    3   0   0   2   0   0   1  29   0  13   7   1   0   0   1   8  30   0   0   4  0.44 inf
  131 K   -2  0 -1 -1 -4 -1 -1 -3 -3 -2 -4  7 -3 -4 -3 -1 -2 -4 -2 -3    1   2   1   3   0   1   2   1   0   2   1  75   0   0   0   4   2   0   1   2  1.19 inf
  132 A    4 -2 -2 -3 -3 -1 -2  0  4 -2  0 -1  2 -3 -2  1 -1 -4 -1  0   38   1   1   0   0   2   1   7  11   1   7   3   8   0   1  11   1   0   1   6  0.35 inf
  133 G   -2 -3 -1 -3 -4 -2 -1  6  1 -4 -4 -3 -3 -4 -2 -1 -2 -4 -4 -4    2   1   3   1   0   1   4  72   4   1   1   1   1   0   1   4   2   0   0   1  1.19 inf
  134 N   -4 -2  8  0 -5 -2  0 -3  1 -6 -6 -3 -5 -5 -4 -2 -3 -6 -4 -5    1   1  83   3   0   1   5   0   3   0   0   0   0   0   1   0   0   0   0   0  1.93 inf
  135 K   -4  0 -3 -4 -6 -1 -1 -4  1 -5 -2  7 -4 -6 -4 -3 -4 -6 -4 -5    0   1   0   0   0   0   3   0   4   0   5  86   0   0   0   0   0   0   0   0  1.69 inf
  136 G   -2 -5 -3 -4 -5 -5 -5  7 -5 -7 -7 -4 -6 -6 -5 -3 -5 -5 -6 -6    1   0   0   0   0   0   0  98   0   0   0   0   0   0   0   0   0   0   0   0  2.30 inf
  137 V    2  0 -2  0 -2 -2  0 -2 -1 -1 -2 -2 -2  3 -3  1  0  5  1  0   19   7   0   6   0   0   7   2   1   2   0   0   0  14   0  15   5   8   5   7  0.23 inf
  138 D   -3 -3 -1  4 -6 -1  6 -4 -3 -5 -6 -2 -4 -6 -4 -1 -3 -6 -4 -5    1   0   2  25   0   0  66   0   0   0   0   0   0   0   0   4   0   0   1   0  1.46 inf
  139 C    5 -4 -4 -4  5 -4 -4 -1 -4 -4 -4 -4 -3 -2 -4 -1  0  3  2 -2   61   0   0   0  14   0   0   4   0   0   0   0   0   1   0   3   4   3   8   2  0.96 inf
  140 A    6 -4 -4 -5 -3 -4 -4 -1 -4 -3 -3 -4  2 -5 -4 -2 -1 -5 -5 -2   84   0   0   0   0   0   0   4   0   1   0   0   5   0   0   0   3   0   0   2  1.37 inf
  141 V    0  1 -2 -3 -2  1 -2 -4 -3  2  3 -1  4 -1 -3 -1  0 -3 -2  1    7   7   1   1   0   8   1   0   0  10  28   3  14   1   0   2   4   0   1  11  0.26 inf
  142 S    3 -3 -1 -2  0 -1 -2  0 -3 -2 -3 -3 -3 -4 -3  2  3 -5 -4  1   32   0   2   1   2   2   0   6   0   0   0   0   0   0   0  17  25   0   0  13  0.50 inf
  143 A    6 -4 -4 -5  1 -4 -4 -2 -4 -3 -1 -4  0 -4 -4 -1 -2 -5 -4  0   79   0   0   0   2   0   0   1   0   0   7   0   2   0   0   2   1   0   0   6  1.16 inf
  144 I   -3 -5 -6 -6 -3 -5 -5 -6 -5  5  4 -5  1 -2 -5 -4 -3 -4 -2  3    0   0   0   0   0   0   0   0   0  42  37   0   3   0   0   0   0   0   1  17  1.01 inf
  145 E   -4 -2 -3 -1 -6  0  7 -5 -3 -5 -6  2 -5 -6 -4 -2 -3 -6 -3 -5    0   0   0   0   0   3  82   0   0   0   0  10   0   0   0   2   1   0   1   0  1.68 inf
  146 M   -4 -5 -5 -6 -1 -3 -5 -6 -5 -2  0 -5 10 -3 -6 -3  0 -5 -4 -1    0   0   0   0   1   1   0   0   0   0   5   0  84   0   0   2   5   0   0   2  2.41 inf
  147 A    4 -3 -4 -4 -3 -3 -4 -1 -3  3  0 -3  0 -3 -4 -2 -2 -4 -3  3   43   1   0   0   0   0   0   3   0  19   7   0   1   0   0   1   0   0   0  24  0.60 inf
  148 N   -1  0  6  1 -2  0 -2 -2 -1 -4 -4  0 -3 -5 -4  2 -1 -5 -2 -4    3   4  49   8   1   4   0   2   1   0   1   4   0   0   0  19   2   0   2   0  0.82 inf
  149 L   -3 -4 -6 -6 -4 -3 -5 -6 -5  1  5 -5  2  2 -5 -4 -2 -4 -3  1    1   0   0   0   0   1   0   0   0   5  73   0   3   7   0   0   1   0   0  10  1.06 inf
  150 N   -2  0 -1 -3 -2 -1 -2 -3 -1  1  3 -1  4  2 -4 -2 -1 -2  2  0    2   6   4   0   0   3   1   1   1   8  29   3  17   9   0   1   2   0   7   4  0.29 inf
  151 R   -1  4  0 -1 -3  2  1 -2 -1 -2 -3  5 -2 -4 -3 -1 -2  0 -3 -3    5  22   3   3   1   8   8   2   1   2   1  38   1   0   0   2   1   2   0   0  0.57 inf
  152 S    1  0  0  1 -4  4  1 -2 -1 -3 -3  3 -1 -3 -3  0  0 -4 -3 -2   15   2   4   6   0  28   8   1   1   1   1  17   1   1   0   7   6   0   0   2  0.41 inf
  153 F   -2 -5 -5 -6 -3 -4 -5 -6 -5  5  4 -5  3  0 -5 -4 -3 -4 -2  0    3   0   0   0   0   0   0   0   0  35  48   0   6   4   0   0   0   0   1   2  0.92 inf
  154 E   -3  3 -1  3 -5  2  3 -3 -2 -5 -4  4 -3 -5 -3 -2 -2 -5 -4 -4    0  18   0  21   0   9  19   0   0   0   0  33   0   0   0   0   0   0   0   0  0.79 inf

                      K         Lambda
Standard Ungapped    0.1348     0.3180
Standard Gapped      0.0607     0.2670
PSI Ungapped         0.1986     0.3172
PSI Gapped           0.0607     0.2670
