
Last position-specific scoring matrix computed, weighted observed percentages rounded down, information per position, and relative weight of gapless real matches to pseudocounts
           A  R  N  D  C  Q  E  G  H  I  L  K  M  F  P  S  T  W  Y  V   A   R   N   D   C   Q   E   G   H   I   L   K   M   F   P   S   T   W   Y   V
    1 A    4 -1 -1 -1 -1 -1 -1  0 -2 -2 -2 -1 -1 -2 -1  2  1 -3 -2 -1   66   0   0   0   0   0   0   0   0   0   0   0   0   0   0  23  11   0   0   0  0.34 inf
    2 V   -1 -3 -3 -4 -1 -2 -3 -4 -3  2  2 -3  1 -1 -3 -2  0 -3 -1  4    0   0   0   0   0   0   0   0   0   0  26   0   0   0   0   0   0   0   0  74  0.34 inf
    3 V   -1 -3 -3 -3 -1 -2 -3 -3 -3  3  1 -2  1 -1 -3 -2  1 -3 -1  3    0   0   0   0   0   0   0   0   0  33   9   0   0   0   0   0   9   0   0  48  0.29 inf
    4 K   -1  4  0 -1 -3  1  1 -2 -1 -3 -3  5 -2 -3 -1  0 -1 -3 -2 -3    0  28   0   0   0   0   0   0   0   0   0  72   0   0   0   0   0   0   0   0  0.55 inf
    5 V    0 -3 -3 -4 -1 -3 -3 -4 -3  3  1 -3  1 -1 -3 -2  0 -3 -1  4    0   0   0   0   0   0   0   0   0   7   0   0   0   0   0   0   0   0   0  93  0.38 inf
    6 P   -1 -2 -2 -2 -3 -1 -1 -2 -2 -3 -3 -1 -3 -4  8 -1  0 -4 -3 -2    0   0   0   0   0   0   0   0   0   0   0   0   0   0  92   0   8   0   0   0  1.86 inf
    7 L   -2 -2 -4 -4 -1 -2 -3 -4 -3  2  4 -3  2  0 -3 -3 -1 -2 -1  1    0   0   0   0   0   0   0   0   0   0 100   0   0   0   0   0   0   0   0   0  0.49 inf
    8 K   -1  4  0 -1 -3  1  0 -2 -1 -3 -3  4 -1 -3 -1  0  0 -3 -2 -2    0  25   0   0   0   0   0   0   0   0   0  67   0   0   0   0   9   0   0   0  0.47 inf
    9 K   -1  3  0 -1 -3  1  1 -2 -1 -3 -3  5 -2 -3 -1  0 -1 -3 -2 -3    0   9   0   0   0   0   0   0   0   0   0  91   0   0   0   0   0   0   0   0  0.55 inf
   10 F   -2 -3 -3 -4 -2 -3 -3 -3 -2  1  2 -3  2  5 -3 -2 -2  0  2  1    0   0   0   0   0   0   0   0   0   0  23   0  14  55   0   0   0   0   0   9  0.41 inf
   11 K   -1  2  0 -1 -3  1  2 -2 -1 -3 -3  5 -2 -3 -1  0 -1 -3 -2 -3    0   0   0   0   0   0   8   0   0   0   0  92   0   0   0   0   0   0   0   0  0.54 inf
   12 S    1 -1  1  0 -1  0  0  0 -1 -3 -3  0 -2 -3 -1  4  1 -3 -2 -2    0   0   0   0   0   0   0   0   0   0   0   0   0   0   0 100   0   0   0   0  0.50 inf
   13 I   -2 -3 -4 -4 -1 -3 -4 -4 -4  5  2 -3  1  0 -3 -3 -1 -3 -2  3    0   0   0   0   0   0   0   0   0  92   8   0   0   0   0   0   0   0   0   0  0.42 inf
   14 R   -2  6 -1 -2 -4  1  0 -3  0 -3 -2  2 -2 -3 -2 -1 -1 -3 -2 -3    0 100   0   0   0   0   0   0   0   0   0   0   0   0   0   0   0   0   0   0  0.81 inf
   15 E   -1  0  0  1 -4  2  5 -2  0 -4 -3  1 -2 -4 -1  0 -1 -3 -2 -3    0   0   0   0   0   7  93   0   0   0   0   0   0   0   0   0   0   0   0   0  0.75 inf
   16 T    1 -1  1 -1 -1 -1 -1 -1 -2  0 -1 -1 -1 -2 -1  2  4 -3 -2  0    7   0   8   0   0   0   0   0   0   7   0   0   0   0   0   9  69   0   0   0  0.34 inf
   17 M   -1 -2 -3 -4 -2 -1 -2 -3 -2  1  3 -2  6  0 -3 -2 -1 -2 -1  1    0   0   0   0   0   0   0   0   0   0  24   0  76   0   0   0   0   0   0   0  0.40 inf
   18 K   -1  3  0 -1 -3  1  1 -2 -1 -3 -3  5 -2 -3 -1  0 -1 -3 -2 -3    0  14   0   0   0   0   0   0   0   0   0  86   0   0   0   0   0   0   0   0  0.55 inf
   19 E   -1  0  0  2 -4  2  5 -2  0 -4 -3  1 -2 -4 -1  0 -1 -3 -2 -3    0   0   0   8   0   0  92   0   0   0   0   0   0   0   0   0   0   0   0   0  0.75 inf
   20 K   -1  2  0 -1 -3  3  1 -2  0 -3 -3  4 -1 -3 -1  0 -1 -3 -2 -3    0   0   0   0   0  27   0   0   0   0   0  73   0   0   0   0   0   0   0   0  0.51 inf
   21 G    0 -3 -1 -2 -3 -2 -2  6 -2 -4 -4 -2 -3 -3 -2  0 -2 -3 -3 -4    0   0   0   0   0   0   0 100   0   0   0   0   0   0   0   0   0   0   0   0  1.09 inf
   22 L   -1 -2 -4 -4 -1 -2 -3 -4 -3  2  4 -3  2  0 -3 -3 -1 -2 -1  2    0   0   0   0   0   0   0   0   0   0  78   0   0   0   0   0   0   0   0  22  0.40 inf
   23 L   -2 -2 -4 -4 -1 -2 -3 -4 -3  2  4 -3  2  0 -3 -3 -1 -2 -1  1    0   0   0   0   0   0   0   0   0   0 100   0   0   0   0   0   0   0   0   0  0.49 inf
   24 G   -1  1  0  0 -3  1  3  3 -1 -3 -3  2 -2 -3 -2  0 -1  3 -2 -3    0   5   0   0   0   0  38  27   0   0   0  24   0   0   0   0   0   6   0   0  0.38 inf
   25 E   -1 -1  0  4 -4  1  5 -2  0 -4 -3  0 -3 -4 -1  0 -1 -4 -3 -3    0   0   0  29   0   0  71   0   0   0   0   0   0   0   0   0   0   0   0   0  0.70 inf
   26 F   -3 -3 -3 -4 -3 -4 -4 -4 -1  0  0 -3  0  7 -4 -3 -2  1  3 -1    0   0   0   0   0   0   0   0   0   0   0   0   0 100   0   0   0   0   0   0  0.82 inf
   27 L   -2 -2 -4 -4 -1 -2 -3 -4 -3  2  4 -3  2  0 -3 -3 -1 -2 -1  1    0   0   0   0   0   0   0   0   0   0 100   0   0   0   0   0   0   0   0   0  0.49 inf
   28 R   -1  4  1 -1 -3  1  0 -2  0 -3 -3  4 -2 -3 -2  0 -1 -3 -2 -3    0  42  10   0   0   0   0   0   0   0   0  48   0   0   0   0   0   0   0   0  0.51 inf
   29 T    0 -1  2 -1 -1 -1 -1 -2 -1 -1 -2 -1 -1 -3 -1  1  5 -3 -2  0    0   0  15   0   0   0   0   0   0   0   0   0   0   0   0   0  85   0   0   0  0.45 inf
   30 H   -2 -1  2 -1 -3  0  0 -2  8 -3 -3 -1 -2 -1 -2 -1 -2 -2  2 -3    0   0  17   0   0   0   0   0  76   0   0   0   0   0   0   0   0   0   7   0  0.74 inf
   31 K   -1  2  0 -1 -3  1  1 -2  2 -3 -3  4 -2 -3  1  0 -1 -3 -2 -3    0   0   0   0   0   0   9   0   8   0   0  78   0   0   6   0   0   0   0   0  0.45 inf
   32 Y   -2 -1  1 -2 -3 -1 -2 -3  5 -2 -2 -2 -1  2 -3 -1 -2  1  6 -2    0   0   8   0   0   0   0   0  22   0   0   0   0   0   0   0   0   0  70   0  0.67 inf
   33 D   -2 -2  1  6 -4  0  2 -2 -1 -4 -4 -1 -3 -4 -2  0 -1 -5 -3 -4    0   0   0 100   0   0   0   0   0   0   0   0   0   0   0   0   0   0   0   0  0.99 inf
   34 P   -1 -2 -2 -2 -3 -2 -1 -2 -2 -3 -3 -1 -3 -4  8 -1 -1 -4 -3 -3    0   0   0   0   0   0   0   0   0   0   0   0   0   0 100   0   0   0   0   0  2.09 inf
   35 A    4 -2 -2 -2 -1 -1 -1  2 -2 -2 -2 -1 -1 -3 -1  1  0 -3 -2 -1   86   0   0   0   0   0   0  14   0   0   0   0   0   0   0   0   0   0   0   0  0.41 inf
   36 W   -1  2 -1 -1 -3  4  1 -2  0 -2 -1  1  0 -2 -2 -1 -1  6  0 -2    0  15   0   0   0  57   0   0   0   0  10   0   0   0   0   0   0  18   0   0  0.51 inf
   37 K   -1  3  0 -1 -3  1  1 -2 -1 -3 -3  5 -2 -3 -1  0 -1 -3 -2 -3    0   7   0   0   0   0   0   0   0   0   0  93   0   0   0   0   0   0   0   0  0.56 inf
   38 Y   -2 -2 -2 -3 -3 -2 -2 -3  2 -2 -1 -2 -1  3 -3 -2 -2  2  7 -1    0   0   0   0   0   0   0   0   0   0   0   0   0   0   0   0   0   0 100   0  0.96 inf
   39 R   -2  4  0 -2 -4  1  0 -2  6 -3 -3  1 -2 -2 -2 -1 -2 -3  0 -3    0  51   0   0   0   0   0   0  49   0   0   0   0   0   0   0   0   0   0   0  0.63 inf
   40 F   -2 -3 -3 -4 -3 -3 -3 -3 -1  0  0 -3  0  6 -4 -3 -2  1  4  0    0   0   0   0   0   0   0   0   0   0   0   0   0  86   0   0   0   0   8   6  0.70 inf
   41 G    0 -2  0 -1 -2 -1 -2  5 -2 -3 -3 -1 -2 -3 -2  1  0 -3 -3 -3    0   0   0   0   0   0   0  73   0   0   0   0   0   0   0  19   8   0   0   0  0.72 inf
   42 D   -2 -1  2  6 -4  0  1 -1 -1 -3 -4  0 -3 -4 -2  0 -1 -5 -3 -3    0   0   7  86   0   0   0   0   0   0   0   7   0   0   0   0   0   0   0   0  0.83 inf
   43 L   -2 -3 -3 -4 -2 -3 -3 -4 -2  0  2 -3  1  6 -4 -3 -2  0  2  0    0   0   0   0   0   0   0   0   0   0  32   0   0  68   0   0   0   0   0   0  0.54 inf

                      K         Lambda
Standard Ungapped    0.1412     0.3227
Standard Gapped      0.0436     0.2670
PSI Ungapped         0.1462     0.3143
PSI Gapped           0.0436     0.2670
