
Last position-specific scoring matrix computed, weighted observed percentages rounded down, information per position, and relative weight of gapless real matches to pseudocounts
           A  R  N  D  C  Q  E  G  H  I  L  K  M  F  P  S  T  W  Y  V   A   R   N   D   C   Q   E   G   H   I   L   K   M   F   P   S   T   W   Y   V
    1 S    3 -2  3 -1 -2 -1 -1 -1 -1 -2 -3 -1 -2 -3 -2  3  2 -4 -2 -2   32   0  23   0   0   0   0   0   0   0   0   0   0   0   0  27  18   0   0   0  0.41 inf
    2 L   -3 -4 -5 -5 -3 -4 -5 -5 -5  3  4 -4  1 -2 -5 -4 -2 -4 -3  3    0   0   0   0   0   0   0   0   0  19  54   0   1   0   0   0   0   0   0  26  0.87 inf
    3 C   -1 -4 -3 -4  7 -3 -4 -3 -4  0  3 -3  1 -3 -4  3 -2 -4 -3 -1    4   0   0   0  26   0   0   1   0   3  34   0   3   0   0  27   0   0   0   2  0.72 inf
    4 K   -1  2 -2 -3 -4  1 -2 -4  4 -3 -2  2  4  2 -4 -1 -2  1  5 -3    4  10   0   0   0   5   1   0  13   0   1  16  15   8   0   3   0   2  22   0  0.51 inf
    5 H   -2 -2  4 -1 -5 -1  2  1  8 -5 -5 -2 -4 -2 -4 -2 -2 -5  0 -5    3   1  18   3   0   1  15  12  41   0   0   0   0   1   0   1   1   0   3   0  1.03 inf
    6 R   -1  4 -1 -2 -4  2  1 -3  2 -2 -2  3 -2  2 -3 -2  0 -1 -1 -3    4  24   2   0   0  10  11   0   6   2   3  19   0  12   0   1   5   1   1   0  0.39 inf
    7 P    1 -4  2 -2  1 -3 -2 -3 -4 -5 -5 -2 -5 -6  7  1 -3 -6 -5 -4   13   0  12   2   3   0   1   1   0   0   0   1   0   0  55  12   0   0   0   0  1.37 inf
    8 F   -3 -3 -4 -2 -4 -4 -3 -5  0  0  2 -4 -1  7 -5 -4 -4  2  4 -2    2   1   1   3   0   0   1   0   2   4  18   0   1  48   0   0   0   3  15   1  1.04 inf
    9 I   -2  4  1 -1 -4  2 -1 -4 -1  0  1  3 -1 -3 -3 -1 -2 -4 -3 -2    2  25   7   2   0  10   0   0   1   6  14  25   1   0   0   3   1   0   0   2  0.43 inf
   10 A    1  0 -2  0 -4  0  2  0 -1 -4 -2  0 -3 -2  5  1 -1 -4 -2 -3   12   5   1   3   0   3  14   6   1   0   4   7   0   1  28  11   2   0   1   1  0.47 inf
   11 W   -1  1  2  0 -4  1  3 -2  3 -3 -3  2 -3 -2 -2 -1 -2  5  0 -3    6   8  10   4   0   6  23   2   7   1   2  13   0   1   1   3   1  10   2   0  0.40 inf
   12 T   -2 -2 -4 -3 -3 -3 -1 -3 -1 -2  0 -3 -2  5 -3 -2  2  5  5 -3    1   2   0   1   0   0   4   2   1   0  11   1   0  30   1   2  14   8  22   0  0.72 inf
   13 D   -1  2  2  5 -5  1  2 -3  0 -4 -4  2 -3 -5 -2 -1 -1 -5 -4 -4    5  12   7  39   0   4  10   0   2   0   1  11   0   0   1   4   3   0   0   0  0.64 inf
   14 R    1  2  2  1 -1  1  0  0  3 -3 -3  0 -2  0 -1  0 -1 -3  1 -3   13  13  15   7   1   5   5   7   8   0   1   6   0   6   2   4   2   0   4   1  0.19 inf
   15 V   -3 -3 -4 -3 -3 -4 -4 -5 -4  4  1 -4  2  5 -5 -4 -2 -1  1  1    0   1   0   1   0   0   0   0   0  27  13   0   7  34   0   0   2   0   3  10  0.73 inf
   16 Q    0  1 -1 -1 -3  1  1 -3 -1 -2 -3  1 -3 -4  6 -1 -1 -5 -4 -2    8   8   2   3   0   6  11   0   1   2   1  10   0   0  37   4   2   0   0   3  0.69 inf
   17 W   -6 -7 -7 -8 -6 -6 -7 -6 -6 -6 -3 -7 -5 -2 -8 -7 -4 13  1 -6    0   0   0   0   0   0   0   0   0   0   2   0   0   1   0   0   1  92   4   0  4.24 inf
   18 Q   -1  4  2  1 -4  2  2 -2 -1 -3 -3  1 -3 -4 -1  0 -1 -3 -3 -1    4  29  10   7   0   8  17   1   1   1   1   5   0   0   2   8   1   0   0   4  0.40 inf
   19 S   -1 -1  4  2 -3  1  1 -1  0 -2 -3  0 -3 -3 -1  0  1  2  1 -1    3   2  23  13   0   5  12   3   2   2   1   3   0   0   2   5   8   3   8   6  0.26 inf
   20 N   -1 -2  4  6 -3 -2  0  0 -1 -5 -5  0 -4 -5  0  0 -2 -6 -4 -4    5   1  24  47   0   1   3   5   1   0   0   4   0   0   4   5   1   0   0   0  0.89 inf
   21 P    0 -1  0  2 -4  1  4 -1  0 -3 -3  1 -2 -4  4  0 -2 -2 -3 -3    7   3   3  10   0   6  31   4   2   1   1   7   1   0  18   4   0   1   0   1  0.48 inf
   22 A    1  0  0  3 -4  0  3  0  0 -3 -4  1 -3 -4 -1  0  0 -4 -3 -2   15   3   2  18   0   3  28   6   2   0   0   6   0   0   2   6   4   0   0   3  0.35 inf
   23 H    1  1  0  1 -3  0  2 -1  3 -2  0  0 -1 -1 -3 -1 -1  2  2 -2   15   7   4  10   0   3  14   3  11   1  10   5   1   2   0   2   2   3   8   0  0.17 inf
   24 L   -3 -5 -5 -5 -4 -5 -5 -6 -4  0  3 -5 -1  7 -4 -4 -3 -1  1 -1    2   0   0   0   0   0   0   0   0   4  30   0   0  59   1   0   0   0   1   3  1.27 inf
   25 Q    1  1  0  1 -3  3  3 -2  0 -3 -2  3 -2 -4 -3 -1  0 -4 -3 -3   13   6   3   7   0  15  21   0   2   1   3  21   1   0   0   2   4   0   0   1  0.38 inf
   26 A    5  2 -3 -3 -1 -2 -3 -2 -1 -3 -2  1 -3 -3 -3  0 -2 -5 -3 -2   68  10   0   1   1   1   0   0   1   0   4   9   0   1   0   3   1   0   0   1  0.79 inf
   27 W   -6 -6 -7 -8 -6 -6 -7 -6 -6 -6 -5 -7 -5  0 -7 -6 -6 13 -1 -6    0   0   0   0   0   0   0   0   0   0   0   0   0   3   0   0   0  97   0   0  4.44 inf
   28 Q   -2  3 -3 -3  7  4 -1 -4 -2 -3 -3  3 -3 -5 -4 -2 -1 -4 -3 -3    1  18   0   0  24  25   0   0   1   1   0  22   0   0   0   1   4   0   0   1  0.86 inf
   29 E   -1  2  1  1 -4  4  4 -3  0 -4 -3  1 -2 -4 -3 -1  0  0 -2 -4    5  13   6   6   0  25  27   0   1   0   1   6   0   0   0   3   5   1   1   0  0.53 inf
   30 G   -1 -5 -3 -4 -5 -4 -5  7 -5 -6 -6 -4 -5 -6 -5 -3 -4 -5 -6 -6    4   0   0   0   0   0   0  96   0   0   0   0   0   0   0   0   0   0   0   0  2.09 inf
   31 K   -2  5  0 -2 -4  2  2 -4 -1 -4 -2  3  1 -4 -3 -2 -1 -4 -3 -3    2  42   4   0   0  10  12   0   1   0   3  16   4   0   0   1   3   0   0   0  0.69 inf
   32 T   -3 -4 -3 -4 -2 -4 -4 -4 -5 -4 -4 -4 -4 -5 -4 -1  8 -5 -5 -3    0   0   0   0   0   0   0   0   0   0   0   0   0   0   0   0  99   0   0   0  2.03 inf
   33 G   -2 -5 -3 -4 -5 -5 -5  7 -5 -7 -7 -4 -5 -6 -5 -3 -4 -5 -6 -6    0   0   0   0   0   0   0 100   0   0   0   0   0   0   0   0   0   0   0   0  2.24 inf
   34 Y   -4 -4 -5 -5 -3 -4 -3 -6 -1  1 -2 -4 -1  4 -5 -4 -4 -1  8  1    0   0   0   0   0   0   1   0   0  10   1   0   2  16   0   0   0   0  60  10  1.47 inf
   35 P   -3 -4 -5 -4 -6 -4 -4 -5 -4 -6 -5 -4 -6 -7  9 -3 -4 -7 -6 -5    1   1   0   0   0   0   0   0   0   0   0   0   0   0  96   0   0   0   0   0  2.89 inf
   36 I   -3 -5 -5 -5 -3 -5 -5 -6 -5  6  3 -5  1  1 -5 -4 -3 -4 -3  1    0   0   0   0   0   0   0   0   0  53  34   0   1   7   0   0   0   0   0   6  0.99 inf
   37 V   -3 -5 -6 -6 -3 -5 -5 -6 -6  3 -1 -5 -1 -3 -5 -4 -2 -5 -4  7    0   0   0   0   0   0   0   0   0  15   1   0   0   0   0   0   0   0   0  84  1.49 inf
   38 D   -5 -5 -1  8 -7 -3 -1 -4 -4 -6 -7 -4 -6 -7 -4 -3 -4 -7 -6 -6    0   0   0 100   0   0   0   0   0   0   0   0   0   0   0   0   0   0   0   0  2.45 inf
   39 A    7 -4 -4 -5 -3 -3 -4 -2 -4 -4 -4 -3 -4 -5 -3 -1 -3 -5 -5 -3  100   0   0   0   0   0   0   0   0   0   0   0   0   0   0   0   0   0   0   0  1.74 inf
   40 A    4 -4 -1 -4 -2 -3 -4  5 -4 -3 -5 -3 -4 -5 -4 -1 -3 -5 -5 -3   41   0   2   0   0   0   0  54   0   2   0   0   0   0   0   0   0   0   0   0  1.15 inf
   41 M   -4 -5 -5 -6 -5 -1 -5 -6 -5 -1 -1 -5 10 -3 -6 -5 -4 -5 -4 -1    0   0   0   0   0   2   0   0   0   1   2   0  93   0   0   0   0   0   0   3  2.65 inf
   42 R   -3  8 -3 -4 -6 -1 -3 -5 -2 -4 -4  0 -3 -6 -5 -3 -4 -6 -5 -5    2  91   0   0   0   0   0   0   1   1   2   2   0   0   0   0   0   0   0   0  2.00 inf
   43 Q   -2 -2 -3 -2  1  7  5 -5 -1 -5 -5 -1 -2 -6 -4 -2 -3 -5 -4 -5    1   0   0   0   4  58  33   0   1   0   0   1   1   0   0   0   0   0   0   0  1.46 inf
   44 L   -3 -5 -6 -6 -2 -5 -5 -6 -5  0  6 -5  2 -1 -5 -5 -4 -4 -3 -1    1   0   0   0   1   0   0   0   0   2  91   0   5   1   0   0   0   0   0   1  1.43 inf
   45 N   -2  1  4 -3 -4 -2 -3 -4 -2 -2  0  0 -3 -2 -4 -2 -1  9  1 -2    4  10  28   0   0   1   0   0   0   2  11   5   0   1   0   2   2  28   5   2  0.92 inf
   46 S    3  0 -1 -2 -2  3  2 -2  3 -3 -3  0 -2 -3 -3  0  0 -4 -1 -1   29   4   2   0   0  21  14   1   8   0   1   3   0   0   0   4   6   0   1   5  0.37 inf
   47 T   -2 -3 -2 -1 -1 -1  2 -4 -2 -2 -2 -3 -1 -4 -3  0  7 -5 -4 -2    2   0   0   2   1   2  12   0   1   2   2   0   1   0   0   4  71   0   0   1  1.08 inf
   48 G   -1 -5 -3 -4 -5 -4 -5  7 -5 -6 -6 -4 -5 -6 -5 -2 -4 -5 -6 -6    4   0   0   0   0   0   0  94   0   0   0   1   0   0   0   1   0   0   0   0  2.05 inf
   49 W   -5 -2 -6 -4 -5 -5 -5 -6 -2 -4 -3 -4 -3  3 -6 -4 -3 11  5 -2    0   2   0   1   0   0   0   0   1   0   1   1   1  11   0   1   2  59  19   2  2.47 inf
   50 M   -3 -4 -5 -6  0 -3 -5 -6 -5  2  1 -4 10 -3 -5 -4 -3 -5 -4  0    0   0   0   0   2   0   0   0   0   8   9   0  76   0   0   0   1   0   0   4  1.97 inf
   51 H   -5 -3 -1 -4 -6 -3 -3 -5 11 -7 -6 -4 -5 -5  0 -1 -5 -6 -2 -6    0   0   2   0   0   0   0   0  88   0   0   0   0   0   4   5   0   0   0   0  2.76 inf
   52 N   -5 -3  9  1 -6 -3 -3 -3 -2 -6 -7 -3 -5 -6 -5 -2 -3 -7 -2 -6    0   0  93   4   0   0   0   1   0   0   0   0   0   0   0   0   0   0   1   0  2.25 inf
   53 R   -4  8 -3 -5 -7 -1 -3 -5 -3 -6 -5  0 -4 -6 -5 -4 -4 -6 -5 -6    0  97   0   0   0   1   0   0   0   0   0   2   0   0   0   0   0   0   0   0  2.31 inf
   54 L    0 -4 -4 -4  3 -3 -4 -1 -4  2  2 -3  1 -2 -3 -2 -1 -4 -3  4    9   0   0   0   8   0   0   6   0  10  24   0   3   0   1   2   1   0   0  35  0.43 inf
   55 R   -4  8 -3 -5 -7 -2 -3 -5 -3 -6 -5 -1 -4 -6 -5 -4 -4 -6 -5 -6    0 100   0   0   0   0   0   0   0   0   0   0   0   0   0   0   0   0   0   0  2.43 inf
   56 M   -4 -4 -5 -6 -4 -1 -5 -6 -5 -1  1 -4 10 -3 -5 -4 -2 -5 -4  1    0   0   0   0   0   3   0   0   0   0   7   0  78   0   0   0   1   0   0  10  2.04 inf
   57 I   -2 -5 -2 -5 -3 -5 -5 -6 -5  6  1 -5 -1 -2 -5 -4 -2 -5 -3  4    1   0   3   0   0   0   0   0   0  56   8   0   0   0   0   0   0   0   0  32  1.09 inf
   58 T    0 -4 -4 -4  0 -4 -3 -4 -5  1 -2 -4 -2 -3 -4 -1  3 -5 -3  6    9   0   0   0   2   0   1   0   0   3   0   0   0   0   0   2  22   0   0  62  0.88 inf
   59 A    6 -4 -3 -4 -3 -3 -3  1 -4 -4 -4 -3 -3 -5 -3  2 -2 -5 -4 -3   74   0   0   0   0   0   0   8   0   0   0   0   0   0   0  18   0   0   0   0  1.15 inf
   60 S   -1 -3  0 -3 -2 -1 -3 -2 -3 -5 -4 -3  2 -2 -4  7 -1 -5 -4 -4    0   0   3   0   1   2   0   1   0   0   0   0   7   1   0  85   0   0   0   0  1.40 inf
   61 F   -5 -6 -6 -7 -5 -6 -6 -6 -4 -3 -2 -6 -3  9 -7 -5 -5  0  3 -4    0   0   0   0   0   0   0   0   0   0   1   0   0  91   0   0   0   1   6   0  2.40 inf
   62 L   -1 -4 -6 -6 -1 -4 -5 -6 -5 -1  6 -5  0  1 -5 -3 -3 -4 -2 -1    5   0   0   0   1   0   0   0   0   0  84   0   0   6   0   1   0   0   1   1  1.18 inf
   63 V   -1 -4 -3 -4  4 -3 -4 -4 -4  1 -2 -3 -2 -3 -4  0  4 -5 -3  4    2   0   1   0   8   0   0   0   0   7   0   0   0   0   0   7  36   0   0  38  0.75 inf
   64 K   -4  0 -3 -4 -6 -1 -2 -5 -4 -6 -5  8 -2 -6 -4 -3 -4 -6 -5 -5    0   1   0   0   0   0   0   0   0   0   0  98   1   0   0   0   0   0   0   0  2.06 inf
   65 D   -3 -2  3  5 -5 -2 -2 -3  6 -3 -3 -3 -1 -1 -4 -2 -1 -5 -2  0    0   1  17  36   0   0   0   0  27   0   2   0   2   3   0   0   3   0   0   9  0.90 inf
   66 L   -3 -5 -6 -6 -1 -5 -5 -6 -5 -1  6 -5  1 -2 -5 -5 -4 -4 -2 -2    1   0   0   0   1   0   0   0   0   0  96   0   1   0   0   0   0   0   1   0  1.54 inf
   67 L   -3 -1 -3 -4 -3  1 -3  0  3  0  4 -3  2  0 -4 -3 -3 -2  0 -1    0   4   1   0   0   8   0  10   8   4  53   0   5   4   0   0   0   0   3   0  0.48 inf
   68 I   -2 -4 -5 -5  1 -2 -5 -5 -3  6  2 -4  0 -2 -5 -3 -1 -4 -3  3    1   0   0   0   3   2   0   0   1  55  20   0   0   0   0   1   2   0   0  15  0.86 inf
   69 D   -4 -4  0  7 -6 -3 -1 -4  4 -6 -6 -3 -5 -6  4 -2 -3 -2 -4 -5    0   0   4  62   0   0   1   0  12   0   0   0   0   0  19   1   0   1   0   0  1.47 inf
   70 W   -6 -5 -8 -8 -6 -6 -7 -6 -6 -6 -5 -7 -5 -3 -4 -7 -6 13 -1 -7    0   1   0   0   0   0   0   0   0   0   0   0   0   0   1   0   0  98   1   0  4.53 inf
   71 R   -3  7 -3 -4 -5  3 -2 -4 -1 -4 -4  2 -2 -5 -3 -3 -1  0 -3 -5    1  69   0   0   0  11   0   1   1   1   1   8   1   0   1   0   4   1   0   0  1.34 inf
   72 E   -2  1 -2 -2 -2 -1  1 -4  3  0  0  0  0 -1 -3 -2 -2  9  0 -1    3   9   2   1   1   1  11   0   8   7   8   7   3   1   1   1   1  32   2   4  0.79 inf
   73 G   -2 -5 -3 -4  0 -5 -5  7 -5 -7 -7 -4 -6 -6 -5 -3 -4 -5 -6 -6    1   0   0   0   2   0   0  97   0   0   0   0   0   0   0   0   0   0   0   0  2.18 inf
   74 E    2 -2 -3 -1 -5  0  6 -3 -3 -4 -3 -2  4 -4 -4 -2 -3 -5 -2 -4   18   0   0   0   0   3  63   0   0   0   1   0  11   0   0   0   0   0   1   0  1.05 inf
   75 R    1  5 -2  0 -4  2  1 -3 -1 -4 -3  3 -3 -4 -3 -1 -2 -2 -3 -3   15  34   0   4   0   9  10   0   1   0   1  22   0   0   0   1   1   0   0   0  0.63 inf
   76 Y   -4 -5 -5 -6 -5 -4 -4 -6  4 -4 -4 -4 -4  2 -6 -5 -5 10  7 -5    1   0   0   0   0   0   0   0   9   1   0   1   0   6   0   0   0  38  44   0  2.26 inf
   77 F   -5 -6 -6 -7 -6 -6 -6 -6 -4 -3 -3 -6 -3  9 -7 -6 -5 -2  1 -4    0   0   0   0   0   0   0   0   0   0   0   0   0  98   0   0   0   0   2   0  2.67 inf
   78 M    2  1 -3 -3 -4 -2  0 -4 -3 -2  0 -2  6 -1 -4 -2 -2  9 -1 -3   18   7   0   1   0   1   6   0   0   1   7   1  24   2   0   1   1  27   1   0  0.93 inf
   79 S   -2  0  0  5 -3  2  3 -3 -1 -4 -3  0 -3 -5 -3  1  0 -5 -2 -4    2   5   3  38   0  12  16   0   1   0   2   5   0   0   0  11   4   0   1   0  0.64 inf
   80 Q   -2  0  0 -3  3  2 -1 -3  4 -3 -1  2 -1 -3 -3 -1  3  0 -1 -1    1   4   3   0   6  12   1   0  13   0   6  17   1   0   0   1  29   2   2   3  0.40 inf
   81 L   -3 -5 -6 -6 -4 -5 -4 -6 -5 -1  6 -5  0 -1 -5 -5 -4 -4 -4 -2    2   0   0   0   0   0   1   0   0   0  96   0   0   1   0   0   0   0   0   0  1.54 inf
   82 I   -2 -3 -1 -5 -2 -4 -4 -5 -3  4  2 -4  0 -1 -4 -3 -1 -4 -2  4    2   1   3   0   1   0   0   0   0  29  22   0   1   1   0   0   2   0   0  37  0.66 inf
   83 D   -5 -5 -2  8 -7 -3 -1 -4 -4 -6 -7 -4 -6 -7 -5 -3 -4 -8 -6 -6    0   0   0 100   0   0   0   0   0   0   0   0   0   0   0   0   0   0   0   0  2.50 inf
   84 G    3 -4 -3 -4 -2 -2 -3  4  1 -4 -4 -3 -3  1 -4 -2 -3  3  4 -3   33   0   0   0   1   1   0  35   3   0   0   0   0   5   0   0   0   4  19   0  0.78 inf
   85 D   -5 -4  0  8 -4 -3  1 -4 -3 -6 -7 -3 -6 -5 -4 -2 -3 -7 -5 -6    0   0   1  92   0   0   5   0   0   0   0   0   0   0   0   1   0   0   0   0  2.14 inf
   86 L   -1 -3 -3 -4 -3 -3 -2 -4 -2  0  4 -3  1  2  2 -2 -2 -3  0  1    5   1   0   0   0   0   3   0   1   4  44   0   3  11  13   2   2   0   3   8  0.41 inf
   87 A    6 -3 -3 -3 -1 -3  1 -1 -4 -4 -4 -3 -3 -5 -2  1 -2 -5 -4 -2   74   0   0   0   1   0  10   2   0   0   0   0   0   0   1  10   0   0   0   2  1.01 inf
   88 A    3 -3  3 -2  0 -1 -2 -2 -3 -2 -3 -2 -3 -4 -3  5 -1 -5 -4 -2   23   0  18   0   2   2   0   0   0   2   2   0   0   0   0  49   0   0   0   2  0.74 inf
   89 N   -4 -3  8  2 -6 -3 -3 -3 -2 -6 -6 -3 -5 -6 -5 -2 -3 -7 -5 -6    0   0  87  12   0   0   0   0   0   0   0   0   0   0   0   1   0   0   0   0  2.12 inf
   90 N    1 -2  5 -2 -2  0 -2 -2  0  1 -3 -2 -2 -3  0  0  0 -2 -1  1   16   0  36   0   0   5   0   1   3   9   0   0   0   0   4   6   4   1   2  12  0.38 inf
   91 G    0 -4 -2 -4  1 -3 -4  5  2 -2  1 -3  2 -1 -4 -2 -2 -4 -3 -2    9   0   0   0   3   0   0  51   6   0  17   0   6   3   0   0   1   0   0   2  0.69 inf
   92 G   -2 -4  4 -3 -5 -2 -4  6 -3 -6 -6 -3 -5 -5 -4  1 -3 -5 -5 -5    1   0  25   0   0   1   0  64   0   0   0   0   0   0   0   9   0   0   0   0  1.36 inf
   93 W   -6 -7 -8 -8 -6 -6 -7 -6 -6 -6 -5 -7 -5 -2 -8 -7 -6 13 -1 -7    0   0   0   0   0   0   0   0   0   0   0   0   0   1   0   0   0  99   0   0  4.66 inf
   94 Q   -4 -2 -1 -3 -6  9 -1 -1 -3 -6 -3 -2 -3 -6 -4 -3 -4 -5 -5 -5    0   0   2   0   0  90   0   6   0   0   2   0   0   0   0   0   0   0   0   0  2.08 inf
   95 W   -6 -3 -7 -8 -6 -5 -6 -6 -5 -6 -5 -6 -5  2 -7 -6 -6 12  4 -6    0   1   0   0   0   0   0   0   0   0   0   0   0   6   0   0   0  79  13   0  3.59 inf
   96 A    2 -3 -3 -3  2 -3 -3 -2 -4  3 -1 -3 -1 -3 -3  2  0 -4 -3  3   22   0   0   0   4   0   0   2   0  18   0   0   1   0   0  20   6   0   0  27  0.42 inf
   97 A    6 -4 -3 -4 -2 -3 -3 -2 -4 -4 -4 -3 -3 -5 -3  3  0 -5 -4 -3   76   0   1   0   0   0   0   1   0   0   0   0   0   0   0  19   3   0   0   0  1.19 inf
   98 S   -2 -4 -2 -3 -4 -3 -4  6 -4 -6 -6 -3 -5 -5 -4  4 -2 -5 -5 -5    0   0   0   0   0   0   0  59   0   0   0   0   0   0   0  41   0   0   0   0  1.39 inf
   99 T   -2 -3 -2 -3  5 -1 -3 -3 -4 -2 -3 -3 -3 -4 -3  3  5 -5 -3  1    0   0   0   0  15   2   0   1   0   0   0   0   0   0   0  30  41   0   0  10  0.87 inf
  100 G   -2 -5 -3 -4 -5 -4 -5  7 -5 -4  0 -4 -4 -5 -5 -3 -4 -5 -5 -5    0   0   0   0   0   0   0  90   0   1  10   0   0   0   0   0   0   0   0   0  1.83 inf
  101 T    2 -3  0 -2  3 -3 -3 -3 -4 -1 -2 -3  1 -4  3 -1  3 -4 -3  1   20   0   4   1   7   0   0   0   0   3   1   0   5   0  17   0  28   0   0  14  0.49 inf
  102 D   -5 -5 -1  8 -3 -3 -1 -4 -4 -6 -7 -4 -6 -7 -4 -3 -4 -7 -6 -6    0   0   1  97   1   0   0   0   0   0   0   0   0   0   0   0   0   0   0   0  2.36 inf
  103 A    5 -3 -3 -3 -3 -2 -3  1 -4 -2 -4 -3 -3 -4  2  1  0 -4 -1 -2   60   0   0   0   0   1   0  10   0   1   0   0   0   0  11   9   5   0   2   1  0.77 inf
  104 A    3  2 -1 -3 -1  3 -1 -2  2 -3 -3  0 -2 -4 -2  1 -1 -4 -3  0   33  11   2   0   1  19   0   0   6   0   0   5   0   0   1   9   1   0   0  10  0.38 inf
  105 P   -3 -4 -4 -3 -5 -3  1 -2 -4 -5 -5 -3 -2 -6  8 -2 -4 -6 -5 -4    1   0   0   1   0   0  10   3   0   0   0   1   1   0  80   2   0   0   0   1  2.17 inf
  106 Y   -4 -4 -2 -5 -4 -4 -4 -5  0 -2  1 -4  0  3 -5 -4 -4  3  8 -3    1   0   2   0   0   0   0   0   1   1  13   0   2  10   0   0   0   3  64   0  1.51 inf
  107 F   -4 -4 -4  0 -4 -4 -2 -3 -3 -2 -2 -4 -2  8 -4 -2 -3 -2  1 -2    1   0   0   6   0   0   4   2   0   1   2   1   0  74   1   3   1   0   2   2  1.43 inf
  108 R   -4  8 -3 -5 -7 -2 -3 -4 -2 -6 -5 -1 -4 -6 -5 -4 -4 -6 -2 -6    0  98   0   0   0   0   0   1   0   0   0   0   0   0   0   0   0   0   1   0  2.31 inf
  109 I   -3 -5 -5 -5 -3 -4 -5 -5 -5  6  0 -5  2 -2 -5 -4 -1 -4 -1  4    0   0   0   0   0   0   0   1   0  60   4   0   6   1   0   0   2   0   2  25  1.08 inf
  110 F   -5 -5 -5  1 -5 -4 -4 -6 -4 -1 -1 -5  1  8 -6 -5 -4 -2  0 -3    0   0   0  10   0   0   1   0   0   3   4   0   4  77   0   0   0   0   0   1  1.71 inf
  111 N   -3 -3  8  1 -6 -3 -3 -3  0 -6 -6 -3 -5 -6 -5 -1 -3 -7 -5 -6    2   0  90   4   0   0   0   0   1   0   0   0   0   0   0   3   0   0   0   0  2.10 inf
  112 P   -2 -5 -5 -5 -6 -4 -4 -5 -5 -3 -5 -4 -1 -7  9 -4 -4 -7 -6 -5    2   0   0   0   0   0   0   0   0   2   0   0   1   0  94   0   0   0   0   0  2.81 inf
  113 T   -1 -2 -3 -2 -2  1  0 -3 -2  2  1 -2  1  0 -2 -1  1  2  1  3    5   0   0   2   0   7   8   0   0  13  10   0   3   3   2   2  12   4   4  25  0.18 inf
  114 T   -1  2 -2 -3 -3 -2 -2 -3 -2  0  1  0 -1  0 -3  1  4 -4 -3  0    4  12   0   0   0   0   1   1   0   6  15   4   1   4   0  11  37   0   0   3  0.34 inf
  115 Q   -4 -2 -3 -3 -6  9  1 -5 -2 -6 -5 -2 -4 -6 -4 -3 -4 -5 -5 -5    0   0   0   0   0  92   6   0   0   0   1   0   0   0   0   0   0   0   0   0  2.24 inf
  116 G    2 -2 -2 -3 -1  0 -3  4 -3 -2 -3 -2 -1 -4 -3  3 -1 -4 -4 -3   16   1   0   0   1   3   0  37   0   2   2   0   1   0   0  33   2   0   0   1  0.66 inf
  117 E   -1  1 -2  0 -5  3  5 -3 -1 -4 -4  2 -3 -3 -3 -1 -2 -4  1 -3    4   8   0   3   0  12  45   1   0   0   1  15   0   0   0   2   1   0   7   1  0.70 inf
  118 K   -3  5 -2 -2 -6 -1 -1 -4 -2 -5 -5  6 -4 -5 -4 -2 -2 -5 -4 -5    1  31   1   2   0   1   1   0   0   0   0  62   0   0   0   0   2   0   0   0  1.34 inf
  119 F   -4 -5 -6 -6  0 -6 -6 -6  1 -3 -2 -6 -3  8 -6 -5 -5 -2  4 -4    0   0   0   0   2   0   0   0   3   0   0   0   0  80   0   0   0   0  14   0  2.10 inf
  120 D   -5 -4 -1  8 -6 -3 -1 -4 -4 -6 -7 -3 -6 -7 -4 -3 -4 -7 -6 -6    0   0   0  98   0   0   1   0   0   0   0   1   0   0   0   0   0   0   0   0  2.38 inf
  121 H    1 -2 -3 -4 -5 -2 -2 -3 -4 -4 -5  1 -4 -6  7  0 -2 -6 -5 -4   12   2   1   0   0   1   1   1   0   0   0  10   0   0  66   6   1   0   0   0  1.62 inf
  122 E   -1 -1  2  5 -4  2  3 -2  2 -3 -4  1 -2 -4 -3 -1 -2 -5 -2 -4    3   1  10  37   0   9  18   2   4   1   0   7   1   0   0   3   1   0   1   0  0.62 inf
  123 G    1 -3 -3 -3  1 -3 -3  6 -3 -5 -4 -3 -3 -3 -4 -2 -3 -5 -2 -4   13   1   0   0   4   1   1  74   0   0   1   1   0   1   0   1   0   0   1   0  1.30 inf
  124 E    0  1  0  2 -4  1  4 -3 -1 -2 -2  1 -2 -4 -3  0  0 -4 -2 -1    9   6   2  15   0   4  30   0   1   2   3  11   0   0   0   3   7   0   1   4  0.33 inf
  125 F   -5 -5 -5 -6 -5 -5 -5 -6 -2 -4 -3 -5 -4  6 -6 -5 -5  0  9 -4    0   0   0   0   0   0   0   0   0   0   0   0   0  27   0   0   0   1  73   0  2.31 inf
  126 I   -2 -3 -5 -5 -3 -4 -5 -6 -5  6  0 -4 -1 -3 -5 -4 -1 -5 -3  4    1   2   0   0   0   0   0   0   0  56   4   0   0   0   0   0   2   0   0  35  1.12 inf
  127 R   -3  7 -2 -3 -6  0 -2 -4 -2 -5 -4  4 -3 -2 -4 -3 -2 -5 -4 -5    1  68   1   1   0   1   1   0   1   0   0  21   0   2   0   1   1   0   0   0  1.41 inf
  128 Q   -2  5 -2 -2 -5  3  0 -4  3 -4 -4  3 -2 -3 -3 -1  0 -4 -2 -4    2  39   0   1   0  12   5   0   8   0   1  20   0   1   0   2   8   0   1   0  0.73 inf
  129 W   -5 -6 -6 -7 -6 -5 -6 -6 -1 -5 -4 -6 -4  3 -7 -6 -5 12  5 -4    0   0   0   0   0   0   0   0   2   0   1   0   0   9   0   0   0  70  18   1  3.15 inf
  130 L   -2 -4 -5 -5 -2 -4 -5 -5 -5  3  3 -4  0 -2 -5 -4 -2 -4 -3  5    1   0   0   0   1   0   0   0   0  15  33   0   1   0   0   0   0   0   0  49  0.92 inf
  131 P   -1 -4 -4 -4 -4 -3 -2 -5 -5 -6 -6 -2 -5 -6  8 -3 -3 -6 -6 -5    4   0   1   0   0   1   2   0   0   0   0   2   0   0  87   1   0   0   0   0  2.45 inf
  132 E   -3 -3 -2  0 -6  1  7 -5 -3 -4 -5 -2 -4 -6 -4 -2 -3 -5 -3 -4    1   0   1   2   0   3  88   0   0   1   0   0   0   0   0   0   1   0   1   1  1.70 inf
  133 L   -4 -4 -5 -6 -3 -4 -5 -3 -5  1  6 -4  0  0 -4 -4 -3 -4 -1 -1    0   0   0   0   0   0   0   3   0   5  84   0   0   3   0   0   0   0   2   1  1.13 inf
  134 R    4  3  0 -1 -3  0  0 -1 -2 -3 -4  2 -3 -4 -2  1 -1 -4 -3 -2   39  18   4   2   0   4   5   2   0   0   0  13   0   0   1   9   1   0   0   1  0.44 inf
  135 D    0  2  1  3 -3  0  0  1  2 -3 -3  1 -3 -3 -1  0 -1 -4 -3 -3    9  15   7  19   0   3   5  11   7   0   1  10   0   1   2   7   2   0   0   1  0.29 inf
  136 V   -1 -3 -3 -3 -1 -3 -3 -4 -3  2  3 -3  2 -1 -3 -2 -1 -2 -1  3    3   1   1   1   1   0   1   1   0  10  40   1   5   1   0   1   2   1   2  28  0.47 inf
  137 P   -1 -3 -1  2 -3 -1  0 -2 -3 -4 -4 -1 -4 -5  7  1 -2 -5 -4 -4    4   1   3  14   1   1   5   2   0   0   1   3   0   0  52  10   1   0   0   0  1.17 inf
  138 G    1 -1  2  2 -3 -1  0  2 -2 -2 -3 -1 -2 -2  2  0  2 -3 -3 -2   15   2  11  13   0   1   3  14   1   1   1   2   0   1  10   5  16   0   0   3  0.26 inf
  139 K    0  1  0  1 -3  0  2 -2  0 -3 -3  4 -3 -4  0  0 -1 -4 -2 -3    9   6   3   9   1   3  17   2   2   1   1  32   0   0   3   8   2   0   1   1  0.37 inf
  140 V    1 -1 -1  0 -2  0  0 -2  1 -1 -1 -1 -1  0 -2 -1  0  6  4 -1   14   2   1   7   1   4   6   1   3   4   6   3   2   3   1   3   4  12  16   5  0.25 inf
  141 V   -1 -3 -4 -4 -3 -3 -4 -5 -3  6  2 -3 -1 -2 -4 -3 -2 -4 -3  2    6   1   0   0   0   1   0   1   1  55  17   1   0   1   0   1   0   0   0  14  0.87 inf
  142 H   -3 -3 -2 -4 -3  0 -3 -4 10 -3 -2 -3 -3  0 -3 -3 -3 -4  0 -2    2   1   1   1   0   3   1   1  72   1   5   1   0   3   1   1   1   0   2   4  1.93 inf
  143 E    1  0  1  2 -2  2  2 -2  4 -3 -3  1 -2 -2 -2  0  0 -2 -2 -2   13   4   6  11   1  10  18   1  11   1   1   8   0   2   1   5   5   0   1   1  0.28 inf
  144 P   -2 -4 -4 -3 -4 -3 -2 -2 -4 -3 -4 -3 -4 -2  8 -1 -2  3 -1 -3    2   1   1   1   0   0   3   4   0   2   2   1   0   2  69   3   2   4   2   1  1.70 inf
  145 W   -2 -2 -2 -3 -3 -2  0 -3  3 -2 -2 -3 -2  1 -2 -1 -2 10  3 -3    2   2   2   1   1   1   6   2   8   2   4   1   1   6   2   4   2  43   9   1  1.36 inf
  146 K   -1  2  1  2 -3  1  2 -2 -1 -2 -2  2 -2 -2 -2  0  1 -3 -2 -2    4  12   7  11   0   3  18   2   0   1   4  16   0   1   1   7   8   0   1   1  0.26 inf
  147 W    2 -1 -1 -2 -1 -1 -2 -1  1  0  1 -2  2 -1 -2 -1 -1  5  1 -1   28   3   2   2   1   2   2   4   4   5  15   1   8   1   1   2   1   9   4   3  0.21 inf
  148 A    0 -1 -2 -1  0  0  0  0 -2 -1  0 -1 -2 -3  5  1  0 -3 -3 -1    8   2   1   3   3   3   5   8   1   3  11   4   1   1  30   9   4   0   1   3  0.40 inf
  149 Q    1  1 -1  0 -2  2  1  0 -1 -1 -1  1  0 -2  2  0 -1 -3 -2 -1   11   9   1   6   1  10  11   5   0   4   8  11   2   1   9   4   3   0   1   3  0.14 inf
  150 K    2  2 -1  0 -2  1  1  0 -1 -2 -1  2 -1 -2  0  0 -1 -3 -1 -1   19  12   2   5   1   5   8   5   1   2   6  16   1   1   3   6   2   0   1   3  0.14 inf
  151 A    3 -1  0  0  0  1  1 -1 -1 -2 -2 -1 -1 -2  0  1 -1 -2 -2 -1   33   3   5   6   2   6  11   4   1   2   3   2   1   1   4   7   3   0   1   3  0.20 inf
  152 G    0  2  1 -1 -2  0 -1  4 -1 -2 -1  0 -2 -1 -2  0 -1 -3 -2 -2    7  16   6   3   1   4   2  35   1   2   5   4   1   2   1   4   2   0   1   2  0.34 inf
  153 V    0  0 -1 -1  0  0  0 -1  0  2  1 -1  0 -1 -1 -1 -1 -2  0  2   10   5   2   3   2   4   5   4   3  17  10   4   1   1   3   3   2   0   3  18  0.06 inf
  154 T    1  1 -1  0 -3  0  2  0 -1 -2 -2  1 -2 -2  1  0  1 -3 -2 -1   13   8   1   3   0   3  17   8   1   2   2   9   0   1   8   6  11   0   1   6  0.17 inf
  155 L   -1 -1 -1  0  1 -1 -1 -3 -1  1  3  0  0 -2  1 -1 -1 -3 -1  0    5   4   3   6   3   1   4   1   2   6  39   6   1   1   8   3   4   0   1   4  0.18 inf
  156 D   -2 -2  4  4 -4 -2 -1  4 -2 -4 -4 -2 -4 -5 -2  0 -1 -5 -4 -4    2   1  21  28   0   0   3  29   1   0   1   2   0   0   2   5   3   0   0   0  0.76 inf
  157 Y   -4 -5 -6 -6 -6 -5 -6 -6 -2 -5 -5 -5 -5 -1 -6 -5 -5 -1 10 -5    1   0   0   0   0   0   0   0   0   0   0   0   0   0   0   0   0   0  95   0  3.13 inf
  158 P   -3 -4 -5 -5 -4 -5 -5 -5 -3 -5 -5 -5 -6 -6  9 -3 -4 -2 -4 -3    2   1   0   0   0   0   0   0   1   0   1   0   0   0  89   1   1   1   1   2  2.69 inf
  159 Q    1  2  0  0 -2  1  2 -2  1 -3 -1  2 -1 -2  0  0 -1 -4 -2 -2   15  13   4   6   0   4  14   2   3   0   9  15   1   1   3   4   3   0   1   2  0.18 inf
  160 P   -2 -2 -5 -5 -1 -1 -4 -6 -5 -6 -5 -1 -6 -7  8 -3 -5 -7 -6 -6    2   2   0   0   1   3   1   0   0   0   1   3   0   0  85   1   0   0   0   0  2.57 inf
  161 I   -4 -6 -6 -5 -2 -5 -6 -7 -6  7  1 -6  3 -3 -6 -5 -3 -5 -4  2    0   0   0   0   1   0   0   0   0  70  12   0   7   0   0   0   1   0   0   9  1.53 inf
  162 V   -3 -6 -6 -7 -4 -6 -6 -7 -7  3 -2 -6 -2 -4 -6 -5 -2 -6 -5  7    0   0   0   0   0   0   0   0   0  13   1   0   0   0   0   0   1   0   0  83  1.81 inf
  163 E   -2 -4  1  7 -6 -2  3  0 -4 -5 -6 -3 -6 -6 -3 -2 -3 -7 -6 -6    2   0   6  62   0   1  18   6   0   0   0   1   0   0   1   1   1   0   0   0  1.44 inf
  164 H   -4 -3 -4 -5 -6 -4 -4 -6  9  1  2 -4 -3 -3 -5 -4 -3  0  1 -3    0   1   0   0   0   0   0   0  59   7  23   0   0   0   0   0   1   1   4   2  1.74 inf
  165 K    2  0  0  1 -4  0  0 -1 -1 -4 -4  5 -3 -4 -3  1 -2 -5 -3 -3   21   3   3   9   0   3   3   4   1   0   1  39   0   1   1   9   1   0   1   1  0.55 inf
  166 E    1  0 -2  0 -3  2  3 -2  0 -1 -1  1 -1 -1 -2  0  0 -3 -1  0   13   3   0   4   0  11  26   2   3   3   5   7   1   3   0   4   7   0   2   8  0.21 inf
  167 A    4  0 -3 -3 -1  1  1  1 -4 -4 -4 -2 -4 -5 -4  3 -1 -5 -4 -3   45   5   0   0   1   8   7  12   0   0   0   0   0   0   0  20   1   0   0   1  0.69 inf
  168 R   -4  8 -3 -5 -5  1 -3 -5 -4 -5 -4  1 -4 -6 -5 -3 -2 -2 -2 -2    1  79   0   0   0   6   0   0   0   1   1   4   0   0   0   1   2   1   1   3  1.82 inf
  169 V    1  1  0  1 -4  3  4 -3 -1 -3 -2  2 -2 -4 -3 -1 -2 -4 -4 -2   12   6   3   8   0  15  29   1   1   1   5  11   1   0   0   3   1   0   0   3  0.44 inf
  170 Q    0  6 -2 -2 -5  1  1 -4  0 -2 -1  1 -2 -4 -4 -2 -2 -4 -2 -1   10  48   1   2   0   5   9   0   2   2   7   7   1   0   0   1   1   0   1   4  0.72 inf
  171 T    5 -4 -2 -4  2 -3 -4 -3 -3 -1  0 -3 -3  1 -4 -1  2 -4 -3 -1   58   0   2   0   4   0   0   0   1   2   8   0   0   7   0   2  12   0   0   4  0.76 inf
  172 L   -4 -2 -5 -5 -4 -1 -2 -6 -5  2  5  1  1 -3 -5 -4 -2 -5 -4 -2    0   2   0   0   0   4   3   0   0  11  65   9   3   0   0   0   3   0   0   0  0.92 inf
  173 A    3  1 -1  2 -3  1  3 -3 -2 -4 -3  0 -3 -4 -3  1  0 -5 -4 -3   25   9   2  12   0   7  22   0   1   0   2   5   0   0   0   9   5   0   0   1  0.42 inf
  174 A    4  3 -3 -4 -3 -2 -1 -3 -2 -1  0 -1  1 -2 -3 -2  0 -1 -3  0   40  18   1   0   0   1   4   0   1   3  12   3   4   2   0   0   6   1   0   5  0.40 inf
  175 Y   -5 -6 -6 -7 -6 -5 -6 -7  0 -3 -1 -6 -3  6 -7 -5 -5  3  8 -3    0   0   0   0   0   0   0   0   2   1   6   0   0  35   0   0   0   3  53   1  2.04 inf
  176 E    1  2 -1  0 -5  1  3 -1 -2 -5 -4  4 -2 -3 -3  0 -2 -5 -3 -4   14  10   2   3   0   7  17   3   0   0   0  34   1   1   0   8   0   0   0   0  0.58 inf
  177 A    2  2 -1  0 -3  2  2 -2  1 -2 -3  1 -2 -3 -2  0  0 -3 -3 -1   23  11   2   3   0  12  16   1   3   2   1   7   0   1   1   6   5   0   0   5  0.27 inf
  178 A    3 -2 -4 -4  0 -1 -3 -3 -4  2  2 -3  3 -1 -4 -1 -1 -3 -3  1   35   2   0   0   2   2   0   1   0  12  17   0  11   1   0   3   3   0   0  11  0.41 inf
  179 R   -4  5 -3 -4 -3 -1 -2 -5 -3 -5 -4  6 -4 -6 -3 -2 -3 -6 -5 -4    0  32   0   0   1   0   1   0   0   0   1  61   0   0   1   1   1   0   0   0  1.46 inf
  180 K   -3  3  4 -1 -5  3  2 -3 -2 -5 -4  4 -3 -5 -3 -2 -2 -5 -4 -4    0  17  20   0   0  12  15   0   0   0   0  36   0   0   0   0   0   0   0   0  0.80 inf

                      K         Lambda
Standard Ungapped    0.1340     0.3200
Standard Gapped      0.0566     0.2670
PSI Ungapped         0.1860     0.3158
PSI Gapped           0.0566     0.2670
