
Last position-specific scoring matrix computed, weighted observed percentages rounded down, information per position, and relative weight of gapless real matches to pseudocounts
           A  R  N  D  C  Q  E  G  H  I  L  K  M  F  P  S  T  W  Y  V   A   R   N   D   C   Q   E   G   H   I   L   K   M   F   P   S   T   W   Y   V
    1 K   -3  1 -3 -3 -6  4 -1 -4 -3 -6 -5  7 -4 -6 -4 -3 -3 -5 -4 -5    0   5   0   0   0  22   0   0   0   0   0  72   0   0   0   0   0   0   0   0  1.51 inf
    2 E   -3  3  0  0 -6  2  5 -5 -3 -3 -4  3 -4 -6 -4 -3 -2 -6 -5 -4    2  13   4   4   0   6  46   0   0   1   1  20   0   0   0   0   1   0   0   1  0.94 inf
    3 D   -2 -1  1  3 -6  0  4 -3 -1 -5 -5  0 -5 -3  5 -1 -2 -6 -5 -4    2   3   7  16   0   4  26   1   1   0   0   6   0   1  26   3   2   0   0   1  0.78 inf
    4 E   -3 -1  0  5 -6  0  5 -4 -1 -4 -5  1 -1 -6  0 -1 -3 -6 -5 -3    0   2   3  27   0   2  43   1   1   1   0   9   2   0   4   3   1   0   0   2  0.94 inf
    5 I   -3 -4 -3 -5 -4 -2 -4 -6 -2  5  4 -2 -1  2 -5 -3 -2 -4 -2  1    2   0   2   0   0   1   1   0   1  29  41   4   0   7   0   1   1   0   0   9  0.73 inf
    6 V   -1 -1  0  0 -2  0  0 -3 -1  0 -2 -1 -2 -3 -1  2  2 -5 -3  3    3   2   5   4   1   4   7   1   1   5   2   4   0   0   3  19  12   0   0  27  0.26 inf
    7 I   -4 -6 -6 -6 -4 -5 -6 -6 -2  5  2 -5 -2  4 -3 -5 -2 -4 -1  4    1   0   0   0   0   0   0   0   1  38  14   0   0  15   2   0   2   0   2  25  0.98 inf
    8 D   -3 -1  3  3 -3 -1  3 -4 -3 -4 -3  0 -4 -5  4  1 -1 -6 -5 -2    1   3  15  13   1   2  20   0   0   1   2   6   0   0  21   8   4   0   0   3  0.61 inf
    9 R   -2  3 -1  1 -4  2  1 -3  2 -2 -3  3 -1 -4  0 -1  1 -4  1 -2    1  16   2   7   0  10  10   1   5   3   2  18   2   0   4   2   9   0   5   2  0.32 inf
   10 K   -2  3  0 -2 -4  2  1 -2  1 -2 -2  3 -3 -2 -1 -1  0 -2  4 -2    3  15   4   1   0  11   9   2   3   2   4  17   0   1   3   3   6   0  15   2  0.32 inf
   11 K   -2  2  0 -1 -4  0  1 -3  3 -2 -2  4 -2 -1 -1  0  1 -4 -2 -3    2   9   4   3   0   2   8   1   7   2   5  32   1   3   3   8   8   0   1   1  0.38 inf
   12 I   -2 -3 -5 -4 -3 -2 -2 -5 -2  6  1 -2 -1 -2 -5 -3 -1 -5 -3  3    3   1   0   1   0   2   2   0   1  48  10   2   1   1   0   1   4   0   1  20  0.84 inf
   13 S    1 -1  0  1 -2  0  0 -1  0 -3 -3  1 -3 -4  1  3  2 -4 -2 -2   14   2   3   7   1   3   6   3   2   1   2   8   0   0   6  24  15   0   1   2  0.28 inf
   14 A    1 -2  0  1  1 -1  1 -2 -1  0 -2 -1 -2 -2  3  0  0 -3 -3  1   13   2   4   8   3   2  11   3   1   5   2   4   0   2  15   5   4   0   0  14  0.18 inf
   15 D    0 -1  1  3 -3  0  3  0 -1 -3 -2  0 -3 -3 -2  1  0 -4 -3 -2    8   3   5  19   0   2  22   6   1   1   5   6   0   1   1  11   6   0   0   2  0.30 inf
   16 Q   -2 -2  2  6 -6  3  2 -3 -2 -6 -4 -2 -3 -6 -4  0 -2 -6 -3 -5    2   2   7  45   0  12  14   2   1   0   2   2   1   0   1   5   3   0   1   0  0.97 inf
   17 V   -1 -2 -5 -5 -2 -4 -4 -4 -2  4  0 -2 -2 -3  2 -3  1 -5 -4  4    5   2   0   0   1   1   1   1   1  26   7   3   0   1   9   2   8   0   0  33  0.65 inf
   18 D    1 -3 -1  4 -6  0  5 -3 -2 -4 -4  0 -4 -5  0 -1 -2 -6 -5 -3   14   1   2  24   0   3  35   1   1   1   2   5   0   0   4   3   2   0   0   2  0.76 inf
   19 Q    4 -2 -1  1 -4  1  2 -1  0 -3 -3  1 -3 -3 -2  0  0 -5 -3 -2   32   2   2   7   0   6  15   4   2   1   3   9   0   1   1   7   5   0   1   2  0.34 inf
   20 E   -5 -5 -3 -3 -9  0  8 -7 -1 -9 -8 -4 -7 -9 -6 -5 -5 -8 -7 -8    1   0   1   0   0   3  92   0   1   0   0   0   0   0   0   0   1   0   0   0  2.60 inf
   21 V   -2  0 -3 -4 -1  0 -2 -5 -4  4  1  1  0 -1 -4 -2 -1  1 -1  2    3   5   1   0   1   5   3   0   0  25  14   9   2   2   0   3   3   2   2  16  0.29 inf
   22 E    2  1  0  1 -3  2  3 -2 -1 -3 -3  2 -2 -5 -4  0  0 -5 -4 -2   19   6   3   6   0  11  19   2   1   1   3  10   1   0   0   6   4   0   0   2  0.30 inf
   23 R   -3  8 -2 -5 -3 -2 -3 -7 -2 -3 -1  3 -3 -4 -6 -4 -4 -7 -5 -5    2  63   2   0   1   1   1   0   1   2   6  13   1   1   0   1   1   0   0   0  1.51 inf
   24 F   -4 -7 -7 -8 -6 -7 -7 -5 -6 -2  4 -7 -1  7 -7 -6 -6 -4  2  0    2   0   0   0   0   0   0   1   0   1  37   0   1  43   0   0   0   0   5   5  1.46 inf
   25 L   -2  2  1  3 -4  2  2 -3  3 -2 -2  2 -2 -2 -4 -2 -1 -5  0 -3    3  13   6  15   0   7  11   1   7   2   5  11   1   1   0   2   4   0   3   1  0.27 inf
   26 S    1  0  0  2 -3  2  2 -2 -1 -2 -2  1 -1 -4 -3  0  0 -5 -3 -1   15   5   5  12   0  10  11   2   2   2   3  10   1   0   0   7   7   0   0   4  0.19 inf
   27 G    7 -6 -5 -6 -5 -6 -6  1 -6 -4 -6 -6 -6 -7 -6 -1 -4 -7 -7 -4   80   0   0   0   0   0   0   8   0   1   0   0   0   0   0   4   1   0   0   1  1.76 inf
   28 R   -3  2 -5 -6 -3 -1 -5 -6 -5  4  3 -1  1  1 -6 -5 -3 -5 -3  2    1  11   0   0   0   3   0   0   0  21  30   4   3   6   0   0   0   0   0  16  0.60 inf
   29 A    1 -1  1  2 -1  1  3 -2 -1 -4 -2  1 -3 -4 -4  0 -1 -5 -3 -2   14   3   7   9   1   7  22   3   1   1   4  10   0   0   0   7   3   0   0   2  0.26 inf
   30 K    2  2 -2 -1 -4  1  0 -2 -1 -2 -2  3 -2 -3 -4  0  1 -3 -4 -1   18   9   1   3   0   7   6   2   2   1   4  23   1   1   0   6   8   0   0   3  0.26 inf
   31 A    3 -5 -4 -5  1 -4 -5 -4 -5 -2 -4 -4 -4 -1 -5  3  3 -5  0  3   25   0   0   0   3   0   0   1   0   1   1   0   0   3   0  19  17   0   3  23  0.63 inf
   32 S    0  4 -2 -1 -1  1 -1 -3  0  1 -1  3 -1 -1 -4 -1 -1 -2 -3 -1    9  21   1   3   2   5   3   2   2  10   5  17   1   3   0   4   4   1   0   5  0.20 inf
   33 A    1 -1  0  1 -2  1  3  0  0 -1 -3  1 -2 -3 -3  0  0 -5 -3 -2   15   3   5   9   1   7  18   5   2   3   2   9   1   1   0   5   6   0   1   2  0.18 inf
   34 Q   -3 -3 -3  4 -7  4  5 -6 -1 -4 -5  0 -3 -4 -5 -3 -5 -7 -4 -4    2   1   1  19   0  19  40   0   1   1   1   4   1   1   0   1   0   0   1   1  1.04 inf
   35 L   -5 -6 -7 -7 -1 -4 -5 -7 -3  3  5 -6  2  1 -6 -6  0 -5 -5  0    0   0   0   0   1   1   1   0   1  17  57   0   4   4   0   0   5   0   0   4  1.05 inf
   36 E   -1  2  0  1 -3  2  3 -2 -1 -1 -2  1 -2 -4 -4  1 -1 -5 -2 -2    4   9   3   7   0  10  21   3   1   4   4  10   1   0   0   9   4   0   1   2  0.23 inf
   37 T    1  1  0  0 -2  1  1 -1  0 -2 -2  1 -1 -3 -3  0  0 -2  0 -1   16  10   4   5   1   7  11   5   2   2   4   7   1   1   0   6   7   0   3   3  0.08 inf
   38 I   -2 -5 -4 -6 -4 -3 -4 -6 -5  4  4 -5  2 -1 -6 -3 -1 -5 -2  1    3   0   1   0   0   1   1   0   0  23  44   0   5   3   0   2   4   0   1   6  0.75 inf
   39 K    1  3 -1 -1  0  1  0 -2  1 -1 -3  3 -1 -3 -4  0 -1 -1  1 -2   10  16   1   2   2   6   5   2   3   5   2  22   1   0   0   6   2   1   5   2  0.23 inf
   40 T    1  1  1  2 -4  2  3 -2 -2 -3 -3  1 -2 -5 -3  0 -1 -5 -4 -3   12   6   7  13   0  11  17   1   1   1   2  10   1   0   0   8   4   0   0   2  0.30 inf
   41 K   -1  3  0  0 -5  1  0 -1  2 -2 -3  3 -1 -4 -3 -1  0 -2 -2 -2    4  18   4   6   0   7   5   3   4   2   2  22   1   0   1   5   5   0   1   3  0.28 inf
   42 A    3 -2 -4 -5 -3 -4 -3 -4 -4  1  2 -4  3  2 -4 -1  2 -4 -3  1   26   2   0   0   0   0   1   0   0   8  17   0   7   9   0   3  13   0   0  11  0.38 inf
   43 G    1  0  0  0 -1  0  1 -1  0 -1 -1  1 -1 -2  2  0  0 -2 -2 -1   14   6   3   3   1   4   9   3   3   2   7   9   2   1  11   6   6   1   0   4  0.09 inf
   44 E    1  1  1  1 -4  2  3  0  0 -2 -3  2 -2 -4 -2  0 -1 -4 -3 -1   11   7   5   7   0   8  18   6   3   2   1  11   0   0   1   8   4   0   0   4  0.21 inf
   45 T   -1  1  1  2 -4  1  2 -1  1 -1 -2  1 -2 -3 -2  1  1 -4 -2 -2    4   7   8  10   0   7  13   5   3   3   3   9   1   1   1   9   9   0   1   2  0.15 inf
   46 F    1 -2 -3 -3 -2 -1 -2 -1  0  1  3 -2  1  0 -2 -1 -1 -3 -1  1   12   1   0   1   1   3   2   4   2   8  32   2   3   4   2   4   3   0   1  11  0.16 inf
   47 G    0  0  0 -1 -4 -1 -3  5 -2 -3 -4 -2 -1 -5  2  1 -2 -5 -4 -4    6   5   4   4   0   3   1  43   1   1   1   1   2   0   9  13   1   0   0   0  0.61 inf
   48 E    1  0 -1  0 -4  1  4 -1  1 -3 -3  2 -3 -4  1  0 -1 -5 -4 -2   13   4   2   5   0   5  25   3   3   1   1  12   0   0   8   7   4   0   0   3  0.30 inf
   49 E    0 -1 -1  3 -5  0  5 -3  0 -4 -4  0 -4 -5 -3 -1 -1 -5 -2 -3    8   3   3  15   0   3  44   2   2   1   2   4   0   0   1   5   3   0   2   1  0.68 inf
   50 K    0 -1  0  1 -4  1  3 -3  3 -1 -1  1 -1 -1 -2 -1 -1 -4  0 -1    7   2   4   7   0   4  26   1   7   3   8   9   2   3   1   3   2   0   4   3  0.22 inf
   51 E    4  0 -1 -2 -2 -1 -1  0 -1 -2  0 -1  0 -2 -4  0 -2 -5 -4 -1   43   5   2   1   1   3   4   7   1   1   9   3   3   2   0   6   1   0   0   5  0.34 inf
   52 A    4 -1  1  0 -2  1  1  0 -1 -3 -3 -2  0 -2 -4  0 -2 -5 -1 -2   39   2   6   5   1   5  11   8   1   1   2   1   3   2   0   5   1   0   2   2  0.34 inf
   53 I   -1 -4 -5 -5 -3 -4 -4 -5 -4  5  2 -4  2  2 -4 -3 -2 -3 -2  3    4   0   0   0   0   0   0   0   0  51  17   0   4   8   0   0   0   0   0  16  0.67 inf
   54 F   -1 -4 -4 -5 -3 -4 -4 -4 -3  1  1 -4  1  7 -4 -3 -2 -1  2  0    7   0   0   0   0   0   0   0   0   8  13   0   3  57   0   0   2   0   2   5  0.83 inf
   55 E   -1 -1  2  4 -4  0  3 -1  0 -3 -4  0 -3 -4  0  0 -1 -4 -2 -3    5   2  10  35   0   3  18   3   2   2   0   3   0   0   5   7   3   0   2   1  0.45 inf
   56 G    3 -3 -2 -1 -2 -2 -2  1 -3  0  0 -2  0 -1 -3  0  1 -3 -2  2   34   0   0   2   0   0   0  13   0   5  10   0   3   2   0   5   9   0   0  17  0.22 inf
   57 H   -3 -2 -2 -3 -4  3 -2 -4  9 -4 -2 -2 -3  0 -4 -3 -3  2  4 -4    0   0   0   0   0  14   0   0  57   0   4   0   0   4   0   0   0   3  14   0  1.33 inf
   58 I   -1  1 -2 -3 -3  2 -2 -2 -1  2  3 -1  2 -2 -3 -1 -1 -3 -2  0    5   8   1   0   0  11   1   2   2  15  34   3   6   0   0   4   4   0   1   2  0.25 inf
   59 M   -1 -1 -2 -3 -4  0  1 -3  1 -1  2 -2  7 -2 -4 -2  0 -4 -2  0    6   3   1   1   0   3   9   1   4   1  21   1  35   1   0   1   6   0   1   5  0.52 inf
   60 L   -2 -4 -5 -6 -4 -4 -5 -6 -5  4  3 -4  6  1 -5 -4 -3 -4 -1  1    2   0   0   0   0   0   0   0   0  25  32   0  27   5   0   0   0   0   2   7  0.92 inf
   61 L   -1 -5 -6 -6 -1 -5 -5 -6 -5  1  6 -5  1 -1 -5 -4 -2 -4 -4  0    6   0   0   0   1   0   0   0   0   4  80   0   1   2   0   0   2   0   0   4  1.16 inf
   62 E   -1  1  2  4 -2  2  3 -1  0 -4 -4  0 -2 -5 -3  1 -1 -5 -4 -4    5   7   8  23   1  10  22   4   2   0   1   5   1   0   0   9   3   0   0   0  0.45 inf
   63 D   -3 -3 -1  8 -7 -2 -1 -3 -5 -7 -7 -2 -6 -7 -5 -2 -4 -8 -7 -7    1   1   1  87   0   1   2   2   0   0   0   2   0   0   0   2   0   0   0   0  2.12 inf
   64 E    0  0  0  0 -5  0  1 -2  1 -1 -2  1 -4 -5  5  0 -1 -6 -5 -1    7   5   4   5   0   4   9   4   4   3   4   7   0   0  30   5   4   0   0   5  0.48 inf
   65 E    1  0  0  2 -3  0  1 -1  1 -1 -1 -1  2 -1 -3  1  1  2  0 -1   10   5   3  11   0   3  12   5   3   3   5   3   7   3   0   9   9   3   3   3  0.11 inf
   66 L   -4 -7 -8 -8 -6 -7 -7 -8 -6  1  5 -7  4  4 -7 -7 -4 -5  2 -2    2   0   0   0   0   0   0   0   0   6  57   0   8  18   0   0   1   0   7   1  1.40 inf
   67 E    0 -1 -1 -2 -2  0  0  0 -2  3  0  0  0 -1 -2  0  1 -2 -1  1    5   4   2   1   1   4   7   6   1  20   9   5   2   2   2   8   8   0   2  11  0.09 inf
   68 Q   -1  0  0  3 -4  2  3  3  0 -5 -4  0 -3 -4 -3 -1 -2 -6 -4 -4    4   6   4  17   0  11  17  22   2   0   1   5   1   1   1   5   2   0   0   1  0.49 inf
   69 E    2 -1 -1  1 -3  2  4 -1 -2 -4 -4 -1  0 -6  0  1 -1 -6 -3 -4   18   3   2   6   0   9  30   4   1   1   1   4   2   0   4   8   4   0   1   1  0.48 inf
   70 I    1 -5 -6 -6 -4 -5 -5 -6 -6  5 -1 -3  2 -2 -1 -3  1 -6  0  4   12   0   0   0   0   0   0   0   0  35   5   1   5   1   4   1   8   0   3  25  0.80 inf
   71 I   -1  1  1 -1  1  0  2 -3  1  2  0  2  0 -1 -3 -1  0 -4 -2  0    4   6   6   2   3   4  14   1   3  14   6  13   3   3   0   3   5   0   1   4  0.08 inf
   72 A    1  1  2  2 -4  2  2  0  1 -3 -3  0 -2 -3 -3  0  0 -5 -3 -3   11   9   9  13   0   8  11   6   3   1   1   4   1   1   0   7   6   0   1   1  0.20 inf
   73 L   -1  2 -1 -1 -2  0  0 -3  0  1  1  2  1 -1 -4 -1 -1  1  0 -1    3  12   3   3   1   3   7   1   2   8  15  16   4   2   0   3   3   2   4   3  0.09 inf
   74 I   -6 -7 -8 -8 -1 -7 -7 -8 -8  8  0 -7  1 -1 -7 -7 -3 -7 -6  2    0   0   0   0   1   0   0   0   0  69   6   0   3   2   0   0   1   0   0  11  1.74 inf
   75 K    0  3  0 -1 -4  1  2 -3 -1 -3 -2  3 -1 -2 -3 -1  0 -4 -2 -2    8  19   5   2   0   6  15   1   1   1   4  16   2   2   0   3   5   0   1   2  0.28 inf
   76 D   -1  0  2  3 -4  1  2 -2 -1 -4 -3  1 -2 -3 -4  1  1 -5 -4 -3    5   4  11  19   0   7  12   3   1   0   2   8   1   1   0   9   9   0   0   1  0.32 inf
   77 K   -2  0  2  2 -5  3  3  2  0 -5 -3  1 -2 -2 -4 -1 -1 -5 -2 -5    1   6  10   9   0  12  22  13   2   0   2   7   1   2   0   3   3   0   1   0  0.36 inf
   78 H   -2  2  1 -2 -1  2 -1  2  4 -5 -1  3 -1 -3 -2  0 -3 -5 -1 -4    1   9   8   1   2   8   2  18   9   0   6  17   1   1   1   7   1   0   2   0  0.29 inf
   79 M   -1 -2 -2 -3  4 -1 -2 -3 -2  2  0 -1  1  0 -4 -2 -1  4  2  2    4   2   1   1   9   4   2   1   1  12   9   5   3   3   0   1   3   7   7  18  0.22 inf
   80 T   -2 -2  6 -1  3 -2 -3 -1 -1 -5 -5 -2 -5 -5 -2  2  1  0 -5 -3    3   2  43   2   5   1   1   4   1   0   1   2   0   0   2  12   9   1   0   2  0.79 inf
   81 A    7 -6 -6 -4 -5 -5 -6 -2 -6 -2 -4 -5 -2 -7 -2 -2 -3 -7 -6 -1   75   0   0   1   0   0   0   2   0   3   1   0   1   0   2   3   1   0   0   5  1.47 inf
   82 D    1 -3 -3  1 -6  1  6 -3 -1 -5 -4 -2 -2 -6 -1 -2 -3 -6 -2 -2   10   1   1   6   0   5  53   2   1   1   2   1   1   0   3   2   1   0   1   3  0.89 inf
   83 A    1 -1 -2 -2 -5  0 -2 -1  0 -2 -2  0 -2  2 -5  0 -1  7  4 -2   12   3   2   2   0   4   2   4   2   2   2   5   1   8   0   6   4  16  14   3  0.45 inf
   84 A    7 -6 -6 -6 -1 -5 -5 -3 -6 -3 -5 -5 -5 -6 -5 -1 -4 -7 -6 -2   84   0   0   0   1   0   0   1   0   2   1   0   0   0   0   4   0   0   0   3  1.74 inf
   85 A   -2 -5 -6 -6 -4 -5 -6 -6 -6  2  3 -5 -1  1 -6 -4 -2  6 -1  4    3   0   0   0   0   0   0   0   0  12  31   0   1   5   0   1   3  10   2  29  0.82 inf
   86 H    0  1  1  1 -3  2  1 -3  2 -4 -3  3 -2 -2 -3  1  0 -1  1 -3    7   8   6   8   1   9   6   1   6   0   2  18   1   1   0   9   5   1   6   1  0.23 inf
   87 E   -1  1  0  1 -3  3  3 -3  0 -2 -2  1 -1 -4 -4  1  1 -5 -3 -2    4   9   3   8   0  14  21   0   2   2   4   7   1   0   0   9   9   0   0   3  0.29 inf
   88 V    2 -5 -4 -5 -3  1  0 -3 -5  1 -3 -4 -2 -3 -5 -2  2 -6 -3  5   15   0   0   0   0   7   5   2   0   6   1   0   0   1   0   2  13   0   1  42  0.61 inf
   89 I    1 -3 -4 -4  1 -4 -3 -1 -4  4  0 -3  1  2 -4  0  1 -4  0  2   10   1   0   0   3   0   1   5   0  23   9   0   4   9   0   9   9   0   2  12  0.27 inf
   90 E   -2  0  1  4 -5  2  4 -1 -2 -4 -3  0 -1 -5 -4  0 -1 -6 -4 -4    2   6   7  23   0   7  24   4   1   0   3   5   2   0   0   7   3   0   0   1  0.49 inf
   91 G    0  1  2  0 -4  2  2 -1  1 -3 -3  2  3 -2 -4 -1 -1 -4 -2 -2    7   8   9   4   0  10  17   4   4   1   1  12   8   1   0   3   4   0   1   2  0.23 inf
   92 Q   -3 -1 -4 -6 -3  2 -5 -6  3  0  1 -4  2  6 -6 -4 -2 -3  6 -1    2   3   1   0   1   9   0   0   6   6  13   0   5  28   0   0   3   0  22   3  0.86 inf
   93 A    3 -2 -4 -5 -1 -3 -2 -4 -3  4 -1 -2  0 -3 -4  0 -1 -5 -3  3   27   2   0   0   1   1   2   1   0  22   5   3   2   0   0   6   3   0   1  23  0.52 inf
   94 S    2  1  0  1 -3  2  3 -1 -1 -4 -3  2 -1 -5 -3  0  1 -5 -3 -2   22   8   4   6   1   9  17   3   1   0   1  10   1   0   0   7   7   0   0   1  0.33 inf
   95 A    0  0 -3 -2 -4  3 -1 -4  1  2  0 -1  6 -1 -4 -1  0 -4 -2  0    9   4   1   3   0  15   2   1   4  14   7   3  20   3   0   3   6   0   0   5  0.37 inf
   96 L   -5 -7 -7 -8 -2 -3 -7 -8 -5 -2  2 -7  1  9 -8 -6 -6 -3  2 -2    1   0   0   0   1   1   0   0   0   2  15   0   3  68   0   0   0   0   6   2  2.00 inf
   97 E    2  1 -1  1 -3  1  5 -3 -2 -4 -2 -1 -3 -6 -4  1 -3 -3 -5 -3   14   7   2   8   0   7  38   1   0   1   4   2   0   0   0  12   0   0   0   2  0.62 inf
   98 E    2  1  1  0 -3  2  2  0 -1 -5 -3  0 -1 -5 -4  3 -2 -5 -4 -4   18   6   7   4   0  11  11   6   1   0   2   6   2   0   0  24   1   0   0   0  0.39 inf
   99 L   -4 -5 -6 -7 -5 -3 -4 -6 -6  3  3 -3  9 -3 -6 -2 -3 -5 -2 -1    1   0   0   0   0   1   1   0   0  15  27   1  43   1   0   4   1   0   1   3  1.39 inf
  100 D   -3 -4 -1  7 -7  0  4 -1 -3 -7 -7 -1 -6 -7 -1 -1 -3 -7 -6 -7    2   0   2  53   0   3  23   5   1   0   0   3   0   0   3   3   2   0   0   0  1.32 inf
  101 D   -6 -6  4  8 -8 -5 -2 -4 -2 -8 -8 -2 -7 -8 -6 -3 -4 -9 -7 -6    0   0  15  78   0   0   1   1   1   0   0   2   0   0   0   1   1   0   0   1  2.24 inf
  102 E    1 -3 -1  2 -6 -1  5 -4 -3 -6 -4 -2 -5 -7  5 -1 -2 -7 -6 -4   13   1   2  10   0   1  39   1   1   0   1   2   0   0  24   3   2   0   0   1  0.96 inf
  103 Y   -5 -5 -3 -6 -7 -6 -5 -8 -3 -3 -1 -6  0  0 -7 -6 -4 -3 10 -3    1   1   1   0   0   0   0   0   0   2   7   0   2   2   0   0   1   0  81   2  2.61 inf
  104 L   -5 -6 -7 -7 -5 -4 -6 -7 -6  0  5 -6  7  3 -7 -6 -3 -1 -2 -1    0   0   0   0   0   0   0   0   0   3  50   0  28  12   0   0   1   1   1   3  1.40 inf
  105 K    0  7 -4 -5 -7  4 -3 -6 -4 -4 -6  4 -2 -7 -4 -2 -4 -6 -4 -6    8  48   0   0   0  17   0   0   0   1   0  22   1   0   0   2   0   0   1   0  1.37 inf
  106 E    2 -4 -3 -1 -7  1  7 -1 -4 -7 -6 -3 -6 -7 -5 -2 -4 -7 -6 -4   15   0   1   2   0   6  66   6   0   0   1   0   0   0   0   2   1   0   0   1  1.46 inf
  107 R   -6  9 -5 -6 -8 -4 -5 -5  0 -8 -7 -1 -6 -8 -7 -6 -6 -8 -6 -8    0  94   0   0   0   0   0   1   2   0   0   3   0   0   0   0   0   0   0   0  2.80 inf
  108 A    6 -2 -4 -2 -2 -3 -1 -2 -5 -1 -4  0 -3 -2 -4  0 -3 -3 -2 -1   64   3   0   2   1   1   4   2   0   3   0   6   0   2   0   5   1   0   2   4  0.90 inf
  109 A    4 -4 -1 -1 -2 -1 -2 -1 -2 -1 -1 -3 -2 -3 -4  2  2 -5 -4  0   43   0   3   4   1   2   2   4   1   4   5   1   1   1   0  15  10   0   0   5  0.49 inf
  110 D   -4 -7 -3  9 -9 -5 -2 -6 -6 -8 -9 -6 -8 -9 -6 -5 -6 -9 -8 -8    2   0   0  97   0   0   1   0   0   0   0   0   0   0   0   0   0   0   0   0  2.95 inf
  111 V   -4 -6 -6 -7 -3 -6 -6 -7 -6  5  3 -6  3  1 -6 -5 -3 -5 -2  4    0   0   0   0   0   0   0   0   0  36  22   0   6   4   0   0   0   0   1  29  1.12 inf
  112 R   -2  6 -2 -1 -4  1  1 -3  0 -2 -2  3 -3 -2 -5 -2 -3 -6 -3 -2    3  43   1   3   0   5   8   1   2   2   4  19   0   1   0   2   0   0   1   4  0.79 inf
  113 D   -4 -6 -2  8 -8  2 -1 -6 -1 -7 -6 -5 -7 -4 -6 -3 -3 -8 -4 -6    2   0   1  81   0   8   2   0   1   0   1   0   0   1   0   1   1   0   1   0  2.18 inf
  114 I   -3 -6 -7 -7 -2 -6 -6 -7 -7  5  1 -6  0 -4 -6 -6 -4 -6 -5  6    2   0   0   0   1   0   0   0   0  31  12   0   2   0   0   0   0   0   0  53  1.42 inf
  115 G    1  0 -3 -3 -2 -1 -1  4 -3 -3 -2  0 -2 -4 -4  2  1 -5 -3  0   10   5   0   0   1   2   3  33   0   1   5   7   1   0   0  16   8   0   1   8  0.40 inf
  116 K   -2  2  3  1 -4  3  2 -2  0 -3 -4  3 -3 -3 -4  0  0 -5 -3 -4    1  11  13   6   0  15  13   2   2   1   1  19   0   1   0   7   5   0   1   1  0.47 inf
  117 R   -4  9 -4 -6 -5  0 -4 -4 -3 -8 -6  0 -4 -7 -7 -4 -6 -7 -6 -7    1  88   0   0   0   4   0   2   0   0   1   3   0   0   0   1   0   0   0   0  2.44 inf
  118 L   -3 -6 -6 -6 -4 -5 -6 -7 -6  4  4 -6  2 -1 -6 -4 -2  1 -4  5    1   0   0   0   0   0   0   0   0  21  33   0   4   2   0   1   2   2   0  34  1.01 inf
  119 L   -4 -4 -6 -7 -2 -3 -6 -7 -2  3  5 -4  3 -1 -6 -3 -3 -5 -3  0    1   1   0   0   1   1   0   0   1  15  62   1   8   1   0   2   1   0   0   6  1.10 inf
  120 R    1  5  0 -2 -1  0 -2 -2  0 -4 -4  3 -2 -2 -4  1 -2 -5  0 -3   14  28   4   2   1   3   1   3   2   0   0  20   1   2   0  12   2   0   4   1  0.52 inf
  121 N   -1 -2  5 -3 -1  1 -2 -4  6  2 -2 -1 -3 -1 -5 -2 -2 -5  2 -1    7   1  29   1   1   6   2   0  21  12   4   3   0   2   0   1   1   0   6   4  0.68 inf
  122 I   -3 -6 -7 -8 -5 -6 -7 -7 -7  2  6 -6  1 -2 -7 -6 -4 -6 -5 -1    2   0   0   0   0   0   0   0   0  11  79   0   3   1   0   0   0   0   0   2  1.60 inf
  123 L    0 -2 -2 -3  1 -1 -2 -4 -4  0  4 -1  2 -2 -4 -1  2 -4 -3  0    8   2   2   1   2   2   2   1   0   5  45   4   4   1   0   5  13   0   1   4  0.39 inf
  124 G   -3 -6  2 -3 -7 -5 -5  7 -2 -8 -8 -4 -7 -7 -6 -4 -5 -7 -7 -7    1   0   9   1   0   0   1  87   1   0   0   1   0   0   0   0   0   0   0   0  2.14 inf
  125 L   -1 -1 -4 -4 -3 -1 -2 -5 -2  3  1  2  3 -2 -4 -3 -1 -4 -3  4    5   2   0   0   0   3   2   0   1  22  11  14   7   1   0   0   3   0   0  30  0.44 inf
  126 K   -1  0  2  1 -5  1  3 -3  3 -5 -5  2 -4 -5  3  0  0 -5 -3 -4    4   4  10   7   0   6  21   0   7   0   0  14   0   0  16   5   6   0   1   0  0.49 inf
  127 I   -2 -4 -4 -2 -3 -3 -2 -5 -4  5  3 -2  0  0 -1 -1 -1 -4 -2  2    3   0   0   2   0   0   2   0   0  38  26   2   1   2   3   4   3   0   1  13  0.48 inf
  128 I   -2 -5 -5 -5 -3 -4 -5 -5 -5  3  1 -4 -1 -2 -5 -4 -2 -5 -3  6    0   0   0   0   0   0   0   0   0   9  12   0   0   0   0   0   0   0   0  79  1.11 inf

                      K         Lambda
Standard Ungapped    0.1327     0.3126
Standard Gapped      0.0524     0.2670
PSI Ungapped         0.1701     0.3205
PSI Gapped           0.0524     0.2670
