
Last position-specific scoring matrix computed, weighted observed percentages rounded down, information per position, and relative weight of gapless real matches to pseudocounts
           A  R  N  D  C  Q  E  G  H  I  L  K  M  F  P  S  T  W  Y  V   A   R   N   D   C   Q   E   G   H   I   L   K   M   F   P   S   T   W   Y   V
    1 A    4 -1 -2 -2  0 -1 -1  0 -2 -1 -2 -1 -1 -2 -1  1  0 -3 -2  0  100   0   0   0   0   0   0   0   0   0   0   0   0   0   0   0   0   0   0   0  0.40 inf
    2 L    2 -2 -2 -3 -1 -1 -2 -1 -2  1  3 -2  1 -1 -2  0 -1 -2 -1  0   46   0   0   0   0   0   0   0   0   0  54   0   0   0   0   0   0   0   0   0  0.21 inf
    3 E   -1  0  0  1 -4  2  5 -2  0 -3 -3  1 -2 -3 -1  0 -1 -3 -2 -3    0   0   0   0   0   0 100   0   0   0   0   0   0   0   0   0   0   0   0   0  0.75 inf
    4 E   -1  0  0  1 -4  2  5 -2  0 -3 -3  1 -2 -3 -1  0 -1 -3 -2 -3    0   0   0   0   0   0 100   0   0   0   0   0   0   0   0   0   0   0   0   0  0.75 inf
    5 A    4 -1 -2 -2  0 -1 -1  0 -2 -1 -2 -1 -1 -2 -1  1  0 -3 -2  0  100   0   0   0   0   0   0   0   0   0   0   0   0   0   0   0   0   0   0   0  0.42 inf
    6 P   -1 -2 -2 -2 -3 -1 -1 -2 -2 -3 -3 -1 -3 -4  8 -1 -1 -4 -3 -2    0   0   0   0   0   0   0   0   0   0   0   0   0   0 100   0   0   0   0   0  2.06 inf
    7 W   -3 -3 -4 -4 -2 -2 -3 -3 -2 -3 -2 -3 -2  1 -4 -3 -3 11  2 -3    0   0   0   0   0   0   0   0   0   0   0   0   0   0   0   0   0 100   0   0  2.37 inf
    8 P   -1 -2 -2 -2 -3 -1 -1 -2 -2 -3 -3 -1 -3 -4  8 -1 -1 -4 -3 -2    0   0   0   0   0   0   0   0   0   0   0   0   0   0 100   0   0   0   0   0  2.06 inf
    9 P   -1 -2 -2 -2 -3 -1 -1 -2 -2 -3 -3 -1 -3 -4  8 -1 -1 -4 -3 -2    0   0   0   0   0   0   0   0   0   0   0   0   0   0 100   0   0   0   0   0  2.06 inf
   10 P   -1 -2 -2 -2 -3 -1 -1 -2 -2 -3 -3 -1 -3 -4  8 -1 -1 -4 -3 -3    0   0   0   0   0   0   0   0   0   0   0   0   0   0 100   0   0   0   0   0  2.09 inf
   11 E   -1 -1 -1  1 -3  1  4  0 -1 -2 -1  0  2 -2 -2  0 -1 -3 -2 -2    0   0   0   0   0   0  68  11   0   0   0   0  21   0   0   0   0   0   0   0  0.39 inf
   12 G    0 -2 -1 -1 -3 -2 -2  6 -2 -4 -4 -2 -3 -3 -2  0 -2 -3 -3 -3    0   0   0   0   0   0   0 100   0   0   0   0   0   0   0   0   0   0   0   0  1.08 inf
   13 A    4 -2 -2 -2 -1 -1 -1  0 -2 -1 -2 -1 -1 -2 -1  1  0 -3 -2  0  100   0   0   0   0   0   0   0   0   0   0   0   0   0   0   0   0   0   0   0  0.44 inf
   14 F   -2 -3 -3 -4 -3 -3 -3 -3 -1  0  0 -3  0  6 -4 -3 -2  1  3 -1    0   0   0   0   0   0   0   0   0   0   0   0   0 100   0   0   0   0   0   0  0.85 inf
   15 V   -1 -2 -3 -4 -1 -2 -3 -4 -3  2  3 -2  1  0 -3 -2 -1 -2 -1  3    0   0   0   0   0   0   0   0   0   0  50   0   0   0   0   0   0   0   0  50  0.35 inf
   16 G    0 -2 -1 -1 -3 -2 -2  6 -2 -4 -4 -2 -3 -3 -2  0 -2 -3 -3 -3    0   0   0   0   0   0   0 100   0   0   0   0   0   0   0   0   0   0   0   0  1.11 inf
   17 F   -2 -3 -3 -4 -3 -3 -3 -3  0 -1  0 -3  0  6 -4 -2 -2  1  5 -1    0   0   0   0   0   0   0   0   0   0   0   0   0  68   0   0   0   0  32   0  0.75 inf
   18 V    0 -2 -1 -2 -1 -1 -2 -2 -2  1  1 -2  0 -1 -2  0  2 -3 -1  2    0   0   0   0   0   0   0   0   0   0  19   0   0   0   0   9  31   0   0  41  0.20 inf
   19 L   -2 -2 -3 -4 -1 -2 -3 -4 -3  1  4 -2  3  2 -3 -2 -1 -1  0  1    0   0   0   0   0   0   0   0   0   0  76   0  15   9   0   0   0   0   0   0  0.41 inf
   20 S    0 -1  1  3 -2  0  0 -1 -1 -3 -3  0 -2 -3 -1  3  1 -3 -2 -2    0   0   0  31   0   0   0   0   0   0   0   0   0   0   0  69   0   0   0   0  0.46 inf
   21 R   -2  6 -1 -2 -4  1  0 -2  0 -3 -2  2 -2 -3 -2 -1 -1 -3 -2 -3    0 100   0   0   0   0   0   0   0   0   0   0   0   0   0   0   0   0   0   0  0.84 inf
   22 K    2  0 -1 -1 -2  0 -1 -1 -2 -2 -2  2 -2 -3  5  0 -1 -3 -2 -2   31   0   0   0   0   0   0   0   0   0   0  26   0   0  43   0   0   0   0   0  0.74 inf
   23 E   -1  0  0  1 -4  4  5 -2  0 -3 -3  1 -2 -3 -1  0 -1 -3 -2 -3    0   0   0   0   0  31  69   0   0   0   0   0   0   0   0   0   0   0   0   0  0.68 inf
   24 P   -1 -2 -2 -2 -3 -1 -1 -2 -2 -3 -3 -1 -3 -4  8 -1 -1 -4 -3 -3    0   0   0   0   0   0   0   0   0   0   0   0   0   0 100   0   0   0   0   0  2.11 inf
   25 M   -1 -2 -2 -3 -2 -1 -2 -3 -2  1  2 -2  6  0 -3 -2 -1 -2 -1  1    0   0   0   0   0   0   0   0   0   0   0   0 100   0   0   0   0   0   0   0  0.50 inf
   26 W   -3 -3 -4 -5 -3 -2 -3 -3 -3 -3 -2 -3 -2  1 -4 -3 -3 11  2 -3    0   0   0   0   0   0   0   0   0   0   0   0   0   0   0   0   0 100   0   0  2.53 inf
   27 A    4 -2 -2 -2 -1 -1 -1  0 -2 -1 -2 -1 -1 -2 -1  1  0 -3 -2  0  100   0   0   0   0   0   0   0   0   0   0   0   0   0   0   0   0   0   0   0  0.46 inf
   28 D   -1  0  2  3 -3  1  4 -2  0 -3 -3  2 -2 -3 -1  0 -1 -3 -2 -3    0   0  16  16   0   0  53   0   0   0   0  15   0   0   0   0   0   0   0   0  0.52 inf
   29 L   -2 -2 -4 -4 -2 -2 -3 -4 -3  1  4 -3  2  0 -3 -3 -1  6  0  0    0   0   0   0   0   0   0   0   0   0  84   0   0   0   0   0   0  16   0   0  0.55 inf
   30 L   -1 -1  0 -2 -2 -1 -1 -3 -2  1  3  1  1 -1 -2 -1  1 -2 -1  0    0   0   8   0   0   0   0   0   0   0  60  16   0   0   0   0  15   0   0   0  0.17 inf
   31 A    3 -2 -1 -2 -1 -1 -1  3 -2 -2 -2 -1 -1 -3 -1  1 -1 -3 -2 -1   69   0   0   0   0   0   0  31   0   0   0   0   0   0   0   0   0   0   0   0  0.45 inf
   32 L   -2 -2 -4 -4 -1 -2 -3 -4 -3  1  4 -3  2  0 -3 -3 -1 -2 -1  1    0   0   0   0   0   0   0   0   0   0 100   0   0   0   0   0   0   0   0   0  0.51 inf
   33 A    4 -2 -2 -2 -1 -1 -1  0 -2 -1 -2 -1 -1 -2 -1  1  0 -3 -2  0  100   0   0   0   0   0   0   0   0   0   0   0   0   0   0   0   0   0   0   0  0.46 inf
   34 A    4 -2 -1 -2 -1 -1 -1  2 -2 -2 -2 -1 -1 -2 -1  1  0 -3 -2 -1   81   0   0   0   0   0   0  19   0   0   0   0   0   0   0   0   0   0   0   0  0.42 inf
   35 A    4 -2 -2 -2  3 -1 -1  0 -1 -1 -2 -1 -1 -1 -1  1  0 -1  2  0   76   0   0   0   9   0   0   0   0   0   0   0   0   0   0   0   0   0  16   0  0.32 inf
   36 R    1  3 -2 -2 -2  0 -1 -1 -1 -2 -2  2 -1 -1 -2 -1 -1  8  0 -2   26  24   0   0   0   0   0   0   0   0   0  17   0   0   0   0   0  33   0   0  0.62 inf
   37 G   -1 -1  0  3 -3  1  4  2 -1 -3 -3  0 -2 -3 -2  0 -1 -3 -3 -3    0   0   0  24   0   0  53  24   0   0   0   0   0   0   0   0   0   0   0   0  0.53 inf
   38 G    0 -2 -1 -1 -3 -2 -2  6 -2 -4 -4 -2 -3 -3 -2  0 -2 -3 -3 -3    0   0   0   0   0   0   0 100   0   0   0   0   0   0   0   0   0   0   0   0  1.11 inf
   39 R   -1  5  0 -1 -3  1  0 -2 -1 -3 -2  3 -1 -3 -2 -1 -1 -3 -2 -3    0  69   0   0   0   0   0   0   0   0   0  31   0   0   0   0   0   0   0   0  0.66 inf
   40 V    0 -3 -3 -3 -1 -2 -3 -3 -3  2  1 -2  1 -1 -3 -2  0 -3 -1  4    0   0   0   0   0   0   0   0   0   0   9   0   0   0   0   0   0   0   0  91  0.38 inf
   41 H   -2 -1  0 -2 -3  0 -1 -3  7 -3 -2 -1 -1  1 -3 -1 -2  0  5 -2    0   0   0   0   0   0   0   0  61   0   0   0   0   0   0   0   0   0  39   0  0.76 inf
   42 R   -2  6 -1 -2 -4  1  0 -2  0 -3 -2  2 -2 -3 -2 -1 -1 -3 -2 -3    0 100   0   0   0   0   0   0   0   0   0   0   0   0   0   0   0   0   0   0  0.84 inf
   43 A    3 -2 -1 -2 -1 -1 -1  3 -2 -2 -2 -1 -1 -3 -1  1 -1 -3 -2 -1   69   0   0   0   0   0   0  31   0   0   0   0   0   0   0   0   0   0   0   0  0.45 inf
   44 P    0  0 -1  0 -3  3  2 -2 -1 -3 -2  0 -1 -3  4  0  0 -3 -2 -2    9   0   0   0   0  25  26   0   0   0   0   0   0   0  31   0  10   0   0   0  0.59 inf
   45 E   -1 -1  0  4 -3  0  2 -2 -1 -3 -3  0 -2 -3  3  1  1 -4 -3 -2    0   0   0  43   0   0  16   0   0   0   0   0   0   0  16  10  15   0   0   0  0.52 inf
   46 P   -1 -2 -1  2 -3 -1 -1 -2 -2 -3 -3 -1 -3 -4  7  1 -1 -4 -3 -2    0   0   0  15   0   0   0   0   0   0   0   0   0   0  69  16   0   0   0   0  1.30 inf
   47 Y   -1 -2 -3 -4 -1 -2 -3 -4 -2  1  3 -2  1  1 -3 -2 -1 -1  2  2    0   0   0   0   0   0   0   0   0   0  65   0   0   0   0   0   0   0  16  19  0.33 inf
   48 K    1  1  0  0 -3  2  3  1 -1 -3 -2  2 -1 -3 -1  0 -1 -3 -2 -2   16   9   0   0   0  16  33   9   0   0   0  16   0   0   0   0   0   0   0   0  0.33 inf
   49 A    2 -1 -1  0 -2  0  2  3 -1 -2 -2  0 -2 -3 -1  0 -1 -3 -2 -1   43   0   0   0   0   0  31  26   0   0   0   0   0   0   0   0   0   0   0   0  0.34 inf
   50 L   -2 -2 -4 -4 -1 -2 -3 -4 -3  1  4 -3  2  0 -3 -3 -1 -2 -1  1    0   0   0   0   0   0   0   0   0   0 100   0   0   0   0   0   0   0   0   0  0.51 inf
   51 R    0  4  0 -1 -3  1  0 -2 -1 -3 -2  4 -1 -3 -2  0 -1 -3 -2 -2   10  41   0   0   0   0   0   0   0   0   0  49   0   0   0   0   0   0   0   0  0.49 inf
   52 D   -1 -1  1  5 -3  0  1  2 -1 -3 -4  1 -3 -3 -2  0 -1 -4 -3 -3    0   0   0  61   0   0   0  23   0   0   0  16   0   0   0   0   0   0   0   0  0.58 inf
   53 L   -2 -2 -3 -4 -2 -3 -3 -4 -2  1  3 -3  1  4 -3 -3 -2 -1  1  0    0   0   0   0   0   0   0   0   0   0  69   0   0  31   0   0   0   0   0   0  0.43 inf
   54 K   -1  1  0 -1 -3  1  0  0  3 -3 -3  4 -2 -3  3  0 -1 -3 -1 -3    0   0   0   0   0   0   0   8  15   0   0  61   0   0  16   0   0   0   0   0  0.43 inf
   55 E   -1  0  0  1 -4  2  5  0  0 -3 -3  1 -2 -3 -1  0 -1 -3 -2 -3    0   0   0   0   0   0  91   9   0   0   0   0   0   0   0   0   0   0   0   0  0.69 inf
   56 A    1 -2 -3 -3 -1 -2 -2 -2 -3  2  1 -2  1 -1 -2 -1  0 -3 -1  3   26   0   0   0   0   0   0   0   0  25  15   0   0   0   0   0   0   0   0  34  0.21 inf
   57 R   -1  5  0 -2 -3  1  0 -2  0 -3 -2  2 -2 -3 -2  1 -1 -3 -2 -3    0  85   0   0   0   0   0   0   0   0   0   0   0   0   0  15   0   0   0   0  0.66 inf
   58 G    1 -2  0 -1 -2 -1 -2  5 -2 -3 -3 -1 -2 -3 -2  1 -1 -3 -3 -2   15   0   0   0   0   0   0  69   0   0   0   0   0   0   0  16   0   0   0   0  0.69 inf
   59 L   -2 -2 -3 -4 -2 -2 -3 -4 -2  2  3 -2  3  3 -3 -2 -1 -1  0  1    0   0   0   0   0   0   0   0   0   9  57   0  16  18   0   0   0   0   0   0  0.35 inf
   60 L    0 -2 -3 -3 -1 -2 -2 -3 -3  1  3 -2  1  0 -2 -2 -1 -2 -1  1   15   0   0   0   0   0   0   0   0   0  69   0   0   0   0   0   0   0   0  16  0.30 inf
   61 A    4 -2 -2 -2 -1 -1 -1  0 -2 -1 -2 -1 -1 -2 -1  1  0 -3 -2  0  100   0   0   0   0   0   0   0   0   0   0   0   0   0   0   0   0   0   0   0  0.46 inf
   62 K   -1  2  0 -1 -3  1  1 -2 -1 -3 -3  5 -2 -3 -1  0 -1 -3 -2 -2    0   0   0   0   0   0   0   0   0   0   0 100   0   0   0   0   0   0   0   0  0.59 inf
   63 D   -2 -2  1  6 -4  0  1 -1 -1 -3 -4 -1 -3 -4 -2  0 -1 -4 -3 -3    0   0   0 100   0   0   0   0   0   0   0   0   0   0   0   0   0   0   0   0  1.02 inf
   64 L   -2 -2 -4 -4 -1 -2 -3 -4 -3  1  4 -3  2  0 -3 -3 -1 -2 -1  1    0   0   0   0   0   0   0   0   0   0 100   0   0   0   0   0   0   0   0   0  0.51 inf
   65 S    3 -1 -1 -1 -1 -1 -1  0 -1 -2 -2 -1 -1 -2 -1  3  1 -3 -2 -1   59   0   0   0   0   0   0   0   0   0   0   0   0   0   0  41   0   0   0   0  0.38 inf
   66 V    0 -3 -3 -3 -1 -2 -3 -3 -3  2  1 -2  1 -1 -3 -2  0 -3 -1  4    0   0   0   0   0   0   0   0   0   0   0   0   0   0   0   0   0   0   0 100  0.41 inf
   67 L   -2 -2 -4 -4 -1 -2 -3 -4 -3  1  4 -3  2  0 -3 -3 -1 -2 -1  1    0   0   0   0   0   0   0   0   0   0 100   0   0   0   0   0   0   0   0   0  0.51 inf
   68 A    4 -2 -2 -2 -1 -1 -1  0 -2 -1 -2 -1 -1 -2 -1  1  0 -3 -2  0  100   0   0   0   0   0   0   0   0   0   0   0   0   0   0   0   0   0   0   0  0.46 inf
   69 L   -1 -2 -2 -3 -1 -2 -2  1 -3  1  3 -2  1  0 -3 -1 -1 -2 -1  0    0   0   0   0   0   0   0  15   0   0  76   0   0   0   0   9   0   0   0   0  0.27 inf
   70 R   -1  5  0 -1 -3  1  0 -2 -1 -3 -2  3 -1 -3 -2 -1 -1 -3 -2 -3    0  69   0   0   0   0   0   0   0   0   0  31   0   0   0   0   0   0   0   0  0.66 inf
   71 E   -1  0  0  1 -4  2  5 -2  0 -3 -3  1 -2 -3 -1  0 -1 -3 -2 -3    0   0   0   0   0   0 100   0   0   0   0   0   0   0   0   0   0   0   0   0  0.81 inf
   72 G    0 -3 -1 -2 -3 -2 -2  6 -2 -4 -4 -2 -3 -3 -2 -1 -2 -3 -3 -3    0   0   0   0   0   0   0 100   0   0   0   0   0   0   0   0   0   0   0   0  1.20 inf
   73 L   -1  0 -2 -3 -1 -1 -2 -3 -2  1  2 -1  1 -1 -2 -1  2 -2 -1  2    0   7   0   0   0   0   0   0   0   6  39   0   0   0   0   0  30   0   0  18  0.20 inf
   74 G    0 -2 -1  3 -2 -1  0  1 -2  0 -1 -1 -1 -2 -2 -1 -1  5 -1  1   13   0   0  28   0   0   7  11   0   0   0   0   0   0   0   0   0  12   0  30  0.22 inf
   75 L   -1 -3 -3 -4 -1 -2 -3 -4 -3  3  3 -3  1  0 -3 -2 -1 -2 -1  3    0   0   0   0   0   0   0   0   0  18  41   0   0   0   0   0   0   0   0  41  0.37 inf
   76 P    0 -2 -1  2 -3  0  2 -2 -2 -2 -2 -1 -2 -1  5 -1 -1 -3 -2 -1    6   0   0  17   0   0  19   0   0   0   0   0   0   6  46   0   0   0   0   6  0.78 inf
   77 P   -1 -3 -2 -2 -3 -2 -2 -3 -3 -3 -3 -1 -3 -4  8 -1 -1 -4 -3 -3    0   0   0   0   0   0   0   0   0   0   0   0   0   0 100   0   0   0   0   0  2.20 inf
   78 G    0 -2 -1 -1 -3 -1 -1  5 -2 -4 -4 -1 -3 -3 -2  0  0 -3 -3 -3    0   0   0   0   0   0   6  82   0   0   0   0   0   0   0   6   7   0   0   0  0.86 inf
   79 D   -2 -2  1  6 -4 -1  1 -2 -1 -4 -4 -1 -3 -4 -2 -1 -1 -5 -3 -4    0   0   0 100   0   0   0   0   0   0   0   0   0   0   0   0   0   0   0   0  1.13 inf
   80 D   -2 -2  1  6 -4 -1  1 -2 -1 -4 -4 -1 -3 -4 -2 -1 -1 -5 -3 -4    0   0   0 100   0   0   0   0   0   0   0   0   0   0   0   0   0   0   0   0  1.13 inf
   81 P   -1 -3 -2 -2 -3 -2 -2 -3 -3 -3 -3 -1 -3 -4  8 -1 -1 -4 -3 -3    0   0   0   0   0   0   0   0   0   0   0   0   0   0 100   0   0   0   0   0  2.20 inf
   82 M   -1 -2 -3 -4 -2 -1 -3 -3 -2  1  3 -2  6  0 -3 -2 -1 -2 -1  0    0   0   0   0   0   0   0   0   0   0  37   0  63   0   0   0   0   0   0   0  0.50 inf
   83 L   -2 -2 -4 -4 -2 -2 -3 -4 -3  1  4 -3  2  0 -3 -3 -1 -2 -1  1    0   0   0   0   0   0   0   0   0   0 100   0   0   0   0   0   0   0   0   0  0.58 inf
   84 L   -1 -2 -3 -3 -2 -2 -2 -3  2  1  3 -2  1  0 -3 -2 -1 -1  2  1    0   0   0   0   0   0   0   0  10   0  63   0   0   0   0   0   0   0  11  16  0.31 inf
   85 A    5 -2 -2 -2 -1 -1 -1  0 -2 -2 -2 -1 -1 -3 -1  1  0 -3 -2  0  100   0   0   0   0   0   0   0   0   0   0   0   0   0   0   0   0   0   0   0  0.55 inf
   86 Y   -2 -2 -3 -4 -3 -2 -2 -3  1 -2 -1 -2 -1  3 -3 -2 -2  2  7 -2    0   0   0   0   0   0   0   0   0   0   0   0   0   0   0   0   0   0 100   0  1.18 inf
   87 L   -2 -2 -4 -4 -2 -2 -3 -4 -3  1  4 -3  2  0 -3 -3 -1 -2 -1  1    0   0   0   0   0   0   0   0   0   0 100   0   0   0   0   0   0   0   0   0  0.58 inf
   88 L   -2 -2 -3 -4 -2 -2 -3 -4 -1  1  4 -3  1  1 -3 -3 -2  0  3  0    0   0   0   0   0   0   0   0   0   0  78   0   0   0   0   0   0   0  22   0  0.46 inf
   89 D   -2 -2  1  6 -4 -1  1 -2 -1 -4 -4 -1 -3 -4 -2 -1 -1 -5 -3 -4    0   0   0 100   0   0   0   0   0   0   0   0   0   0   0   0   0   0   0   0  1.13 inf
   90 P   -1 -3 -2 -2 -3 -2 -2 -3 -3 -3 -3 -1 -3 -4  8 -1 -1 -4 -3 -3    0   0   0   0   0   0   0   0   0   0   0   0   0   0 100   0   0   0   0   0  2.20 inf
   91 S    3 -1  0 -1 -1 -1 -1  1 -1 -2 -2 -1 -2 -3 -1  3  1 -3 -2 -1   37   0   0   0   0   0   0   7   0   0   0   0   0   0   0  56   0   0   0   0  0.40 inf
   92 N   -2 -1  6  1 -3  0 -1 -1  0 -4 -4 -1 -3 -3 -2  0  0 -4 -2 -3    0   0 100   0   0   0   0   0   0   0   0   0   0   0   0   0   0   0   0   0  0.96 inf
   93 T    0 -1  0 -1 -1 -1 -1 -2 -2 -1 -2 -1 -1 -2 -1  2  5 -3 -2 -1    0   0   0   0   0   0   0   0   0   0   0   0   0   0   0  22  78   0   0   0  0.53 inf
   94 T    0 -1  4  2 -2  0  1 -1 -1 -2 -2  0 -2 -3 -2  1  3 -3 -2 -1    6   0  34  12   0   0  11   0   0   0   0   0   0   0   0   0  38   0   0   0  0.37 inf
   95 P   -1 -2 -2 -2 -3 -1 -2 -3 -2 -1 -1 -1  4 -2  7 -1 -1 -3 -3 -1    0   0   0   0   0   0   0   0   0   0   0   0  30   0  70   0   0   0   0   0  1.34 inf
   96 E    2 -1 -1  0 -2  1  3 -1 -1 -3 -3  0 -2 -3  3  0 -1 -3 -2 -2   33   0   0   0   0   0  48   0   0   0   0   0   0   0  19   0   0   0   0   0  0.51 inf
   97 G    0 -2 -1 -1 -2 -1 -2  4 -2  0 -2 -1 -1 -2 -2  1  1 -3 -2  0    0   0   0   0   0   0   0  48   0   9   0   0   0   0   0  22  10   0   0  11  0.37 inf
   98 V    0 -2 -2 -3 -1 -2 -2 -3 -3  2  0 -2  0 -1 -2 -1  2 -3 -2  4    0   0   0   0   0   0   0   0   0   0   0   0   0   0   0   0  22   0   0  78  0.36 inf
   99 A    4 -2 -2 -2 -1 -1 -1 -1 -2  0 -1 -1 -1 -2 -1  1  1 -3 -2  2   67   0   0   0   0   0   0   0   0   0   0   0   0   0   0   0  10   0   0  22  0.31 inf
  100 R   -1  5 -1 -1 -4  1  1 -2 -1 -3 -3  2 -2 -3  2 -1 -1 -3 -2 -3    0  70   0   0   0   0   9   0   0   0   0  11   0   0  10   0   0   0   0   0  0.67 inf
  101 R   -2  6 -1 -2 -4  1  0 -3 -1 -3 -3  2 -2 -3 -2 -1 -1 -3 -2 -3    0 100   0   0   0   0   0   0   0   0   0   0   0   0   0   0   0   0   0   0  0.96 inf
  102 Y   -2 -2 -3 -4 -3 -2 -2 -3  1 -2 -1 -2 -1  3 -3 -2 -2  2  7 -2    0   0   0   0   0   0   0   0   0   0   0   0   0   0   0   0   0   0 100   0  1.18 inf
  103 G    0  0  0  1 -3 -1 -1  5 -2 -4 -4 -1 -3 -3 -2 -1 -2 -3 -3 -3    0   9   0  11   0   0   0  81   0   0   0   0   0   0   0   0   0   0   0   0  0.85 inf
  104 G    0  1 -1 -2 -2 -1 -2  5 -2 -2 -3 -1 -2 -3 -2  0  0 -3 -3 -1    0  11   0   0   0   0   0  70   0   0   0   0   0   0   0   0   9   0   0  10  0.62 inf
  105 E   -1 -1  0  3 -3  1  4 -2 -1 -3 -3  0 -2 -3  2  0  0 -3 -3 -2    0   0   0  22   0   0  59   0   0   0   0   0   0   0  10   0   9   0   0   0  0.61 inf
  106 W   -3 -3 -4 -5 -3 -2 -3 -3 -3 -2  0 -3 -1  2 -4 -3 -3 11  2 -2    0   0   0   0   0   0   0   0   0   0  11   0   0   7   0   0   0  82   0   0  2.11 inf
  107 T    0 -1 -1 -2 -2 -1 -1  1 -2 -1 -2  0 -1 -3  4  0  3 -3 -2  0    0   0   0   0   0   0   0  12   0   0   0   7   0   0  30   0  41   0   0  11  0.49 inf
  108 E    2 -1 -1  0 -2  1  4 -1 -1 -3 -3  0 -2 -3 -1  1  0 -3 -2 -2   32   0   0   0   0   0  57   0   0   0   0   0   0   0   0  12   0   0   0   0  0.44 inf
  109 E   -2 -2  1  6 -4  0  3 -2 -1 -3 -4 -1 -3 -4 -2 -1 -1 -4 -3 -3    0   0   0  83   0   0  17   0   0   0   0   0   0   0   0   0   0   0   0   0  0.95 inf
  110 A    4 -2 -2 -2 -1 -1 -1  0 -2 -2 -2 -1 -1 -3  4  1  0 -3 -2 -1   78   0   0   0   0   0   0   0   0   0   0   0   0   0  22   0   0   0   0   0  0.58 inf
  111 G    3 -2 -1 -2 -1 -1 -2  3 -2 -1 -2 -1 -1 -3  2  0 -1 -3 -2  0   45   0   0   0   0   0   0  34   0   0   0   0   0   0  11   0   0   0   0  11  0.40 inf
  112 E    0 -1  0  0 -2  1  3  1  1 -2 -2  0 -2 -3 -1  1  2 -3 -2 -2    7   0   0   0   0   6  41  10   6   0   0   0   0   0   0  11  19   0   0   0  0.31 inf
  113 R   -2  6 -1 -2 -4  1  0 -3  3 -3 -3  2 -2 -3 -2 -1 -1 -3 -1 -3    0  89   0   0   0   0   0   0  11   0   0   0   0   0   0   0   0   0   0   0  0.83 inf
  114 A    5 -2 -2 -2 -1 -1 -1  0 -2 -2 -2 -1 -1 -3 -1  1  0 -3 -2  0  100   0   0   0   0   0   0   0   0   0   0   0   0   0   0   0   0   0   0   0  0.55 inf
  115 A    2 -1 -2 -2 -1  2 -1 -2 -1  0  2 -1  0 -1 -2  0  0 -2 -2  0   35   0   0   0   0  22   0   0   0   0  37   0   0   0   0   0   6   0   0   0  0.17 inf
  116 L    1 -2 -3 -3 -1 -2 -2 -2 -3  2  3 -2  1  0 -2 -1 -1 -2 -1  2   22   0   0   0   0   0   0   0   0  19  48   0   0   0   0   0   0   0   0  10  0.25 inf
  117 S    2 -1  0 -1 -1 -1 -1 -1 -2 -2 -2 -1 -1 -2 -1  3  3 -3 -2 -1   33   0   0   0   0   0   0   0   0   0   0   0   0   0   0  37  30   0   0   0  0.36 inf
  118 E    0 -1 -1  0 -3  1  3  1  3 -3 -3  0 -2 -1 -2 -1 -1  5  2 -2   10   0   0   0   0   0  48  11  12   0   0   0   0   0   0   0   0  11   9   0  0.39 inf
  119 R   -1  5 -1 -2 -3  0 -1 -3  3 -2  0  1 -1 -2 -2 -1  1 -3 -1 -2    0  67   0   0   0   0   0   0  11   0  11   0   0   0   0   0  12   0   0   0  0.49 inf
  120 L   -2 -2 -4 -4 -2 -2 -3 -4 -3  1  4 -3  2  0 -3 -3 -1 -2 -1  1    0   0   0   0   0   0   0   0   0   0 100   0   0   0   0   0   0   0   0   0  0.58 inf
  121 F   -2 -2 -3 -3 -2  0 -2 -3  1  0  2 -2  0  3 -3 -2 -2  7  2 -1    0   0   0   0   0   6   0   0   6   0  30   0   0  23   0   0   0  29   6   0  0.66 inf
  122 A    1  3 -1  0 -3  4  3 -2  0 -3 -2  1 -1 -3 -2  0 -1 -3 -2 -2   17  21   0   0   0  40  22   0   0   0   0   0   0   0   0   0   0   0   0   0  0.44 inf
  123 N    0 -1  3  3 -2  0  1 -1 -1 -2 -2  0 -2 -3 -2  1  2 -3 -2 -2   13   0  29  19   0   0  11   0   0   0   0   0   0   0   0   0  28   0   0   0  0.34 inf
  124 L   -2 -2 -4 -4 -2 -2 -3 -4 -3  1  4 -3  2  0 -3 -3 -1 -2 -1  1    0   0   0   0   0   0   0   0   0   0 100   0   0   0   0   0   0   0   0   0  0.58 inf
  125 W   -1 -1 -2 -2 -2  1 -1 -2 -1 -1  0  0 -1  1  4  0 -1  5  1 -1    0   0   0   0   0  12   0   0   0   0  17   6   0   7  30  11   0  11   7   0  0.45 inf
  126 G    1 -1 -1 -1 -2  0  1  1 -2 -3 -3  0 -2 -3  5  1 -1 -3 -3 -2   11   0   0   0   0   0  17  11   0   0   0   6   0   0  44  12   0   0   0   0  0.75 inf
  127 R   -2  5 -1 -2 -3  2  0 -3  2 -2  0  1 -1 -2 -2 -1 -1 -3 -1 -2    0  70   0   0   0  10   0   0   9   0  11   0   0   0   0   0   0   0   0   0  0.56 inf
  128 L   -1 -2 -3 -3 -1 -2 -3 -4 -3  2  4 -2  2  0 -3 -2  0 -2 -1  1    0   0   0   0   0   0   0   0   0  12  71   0   0   0   0   0  11   0   0   7  0.37 inf
  129 E    0  0  0  3 -3  2  2  1 -1 -3 -3  1 -2 -3 -1  0 -1 -3 -2 -2    8   0   0  30   0  17  17  12   0   0   1  12   0   0   0   0   0   0   0   0  0.35 inf
  130 G   -1 -1  0  2 -3  0  3  4 -1 -3 -3  0 -2 -3 -2  0 -1 -3 -3 -3    1   0   0  11   0   0  38  45   0   0   1   0   0   0   0   0   0   0   0   0  0.51 inf
  131 E    2 -1  1  2 -2  1  3 -1 -1 -3 -3  0 -2 -3 -1  1  0 -3 -2 -2   30   0  12  11   0   0  41   0   0   0   0   0   0   0   0   7   0   0   0   0  0.36 inf
  132 E   -1  3 -1  0 -4  1  4 -2 -1 -3 -3  1 -2 -3  2 -1 -1 -3 -2 -3    0  30   0   0   0   0  59   0   0   0   0   0   0   0  12   0   0   0   0   0  0.61 inf
  133 R   -1  5  0 -1 -3  1  0 -2 -1 -3 -2  3 -1 -3 -2 -1 -1 -3 -2 -2    1  60   0   1   0   0   1   1   0   1   1  30   0   0   1   1   1   0   0   1  0.58 inf
  134 L   -1 -1 -2 -2 -1 -1 -2 -2 -2  2  3 -2  1  0 -1 -1 -1 -1 -1  1    2   2   1   2   1   1   2   2   1  13  61   2   1   1   2   2   2   0   1   2  0.21 inf
  135 L   -1 -1 -2 -1 -1 -1  0 -2 -2  0  2 -1  1  0 -2 -1  1  5 -1  0    2   1   1   1   0   1  13   1   0   1  50   1   0   1   1   1  12  11   1   1  0.20 inf
  136 W   -2 -1 -3 -3 -3 -1 -2 -3 -2 -3 -2  2 -2  0 -3 -2 -2 10  1 -3    0   0   0   0   0   0   0   0   0   0   0  30   0   0   0   0   0  70   0   0  1.68 inf
  137 L   -2 -2 -4 -4 -2 -2 -3 -4 -3  1  4 -3  3  0 -3 -3 -1 -2 -1  1    0   0   0   0   0   0   0   0   0   0  89   0  11   0   0   0   0   0   0   0  0.53 inf
  138 Y   -2 -2 -3 -4 -3 -2 -2 -3  1 -2 -1 -2 -1  3 -3 -2 -2  2  7 -2    0   0   0   0   0   0   0   0   0   0   0   0   0   0   0   0   0   0 100   0  1.18 inf
  139 R    0  3  0  1 -3  3  2 -2  2 -3 -3  1 -2 -3 -2  0 -1 -3 -2 -2   10  34   0  11   0  18  20   0   6   0   0   0   0   0   0   0   0   0   0   0  0.39 inf
  140 E   -1  0 -1  1 -4  2  5  0  0 -4 -3  0 -2 -3 -1  0 -1 -3 -2 -3    0   0   0   0   0  12  78  10   0   0   0   0   0   0   0   0   0   0   0   0  0.67 inf
  141 V   -1 -3 -3 -3 -1 -2 -3 -3 -3  3  1 -2  3 -1 -3 -2  0 -3 -1  4    0   0   0   0   0   0   0   0   0  12   0   0  21   0   0   0   0   0   0  67  0.38 inf
  142 E   -1  0 -1  1 -4  2  6 -2  0 -4 -3  0 -2 -4 -1  0 -1 -3 -2 -3    0   0   0   0   0   0 100   0   0   0   0   0   0   0   0   0   0   0   0   0  0.91 inf
  143 R   -1  4  0 -1 -3  1  0 -2 -1 -3 -3  5 -2 -3 -2 -1 -1 -3 -2 -3    0  25   0   0   0   0   0   0   0   0   0  75   0   0   0   0   0   0   0   0  0.63 inf
  144 P   -1 -3 -2 -2 -3 -2 -2 -3 -3 -3 -3 -1 -3 -4  8 -1 -1 -4 -3 -3    0   0   0   0   0   0   0   0   0   0   0   0   0   0 100   0   0   0   0   0  2.20 inf
  145 L   -2 -2 -4 -4 -2 -2 -3 -4 -3  1  4 -3  2  0 -3 -3 -1 -2 -1  1    0   0   0   0   0   0   0   0   0   0 100   0   0   0   0   0   0   0   0   0  0.58 inf
  146 S    2 -1  0 -1 -1 -1 -1  0 -1 -2 -2 -1 -2 -3 -1  4  1 -3 -2 -1   28   0   0   0   0   0   0   0   0   0   0   0   0   0   0  72   0   0   0   0  0.46 inf
  147 A    3  3 -1 -2 -2  1 -1  1 -1 -2 -2  0 -1 -3 -1  0 -1 -3 -2 -1   52  30   0   0   0   7   0  11   0   0   0   0   0   0   0   0   0   0   0   0  0.32 inf
  148 V    0 -3 -3 -3 -1 -3 -3 -3 -3  2  1 -3  0 -1 -3 -2  0 -3 -2  5    0   0   0   0   0   0   0   0   0   0   0   0   0   0   0   0   0   0   0 100  0.51 inf
  149 L   -2 -2 -4 -4 -2 -2 -3 -4 -3  1  4 -3  2  0 -3 -3 -1 -2 -1  1    0   0   0   0   0   0   0   0   0   0 100   0   0   0   0   0   0   0   0   0  0.58 inf
  150 A    4 -1 -1 -2 -1 -1 -1  1 -2 -2 -2  0 -1 -3 -1  1  1 -3 -2 -1   70   0   0   0   0   0   0  11   0   0   0   9   0   0   0   0  10   0   0   0  0.35 inf
  151 H   -2  4  0 -2 -3  2  0 -2  6 -3 -3  1 -2 -2 -2 -1 -2 -3  0 -3    0  47   0   0   0  11   0   0  42   0   0   0   0   0   0   0   0   0   0   0  0.66 inf
  152 M   -1 -2 -3 -4 -2 -1 -3 -3 -2  2  2 -2  7  0 -3 -2 -1 -2 -1  1    0   0   0   0   0   0   0   0   0  12   0   0  88   0   0   0   0   0   0   0  0.60 inf
  153 E   -1  0 -1  1 -4  2  6 -2  0 -4 -3  0 -2 -4 -1  0 -1 -3 -2 -3    0   0   0   0   0   0 100   0   0   0   0   0   0   0   0   0   0   0   0   0  0.91 inf

                      K         Lambda
Standard Ungapped    0.1377     0.3174
Standard Gapped      0.0412     0.2670
PSI Ungapped         0.1365     0.3015
PSI Gapped           0.0412     0.2670
