
Last position-specific scoring matrix computed, weighted observed percentages rounded down, information per position, and relative weight of gapless real matches to pseudocounts
           A  R  N  D  C  Q  E  G  H  I  L  K  M  F  P  S  T  W  Y  V   A   R   N   D   C   Q   E   G   H   I   L   K   M   F   P   S   T   W   Y   V
    1 A    2 -4 -2 -3 -1 -3 -4  6 -4 -5 -5 -3 -4 -5 -4 -2 -3 -4 -5 -4   17   0   0   0   2   0   0  81   0   0   0   0   0   0   0   0   0   0   0   0  1.49 inf
    2 G   -2 -4 -3 -4 -5 -3 -4  7 -4 -6 -6 -3 -5 -5 -4 -2 -4 -5 -5 -5    1   0   0   0   0   1   0  97   0   0   0   1   0   0   0   1   0   0   0   0  1.96 inf
    3 G   -2 -4 -1 -3 -3 -3 -4  7 -4 -6 -6 -3 -5 -5 -3 -2  0 -5 -5 -5    0   0   2   1   0   0   0  88   0   0   0   0   0   0   1   1   6   0   0   0  1.65 inf
    4 E    1 -1 -2  0 -4  2  5 -3 -1 -4 -3  2 -2 -4 -3 -1  1 -4 -3 -2   16   0   0   2   0   8  49   0   1   0   2  11   1   0   0   0   8   0   0   2  0.62 inf
    5 P   -2 -5 -5 -4 -5 -4 -3 -5 -5 -3 -1 -4 -3 -6  8 -3 -3 -6 -5 -4    2   0   0   0   0   0   1   0   0   1   6   0   0   0  89   0   0   0   0   1  2.46 inf
    6 T    0 -1 -1 -1 -3  1 -1 -1  0 -2 -3  0 -2 -4 -2  2  5 -4 -3 -1    3   1   2   2   0   8   3   3   2   1   1   6   0   0   0  19  47   0   0   3  0.52 inf
    7 G   -1 -4 -2 -3 -3 -4 -4  7 -4 -6 -6 -3 -5 -5 -3 -2 -3 -5 -5 -5    3   0   0   0   1   0   1  92   0   0   0   0   0   0   1   1   0   0   0   0  1.78 inf
    8 K    3  0 -1  2 -3  0  3 -2 -2 -3 -3  2 -3 -4  0  0 -1 -4 -3 -3   30   3   2  10   0   1  26   0   0   0   0  16   0   0   5   4   2   0   0   0  0.43 inf
    9 V   -3 -4 -5 -5 -3 -4 -5 -5 -5  3  5 -4  0 -1 -4 -4 -2 -4 -3  2    1   0   0   0   0   0   0   0   0  20  64   0   0   1   0   0   0   0   0  14  0.89 inf
   10 A    5 -1 -3 -3 -3 -2 -2  1 -3 -3 -1  1 -1 -4 -3  0 -2 -4 -2 -1   66   2   0   0   0   1   1   8   0   0   6  11   1   0   0   1   0   0   1   2  0.66 inf
   11 E    2 -1 -1  4 -4  1  3 -2 -1 -3 -4  1 -3 -4 -2  0 -1 -4 -3 -3   21   1   1  30   0   5  24   0   0   1   0  11   0   0   0   4   3   0   0   1  0.54 inf
   12 A    5 -2 -3 -1 -3 -1 -1 -1 -3 -3 -2  1 -1 -4 -3 -1 -2 -4 -4 -2   75   1   0   3   0   1   2   2   0   0   3  10   2   0   0   1   0   0   0   0  0.83 inf
   13 I   -4 -5 -6 -6 -4 -5 -6 -6 -6  8  0 -5 -1 -2 -5 -5 -3 -5 -4  1    0   0   0   0   0   0   0   0   0  97   2   0   0   0   0   0   0   0   0   1  1.75 inf
   14 A   -1 -1  5  4 -4  0  2 -2 -1 -2 -3  1 -3 -4 -3 -1  0 -5 -3 -2    4   2  34  22   0   3  15   0   0   2   1   7   0   0   0   1   4   0   0   4  0.56 inf
   15 A    2  3  0  1 -3  1  2 -1 -1 -3 -3  2 -2 -4 -2  1 -1 -4 -3 -2   28  17   2   7   0   7  12   2   1   0   0  14   0   0   0   9   2   0   0   0  0.35 inf
   16 S    2 -1  0  4 -3  1  1 -2 -1 -3 -3  2 -3 -4 -2  1  1 -4 -3 -3   19   0   3  26   0   5   5   0   0   0   0  15   0   0   0  13  12   0   0   0  0.41 inf
   17 F   -4 -5 -5 -6 -2 -5 -5 -5 -4 -2  0 -5 -2  8 -6 -4 -4  5  1 -3    0   0   0   0   1   0   0   0   0   1   8   0   0  81   0   0   0   8   1   0  1.82 inf
   18 G   -2 -4 -2 -2 -5 -3 -4  7 -4 -6 -6 -3 -5 -5 -4 -2 -3 -5 -5 -5    0   0   0   1   0   1   0  96   0   0   0   0   0   0   0   1   1   0   0   0  1.90 inf
   19 S   -1 -3  0  0 -3 -2 -2  1 -2 -5 -5 -2 -4 -5 -3  6  0 -5 -4 -4    1   0   2   4   0   0   0  10   0   0   0   0   0   0   0  80   2   0   0   0  1.10 inf
   20 F   -4 -5 -5 -6 -4 -5 -5 -5 -3 -1  0 -4 -1  8 -5 -4 -4 -1  3  0    0   0   0   0   0   0   0   0   0   1   7   1   0  74   0   0   0   0  10   8  1.52 inf
   21 A    1 -2 -1  5 -4  0  4 -3 -2 -4 -4 -1 -4 -5 -2  0 -2 -5 -4 -2   14   0   1  40   0   1  35   0   0   0   0   1   0   0   1   4   0   0   0   2  0.82 inf
   22 D    2  0  1  2 -3  1  2 -1 -1 -3 -3  3 -3 -4 -2  0 -1 -4 -3 -3   29   1   8  10   0   5  15   2   1   0   0  21   0   0   0   5   2   0   0   0  0.36 inf
   23 F   -5 -5 -5 -6 -3 -6 -6 -6 -4 -2 -1 -6  0  9 -6 -5 -4 -1  1 -3    0   0   0   0   1   0   0   0   0   0   3   0   2  94   0   0   0   0   0   0  2.17 inf
   24 K   -1  1 -2 -3 -3  2 -1 -4 -2 -4 -4  7 -3 -5 -3 -2 -3 -5 -4 -2    3   5   0   0   0   9   0   0   0   1   0  79   0   0   0   0   0   0   0   3  1.21 inf
   25 A    1 -1 -1  2 -4  1  5 -3 -2 -4 -4  2 -3 -4 -2  0  0 -4 -3 -3   16   0   2   8   0   4  48   0   0   0   0  13   0   0   0   3   7   0   0   0  0.64 inf
   26 Q    2 -1 -2  0 -4  3  4 -3 -2 -3 -3  2 -2 -4 -2 -1 -1 -4 -3 -3   25   0   0   3   0  18  31   0   0   1   2  17   0   0   0   0   2   0   0   0  0.55 inf
   27 F   -5 -5 -5 -6 -5 -6 -6 -6 -4 -2  0 -5 -1  9 -6 -5 -4  0  1 -2    0   0   0   0   0   0   0   0   0   1   5   0   0  92   0   0   0   1   0   1  2.09 inf
   28 T    1 -1  3 -1 -3  0  1 -1 -2 -3 -3  2 -2 -4 -2  2  3 -4 -3 -2   12   0  16   1   0   2   9   1   0   0   0  15   0   0   0  18  23   0   0   2  0.36 inf
   29 D    2  0  2  2 -3  2  1 -2 -2 -3 -3  3 -2 -4 -2  0  1 -4 -3 -3   21   1   9  12   0  13   7   0   0   0   0  24   0   0   0   4   8   0   0   0  0.38 inf
   30 A    5 -2 -2 -3 -1 -1 -2 -2 -3 -3 -3  0 -3 -4 -3  1  0 -4 -3 -1   72   1   1   0   1   1   1   0   0   0   1   4   0   0   0   9   6   0   0   4  0.78 inf
   31 A    5 -3 -3 -3 -1 -3 -3  3 -3 -3 -3 -3 -3 -4 -3  0 -1 -4 -4 -2   70   0   0   0   1   0   0  22   0   0   2   0   0   0   0   3   2   0   0   0  0.92 inf
   32 I    3 -3 -2 -3 -1 -2 -2 -1 -3  1  1 -2  0 -2 -3 -1  1 -4 -3  2   35   0   1   0   0   1   0   3   0   8  11   1   2   0   0   1  13   0   0  22  0.28 inf
   33 K    0 -2  2 -1 -3 -2 -2  3 -3 -3 -3  1 -3 -4 -3  1  4 -4 -3 -2    5   1  10   1   0   0   1  29   0   0   0   8   0   0   0   6  36   0   0   2  0.53 inf
   34 N   -3  5  3 -2 -4  4 -1 -3  3 -2 -1  0 -2 -4 -3 -1  0 -4 -3 -3    0  36  16   0   0  24   0   0   7   2   5   0   0   0   0   1   8   0   0   1  0.66 inf
   35 F   -5 -5 -6 -6 -5 -3 -6 -6 -4 -3 -2 -6 -2  9 -6 -5 -5 -1  1 -3    0   0   0   0   0   2   0   0   0   0   0   0   0  98   0   0   0   0   0   0  2.34 inf
   36 G   -2 -5 -3 -4 -5 -4 -4  7 -4 -6 -6 -4 -5 -5 -4 -2 -4 -5 -5 -5    1   0   0   0   0   0   0  99   0   0   0   0   0   0   0   0   0   0   0   0  2.06 inf
   37 S   -1 -3 -2 -3 -1 -2 -2 -3 -3 -5 -5 -2 -4 -5 -3  7 -1 -5 -4 -4    1   0   0   0   1   0   0   0   0   0   0   0   0   0   0  97   0   0   0   0  1.56 inf
   38 G   -1 -4 -2 -2 -5 -4 -4  7 -4 -6 -6 -4 -5 -5 -4 -1 -3 -5 -5 -5    2   0   0   1   0   0   0  93   0   0   0   0   0   0   0   4   0   0   0   0  1.83 inf
   39 W   -6 -6 -7 -7 -5 -5 -6 -6 -5 -6 -5 -6 -4  0 -7 -6 -6 13 -1 -6    0   0   0   0   0   0   0   0   0   0   0   0   0   3   0   0   0  97   0   0  4.26 inf
   40 T    5 -3 -3 -3 -1 -3 -3  1 -3 -2 -3 -3 -2 -4 -3  0  2 -4 -3  1   63   0   0   0   1   0   0   7   0   0   0   0   0   0   0   1  16   0   0  12  0.71 inf
   41 W   -6 -6 -7 -7 -2 -5 -6 -6 -5 -6 -5 -6 -4 -1 -7 -6 -6 13 -1 -6    0   0   0   0   1   0   0   0   0   0   0   0   0   2   0   0   0  97   0   0  4.25 inf
   42 L   -3 -4 -5 -6 -3 -4 -5 -6 -5  0  6 -4  0 -1 -5 -4 -3 -4 -3  0    0   0   0   0   0   0   0   0   0   0  97   0   0   0   0   0   0   0   0   2  1.38 inf
   43 V   -1 -4 -3 -4  2 -4 -4 -4 -5  2 -1 -4  0 -3 -4  0 -1 -5 -3  6    2   0   0   0   5   0   0   0   0  10   0   0   1   0   0   8   2   0   0  71  0.86 inf
   44 K    0  0 -2 -2 -2  0 -2 -3 -2  0  1  3  0 -2 -3 -1 -1  0  0  3    5   4   0   1   0   4   0   0   0   2  16  28   2   0   0   2   2   1   3  29  0.24 inf
   45 N   -2  0  3  4 -3  0  0  0  1 -3 -3  2 -3 -3 -2 -1  1 -4 -3 -3    1   2  18  28   0   3   2   5   3   0   1  20   0   0   1   1  11   0   0   1  0.44 inf
   46 S    2  0  0  0 -3  0  1  0 -2 -2 -3  3 -2 -3  3  0  0 -3 -3 -2   21   1   3   5   0   2   8   7   0   1   1  24   0   0  15   6   3   0   0   1  0.32 inf
   47 D   -1 -2  3  5 -4  1  2  0 -2 -4 -4 -1 -3 -4 -3  0 -1 -4 -3 -3    3   1  18  43   0   6  10   6   0   0   0   1   0   0   0   7   2   0   0   1  0.68 inf
   48 G   -2 -3 -1 -3 -4 -3 -4  7 -3 -5 -5 -1 -4 -5 -4 -2 -3 -4 -5 -5    0   0   2   0   0   1   0  88   0   0   0   5   0   0   0   1   0   0   0   0  1.61 inf
   49 K   -1  0  0 -1 -4  1  1 -2 -2 -4 -4  5 -3 -4 -2  2  2 -4 -3 -3    3   2   2   2   0   4   6   1   0   0   0  49   0   0   0  17  12   0   0   0  0.59 inf
   50 L   -3 -4 -5 -5 -3 -4 -5 -5 -5  1  5 -4  0 -1 -4 -4 -3 -4 -3  2    1   0   0   0   0   0   0   0   0   2  83   0   0   0   0   0   0   0   0  13  1.07 inf
   51 A    2 -1 -1  2 -2  1  3 -2  1 -2 -3  2 -2 -3 -2  0 -1 -4 -2 -1   23   0   0  10   0   4  25   1   5   1   0  16   0   1   0   7   1   0   0   5  0.31 inf
   52 I   -2 -4 -5 -5 -3 -4 -5 -5 -5  5  0 -4 -1 -2 -4 -4 -2 -4 -1  5    1   0   0   0   0   0   0   0   0  50   5   0   0   0   0   0   0   0   2  43  1.00 inf
   53 V   -1 -2 -3 -3  2 -2  0 -3 -2  1  0 -1  1 -1 -3 -1  3 -3 -1  3    3   1   0   0   6   0   7   1   0   6   3   3   3   2   0   3  22   0   2  37  0.29 inf
   54 S    0 -1  3 -1 -3  1 -1 -1 -2 -4 -4  2 -3 -4 -2  5  0 -5 -3 -3    3   0  15   0   0   6   1   1   0   0   0  17   0   0   1  52   4   0   0   0  0.65 inf
   55 T   -2 -2 -2 -3 -2 -3 -1 -3 -4 -3 -3 -2  1 -4 -3  1  7 -5 -4 -2    0   1   0   0   0   0   3   1   0   0   0   1   5   0   0   7  81   0   0   0  1.25 inf
   56 S    2 -3 -2 -2 -3 -2 -2  1  2 -2 -2 -2 -3 -4  5  2 -1 -4 -3 -2   24   0   0   1   0   0   0   9   7   2   2   1   0   0  33  19   1   0   0   0  0.68 inf
   57 N   -2 -3  8  2 -5 -2 -2 -1 -2 -5 -6 -2 -4 -5 -3 -2 -2 -6 -4 -5    2   0  84   9   0   0   1   4   0   0   0   0   0   0   1   0   0   0   0   0  1.66 inf
   58 A    4 -2 -3 -3 -4  6 -1 -1 -2 -4 -4 -1 -3 -5 -3 -1 -2 -4 -4 -3   44   0   0   0   0  51   0   4   0   0   0   0   0   0   0   0   0   0   0   0  1.07 inf
   59 G    0 -3 -1  6 -4 -1  1  3 -3 -4 -5 -2 -4 -5 -3 -1 -2 -5 -3 -3    8   0   0  55   0   2   6  21   0   0   0   0   0   0   0   3   2   0   1   2  0.86 inf
   60 T   -2 -2  5 -2  3 -2 -2 -2 -2 -3 -3 -2 -3 -4 -3  3  4 -5 -4 -3    0   0  35   0   8   0   0   0   0   0   1   0   0   0   0  26  29   0   0   0  0.79 inf
   61 P   -3 -5 -5 -4 -5 -4 -4 -5 -5 -5 -6 -4 -5 -6  9 -3 -3 -6 -6 -5    1   0   0   0   0   0   0   0   0   0   0   0   0   0  98   0   0   0   0   0  2.90 inf
   62 L   -3 -2 -5 -5 -2 -4 -4 -5 -4  3  5 -4  2 -1 -4 -3 -2 -1 -1  1    0   2   0   0   0   0   0   0   0  15  68   0   5   1   0   0   0   1   2   5  0.81 inf
   63 T    0 -1 -2 -4 -3 -2 -3 -4 -2 -1 -1 -1  7 -2 -3  0  4 -4 -3 -1    7   4   0   0   0   1   0   0   0   1   1   2  40   1   0   6  34   0   0   3  0.73 inf
   64 T   -1 -2  0  3  2  0  3  0  2 -3 -4 -1 -2 -3 -2  0  0 -3 -1 -3    2   0   2  23   6   3  28   8   8   1   0   2   0   0   0   6   8   0   1   0  0.41 inf
   65 D   -1 -1  1  0 -4 -1  0  6 -3 -5 -5  0 -3 -5 -2  0 -2 -4 -4 -4    3   3   6   5   0   2   7  63   0   0   0   4   1   0   1   4   0   0   0   1  0.85 inf
   66 A    0 -1  1  1 -3  1 -1  2  0 -2  0  2  0 -2 -2 -1 -1 -3 -2 -1    5   0   7  11   0   9   1  22   2   0  14  17   2   1   0   2   1   0   0   5  0.16 inf
   67 T   -1 -1 -1 -3 -3  0 -1 -3 -1  0 -2  2 -1 -1 -2 -1  4 -3  2  1    1   1   1   0   0   3   3   0   1   6   0  20   0   1   1   0  44   0   7  10  0.44 inf
   68 P    0 -4 -4 -4 -3 -4 -3 -4 -5 -4 -5 -3 -5 -6  8 -3 -3 -6 -5 -3   10   0   0   0   0   0   0   0   0   1   0   0   0   0  87   1   0   0   0   1  2.38 inf
   69 L   -3 -4 -5 -5 -3 -4 -5 -5 -5  5  4 -4  0 -1 -4 -4 -2 -4 -3  2    0   0   0   0   0   0   0   0   0  43  45   0   0   1   0   0   0   0   0  11  0.88 inf
   70 L   -3 -4 -5 -5 -3 -4 -5 -5 -4  1  5 -4  3  0 -5 -4 -3 -1 -3  0    0   0   0   0   0   0   0   0   0   4  82   0   9   3   0   0   0   1   0   1  1.09 inf
   71 T    1 -3 -1 -3  2 -3 -3  5 -4 -3 -4 -3 -3 -4 -3 -1  4 -4 -4 -2    9   0   1   0   4   0   0  46   0   0   0   0   0   0   0   0  39   0   0   1  0.87 inf
   72 V   -2 -4  0 -4  6 -3 -4 -4 -4  2  3 -4  2  0 -4 -2 -2 -3 -2  2    1   0   6   0  20   0   0   0   0  10  37   0   4   3   0   1   0   0   0  18  0.56 inf
   73 D   -4 -4 -1  8 -6 -3 -1 -4 -4 -6 -6 -3 -6 -6 -4 -3 -3 -7 -6 -6    0   0   0 100   0   0   0   0   0   0   0   0   0   0   0   0   0   0   0   0  2.26 inf
   74 V   -2 -5 -5 -5 -1 -4 -5 -5 -5  1  0 -4 -1 -3 -5 -4 -2 -5 -3  7    0   0   0   0   1   0   0   0   0   2   5   0   0   0   0   0   0   0   0  92  1.39 inf
   75 W   -6 -6 -7 -8 -6 -5 -6 -6 -6 -6 -5 -6 -5 -2 -7 -6 -6 13 -1 -6    0   0   0   0   0   0   0   0   0   0   0   0   0   0   0   0   0 100   0   0  4.44 inf
   76 E   -3 -2 -3 -1 -6  0  7 -5 -2 -6 -5 -2 -4 -6 -4 -2 -3 -5 -5 -5    0   0   0   0   0   0 100   0   0   0   0   0   0   0   0   0   0   0   0   0  1.97 inf
   77 H   -4 -3 -2 -4 -6 -2 -3 -5 11 -6 -6 -3 -4 -4 -5 -4 -5 -5 -1 -6    0   0   0   0   0   0   0   0 100   0   0   0   0   0   0   0   0   0   0   0  3.08 inf
   78 A    6 -4 -4 -4 -3 -3 -3 -1 -4 -4 -4 -3 -3 -4 -3  0 -2 -5 -4 -2   96   0   0   0   0   0   0   1   0   0   0   0   0   0   0   3   0   0   0   0  1.43 inf
   79 Y   -4 -4 -5 -6 -5 -4 -5 -6 -1 -4 -4 -5 -4  1 -6 -4 -4  0  9 -4    0   0   0   0   0   0   0   0   0   0   0   0   0   2   0   0   0   0  98   0  2.65 inf
   80 Y   -5 -4 -5 -6 -5 -4 -5 -6 -1 -4 -4 -5 -4  1 -6 -4 -4  0 10 -4    0   0   0   0   0   0   0   0   0   0   0   0   0   0   0   0   0   0 100   0  2.72 inf
   81 I   -3 -4 -5 -5 -3 -4 -5 -6 -5  4  5 -4  0 -1 -5 -4 -3 -4 -3  1    0   0   0   0   0   0   0   0   0  35  63   0   0   0   0   0   0   0   0   3  1.01 inf
   82 D   -3  0  3  5 -5  0  0 -3  0 -5 -5  4 -4 -5 -3 -1 -2 -5 -4 -4    0   4  12  47   0   2   0   0   2   0   0  29   0   0   0   2   1   0   0   0  0.91 inf
   83 Y   -4 -3 -5 -6 -5 -4 -5 -6  0 -4 -3 -4 -3  3 -6 -4 -3  0  9 -3    0   1   0   0   0   0   0   0   0   0   0   0   0   7   0   0   1   0  90   1  2.33 inf
   84 R   -3  5 -2 -3 -5  7  0 -4 -1 -5 -4  1 -3 -5 -4 -2 -3 -4 -4 -5    0  33   0   0   0  60   1   0   0   0   0   6   0   0   0   0   0   0   0   0  1.41 inf
   85 N   -4 -3  8 -1 -5 -1 -3 -3 -2 -6 -6 -3 -5 -3 -5 -1 -2 -6 -2 -5    0   0  96   0   0   1   0   0   0   0   0   0   0   1   0   1   0   0   1   0  2.06 inf
   86 A    1  5 -1  0 -4  0 -1 -3 -2 -3 -1  2 -1 -4 -3 -1 -2 -4 -3 -1   16  46   2   7   0   1   0   0   0   0   7  12   1   0   0   3   0   0   0   5  0.53 inf
   87 R   -4  8 -3 -4 -6 -1 -2 -5 -3 -6 -5  0 -4 -5 -5 -3 -4 -5 -4 -5    0  98   0   0   0   0   0   0   0   0   0   2   0   0   0   0   0   0   0   0  2.11 inf
   88 P    2 -3 -4 -3 -4 -3 -3 -1 -4 -4 -4 -3 -4 -5  8 -2 -3 -6 -5 -2   16   1   0   1   0   0   0   4   0   0   1   0   0   0  75   0   0   0   0   2  1.90 inf
   89 G    0 -1  1  5 -4  0  3 -2 -2 -4 -4  2 -3 -5 -3  0 -2 -5 -4 -3    9   1   5  43   0   2  17   1   0   0   0  16   0   0   0   3   1   0   0   1  0.69 inf
   90 Y   -4 -4 -5 -6 -5 -4 -5 -6  2 -4 -3 -4 -3  3 -6 -4 -4  1  9 -4    0   0   0   0   0   0   0   0   3   0   0   0   0  10   0   0   0   1  86   0  2.25 inf
   91 L   -2 -4 -5 -5 -3 -4 -4 -5 -5  5  3 -4  2 -2 -4 -4 -2 -4 -3  3    1   0   0   0   0   0   0   0   0  43  26   0   5   0   0   0   1   0   0  25  0.77 inf
   92 E    1 -1  2  2 -4  2  3 -1 -1 -4 -4  2 -3 -4 -2  0  0 -4 -3 -3   11   0  13  13   0   7  25   3   0   0   0  18   0   0   0   6   3   0   0   0  0.42 inf
   93 H    5 -3  1 -2 -2 -1 -1  0  1 -3 -3 -2 -3 -4 -3  0  1 -4 -3 -2   60   0   9   1   0   1   3   4   4   1   0   1   0   0   0   4  11   0   0   0  0.58 inf
   94 F   -4 -5 -5 -6 -4 -5 -5 -5 -4 -1 -1 -5 -2  7 -6 -5 -4  8  2 -1    0   0   0   0   0   0   0   0   0   2   3   0   0  66   0   0   0  22   3   3  1.81 inf
   95 W   -5 -5 -6 -6 -5 -4 -5 -5 -4 -1  0 -5 -1  3 -6 -5 -5 11  2 -3    0   0   0   0   0   0   0   0   0   3  11   0   1  11   0   0   0  68   4   1  2.59 inf
   96 A    0 -1  6  0 -4  0  0 -1  0 -5 -5  1 -3 -3 -3  1 -1 -5 -3 -4    6   1  57   3   0   3   5   1   2   0   0  10   0   1   0   9   1   0   0   0  0.83 inf
   97 L   -2 -3 -4 -5 -2 -4 -4 -5 -4  2  3 -3  1 -2 -4 -3 -1 -4 -3  5    1   1   0   0   0   0   0   0   0  10  36   0   2   0   0   0   2   0   0  49  0.73 inf
   98 V   -1 -4 -5 -5 -3 -4 -4 -5 -5  4  0 -4 -1 -2 -4 -3 -2 -5 -3  6    3   0   0   0   0   0   0   0   0  21   3   0   0   0   0   0   0   0   0  72  1.08 inf
   99 N   -4 -2  8  3 -5 -2 -2 -3 -1 -6 -6 -2 -5 -5 -4 -1 -2 -6 -4 -5    0   0  85  12   0   0   0   0   1   0   0   0   0   0   0   1   0   0   0   0  1.79 inf
  100 W   -6 -6 -7 -8 -5 -5 -6 -6 -6 -6 -5 -6 -5 -2 -7 -6 -6 13 -1 -6    0   0   0   0   0   0   0   0   0   0   0   0   0   0   0   0   0 100   0   0  4.43 inf
  101 E   -1 -2  2  6 -3 -1  2 -2 -2 -4 -5  0 -4 -5  0  0 -1 -5 -4 -4    4   1   7  56   0   1  13   1   0   0   0   6   0   0   3   4   3   0   0   0  0.88 inf
  102 F    0 -2 -2 -2 -4 -1  3 -4 -1 -2 -2  0 -2  6 -4 -2 -2  0  0 -1   11   0   1   0   0   1  29   0   1   1   0   7   0  41   0   0   1   1   1   4  0.61 inf
  103 V    3 -4 -4 -5 -3 -4 -4 -4 -5  1 -1 -4 -1 -3 -4 -2 -2 -5 -3  6   26   0   0   0   0   0   0   0   0   2   0   0   0   0   0   0   0   0   0  71  0.98 inf
  104 A    3 -2  4 -1 -3  0  2  0 -2 -4 -4 -1 -2 -4 -3  1 -1 -4 -3 -2   37   0  26   1   0   2  17   4   0   0   0   0   0   0   0  10   2   0   0   0  0.53 inf
  105 K    1  3  0  0 -4  2  3 -2 -1 -4 -3  3 -3 -4 -2  1 -1 -4 -3 -3   13  16   3   4   0   7  21   1   0   0   1  26   0   0   0   8   1   0   0   0  0.45 inf
  106 N   -3  5  5 -2 -3  0 -2 -3 -1 -4 -1  0 -3 -2 -4 -2 -2 -5 -3 -4    0  43  40   0   1   4   0   0   0   0   8   2   0   1   0   0   0   0   0   0  0.95 inf
  107 L   -4 -4 -5 -5 -4 -4 -4 -5 -2 -2  2 -4  0  6 -4 -4 -3 -1  6 -2    0   0   0   0   0   0   0   0   0   0  23   0   2  35   0   0   0   0  38   1  1.19 inf
  108 A    4 -1 -1  0 -2  1  2 -1 -1 -3 -3  0 -2 -4 -2  1 -1 -4 -3 -2   57   2   1   3   0   6  16   1   1   0   0   3   0   0   0   9   1   0   0   0  0.53 inf
  109 A    6 -3 -3 -3 -2 -2 -2 -1 -3 -3 -3 -2 -2 -4 -2  1 -1 -4 -3 -2   91   0   0   0   0   0   0   0   0   0   0   0   0   0   0   9   0   0   0   0  1.04 inf

                      K         Lambda
Standard Ungapped    0.1314     0.3172
Standard Gapped      0.0634     0.2670
PSI Ungapped         0.2073     0.3174
PSI Gapped           0.0634     0.2670
