
Last position-specific scoring matrix computed, weighted observed percentages rounded down, information per position, and relative weight of gapless real matches to pseudocounts
           A  R  N  D  C  Q  E  G  H  I  L  K  M  F  P  S  T  W  Y  V   A   R   N   D   C   Q   E   G   H   I   L   K   M   F   P   S   T   W   Y   V
    1 M   -1 -2 -3 -4 -2 -1 -3 -3 -2  1  3 -2  7  0 -3 -2 -1 -2 -1  0    0   0   0   0   0   0   0   0   0   0  17   0  83   0   0   0   0   0   0   0  0.55 inf
    2 P    2 -2 -2 -2 -2 -1 -1  1 -2 -2 -3 -1 -2 -3  6  1 -1 -4 -3 -1   22   0   0   0   0   0   0  10   0   0   0   0   0   0  43  18   0   0   0   7  0.75 inf
    3 T    0  4 -1 -2 -2  2 -1 -2 -1 -2 -2  1 -2 -3 -2  0  3 -3 -2 -2   10  45   0   0   0  10   0   0   0   0   0   0   0   0   0   2  33   0   0   0  0.47 inf
    4 L    0 -3 -4 -4 -2 -3 -3 -4 -4  3  3 -3  1 -1 -3 -2 -1 -3 -2  3    7   0   0   0   0   0   0   0   0  23  40   0   2   0   0   0   0   0   0  27  0.41 inf
    5 L   -1 -3 -4 -4  6 -3 -4 -4 -4  2  3 -3  0 -1 -3 -2  0 -3 -2  2    0   0   0   0  24   0   0   0   0   7  41   0   0   0   0   0   7   0   0  21  0.52 inf
    6 R   -2  6 -2 -3 -4  0 -1 -3 -2 -3 -1  1 -2  0 -3  0  0 -3 -2 -1    0  71   0   0   0   0   0   0   0   0   6   0   0   5   0   9   5   0   0   4  0.75 inf
    7 V   -2 -4 -4 -4 -2 -4 -4 -5 -4  4  3 -4  0  0 -4 -3 -2 -3 -2  4    0   0   0   0   0   0   0   0   0  34  26   0   0   3   0   0   0   0   0  37  0.64 inf
    8 Y   -4 -4 -4 -5 -4 -4 -4 -5  0 -3 -2 -4 -3  5 -5 -4 -4  0  8 -3    0   0   0   0   0   0   0   0   0   0   0   0   0  21   0   0   0   0  79   0  1.88 inf
    9 I   -2 -4 -4 -5 -2 -4 -4 -5 -4  3  4 -4  1  3 -4 -3 -2 -2 -1  2    0   0   0   0   0   0   0   0   0  20  46   0   0  17   0   0   0   0   0  17  0.59 inf
   10 D   -3 -3 -1  6 -5 -1  4 -3 -2 -5 -5 -2 -4 -5 -3 -2 -3 -5 -4 -5    0   0   0  65   0   0  35   0   0   0   0   0   0   0   0   0   0   0   0   0  1.38 inf
   11 G   -2 -4 -2 -3 -4 -4 -4  7 -4 -6 -6 -3 -5 -5 -4 -2 -3 -4 -5 -5    0   0   0   0   0   0   0 100   0   0   0   0   0   0   0   0   0   0   0   0  1.89 inf
   12 P    2 -3 -3 -3  3 -2 -2  0 -3 -2 -3 -2 -2 -4  5  1 -1 -4 -3  1   27   0   0   0   9   0   0   5   0   0   0   0   0   0  38   9   0   0   0  12  0.78 inf
   13 H   -3 -3 -3 -4 -3 -2 -3 -4  6  1 -1 -3  5  3  0 -3 -3 -1  4 -2    0   0   0   0   0   0   0   0  27  10   2   0  22  14   5   0   0   0  19   0  0.71 inf
   14 G    1 -4 -2 -3 -4 -3 -4  7 -4 -5 -5 -3 -4 -5 -4 -2 -3 -4 -5 -4   14   0   0   0   0   0   0  86   0   0   0   0   0   0   0   0   0   0   0   0  1.50 inf
   15 M   -1 -3 -4 -4 -2 -3 -4 -4 -4  4  1 -3  3 -2 -3 -2  1 -4 -2  4    3   0   0   0   0   0   0   0   0  26   8   0  10   0   0   0   8   0   0  44  0.56 inf
   16 G   -2 -4 -2 -3 -4 -4 -4  7 -4 -6 -6 -3 -5 -5 -4 -2 -3 -4 -5 -5    0   0   0   0   0   0   0 100   0   0   0   0   0   0   0   0   0   0   0   0  1.89 inf
   17 K   -3  0 -2 -3 -5  0 -1 -3 -3 -5 -4  7 -3 -5 -3 -2 -3 -5 -4 -4    0   0   0   0   0   0   0   0   0   0   0 100   0   0   0   0   0   0   0   0  1.60 inf
   18 T   -1 -3 -2 -3 -3 -2 -2 -3 -3 -3 -3 -2 -3 -4 -3  3  6 -4 -3 -2    0   0   0   0   0   0   0   0   0   0   0   0   0   0   0  20  80   0   0   0  1.20 inf
   19 T   -2 -3 -2 -3 -3 -2 -3 -3 -3 -2 -2 -2 -2 -4 -3  1  7 -4 -3  0    0   0   0   0   0   0   0   0   0   0   2   0   0   0   0   8  84   0   0   6  1.14 inf
   20 T    1 -3 -2 -3 -2 -2 -3 -3 -3  0  2 -2  3 -2 -3 -1  4 -3 -3  0   14   0   0   0   0   0   0   0   0   4  24   0  13   0   0   0  43   0   0   3  0.47 inf
   21 T    3 -3 -3 -3  1 -2 -3  0 -3  0  3 -2  0 -2 -3 -1  1 -3 -2  0   36   0   0   0   3   0   0   6   0   2  38   0   0   0   0   1  11   0   0   3  0.32 inf
   22 Q   -1  3  3 -1 -4  3  2 -2 -1 -3 -2  3 -2 -4 -2 -1 -1 -4 -3 -3    5  17  19   0   0  16  11   0   0   0   5  26   0   0   0   2   0   0   0   0  0.46 inf
   23 L    2 -2  0 -2 -2  1  1 -2  2 -1  0 -1 -1  0 -2  1  1 -2  1  0   24   0   3   0   0   9  10   0   7   0  14   0   0   3   0   7  11   0   5   7  0.12 inf
   24 L   -1 -3 -4 -4 -2 -3 -4 -4 -3  2  4 -3  5  2 -4 -3 -1 -3 -1  1    5   0   0   0   0   0   0   0   0  10  43   0  24   9   0   0   3   0   0   6  0.54 inf
   25 V    2  0  0 -2 -2  0 -1 -1 -2  1  0  0  2 -2  1  0  0 -3 -2  1   21   4   5   0   0   3   3   2   0  10   5   5   8   0   8   7   3   0   0  15  0.12 inf
   26 A    2  2 -1  0 -3  1  1  1 -1 -3 -3  1 -2 -4  2  1  1 -4 -3 -2   22  11   0   4   0   6  13   9   1   0   0   7   0   0   8  10   8   0   0   0  0.27 inf
   27 L   -1  1 -2 -2 -3  0 -1 -3  3  1  2 -1  3 -2  2 -1 -2 -3 -2  1    4  12   0   2   0   3   3   0   9   9  24   0  14   0   9   3   0   0   0   7  0.21 inf
   28 G    0 -2  3  3  1 -1  1  3  1 -4 -4  0 -3 -4 -1  0 -1 -4 -3 -3   10   0  17  16   3   0   9  25   5   0   0   6   0   0   3   4   2   0   0   0  0.39 inf
   29 D   -1  1  3  2  2 -1  1  0 -2 -3 -2 -1 -3 -3  3  0 -2 -4 -1 -3    2   9  19  16   7   1   9   8   0   0   5   0   0   0  18   4   0   0   2   0  0.37 inf
   30 I    0  1 -3 -4 -2 -3 -3 -4 -3  4 -1 -2 -1 -2 -3 -2  1 -4 -1  4    8  12   0   0   0   0   0   0   0  31   0   0   0   0   0   0  11   0   3  36  0.44 inf
   31 V   -2 -3 -4 -4 -2 -3 -2 -4 -3  3  3 -3  2  0 -4 -2 -1 -3  1  2    0   0   0   0   0   0   3   0   0  18  45   0   3   3   0   3   3   0   5  17  0.45 inf
   32 Y   -1 -2 -3 -4 -3 -2 -3 -4 -1  0 -1  0  0  2 -3  0  1 -1  6  1    3   0   0   0   0   0   0   0   0   6   4   7   3   7   0   7  10   0  42  10  0.54 inf
   33 V   -2 -4 -4 -5  1 -4 -4 -5 -4  3  2 -4  0  5 -4 -3 -2 -2  0  3    0   0   0   0   3   0   0   0   0  17  15   0   0  33   0   0   0   0   0  33  0.67 inf
   34 P    0 -3 -1 -2 -4  0  0  0  2 -4 -4 -2 -3 -1  7 -1 -2 -4  0 -2    9   0   2   0   0   3   8   7   5   0   0   0   0   3  54   2   0   0   4   2  1.07 inf
   35 E   -3 -2 -2  0 -6  0  7 -4 -2 -6 -5 -1 -4 -6 -3 -2 -3 -5 -4 -5    0   0   0   0   0   0 100   0   0   0   0   0   0   0   0   0   0   0   0   0  1.85 inf
   36 P   -1 -4 -4 -4 -5 -4 -3 -4 -4 -5 -5 -3 -5 -6  8 -3 -3 -6 -5 -5    6   0   0   0   0   0   0   0   0   0   0   0   0   0  94   0   0   0   0   0  2.64 inf
   37 M   -3 -4 -5 -5 -4 -3 -4 -5 -4  2  1 -4  9 -2 -5 -4 -3 -4 -3  0    0   0   0   0   0   0   0   0   0   8   6   0  82   0   0   0   0   0   0   3  1.80 inf
   38 T    2  1  0 -2 -2  2 -1 -2 -2 -2 -2  1  0 -1  1  1  1 -3 -1 -1   28   7   6   0   0  10   0   0   0   0   2  10   3   2   5  10  13   0   3   3  0.20 inf
   39 Y    0 -4 -4 -5 -4 -4 -4 -5 -1 -3 -3 -4 -3  4 -5 -3 -4  0  9 -3    9   0   0   0   0   0   0   0   0   0   0   0   0  12   0   0   0   0  79   0  1.83 inf
   40 W   -5 -6 -7 -7 -5 -5 -6 -5 -5 -5 -4 -6 -4 -2 -7 -6 -5 13  0 -6    0   0   0   0   0   0   0   0   0   0   0   0   0   0   0   0   0 100   0   0  4.26 inf
   41 R   -2  6 -2 -3 -4  2 -1 -3 -2 -4 -4  1 -3 -4 -3  0  3 -4 -3 -3    0  55   0   0   0  12   0   0   0   0   0   5   0   0   0   6  21   0   0   0  0.88 inf
   42 V    0  0  1  0  3  1  0  0  1  0 -2  0 -1 -2 -2  1  1 -3 -1  1    3   4  11   3   8   7   3   8   3   7   0   6   0   0   0   9  12   0   2  15  0.09 inf
   43 L    0 -2 -3 -3 -2  0 -2 -3  0  1  2 -2  2  1 -3 -2  0  2  1  2    8   0   0   0   0   7   0   0   3   7  26   0   5   5   0   0   5   3   6  25  0.23 inf
   44 G    0 -3 -3 -4 -3 -3 -3  3 -2 -2  0 -3 -2  5 -4  0 -3 -1  3 -3    6   0   0   0   0   0   0  31   0   0   7   0   0  36   0   7   0   0  14   0  0.65 inf
   45 A    1 -1 -1  2 -2  0  2  2 -1 -2 -2 -1 -2 -3  0  1  1 -2 -2 -2   14   1   1  11   0   1  22  21   0   1   2   1   1   1   3   9   8   0   1   1  0.25 inf
   46 S    0 -1  0  2 -2  0  0 -1  0 -2 -2  1 -2 -3  0  2  3 -3 -2 -1    7   2   3  12   0   3   4   1   3   1   1   8   0   1   3  22  23   0   1   4  0.23 inf
   47 E   -3 -2  4  5 -4  0  2 -2 -2 -3 -1 -1 -3 -4 -3 -1 -2 -4 -3 -3    1   0  23  47   0   3  14   1   0   0   8   0   0   0   0   1   0   0   0   0  0.79 inf
   48 T    2 -2 -2 -3  3 -2 -2 -2 -3  1  0 -2  1 -2 -2  0  3 -3 -2  2   18   0   0   0   8   0   0   1   0   4   7   0   5   0   0   6  24   0   0  25  0.27 inf
   49 I   -2 -3 -3 -3  2 -3 -3 -4  0  4  2 -3  0 -1 -3 -2 -1 -2  1  2    1   0   0   1   5   0   1   1   3  35  25   1   0   0   0   1   1   0   6  19  0.37 inf
   50 A    2  0  2  0  0  1  0 -1 -1 -3 -3  3 -2 -4 -2  1  1 -4 -3 -2   21   2  11   2   3   7   5   2   0   0   0  29   0   0   0   7  12   0   0   0  0.29 inf
   51 N    1  1  1 -1  3  1  2  1 -1 -2 -1  0 -2 -3 -2  0 -1 -3 -3 -2   18  13  10   0   9   6  17  14   0   0   8   0   0   0   0   3   3   0   0   0  0.19 inf
   52 I   -2 -3  0 -3 -2 -2 -3 -3 -3  4  1 -3  2 -1 -3 -2  0 -3 -2  2    0   0   8   0   0   0   0   0   0  49  10   0   9   0   0   0   6   0   0  14  0.41 inf
   53 Y   -2 -1  1 -2 -3 -1  0 -3  3 -2 -1  1 -1  2 -3 -2 -2  0  6 -1    1   1  10   1   0   0   9   1   9   1   6  10   0   5   1   1   1   0  41   5  0.45 inf
   54 T    0  1  0  2 -3  0  2 -1 -1 -3 -3  2 -2 -3 -2  0  2 -3 -3 -2    6   8   4  16   0   0  19   3   0   0   0  17   0   0   0   4  22   0   0   0  0.31 inf
   55 T    2 -2  1 -2 -2  1 -1 -2 -2  1  0 -1 -1 -2  2  1  2 -3 -2  0   21   0   9   0   0  10   0   0   0  10   6   0   0   0   8   7  20   0   0   7  0.17 inf
   56 Q   -1  1  1 -1  2  5  1 -2  1 -2 -3  1 -2 -3 -2  1  0 -3 -2 -1    3   8   7   0   6  35   6   1   4   0   1   6   0   0   0  10   3   0   0   6  0.37 inf
   57 H    0  0  0  0 -2 -1  0 -2  4 -2  0  2 -1 -2 -2  1  2 -3 -1 -1    6   2   2   5   0   1   4   1  15   1  10  15   0   0   1  15  21   0   0   2  0.21 inf
   58 R   -2  5 -2 -2 -3  1  1 -3 -2  0  1  0 -1 -2  1 -2 -2 -3  0 -2    0  47   0   0   0   5   9   0   0   8  17   0   0   0   6   0   0   0   5   0  0.48 inf
   59 L    0  2 -2 -3  2 -1 -1 -2  2 -1  0  2  1  0 -1 -1 -1  3  1  0    9  16   0   0   6   0   0   2   6   0  11  19   6   3   3   0   0   4   4   8  0.13 inf
   60 D    1  3  0  2 -3  1 -1  0 -2 -3 -2  3 -2 -4 -2 -1  0 -4 -3 -1   13  20   5  15   0   4   0   6   0   0   3  24   0   0   0   0   6   0   0   5  0.28 inf
   61 Q   -1  3  2 -2 -3  3 -1  0  1 -3 -2  2 -1 -3  1  1 -1 -4 -2 -1    4  20  11   0   0  17   0   7   3   0   3  12   2   0   6   9   0   0   0   6  0.27 inf
   62 G   -1 -1 -1 -3 -4 -3 -3  6 -4 -4 -5  0 -4 -5 -4 -2  0 -4 -4 -2    3   3   3   0   0   0   0  77   0   0   0   5   0   0   0   0   6   0   0   4  1.21 inf
   63 E    0  0  0  0 -3  0  3  1  0 -3 -1  3 -2 -3 -2  0  0 -3 -2 -2    5   0   2   5   0   0  23  10   3   0   7  29   0   0   0   7   7   0   0   1  0.27 inf
   64 I   -1  1 -2 -2 -2  0  1 -3  3  2  2 -1  1  0 -2 -2  0 -3 -1  1    6   9   0   0   0   4  12   1   9  19  20   1   3   3   0   1   4   0   0   8  0.14 inf
   65 S    1 -2 -1  0 -3 -1  1  2 -2 -3 -3  1 -3 -4 -2  4  1 -4 -3 -3   14   0   0   5   0   0   7  15   0   0   1   8   0   0   0  40   8   0   0   0  0.44 inf
   66 A    1  1 -1  1  2 -1  0  0 -2 -2 -1  0  0 -3  0  1  0 -3 -2 -1   12   8   0  11   7   0   4   9   0   0   8   6   3   0   4  17   6   0   0   5  0.11 inf
   67 G    0  2  1  0 -3  0  2  1  1 -3 -3  1 -2  1  1  0  1 -3 -1 -2    9  12   6   5   0   0  14  10   4   0   1   8   0   8   6   6   9   0   0   0  0.16 inf
   68 D   -2  0  0  5 -3  1  3 -2 -2 -2 -2  1 -2 -3 -2  0 -2 -4 -3 -1    1   5   2  37   0   6  20   1   0   2   3   7   0   0   0   8   1   0   0   5  0.49 inf
   69 A    5 -3 -3 -3 -2 -2 -3 -2  2 -3 -3 -2 -3 -4 -3  1  2 -4 -3 -1   68   0   0   0   0   0   0   0   6   0   0   0   0   0   0  10  14   0   0   2  0.86 inf
   70 A    3  0 -1  1 -3  1 -1 -1 -2 -4 -4  0 -3 -4 -2  4 -1 -4 -3 -3   34   4   0   9   0   6   2   2   0   0   0   5   0   0   0  37   0   0   0   0  0.54 inf
   71 V    1  2 -3 -3 -2 -1 -2 -1 -3  0  1  1  2 -2 -3 -1 -1 -3 -1  2   16  17   0   0   0   0   0   4   0   0  17  11   7   0   0   4   0   0   1  23  0.21 inf
   72 V    0  2 -3 -3 -3 -2  0 -4 -3  2  1  1  0 -1 -3 -2 -2 -3 -2  3    6  14   0   0   0   0   6   0   0  16  18  13   0   2   0   0   0   0   0  26  0.26 inf
   73 M   -2 -3 -3 -4 -2 -2 -3 -1 -3  1  1 -3  6 -2 -3 -2  2 -3 -3  3    1   0   0   0   0   0   0   5   0   3   8   0  33   0   0   1  17   0   0  29  0.61 inf
   74 T    3 -3 -2 -3  1 -2 -2  0 -3 -2  1 -2  0 -2 -2 -1  3 -3  0 -1   39   0   0   0   3   0   0   5   0   0  18   0   2   0   0   1  24   0   5   0  0.37 inf
   75 S    2 -2  0 -2 -3  2  0 -2  3 -3 -3 -1 -2 -2  0  3 -1 -3  3 -3   18   0   3   0   0  12   5   1   7   0   0   0   0   0   4  34   0   0  13   0  0.41 inf
   76 A    2 -1 -4 -4  7 -3 -4 -3  1 -1  0 -3 -2  1 -4 -2 -1 -3  2  0   26   4   0   0  35   0   0   0   4   3   8   0   0   6   0   0   3   0   7   5  0.70 inf
   77 Q   -4  0 -3 -3 -6  9 -1 -5 -2 -6 -5 -1 -3 -6 -4 -3 -3 -5 -4 -5    0   4   0   0   0  96   0   0   0   0   0   0   0   0   0   0   0   0   0   0  2.20 inf
   78 I    1 -1 -1 -3 -2  0 -2 -2 -3  2  2 -2  4 -2 -3  0 -1 -3 -2  1   13   4   3   0   0   5   0   3   0  18  16   0  21   0   0   9   2   0   0   7  0.25 inf
   79 T    1  2 -2 -3 -3  0 -2 -1  0 -3  0  4 -2 -3 -3  0  3  3 -3 -2   10  10   0   0   0   2   0   4   2   0   9  30   0   0   0   2  26   5   0   0  0.37 inf
   80 M   -4 -1 -5 -6 -4 -4 -5 -5 -4  0  0 -4  6  7 -5 -4 -4 -2  0 -2    0   4   0   0   0   0   0   0   0   5   2   0  26  63   0   0   0   0   0   0  1.48 inf
   81 G    4 -3 -1 -3  2 -2 -3  3 -3 -3 -2 -2  1 -2 -3  2  0 -4 -3 -2   43   0   3   0   6   0   0  20   0   0   2   0   5   2   0  15   5   0   0   0  0.48 inf
   82 M    1 -2 -2  0 -2  1 -2 -3 -3 -1  0 -2  4 -3 -3  1  4 -4 -3  0   15   0   0   6   0   6   0   0   0   0   9   0  15   0   0   9  35   0   0   5  0.40 inf
   83 P   -4 -5 -5 -4 -6 -4 -4 -5 -5 -6 -6 -4 -5 -7  9 -4 -4 -7 -6 -5    0   0   0   0   0   0   0   0   0   0   0   0   0   0 100   0   0   0   0   0  3.04 inf
   84 Y   -3 -4 -4 -5 -4 -3 -4 -2  4 -2  2 -4  0  4 -5 -4 -3 -1  7 -3    0   0   0   0   0   0   0   4  10   0  20   0   2  19   0   0   0   0  45   0  1.06 inf
   85 A    2  2 -2 -3 -3  0 -2 -3  1  0  2  1  1  0 -3  0 -2 -3 -2 -1   25  15   0   0   0   4   0   0   4   3  25  10   3   4   0   4   0   0   0   1  0.21 inf
   86 V    2 -3 -3 -3  0 -3 -3 -3 -3  2  1 -3  1 -2 -3  0  2 -4 -3  3   24   0   0   0   2   0   0   0   0  14  12   0   3   0   0   6  13   0   0  26  0.33 inf
   87 T   -2  0 -1 -3 -3  0 -3 -4  1 -1  3 -2  4  1 -3 -2  3 -3 -2  0    2   4   3   0   0   4   0   0   4   0  35   0  13   6   0   0  25   0   0   5  0.37 inf
   88 D    0 -2  2  3  0  2  0  0  6 -4 -4  0 -3 -4 -3 -1 -2  2 -2 -4   10   0   8  20   2   8   4   7  30   0   0   5   0   0   0   2   0   3   0   0  0.59 inf
   89 A    3  1 -1 -1  0  0  1 -1  3 -3 -2 -1 -2 -3  0  1  2 -4 -2 -2   30   7   0   3   2   3   8   1  11   0   3   0   0   0   4   9  18   0   0   0  0.28 inf
   90 V    0  3 -1 -3 -3  0 -2 -2  0  0  1  0 -1  0 -3 -1 -1 -3  1  3    9  22   2   0   0   3   0   2   2   0  12   3   0   4   0   4   0   0   5  29  0.19 inf
   91 L   -2 -3 -3 -4 -2 -3 -3 -4 -4  3  3  0  2 -1 -3 -2  1 -3 -2  1    2   0   0   0   0   0   0   0   0  22  42   7   5   1   0   0   9   0   0  10  0.44 inf
   92 A    2  2 -1  0 -1  1  0 -2 -2 -2 -1  0 -2 -1 -2  2 -1 -3  1 -1   26  17   0   4   1   5   3   0   0   0   6   2   0   1   0  22   0   0   7   4  0.23 inf
   93 P    0  3  1 -2 -4  0 -2 -1  0 -4 -3  0 -1 -4  5  1  0 -4 -3 -3    6  25   7   0   0   5   0   4   2   0   0   2   2   0  30  10   6   0   0   0  0.62 inf
   94 H   -2 -2 -2 -3  2 -2 -3 -4  6  1  2  0  1  1 -4 -2  0 -3  2  0    0   0   0   0   5   0   0   0  28   7  25   6   3   6   0   2   6   0   7   4  0.45 inf
   95 I   -2 -1 -3 -3  4 -1 -3 -4 -3  3  1 -2  2  2 -3  0  0 -2  0  1    0   4   0   0  12   2   0   0   0  22  16   1   7  10   0   8   6   0   2   9  0.26 inf
   96 G    1 -1 -1 -1 -3 -1 -2  4  2 -2 -1 -1 -2 -3  2  0 -1 -4 -3 -2   10   3   1   3   0   2   0  44   6   2   6   2   0   0   9   5   3   0   0   1  0.45 inf
   97 G    0 -1 -1 -2 -3 -1  0  3 -2 -2 -3  0 -2 -3  1  1  1  4 -1  0    9   2   2   0   0   1   5  29   0   0   0   5   0   0   8  12   9   7   2   9  0.31 inf
   98 E    0  2  1  1 -3  1  3  0 -1 -2 -2  0 -2 -3 -1  0  0 -4 -3 -3    8  13   8   9   0   4  29   7   0   2   5   3   0   0   1   7   4   0   0   0  0.29 inf
   99 A    1 -1  0 -1 -2 -1 -1 -1 -2 -1 -1  0  0 -2  4  2  0 -3  0  0   15   2   4   2   0   0   1   4   0   3   6   6   2   0  20  17   5   0   4   9  0.24 inf
  100 G    0 -2 -1 -1 -3  0  0  3 -3 -2  0 -1 -2 -3  3  0 -2  3 -3 -1    4   0   1   2   0   4   8  29   0   0  10   2   0   0  19   8   0   5   0   7  0.36 inf
  101 S    3 -1  1  0 -3  1  0  1 -2 -3 -3 -1 -2 -4  2  1  0 -4 -3 -2   33   3   9   3   0   8   4   9   0   0   0   0   0   0  12  11   4   0   0   2  0.34 inf
  102 S   -1  2  0  0  3  0 -1 -1  3 -1 -2 -1 -2 -2  3  0  0 -3  1 -1    5  15   6   5  10   2   2   3  12   3   2   0   0   0  14   4   4   0   5   5  0.22 inf
  103 A    1 -1  1 -2  1 -1 -1  3 -2 -2 -1  0  1  1  1  1  0 -3 -2 -1   11   1   6   0   3   0   2  26   0   0   6   7   5   8   6  13   3   0   0   2  0.17 inf
  104 P    1 -2  0 -1 -3 -2  0  2 -3 -3 -3 -1 -3 -4  5 -1  1 -4 -3 -2   11   0   5   3   0   0   7  18   0   0   2   4   0   0  34   2  11   0   0   3  0.60 inf
  105 P   -2  3 -1 -2  2 -1 -1 -2  5 -2 -1 -1 -2 -3  5 -1  0 -4 -2 -3    2  20   2   1   5   1   4   2  17   2   5   1   0   0  29   2   6   0   0   0  0.59 inf
  106 P   -2  0  0  0 -4 -2 -2 -1 -3 -3  0 -1 -1 -4  7 -1 -2 -5 -4 -3    0   5   5   5   0   0   0   4   0   0   9   3   2   0  59   4   0   0   0   0  1.21 inf
  107 A    0  1  1  4 -3 -1  1 -1  2 -3 -3  0 -3 -1 -2  1  0 -3  0 -2   11  10   5  28   0   0   6   4   8   0   0   5   0   3   0   8   5   0   4   1  0.29 inf
  108 L   -2 -1 -1 -3  3 -1 -1 -3  1  1  2  0  2  1  0 -2 -2 -3  0  2    0   2   3   0   9   2   3   0   5   4  26   8   9   5   5   0   0   0   2  17  0.18 inf
  109 T    0  1 -1 -3 -3 -2 -3 -2 -3  1 -1 -2 -2 -2 -3  1  3  8 -1  0    5   8   3   0   0   0   0   3   0  12   4   0   0   0   0  12  20  25   0   7  0.60 inf
  110 L   -1 -4 -4 -2  0 -3 -3 -4 -4  1  3 -3  1  1  4 -3 -2 -3 -2  2    3   0   0   2   2   0   0   0   0   8  34   0   3   5  24   0   0   0   0  17  0.55 inf
  111 I   -1 -3 -3 -3 -2 -2 -3 -3 -3  3  2 -2  3 -1  0 -1 -1 -3  0  3    5   1   1   1   0   0   1   1   0  26  18   1   9   0   5   6   1   0   3  23  0.31 inf
  112 F   -2 -3 -3 -3  0 -3 -3 -3  1  0  0 -3 -1  6 -3  1 -2 -1  0  1    1   1   0   1   2   0   1   1   4   6   5   1   0  48   1  17   1   0   0  11  0.63 inf
  113 D   -3 -3 -1  7 -5 -2 -1 -3  3 -5 -5 -2 -4 -5 -3  1 -3 -5 -4 -5    0   0   0  76   0   0   0   0   8   0   1   0   0   0   0  10   0   0   0   0  1.48 inf
  114 R   -3  7 -2 -3 -5 -1 -2 -4 -2 -4 -4  0 -3 -4 -4 -2  1 -4 -4 -4    0  84   0   0   0   0   0   0   0   0   1   0   0   0   0   0  10   0   0   0  1.62 inf
  115 H   -1  1 -2 -3 -4 -2 -2 -1  9 -5 -4 -2 -3 -3 -4  0 -3 -4 -1 -4    6   8   0   0   0   0   0   5  71   0   1   0   0   0   0   6   0   0   0   0  1.72 inf
  116 P   -1 -4 -4 -4 -4 -2 -3 -4 -4  1 -1 -3  2 -4  7 -2  0 -5 -4 -3    4   0   0   0   0   2   0   0   0  10   6   0   8   0  64   1   5   0   0   0  1.50 inf
  117 I   -2 -4 -4 -4 -2 -3 -4 -5 -4  3  3 -3  1  1  0 -3  0 -3 -2  3    0   0   0   0   0   0   0   0   0  16  35   0   3   5   5   0   7   0   0  28  0.51 inf
  118 A    4 -3 -2 -3 -3 -2 -2 -2 -3 -3 -1 -2 -3 -4 -3  4 -1 -5 -4 -2   48   0   0   0   0   0   0   0   0   0   8   0   0   0   0  44   0   0   0   0  0.85 inf
  119 A    4 -3 -3 -3 -3 -3 -3 -2 -3 -4 -4 -2 -3 -4  5  2  0 -5 -4 -3   44   0   0   0   0   0   0   0   0   0   0   0   0   0  29  20   6   0   0   0  0.94 inf
  120 L   -1 -3 -1 -3  5  0 -3  0 -3  0  1 -2  0 -3  2 -1  3 -4 -3 -1    3   0   3   0  18   5   0   8   0   5  16   0   2   0  10   2  29   0   0   0  0.40 inf
  121 L   -2  0 -4 -4  2 -3 -4 -4 -4  2  3 -3  0 -2 -4 -1 -1 -4 -3  4    0   8   0   0   5   0   0   0   0   9  32   0   0   0   0   5   2   0   0  39  0.50 inf
  122 C    0 -5 -5 -6  9 -5 -5 -5 -5  1 -1 -5 -2 -4 -5 -3 -3 -5 -4  3    8   0   0   0  59   0   0   0   0   7   5   0   0   0   0   0   0   0   0  20  1.64 inf
  123 Y   -4 -4 -5 -5 -4 -5 -5 -5 -3  0  0 -5 -2  7 -5 -4 -4 -1  5  0    0   0   0   0   0   0   0   0   0   5   8   0   0  64   0   0   0   0  18   5  1.37 inf
  124 P   -3 -5 -5 -4 -5 -4 -4 -5 -5 -5 -6 -4 -5 -6  9 -3 -4 -6 -6 -5    0   0   0   0   0   0   0   0   0   0   0   0   0   0 100   0   0   0   0   0  2.96 inf
  125 A    1 -3 -4 -4  3 -3 -4 -4 -2  1  3 -3  0  2 -4 -2 -2 -2  4  1   13   0   0   0   8   0   0   0   0   8  38   0   0   6   0   0   1   0  18   7  0.42 inf
  126 A    4 -3 -3 -3 -2 -2 -2  1 -3  0  1 -2  3 -2 -3  0  0 -3 -3  1   46   0   0   0   0   0   0  11   0   4  11   0  10   0   0   6   3   0   0   9  0.36 inf
  127 R   -3  6 -2 -3 -4  3 -1 -4  4 -3 -1  0  0  1 -4 -1 -2  1 -2 -3    0  51   0   0   0  16   0   0  10   0   7   0   2   8   0   2   0   2   0   0  0.74 inf
  128 Y   -3 -3 -4 -5 -4 -3 -4 -5  4 -2  1 -4  0  4 -5 -3 -3  0  7 -1    0   0   0   0   0   0   0   0  13   0  16   0   2  22   0   0   0   0  44   2  1.06 inf
  129 L    0  2 -2 -2  1  0 -1 -3 -2  1  2  1  1 -1 -2 -2 -1 -2 -2  0    6  14   0   1   4   6   1   1   0   5  33  14   2   2   1   1   1   0   0   7  0.17 inf
  130 M   -1  1  1 -2 -2 -1 -2 -2  0  1  1  0  3 -1 -2  0  0 -2  0  2    1   8   9   1   0   0   1   1   2   4  17   4  12   0   1   9   6   0   2  21  0.12 inf
  131 G   -1  0  0 -2 -3 -1 -3  6 -3 -4 -4 -1 -3 -4 -3 -2 -3 -3 -4 -4    1   6   3   1   0   2   1  78   0   1   1   2   0   0   1   1   1   0   0   1  1.21 inf
  132 S    0  0 -1  3  1  0  1 -2  2 -1 -1 -1  2  0 -2  1 -1 -2  1  0    5   5   1  20   4   2   8   1   6   1   5   1  10   5   1  13   1   0   5   8  0.12 inf
  133 M   -2 -3 -3 -4  1 -2 -3 -4 -3  2  4 -3  5  0 -3 -3 -2 -2  0  0    1   1   1   1   3   0   1   1   0   9  45   1  26   3   1   1   1   0   4   3  0.56 inf
  134 T    0  0  1 -1 -2 -1  1 -2 -2 -3 -3  0 -2 -3 -1  4  3 -3 -3 -2    3   3   5   1   0   0   8   1   0   1   1   6   0   0   2  49  18   0   0   1  0.49 inf
  135 P    0 -3 -3 -3 -2 -2 -3 -3 -2  0  2 -3  0  5  3 -2 -2 -1  2 -1    9   1   1   1   0   1   1   1   0   3  23   1   2  30  16   1   1   0   9   1  0.44 inf
  136 Q    1  0  0  0  1  1  2  1  0 -2 -2 -1 -2 -3  0  1  0 -3 -2 -1   11   4   2   5   5   9  17  14   3   1   1   1   0   0   3  14   3   0   0   6  0.17 inf
  137 A    2 -2  0  4 -2 -1 -1 -2  4 -2 -2 -1  1 -3 -2  1  1 -3 -2 -2   19   1   1  30   0   1   1   1  13   1   1   1   7   0   1  13   9   0   0   1  0.37 inf
  138 V   -1 -3 -3 -3 -2 -3 -3 -3 -3  0  3 -3  0  4 -3 -2 -2 -2  0  2    4   1   1   1   0   1   1   1   0   1  41   1   0  24   1   1   1   0   0  22  0.45 inf
  139 L   -1 -3 -3 -3 -2 -2 -3 -3 -3  4  3 -3  2  1  1 -2 -1 -2 -1  1    3   1   1   1   0   1   1   1   0  35  29   1   4   7   6   1   1   0   0   8  0.36 inf
  140 A    2 -1  2  0 -2  2 -1  1  1 -2 -2 -1  0 -3 -2  3  1 -3 -2 -2   17   1   9   2   0  13   1  11   4   1   1   1   3   0   1  27   7   0   0   1  0.26 inf
  141 F    0 -3 -3 -3 -2 -2 -3 -3 -3  1  4 -3  2  3 -3 -1 -2 -2 -1  0    8   1   1   1   0   1   1   1   0   6  53   1   5  14   1   4   1   0   0   3  0.39 inf
  142 V    1 -2 -3 -3 -2 -2 -3 -3 -3  2  3 -2  2 -1 -3 -2 -1  3 -1  2   14   1   1   1   0   1   1   1   0  14  38   1   7   0   1   1   1   5   0  14  0.31 inf
  143 A    3 -2  0 -2 -2 -1 -1  1 -2 -1 -2 -1 -2  0 -2  3  0 -3 -2 -1   35   1   4   1   0   1   1  10   0   6   1   1   0   6   1  28   4   0   0   1  0.30 inf
  144 L    0  0  0 -2 -2 -1 -2  0  0 -1  1 -1  2  0 -2  0  3 -2 -2  0    7   7   3   1   0   1   1   6   3   1  15   1  10   3   1   6  32   0   0   3  0.16 inf
  145 I   -2 -3 -3 -4 -2 -3 -3 -3 -3  3  3 -3  2  5 -3 -3 -2 -1  0  0    2   1   1   1   0   0   1   1   0  19  32   1   4  33   1   1   1   0   0   3  0.51 inf
  146 P   -1 -2 -1 -2 -2 -1 -1 -2 -2 -3 -3 -1 -2 -1  6  1  1 -3 -2 -2    2   1   3   1   0   1   4   2   0   1   2   1   1   3  53  14   9   0   1   1  1.00 inf
  147 P    2  1 -1  1 -2  0  0  0 -1 -2 -1  1 -2 -3  4 -1 -1 -3 -2 -1   25  11   1   8   0   3   5   5   2   1   6   8   0   0  20   1   1   0   0   3  0.29 inf
  148 T    1 -1  0  2 -3  1  3 -2  1  0 -2 -1 -2 -3  0  0  1 -3 -1 -2   13   0   2  14   0   8  27   0   5   8   0   0   0   0   3   6  11   0   2   0  0.27 inf
  149 L    1 -2 -1 -2  2 -2 -2 -2  0  0  0 -2 -2 -3  6  1  0 -3 -3 -1   11   1   2   1   5   1   1   1   2   6   8   1   0   0  41   9   7   0   0   3  0.65 inf
  150 P   -2  0 -1  0 -4  0  1 -3  1 -4 -4 -1 -3 -4  7 -2  0 -4 -3 -3    1   4   2   4   0   4  11   1   5   0   1   3   0   0  57   1   5   0   0   0  1.19 inf
  151 G   -2 -4 -2 -3 -4 -3 -4  6  2 -5 -5 -3 -4  1  0 -2 -3 -4 -3 -5    0   0   0   0   0   0   0  82   5   0   0   0   0   7   5   0   0   0   0   0  1.39 inf
  152 T    0  1 -1  4  2 -1  1  1 -2 -3 -3 -1 -3  0 -3  0  2 -4 -2 -3    6  12   0  28   7   0   6  10   0   0   0   0   0   5   0   5  20   0   0   0  0.32 inf
  153 N    0 -2  7 -1 -3 -2 -2 -2 -2 -1 -3 -2 -3 -4 -3  0  1 -5 -3  0   10   0  64   0   0   0   0   0   0   4   0   0   0   0   0   2   9   0   0  10  0.86 inf
  154 I   -2 -4 -4 -4 -2 -4 -4  1 -4  5  3 -4  0 -1 -4 -3 -2 -3 -3  2    0   0   0   0   0   0   0  12   0  43  33   0   0   0   0   0   0   0   0  12  0.58 inf
  155 V    0 -4 -4 -4 -2 -4 -4 -4 -4  3 -1 -4 -1 -2 -4 -3  0 -4 -3  5    9   0   0   0   0   0   0   0   0  19   0   0   0   0   0   0   4   0   0  68  0.83 inf
  156 L   -2  1 -4 -4 -3 -3 -3 -5 -4  2  4 -2  0 -1 -4 -3 -2  3 -2  3    0  12   0   0   0   0   0   0   0  10  46   0   0   0   0   0   0   5   0  26  0.53 inf
  157 G    0 -3 -3 -3  3 -2 -3  3 -3  0  1 -3  4  1 -3 -2  0 -3 -2 -1    7   0   0   0   9   0   0  26   0   4  16   0  20   7   0   0   8   0   0   2  0.33 inf
  158 A    0 -1  1  3  1 -1 -1 -2 -1 -1 -3  2 -2 -3  2  1  2 -4 -3 -1    7   0   5  18   3   0   0   0   1   4   0  15   0   0  12  14  18   0   0   2  0.30 inf
  159 L   -2 -3 -4 -5 -3 -3 -4 -5  4  1  5 -4  2 -1 -4 -3 -3 -3 -2  1    1   0   0   0   0   0   0   0  12   3  73   0   3   0   0   0   0   0   0   7  0.81 inf
  160 P   -1 -2  4  3 -4 -2 -1 -1  3 -4 -4 -2 -4 -4  5  1 -2 -5 -3 -4    3   0  23  16   0   0   0   3   9   0   0   0   0   0  33  12   0   0   0   0  0.83 inf
  161 E    1 -2 -2  0 -2 -1  1 -1 -1  0 -1 -1  0 -1  3  1  0 -3 -2  0   19   0   0   7   0   0  15   5   2   8   5   0   2   2  17   9   3   0   0   8  0.21 inf
  162 D    0  0 -1  4  2  0  2  0 -2 -3 -3  0 -3 -4  0  0 -1 -4 -3 -2   11   5   0  32   5   4  18   9   0   0   0   2   0   0   4   3   3   0   0   3  0.37 inf
  163 R   -1  1  0  2 -3  0  4 -2 -1 -2 -3  0 -2 -3 -2  0 -1 -3 -2  0    4  10   4   9   0   1  47   1   0   1   1   3   0   1   1   5   1   0   0  11  0.44 inf
  164 H    0 -1  3 -1 -3  2 -1 -2  7 -3 -2 -1 -2 -2 -2  0  0 -3 -1 -1   11   1  19   1   0   9   1   1  37   1   4   1   0   1   1   3   5   0   0   4  0.56 inf
  165 I    1 -2 -2 -2 -2  0 -2 -2  0  1  2 -1  1  0 -2 -1  0 -2  1  1   21   1   1   1   0   3   1   1   3   7  30   5   4   2   1   1   4   0   6   8  0.12 inf
  166 D   -1  3  0  1 -3  1  1 -2  1 -2 -2  2 -2 -3 -2  0  1 -3 -2 -2    3  24   3   9   0   7   8   1   5   3   1  13   0   1   1   7  12   0   0   1  0.26 inf
  167 R   -2  7 -2 -3 -4 -1 -1 -3 -2 -3 -3  0  2 -3 -3 -2 -2 -3 -3 -3    1  80   1   1   0   1   1   1   0   1   1   1   7   1   1   1   1   0   0   1  1.24 inf
  168 L   -2 -3 -3 -3 -2 -3 -3 -3 -3  3  3 -3  1 -1 -3 -2 -1 -2 -2  3    1   1   1   1   0   1   1   1   0  21  44   1   0   1   1   1   1   0   0  24  0.46 inf
  169 A    1  3 -1 -2  1  1 -1 -2 -2 -1 -1  3 -2 -3 -2  0  0 -3  0 -1   15  25   0   0   4   5   0   0   0   5   3  27   0   0   0   5   5   0   4   2  0.30 inf
  170 K    2  1  0 -1 -3  2  1 -1  0 -3 -2  3 -2 -3 -2  1  1 -3 -2 -2   25   5   4   0   0   9  10   2   2   0   4  24   0   0   0   8   7   0   0   0  0.26 inf
  171 R   -3  8 -2 -4 -6 -1 -2 -4 -2 -5 -4  0 -3 -5 -4 -3 -3 -5 -4 -5    0 100   0   0   0   0   0   0   0   0   0   0   0   0   0   0   0   0   0   0  1.91 inf
  172 Q    1 -2  2  0 -3  2 -1  3  4 -4 -3 -1 -2 -1 -3  1 -1 -3 -2 -3   15   0  11   4   0  11   0  29  14   0   0   2   0   4   0  10   0   0   0   0  0.39 inf
  173 R   -3  7 -2 -3 -5 -1  1 -4 -2 -5 -4  0 -3 -5 -4 -2 -3 -5 -4 -4    0  89   0   0   0   0  11   0   0   0   0   0   0   0   0   0   0   0   0   0  1.58 inf
  174 P    0 -1 -2 -3 -4 -2 -2 -3 -3 -2 -4  3 -3 -4  6  0 -1 -5 -4 -2    7   2   0   0   0   0   0   0   0   2   0  26   0   0  52   5   3   0   0   3  1.11 inf
  175 G   -1 -3  0 -2  2 -2  1  6  0 -5 -5 -2 -4 -3 -3 -2 -3 -3  1 -4    0   0   3   0   5   0  13  70   3   0   0   0   0   0   0   0   0   0   6   0  1.01 inf
  176 E   -2 -2 -2  2 -5  0  6  0 -2 -5 -5 -1 -4 -5 -3 -2 -3 -5 -4 -4    0   0   0   8   0   0  84   8   0   0   0   0   0   0   0   0   0   0   0   0  1.27 inf
  177 R   -1  3 -1 -2 -3  1 -1 -3  3  0 -1  1 -1 -1 -3  0  2 -3 -2  1    3  23   0   0   0   5   0   0  11   4   3  11   0   2   0   3  19   0   0  14  0.24 inf
  178 L    0 -3 -1 -3 -2 -3 -3 -3 -3  3  2 -3  1 -1  0 -1  0 -3 -2  3    8   0   4   0   0   0   0   0   0  26  17   0   2   0   5   3   3   0   0  31  0.31 inf
  179 D   -3 -3  3  7 -5 -1  1 -3 -2 -5 -5 -2 -4 -5 -3  0 -2 -6 -4 -4    0   0  17  71   0   0   4   0   0   0   0   0   0   0   0   8   0   0   0   0  1.24 inf
  180 L    1  0 -3 -3 -2  0 -1 -3  2  1  2 -1  1 -1 -3 -2 -2  5 -1  1   15   6   0   0   0   4   3   0   7  11  32   2   4   0   0   0   0  10   0   6  0.25 inf
  181 A    1  1  1  0 -3  0  1  1  1 -2 -2  0 -2 -3  2  0  1 -3 -2 -2   14   9  10   3   0   4   9  12   5   2   2   4   0   0   9   0  16   0   0   1  0.18 inf
  182 M   -3 -3 -3 -5 -4 -3 -3 -4  4 -1  1 -3  6  3 -4 -3 -3 -1  6 -2    0   0   0   0   0   0   0   0  11   0  11   0  29  14   0   0   0   0  35   0  0.93 inf
  183 L   -3 -4 -4 -5 -2 -3 -4 -5 -4  4  4 -4  1 -1 -4 -3 -1 -3 -2  1    0   0   0   0   0   0   0   0   0  27  62   0   2   0   0   0   4   0   0   6  0.75 inf
  184 A    1  3 -1 -2  2  0  0 -1  1 -1 -1  2  0 -3 -2  0  0 -3 -2  0   14  23   0   0   5   3   2   2   4   3   4  21   3   0   0   6   4   0   0   7  0.21 inf
  185 A    3  0 -2 -2  2 -1  1 -2 -2 -1  0 -1  0 -3 -2  0  0 -3 -3  0   43   6   0   0   5   0  14   0   0   2  10   0   3   0   0   4   6   0   0   6  0.26 inf
  186 I   -2 -4 -5 -5 -2 -4 -4 -5 -4  4  4 -4  1 -1 -4 -4 -2 -3 -2  2    0   0   0   0   0   0   0   0   0  28  56   0   0   0   0   0   0   0   0  16  0.76 inf
  187 R   -1  6  4 -2 -4  0 -1 -3  3 -4 -4  2 -3 -4 -3 -2 -2 -4 -3 -4    4  51  26   0   0   2   0   0   9   0   0   8   0   0   0   0   0   0   0   0  0.89 inf
  188 R    0  2  5  0 -4 -1  0  0 -1 -4 -4 -1 -3 -3 -3  0 -2  5  0 -4   12  13  45   4   0   0   7   5   0   0   0   0   0   0   0   3   0  10   3   0  0.63 inf
  189 V    2 -3 -3 -4  4 -3 -3 -3 -4  1 -1 -3 -1 -3 -3  1 -1 -4 -3  4   24   0   0   0   9   0   0   0   0   7   0   0   0   0   0  10   0   0   0  50  0.53 inf
  190 Y   -4 -4 -4 -5 -4 -4 -4 -5  0 -3 -3 -4 -3  4 -5 -4 -4  0  9 -3    0   0   0   0   0   0   0   0   0   0   0   0   0  17   0   0   0   0  83   0  1.96 inf
  191 G    2  0  0  1 -2 -1  0 -1  3  1 -1 -1  0 -1 -2  0  0 -3 -1  0   23   5   4  11   0   0   3   4  11  16   0   2   3   2   0   7   3   0   0   7  0.09 inf
  192 L    2  0 -3 -4  3 -2 -3 -3 -3  0  2 -2  5 -2 -3 -1 -1 -3 -2 -1   23   6   0   0   9   0   0   0   0   3  22   0  32   0   0   4   0   0   0   0  0.41 inf
  193 L    0 -3 -4 -5 -2 -3 -4 -4 -4  1  5 -3  2  2 -4 -3 -2 -3 -1  1    8   0   0   0   0   0   0   0   0   4  71   0   3   8   0   0   0   0   0   7  0.64 inf
  194 A    2 -3 -3 -3 -2  0 -2 -1 -1  1  0 -2  1  0 -3 -2 -1 -1  4  2   21   0   0   0   0   6   0   5   0  10   5   0   6   0   0   0   0   0  25  23  0.28 inf
  195 N   -3 -2  7  2  5 -2 -2 -2  1 -4 -5 -2 -4 -5 -4 -1 -2 -5 -4 -4    0   0  73   9  15   0   0   0   3   0   0   0   0   0   0   0   0   0   0   0  1.26 inf
  196 T    2 -3 -2 -3 -2 -2 -2 -3 -3 -2 -3 -2 -2 -4 -3  0  6 -4 -3 -2   18   0   0   0   0   0   0   0   0   0   0   0   0   0   0   0  82   0   0   0  1.09 inf
  197 V    0 -3 -3 -4  3 -2 -3 -3 -3  2 -1 -1 -1 -1 -3  0  0  7 -1  3    5   0   0   0   7   0   0   0   0  20   0   6   0   0   0   9   6  21   0  25  0.52 inf
  198 R    0  3 -1 -2 -2 -1 -1 -2  0 -1  1  1  0 -2 -2  0  1  1 -2 -1   11  30   2   0   0   0   0   0   2   4  18  10   3   0   0   9   9   2   0   2  0.21 inf
  199 Y   -3 -4 -4 -5 -4 -4 -4 -5 -1 -2  0 -4 -2  6 -5 -4 -3  0  8 -2    0   0   0   0   0   0   0   0   0   0   7   0   0  33   0   0   0   0  60   0  1.44 inf
  200 L    0 -3 -4 -5  2 -3 -4 -4 -4  1  5 -4  1 -1 -4 -3 -2 -3 -2  0    7   0   0   0   5   0   0   0   0   6  81   0   0   0   0   0   0   0   0   0  0.79 inf
  201 Q   -2  3  1 -2 -4  6  1 -2 -1 -4 -2  1 -2 -4 -3  0  0 -4 -3 -3    0  16   5   0   0  53   3   2   0   0   2   6   0   0   0   5   7   0   0   0  0.70 inf
  202 C    1  2 -1 -2  5  2 -1  0 -2 -2 -1  0 -1 -3 -2  2  0 -3 -2 -2   11  17   0   0  16  13   0   7   0   0   4   4   0   0   0  20   5   0   0   0  0.26 inf
  203 G    0 -1  0 -2 -3 -1 -2  5  2 -4 -4  2 -3 -3 -2 -1  1 -3 -3 -3    4   0   4   0   0   0   0  55   7   0   0  16   0   0   0   0  12   0   0   0  0.61 inf
  204 G   -1  2  2  1 -3 -1  0  3  1 -4 -4  0 -3 -4 -2  1  0 -4 -3 -3    0  18  13   9   0   0   6  31   4   0   0   0   0   0   0  16   4   0   0   0  0.39 inf
  205 S    0  1  2  2 -3  1  1 -2 -1 -3 -3  1 -2 -3 -2  3  0 -4 -3 -1    5  10  11  14   0   6   6   0   0   0   0  10   0   0   0  33   0   0   0   5  0.32 inf
  206 W   -4 -5 -5 -6 -4 -4 -5 -1 -4 -4 -1 -5 -3  2 -6 -5 -4 12  0 -4    0   0   0   0   0   0   0   4   0   0   6   0   0   6   0   0   0  83   0   0  2.99 inf
  207 R   -1  5 -1  0 -4  0  2 -3  2 -4 -2  1 -2 -3 -3 -2 -2  4  0 -3    4  49   0   3   0   0  18   0   5   0   4   6   0   0   0   0   0   7   4   0  0.61 inf
  208 E    1  2  0  3 -3  0  2 -2 -2 -1 -2  1  0 -3 -2  1  0 -4 -3 -2   13  15   0  26   0   0  12   0   0   4   0   7   5   0   0   9   7   0   0   0  0.29 inf
  209 D   -1 -2  0  6 -4 -1  3  2 -2 -4 -5 -1 -4 -5 -3 -1 -2 -5 -4 -4    4   0   0  53   0   0  25  18   0   0   0   0   0   0   0   0   0   0   0   0  0.88 inf
  210 W   -4 -5 -5 -6  3 -4 -5 -1 -4 -4 -2 -5  2 -1 -5 -4 -4 12  0 -4    0   0   0   0   6   0   0   4   0   0   3   0   6   0   0   0   0  81   0   0  2.86 inf
  211 G   -1  0  0  1 -3  1 -1  3  4 -2  0 -1  0 -1 -3  0 -1 -3 -1 -2    0   4   5   9   0   7   0  32  15   0  15   0   3   4   0   3   4   0   0   0  0.25 inf
  212 Q    0  3 -1  0 -3  2  1  0 -1 -3 -3  3 -2 -4 -2  0  1 -3 -3 -2    5  23   0   3   0  11  11   5   0   0   0  24   0   0   0   6   8   0   0   4  0.35 inf
  213 L   -1 -3 -4 -4 -2 -3 -4 -4 -4  1  4 -3  1 -1 -4 -3  0  3 -2  1    6   0   0   0   0   0   0   0   0   6  67   0   0   0   0   0   6   4   0  10  0.56 inf
  214 S    1 -2 -1  2 -3 -2 -1 -1 -2 -4 -4 -2 -3 -4  5  3  0 -4 -3 -3    8   0   0  13   0   0   2   3   0   0   0   0   0   0  38  33   3   0   0   0  0.82 inf
  215 A   -1 -3 -2 -1 -3 -2 -2  2 -3  0 -1 -2 -1  1  2 -1  0  6 -1  1    3   0   0   4   0   0   2  24   0   6   3   0   0   8  12   0   9  16   0  13  0.37 inf
  216 G    1  3 -1 -2  4  1 -1  2 -2 -2 -2  1 -2 -3 -2  1 -1 -3 -3  0   14  22   0   0  12   6   0  16   0   0   0   7   0   0   0  14   1   0   0   8  0.26 inf
  217 P   -1 -2  0  2 -3 -1  1 -2  2 -3 -3  0 -3 -4  5  1  1 -4 -3 -2    3   0   5  12   0   0   9   0   7   0   0   7   0   0  38   9   8   0   0   2  0.68 inf
  218 R    0  3  2  2 -3  1  2 -2  0 -3 -2  1 -2 -3 -2  0  0 -4 -2 -2    6  29  10  17   0   6  12   0   2   0   3   4   0   0   0   5   3   0   0   1  0.35 inf
  219 P    0 -3 -3 -3 -4 -3 -3 -3 -4 -3 -3 -2  0 -4  8 -1 -2 -5 -4 -1    8   0   0   0   0   0   0   0   0   0   0   0   4   0  77   4   0   0   0   6  1.78 inf
  220 H    1  0  1  0  1  0  1  1  3 -2 -3  0 -2 -3 -2  2  0 -3 -2  0   12   5   6   4   3   0  14  10  11   0   0   2   0   0   0  22   2   0   0   9  0.18 inf
  221 I   -1 -3 -4 -4 -2 -3 -4 -2 -4  4  3 -3  0  1  0 -3 -2 -3 -2  1    6   0   0   0   0   0   0   3   0  46  32   0   0   7   6   0   0   0   0   0  0.45 inf
  222 G   -1  2  0  1  3  2  3  1  3 -4 -3  0 -2 -3 -2  1 -1 -3 -2 -3    2  14   4   6   9   9  24   9  10   0   0   0   0   0   0  12   0   0   0   0  0.33 inf
  223 D   -2 -2  2  5 -4  1  2 -2  2 -4 -4 -1 -3 -4 -1  1  0 -5 -3 -4    0   0   7  53   0   6   9   0   6   0   0   0   0   0   2  12   4   0   0   0  0.75 inf
  224 T   -2 -3 -2 -3 -3 -2 -3 -3 -3 -2 -3 -2 -2 -4 -3  0  7 -4 -3 -2    0   0   0   0   0   0   0   0   0   0   0   0   0   0   0   0 100   0   0   0  1.44 inf
  225 L   -3 -4 -5 -5 -3 -4 -4 -5 -4  1  6 -4  1 -1 -4 -4 -2 -3 -2  0    0   0   0   0   0   0   0   0   0   4  96   0   0   0   0   0   0   0   0   0  1.04 inf
  226 F   -4 -4 -5 -5 -4 -4 -5 -5 -3 -1  2 -5 -1  8 -5 -4 -3 -1  1 -2    0   0   0   0   0   0   0   0   0   0  19   0   0  81   0   0   0   0   0   0  1.39 inf
  227 T    4  0 -2 -2 -2  1 -1  0 -2 -3 -3 -1 -2 -3  0  1  1 -4 -3 -2   65   4   0   0   0   7   0   4   0   0   0   0   0   0   3   9   7   0   0   0  0.52 inf
  228 L    1 -3 -4 -4 -2 -3 -3 -3 -3  3  2 -3  3 -1 -3 -2 -1 -3 -2  3   17   0   0   0   0   0   0   0   0  18  27   0   9   0   0   0   0   0   0  29  0.38 inf
  229 F   -3 -4 -4 -5 -3 -4 -4 -4 -2  1  3 -4  2  6 -4 -3 -3 -1  3 -1    0   0   0   0   0   0   0   0   0   4  29   0   6  54   0   0   0   0   6   0  0.86 inf
  230 R    1  2 -2 -2  3  0 -1 -3  1 -3 -3  5 -2 -4 -2 -1 -2  2 -2 -3   13  10   0   0  10   0   0   0   4   0   0  59   0   0   0   0   0   3   0   0  0.63 inf
  231 A    2  1 -2 -2  3  0 -1  0 -2  0 -1 -1 -1  0 -2  0  1 -3 -1  0   27  11   0   0   8   4   3   4   0   3   4   0   0   7   0   6  12   0   0   9  0.12 inf
  232 P   -2  2 -2  2 -4  0 -1 -3 -2 -4 -4  1 -3 -4  6  0 -2 -4 -3 -3    0  16   0  14   0   2   0   0   0   0   0   8   0   0  53   5   0   0   0   0  1.09 inf
  233 E    1 -1 -1  0 -3  3  5 -2 -1 -3 -3  0 -2 -3 -2  1 -1 -3 -2 -2   14   1   0   1   0  15  50   1   0   1   1   1   0   0   1  13   1   0   0   1  0.56 inf
  234 L   -2 -2 -2 -3 -2  2 -2 -3 -2  0  4 -2  1  1 -3 -2  1 -2 -1  0    1   1   0   1   0  15   1   1   0   1  56   1   0   6   1   1  15   0   0   1  0.34 inf
  235 L    1 -3  2 -2  5 -2 -3 -2 -2 -1  1 -2 -1 -1 -3  0 -1  5  1  0   19   0  15   0  19   0   0   0   0   0  18   0   0   0   0   5   0   9   7   8  0.33 inf
  236 A    0  1 -1  3 -3  1  0  1 -2 -2 -2  1 -2 -3  1  0 -1 -4 -3  0    8   9   0  23   0   9   0  14   0   0   0   8   0   0   7   8   0   0   0  15  0.21 inf
  237 P    1  1 -1  0 -3  1  1  0  4 -3 -3  2 -2 -3  3  0 -1 -4 -2 -3   16   5   0   5   0   5  10   8  15   0   0  17   0   0  16   3   0   0   0   0  0.35 inf
  238 N   -1  2  4  1 -3 -1 -1  2 -1 -3 -3 -1 -2 -1 -2  2  2 -3  0 -3    0  12  28   5   0   0   0  15   0   0   0   0   0   4   0  16  15   0   4   0  0.34 inf
  239 G   -1  3 -2 -2 -4 -1  1  5 -2 -4 -4 -1 -3 -1 -3 -1 -3 -3 -3 -4    0  22   0   0   0   0  10  63   0   0   0   0   0   5   0   0   0   0   0   0  0.86 inf
  240 D    0  3  0  2 -3  0  1  1 -1 -3 -3  1 -2 -3 -2  1 -1 -3  0 -2    7  24   4  14   0   0  12  13   0   0   0   8   0   0   0  11   0   0   5   4  0.25 inf
  241 L   -2 -3 -4 -4  3  0 -3 -4 -3  1  4 -3  0 -2  4 -3 -2 -3 -3 -1    0   0   0   0   9   8   0   0   0   8  51   0   0   0  25   0   0   0   0   0  0.60 inf
  242 Y    0  1 -2 -2 -2 -1 -1 -2 -1 -1  1  2  0  1  1  1 -1 -2  2 -1    9   9   0   0   0   0   0   0   0   0  26  17   0   8   6  15   0   0  11   0  0.15 inf
  243 N    2  0  1  1 -2 -1  1 -2  0  0 -2  0  1 -3  0  0  2 -3 -2 -1   27   4  10   7   0   0   8   0   3   6   0   5   7   0   4   0  19   0   0   0  0.17 inf
  244 V    0 -3 -3 -4 -2 -1 -3 -4 -3  2  2 -3  3 -1 -3 -2 -1 -3 -2  4    5   0   0   0   0   4   0   0   0  11  22   0  13   0   0   0   3   0   0  43  0.42 inf
  245 F   -3 -2 -2 -3 -3 -2 -2 -4  6  0  0 -3 -1  4 -4 -2  0  5  3 -2    0   0   0   0   0   0   0   0  34   7  10   0   0  20   0   0   9   8  12   0  0.66 inf
  246 A    4 -1 -1 -2 -2  1  0  0 -2 -2 -2  1 -2 -3 -2  2 -1 -4 -3  0   46   0   0   0   0   7   5   3   0   0   0  10   0   0   0  22   0   0   0   8  0.37 inf
  247 W   -2 -4 -5 -5 -4 -4 -4 -4 -3 -3 -3 -4 -3  2 -5 -2 -3 11  2  0    4   0   0   0   0   0   0   0   0   0   0   0   0   9   0   4   0  70   6   8  2.27 inf
  248 A    2 -2  0 -2 -2 -2 -2  0 -3  1  0 -2  0 -2 -2  0  2 -3 -2  2   26   0   6   0   0   0   0   8   0  11   8   0   0   0   0   0  19   0   0  22  0.19 inf
  249 L   -2 -3 -4 -5 -2 -3 -4 -4 -3  1  4 -3  4  2 -4 -3 -2 -2 -1  1    0   0   0   0   0   0   0   0   0   0  65   0  19   7   0   0   0   0   0   9  0.68 inf
  250 D   -1  0  0  5 -4  1  2 -1 -2 -4 -4 -1 -3 -3 -2 -1  0  5 -2 -3    6   6   0  48   0   9   9   4   0   0   0   0   0   0   0   0   8  11   0   0  0.63 inf
  251 V    1 -1 -1  0  2 -1 -1  1 -2  1  0  1 -1 -2 -2 -1  0 -3 -2  1   15   0   0   8   6   0   0  15   0  13   9  20   0   0   0   0   4   0   0  10  0.09 inf
  252 L   -1 -3 -4 -5 -2 -3 -4 -4 -4  1  5 -3  2 -1 -4 -3 -2 -3 -2  1    6   0   0   0   0   0   0   0   0   0  83   0   3   0   0   0   0   0   0   8  0.74 inf
  253 A    3 -2 -2  0 -1 -2 -2 -2 -3  1  1 -2  2 -2 -2  0  0 -3 -2  1   38   0   0   6   0   0   0   0   0   8  16   0   9   0   0   8   4   0   0  12  0.21 inf
  254 K    0 -1  3  3 -3  0  1 -1 -1 -1 -1  0  1 -3 -2  0  1 -4 -3 -1   11   0  21  18   0   0  13   4   0   6   4   5   6   0   0   0  14   0   0   0  0.22 inf
  255 R   -2  4 -2 -2  1  0 -1 -3 -2 -1  0  3 -1 -3 -3  0  0 -3 -2  0    0  37   0   0   4   0   0   0   0   0  14  26   0   0   0   5   5   0   0   9  0.38 inf
  256 L   -3 -3 -5 -5 -2 -3 -4 -5 -4  1  5 -4  1 -1 -4 -4 -2 -3 -2  0    0   0   0   0   0   0   0   0   0   4  96   0   0   0   0   0   0   0   0   0  1.00 inf
  257 R    1  4 -1 -2 -3  1  0  0  1 -3 -1  2 -2 -3 -2 -1 -2 -3 -2 -2   20  40   0   0   0   5   5   7   5   0   6  13   0   0   0   0   0   0   0   0  0.38 inf
  258 S    0  0  4  1 -3 -1 -1 -1 -1 -3 -3  1 -3 -4  3  2  0 -4 -3 -3   10   4  33   6   0   0   0   0   0   0   0   8   0   0  14  22   5   0   0   0  0.46 inf
  259 M   -2 -3 -4 -4 -2 -3 -3 -4 -3  2  4 -3  4  1 -4 -3  0 -2 -1  0    0   0   0   0   0   0   0   0   0  14  49   0  21   7   0   0   8   0   0   0  0.52 inf
  260 H   -1  1  4 -1  3  1  0 -2  3 -3 -3  0 -2 -3 -2  1  1 -4 -2 -3    0   9  32   0   9   5   5   0  12   0   0   5   0   0   0  10  12   0   0   0  0.41 inf
  261 V    0 -3 -4 -4  1 -3 -3 -4 -4  3  1 -3  4 -1  0 -2 -1 -3 -2  4    6   0   0   0   4   0   0   0   0  19   7   0  17   0   4   0   0   0   0  43  0.43 inf
  262 F   -2 -3 -3 -3 -3 -2  0 -4  2 -1 -1 -3 -1  6 -4 -1 -2  0  4  0    0   0   0   0   0   0  11   0   6   0   2   0   0  55   0   5   0   0  14   8  0.70 inf
  263 I   -1  0 -2 -3  0  1 -2 -3 -2  1  0  0  0  1 -3 -1  2 -2  2  2    0   6   0   0   2   8   0   0   0  11   5   5   2   6   0   2  18   0   9  26  0.14 inf
  264 L   -1 -3 -4 -4 -2 -3 -4 -4 -4  1  4 -3  2  2 -4 -3 -2 -2 -1  2    4   0   0   0   0   0   0   0   0   0  62   0   6   7   0   0   0   0   0  20  0.55 inf
  265 D    0 -3  2  6 -4 -1  0 -2 -2 -4 -4 -2 -4 -4 -3  1 -2 -5 -4 -4    9   0   7  71   0   0   0   0   0   0   0   0   0   0   0  13   0   0   0   0  1.02 inf
  266 Y   -2 -3 -3 -4 -2 -3 -3 -4  3  2  3 -3  0  2 -4 -3 -2 -1  4  1    0   0   0   0   0   0   0   0   9  19  35   0   0   5   0   0   0   0  24   9  0.45 inf
  267 D   -1 -1  2  3 -3  1  1  2 -1 -4 -4 -1 -3 -4 -2  2  1 -4 -3 -3    0   0  14  22   0  10   9  14   0   0   0   0   0   0   0  24   7   0   0   0  0.41 inf
  268 Q    0  0 -1  0 -3  2 -1  4 -2 -2  0 -1  0 -3  0 -1 -1 -3 -3 -2   10   7   0   4   0  17   0  37   0   0  13   0   3   0   5   0   4   0   0   0  0.30 inf
  269 S    1 -2 -1 -2 -2 -1 -2 -2 -2 -3 -3 -1 -2 -4  4  4  3 -4 -3 -2   10   0   0   0   0   0   0   0   0   0   0   0   0   0  20  44  26   0   0   0  0.65 inf
  270 P   -2  0 -3 -3 -4  0 -2 -3 -3 -3 -3 -2 -3 -4  7 -2  0 -5 -4  0    0   5   0   0   0   6   0   0   0   0   0   0   0   0  72   0   7   0   0  11  1.56 inf
  271 A    0  2 -1  3 -4  2  4 -3  0 -3 -3  0 -2 -4 -2 -1  0 -4 -3 -2    6  18   0  19   0  13  33   0   2   0   0   0   0   0   0   0   7   0   0   3  0.46 inf
  272 G    2 -1 -1  1 -3  2  3  1  3 -2 -3  1 -2 -3 -2 -1 -1 -3 -2  0   22   0   0   8   0  10  25   9  10   0   0   6   0   0   0   0   0   0   0  10  0.26 inf
  273 C    1 -5 -4 -5 10 -4 -5 -4 -4 -3 -3 -4 -3 -4 -4 -2 -2 -4 -4 -2   15   0   0   0  85   0   0   0   0   0   0   0   0   0   0   0   0   0   0   0  2.11 inf
  274 R    4  1 -3 -3 -2 -2 -2 -2 -3 -1  0 -2 -1 -2 -2  0 -1  3 -2  2   62   9   0   0   0   0   0   0   0   0   7   0   0   0   0   0   0   6   0  16  0.44 inf
  275 D    3  0  0  1 -2  1  1 -1 -2 -1  0 -1  1 -2 -2  1 -1 -3 -2 -1   36   7   4   9   0   5  13   0   0   4   8   0   6   0   0   9   0   0   0   0  0.18 inf
  276 A    2 -1  1  2 -3  1  2 -2 -1 -3 -3  2 -2 -3 -2  0  0 -3  0 -1   31   0   5  13   0   4  21   0   0   0   0  14   0   0   0   3   2   0   4   2  0.29 inf
  277 L   -2 -3 -4 -4  3 -3 -3 -4 -3  2  3 -3  2  1 -3 -2  0 -2 -1  3    0   0   0   0   8   0   0   0   0   9  39   0   4   7   0   0   7   0   0  26  0.38 inf
  278 L   -1  3 -2 -3  1 -1 -1 -1 -2  0  2  0  3 -2 -3 -2 -2 -3 -2  0    5  25   0   0   4   0   5   4   0   0  29   5  16   0   0   0   0   0   0   6  0.23 inf
  279 Q    1  2  1  2 -3  1  3 -1  1 -3 -3  1 -2 -4 -2  0  0 -4 -2 -3   16  17   4  11   0   5  24   3   3   0   0   8   0   0   0   5   4   0   0   0  0.32 inf
  280 L    0 -2 -2 -3 -2  2 -2 -3 -2  1  2 -2  2  1 -3 -1  1 -2 -1  1    7   0   0   0   0  17   0   0   0  10  30   0   9   8   0   4   9   0   0   7  0.21 inf
  281 T   -1  1 -1 -2  1 -1 -2 -2 -2  1  1 -1  2 -1 -2  1  2 -3 -2  1    3  12   0   0   4   0   1   1   0  10  16   0  11   0   0  13  21   0   0   7  0.15 inf
  282 S    2  0  0 -2 -3  1  0 -2 -2 -3 -3 -1 -3 -4  5  2 -1 -4 -3 -3   19   6   5   0   0   8   3   0   0   0   0   0   0   0  34  25   0   0   0   0  0.68 inf
  283 G    1  1  0  1 -3  1  3  2  1 -3 -2  1 -2 -3 -2  0 -1 -3 -2 -3   12  10   5   5   0   4  24  21   5   0   5   6   0   0   0   4   0   0   0   0  0.27 inf
  284 M   -2  1 -3 -4 -3 -2 -3 -4 -3  0  1 -2  8  1 -4 -2  1 -3 -2  0    0  10   0   0   0   0   0   0   0   0   4   0  63   7   0   0   8   0   0   6  0.86 inf
  285 V    0 -1 -1  1 -2  1 -1 -2  2  0  0 -1  0 -2 -2  0  3 -3 -2  1    9   1   1  10   0   9   1   1   7   2  11   1   3   0   1   5  27   0   0  11  0.14 inf
  286 Q    0 -1 -1 -2  1  0  0 -2 -1  0  0 -1  1  0  3  1 -1 -2  1  0    5   3   1   1   5   5   7   1   0   9   5   1   5   5  14  17   1   0   7   9  0.12 inf
  287 T    2 -2 -1 -2 -2 -2 -2 -2 -3 -2 -2 -2 -2 -3  1  2  5 -3 -3 -1   18   0   0   0   0   0   0   0   0   0   1   0   0   0   6  13  59   0   0   0  0.64 inf
  288 H    0  0  0 -1  1 -1  1 -2  3  0  1 -1  0  0 -2  0 -1 -2  1  0    9   7   5   1   4   0  10   1  14   1  18   1   0   5   1   6   1   0   5  12  0.07 inf
  289 V    0 -1 -2 -3 -2 -2 -2 -1 -3  2  2 -2  3 -1 -1 -1  1 -3 -2  2    8   3   0   0   0   0   0   4   0  12  21   0  11   0   2   0  13   0   0  23  0.19 inf
  290 T    1 -2 -1  0 -2 -2 -2 -2 -3 -2 -3 -2 -2 -3  0  3  5 -4 -3  0   10   0   0   4   0   0   0   0   0   0   0   0   0   0   4  28  49   0   0   5  0.57 inf
  291 T    1 -1  0  1 -2 -1  0  0  1 -2 -2  1 -2  0 -2  1  1  5 -1 -2   11   1   2   8   0   0   6   5   4   1   1  13   0   5   1  17  13  10   0   1  0.21 inf
  292 P    0  2  2 -1 -3  0 -1 -1 -2 -3 -3  1 -2 -1  5  1  0 -3 -2 -2   10  14  12   0   0   2   0   3   0   0   0  12   0   3  29   9   5   0   0   0  0.48 inf
  293 G    2  0 -1  2 -3  1  2  3 -2 -3 -3 -1  0 -4 -2 -1 -2 -3 -3 -3   23   5   0  14   0   6  14  33   0   0   0   0   5   0   0   0   0   0   0   0  0.39 inf
  294 S    2 -1  1  1 -2 -1 -1  1 -1 -2 -2  0 -2  0 -2  2  0 -2  1 -1   26   0   6   8   0   0   0  11   0   0   0   7   0   5   0  25   0   0   6   4  0.20 inf
  295 I    1 -3 -3 -3 -2 -2 -3  1  1  2  2 -3  1  1 -3 -2 -2  5 -1  0   17   0   0   0   0   0   0  13   4  16  28   0   3   8   0   0   0  11   0   0  0.28 inf
  296 P    1  0  1  1  2  1  1 -2 -1 -2 -2  0 -2 -3  2  1  1 -3 -2 -2   18   5  11   6   7   5  12   0   0   0   3   4   0   0  11   6  11   0   0   0  0.21 inf
  297 T    0 -1  0  1 -2 -1  1 -2  1  1  0  0 -1 -1 -2  1  1 -3  0  0    7   0   5  11   0   0  11   0   6  12  12   7   0   0   0  10  12   0   4   2  0.08 inf
  298 I   -1 -3 -4 -4 -2 -2  0 -4 -3  2  4 -3  1 -1 -4 -3 -2 -3 -2  1    6   0   0   0   0   0   8   0   0  14  68   0   0   0   0   0   0   0   0   4  0.54 inf
  299 C    1  2  0 -1  1  1  1 -2 -1  0 -1  1 -1 -2 -2  0  0 -3 -2 -1   15  17   4   0   5   7  14   0   0  12   6   8   0   0   0   6   6   0   0   0  0.14 inf
  300 D   -2  1  0  6 -4  2  2 -2 -2 -3 -3 -1 -3 -4 -2 -1  0 -4 -3 -3    0   9   0  55   0  11  14   0   0   0   3   0   0   0   0   0   5   0   0   0  0.73 inf
  301 L    2 -2 -2 -1  2 -2 -2 -2 -3  0  2 -2  1  1 -2 -1  0 -2 -1  1   31   0   0   4   6   0   0   0   0   0  29   0   4   7   0   0   5   0   0  11  0.19 inf
  302 A    3 -3 -2 -3 -2 -2 -2 -2  2  1  0 -2 -1 -2 -2  1 -1 -4 -2  3   37   0   0   0   0   0   0   0   6   4   7   0   0   0   0   9   0   0   0  36  0.32 inf
  303 R   -1  3  1  0  2  1  1 -2 -1 -1  0  1  0 -2 -2 -1  0 -3 -2 -2    4  30   9   5   6   4  13   0   0   4  11   5   4   0   0   0   4   0   0   0  0.21 inf
  304 T    3  1 -1 -2 -2  2  1 -2 -2 -2 -2 -1  1 -3 -2  2  2 -3 -2 -1   32  10   0   0   0  11   7   0   0   0   0   0   6   0   0  13  21   0   0   0  0.31 inf
  305 F   -3 -4 -4 -5 -4 -4 -4 -5 -1 -2 -1 -4 -2  6 -5 -3 -3  0  7 -1    0   0   0   0   0   0   0   0   0   0   0   0   0  51   0   0   0   0  44   5  1.32 inf
  306 A    2 -2  5 -1  3 -1 -2 -1 -1  0 -2 -2  1 -3 -3  1  1 -4 -3 -1   28   0  41   0   7   0   0   0   0   8   0   0   5   0   0   5   6   0   0   0  0.43 inf
  307 R    1  4 -1 -2 -3  2  1 -2 -1 -2 -1  2 -1 -3 -2  0  0 -3 -2 -2   20  28   0   0   0   8   7   0   0   0   6  18   0   0   0   7   5   0   0   0  0.32 inf
  308 E   -2 -2 -1  4 -5  0  6 -1 -2 -4 -4 -1 -3 -4 -2 -1  0 -4 -3 -4    0   0   0  22   0   0  67   4   0   0   0   0   0   0   0   0   6   0   0   0  0.92 inf
  309 M   -2 -3 -3 -4 -3 -2  0 -4 -3  0  1 -3  9 -1 -4 -3 -2 -3 -2 -1    0   0   0   0   0   0   6   0   0   0   0   0  94   0   0   0   0   0   0   0  1.38 inf
  310 G    2 -3 -1 -2  3 -2 -2  5 -2 -3 -3 -2 -3 -3 -2  1 -1 -3 -3 -3   18   0   0   0   8   0   0  62   0   0   0   0   0   0   0  12   0   0   0   0  0.73 inf
  311 E   -1 -1  4  1 -3  1  3 -1  0 -3 -3  0 -2 -3 -2  2  0 -3 -2 -3    0   0  39   0   0   0  38   0   0   0   0   0   0   0   0  23   0   0   0   0  0.47 inf

                      K         Lambda
Standard Ungapped    0.1381     0.3227
Standard Gapped      0.0432     0.2670
PSI Ungapped         0.1403     0.3099
PSI Gapped           0.0432     0.2670
