
Last position-specific scoring matrix computed, weighted observed percentages rounded down, information per position, and relative weight of gapless real matches to pseudocounts
           A  R  N  D  C  Q  E  G  H  I  L  K  M  F  P  S  T  W  Y  V   A   R   N   D   C   Q   E   G   H   I   L   K   M   F   P   S   T   W   Y   V
    1 D   -3 -2  2  7 -4 -1  1 -2 -2 -4 -5 -1 -4 -4 -2 -1 -2 -5 -4 -4    0   0  10  90   0   0   0   0   0   0   0   0   0   0   0   0   0   0   0   0  1.29 inf
    2 P    2 -4 -4 -4 -5 -2 -3 -2 -4 -5 -5 -2 -5 -6  8 -2 -2 -6 -5 -3   18   0   0   0   0   2   0   3   0   0   0   2   0   0  71   2   1   0   0   1  1.89 inf
    3 V   -1 -2 -2 -2 -3 -2 -3  0 -3  1  1 -1  1 -2 -1 -2  2 -3  0  3    3   2   1   1   0   1   0   9   0   9  16   3   3   0   3   1  17   0   4  27  0.22 inf
    4 P   -1  4  2  3 -4  0  0 -1  4 -3 -4  1 -3 -4  0 -2 -1 -1 -3 -2    5  26  12  16   0   4   3   4  11   1   0   5   0   0   6   1   2   1   0   3  0.47 inf
    5 T   -5 -5 -6 -7 -5 -4 -6 -7 -2 -1  1 -5  2  1 -6 -5  0  3  8  0    0   0   0   0   0   0   0   0   0   2  12   0   5   5   0   0   7   3  58   7  1.65 inf
    6 V    1 -6 -6 -7 -5 -6 -6 -6 -7  2 -3 -6 -3 -5 -6 -5 -1 -6 -3  7   11   0   0   0   0   0   0   0   0   8   0   0   0   0   0   0   3   0   1  78  1.73 inf
    7 F    6 -5 -4 -5 -4 -3 -4 -3 -1 -3 -2 -4 -2 -3 -4  2 -1 -6 -5  0   66   0   0   0   0   1   0   1   1   1   3   0   1   1   0  14   4   0   0   6  1.17 inf
    8 F   -5 -6 -7 -7 -5 -6 -6 -7 -6  2  5 -6  4  3 -6 -6 -3  0 -4 -2    0   0   0   0   0   0   0   0   0  10  66   0   9  12   0   0   1   1   0   1  1.41 inf
    9 G   -4 -6 -5 -5 -6 -6 -4  7 -6 -8 -7 -6 -7 -7 -6 -4 -6 -6 -7 -7    0   0   0   0   0   0   1  97   0   0   0   0   0   0   0   0   0   0   0   0  2.67 inf
   10 D   -5 -6 -3  8 -7 -4 -3 -5 -5 -7 -7 -5 -7 -7 -6  0 -5 -8 -7 -7    0   0   0  90   0   0   0   0   0   0   0   0   0   0   0   8   0   0   0   0  2.63 inf
   11 S   -3 -5 -4 -5 -5 -4 -4 -5 -5 -7 -7 -5 -6 -7 -5  7 -3 -7 -6 -6    0   0   0   0   0   0   0   0   0   0   0   0   0   0   0  98   0   0   0   0  2.48 inf
   12 Y   -4 -1 -6 -6 -6 -4 -2 -4  0 -2 -3 -5  2  4 -6 -4 -2 -2  8 -4    1   4   0   0   0   1   3   2   2   2   1   0   5  18   0   1   2   0  57   1  1.75 inf
   13 T    4 -4 -4 -2 -4 -3 -4 -2 -4 -1 -2 -4 -1  0 -4  3  3 -5 -4 -1   42   0   0   2   0   1   0   2   0   4   2   0   1   4   0  22  16   0   0   4  0.73 inf
   14 A    5 -5 -4 -3 -5 -4 -4 -4 -5 -6 -6 -4 -5 -6 -5  5 -1 -7 -6 -5   53   0   0   1   0   0   0   0   0   0   0   0   0   0   0  43   3   0   0   0  1.55 inf
   15 N   -1 -5  3 -3 -6 -5 -5  7 -5 -7 -6 -4 -4 -6 -6 -2 -3 -6 -2 -6    5   0  12   1   0   0   0  75   0   0   1   1   0   0   0   2   1   0   2   0  1.77 inf
   16 F   -1 -4  0 -2 -4 -2  2 -1 -4 -1 -3 -3  0 -2  5  0  1 -5 -2  2    3   0   4   2   0   1  17   4   0   4   1   0   3   2  28   7   9   0   1  14  0.53 inf
   17 G   -1 -3 -1 -2 -5 -4 -3  6 -4 -3  0 -3 -4 -2 -3  0  0 -5 -3 -5    3   1   3   2   0   0   1  63   0   1   9   1   0   2   1   5   6   0   1   0  1.09 inf
   18 I    2 -2 -1 -2 -3  0 -3 -2 -2  2 -1 -2  0 -1 -3  0  1 -4  0  2   24   2   3   2   0   5   0   3   1  16   4   1   1   2   0   4  10   0   3  17  0.25 inf
   19 A    0 -1 -1  0 -3 -2 -1  4 -3 -3 -1 -2 -2 -3  3  0 -1 -1 -3 -2    9   4   2   5   0   1   4  35   0   1   6   2   1   1  15   5   4   1   1   3  0.44 inf
   20 P    0 -1  0  2 -3  1  0 -1 -2 -3 -3  0 -3 -2  5  0  0 -3 -3 -3    6   3   5  11   0   7   5   5   1   1   3   4   1   1  34   5   4   0   1   1  0.59 inf
   21 V    0  0 -1 -2 -2  1 -1 -1 -1  0  1 -1  0  1  0 -1 -1 -1  3  1    8   6   2   2   0   8   4   5   1   5  12   1   1   7   5   4   3   0  13  11  0.08 inf
   22 T    0  0  0  1 -2  0  0  0 -1  0  0 -1 -1 -1  0  0  1  0  0  0    8   5   2  12   0   5   4   9   1   8   9   3   1   1   5   4   9   1   5   8  0.04 inf
   23 N    0 -1  0  3 -3  0  0  1  0 -2 -1 -1 -1 -2  2  1  0 -3 -1 -1    9   4   3  19   0   3   5   9   2   1   7   2   2   1  12   9   4   0   2   5  0.18 inf
   24 Q    0  0 -1  0 -2  0 -1  2 -1 -1 -1  0 -1  0  1  0  0  1  2 -1    9   5   1   6   0   5   3  17   1   3   5   5   2   3   7   6   6   2  10   3  0.10 inf
   25 D    0  1  1  4 -3 -1  1  0 -1 -2 -2 -1 -3 -3  1  1  1 -4 -3 -2    6   8   6  27   0   2   6   7   1   3   3   2   0   1   6   8  10   0   0   3  0.30 inf
   26 S    1 -1  0  0 -2 -1 -1  1 -1 -2 -1 -1 -1 -2  2  1  1 -3  1 -1   12   2   4   6   0   3   2  13   1   2   6   2   1   1  11  14  11   0   6   3  0.17 inf
   27 E    0  0  0  2 -2  0  0  1 -1 -2 -2  0 -2 -1  2  1  1  0 -2 -2    9   4   2  11   0   2   7  14   1   2   5   4   0   2  11  13   8   1   1   2  0.17 inf
   28 R    0  2  1  0 -2  0  0  0  0 -2 -2  0 -1 -2  2  1  1  1 -2 -2    7  12   7   5   0   4   5   6   2   1   4   5   2   1  13  14   8   2   1   2  0.18 inf
   29 G    0  0  2  2 -3 -1 -1  2 -2 -2 -1 -1 -2 -2  1  1 -2 -2 -3 -1    8   7  12  15   0   2   2  16   0   2   7   2   0   2   8  10   1   1   1   3  0.21 inf
   30 W    0 -1 -1  0 -3 -1 -2  4  0 -2  0 -1 -2 -1 -1  0 -1  4 -2 -1    9   3   3   5   0   2   1  32   2   2  11   3   0   3   2   8   3   7   0   4  0.31 inf
   31 C   -2 -6 -6 -6 11 -6 -6 -6 -6 -5 -5 -6 -5 -6 -6 -2 -5 -6 -3 -5    3   0   0   0  87   0   0   0   0   0   1   0   0   0   0   4   0   0   1   0  3.62 inf
   32 F    0  2 -2 -1 -3  0 -1 -1  4 -1  0  0 -1  0 -1 -1 -2  5  1 -1    9  14   1   4   0   3   2   5  13   3  12   4   1   4   3   4   1   8   5   3  0.21 inf
   33 Q   -4  8 -4 -5 -7  2 -4 -6  1 -4 -5  0 -5 -6 -6 -5 -3 -1 -5 -2    1  75   0   0   0   9   0   0   3   1   1   4   0   0   0   0   1   1   0   3  1.94 inf
   34 A   -1 -5 -2 -1 -1 -4 -4  1 -4 -6 -6 -4 -5  0 -5  6  1 -5  1 -5    3   0   1   3   1   0   0   9   0   0   0   0   0   4   0  66   7   0   5   0  1.24 inf
   35 K    1 -1  0  1 -3  0  0 -1 -3 -2 -1  1  0 -3  2  1  2 -4 -2 -1   14   2   3   8   0   4   3   5   0   2   4   8   2   1  12  10  17   0   1   4  0.20 inf
   36 E   -1  2  3  3 -4  1  0  0  2 -4 -3  1 -3 -2 -2  0 -1 -4 -2 -2    4  10  17  19   0   6   5   8   6   0   2   9   0   2   1   6   2   0   1   3  0.35 inf
   37 N    3 -3  6 -2 -1 -3 -3  0 -3 -5 -5 -3 -4 -5 -4  3 -1 -5 -4 -4   24   0  38   2   1   0   1   7   0   0   1   0   0   0   0  21   2   0   0   1  0.97 inf
   38 Y   -3 -5 -5 -5 -5 -4 -5 -5  0 -2 -3 -3 -4  1 -3 -4 -3  7  8 -3    2   0   0   0   0   0   1   1   2   2   2   2   0   3   1   1   2  14  63   2  2.07 inf
   39 P    1 -4 -4 -4 -5 -4 -4  1 -4 -3 -5 -4 -4 -3  7  0 -4 -5 -3 -1   12   0   0   0   0   0   1  10   0   2   1   0   0   1  57   7   0   0   1   5  1.46 inf
   40 A    0  2  0  0 -3  0  0  0  5 -3 -3  0 -1 -3 -2  1  0 -3  1 -1    9  11   4   5   0   4   6   8  18   1   1   5   2   0   1  11   5   0   4   5  0.28 inf
   41 V   -2 -1 -3 -3 -3  3 -1 -4 -1  1  3 -1  0 -2 -4 -3 -1 -1  0  2    3   3   0   1   0  16   4   1   1   6  36   4   1   0   0   1   3   1   3  16  0.42 inf
   42 A    1 -4 -4 -4 -2 -4 -4 -4 -4  2  3 -3  1 -1 -4 -3 -2  5  0  3   11   0   0   1   1   0   1   1   0  12  29   1   2   1   0   1   1   8   3  27  0.61 inf
   43 T    5 -1  0 -2 -3 -1 -1 -1  0 -2 -3 -2 -3 -3 -3  0  0 -4 -2 -1   54   3   4   2   0   3   3   4   3   2   2   2   0   1   0   5   6   0   1   4  0.61 inf
   44 R    2  3  1  1 -4  2  1 -1 -1 -4 -3  1 -1 -4 -1  0 -1 -4 -2 -3   21  18   6   9   0   8  11   3   1   0   2   7   1   0   2   6   3   0   1   0  0.32 inf
   45 S    2  2  0  0 -3  1  1 -1  0 -2 -1  0  0 -3 -1  1  0 -1 -3 -2   21  14   3   5   0   6  10   3   2   1   5   5   3   1   2  10   4   1   0   2  0.19 inf
   46 L   -2  0  0 -4 -2  0 -3 -2  0  1  4 -3  0  1 -2 -2 -1  0  0  0    2   5   5   0   1   4   1   3   3   7  43   1   2   6   2   2   4   1   3   6  0.32 inf
   47 A    0  1  1  1 -3  0 -1  3  1 -3 -2  0 -3 -2  0  0 -1 -3 -2 -2    7   7   8  10   0   5   2  26   5   1   4   5   0   2   5   6   2   0   1   3  0.24 inf
   48 D    1  1  0  1 -2 -1  0  0 -1 -1  1 -1  0 -1  1  0 -1  0 -1  0   12   8   3   8   0   2   5   6   2   1  17   3   1   3   8   6   3   1   1  10  0.05 inf
   49 K    1 -1 -1 -1 -2  0  1  0 -1 -1 -1  0  0 -1  1  1  2  0 -1 -1   13   3   2   3   0   4  10   6   1   2   4   6   2   2   6  11  17   1   2   2  0.12 inf
   50 G    0  0  0  0 -2  0  0  3 -1 -2 -2 -1 -2 -2  0  2  1 -3 -2 -1    5   5   5   5   0   3   6  26   1   2   3   2   1   2   5  15   8   0   1   4  0.23 inf
   51 I    0 -2 -1  0 -1 -1 -1  0  1  1  0 -1 -1  2  0  0  0  0  1  0    9   1   3   5   1   2   2   6   4  10  10   3   1  14   6   6   4   1   5   7  0.05 inf
   52 T    1  1  0  0 -2  0 -1  0  3 -1 -1 -1 -1 -2  1  0  2 -2 -1 -1   11   8   5   6   0   4   2   6   9   3   5   2   1   2   6   6  18   0   1   4  0.13 inf
   53 L    0 -1  0  0 -1  0 -1  1 -1  0  0  0  0  1 -1  0  0 -1  0  0   11   3   5   4   1   3   3  10   1   4  12   5   3   9   3   6   6   0   3  10  0.01 inf
   54 D    0  0  0  2 -2  0  0  0  0 -1  0  0  0  1 -1  0  0 -1  0 -1    5   5   4  15   1   4   6   7   2   2   9   5   2   8   3   8   7   0   4   3  0.06 inf
   55 V    0  1  0  1 -2  1  1 -1  0 -1 -1  0 -1  1 -1  0  0 -1  0  0    9   8   3  11   1   9   9   4   3   2   6   2   1   6   2   5   7   1   4   9  0.06 inf
   56 Q    0 -1 -2 -2 -1  1 -2 -2  0 -1  3 -1 -1  3 -2 -1  0  1  1  0    6   4   1   1   1   7   2   3   2   1  30   2   1  13   1   4   7   2   4   5  0.19 inf
   57 A    1  0  0  0 -2  0 -1 -1  0  0 -1  0 -1  0 -1  0  2 -2  0  1   12   4   5   5   1   3   2   4   3   5   5   4   1   6   2   4  14   0   3  16  0.06 inf
   58 D   -3 -2  4  6 -3 -2 -1 -2 -2 -3 -3 -2 -3  0 -2 -2 -2 -3 -3 -3    2   1  20  49   1   1   3   2   1   1   3   2   1   4   1   2   2   0   1   2  0.99 inf
   59 V    2 -2 -3 -3 -2 -3 -2 -3 -3  0  2 -3  0 -1 -1 -2 -2  0  2  4   16   3   1   1   0   1   2   2   0   2  18   1   2   2   2   1   2   2   8  35  0.40 inf
   60 S    4 -1 -2 -3 -3 -3 -3 -3 -3 -3 -3 -3 -3 -4 -3  4  3 -4 -3 -2   33   3   1   1   0   1   1   1   0   1   1   1   0   1   1  34  19   0   0   2  0.81 inf
   61 C   -2 -8 -7 -8 11 -7 -8 -7 -7 -6 -4 -8 -6 -2 -7 -4 -6 -7 -1 -2    3   0   0   0  88   0   0   0   0   0   1   0   0   2   0   1   0   0   2   2  3.71 inf
   62 G    1 -3  1 -3 -4 -1 -4  1 -1 -6 -5 -3 -5 -6 -3  6  0 -6 -5 -4   12   1   5   1   0   3   0  10   1   0   1   0   0   0   1  60   4   0   0   1  1.08 inf
   63 G    0 -6 -2 -5 -6 -6 -6  7 -6 -7 -7 -5 -6 -7 -6 -1 -5  1 -7 -7    6   0   2   0   0   0   0  85   0   0   0   0   0   0   0   4   0   2   0   0  2.15 inf
   64 A    6 -5 -5 -2 -4 -3 -4 -1 -3 -5 -5 -3 -4 -5 -4  0 -1 -6 -2 -2   80   0   0   3   0   1   0   3   1   0   0   1   0   0   0   4   3   0   1   2  1.55 inf
   65 L   -2  2 -1 -1 -4  1 -2 -4 -3 -3 -2  1 -2 -2 -2  1  4 -5 -2  1    2  12   2   3   0   7   2   0   0   0   4  10   1   2   1   8  33   0   1  13  0.46 inf
   66 I    0 -4 -2 -4 -3 -3 -4 -2 -4  3 -1 -3  2 -4 -2  1  5 -4 -4  0    8   0   1   0   0   1   0   3   0  16   4   0   4   0   2   8  47   0   0   4  0.77 inf
   67 H    1  0  1  1 -3  0  1  1  1 -3 -2  0 -2  0 -1  0  1 -1  1 -2   18   5   7   7   0   3  10   9   4   0   3   5   0   4   2   6   8   1   5   2  0.11 inf
   68 H   -1 -2  4  4 -4 -1  0  0  5 -3 -4 -1 -2 -4 -3 -1 -1 -4 -3 -3    4   2  20  27   0   3   6   8  15   2   1   3   1   0   1   2   3   0   0   2  0.66 inf
   69 F   -2 -4 -3 -3 -3 -4 -3 -5 -4  3  2 -4  3  2 -3 -4 -2 -4 -1  4    3   0   1   2   0   0   2   0   0  17  21   0   7   8   1   0   1   0   2  32  0.61 inf
   70 W    0 -1 -1 -1 -2 -2 -2  0 -1  1  1 -1 -1  0 -3  0  2  3  2  0    9   3   2   3   0   1   2   7   1   8  17   2   1   3   0   8  17   4   7   4  0.13 inf
   71 E    0  0  2  2 -3  1  2  1 -1 -1 -2  0 -2 -2 -2  1  1 -3 -2 -3    8   6  10  12   0   5  12  11   1   3   3   3   1   1   0  14   8   0   1   1  0.20 inf
   72 K    0  0  1  0 -2  0  0  1 -2 -3 -3  1 -1 -2  4  1  1 -4 -3 -2    8   5   6   5   1   3   6  10   1   1   2   7   1   2  19  12  10   0   0   2  0.29 inf
   73 Q   -1  1  0  0 -3  5  0  0 -1 -1 -2  0 -2 -2  2 -1 -2 -3 -2 -1    4   6   4   4   0  31   4   9   1   5   4   5   0   2  10   4   1   0   1   4  0.38 inf
   74 E   -1  1  0  1 -2  3  1 -1  0 -1 -1  0 -1 -1  0  0  0 -1  1 -2    5   8   5   7   0  17   8   5   2   3   7   6   1   2   4   8   4   1   6   3  0.13 inf
   75 L    0  0  0  0 -2  0  0  1  2 -1  0  0  0 -1  0  1  1 -2 -1 -1    8   4   3   4   1   4   4  12   7   4  10   4   2   3   5  10  11   0   2   4  0.06 inf
   76 P    0  0  0  0 -2  0  0  0 -1 -1 -1 -1 -1  0  3  0  0  2  0 -1   10   5   3   6   1   5   6   8   1   5   7   2   1   3  14   8   7   3   3   4  0.11 inf
   77 F   -1  0  0  0 -2  1  1 -1 -1  0  1  0  0  0 -1  0  0 -2  0  0    3   5   4   6   1   7   9   6   1   6  16   3   3   4   2   6   5   0   4  10  0.02 inf
   78 G    1 -1  0  0 -2 -1 -1  3  0 -2 -1  0 -2 -2  2  1  0 -1 -1 -2   10   3   3   4   1   2   2  25   2   2   9   8   1   1   9  10   4   1   2   2  0.18 inf
   79 A    0  1  0  0 -2  1  0  0  0 -1 -1  0 -1  0  0  0  1  0  0  0    7   8   4   6   0  10   7   7   2   5   5   4   1   4   3   4  10   1   5   6  0.05 inf
   80 G    0  0  1  0 -2  0 -1  2  1 -2 -1  0 -1 -2  1  0  0  1 -1 -1    8   5   8   6   0   5   3  20   4   2   6   5   1   1   7   6   4   2   2   5  0.12 inf
   81 E    0  0  0  1 -2  0  0  2  0 -2 -2 -1 -2 -1  0  1  1 -2 -1 -1    8   6   4   8   0   5   7  16   3   2   2   2   0   3   5  15   8   0   2   3  0.14 inf
   82 L    0 -1  0  0 -2  1  0 -1  0  1  0 -1  0  1 -1  0  0  1 -1  1    9   3   5   4   0   7   7   3   2  10   9   2   1   6   3   4   8   2   1  14  0.03 inf
   83 P    1 -1 -2 -2 -2 -2 -1 -1 -1 -1 -1 -2 -1 -2  5  1  0  1 -1  0   15   3   2   2   1   1   4   5   1   4   6   1   1   1  28   9   5   2   2   6  0.39 inf
   84 P    2  0 -2  0 -3 -1  0 -1 -3 -1 -1 -2 -2 -3  5  0 -2 -3 -3 -2   18   5   1   5   0   3   5   3   1   4   5   2   1   1  36   6   2   0   1   2  0.63 inf
   85 Q   -1  0 -3 -2 -5  8 -1 -4 -3 -3 -4 -2 -2 -5 -4 -3 -4 -4 -2 -4    6   5   1   2   0  73   3   1   0   2   1   1   1   0   1   1   1   0   1   1  1.86 inf
   86 Q    0 -1 -2 -3 -3 -1 -3 -4 -3  4  3 -2  0  1 -2 -2 -2 -3  0  1    8   4   2   1   0   3   1   1   0  25  29   2   2   5   2   2   2   0   3   8  0.33 inf
   87 D   -1 -1  1  5 -3  0  0  1 -2 -2 -4  1 -3 -4 -2  0 -1 -4 -2 -3    5   3   6  37   0   3   6  10   1   3   1   8   0   0   1   8   4   0   2   1  0.52 inf
   88 A    5  0 -3 -1 -3 -1 -1  0  0 -3 -3  1 -3 -4 -3  1 -2  0 -4 -1   49   5   0   3   0   2   3   8   2   0   2   8   0   0   0   9   1   1   0   4  0.57 inf
   89 L   -3 -1 -4 -5 -4 -4 -5 -4 -5  1  5 -3  1 -1 -5 -4 -3 -4 -4  2    2   4   1   0   0   0   0   2   0   6  59   1   3   2   0   1   0   0   0  17  0.94 inf
   90 K   -1  1  3  2 -4 -2 -1  2 -2 -4 -3  0 -3 -4  0  1  2 -4 -4 -2    5   7  16  11   0   1   2  16   1   0   2   4   0   0   5  11  17   0   0   3  0.35 inf
   91 Q    2  0 -2  1 -4 -1  1  0 -2 -4 -4 -2 -4 -5  5  1  0 -5 -4 -4   16   6   1   7   0   3   8   6   1   0   0   2   0   0  31  10   7   0   0   0  0.65 inf
   92 D    0  0  2  4 -4 -1  0  1  2 -4 -4 -1 -4 -4 -2  1  1 -5 -2 -4    7   6  12  30   0   2   4  10   5   0   1   3   0   0   2  10   8   0   1   0  0.50 inf
   93 T    1 -5 -4 -5 -4 -4 -2 -5 -2 -1 -4 -4  0 -5 -1 -1  7 -6 -3 -1   11   0   0   0   0   0   3   0   1   4   1   0   2   0   3   2  68   0   1   4  1.41 inf
   94 Q   -2  2  1  5 -5  0  1  0 -1 -5 -5  1 -4 -5 -4  0  2 -5 -5 -4    3  13   4  32   0   4   6   6   1   0   0  10   0   0   0   6  13   0   0   0  0.64 inf
   95 L   -2 -3 -1 -4 -4 -4 -3 -5 -1  1  4 -3  2  0 -5 -4 -3 -4  0  2    3   1   4   1   0   0   1   0   1   6  52   1   5   4   0   0   0   0   4  16  0.73 inf
   96 T   -1 -6 -6 -7 -5 -6 -6 -5 -7  3 -2 -6 -3 -5 -6 -5 -2 -6 -5  7    5   0   0   0   0   0   0   1   0  13   2   0   0   0   0   0   1   0   0  77  1.75 inf
   97 V   -1 -5 -4 -5 -5 -5 -5 -5 -5 -1 -1 -5 -1  0 -2  0  7  0 -5  0    4   0   0   0   0   0   0   0   0   3   7   0   2   4   2   7  63   2   0   7  1.25 inf
   98 G   -4 -6 -6 -6 -4 -5 -6 -4 -6  5  3 -6  2 -2 -6 -5 -3 -5 -4  4    0   0   0   0   0   0   0   1   0  35  32   0   5   1   0   0   0   0   0  25  1.17 inf
   99 S   -1 -3 -3 -4 -4  2 -4  1 -1 -4 -4 -4  1 -3 -4  4  5 -6 -2 -2    3   1   0   0   0   8   0  10   1   0   1   0   3   1   0  28  39   0   1   3  0.87 inf
  100 L    2 -5 -6 -6 -4 -3 -5 -4 -5  6  0 -5  1  0 -5 -3 -3 -5 -2  3   21   0   0   0   0   1   0   1   0  43   6   0   3   3   0   1   1   0   1  19  0.95 inf
  101 G   -4 -7 -5 -6 -7 -6 -7  7 -7 -8 -6 -6 -7 -8 -7 -3 -6 -7 -8 -8    1   0   0   0   0   0   0  98   0   0   1   0   0   0   0   1   0   0   0   0  2.72 inf
  102 G    2 -6 -4 -5 -6 -5 -6  7 -6 -7 -4 -2 -6 -2 -6 -3 -5 -6 -3 -6   19   0   0   0   0   0   0  74   0   0   2   2   0   2   0   0   0   0   1   0  1.78 inf
  103 N   -4 -5  9 -2 -7 -5 -5 -3 -4 -8 -8 -5 -2 -8 -7 -3 -5 -8 -7 -8    2   0  93   2   0   0   0   1   0   0   0   0   1   0   0   1   0   0   0   0  2.91 inf
  104 T   -6 -6  0  8 -8 -5 -2 -4 -6 -8 -8 -5 -7 -8 -6 -2 -3 -9 -8 -8    0   0   3  91   0   0   1   1   0   0   0   0   0   0   0   2   2   0   0   0  2.66 inf
  105 L    2 -3 -2  0 -2 -2 -2 -2 -1  2  2 -3  1 -1 -3 -1 -1 -3 -2  2   20   1   2   5   0   1   2   3   2  15  23   1   4   2   1   5   1   0   1  15  0.26 inf
  106 G   -1  0 -1  1 -1  0 -2  5 -2 -4 -3 -2 -1 -2 -1 -1 -2  0 -3 -4    3   5   3   9   1   4   1  53   1   1   2   2   2   2   4   3   2   1   1   1  0.78 inf
  107 F   -4 -4 -3 -5 -4 -3 -5 -3 -1 -3  0 -5 -2  8 -5 -4 -3  3  3 -3    1   1   1   1   0   2   1   2   1   1   9   1   1  63   1   1   2   3   8   2  1.61 inf
  108 N    1 -3 -1 -1 -2 -2 -1  2 -3  0 -1 -2  0  1  0  2  1 -3 -2  0   14   1   2   3   0   1   4  17   0   5   4   1   2   7   5  16   8   0   1   8  0.16 inf
  109 R    0  0  1  4 -4  0  0  1 -2 -4 -4 -1 -2 -2  3  1 -1 -4 -1 -3    6   5   8  23   0   4   4  13   0   1   1   3   1   1  13  11   3   0   2   1  0.38 inf
  110 I    0 -3 -3 -3 -3 -3 -3 -4 -4  4  2 -2  0 -2 -2 -1  0 -3 -2  4    8   1   1   1   0   1   1   1   0  23  17   2   2   1   1   4   5   0   1  30  0.47 inf
  111 L    0 -4 -4 -4 -3 -3 -4 -4 -4  3  3 -3  4 -1 -4 -2 -2 -1 -2  3    7   1   1   1   0   1   1   1   0  16  30   1  12   2   1   3   1   1   1  22  0.59 inf
  112 K    0 -1  2 -1 -2  0  0 -1 -1 -1  0  0  1  0 -1  0  2  1 -1  0    7   3  10   2   0   4   5   4   1   1   9   8   4   5   2   6  19   2   1   6  0.10 inf
  113 Q    2  1  1  2 -3  1  0 -1 -1 -3 -2  0 -1 -3 -1  0  2 -3  0 -1   20   8   6  11   0   7   4   4   1   1   3   4   2   1   2   7  13   0   4   3  0.18 inf
  114 C   -1 -3 -3 -5 11 -4 -4 -4 -4 -3 -3 -4 -2 -4 -4 -4 -3 -4 -1 -4    4   2   1   1  74   1   1   1   0   2   2   1   1   1   1   1   2   0   3   1  2.80 inf
  115 S    1 -2 -1 -2 -2  0 -2  0 -2  2  1 -2  0  1 -1 -1 -1 -2 -1  2   16   1   3   2   0   4   2   7   1  13  10   1   2   6   2   4   3   0   2  19  0.13 inf
  116 D    0  0  0 -1  0 -1  0 -1 -1  0  0  0  0  1 -1  0  1  2  1  0    7   5   5   3   2   2   6   5   1   5  12   4   3   6   2   3  13   3   6   7  0.03 inf
  117 E    1  1  0  0 -2  1  0  0 -1 -1  0 -1 -1 -1  0  0  0  1 -1 -1   16  10   3   6   1   7   5   8   1   3  12   2   1   2   5   4   6   2   1   4  0.05 inf
  118 L    0  0  0 -1 -2 -1 -1  1 -1 -1  0  0  0  1  0  1  0  2  0  0    8   6   5   4   1   2   2  12   1   3  10   4   3   6   5  11   4   4   4   6  0.04 inf
  119 R    0  0  0  0  0 -1  0  0  0  0  0 -1  0  1  1  0  0  2  1  0    6   5   6   4   2   2   6   6   3   4   9   2   1   6   8   7   5   3   8   7  0.04 inf
  120 K    0 -1  0  0  0  0  0  0 -1  0  0 -1  0 -1  1  0  0  2 -1 -1    8   2   5   7   3   4   8   8   1   4  14   3   2   3   6   8   6   4   1   4  0.04 inf
  121 P    0  0  0  0  0 -1  0  0 -1 -1 -1 -1  0 -1  3  1  0  1  0  0    6   6   5   4   2   2   5   7   1   4   6   3   2   2  14  11   7   2   4   6  0.10 inf
  122 S    0  1  0  0  1  0  0  0  0 -1 -1  0 -1 -1  1  1  1 -1 -1  0    9   9   6   3   4   2   3   8   2   2   5   6   1   2   8   9   9   1   2   6  0.06 inf
  123 L    0 -1 -1  0 -1 -1  0  0 -1  1  1 -1  0  0  0  0  0  1  0  0    8   3   3   5   2   3   4   6   2   8  21   4   1   5   4   5   4   2   2   8  0.02 inf
  124 L    0  0  0  0  1  0  0  0 -1  0  0  0  0  0  0  0  0  0 -1  0    6   7   4   6   4   3   5   8   1   5  13   7   3   4   4   6   4   2   2   7  0.00 inf
  125 P    0  0  0  0  0  0  0 -1  0 -1 -1  0  0 -1  1  1  0  1  0 -1   11   6   4   5   3   5   5   4   2   3   7   4   3   3   8  11   5   2   4   5  0.05 inf
  126 G    0  0  0  0  0  0 -1  2 -1 -1  0 -1  0 -1  0  1  0  0 -1 -1   10   5   3   4   2   3   3  19   1   4   9   3   2   3   5  11   4   2   2   5  0.07 inf
  127 D    0  0  2  1 -1  0  0  0  0 -1 -1  0  0 -1  0  0  0  0 -1  0    7   4  11  10   2   3   5   7   3   3   7   6   3   3   5   8   4   1   2   7  0.04 inf
  128 P    0  0  0  0  2  0  0 -1 -1  0  0  0  0 -1  3  0  0  0 -1  0    8   5   4   5   5   4   6   5   1   4  11   4   2   2  14   6   5   2   2   6  0.09 inf
  129 V    1  0  0 -1  0  0  0  0 -1  0  0  0  0 -1  0  0  0  1 -1  1   14   6   5   3   2   4   5   6   1   4   9   6   2   3   4   5   5   3   2  13  0.02 inf
  130 D    0  1  0  1  1  0  0  0  0 -1 -1  0  0 -1  1  0  0 -1 -1 -1    8  10   3  11   4   3   6   7   2   4   7   5   2   3   7   5   5   1   2   5  0.05 inf
  131 G    0  0 -1  0  2  0  0  1 -1 -1  0  0  0  0  0  0  0  1  0 -1    8   5   2   6   6   4   6  12   1   3  10   5   2   4   4   4   8   2   3   5  0.03 inf
  132 D    0  0  0  1  0  0  0  0  0  0  0  0  0  0  0  0  0 -1 -1  0   12   3   5  11   2   3   5   8   2   5   9   7   2   5   5   6   5   1   2   5  0.03 inf
  133 E    0  0  0  1  0  0  0  0  0 -1  0  0 -1 -1  1  0  1  1 -1 -1    6   5   2  11   2   3   7   6   2   2  14   3   1   2   7   9   9   3   2   3  0.05 inf
  134 P    0  0  0 -1 -2  0  0 -1 -1 -1  0  0  0  0  3  0  0  2 -1 -1    9   5   4   3   1   4   6   5   1   3   8   4   2   4  18   8   7   3   2   4  0.16 inf
  135 A    1 -1 -1  2 -2  0  0  2 -1 -2 -1 -1 -1 -1  0  1 -1 -2 -2 -1   13   3   2  12   1   5   7  18   1   2   5   3   1   3   4  11   3   0   1   3  0.15 inf
  136 A    1  0  0  0  0  0 -1  1 -2 -1 -1  1 -1 -1 -1  1  0  1 -2 -1   15   4   3   6   2   3   3  11   1   3   7   8   1   2   2  16   6   2   1   5  0.09 inf
  137 K    0  0  0  0 -2  0  0  0 -1 -1 -2  1 -1 -3  4  0  0  0 -1 -2    9   5   3   6   1   4   5   7   2   3   4   8   1   1  21   8   7   1   2   2  0.25 inf
  138 C    0 -3 -2 -2  9 -2 -2 -2 -3 -1 -2 -2 -3 -2 -3 -1 -2  1 -1 -2    7   1   2   3  51   2   3   3   1   4   4   2   1   2   2   5   2   2   2   3  1.44 inf
  139 G    1  3 -1 -1 -1  2  1  0 -1 -1 -2  1 -2 -2 -2 -1 -1 -2  0  0   12  19   2   4   2  11   8   8   1   3   4   7   1   2   1   3   4   0   3   6  0.16 inf
  140 E    1  0  0  4 -3  0  2 -1 -1 -2 -2 -1 -2 -3  0  0  0 -1 -2 -2   11   6   3  26   1   4  14   4   1   2   3   3   1   1   4   7   5   1   1   3  0.30 inf
  141 F    0  2  0  1 -2  1  0 -1  1 -1  0  2  0  1 -1 -1 -1  0  1 -1    9  13   4   7   1   6   4   3   4   2   8  13   2   6   2   2   4   1   6   3  0.10 inf
  142 F   -1 -1 -1 -2 -2 -1 -2 -1  0  1  1 -1  1  3 -1 -1 -1 -1  2  1    5   3   3   3   1   3   2   4   2   8  16   5   3  13   3   4   3   0  10  11  0.11 inf
  143 G    1  0  1  1 -1  0  0  2 -1 -2 -1  0  0 -1 -1  0  0  1  0 -1   14   4   8   9   2   3   5  18   1   2   7   4   3   2   3   3   6   2   3   3  0.10 inf
  144 T    1 -1  0  0  1  0  0  0 -1 -1 -1 -1 -1 -1  0  0  2  0 -1  0   15   2   6   6   3   3   4   6   1   3   4   4   1   3   4   6  18   2   1   8  0.09 inf
  145 G    1 -1  0  1 -1 -1  0  1 -2 -1 -1 -1 -2 -2  2  1  0 -2 -1  0   14   2   4   7   1   2   6  14   1   2   4   3   1   2  10   9   7   0   2   8  0.13 inf
  146 D    0  1  0  1 -2  0  1  0  0 -1 -1  0 -1 -1  1  0  0  0 -1 -1   10   7   5   8   1   4  10   8   3   2   6   4   1   4   7   7   7   2   1   3  0.07 inf
  147 G    1  1  0  0 -2  1 -1  3  0  0 -1 -1  0 -1 -1  0  0 -2 -2 -1   12   7   3   5   1   6   2  22   2   6   7   3   3   3   2   7   5   0   1   2  0.12 inf
  148 K    0  1  0 -1 -1  1  1 -1 -1  0  0  1  0 -1  1  0  0 -2 -1  1    5   8   3   2   1   6  10   5   1   5   7   9   2   2   6   4   7   0   2  14  0.05 inf
  149 Q    0  0  1  4 -3  1  2 -2  0 -1 -2 -1 -1 -2 -2  0 -1 -1 -3 -2    8   5   5  30   0   7  11   2   2   4   4   3   1   1   2   7   4   1   1   2  0.35 inf
  150 W    0  0  0  0 -2  1  1  1 -1  0 -1  0 -1 -1  1  0  0  0  0 -1   10   7   4   6   0   7  11  10   1   7   5   4   0   3   7   7   5   2   4   2  0.07 inf
  151 L    1 -1 -2 -2  0 -1 -2 -2 -3  2  2 -2  2  0 -2 -1 -1  2 -2  2   13   4   2   2   2   2   2   3   0  13  20   2   7   3   1   4   3   3   1  14  0.19 inf
  152 D    1  2  0  3 -3  2  1 -1 -1 -2 -3  1 -2 -3 -1  0  0 -3 -3 -1   10  14   5  18   0   8   8   4   1   1   1   7   0   1   3   5   6   0   0   6  0.25 inf
  153 D    2  1  0  2 -3  2  1 -1 -2 -3 -2  0 -2 -3  0  0 -1 -3 -2 -1   23   9   5  12   0  10  11   3   0   1   4   4   0   1   5   4   3   0   1   4  0.23 inf
  154 Q    0  3  0 -1 -1  1  0 -1 -2 -1 -1  2 -1  0 -2  0  1 -3  0 -1   10  18   4   3   1   6   6   3   0   3   6  14   1   4   1   4   9   0   3   3  0.15 inf
  155 F   -1 -2 -3 -3 -2 -2 -1 -3 -3  3  3 -2  2  0 -1 -2  0 -1  0  2    5   2   1   1   1   1   4   2   0  18  29   2   5   4   3   3   4   1   3  12  0.27 inf
  156 E    2  0  0  3 -3  0  2 -1 -1 -3 -3  0 -3 -4  1 -1  1 -1 -2 -2   19   4   5  17   0   3  15   3   2   1   3   5   0   0   7   2   8   1   1   2  0.29 inf
  157 R    2  2  1  0 -3  1  1  1  0 -3 -3  1 -2 -2 -2  0  2 -3 -2 -1   19  11   6   4   0   6   7   9   3   1   2   7   0   2   1   6  13   0   1   3  0.20 inf
  158 V   -1 -2 -3 -3 -3 -3 -2 -4 -3  1  2 -3  3  1 -3 -1  3 -1  1  3    5   1   1   1   0   1   2   1   0   6  21   1   7   5   1   2  19   1   4  21  0.38 inf
  159 G    1  2 -1 -2 -2  0  0  0  0 -1 -1  1  0 -1  2  0  0 -2  1  0   14  13   3   1   0   4   6   6   1   2   7   7   2   2   9   4   5   0   6   8  0.10 inf
  160 A    2 -1 -1  2 -3  1  1  0 -2 -3 -3  0 -3 -4  4 -1  1 -4 -3 -3   16   4   2  11   0   5   9   8   1   2   3   4   0   0  22   3   8   0   0   1  0.40 inf
  161 E    1  3  1  1 -3  0  1  0 -2 -3 -2  2 -2 -4 -3  1  0 -4 -2 -2   11  17   6   7   0   4   7   6   0   0   4  15   1   0   0  10   6   0   1   1  0.26 inf
  162 L   -2 -4 -4 -5 -4 -4 -5 -5 -4  2  4 -5  2  0 -5 -4 -1 -1  3  2    2   0   1   0   0   0   0   0   0   9  47   0   5   3   0   0   3   1  12  14  0.83 inf
  163 E    0  1 -1  3 -1  0  0  0 -1 -1 -2  0 -2 -4 -3  1  1 -4 -3  0    9   9   2  22   2   3   5   6   1   3   4   6   0   0   0  11   8   0   0   8  0.21 inf
  164 E    2  1  0  0 -3  0  2  0  0 -2 -3  1 -1 -4  0  1  1 -2 -3 -2   18  10   4   3   0   4  13   6   3   2   2   9   1   0   5   9   9   1   1   1  0.20 inf
  165 L    1 -3 -2 -4 -3 -3 -4 -3 -4  3  1 -4  2 -2 -4 -1  1 -4 -3  4   14   1   1   0   0   1   0   1   0  16  14   0   6   1   0   5   8   0   0  30  0.50 inf
  166 L   -1 -4 -4 -5 -4 -2 -4 -2 -1  2  3 -4  1  0 -4 -4 -2 -3  4  2    4   0   0   0   0   2   0   4   2  10  34   0   4   3   0   0   2   0  18  16  0.61 inf
  167 D    2  2  2  3 -4  1  1  0 -3 -4 -4 -1 -3 -2 -3  0  1 -4 -4 -3   17  12   8  20   0   6   8   8   0   0   1   3   0   2   0   6   7   0   0   1  0.36 inf
  168 R    3  1 -1  1 -3  1  1  0 -1 -3 -2  1 -3 -1 -3  0 -1 -4  0 -2   27   9   2   8   0   6  10   7   2   0   2   9   0   3   0   4   3   0   3   2  0.25 inf
  169 I    0 -5 -5 -5 -4 -5 -5 -5 -5  6  1 -5 -1 -1 -5 -3 -3 -5 -4  3    7   0   0   0   0   0   0   0   0  53  11   0   1   2   0   1   1   0   0  20  1.21 inf
  170 G   -1  5 -1 -3 -5  0 -1 -1  5 -3 -3  2 -4 -5 -3 -1 -2 -5 -4 -3    6  38   3   1   0   3   2   6  13   1   3  13   0   0   1   5   2   0   0   2  0.74 inf
  171 Y    3  1 -2  2 -4  2  2  0  0 -4 -4 -1 -3 -4 -3  0  0 -4  2 -3   24   9   0  10   0  12  14   5   2   0   1   2   0   0   0   7   5   0   7   1  0.37 inf
  172 F    2  5 -3 -3 -5 -2 -3 -4  1 -3 -3  4 -4 -3 -2 -2 -2 -5  0 -2   22  33   1   1   0   0   0   1   3   1   2  22   0   1   2   2   2   0   3   3  0.75 inf
  173 A    6 -3  0  0 -3 -4 -3 -1 -2 -5 -3 -4  1 -5 -2  1 -2 -6 -3 -4   61   1   4   5   0   0   1   5   1   0   2   0   4   0   2  11   1   0   1   0  0.99 inf
  174 P   -2 -3 -5 -1 -6 -4 -5 -2 -5 -6 -6 -2 -5 -3  8 -3 -1 -6 -3 -5    3   2   0   3   0   1   0   3   0   0   1   2   0   1  76   2   4   0   1   0  2.19 inf
  175 D   -1  0  5  3 -5  1  0  0  4 -5 -5  0 -4 -5 -4  1 -2 -5 -2 -5    5   6  27  14   0   7   5   5  11   0   1   6   0   0   0  10   1   0   1   0  0.64 inf
  176 A    6 -4 -5 -3 -4 -4 -3 -2 -5 -5 -5 -3 -5  1 -5 -1 -1 -5  0 -3   74   1   0   1   0   0   1   2   0   0   0   1   0   5   0   4   4   0   4   2  1.39 inf
  177 K   -3  6 -2 -1 -6  2  0 -1  0 -4 -4  3 -4 -3 -3 -3  1 -6 -5 -4    1  43   1   4   0   9   5   4   2   1   1  15   0   2   1   1  10   0   0   1  0.89 inf
  178 R   -4 -5 -6 -7 -5 -6 -6 -7 -6  5  1 -3 -3 -4 -6 -3 -3 -6  0  5    0   0   0   0   0   0   0   0   0  36  11   2   0   0   0   2   0   0   3  45  1.36 inf
  179 V    0 -5 -5 -5  0 -2 -3 -5 -4  2  2 -3  0  2 -5 -3  0 -4  2  4    8   0   0   0   2   2   1   0   0  10  18   1   1   7   0   1   6   0   7  35  0.57 inf
  180 L    1 -4 -6 -4 -4 -5 -5 -6 -6  1  3 -5 -2  2 -4 -3 -1 -5 -2  5   10   1   0   1   0   0   0   0   0   5  24   0   0   9   1   1   3   0   1  44  0.85 inf
  181 V   -1 -5 -4 -4 -4 -3 -5 -3 -5  2  2 -5  4 -2 -2 -2  2 -5 -3  5    5   0   1   1   0   1   0   2   0   8  18   0   9   1   2   2  12   0   1  39  0.69 inf
  182 G   -3 -6 -2  2 -6 -5 -2  7 -6 -5 -7 -5 -7 -7 -6  0 -3 -7 -7 -7    1   0   1  10   0   0   3  75   0   1   0   0   0   0   0   8   2   0   0   0  1.81 inf
  183 Y   -7 -7 -4 -8 -8 -2 -5 -8  0 -4 -6 -7 -6 -2 -8 -7 -7 -1 10 -6    0   0   1   0   0   2   1   0   2   1   0   0   0   0   0   0   0   1  93   0  3.46 inf
  184 P   -1 -5 -5 -5 -6 -1 -2  1 -2 -4  0 -4 -1 -3  7 -1 -3 -6 -1 -3    4   0   0   0   0   3   3   9   1   1   9   0   2   1  58   4   1   0   2   2  1.40 inf
  185 R    0  3 -1 -1 -4  0  1 -1  1 -3 -1  0 -2 -1  1  0  2  2  1 -3    9  21   1   3   0   3   8   4   3   0   7   4   0   3   7   6  13   3   4   1  0.21 inf
  186 L   -2 -3 -4 -5 -4 -4 -4 -5 -4  3  3 -4  1  4 -1 -4 -3 -3  2  2    2   2   0   0   0   0   1   1   0  20  26   0   3  17   3   1   0   0   8  14  0.64 inf
  187 V   -1 -4 -3 -2 -4 -4 -4 -2 -4  1  2 -4  1  5 -4 -1  1 -3  2  0    4   0   1   2   0   0   0   3   0   8  21   0   3  30   0   4   8   0   6   7  0.58 inf
  188 P   -1 -1  1  1  0  0  0  0 -2 -3 -3 -1 -3 -3  6  0 -1 -3 -1 -3    6   4   7   8   2   4   5   7   1   1   2   3   1   1  36   5   3   0   2   1  0.64 inf
  189 E    1  0  0  3 -3  0  2 -1  0 -2 -1  0 -2 -2  1  0  0  1 -2 -2   13   4   5  17   0   5  13   4   2   1   6   3   1   2   8   7   4   2   1   3  0.18 inf
  190 D    0  1  2  3 -3  0  1 -2  1 -3 -1 -1 -2 -3  1  1  0 -3  0 -2   10   9  10  18   0   4   9   2   4   1   5   1   1   1   6   9   5   0   3   2  0.23 inf
  191 T    0 -2  0  1 -3 -1 -1  4 -3 -3 -3 -2 -3 -2  1  0  1 -4 -3 -3    7   1   3   8   0   2   3  38   0   1   3   2   0   2   8   8  11   0   0   1  0.52 inf
  192 T    0  0 -1  0 -1  0  0  2 -1 -2 -2  0 -2 -1  1  1  2  1  0 -1    6   4   2   5   1   5   5  15   1   1   2   4   0   3   6  11  18   2   3   4  0.14 inf
  193 K    0  0 -1  2  3  0  0  1 -1 -2 -1 -1 -2 -2  1  0  1  0 -2 -1    8   4   2  12   8   3   6  14   1   1   5   3   0   1   6   6   9   1   1   5  0.14 inf
  194 C   -1 -3 -1  1  9 -3 -2 -1 -3 -2 -3 -3 -2 -2 -2 -2 -2 -3 -1 -1    4   1   3   7  52   1   3   6   1   2   3   1   1   2   3   2   2   0   2   5  1.50 inf
  195 L    0  0  2  1 -1 -1 -1  0 -2 -1  0 -1 -1  0  1 -1  0  4  0  0    9   5  11   9   1   1   2   7   1   2  13   3   1   4   7   4   5   6   4   7  0.09 inf
  196 T    0  0  0  0  0 -1  0  1 -2  0 -1 -1 -2  0  3 -1  0 -2  1  0    7   4   5   4   3   1   5  10   1   5   5   3   1   5  18   4   6   0   7   7  0.17 inf
  197 A    0  0  1  0 -2  0  0  0  0  0  0  0  0 -1  0  1  1 -2  0  0    7   6   7   3   0   2   3   7   3   4  10   6   3   2   5  10   9   0   3  10  0.03 inf
  198 A    0 -1 -1  0  0  0 -1  0 -1  0  1 -1  0  0  0  1  1 -2  0  1    6   2   3   5   2   5   2   7   1   6  16   2   3   4   3  12   9   0   3   9  0.03 inf
  199 P   -1 -2  0 -1 -1 -2 -1  1 -1 -2  0 -1 -1  2  5  0 -1  1 -2 -2    4   1   4   3   1   1   3  13   1   2   8   3   1   8  28   7   4   2   1   2  0.41 inf
  200 G    0 -1  0  0 -2  0  0  2  1 -1 -1 -1 -1 -1  1  1  1 -2 -1  0    7   3   5   6   1   3   5  18   4   5   4   3   1   3   6  10   9   0   2   7  0.09 inf
  201 Q    0  0  0  0  0  1  0  1 -1 -1 -1  1 -1  0  0  0  0  3  1 -1   10   4   3   5   2   8   5   9   1   4   6   8   1   4   3   7   6   5   5   3  0.05 inf
  202 T    0  0  0  0 -1  0  0  0 -1 -1 -1  0 -1  0  2  0  0  4  0  0    8   5   5   4   2   6   4   9   1   2   7   5   1   3   9   7   6   6   3   6  0.09 inf
  203 Q    0  2  1  0  2  1  0  1 -1  0 -1  0 -1  0  0  0  0 -2 -1 -1    6  12   7   6   7   7   4  10   1   6   4   5   1   4   4   4   6   0   2   4  0.06 inf
  204 L    0  0  0 -1  1  0 -1  1 -1  0  1 -1  1  0  0 -1 -1  3  0  0    6   5   4   2   4   4   3  11   1   7  13   4   3   3   5   4   2   6   4   9  0.04 inf
  205 P    0 -1  0  0 -2  0  0  1 -2 -1 -2  0 -2 -2  4  1 -1  3  0 -2    7   3   4   5   1   5   5  10   1   4   3   5   1   1  23  10   4   5   4   2  0.31 inf
  206 F    0  0  0  1  0  0  0  0  1  0  0 -1 -1  1 -1  0  0  2  0 -1    9   5   4  10   2   3   4   8   4   7  12   3   1   8   3   6   3   4   2   4  0.02 inf
  207 A    2 -1  0 -1  0 -1 -2  1 -2  0 -1 -1  1 -1  1  0  0 -2 -2  0   25   3   5   2   2   3   1  10   1   4   5   2   4   3   8   7   7   0   1   7  0.14 inf
  208 D   -1 -1  1  3 -3 -1 -1  2 -2 -3 -2  1 -2 -2  2  0  0  3 -2 -2    5   3   5  18   0   2   3  15   0   1   3   9   0   1  12   6   5   5   1   3  0.27 inf
  209 I    0 -1 -2 -2  0 -2 -2 -2 -2  2  3 -2  0  2  0 -2 -1  0  1  1    7   4   2   3   2   2   1   2   0  11  29   1   2   8   4   2   3   2   5  11  0.19 inf
  210 P    1  0  0  1 -2 -1 -1  0 -2 -1 -1 -1 -2 -1  1  1  2 -3 -2  0   13   4   4  11   0   2   3   5   0   3   7   2   0   2   8  14  13   0   1   7  0.13 inf
  211 Q    1  0 -1  1 -3  1  1 -1 -2 -2 -2  0 -1 -1  1  1  0  4  0  0   12   6   2   8   0   7   9   4   0   1   4   5   1   2   6  10   7   6   4   7  0.13 inf
  212 D    1  0  0  3 -3  0  1  1 -1 -3 -2  0 -1 -1 -1  0  0 -2 -1 -2   15   4   5  18   0   4  10  13   1   1   2   7   2   2   2   4   5   1   2   2  0.19 inf
  213 A    0  1 -1  4 -3 -1  2 -2 -2 -1  0  0 -1 -1 -1 -1  0 -1 -2 -1    9   7   2  26   0   2  13   1   1   2  11   4   2   3   2   3   6   1   1   4  0.24 inf
  214 L    1  3 -1 -1 -1  0 -2 -2 -2  1  0 -1  0  0 -2 -1  0 -3 -1  1   15  18   3   4   1   5   1   3   0   7  10   3   3   4   1   2   4   0   2  13  0.12 inf
  215 P    1  2  0  0 -3  0  0  0 -2 -2 -2  1 -2 -2  2  0  0  3 -1 -1   16  11   3   5   0   5   4   6   0   1   2   7   1   1  10   8   7   5   2   6  0.17 inf
  216 V    1 -1 -2 -2 -3  0 -1 -1  0  0  1 -1 -1  1 -3 -2 -2  6  3  0   16   4   1   2   0   5   3   4   2   5  13   3   1   6   1   2   1  12  13   6  0.31 inf
  217 L    1  0 -2 -4 -3 -2 -3 -2  0  2  3 -3  2 -1 -3 -2 -1 -1 -2  1   14   7   1   0   0   1   1   3   2  13  33   1   6   2   0   3   3   1   1   8  0.31 inf
  218 D   -1  4  5  2 -4  0  0 -3  0 -3 -3 -1 -3 -4 -3 -2  1 -1 -3 -1    4  23  26  11   0   3   7   1   2   2   2   2   0   0   1   2   7   1   1   5  0.56 inf
  219 Q    0  0  1  3 -4  2  2  1  1 -3 -4  0 -3 -4 -2  1  0 -4 -3 -3    6   6   5  17   0  10  15   9   3   1   1   4   0   0   1  12   7   0   0   1  0.34 inf
  220 I    1 -2 -2 -3 -2 -2 -2  0 -3  2  1 -1  2  0 -3 -1  0 -1  0  2   16   1   1   0   0   1   3   6   0  13  13   5   6   5   0   2   7   1   3  17  0.17 inf
  221 Q    2  0  0 -2 -2  2  1 -2 -2  0 -1 -1  0  1 -2  0  0 -1 -2  1   22   4   5   0   1  13   8   2   0   5   4   2   2   7   1   8   4   1   1  12  0.16 inf
  222 K    1  1  1  3 -4  1  1  0 -2 -3 -2  1 -2 -3  0 -1 -1 -1 -2 -2   12   9   5  21   0   7   7   8   0   1   4  10   1   1   5   2   4   1   1   2  0.26 inf
  223 R    0  2  0  0 -3  2  1 -1  1 -2 -1  0  0 -2  0 -1  1 -1  0 -1   11  14   3   5   0   8  11   4   4   2   5   6   2   1   3   2  12   1   4   3  0.14 inf
  224 L   -3 -3 -6 -6 -4 -5 -5 -4 -3  2  5 -4  3  1 -5 -5 -2 -4 -2  0    2   2   0   0   0   0   0   1   1   8  66   1   5   6   0   0   2   0   1   4  1.13 inf
  225 N    0 -2  7  2 -5  1  1 -3 -3 -5 -5 -3 -5 -6 -5  0 -2  0 -5 -3    8   2  50  12   0   6   8   1   0   0   1   0   0   0   0   5   1   1   0   2  1.13 inf
  226 D    2  2  2  3 -4  0  0 -1  0 -4 -3  0 -2 -4 -3  1  1 -5 -4 -2   18  10  10  19   0   4   5   4   2   0   1   6   1   0   0   8  10   0   0   2  0.35 inf
  227 A    3  0 -2 -3 -3 -1 -1 -1 -3  0  0 -1  2 -3 -4 -1  2 -4 -2  2   29   6   2   1   0   2   3   5   0   5   7   3   6   0   0   3  12   0   1  16  0.29 inf
  228 M   -1 -5 -4 -5 -4 -2 -5 -4 -5  4  2 -4  4 -1 -5 -4  2 -1 -2  3    4   0   1   0   0   2   0   1   0  29  19   0  10   2   0   0  13   1   1  16  0.70 inf
  229 K    3  3 -1 -2 -4  2  0  0 -1 -3 -3  1 -3 -3 -3  0 -2 -4 -1 -1   25  21   3   1   0  11   4   6   2   1   1   9   0   1   1   6   1   0   2   5  0.38 inf
  230 K    1  3 -1  2 -4  2  2  0 -1 -4 -3  2 -4 -5 -3  0 -1 -5 -4 -2   15  14   2  11   0  10  16   6   1   0   2  11   0   0   1   6   3   0   0   2  0.39 inf
  231 A    5  1 -4 -2 -4  0 -1 -2 -2 -1 -2 -1 -3 -5 -4  0  0 -5 -4  1   48  10   0   1   0   4   3   3   1   2   4   2   0   0   0   6   5   0   0  11  0.62 inf
  232 A    6 -2  0 -4 -4 -2 -4 -2 -5 -1 -5 -3 -2 -4 -3  0 -1 -1 -3 -1   67   2   4   1   0   2   0   3   0   4   0   1   1   1   1   6   3   1   1   4  1.08 inf
  233 A    3  1  0  0 -4  1  1  0  0 -4 -2  1 -3 -4 -2  0 -1 -5 -3 -2   32   6   4   4   0   7   9   6   3   0   4   9   0   0   1   7   4   0   0   3  0.32 inf
  234 D    3  2 -1  2 -4  1  2 -1  0 -2 -3 -1 -3 -3 -2  0 -1 -5 -4 -2   27  11   3  14   0   7  15   4   2   2   2   2   0   1   1   4   2   0   0   2  0.36 inf
  235 G    2 -1  2 -2 -2 -1 -2 -1  4 -2 -1 -1  0 -2 -2  0  2 -2 -1  0   18   2  10   1   1   2   1   4  14   2   6   3   2   1   2   7  16   0   2   5  0.26 inf
  236 G   -3 -1  0  0 -6 -2 -2  6 -1 -4 -7  0 -6 -6 -3 -1 -3 -2 -4 -6    1   3   5   6   0   2   2  67   2   1   0   5   0   0   2   3   1   1   0   0  1.34 inf
  237 A    4 -3 -4  0  1 -3 -4 -1 -5  0 -3 -4 -3  3 -4 -1 -1 -1 -1  3   33   1   0   5   3   1   0   5   0   3   0   0   0  11   0   3   3   1   2  27  0.56 inf
  238 D    0  2 -1  0 -4  1  2  0 -1 -1 -1  0 -2 -4 -3  0  3 -2 -3  0    5  13   3   5   0   5  15   7   2   4   5   4   0   0   0   7  19   1   0   6  0.21 inf
  239 F   -6 -4 -6 -5 -6 -6 -6 -5  0 -3 -1 -4 -4  7 -5 -5 -2  4  7 -2    0   1   0   1   0   0   0   1   2   1   5   1   0  41   0   0   3   6  34   2  1.73 inf
  240 V    0 -4 -4 -6 -4 -5 -5 -2 -6  3  1 -5  0 -3 -5 -3 -2 -6 -2  6    9   1   1   0   0   0   0   4   0  13  11   0   2   1   0   2   1   0   1  55  1.01 inf
  241 D   -3 -2  3  7 -6 -3 -1 -4 -1 -5 -4 -3 -3 -6 -1  0 -2 -6 -6 -5    2   2  12  63   0   1   2   1   2   1   2   1   1   0   4   6   2   0   0   1  1.47 inf
  242 L    1 -4 -1 -4 -3 -3 -4 -3 -2  1  1 -3  1 -1  2 -2  2  4 -3  3   15   0   3   0   0   1   0   1   1   7  12   0   3   2  11   0  15   5   0  23  0.41 inf
  243 Y    1  3  0  1 -4  0 -1 -2  0 -2 -3 -1 -3 -1 -1  1  0  1  3  0   16  17   5   8   0   3   3   1   2   3   0   2   0   2   2  12   5   2  12   6  0.24 inf
  244 A    1  1  0  2 -4  0  1  0  1 -4 -4  0 -3 -3  3  1  1 -5 -4 -3   14   8   4  11   0   3   9   6   3   0   0   4   0   1  13  13  10   0   0   1  0.32 inf
  245 G    3  0 -2 -2 -3  0  0 -2 -3 -1  0  0  1 -2  2  0  0 -4 -2  0   26   7   1   2   0   3   4   2   0   4   8   4   5   2  12   6   7   0   1   7  0.20 inf
  246 T   -1 -5 -3 -3 -5 -4 -3 -1 -3 -3 -1 -4 -3  6 -2  3  2  2 -2 -3    4   0   1   1   0   0   1   5   1   1   6   0   0  37   2  25  13   2   0   1  0.87 inf
  247 G    1  2  0  0 -3  1  1  0  1 -1 -2  1 -2 -2 -2 -1  2 -4 -2  0   14  13   4   5   0   5  10   5   3   3   2   7   1   1   2   3  14   0   1   7  0.16 inf
  248 A   -1 -3 -2  1 -6 -2 -1  6  1 -5 -4 -3 -6 -6 -6 -2 -3 -6 -4 -6    3   1   1   7   0   1   4  69   4   1   2   1   0   0   0   2   1   0   1   0  1.43 inf
  249 N   -6  2 -1 -4 -7 -4 -5 -6 10 -7 -5 -1 -6 -6 -7 -3 -3 -7 -3 -5    0   9   2   1   0   0   0   0  77   0   1   4   0   0   0   2   2   0   0   1  2.89 inf
  250 T   -1  1  0  4 -5 -1  3  2  3 -5 -3 -2 -4 -5 -3  0  0 -5 -4 -3    6   7   3  22   0   2  23  15   7   0   2   0   0   0   1   5   5   0   0   2  0.50 inf
  251 A    3 -4 -3 -4  1 -3 -2 -2 -4  2  0 -2  1  1  0  0 -1  2 -1  2   26   0   1   0   4   0   2   3   0  11   9   1   4   6   4   5   3   3   2  19  0.29 inf
  252 C   -1 -6 -6 -2 11 -6 -5 -3 -6 -5 -4 -6 -5 -3 -6 -4 -5  3 -5  0    4   0   0   2  75   0   1   2   0   0   1   0   0   1   0   1   0   4   0   6  2.90 inf
  253 D    2 -1  0  1 -3  2  1  0 -3 -4 -4 -1 -1 -4  0  3  0 -2 -2 -3   18   2   3   9   0  11   7   6   0   0   1   3   2   0   5  25   5   1   1   1  0.36 inf
  254 G    1 -1  1  1 -4 -1 -2  2 -3 -4 -4 -1 -4 -2  5  1  0 -5 -3 -3   11   3   6   8   0   2   1  17   0   0   0   3   0   2  28  10   4   0   1   2  0.58 inf
  255 A    2 -1  0  1 -3  0  1  2 -1 -3 -3  0 -1 -2  0  2 -1 -1 -3 -2   17   2   4   8   0   4  10  17   1   1   2   4   1   2   4  14   3   1   0   3  0.22 inf
  256 D   -2 -3  0  5 -4  2  1 -1 -2 -3 -4 -1 -1 -4  3  0  1 -5 -1 -3    3   0   3  32   0   9   8   5   1   1   1   3   1   0  15   5   9   0   3   2  0.58 inf
  257 R   -1  5 -2 -1 -1  0  1 -2  1 -3 -2  1 -2 -3  3  0 -2  0 -1 -3    5  31   1   2   2   3   9   2   3   1   3   9   1   1  14   6   2   2   2   1  0.46 inf
  258 G   -5 -4 -4 -5 -5 -1 -5  0 -5 -4 -4 -5 -4 -1 -2 -4 -2 12  2 -4    1   1   1   1   0   3   1   6   0   1   2   1   0   2   2   1   2  67   7   2  2.90 inf
  259 I   -1 -3 -4 -3  1 -3 -3 -4 -1  4  1 -3 -1  1 -3 -2  0 -1  0  4    6   1   1   2   3   1   1   1   2  24  11   1   1   6   1   1   7   1   3  29  0.48 inf
  260 G    0  1  3  1 -3  0  2  0  2 -2 -2 -1 -3 -2 -3  1  1 -3 -2 -2    6   7  20   6   0   2  18   5   5   2   3   1   0   2   1   9   8   0   1   3  0.28 inf
  261 G    1 -1 -1 -2 -3 -3 -1  5 -3 -2 -3 -2 -3 -2  3 -1 -2 -4 -3 -3   10   4   3   2   0   1   4  44   0   2   3   2   0   2  15   5   2   0   1   1  0.67 inf
  262 L   -1 -2 -3 -2 -2 -2 -2 -2  0  2  2 -1  0  1 -2 -2  0  4  0  2    5   1   1   2   0   2   1   4   2  16  21   3   2   7   2   2   5   7   3  14  0.23 inf
  263 L   -1 -1 -1 -2  0 -1 -1  0 -1  2  1 -1  0  0 -1 -1  0  0  0  2    4   4   2   2   2   2   3   7   1  13  19   3   1   3   2   3   6   1   4  18  0.08 inf
  264 E   -1 -1  0  2 -3  0  1 -1  0 -1 -1 -1 -2  0  3  0 -1 -1 -1  0    5   3   3  16   0   4  12   3   2   4   7   3   0   5  15   6   3   1   1   6  0.19 inf
  265 D    0 -1  0  3 -3  0  0  2 -1 -2 -1 -2 -1 -2  2  0  1 -1 -2 -1    5   3   4  17   0   4   4  20   1   1   5   1   1   2   9   4  11   1   1   5  0.21 inf
  266 S    1  0  1  0 -2  1 -1  0  1 -2 -2  0 -2 -2  2  2  0 -1  0  0   10   4   8   6   0   6   2   5   3   1   4   5   0   1   9  17   7   1   4   6  0.13 inf
  267 Q    0  0  0  1 -2  0  0  0  0 -2 -1 -1 -1 -1  1  1  1  4 -2  0    7   5   5   9   0   3   6   8   2   1   5   2   2   2   7  11   9   8   1   7  0.12 inf
  268 L    1 -1 -1 -1 -2  0  0  0 -2  0  0  0 -1  0  2  0  0  0  0  0   12   3   2   3   0   5   7   5   1   4  12   4   1   5  12   6   7   1   3   8  0.08 inf
  269 E    0  0  1  1 -2  0  1  0  1 -1 -1 -1  0  0  1  1  0  1  0 -1    9   4   7   8   0   4   8   7   5   2   7   2   4   4   7  10   3   2   3   4  0.06 inf
  270 L   -1  0  0  0 -2 -1 -2  0 -2 -1  1 -1 -1  1  3  0 -1  3  0  0    4   7   5   5   0   2   1   8   0   3  14   2   1   6  15   8   3   5   3   7  0.13 inf
  271 L    0 -2  0  0 -2 -1 -1  1 -2  0  2 -2  0  0  1 -1 -1 -2 -1  0    7   2   5   7   0   2   3  12   0   5  27   2   1   5   6   4   3   0   1   6  0.09 inf
  272 G    0 -1  0  0 -2  0  0  2 -1 -1 -1 -1  0 -2  1  1  0  1 -2 -1    8   3   4   5   1   5   5  16   1   4   8   3   2   1   7  13   7   3   1   3  0.10 inf
  273 T    1 -1  1  0 -1  0  0  0  1 -1 -1 -1 -1 -1  2  0  1  0 -1 -1   13   3   8   5   1   3   5   7   4   2   7   3   2   3  10   7   9   1   1   5  0.08 inf
  274 K    1  1  1  1 -2 -1  0  1 -1 -2 -1  0 -1 -1  2  0  0 -2 -2 -1   13   9   8   7   1   2   4  11   1   1   6   5   1   3  11   7   7   0   1   3  0.12 inf
  275 I    0  1 -1 -1 -2  0  0  0 -1  1  0  0  0  0  0  0  0  2  1  1    7  11   3   2   1   4   5   6   1  11   9   4   1   2   3   5   6   3   5  10  0.03 inf
  276 P    0  0  0  0 -2  1 -1  2 -1 -1 -1 -1 -1 -2  3  1  0 -2 -1 -1    8   7   5   5   0   7   3  14   2   3   5   1   1   2  17   9   6   0   2   3  0.19 inf
  277 W    1 -1  0 -1 -2  1  1  0 -1  0  0  0  1  0 -2  0  0  2  0  0   12   1   4   2   0   8  13   6   1   4  11   3   4   4   1   6   4   4   4   6  0.06 inf
  278 Y    0 -3 -1 -2 -3 -2 -2 -2 -2 -1 -1 -2 -2  0  4  4  1  2  0 -2    7   1   2   2   0   1   1   2   1   3   5   1   1   5  18  33   8   3   4   2  0.46 inf
  279 A   -1 -4 -1 -4 -3 -3 -4 -4 -2 -1  1 -4  2  5 -3 -3 -2  1  5  2    6   1   4   1   0   1   1   1   0   3  12   1   5  22   1   1   1   2  24  14  0.68 inf
  280 H   -5 -3 -5 -6 -8 -5 -5 -7 11 -5 -8 -6 -7 -6 -7 -6 -7 -7 -3 -8    1   1   0   0   0   0   0   0  97   1   0   0   0   0   0   0   0   0   0   0  4.05 inf
  281 P   -4 -7 -7 -6 -7 -6 -6 -7 -7 -4 -1 -6 -2 -4  8 -6 -4 -8 -7 -5    1   0   0   0   0   0   0   0   0   1   6   0   1   1  89   0   1   0   0   1  2.89 inf
  282 N   -5 -2  7 -3 -6 -4 -4 -5 -4 -6 -5  0 -5 -4 -6 -1  4 -7 -6 -6    0   2  57   1   0   0   0   0   0   0   1   5   0   1   0   4  30   0   0   0  1.72 inf
  283 D    4  1 -3 -1 -4  0  1 -2  2 -1 -2 -1 -1 -2  1 -1 -1 -4  0  0   37   7   0   3   0   4   9   2   6   3   2   3   1   1   7   2   2   0   3   6  0.34 inf
  284 K    3  2  0  0 -3  0  1 -2  0 -1 -1  1 -2 -3 -2 -1  0  0 -2 -2   29  11   3   6   0   3  10   1   2   4   7   9   0   1   2   2   5   1   1   2  0.22 inf
  285 G   -2 -7 -5 -6 -7 -6 -4  7 -6 -8 -8 -6 -7 -7 -7 -5 -6 -7 -5 -7    3   0   0   0   0   0   1  95   0   0   0   0   0   0   0   0   0   0   0   0  2.60 inf
  286 R   -2 -2 -1 -1 -5  5  1 -4  7 -3 -3 -2  5 -4 -5 -2 -2 -5  1 -2    3   2   3   3   0  25   7   1  26   1   1   2  15   0   0   2   2   0   5   2  0.97 inf
  287 D    2  3 -2 -1 -2  2  1  0 -1 -2 -2 -1 -3 -4 -3  1  1 -5 -4 -2   18  21   1   3   1  11  11   5   1   2   4   1   0   0   0  12   8   0   0   1  0.36 inf
  288 I    4 -1  0 -4 -4  1 -1  2 -2 -2 -3 -2 -3 -3 -4  0 -1 -1 -3 -1   46   4   5   0   0   7   4  14   1   2   2   2   0   1   0   4   3   1   1   4  0.54 inf
  289 Q   -1 -4 -4 -4 -4 -2 -3 -3 -3  3  0 -4  4  2 -5 -3  1 -3  4  3    5   0   0   1   0   2   2   2   0  18   4   0  15  10   0   0   8   0  14  20  0.56 inf
  290 A    7 -5 -5 -6 -4 -5 -5  1 -5 -5 -5 -5 -5 -6 -5 -2 -2 -6 -1 -3   83   0   0   0   0   0   0  10   0   0   0   0   0   0   0   1   1   0   3   1  1.74 inf
  291 K    1  2  0  4 -4  1  2  1 -3 -4 -3  1 -4 -5 -3  0 -1 -5 -4 -4   15  11   3  22   0   7  13  11   0   0   3   8   0   0   0   5   3   0   0   0  0.42 inf
  292 Q    2 -1 -3 -3  3 -1 -3 -2  2  1  3 -3  1 -1 -1 -1  0 -4 -3  0   20   3   0   1   7   3   0   2   6   6  30   0   4   2   3   2   5   0   0   4  0.27 inf
  293 V   -3 -5 -6 -6 -4 -5 -5 -6 -6  4  3 -5  1 -3 -5 -5 -1 -5 -2  5    1   0   0   0   0   0   0   0   0  27  26   0   2   0   0   0   3   0   1  39  1.07 inf
  294 A    3  0  0 -1 -3 -1  0  0  1  0  1 -2  1 -1 -3  0  0 -4 -2  0   28   6   3   3   0   2   7   5   5   4  13   0   5   2   0   5   4   0   0   8  0.14 inf
  295 D    2  2  1  4 -4  1  2 -1 -1 -3 -3  0 -2 -5 -3  0 -1 -5 -4 -4   17  13   5  26   0   5  12   4   1   1   2   4   1   0   1   6   3   0   0   0  0.43 inf
  296 K    3  1 -2 -1 -3  2  0 -3  1 -2 -1  0 -1 -1 -3  0  0 -4  0  1   30   9   0   3   0  10   4   0   4   0   6   6   1   3   0   4   6   0   3  10  0.23 inf
  297 I   -4 -5 -6 -6 -4 -5 -5 -6 -2  4  5 -5  2 -2 -5 -5 -3 -5 -2  3    0   0   0   0   0   0   0   0   1  21  54   0   4   0   0   0   0   0   1  19  1.09 inf
  298 E    2  4 -1 -1 -4  0  1 -3 -2 -1  0  2 -1 -4 -3 -1 -2 -4 -3 -2   20  32   2   2   0   4   7   0   0   3   9  16   1   0   0   2   0   0   0   1  0.46 inf
  299 E    1  0  0  1 -3  1  2 -1 -2 -1 -3  0 -2 -4  1  3 -1 -4 -3 -2    9   6   2   6   0   8  12   4   0   5   0   2   0   0   5  39   0   0   0   0  0.35 inf
  300 I    5 -3 -2 -3 -2 -2 -2 -1 -3  1 -2 -2 -2 -3 -2  2 -1 -4 -3 -1   68   0   0   0   0   0   0   0   0  13   0   0   0   0   0  19   0   0   0   0  0.67 inf
  301 L   -1 -2 -3 -3 -2 -2 -3 -3 -3  2  4 -2  3  0 -3  0 -1 -2 -1  1    0   0   0   0   0   0   0   0   0  11  63   0  12   0   0  14   0   0   0   0  0.34 inf
  302 N    0 -1  5  1 -2  0  0  0  0 -3 -3  0 -2 -3 -2  3  1 -3 -2 -2    0   0  52   0   0   0   0   0   0   0   0   0   0   0   0  48   0   0   0   0  0.50 inf

                      K         Lambda
Standard Ungapped    0.1379     0.3163
Standard Gapped      0.0357     0.2670
PSI Ungapped         0.1180     0.3060
PSI Gapped           0.0357     0.2670
