
Last position-specific scoring matrix computed, weighted observed percentages rounded down, information per position, and relative weight of gapless real matches to pseudocounts
           A  R  N  D  C  Q  E  G  H  I  L  K  M  F  P  S  T  W  Y  V   A   R   N   D   C   Q   E   G   H   I   L   K   M   F   P   S   T   W   Y   V
    1 T   -1 -2 -1 -2 -2 -2 -2 -2 -3 -2 -2 -2 -2 -3 -2  2  6 -4 -3 -1    0   0   0   0   0   0   0   0   0   0   0   0   0   0   0  17  83   0   0   0  0.91 inf
    2 P    0 -3 -4 -3 -4 -3 -3 -4 -4 -4 -4 -1 -4 -5  8 -2 -2 -5 -5 -3    8   0   0   0   0   0   0   0   0   0   0   4   0   0  84   0   2   0   0   2  2.11 inf
    3 A    2 -4 -4 -4 -3 -4 -3 -4 -5  6  0 -4 -1 -3 -4 -1  0 -5 -4  1   23   0   0   0   0   0   1   0   0  54   4   0   0   0   0   5   7   0   0   6  0.78 inf
    4 F   -2  4 -2 -3 -4 -2 -3 -4  3  0  2 -2  2  4 -2 -3 -2 -3  0 -1    3  26   1   1   0   0   1   0   9   3  19   0   7  20   2   1   2   0   3   4  0.46 inf
    5 N   -1  4  3  2 -4  2 -1 -1 -1 -4 -4  0 -3 -5 -3  2  1 -5 -4 -4    4  23  15  11   0  10   2   5   1   1   1   3   0   0   1  16   8   0   0   0  0.47 inf
    6 K   -1 -4 -6 -6 -5 -5 -5 -6 -4  1  5 -1  4  1 -6 -4 -3 -1 -4 -1    5   0   0   0   0   0   0   0   0   6  65   4   9   5   0   0   1   1   0   2  1.10 inf
    7 P   -6 -7 -7 -7 -8 -6 -6 -7 -7 -8 -8 -3 -8 -9  9 -6 -6 -9 -8 -6    0   0   0   0   0   0   0   0   0   0   0   2   0   0  98   0   0   0   0   1  3.43 inf
    8 K   -6 -2 -5 -6 -8 -3 -3 -6 -6 -7 -1  8 -4 -6 -6 -5 -5 -8 -7 -5    0   1   0   0   0   0   1   0   0   0   7  90   0   0   0   0   0   0   0   1  2.41 inf
    9 V    4 -6 -6 -6  3 -5 -5 -4 -6  3 -3 -5 -2 -5 -5 -3  1 -6 -5  5   33   0   0   0   5   0   0   1   0  13   1   0   0   0   0   0  10   0   0  36  1.01 inf
   10 E   -5 -5 -4  3 -8 -2  7 -6  4 -7 -2 -4 -6 -7 -6 -3 -5 -7 -6 -4    0   0   0  16   0   1  68   0   8   0   5   0   0   0   0   2   0   0   0   2  1.78 inf
   11 L   -6 -7 -5 -8 -6 -5 -7 -8  1  0  7 -7 -2 -4 -7 -7 -6 -6 -5 -2    0   0   1   0   0   0   0   0   3   4  90   0   0   0   0   0   0   0   0   1  2.03 inf
   12 H   -8 -6 -5 -7 -9 -5 -6 -8 12 -9 -9 -7 -7 -7 -8 -7 -8 -8 -4 -9    0   0   0   0   0   0   0   0 100   0   0   0   0   0   0   0   0   0   0   0  4.42 inf
   13 V   -2  1 -4  1  7 -5 -5 -6 -4  0  3 -5  0 -4 -6 -4 -2 -6 -5  4    3   7   1   8  20   0   0   0   0   4  27   0   2   0   0   0   2   0   0  25  0.84 inf
   14 H   -8 -6 -5 -7 -9 -5 -6 -8 12 -9 -9 -7 -7 -7 -8 -7 -8 -8 -4 -9    0   0   0   0   0   0   0   0 100   0   0   0   0   0   0   0   0   0   0   0  4.42 inf
   15 L   -5 -6 -7 -7 -5 -6 -7 -8  1  4  6 -6 -1  2 -7 -6 -5 -5 -3 -1    0   0   0   0   0   0   0   0   3  19  67   0   0   8   0   0   0   0   0   2  1.50 inf
   16 D   -5 -4 -1  6 -7 -3  5 -6 -5 -5 -5 -4 -4 -4 -6 -4  0 -8 -7 -2    0   0   3  46   0   0  40   0   0   1   1   0   0   1   0   0   5   0   0   3  1.59 inf
   17 G   -3 -7 -5 -6 -2 -7 -7  8 -7 -8 -4 -6 -7 -8 -7 -4 -5 -7 -8 -6    2   0   0   0   1   0   0  94   0   0   3   0   0   0   0   1   0   0   0   0  2.55 inf
   18 A    2 -5  1 -4  4 -4 -4  1 -5 -6 -6 -4 -5 -5 -5  5  3 -6 -6 -5   15   0   6   0   8   0   0   9   0   0   0   0   0   0   0  42  20   0   0   0  1.03 inf
   19 I    0 -5 -6 -6 -3 -5 -6 -6 -6  4  4 -5  4  1 -4 -5 -3 -5 -4  2    9   0   0   0   0   0   0   0   0  19  40   0   9   5   1   0   1   0   0  16  0.91 inf
   20 K   -4  6 -2 -2 -7 -2  3 -5 -4 -7 -5  0 -4 -7  2  2 -1 -7 -6 -5    1  45   1   2   0   1  19   0   0   0   1   3   0   0  10  14   4   0   0   0  1.13 inf
   21 P    0 -4 -4 -3 -6 -4 -4 -5  2 -2 -1 -2 -3 -2  7 -4 -3  0 -2 -1    8   1   0   2   0   0   1   1   4   2   7   2   1   2  60   1   1   1   2   5  1.51 inf
   22 E    1 -1 -2  2 -5  2  5 -1 -2 -6 -5 -1 -5 -6 -2  2 -1 -6 -5 -5   13   3   1  10   0   8  37   4   1   0   1   2   0   0   2  14   2   0   0   0  0.71 inf
   23 T   -3 -4 -5 -4 -2 -4 -5 -6 -4 -1  3 -5  1  1 -6 -2  6 -4 -3 -2    1   1   0   1   1   1   0   0   0   3  24   0   3   7   0   2  55   0   1   2  1.20 inf
   24 I   -1 -3 -6 -6 -3 -5 -6 -6 -6  5  3 -2  4  1 -6 -4 -2 -5 -4  3    5   2   0   0   0   0   0   0   0  29  26   2  10   4   0   1   1   0   0  19  0.85 inf
   25 L   -1  1 -4 -5 -4 -4 -3 -5 -3  2  3  0 -1  4 -5 -3 -4  4 -1  1    7   8   0   0   0   0   1   0   1  11  31   6   1  17   0   2   0   6   1   7  0.55 inf
   26 Y    1  0 -2  3 -6  2  5 -2 -1 -6 -5  1 -3 -4 -4 -1 -2 -6  0 -5   11   5   1  16   0   7  38   2   1   0   1   7   0   1   0   4   3   0   3   0  0.71 inf
   27 F   -5 -5 -6 -7 -2 -2 -6 -7 -6  1  6 -5  1  0 -7 -6 -5  0 -1 -2    1   0   0   0   1   2   0   0   0   6  78   0   2   3   0   0   0   1   2   2  1.52 inf
   28 G    6 -5 -3 -6 -1 -5 -5  1 -3 -3 -4 -5  0 -5 -5 -1 -4 -6 -4 -3   75   0   1   0   1   0   0  10   1   1   1   0   2   0   0   4   0   0   0   1  1.52 inf
   29 K    1  4 -1  0 -5  3  2 -2  1 -5 -4  3 -3 -5 -3 -2 -2 -5 -3 -4   13  24   2   5   0  15  12   2   3   0   1  18   1   0   1   1   1   0   0   1  0.64 inf
   30 K   -1  5 -3 -2 -6  3  2 -4 -3 -3 -4  4 -1 -6 -5 -2 -3 -6 -5 -4    5  34   1   2   0  12  14   0   0   1   1  22   2   0   0   2   1   0   0   1  0.91 inf
   31 R    0  1  5 -2 -2  2 -2 -4  5 -2 -3  1 -4  0 -4 -2 -2 -4  2 -2    8   7  28   1   1   8   2   1  13   2   2  10   0   4   0   1   1   0   8   3  0.60 inf
   32 G   -3 -2  4 -1 -6  0 -2  6  1 -5 -6  1 -4 -6 -1 -1 -4 -6 -5 -6    1   2  20   3   0   3   2  50   3   0   0   7   0   0   3   3   0   0   0   0  1.08 inf
   33 I   -2 -3 -4 -2 -3 -3 -2 -4  0  5  1 -3  0 -2 -5 -2 -3 -4  1  4    2   2   1   3   0   1   2   1   3  34  11   1   2   1   0   2   1   0   5  27  0.66 inf
   34 A    1  1 -1  2 -2  1  1 -2  0 -2 -4  1 -3 -4  2  1  1 -4 -3 -2   13   7   2  11   1   6   9   2   2   3   1   8   0   0  12  10  11   0   0   2  0.28 inf
   35 L   -3 -4 -5 -3 -4 -4 -5 -4 -4  2  6 -3  0 -2 -2 -3 -3 -4 -3  0    2   1   0   1   0   0   1   1   0  11  66   2   1   1   2   2   2   0   1   6  1.06 inf
   36 P   -2 -2 -4 -3 -5 -3 -3 -1 -4 -4 -4 -2 -5 -3  8 -3 -2 -5 -4 -2    4   2   1   1   0   1   2   5   0   1   2   2   0   2  68   2   2   0   1   3  1.79 inf
   37 A    2 -1 -1  0 -2  0  0  0 -1 -3 -3 -2 -1  1  1  1  1  1  4 -1   22   3   2   5   1   4   5   7   1   0   1   1   1   5   7   9   8   2  14   3  0.23 inf
   38 D    1 -1  1  3 -1  0  0 -2  0 -2 -2  1 -1 -2 -1  0  2 -3  0 -2   11   3   6  18   1   4   6   3   2   2   4   8   1   1   3   7  14   0   4   1  0.18 inf
   39 T   -2 -2  0  4 -4 -3  1 -3 -3 -2 -1 -3 -2 -2 -2  2  4 -5 -4 -2    1   1   5  27   0   0   7   2   0   2   6   0   1   2   2  17  24   0   0   2  0.61 inf
   40 V    1 -2 -3 -1 -2 -2  0 -3 -3  2  1 -2 -1  0  3 -1 -1 -4 -1  3   10   1   1   3   0   1   7   1   0  12  11   1   1   4  13   3   3   0   1  24  0.27 inf
   41 E    1 -1 -1  3 -5  0  5 -2 -1 -5 -4  0 -5 -3 -2  0 -2 -5 -5 -4   10   2   3  15   0   3  46   3   1   1   1   4   0   2   1   5   2   0   0   1  0.81 inf
   42 E    2 -2 -2  1 -4  1  4  1 -2 -2 -2 -1 -3 -3 -3  0  0 -5 -2 -2   19   1   1   8   0   5  29  11   1   2   4   3   0   1   1   5   5   0   1   3  0.38 inf
   43 L   -2 -3 -5 -3 -1 -4 -2 -5 -5  2  5 -1  1  1 -4 -4 -3  0 -2  2    2   2   0   2   1   1   2   1   0  10  52   4   2   6   1   1   1   1   1  11  0.71 inf
   44 R    0  4 -1 -1 -3  1  0 -2 -1 -1 -1  2 -2  0 -1 -1 -1 -4 -1 -1   10  28   2   3   0   7   6   3   1   3   5  12   0   4   3   4   3   0   2   4  0.29 inf
   45 N    1  0  1  2 -4  1  1 -2  0 -3 -2  2 -2 -3  2  0 -1  0 -3 -3   14   5   6  13   0   6  10   2   2   1   3  13   1   1  12   5   3   1   1   1  0.28 inf
   46 I    2  0 -3 -2 -2 -2 -2 -3  2 -1  1 -1  0  1 -2 -1 -2  5  3  0   19   6   1   2   0   1   2   1   6   2  13   4   2   6   1   4   2   8  12   7  0.26 inf
   47 I   -2 -2 -3 -2 -2 -2 -4 -4 -2  1  0 -3  0  3 -4 -2 -1 -2  6  2    2   3   1   3   1   2   1   1   0   9  10   1   2  11   1   2   4   0  30  17  0.63 inf
   48 G    1  2  0  0 -1  2  0  1 -1 -1 -2 -1 -1 -2 -3  0  0 -4 -3  1   14  13   4   4   1  11   7  11   2   2   3   2   1   2   0   7   6   0   0  10  0.15 inf
   49 M    1 -2 -3 -3  0 -3 -3 -1 -1  1 -1 -2  2  4  2  0 -1 -3  1  0   11   2   0   1   2   1   1   4   2   8   3   2   6  24  12   6   4   0   4   8  0.33 inf
   50 D    1 -2  1  2 -3  0  2 -1  1 -3 -3  0 -2 -1 -2  0  2 -3  2 -2   12   2   6  14   0   4  14   3   4   1   2   4   0   2   1   7  14   0   7   1  0.24 inf
   51 K    0  0  2  3 -2  1  1  0  1 -2 -2  2 -2 -2 -1  0  0 -3 -2 -1    6   5   9  16   1   5   9   5   4   2   3  13   1   1   2   5   6   0   1   4  0.19 inf
   52 P   -1 -2 -1  0  5 -1  1 -1 -2 -2 -2 -2 -2  1  3  1 -1  2  1 -2    5   2   2   4  14   2  11   6   1   2   3   2   1   8  14  11   3   3   5   3  0.29 inf
   53 L    0  3  0 -1 -1 -1  0  1  1 -2 -1  1 -1 -2  1  0  0 -3 -1 -2    8  17   3   4   1   2   5  14   4   1   6   8   1   1   8   6   6   0   1   3  0.15 inf
   54 S   -3 -4  4  5 -4 -3 -2  1 -4 -5 -6 -3 -5 -6 -4  4 -1 -6 -5 -5    1   1  16  33   0   0   1   9   0   1   1   1   0   0   1  31   4   0   0   0  1.03 inf
   55 L   -4 -5 -6 -6 -5 -5 -6 -6 -6 -2  6 -6 -2  4 -6 -5 -4  4 -2 -2    1   0   0   0   0   0   0   0   0   1  72   0   0  14   0   0   1   5   1   2  1.50 inf
   56 P    0 -1  1  1 -4  3  0 -1 -1 -2 -1 -1 -1  0  2 -1  0 -2 -2  1    7   3   7   9   0  17   6   4   1   1   4   3   2   5  11   3   5   0   0  12  0.19 inf
   57 G   -1  2 -1  3 -5 -1  3 -1  3 -6 -5 -1 -4 -6 -4  3 -1 -6 -4 -5    4  12   1  18   0   2  22   6   8   0   0   2   0   0   0  21   2   0   0   0  0.63 inf
   58 F   -7 -7 -7 -8  0 -7 -8 -8 -5 -4 -4 -7 -1  8 -8 -6 -6 -2  6 -1    0   0   0   0   2   0   0   0   0   0   1   0   1  67   0   0   0   0  25   4  2.48 inf
   59 L   -2 -4 -7 -7 -5  0 -6 -6 -6  0  6 -6 -1  0 -7 -5 -4 -6 -5 -2    3   1   0   0   0   5   0   0   0   5  79   0   1   4   0   1   0   0   0   2  1.51 inf
   60 A    1  2  0  3 -5  1  3 -2  2 -5 -4  2 -2 -5 -4  0  0 -5 -4 -4   11  12   5  16   0   6  18   2   4   0   0  13   1   0   0   6   4   0   0   1  0.48 inf
   61 K    0  0 -3 -3  3 -2 -3 -3 -1  1  1  2 -1  1 -2 -1  1 -2 -1  1   10   5   0   1   6   0   1   1   1   9  16  17   1   7   2   3   9   0   2  11  0.18 inf
   62 F   -4 -6 -7 -7 -3 -5 -6 -7 -4 -1  0 -6 -2  7 -7 -6 -5  1  7 -4    2   0   0   0   1   0   0   0   0   4  10   0   1  43   0   0   0   2  36   1  1.87 inf
   63 D    0 -2 -2  5 -5 -2  2 -2 -2 -3 -4 -2 -2  0 -3 -2 -3 -4  5 -3    8   2   1  37   0   2  12   3   0   2   1   1   1   4   1   3   1   0  19   1  0.79 inf
   64 Y    1 -1 -3 -3 -3  0 -1 -3  3  1  1 -2  0  1 -1 -2 -1  5  2  1   16   3   0   0   0   5   4   1   8  10  13   1   2   5   3   2   3   8   6   9  0.22 inf
   65 Y    2 -4 -2 -4 -3 -3 -3  3 -3  0 -1 -3 -2  1  2 -2  2 -3  3  0   16   0   1   0   0   0   1  22   0   6   4   1   1   7  10   2  13   0  10   6  0.35 inf
   66 M    1  1 -2 -3  3 -3 -3 -2 -3  1  2 -3  4 -3 -4 -1  0 -4 -3  2   10   8   2   1   6   1   0   3   1   6  18   1  15   0   0   3   7   0   1  17  0.33 inf
   67 P    2 -1  1  0 -4  1  0  0  1 -4 -3  1 -3 -4  3  2 -1 -5 -4 -4   21   2   6   4   0   6   4   6   4   0   2   7   1   0  14  20   3   0   0   0  0.39 inf
   68 V    0 -3 -5 -3  3 -3 -5 -4 -6  0  1 -4 -2 -3 -4 -2 -1 -2 -3  6    7   1   0   1   5   1   0   1   0   4  11   0   0   1   0   3   4   1   1  57  0.94 inf
   69 I   -4 -4 -6 -7 -4 -5 -6 -7 -4  3  5 -6  5  0 -6 -6 -3 -5 -3  1    0   1   0   0   0   0   0   0   1  12  57   0  15   3   0   0   1   0   1   9  1.26 inf
   70 A    1  3 -3 -3 -2  5 -2 -4 -1  1  0  0 -2 -2 -4 -2 -1 -4 -2  0   10  19   0   1   1  31   1   1   1   8   8   4   0   2   0   2   3   0   1   6  0.56 inf
   71 G   -1  1  0  0  1  0 -1  2  2 -1 -1  0 -1 -2 -1  1  1 -2 -1 -1    3   9   4   6   3   3   3  19   5   3   5   6   1   2   2   9   9   1   2   3  0.12 inf
   72 C   -1 -3 -2  3  1 -2 -1 -3 -3 -2 -1 -3 -3 -4 -1  0  5 -4 -3 -2    5   1   1  19   3   1   4   1   0   2   5   1   0   1   3   5  43   0   1   2  0.73 inf
   73 R    0  3 -2 -2 -5  0  4 -2  0 -4 -2  1 -4 -3  3 -2 -3 -4  0 -3    7  14   1   1   0   4  32   3   3   1   5   7   0   1  15   1   0   0   4   1  0.56 inf
   74 E    0 -2 -1  4 -6  3  5 -3 -2 -6 -6 -1 -4 -5 -4 -1 -1 -6 -5 -5    8   2   2  26   0  12  39   1   1   0   0   3   0   0   0   3   3   0   0   0  0.99 inf
   75 A    4 -4  0  6 -5 -2 -2 -1 -4 -4 -5 -4 -4 -4 -5 -1 -1 -6 -5 -2   31   0   3  46   0   1   1   5   0   1   1   0   0   1   0   3   3   0   0   2  1.11 inf
   76 I   -4 -6 -6 -7  3 -6 -6 -7 -5  3  3 -6  1  6 -6 -6 -5 -1  2  1    1   0   0   0   5   0   0   0   0  15  29   0   3  31   0   0   0   1   6   8  1.10 inf
   77 K    1  4 -4 -3 -2  0  3 -4  1 -4 -4  1 -4  0 -5 -2  0 -1  5 -2   11  20   0   0   1   3  20   0   3   0   1   8   0   3   0   3   6   1  18   2  0.57 inf
   78 R   -2  6 -4  4 -7  0  0 -5 -3 -3  0 -2 -2 -3 -6 -3 -2 -6 -3 -4    3  49   0  20   0   4   5   0   0   1   9   0   1   1   0   1   3   0   1   1  1.10 inf
   79 I    0 -6 -6 -6  0 -5 -6 -5 -6  4  4 -5  1 -2 -6 -4 -2 -5 -4  3    9   0   0   0   2   0   0   1   0  22  38   0   3   1   0   1   2   0   0  22  0.91 inf
   80 A    5 -5 -5 -6 -2 -5 -5 -2 -6 -3 -4 -5 -1 -4 -5 -1  4 -6 -4  2   54   0   0   0   1   0   0   2   0   1   1   0   2   1   0   2  23   0   0  13  1.13 inf
   81 Y   -2  3 -4 -2 -2 -3 -1 -5 -1 -2 -1  0  2  3 -6 -3 -3  5  6 -2    3  15   0   3   1   0   4   0   1   2   5   6   6  10   0   1   1   9  30   2  0.82 inf
   82 E    2 -3 -2  3 -6 -2  6 -3  0 -7 -7 -3 -5 -5 -5 -2 -2 -3 -6 -6   20   1   1  13   0   1  55   1   2   0   0   0   0   0   0   2   2   0   0   0  1.27 inf
   83 F    0 -5  1 -6  2 -4 -5 -6 -3 -2  2 -5  0  3 -6 -3 -3 -2  6  2    9   0   6   0   4   0   0   0   0   1  16   0   2  12   0   2   1   0  30  15  0.81 inf
   84 V    2 -5 -6 -6  4 -5 -5 -3 -4  0  3 -5  1  2 -5 -3 -3 -5 -2  4   19   0   0   0   8   0   0   2   0   4  27   0   2  10   0   1   1   0   1  26  0.68 inf
   85 E   -1  2 -3 -2 -2  2  5 -5 -2 -2 -1  2 -3 -3 -4 -2 -1 -6 -5 -2    5  10   0   1   1   8  46   0   1   2   5  10   1   1   0   1   3   0   0   3  0.78 inf
   86 M   -3  3 -1  6 -7  1  2 -3 -2 -5 -5  1  1 -6 -5 -2 -2 -7 -3 -5    1  16   3  43   0   6  10   2   1   1   0   8   4   0   0   2   2   0   1   1  0.96 inf
   87 K    4 -3 -3 -1  3  0 -2 -3 -3 -3  2  0  1 -1 -4 -1 -3 -4 -4 -2   38   1   1   4   7   5   2   1   0   0  21   7   4   3   0   4   0   0   0   2  0.49 inf
   88 A    5  0 -3 -4 -4 -1 -4 -3  4 -4 -3  1 -3 -2 -5 -1 -4 -2  0 -1   58   4   1   1   0   2   0   1   9   1   2   8   0   2   0   4   0   1   3   4  0.92 inf
   89 K    3  2  1 -1 -4  1  1 -2 -2 -4 -2  2 -1 -5 -4  0 -2 -5 -4 -3   31  13   6   3   0   7  10   2   0   1   4  14   1   0   0   6   2   0   0   0  0.45 inf
   90 E   -1 -2  1  5 -6  4  4 -4  2 -4 -4 -3 -2 -6 -5 -2 -4 -6 -4 -4    6   1   6  28   0  22  25   1   5   1   2   0   1   0   0   2   0   0   0   1  0.97 inf
   91 G   -4 -2  6 -4 -4 -1 -4  6  0 -8 -8 -3 -7 -7 -6 -3 -5 -7 -6 -7    0   2  32   0   0   3   0  57   2   0   0   1   0   0   0   1   0   0   0   0  1.75 inf
   92 V   -1 -5 -6 -7  0 -6 -6 -5 -7  2  0 -6 -3 -5 -6 -1 -1 -7 -5  6    5   1   0   0   2   0   0   1   0  11   8   0   0   0   0   5   3   0   0  65  1.35 inf
   93 V   -1  4 -3  0  0 -3 -3 -3  2  2  0  0 -2 -4 -5 -3 -2 -3 -4  4    4  23   0   5   2   0   1   2   4  12   6   4   0   0   0   1   2   0   0  32  0.54 inf
   94 Y   -7 -1 -6 -8 -8 -6 -7 -8  7 -7 -4 -6 -6 -3 -8 -7 -7  3  9 -7    0   4   0   0   0   0   0   0  21   0   2   0   0   0   0   0   0   4  70   0  2.83 inf
   95 V    4 -3 -4 -5 -1 -3 -4 -2 -5  1  1 -4  1 -1 -4  0  1 -5 -4  2   35   1   0   0   1   1   0   2   0   8  13   0   4   3   0   6  10   0   0  16  0.51 inf
   96 E   -6 -5 -6 -2 -9 -3  8 -8 -5 -9 -8 -4 -7 -9 -6 -5 -6 -8 -7 -8    0   0   0   1   0   0  99   0   0   0   0   0   0   0   0   0   0   0   0   0  2.94 inf
   97 V   -1 -5 -5 -6 -3 -4 -5 -3 -5  5  2 -5  2  1  0 -3 -1 -5 -4  4    5   0   0   0   0   1   0   2   0  29  18   0   5   5   5   1   4   0   0  24  0.70 inf
   98 R   -4  6 -4 -5 -5 -4 -4 -5 -1 -1 -4 -3  1  6 -5 -2 -1 -4 -2 -4    1  49   0   0   0   0   0   0   2   4   1   0   3  29   0   3   5   0   1   0  1.43 inf
   99 Y   -5 -5 -5 -6 -3 -5 -6 -6 -4 -1 -1 -5 -2  8 -6 -5 -1  3  5  0    1   0   0   0   1   0   0   0   0   3   6   0   1  54   0   0   4   4  18   6  1.64 inf
  100 S    3 -4  0  4  1 -3 -2 -2 -4 -5 -5 -3 -4 -4 -4  4  1 -2 -3 -4   25   0   5  23   3   0   1   3   0   0   1   0   0   1   0  28   8   1   1   0  0.73 inf
  101 P   -4 -5 -5 -5 -6 -5 -5 -5 -5 -6 -6 -5 -6 -6  9 -5 -4 -6 -6 -5    1   0   0   1   0   0   1   1   0   0   1   1   0   0  90   1   1   0   0   1  2.95 inf
  102 H   -2 -2 -2  1 -4  5  2 -1  4 -2 -1 -1 -2 -1 -2 -1  0 -3  1 -2    3   1   1   7   0  32  11   4   9   2   6   4   1   2   1   3   6   0   6   3  0.49 inf
  103 L   -1 -1 -1 -1 -1 -1 -1 -1  0  0  3 -1  0  3 -1 -1 -1 -1  2  0    4   3   3   3   1   2   3   5   2   3  30   3   2  12   2   4   4   1   7   5  0.15 inf
  104 L    0  0  0 -1  1  0 -1 -1  0  0  1 -1  2  0  0  0  0  0  0  0    6   4   5   3   4   3   4   5   3   4  17   4   9   5   3   7   5   1   3   6  0.02 inf
  105 A    2  0  0  0  0  0  0  0 -1  0  0  0  0 -1  0  0  0 -1 -1  0   21   4   3   4   2   3   7   8   1   4   9   4   2   3   3   7   5   1   2   7  0.04 inf
  106 N    0  0  1  0  0  0  0  0  0 -1 -1  0  1  0  0  1  0  0 -1 -1    7   5  10   5   2   5   5   8   2   3   7   4   7   4   3   9   5   1   2   4  0.03 inf
  107 S    0  0  1  0  1  0  0  0  0 -1 -1  1  0 -1  0  1  0 -1 -1 -1    8   4   6   4   3   3   6   8   2   5   6  10   2   3   4  11   7   1   2   5  0.04 inf
  108 K    0  0  0  1 -1  1  0  0  3 -1 -1  1 -1 -1  0  0  0 -1  0 -1    6   4   3   8   1   9   4   8   9   4   6   9   1   3   4   7   4   1   3   5  0.07 inf
  109 V    0  0  0  0  0  1  0  0 -1  0  0  0  1 -1  0  0  0 -1  0  1    7   4   4   4   2   6   5   6   2   5   9   6   4   3   4   6   5   1   3  16  0.01 inf
  110 D    0  0  1  1 -1  0  1  0  0 -1  0  0  0 -1  0  0  0 -1  0  0    6   4   6  11   1   3   8   6   2   4   9   5   2   3   5   8   7   1   3   5  0.04 inf
  111 P    0  0  0  0  0  0  0  0 -1 -1 -1  0 -1  0  3  0  0  0 -1 -1    7   4   4   5   2   3   6   6   2   4   8   6   2   4  18   6   5   1   2   5  0.14 inf
  112 M    0  0  0  0 -1  0  0  0  0  0  0  0  0 -1  0  0  1  0  0  0    7   6   4   4   1   3   5   6   2   9   7   5   2   3   4   6  11   1   3   9  0.01 inf
  113 P    0  0  0  0 -1  0  0  0  0 -1  0  0  0  0  2  1  0 -1  0  0   10   4   4   4   1   3   6   8   3   4   8   5   2   3   9  11   5   1   3   5  0.05 inf
  114 W    0  0  0  0 -1  0  0 -1  0  0  0 -1  0  1  0  0  0  5  3  0    7   4   4   5   2   4   5   5   2   4   7   4   3   4   5   6   4   8  12   5  0.11 inf
  115 N    2 -1  1 -1 -1  1  0  0  1 -1 -1 -1 -1 -1 -1  1  1 -2 -1 -1   19   3   7   3   1   9   3   8   3   3   5   3   1   2   3   8  12   1   2   3  0.11 inf
  116 Q   -1 -2 -1 -2 -3  1 -1 -2  9 -3 -3 -1 -3 -3  1  0 -2 -3 -1 -3    4   2   3   2   0   7   3   3  47   1   2   3   1   1   6   9   2   0   2   2  1.20 inf
  117 T   -1  0 -1 -2 -2  0 -1 -1 -1  0  1 -1  1 -1 -1 -1  4  1 -1  1    5   5   2   1   1   3   4   4   2   4  13   3   4   2   3   3  30   2   1   9  0.21 inf
  118 E    0  1  0  1 -2  1  2 -2  0 -2 -1  1 -1 -1 -1  0 -1 -2 -2  0   10  10   3   8   1   7  18   3   3   2   5   6   2   3   2   7   3   1   1   6  0.13 inf
  119 G   -1  5 -1 -1 -3  1 -1  2 -2 -2 -3  2 -2 -3 -2 -1 -2 -3 -2 -2    5  33   3   3   1   7   3  17   1   3   3  10   1   1   2   3   2   0   1   2  0.49 inf
  120 D   -2 -2  0  2 -4 -2 -2  6 -3 -4 -4 -3 -3 -3 -4 -2 -3 -4 -4 -4    2   2   4  10   0   1   3  64   1   1   1   2   1   1   1   2   1   0   0   1  1.23 inf
  121 V   -4 -5 -5 -5 -4 -4 -5 -4 -5  4  4 -4  2 -2 -4 -4 -3 -4 -4  3    1   0   0   0   0   1   0   2   0  21  45   1   4   1   1   1   1   0   0  20  0.94 inf
  122 T    1 -1  0  2 -4 -3 -2  0 -1 -3 -4 -2 -4 -5  4  3  4 -5 -4 -4   10   3   3  10   0   0   2   6   1   2   1   2   0   0  18  19  24   0   0   0  0.59 inf
  123 P    1 -4 -4 -3 -2  0 -2 -3 -3  1  2 -2  1  4  3 -2 -2  2  1 -1   10   0   0   1   1   5   2   1   0   9  18   2   4  17  14   2   1   3   5   4  0.37 inf
  124 D    1  1 -2  4 -4  0  4 -1 -1 -4 -4  0 -3 -4 -2  0 -1 -5 -4 -2   13   7   1  22   0   4  27   4   2   0   2   5   0   1   2   5   4   0   0   2  0.52 inf
  125 D    1 -2 -2  2 -4  1  4  0 -2 -3 -2 -2 -2 -3 -3 -1  2 -5 -4  0   11   2   1  12   0   7  27   8   0   1   3   1   1   1   0   2  16   0   0   7  0.42 inf
  126 V    1 -5 -6 -6 -3 -4 -4 -6 -3  3 -2 -5  0  0 -4 -4 -1 -5  2  6   13   0   0   0   0   1   1   0   1  12   2   0   2   3   1   0   3   0   6  54  1.04 inf
  127 V   -4 -5 -5 -6 -2 -3 -6 -6 -1  4  2 -5  3  1 -6 -5 -1 -2 -2  5    0   0   0   0   1   1   0   0   2  20  17   0   7   5   0   0   4   1   1  41  0.95 inf
  128 D    1  0  2  3 -4  1  5 -2  0 -4 -3  0 -2 -5 -3 -1 -2 -6 -4 -4   12   4   8  14   0   5  35   2   2   1   2   5   1   0   0   4   2   0   0   1  0.60 inf
  129 L    5 -5 -4 -5 -3 -4 -5  4 -4  0 -1 -5 -4 -4 -5  0 -1 -6 -4 -3   41   0   0   0   0   0   0  34   0   5   7   0   0   1   0   6   3   0   1   2  0.96 inf
  130 V   -1 -6 -6 -4 -2 -5 -5 -6 -6  4  1 -6  0  1 -6 -5 -2 -5  0  5    4   0   0   1   1   0   1   0   0  24  14   0   2   7   0   0   2   0   3  42  0.96 inf
  131 N    0 -1  1 -1  1  0  0 -1  1  2  2 -1  0 -2 -3 -1  0 -2 -1  1    6   3   7   2   3   5   8   4   4  12  22   2   1   0   0   3   4   1   2  10  0.10 inf
  132 Q    2  3 -1  4 -5  2  2 -3 -3 -5 -4  1 -3 -6 -4 -1 -2 -6 -5 -4   17  17   2  21   0   9  15   2   0   0   1   8   0   0   0   4   2   0   0   1  0.58 inf
  133 G    4 -3 -5 -4 -6 -4 -3  6 -6 -7 -7 -4 -6 -7 -6 -3 -5 -7 -7 -4   35   1   0   1   0   1   1  58   0   0   0   1   0   0   0   1   0   0   0   1  1.63 inf
  134 L    0  0 -5 -5  3 -1 -5 -5 -5  2  3 -3  3  2 -5 -3 -2 -4 -3  1   10   6   0   0   6   4   0   0   0  14  33   0   7   9   0   1   1   0   0   9  0.53 inf
  135 Q    1  3  0  1 -3  3  2 -3  1 -3 -3  3 -3 -4 -4 -2 -2 -5 -4 -2   14  19   4   8   1  12  11   1   3   1   2  17   0   0   0   2   2   0   0   3  0.45 inf
  136 E    1  3 -1  3 -5  2  3 -4 -2 -3 -4  1 -3 -5 -4 -1 -1 -2 -4 -4   15  19   2  17   0   8  20   0   0   1   2   7   0   0   0   4   3   1   0   0  0.58 inf
  137 G    6 -5 -4 -6 -4 -5 -4  4 -6 -5 -6 -5 -5 -5 -5 -1 -4 -7 -4 -3   56   0   0   0   0   0   1  34   0   0   0   0   0   0   0   4   1   0   1   2  1.44 inf
  138 E   -1  1 -2 -2  2  2  5 -3 -2 -4 -3  1  1 -5 -3  0 -1 -5 -3 -2    5   8   1   1   5   8  38   2   1   0   2   8   4   0   1   7   4   0   1   3  0.58 inf
  139 Q    2  4 -1 -1 -4  2  2 -3 -2 -3 -4  3 -3 -5 -3  0  0 -3 -4 -3   16  24   3   3   0   7  15   1   1   1   1  15   0   0   0   5   5   0   0   1  0.53 inf
  140 A    0  2 -1  4 -5  2  3 -1 -2 -4 -3  2 -2 -4 -4 -2 -1 -5 -3 -3    8  10   3  22   0   8  23   5   0   1   3  10   1   0   0   1   4   0   1   1  0.50 inf
  141 F   -2 -3 -4 -4  0 -4 -4 -3  4 -2  2 -3 -1  6 -3 -3  1  1  4 -2    3   1   0   1   2   1   0   2   9   1  19   2   1  30   1   2   9   2  13   1  0.75 inf
  142 G   -2 -2  1  2 -6 -3 -2  6 -1 -7 -6 -1 -6 -6  0 -2 -4 -7 -6 -6    2   2   7  11   0   1   2  62   2   0   1   3   0   0   5   2   1   0   0   0  1.30 inf
  143 I   -4 -7 -7 -7 -3 -5 -7 -7 -4  7  0 -6  1 -2 -4 -5 -2 -6 -5  4    1   0   0   0   0   1   0   0   1  56   8   0   2   1   1   1   2   0   0  26  1.50 inf
  144 K   -1  1 -2  0 -4  1  1 -1  2 -2 -4  3 -2 -3 -3  2  2 -5  0  0    3   9   0   6   0   5   8   4   5   2   0  19   1   0   1  14  12   0   3   7  0.27 inf
  145 V    3 -4 -3 -5  1 -4 -4  0 -4  1 -1 -4  0 -2 -4  2  0 -2 -1  3   23   0   1   0   3   0   0   8   0   8   6   0   2   1   0  15   5   0   2  25  0.42 inf
  146 R   -1  6  3 -3 -3  0 -3  2 -1 -5 -5  2 -2 -4 -5 -2 -3 -6 -3 -4    4  39  14   1   0   3   1  17   2   0   1  11   1   1   0   2   1   0   1   1  0.87 inf
  147 S   -1 -5 -5 -6 -2 -1 -5 -3 -5  1  4 -5  0 -1 -5  0 -1  5  0  1    4   0   0   0   1   3   0   2   0   7  46   0   2   2   0   8   4   7   3  10  0.67 inf
  148 I   -4 -7 -7 -8  0 -7 -7 -8 -7  7  2 -7  0 -4 -7 -6 -2 -7 -6  1    1   0   0   0   2   0   0   0   0  68  19   0   2   0   0   0   2   0   0   5  1.79 inf
  149 L    0 -5 -5 -6  0 -5 -5 -1 -5  1  4 -5  4  1 -1 -4 -3 -5 -3  3    6   0   0   0   2   0   0   6   0   6  38   0  12   6   3   0   1   0   0  18  0.68 inf
  150 C    0 -7 -5  1 10 -6 -5 -4 -6  1 -5 -6 -4 -5 -6  2  1 -7 -6 -4    8   0   0   9  49   0   0   1   0   9   0   0   0   0   0  13   9   0   0   0  1.75 inf
  151 C    2 -4 -5 -6  6 -5 -5  1 -3  2  0 -5  2  4 -4 -3 -3 -4 -2  0   17   1   0   0  15   0   0  12   1  11  10   0   5  21   0   1   1   0   1   4  0.65 inf
  152 M   -4 -4 -1  1 -5 -3 -3 -4 -2  2  3 -5  7 -3 -1  0 -3 -4 -2  0    0   0   3   7   0   1   1   1   1   9  29   0  27   0   4   9   0   0   1   5  0.75 inf
  153 R   -4  8 -4 -7 -8 -3 -5 -2 -5 -8 -5  0 -6 -8 -7 -6 -3 -8 -4 -5    1  86   0   0   0   0   0   4   0   0   1   4   0   0   0   0   1   0   0   1  2.50 inf
  154 H   -4 -1  0  2 -2  2 -1  0  8 -4 -4 -4  1 -3 -4 -3  1 -2 -1 -4    1   3   3  13   1   8   4   7  39   1   1   0   3   1   1   1   9   1   1   1  1.07 inf
  155 Q    0 -1 -1 -1 -2  1  0 -2  2 -2  2 -2  3  3 -4  0 -2 -3  0 -2    7   3   3   4   1   6   7   2   6   0  24   1   7  16   0   7   1   0   2   0  0.27 inf
  156 P   -2 -4 -3  1 -5 -2  0  2 -3 -5 -5 -3 -5 -6  6  3  0 -6 -4 -5    2   1   0   7   0   1   5  15   0   0   1   1   0   0  40  20   5   0   1   1  1.08 inf
  157 S    2 -2  0  2 -5  0  4 -3 -3 -3 -1  0 -3 -4 -2  0 -1 -5 -4 -1   18   2   4  10   0   3  31   0   0   1   7   5   0   0   2   5   4   0   0   5  0.43 inf
  158 W    1  1 -1  3 -4  1  4 -4  0 -4 -3  0 -3 -2 -2 -2 -2  5 -4 -3   11   7   2  16   0   6  29   0   2   1   3   4   0   2   1   2   1   8   0   2  0.58 inf
  159 S    5 -3  2 -1  1 -3 -2 -1 -4 -4 -5 -3 -4 -4 -3  3 -1 -6 -5 -2   43   1   9   4   3   1   2   4   0   0   0   1   0   1   1  26   3   0   0   3  0.80 inf
  160 L    1  1 -2 -3  3  0 -1 -3 -1  1  1  0  3  0  0 -2 -2 -1 -2  0   15  11   1   0   6   4   4   1   1   7  17   6  10   4   4   1   1   1   1   5  0.17 inf
  161 E    0  1 -2  1 -5  3  5 -4 -3 -4 -4  1 -4 -6 -2 -2  0 -4 -5 -5    8   7   1   7   0  11  45   1   0   1   1   7   0   0   2   1   6   0   0   0  0.86 inf
  162 V    0 -3 -3 -5 -2 -1 -2 -5 -1  2  1 -4  3 -4 -4 -2  4 -5 -3  2    7   1   1   0   1   3   3   0   2  13  13   0   6   0   0   2  30   0   0  16  0.54 inf
  163 L    3 -5 -5 -5 -4 -4 -2 -5 -5  1  3 -5  0  1 -4 -3 -3 -3 -1  3   26   0   0   0   0   0   3   0   0   8  30   0   1   6   0   1   1   0   2  20  0.63 inf
  164 E   -2  3 -1  3 -5  0  5 -2  1 -4 -1  1 -3 -5 -3 -3 -3 -6 -3 -3    3  14   3  17   0   4  35   3   3   1   6   6   0   0   1   1   1   0   1   1  0.66 inf
  165 L    1 -2 -3 -1  1  1  1 -3 -1 -1  3 -2  1  0 -4 -1 -1  2 -1 -2   11   1   1   3   3   7   9   1   2   2  38   2   3   3   0   4   4   3   2   2  0.30 inf
  166 C    5 -5 -3 -5  5 -4 -4 -1 -5 -1 -1 -5 -1 -2 -5 -1 -2 -6 -4  1   55   0   1   0  11   0   0   5   0   3   6   0   1   2   0   4   1   0   0   9  0.96 inf
  167 K    1  0 -1 -2 -2 -1 -1 -3 -1  1  2  2  0 -3 -4 -2 -1 -1 -3  2   15   4   3   1   0   2   4   1   2   7  23  13   2   0   0   1   4   1   0  15  0.19 inf
  168 K    1  3 -2  1 -5  1  2 -3 -1 -3 -2  3 -2 -5  3 -1 -3 -5 -4 -4   11  15   1   7   0   4  13   1   1   1   5  20   1   0  16   2   1   0   0   0  0.49 inf
  169 Y   -2 -2  0 -2 -2 -3 -3 -4  5 -3  0 -4  0  4 -4 -3 -1  3  6 -3    3   2   4   2   1   1   1   1  13   1   8   1   2  18   1   1   3   4  30   2  0.92 inf
  170 N    1  4 -2 -3 -2  1 -2 -2  2 -2  0  2  0 -2 -1 -1 -2 -3 -1 -2   14  28   1   0   1   7   1   3   5   2  11  13   2   2   3   3   1   0   2   2  0.38 inf
  171 Q   -2  0  2  5 -3  1  1  2  2 -5 -5  1 -5 -4  1 -1 -3 -6 -4 -4    3   4   9  30   1   5   8  14   6   0   1   8   0   1   7   3   1   0   0   1  0.57 inf
  172 K   -1  3  0  3 -5  2  1 -1  1 -4 -3  3 -4 -4  0 -1 -2 -5 -2 -3    5  14   5  18   0   8   8   5   4   0   2  17   0   0   5   4   1   0   1   1  0.40 inf
  173 T   -2 -2 -2 -1 -2 -2  0  5  1 -3 -2 -1 -1 -1 -2 -1  0  2 -1 -2    3   2   1   3   1   1   6  45   4   2   5   3   2   3   2   4   7   3   2   2  0.54 inf
  174 V   -3 -6 -5 -7 -5 -6 -6 -7 -7  4  1 -6 -3  2 -6 -5 -3 -4 -4  6    1   0   0   0   0   0   0   0   0  22  13   0   0   9   0   0   1   0   0  53  1.36 inf
  175 V   -1 -5 -5 -4  1 -5 -5 -5  1  3 -1 -4 -2 -4 -4 -3  1 -6 -4  6    6   0   0   1   3   0   0   0   4  15   4   1   0   0   1   2   8   0   0  54  1.02 inf
  176 A    4 -6 -5 -6 -6 -6 -6  6 -6 -7 -7 -5 -6 -7 -6 -2 -5 -7 -7 -6   33   0   0   0   0   0   0  64   0   0   0   0   0   0   0   3   0   0   0   0  1.85 inf
  177 M   -3 -6 -6 -7 -5 -6 -6 -5 -6  4  2 -6 -1  6 -6 -5 -4 -1 -1  3    2   0   0   0   0   0   0   1   0  26  16   0   1  31   0   0   0   1   1  20  1.16 inf
  178 D   -5 -6 -2  6 -3 -5 -4  5 -6 -7 -8 -5 -7 -7 -6 -3 -5 -7 -7 -7    0   0   1  50   1   0   0  45   0   0   0   0   0   0   0   2   0   0   0   0  1.92 inf
  179 L   -4 -6 -7 -7 -5 -4 -6 -7  0  3  6 -6  3  1 -6 -5 -5 -1 -4 -1    1   0   0   0   0   1   0   0   2  14  66   0   7   4   0   0   0   1   0   3  1.35 inf
  180 A    5 -5 -3  4 -2 -4 -3  1 -3 -6 -6 -4 -5 -6 -5  1 -4 -7 -6 -4   52   0   0  26   1   0   0  11   1   0   0   0   0   0   0   8   0   0   0   1  1.21 inf
  181 G   -1 -6  0 -4 -3 -5 -5  6 -5 -7 -7 -5 -6 -6 -6  3 -4 -6 -1 -6    4   0   5   0   1   0   0  62   0   0   0   0   0   0   0  24   0   0   2   0  1.59 inf
  182 D    2 -1  2  5 -5 -3 -1 -1 -2 -4 -5 -3 -2 -3  2  2 -2 -6 -3 -5   17   3   9  32   0   1   3   4   1   1   1   1   1   1   9  16   2   0   1   0  0.66 inf
  183 E   -4 -5 -5 -2 -8 -3  8 -5 -5 -8 -7 -4 -7 -8 -2 -5 -5 -7 -7 -7    2   0   0   1   0   0  92   1   0   0   0   0   0   0   3   0   0   0   0   0  2.56 inf
  184 T    1  2  0 -1 -2 -1 -1 -1  0  0  1  0  0 -2 -2 -1  0 -3 -1  1   14  12   4   3   1   1   4   4   3   5  14   6   2   1   1   3   5   0   3  14  0.07 inf
  185 I   -1  0  1  1 -4 -1 -1  5 -1  0 -2 -2  0 -3  0 -2 -3 -5 -4 -1    5   6   5  10   0   2   3  41   1   6   4   1   2   1   6   2   0   0   0   5  0.49 inf
  186 E   -2  0  2 -2 -3 -1 -1  2  4 -3 -3 -3 -3  4 -1 -2 -3  0  3 -1    2   5  13   2   0   2   3  16  11   1   2   1   0  20   3   1   1   1  10   4  0.46 inf
  187 G   -3 -1 -3  0 -3 -4 -3  0 -1 -5 -5 -2 -1 -1  8 -1 -4 -6 -3 -4    2   4   1   5   1   1   1   6   1   1   1   2   2   3  63   4   1   0   1   1  1.59 inf
  188 S    0 -1 -2 -3  0 -2 -2  0 -3 -3 -3 -2  0 -5  6 -1  1  0 -3 -1    8   4   2   1   2   2   3   7   0   1   2   2   2   0  45   5   7   2   1   4  0.90 inf
  189 S    1  0 -1  1 -3  0  3 -1  0 -2 -2  0 -1 -3  0  2  0 -4 -2 -2   13   4   2   6   0   3  20   5   2   2   4   4   2   1   4  20   6   0   1   2  0.24 inf
  190 L   -1  0 -1  2 -2  1  1 -2  0 -1  1  3  0 -2  1 -1 -1 -2 -2 -2    4   4   2  11   1   5   7   3   2   2  18  22   3   1   6   3   3   0   1   2  0.18 inf
  191 F   -4 -4 -3 -4  0 -4 -3 -4 -3 -1  0 -4 -2  8 -4 -4 -3  1  1 -2    1   1   2   1   2   1   2   2   0   4  10   1   1  62   1   1   2   1   3   2  1.50 inf
  192 P    0  1 -1  0 -2  1  2 -1  0 -1 -1  2 -1 -2  2  0 -1 -2 -1 -1    7   9   2   5   1   4  13   4   3   5   6  13   1   1  10   6   3   1   2   4  0.13 inf
  193 G    0  1  1  1 -2  0  1  1  0 -2 -1  0 -1 -2  2  0  0 -1 -1 -1    7  10   6   7   1   4   8  11   2   2   5   4   1   2  12   7   4   1   2   3  0.13 inf
  194 H   -1 -1 -1 -2 -1 -1 -1 -2  7 -1 -1 -1 -1  1 -2 -1 -1 -1  4 -1    4   3   2   3   1   2   4   3  28   4   7   3   1   6   2   4   4   1  13   5  0.51 inf
  195 V    2  0 -2 -2 -1 -1 -1 -2 -2  1  1  0  0  0 -1 -1  0  0  0  1   23   4   1   2   1   3   3   3   1   9  11   6   2   3   2   3   6   1   3  13  0.10 inf
  196 E   -1  3 -1  2 -4  2  3 -2  0 -3 -3  1 -1 -3  1 -1 -2  0 -1 -3    6  15   3  13   0   7  21   3   2   1   2  10   1   1   6   2   2   1   2   1  0.36 inf
  197 A    4 -3 -4 -4  1 -1 -2 -2 -2  0  0 -3  0 -2 -3 -1 -2 -4 -1  3   42   1   1   1   2   3   2   2   1   5   8   1   2   2   1   3   1   0   2  22  0.56 inf
  198 Y   -5 -6 -7 -7 -2 -6 -7 -7 -5 -1 -2 -7 -2  8 -7 -6 -3 -1  5 -3    1   0   0   0   1   0   0   0   0   3   4   0   1  65   0   0   2   1  20   2  2.17 inf
  199 E    2  2  0  2 -4  3  3 -2 -1 -4 -4  2 -4 -5 -4 -1 -1 -5 -4 -3   19  12   3  11   0  14  16   2   2   1   1  11   0   0   0   3   4   0   0   1  0.47 inf
  200 G   -1  2 -2 -1 -2  1  1 -3  0  1  1  1  1 -1 -3 -1 -1 -2  2 -1    5  15   1   3   1   6  11   1   2  10  12   9   4   2   0   3   3   0  10   1  0.17 inf
  201 A    6 -5 -6 -6  1 -5 -4 -3 -6 -1  0 -5 -1 -5 -5 -3 -2 -6 -3  0   71   0   0   0   3   0   1   1   0   3   8   0   2   0   0   0   1   0   1   7  1.35 inf
  202 V    0  6 -1 -3 -5  1 -1 -3  0 -2 -2  3 -4 -5 -5 -2 -3 -6 -2 -1    8  43   2   1   0   4   4   2   2   2   3  20   0   0   0   1   1   0   1   5  0.85 inf
  203 K    1  3  0  3 -5  0  4 -3 -2 -4 -5  2 -4 -6 -4 -1 -3 -6 -5 -5   14  17   4  17   0   4  25   2   1   1   0  10   0   0   0   5   1   0   0   0  0.66 inf
  204 N    3  0  1 -1  0  0  1 -1  1 -2  1  0  0 -2 -3  0 -2 -1  0 -2   29   5   7   2   2   3   8   4   4   1  14   6   3   1   0   5   1   1   4   1  0.19 inf
  205 G   -4 -5  2 -3 -4 -4 -5  7 -1 -7 -5 -4 -6 -3 -4 -2 -5 -4 -5 -7    1   0   8   2   0   1   1  79   2   0   1   1   0   1   1   2   0   0   0   0  1.91 inf
  206 I   -2 -5 -4 -6 -3 -5 -5 -4 -4  3  4 -5  1  3 -6 -4 -3  2  2  1    2   0   1   0   0   0   0   1   0  17  45   0   2  10   0   1   1   3   6   9  0.83 inf
  207 H   -1  3  0 -4 -6 -1 -3 -1  7 -4 -1  1 -4 -3  4 -3 -4 -6 -2 -5    4  19   5   0   0   2   1   5  26   1   7   7   0   1  18   1   0   0   1   0  0.84 inf
  208 R   -1  2 -4 -5  1 -3 -4 -4 -4  2  2 -2  1  2 -3  0  0 -4 -1  1    4  15   0   0   2   0   0   1   0  14  22   1   2  10   1   8   6   0   2  10  0.34 inf
  209 T   -2 -6 -5 -6 -3 -5 -5 -6 -6 -2 -3 -5 -2 -5 -6 -2  7 -7 -6  3    3   0   0   0   0   0   0   0   0   1   2   0   1   0   0   2  70   0   0  19  1.77 inf
  210 V    3 -5 -5 -5  0 -4 -5 -4 -3  4 -1 -4  1 -1  2 -3 -2 -5 -4  3   29   0   0   0   2   0   0   1   0  20   6   0   4   3  12   1   2   0   0  20  0.67 inf
  211 H   -7 -6 -5 -7 -8 -5 -6 -5 11 -9 -8 -6 -7 -7 -8 -6 -7 -8 -4 -9    0   0   0   0   0   0   0   1  98   0   0   0   0   0   0   0   0   0   0   0  4.27 inf
  212 A    7 -4 -4 -6  3 -4 -5 -1 -6 -6 -6 -5 -5 -7 -5 -1 -4 -7 -6 -3   83   1   1   0   6   1   0   4   0   0   0   0   0   0   0   3   0   0   0   1  1.88 inf
  213 G   -4 -7 -5  0 -3 -6 -6  8 -6 -8 -8 -6 -7 -8 -7 -3 -6 -7 -7 -7    0   0   0   5   1   0   0  92   0   0   0   0   0   0   0   2   0   0   0   0  2.49 inf
  214 E   -6 -5 -5 -2 -8  1  8 -7 -5 -8 -8 -4 -7 -8 -6 -5 -6 -8 -7 -7    0   0   0   1   0   6  92   0   0   0   0   0   0   0   0   0   0   0   0   0  2.64 inf
  215 V    3 -3 -2  0  3 -1  3 -2 -2 -3 -1 -1 -2  0 -4  0  0  1 -3  0   24   1   1   4   8   3  20   2   1   0   8   4   0   4   0   5   5   2   0   9  0.28 inf
  216 G    2 -3 -2  1 -1 -3 -4  5 -1 -5 -2 -3 -2  0 -2  0  0 -2 -1 -2   18   1   2   8   2   1   0  43   1   0   3   1   1   4   1   5   5   0   2   2  0.64 inf
  217 S   -3 -5  0  0  3 -5 -4  5 -4 -4 -6 -4 -2 -5  4  0 -1 -6 -4 -3    1   0   4   5   6   0   0  44   0   1   0   0   1   0  22   8   5   0   0   2  1.02 inf
  218 P    3 -3 -5 -5 -5 -4 -4 -1 -1 -1 -1 -4 -3 -5  6 -1 -3  1 -3 -1   23   1   0   0   0   0   1   4   2   3   8   0   1   0  44   3   1   2   1   5  1.06 inf
  219 E    0 -1  0  2 -5  2  4 -2 -1 -5 -5  0 -3 -3  1  1 -1 -1 -3 -3    9   3   3  10   0  10  34   2   1   0   0   5   0   1   6   9   3   1   1   2  0.53 inf
  220 V   -2 -3  4 -4 -4 -3 -1 -3  4 -5 -5 -3 -1 -1 -5  4 -1 -3  5 -2    2   1  19   0   0   0   4   2   8   0   0   1   1   3   0  33   4   0  17   3  0.83 inf
  221 V   -4 -7 -7 -7 -5 -6 -5 -7 -7  6 -1 -6  2 -4 -6 -6 -4 -7 -5  5    1   0   0   0   0   0   1   0   0  47   4   0   4   0   0   0   0   0   0  43  1.71 inf
  222 R    0  4 -4 -3 -3  1 -1 -4  2 -2 -2  1 -2 -2 -5 -1 -1  8  1 -2    9  22   0   1   0   5   5   1   5   3   4   7   1   1   0   4   3  22   5   2  0.78 inf
  223 E   -1 -1 -2  4 -5  4  4 -1 -1 -6 -5 -2 -5 -5 -3 -1  0 -6 -3 -4    5   3   1  21   0  21  28   4   1   0   1   2   0   0   1   4   6   0   1   1  0.79 inf
  224 A    7 -6 -5 -6  2 -5 -5 -3 -6 -4 -4 -5 -2 -6 -5  1 -1 -7 -6 -1   76   0   0   0   4   0   0   1   0   1   1   0   1   0   0   8   3   0   0   5  1.62 inf
  225 V   -4 -6 -7 -7 -5 -6 -7 -7 -7  5  5 -6  0 -3 -7 -6 -5 -6 -5  3    1   0   0   0   0   0   0   0   0  34  46   0   1   1   0   0   0   0   0  17  1.40 inf
  226 D   -2  1  2  5 -4  1  3 -4  1 -3 -5  0 -4 -3 -4 -1 -1 -5 -4 -4    2   7   8  35   0   7  20   1   4   1   1   4   0   1   0   4   3   0   0   1  0.76 inf
  227 I    0 -2 -1  1 -3 -1  0 -2  1  1  1 -1  1  0 -3 -1  0  2  0  2   10   1   2   9   0   3   8   1   4   8  15   2   3   5   1   2   5   3   2  15  0.10 inf
  228 L   -4 -5 -6 -6  5 -5 -6 -3 -6  0  6 -6  3 -1 -6 -4 -4 -5 -2 -2    1   0   0   0  10   0   0   2   0   4  68   0   6   2   0   1   0   0   1   2  1.36 inf
  229 K   -3  1  0 -1 -6  0 -2  5  4 -6 -6  3 -5 -6 -4 -2 -4 -6 -3 -6    2   8   5   3   0   5   1  46  10   0   1  17   0   0   1   2   0   0   1   0  0.98 inf
  230 T    5 -6 -6 -6 -1 -5 -5 -4 -6  1 -4 -5 -4 -5  1 -2  0 -7 -5  4   49   0   0   0   1   0   0   1   0   7   0   0   0   0   8   1   6   0   0  26  1.08 inf
  231 E   -2  0 -1  3 -4  1  5 -4  1 -5 -4  1 -5 -6 -3  1  0 -4 -5 -3    3   5   2  16   0   5  39   0   3   0   2   7   0   0   1   9   6   0   0   1  0.74 inf
  232 R   -7  9 -6 -7 -9 -3 -5 -8 -6 -9 -8 -3 -7 -8 -8 -6 -7 -8 -7 -8    0  99   0   0   0   1   0   0   0   0   0   0   0   0   0   0   0   0   0   0  3.25 inf
  233 V   -6 -7 -4 -8 -6 -7 -8 -8 -8  8  2 -7 -2 -5 -7 -7 -5 -7 -6  1    0   0   1   0   0   0   0   0   0  75  16   0   1   0   0   0   0   0   0   8  2.07 inf
  234 G   -4 -4 -4  5 -7 -3 -5  7 -6 -8 -8 -6 -7 -8 -7 -4 -6 -8 -8 -8    0   1   0  30   0   1   0  67   0   0   0   0   0   0   0   0   0   0   0   0  2.04 inf
  235 H   -8 -6 -5 -7 -9 -5 -6 -8 12 -9 -9 -7 -8 -7 -8 -7 -8 -8 -4 -9    0   0   0   0   0   0   0   0 100   0   0   0   0   0   0   0   0   0   0   0  4.44 inf
  236 G   -2 -7 -5 -6 -3 -7 -7  8 -7 -8 -8 -6 -7 -8 -7 -5 -5 -7 -8 -5    3   0   0   0   1   0   0  94   0   0   0   0   0   0   0   0   0   0   0   1  2.62 inf
  237 Y   -4 -6 -2 -6  1 -6 -6 -6 -4  4 -1 -6 -3 -3 -6 -4  1 -5  4  5    0   0   3   0   2   0   0   0   0  20   5   0   0   0   0   0  10   0  16  42  1.10 inf
  238 H    1  6  2 -3 -2  0 -3 -4  4 -4 -5  1 -3 -2 -5 -1 -2 -6 -2 -5   11  44   9   1   1   3   0   1  11   1   1   6   1   2   0   5   2   0   2   0  0.95 inf
  239 T    4 -5 -5 -5  5 -4 -5 -4 -5  3  0 -4  0 -3 -5  1  1 -5 -5  1   31   0   0   0  10   0   0   0   0  19  10   0   2   0   0  10   8   0   0   9  0.68 inf
  240 I    1 -1 -3 -4 -3 -1 -3 -4 -1  3  2 -1  1  0 -4 -2 -1 -3  0  3   10   3   1   0   0   2   1   1   2  21  20   3   3   3   0   3   4   0   3  20  0.35 inf
  241 E   -3 -1  0  3 -7  2  6 -1  2 -6 -5 -1 -6 -6 -5 -3 -3 -7 -4 -6    1   4   5  18   0   9  49   5   4   0   1   2   0   0   0   0   1   0   0   0  1.13 inf
  242 D   -5 -3  1  8 -3 -1 -1 -5  1 -8 -7 -4 -7 -6 -6  0 -4 -9 -6 -8    0   1   5  76   1   2   2   0   3   0   0   1   0   0   0   7   1   0   0   0  2.05 inf
  243 E   -1 -1 -3 -1 -6  1  3 -1 -2 -2 -3  0 -4 -6  6 -2 -3 -7 -6 -3    5   3   1   3   0   6  18   6   1   3   2   6   0   0  41   2   2   0   0   1  0.96 inf
  244 A    3  1 -1  3 -4  1  4 -2 -3 -5 -4  1 -4 -6 -3  0 -1 -4 -5 -2   24   8   3  14   0   5  24   2   0   0   1   7   0   0   1   6   4   0   0   2  0.53 inf
  245 L   -1 -6 -7 -7 -3 -6 -5 -7 -6 -1  6 -6 -1 -3 -5 -4 -3 -6 -4  1    5   0   0   0   0   0   1   0   0   3  78   0   0   1   0   1   2   0   0   7  1.50 inf
  246 Y    0 -5 -6 -6  1 -2 -4 -6 -4  2  2 -5  5 -2 -5 -3 -2  1  4  3    8   0   0   0   3   2   1   0   0  12  16   0  16   0   0   1   2   2  14  22  0.73 inf
  247 N    2  2  1  2 -5  2  3 -3  0 -5 -5  2 -3 -6 -4 -1 -1 -6 -5 -4   16  10   7  13   0  11  18   1   2   0   0  14   1   0   0   4   3   0   0   0  0.52 inf
  248 R   -2  5 -3 -1 -4  0  1 -4  2 -2  0  0  0  1 -5 -3 -2  2  4 -3    3  30   1   3   0   4   8   1   4   2  11   4   3   5   0   1   1   3  14   1  0.52 inf
  249 L   -2 -6 -7 -7  2 -6 -6 -7 -6  2  5 -6  0  0 -6 -5 -4 -5 -3  3    4   0   0   0   5   0   0   0   0  10  53   0   2   4   0   0   0   0   0  23  1.12 inf
  250 L    4  3 -2 -5 -4 -3 -3 -4 -4  2 -1  3 -3 -5 -5 -2 -3 -6 -4  2   31  18   1   0   0   0   1   1   0  10   6  17   0   0   0   1   0   0   0  13  0.61 inf
  251 K    0  1 -1  4 -6  2  4 -3 -2 -6 -6  2 -4 -6 -5  0 -2 -6 -5 -5    8   7   3  24   0   7  31   1   1   0   0  10   0   0   0   6   2   0   0   0  0.81 inf
  252 E   -2  4  2  1 -4  1  3 -3  4 -5 -3  2 -2 -4 -4 -1 -1 -6 -4 -4    3  20   9   6   0   6  18   2   9   0   3  15   1   0   0   5   3   0   0   0  0.55 inf
  253 N   -3  4  3 -1 -6  3 -1  4  0 -6 -6  1 -2 -5 -5 -3 -4 -6 -5 -6    1  23  13   4   0  15   3  28   2   0   0   8   1   0   0   1   0   0   0   0  0.83 inf
  254 M   -4 -6 -7 -7 -5 -6 -7 -8 -5  7 -1 -5  4 -4 -7 -6  0 -7 -3  3    1   0   0   0   0   0   0   0   0  59   3   0   9   0   0   0   6   0   1  21  1.65 inf
  255 H    1 -5 -4 -5  0 -4 -5  2  5 -3 -1 -4  0 -5  5 -3  1 -6 -3  1   12   0   0   0   2   0   0  14  13   1   6   0   3   0  29   0  11   0   0   9  0.78 inf
  256 F   -3 -6 -7 -7  0 -6 -7 -5 -6  2  6 -6 -1  4 -7 -6 -5 -5 -4  0    2   0   0   0   2   0   0   1   0  10  64   0   1  14   0   0   0   0   0   6  1.35 inf
  257 E   -4 -5 -3  0 -7 -2  7 -5 -5 -7 -7 -4 -6 -8 -6 -3  4 -8 -7 -6    1   0   1   4   0   1  65   0   0   0   0   0   0   0   0   1  27   0   0   0  1.85 inf
  258 V   -3 -6 -5 -6  3 -5 -6 -5 -6  2  1 -5  4 -3 -6  0 -1 -6 -5  5    1   0   0   0   6   0   0   1   0  11  12   0  11   1   0   7   4   0   0  46  1.00 inf
  259 C   -4 -9 -4 -9 12 -8 -9 -8 -8 -7 -7 -8 -7 -8 -8 -3 -4 -8 -8 -3    1   0   1   0  92   0   0   0   0   0   0   0   0   0   0   2   1   0   0   2  4.10 inf
  260 P   -3 -7 -7 -7 -7 -6 -6 -7 -7 -3  1 -6 -5 -6  8 -6 -6 -8 -7 -2    2   0   0   0   0   0   0   0   0   2  13   0   0   0  80   0   0   0   0   3  2.56 inf
  261 W   -2 -4 -3 -5 -2 -4 -5 -1 -1  0  2 -3 -2 -4 -5  1  5  4 -2  0    3   0   1   0   1   0   0   4   2   6  18   1   0   0   0  10  41   6   1   5  0.72 inf
  262 S   -3 -6 -2 -5 -1 -5 -5 -5 -6 -7 -7 -5 -6 -7 -6  8 -3 -8 -7 -7    2   0   2   0   1   0   0   0   0   0   0   0   0   0   0  94   1   0   0   0  2.43 inf
  263 S   -5 -5  9 -3 -7 -5 -5 -5 -4 -7 -8 -5 -7 -7 -6  2 -3 -8 -4 -5    1   0  81   1   0   0   0   0   0   0   0   0   0   0   0  14   1   0   1   1  2.51 inf
  264 Y   -3 -3 -5 -4 -4 -4 -5 -4 -2  3  3 -3 -1 -1 -5 -3 -2 -4  3  4    1   1   0   1   0   0   0   1   1  15  25   2   1   2   0   1   2   0  11  34  0.76 inf
  265 L    0  2 -1 -3  0  5 -2 -4  1 -3  0  2  0  0 -4 -1 -3 -2  0 -2    9  11   2   1   2  28   1   0   4   1  12  11   2   5   0   3   0   1   3   3  0.44 inf
  266 T   -4 -3 -5 -6  0 -5 -5 -5 -6 -2  4 -5 -3 -5 -5 -4  6 -6 -2 -3    0   2   0   0   2   0   0   1   0   2  35   0   0   0   0   0  54   0   1   1  1.42 inf
  267 G   -3  3  0 -3  2  0 -3  4 -3 -6 -5  4 -4 -4 -4  1 -3 -3 -4 -5    1  13   4   1   5   4   0  36   0   0   0  22   0   1   0   9   0   0   1   0  0.81 inf
  268 A    4 -5 -1 -4  1 -3 -4 -1 -3 -1 -2 -3 -3 -4 -4  0  2 -6 -3  4   37   0   3   1   3   1   0   4   1   2   2   1   0   0   0   5  11   0   1  30  0.69 inf
  269 W    1 -5 -4 -6  2 -4 -4 -6 -4  1 -2 -5 -3  3 -6 -3 -2  3  3  5   12   0   1   0   5   0   1   0   0   6   2   0   0  14   0   1   2   4   9  42  0.87 inf
  270 D    1  0  0  3 -5  0  1 -2 -2 -5 -5  2 -4 -6  4  0  0 -6 -5 -3   11   4   4  15   0   4   9   2   1   0   0  13   0   0  23   6   6   0   0   2  0.55 inf
  271 P   -2 -1  1  4 -4 -1  0 -1  0 -5 -5 -1 -5 -6  0  4  1 -6 -5 -4    2   3   6  23   0   2   6   3   2   0   0   4   0   0   6  34   8   0   0   1  0.66 inf
  272 K   -3 -3 -5 -1 -4 -4 -2 -4 -4  2  3 -3  4  2 -1 -4 -2  3  2  1    1   1   0   4   0   0   3   1   0  13  32   1  12   9   3   0   1   4   7   7  0.56 inf
  273 T    3 -1 -1  1 -4 -1  3 -1 -1 -4 -3  1 -3 -5 -2  1  1 -5 -4 -3   27   3   2   9   0   2  17   3   1   0   2  10   0   0   1  10  11   0   0   1  0.41 inf
  274 T    0 -1  1  3 -4  2  3 -2  0 -3 -4  0 -3 -3 -3  1  0 -5 -3 -2   10   2   6  19   0   8  23   3   2   1   1   6   0   1   0   8   6   0   0   2  0.42 inf
  275 H   -5 -5 -3 -6 -5 -4 -5 -7 10 -6 -3 -3 -6  1 -3 -5 -6 -7  2  0    1   0   1   0   0   0   0   0  73   0   3   1   0   5   1   0   0   0   6   7  2.72 inf
  276 A   -2 -4  1 -5 -6 -5 -1 -7  0 -6 -8 -4 -7 -8  8 -3 -4 -9 -7 -5    4   1   7   0   0   0   4   0   2   0   0   1   0   0  77   2   1   0   0   1  2.39 inf
  277 V   -2 -6 -6 -7 -3 -6 -6 -6 -6  5  4 -6  1  2 -6 -5 -4 -5  1  3    4   0   0   0   0   0   0   0   0  31  32   0   2   9   0   0   0   0   4  17  1.00 inf
  278 V    0  4 -1 -1 -5  0 -2 -1 -1  0 -1  3 -2 -4  2 -2 -2 -5 -3 -1    7  27   2   4   0   3   2   5   1   6   7  18   1   0  10   1   2   0   1   5  0.39 inf
  279 R    0  4 -2  1 -5  2  2 -4 -1 -3 -1  2 -1 -3 -3 -2  1 -3 -2 -3    9  21   0   7   0   9  11   0   1   1   8  14   1   1   1   2  11   0   1   1  0.37 inf
  280 F   -5 -6 -7 -8 -6 -5 -7 -7 -6 -2  5 -6  6  5 -7 -6 -5  2  1 -4    1   0   0   0   0   0   0   0   0   1  50   0  16  25   0   0   0   2   4   0  1.53 inf
  281 K   -1  1 -5 -5 -4 -3 -4 -5 -1  0  4  1  1  1 -3 -3 -3  0  3  0    5   9   0   0   0   0   0   0   1   3  41  10   3   6   1   1   0   1  10   7  0.54 inf
  282 N    0  2  2  4 -6  1  3 -2  0 -5 -5  1 -3 -6 -4 -1 -2 -5 -5 -5    9  10   9  25   0   6  20   2   2   0   0   9   1   0   0   4   1   0   0   0  0.66 inf
  283 D    4  0 -1  2 -4  1  0 -3  2 -4  0  0 -1 -4 -4 -1 -2 -5 -2 -3   37   6   2  13   0   5   5   1   6   0  11   6   1   0   0   2   1   0   1   1  0.45 inf
  284 K   -4 -1  0 -1 -6  0 -4  7 -1 -8 -8  0 -7 -7 -6 -4 -6 -7 -6 -7    0   3   4   4   0   4   0  77   1   0   0   6   0   0   0   0   0   0   0   0  1.83 inf
  285 A    1 -5 -6 -6 -1 -5 -6 -5  0  3  3 -5  0  2 -6 -4 -4 -5 -4  4   14   0   0   0   1   0   0   0   2  13  25   0   2   9   0   0   0   0   0  35  0.82 inf
  286 N    0  3  3 -3  2 -1 -2 -4  0 -2  0  3 -1 -3  3 -2 -1 -4 -4 -2    6  15  15   0   4   2   1   0   2   2  12  19   1   1  14   1   3   0   0   3  0.43 inf
  287 Y    1 -6 -6 -6  2 -6 -6 -4 -6  3 -1 -6 -1  3 -5 -5 -3 -5  1  5   11   0   0   0   5   0   0   1   0  13   4   0   1  12   0   0   1   0   5  47  0.98 inf
  288 S   -1 -5 -2 -5  3 -5 -5 -4 -1 -3 -5 -5 -2 -6 -3  4  6 -7 -6 -4    5   0   1   0   6   0   0   1   2   1   1   0   1   0   1  29  51   0   0   1  1.34 inf
  289 L   -4 -6 -7 -7 -5 -6 -5 -7 -7  6  4 -6 -2 -3 -2 -6 -4 -6 -4  4    0   0   0   0   0   0   1   0   0  38  33   0   0   0   2   0   0   0   0  24  1.30 inf
  290 N   -3 -5  8 -3  2 -5 -5 -1 -1 -8 -8 -5 -7 -8 -7  0 -5 -8 -7 -8    2   0  79   1   4   0   0   5   1   0   0   0   0   0   0   7   0   0   0   0  2.35 inf
  291 T    0 -4 -4 -5  0 -5 -5 -5 -6 -6 -6 -5 -5 -7 -4  5  6 -7 -6 -5    7   1   0   0   2   0   0   0   0   0   0   0   0   0   0  38  52   0   0   0  1.61 inf
  292 D   -7 -4 -4  9 -9 -5 -3 -7 -6 -8 -9 -6 -8 -9 -7 -5 -6-10 -8 -9    0   1   0  99   0   0   0   0   0   0   0   0   0   0   0   0   0   0   0   0  3.16 inf
  293 D   -4 -6  5  8 -5 -5 -3 -4 -4 -6 -8 -5 -7 -8 -6 -4 -5 -9 -7 -7    1   0  27  70   0   0   0   1   0   0   0   0   0   0   0   0   0   0   0   0  2.32 inf
  294 P   -5  4 -6 -6 -3 -5 -5 -7 -6 -7 -7 -5  2 -5  8 -3 -2 -8 -7 -6    0  22   0   0   1   0   0   0   0   0   0   0   4   0  67   2   3   0   0   0  2.23 inf
  295 L    3 -4 -4 -4 -4 -4 -3 -1 -5 -2  2 -4 -2 -4  2 -1  4 -2 -5 -2   30   0   0   0   0   0   1   5   0   1  21   0   1   0  10   3  24   1   0   2  0.63 inf
  296 I   -4 -6 -6 -7 -1 -5 -6 -7 -3  2  1 -6  5  2 -5 -5 -4 -4  6  4    0   0   0   0   2   0   0   0   0   9  12   0  16   7   0   0   0   0  25  28  1.09 inf
  297 F   -3 -6 -3 -6 -2 -1 -2 -5  0 -4 -3 -5  1  7 -6  3 -1 -4 -2 -5    2   0   1   0   1   3   3   1   2   0   2   0   4  53   0  26   4   0   0   0  1.44 inf
  298 K   -2 -1  3  2 -6 -1 -2  5  3 -6 -3  0 -5 -5 -5 -1 -4 -4 -5 -6    3   4  13  12   0   2   2  45   7   0   3   5   0   0   0   4   0   0   0   0  0.87 inf
  299 S   -1 -3 -1 -5  1 -4 -5  3 -5  1 -4 -4 -3 -5 -2  1  5 -6 -3  1    3   1   2   0   3   0   0  20   0   8   0   0   0   0   2  10  41   0   1   9  0.80 inf
  300 T   -4  0  2  2 -3 -4 -1 -2 -2 -5 -5 -3 -5 -3 -5  2  4  2  5 -5    0   5   8  12   0   0   4   3   0   0   0   0   0   0   0  14  29   3  21   0  0.80 inf
  301 L   -4 -6 -5 -6 -2 -5 -6 -7 -6  4  5 -6  5 -3 -2 -5 -4 -6 -5  1    1   0   0   0   1   0   0   0   0  20  50   0  16   0   2   0   0   0   0   9  1.20 inf
  302 D    0 -1  3  1 -1 -1 -1 -1 -1 -2  0 -2 -3 -4 -1  2  3 -5 -4 -2    8   3  14   7   2   2   4   5   1   2  11   1   0   0   3  15  20   0   0   2  0.26 inf
  303 T   -1  2  1  4 -5  1  2 -1  3 -5 -4  1 -4 -5 -4 -1 -1 -3  0 -4    5  12   5  23   0   6  13   5   9   0   1   9   0   0   0   4   4   0   3   0  0.48 inf
  304 D   -3 -4  5  2 -5  1  6 -6 -4 -7 -7 -4 -6 -7 -6 -3 -4 -7 -6 -5    2   0  23   9   0   5  60   0   0   0   0   0   0   0   0   1   0   0   0   1  1.66 inf
  305 Y   -4 -5 -7 -6 -4 -6 -7 -7 -2 -2  0 -6  2  5 -7 -6 -5  2  8 -3    1   0   0   0   0   0   0   0   1   2   9   0   4  18   0   0   0   3  58   2  1.98 inf
  306 Q    0  1 -1  0  0  2  3 -3  1 -1  0  0  0 -1 -3 -1  0 -1  0 -1   10  10   3   5   2  10  20   1   3   4   8   3   3   2   0   4   5   1   4   4  0.16 inf
  307 M    2  1 -2 -3 -3 -1 -1 -4  0  2  2  0  2 -1 -4 -1 -1 -4 -1  1   19   7   1   1   0   3   3   0   3  10  24   6   6   2   0   2   2   0   2  10  0.23 inf
  308 T    3 -5 -4 -5  2 -4 -4 -4 -5  0  3 -4  2 -1 -5 -3  0 -5 -1  3   28   0   0   0   5   0   0   0   0   4  27   0   4   2   0   1   7   0   2  20  0.61 inf
  309 K    3  1 -2 -3 -1  2 -1 -3  3 -1 -2  0 -1 -1 -4 -1 -1 -2  1  1   28   9   1   0   1  10   3   1   7   3   3   7   1   3   0   4   2   0   6  11  0.28 inf
  310 K   -1  3  1  2 -5  1  3 -3  0 -4 -4  2 -3 -5  1  0  0 -5 -4 -4    6  15   5  12   0   5  24   1   2   0   1  11   0   0   6   5   7   0   0   0  0.48 inf
  311 D    3 -1  0  0 -2  1  1 -2  3 -2 -2  0 -1 -2 -3  0  1 -1  2 -1   25   2   3   6   1   6   7   2   7   1   4   7   1   2   0   4  11   1   7   5  0.20 inf
  312 M    0 -5 -3 -6  1 -3 -4 -3  2 -2  2 -5  3  6 -5 -4 -2  2  1 -2    8   0   1   0   3   1   1   2   5   1  23   0   8  34   0   0   2   3   4   2  0.81 inf
  313 G   -2 -2  2  2 -4 -1 -2  6 -2 -7 -6 -2 -4 -6 -3 -3 -5 -7 -6 -6    3   3   8  13   0   3   2  61   1   0   0   2   0   0   1   1   0   0   0   0  1.27 inf
  314 F   -4 -6 -6 -7 -5 -6 -6 -7 -5 -1  4 -6  2  5 -6 -4 -3  5  3 -2    1   0   0   0   0   0   0   0   0   3  43   0   4  26   0   1   2   8   8   2  1.21 inf
  315 T   -2 -2  0  2 -4 -2 -2  1 -5 -5 -5 -2 -4 -6 -4  4  5 -6 -5 -4    1   2   3  13   0   1   1  11   0   0   1   2   0   0   0  30  34   0   0   0  0.89 inf
  316 E    0  1 -1  2 -4  0  2 -3 -1  0  0  1 -1 -1  0 -2 -2  2 -1  0    9   8   2  14   0   3  17   1   1   6  10   9   1   2   5   1   1   3   2   7  0.16 inf
  317 E    2 -1 -1  3 -5  0  4 -2  0 -4 -4  0 -3 -4 -2  1 -2 -3 -5 -4   19   4   2  17   0   4  29   3   2   1   1   4   0   1   2  10   2   0   0   1  0.55 inf
  318 E   -3 -2 -2  5 -7  4  5 -3  0 -5 -5 -3 -5 -7 -5 -3 -1 -7 -6 -3    2   1   1  34   0  15  34   2   2   1   1   0   0   0   0   0   4   0   0   2  1.17 inf
  319 F   -1 -4 -6 -6 -4 -4 -3 -6 -4  3  4 -5  3  4 -4 -5 -3  3  1  1    4   0   0   0   0   0   2   0   0  16  36   0   8  15   1   0   1   4   4   8  0.74 inf
  320 K    1  3 -2 -2 -2  0  0 -3  0  0 -1  2  0  0 -3 -2  0  0  0  1   16  17   1   1   1   2   5   1   2   6   6  15   2   3   0   1   4   1   4  10  0.18 inf
  321 R    0  3 -1  0 -5  4  2 -1 -1 -2 -2  1 -1 -4 -4 -2  1  2 -3 -2    9  15   2   5   0  19  11   4   2   2   3   9   1   0   0   1  12   3   1   2  0.35 inf
  322 L    0 -5 -6 -6  0 -5 -6 -6 -1  3  4 -5  4  3 -6 -4 -2 -5 -3  0   10   0   0   0   2   0   0   0   1  14  45   0   9  10   0   1   2   0   0   6  0.84 inf
  323 N    3 -4  3 -4 -2  2 -3 -3 -4 -1 -2 -3  1 -3 -4 -1  3 -5  1  0   30   0  17   0   1   9   1   1   0   4   3   0   3   0   0   3  16   0   5   6  0.53 inf
  324 I   -1  4 -2 -2 -3  0  0 -4 -1  2  1  2 -1 -1 -4 -2 -2 -3 -2 -1    5  27   1   2   1   4   7   1   2  11  15  11   1   3   0   1   2   0   1   4  0.35 inf
  325 N   -1 -3  8 -1 -6 -1 -4 -4 -1 -3 -6 -4 -2 -6 -6 -2  1  0  0 -5    6   1  66   2   0   3   0   1   1   1   0   0   1   0   0   2   8   1   3   1  1.63 inf
  326 A    5 -5 -4 -5 -5 -5 -5  3 -6 -6 -6 -5 -5 -7 -5  4 -3 -7 -6 -5   50   0   0   0   0   0   0  19   0   0   0   0   0   0   0  31   0   0   0   0  1.38 inf
  327 A    2 -5 -6 -6 -4 -5 -5 -6 -5  4  2 -5  2  4 -6 -4 -4 -3 -3  3   15   0   0   0   0   0   0   0   0  22  15   0   5  18   0   0   0   0   0  24  0.83 inf
  328 K   -1  3  1  2 -6  1  4 -4  0 -5 -4  3 -3 -4 -4 -1 -1 -3 -4 -4    5  13   5  13   0   6  28   0   2   0   2  15   1   1   0   2   4   0   0   0  0.61 inf
  329 S    5 -4 -2 -4 -2 -3 -3  1  0 -1 -3 -2  1 -2 -4  2 -1 -5 -2 -2   46   0   1   0   1   1   1  11   2   3   1   2   5   2   0  18   2   0   2   2  0.67 inf
  330 S    5 -4 -4 -5  3 -5 -5 -3 -5 -5 -6 -4 -5 -6 -5  5 -1 -7 -6 -3   41   0   0   0   5   0   0   1   0   0   0   0   0   0   0  47   3   0   0   1  1.38 inf
  331 F   -3 -4 -8 -8 -5 -8 -8 -5 -6 -5 -2 -8 -4  9 -8 -7 -6  7  0 -5    3   1   0   0   0   0   0   1   0   0   3   0   0  77   0   0   0  14   1   0  2.71 inf
  332 L    2 -5 -6 -6  4 -4 -5 -5 -3  3  4 -5  0 -3 -5 -3 -1 -5 -4  1   21   0   0   0  10   0   0   0   1  17  36   0   2   1   0   1   3   0   0   8  0.79 inf
  333 P   -2 -4 -1  4 -4 -3 -1 -2 -1 -6 -6 -3 -6 -7  5  3  0 -7 -6 -6    2   0   2  26   0   0   4   3   1   0   0   1   0   0  30  24   6   0   0   0  1.06 inf
  334 E    0 -2 -1  4 -4  0  4 -3 -1 -3 -3 -1 -4  0  1 -2 -3 -2 -2 -4    9   1   3  24   0   3  33   2   1   2   2   2   0   5   8   2   1   0   1   1  0.64 inf
  335 E    2 -1 -1  4 -5  0  3 -2 -1 -3 -5  0 -4 -5  0  1  0 -4 -3 -3   15   2   2  23   0   4  24   2   1   1   0   5   0   0   4   9   4   0   0   1  0.52 inf
  336 E   -2  2 -3  1 -5  1  5 -3 -4 -1 -1 -1 -3 -5 -4 -2  1 -6 -4  1    2  10   0   7   0   6  38   2   0   4   5   2   0   0   0   1  11   0   0  11  0.56 inf
  337 K   -4  5 -5 -5 -8 -2 -4 -6 -5 -5 -6  7 -5 -7 -6 -4 -5 -7 -6 -5    1  24   0   0   0   1   0   0   0   1   0  72   0   0   0   0   0   0   0   1  2.08 inf
  338 K    2  2  0  0 -3  3  2 -3 -1 -3 -1  2 -2 -4 -4 -1  0 -5 -4 -3   20  13   4   5   0  14  13   0   1   1   6  11   1   0   0   3   4   0   0   1  0.36 inf
  339 E    2  3 -2  0 -4  1  3 -2  0 -2 -3  1 -2 -4 -3  0 -1 -3 -3 -1   20  17   1   5   0   7  21   1   2   2   2   8   1   1   0   4   4   0   0   4  0.36 inf
  340 L   -4 -4 -5 -7 -5 -6 -6 -7 -1  2  6 -6  1 -1 -7 -6 -5  3  3 -2    1   1   0   0   0   0   0   0   1  10  67   0   3   2   0   0   0   4   9   2  1.33 inf
  341 L   -1  3 -4 -5 -4 -2 -3 -5 -1  3  4 -1  0 -2 -5 -3 -2 -5 -1  0    4  17   0   0   0   1   2   0   1  18  40   4   2   0   0   1   2   0   2   5  0.59 inf
  342 E    3  1  1  2 -4  1  2 -2  1 -4 -4  2 -2 -5 -4  0 -1 -4 -3 -4   27   8   6  10   0   7  11   1   3   0   1  13   1   0   0   7   3   0   1   0  0.42 inf
  343 R   -1  3 -1  1 -5  2  3 -2  1 -4 -1  2 -2 -4 -4 -2 -1 -5 -2 -4    4  18   2   8   0   9  22   3   3   1   8  15   0   0   0   2   3   0   1   1  0.44 inf
  344 L   -3 -6 -7 -7 -3 -6 -6 -7 -6  4  4 -6 -1  0 -6 -5 -4  1 -3  4    1   0   0   0   0   0   0   0   0  25  39   0   0   3   0   0   0   2   0  29  1.13 inf
  345 Y   -1 -1 -1  4 -5  1  2 -4  1  0 -2  0 -1 -2 -4 -1 -1 -3  1 -1    4   3   2  29   0   6  17   0   3   8   3   5   1   1   0   3   4   0   7   4  0.40 inf
  346 R    2  2  0  2 -5  2  2 -2  0 -5 -4  3 -4 -5 -2 -2 -1 -5 -4 -4   18  13   4  11   0  11  13   2   2   0   0  21   0   0   1   1   4   0   0   0  0.49 inf
  347 E    2 -2 -2 -1 -3  0  2 -1  2 -3 -3  0 -3  0 -3 -2 -2 -2  5  0   24   1   1   3   0   4  15   3   6   1   2   5   0   2   1   1   1   0  25   7  0.43 inf
  348 Y   -4 -2 -5 -6 -5 -3 -5 -5 -2 -1  0 -4  0  5 -3 -4 -4  6  7  0    1   2   0   0   0   1   0   0   0   3   8   0   2  23   1   0   0  11  44   6  1.29 inf
  349 Q   -3  1 -2 -1 -5  5  4 -4 -2 -5 -4  3 -3 -5 -3 -2 -3 -4 -4 -4    0   7   0   0   0  33  37   0   0   0   0  23   0   0   0   0   0   0   0   0  1.02 inf

                      K         Lambda
Standard Ungapped    0.1355     0.3170
Standard Gapped      0.0524     0.2670
PSI Ungapped         0.1707     0.3129
PSI Gapped           0.0524     0.2670
