
Last position-specific scoring matrix computed, weighted observed percentages rounded down, information per position, and relative weight of gapless real matches to pseudocounts
           A  R  N  D  C  Q  E  G  H  I  L  K  M  F  P  S  T  W  Y  V   A   R   N   D   C   Q   E   G   H   I   L   K   M   F   P   S   T   W   Y   V
    1 K   -3  5 -3 -3 -6 -1 -2 -4 -3 -5 -5  7 -4 -6 -4 -3 -3 -6 -4 -5    0  34   0   0   0   0   0   0   0   0   0  66   0   0   0   0   0   0   0   0  1.58 inf
    2 G   -3 -5 -3 -4 -5 -5 -5  7 -5 -7 -7 -4 -6 -6 -5 -3 -4 -5 -6 -6    0   0   0   0   0   0   0 100   0   0   0   0   0   0   0   0   0   0   0   0  2.30 inf
    3 G    4 -4 -3 -4 -4 -4 -4  6 -4 -5 -5 -4 -4 -5 -4 -2 -3 -5 -5 -4   35   0   0   0   0   0   0  65   0   0   0   0   0   0   0   0   0   0   0   0  1.44 inf
    4 Y   -5 -5 -6 -7 -6 -5 -5 -7 -1 -5 -4 -5 -4  0 -6 -5 -5 -1 10 -5    0   0   0   0   0   0   0   0   0   0   0   0   0   0   0   0   0   0 100   0  3.05 inf
    5 V   -2 -5 -5 -5 -3 -3 -5 -5 -5  4 -1 -4 -1 -3 -3 -3  1 -5 -4  6    1   0   0   0   0   1   0   0   0  25   0   0   0   0   1   0   8   0   0  64  1.12 inf
    6 L   -2 -4 -5 -6 -3 -4 -5 -6 -5  1  5 -4  1 -1 -5 -4 -3 -4 -3  2    3   0   0   0   0   0   0   0   0   6  75   0   2   0   0   1   0   0   0  12  1.03 inf
    7 Q    1  2 -1 -2 -2  0  0 -2  1 -1 -1  2 -2 -2 -2  2 -1 -2 -1  0   14  12   1   0   0   3   7   1   4   1   5  16   0   1   0  20   1   0   1  10  0.19 inf
    8 D   -3 -3 -1  6 -4 -1  4 -3 -2 -6 -6 -1 -5 -6 -1 -2 -3 -6 -5 -5    1   0   1  57   0   1  32   1   0   0   0   3   0   0   2   1   0   0   0   0  1.34 inf
    9 V    3 -3  0 -2  6 -1 -1 -1 -3 -2 -3 -2 -2 -3  0  1  0  0 -3  0   29   0   6   2  23   2   3   3   0   0   0   0   0   1   3  11   6   1   0   9  0.47 inf
   10 A    0 -3 -1  1 -3 -1  2  5 -2 -4 -5  0 -4 -5  1  0 -2 -4 -4 -4    8   0   1   8   1   1  18  43   0   0   0   5   0   0   7   6   1   0   0   0  0.62 inf
   11 N   -1 -1  3  2 -3  1  1  0 -1 -3 -4  2 -3 -4 -2  0  3 -4 -3 -3    3   2  17  11   0   6   8   6   0   0   0  18   0   0   1   4  24   0   0   0  0.40 inf
   12 P    2 -3 -4 -4 -5 -4 -2 -3 -5 -4 -4 -3 -5 -4  8 -3 -3 -6 -5 -4   21   1   0   0   0   0   2   1   0   0   1   0   0   1  71   0   1   0   0   0  1.90 inf
   13 D   -2  0 -1  6 -5  3  3 -4 -3 -5 -5  0 -4 -5 -3 -2 -2 -6 -5 -3    3   4   1  53   0  14  19   0   0   0   0   4   0   0   0   1   1   0   0   1  1.08 inf
   14 I    1 -4 -4 -5 -2 -4 -4 -2 -4  3  3 -4  0 -2 -4 -3 -2 -4 -2  4   16   0   0   0   0   0   0   2   0  23  26   0   1   0   0   0   1   0   0  31  0.57 inf
   15 I   -2 -5 -5 -5 -2 -4 -5 -5 -5  6  0 -4 -1 -3 -5 -4  1 -5 -2  3    2   0   0   0   1   1   0   0   0  65   4   0   0   0   0   0  11   0   1  16  1.09 inf
   16 L   -4 -5 -6 -6 -3 -5 -5 -6 -5  4  5 -5  0  1 -5 -5 -3 -4 -3  0    0   0   0   0   0   0   0   0   0  21  72   0   0   4   0   0   0   0   0   2  1.16 inf
   17 V   -3 -5 -5 -6 -3 -5 -5 -6 -5  6  1 -5  4 -2 -5 -4 -2 -5 -3  3    0   0   0   0   0   0   0   0   0  64   7   0  10   0   0   0   1   0   0  18  1.22 inf
   18 A    6 -4 -3 -4 -3 -3 -3  2 -4 -4 -4 -3 -4 -5 -3  2 -2 -5 -4 -3   70   0   0   0   0   0   0  17   0   0   0   0   0   0   0  13   0   0   0   0  1.11 inf
   19 T   -2 -4 -2 -4 -3 -3 -4 -4 -4 -4 -4 -3 -4 -5 -4  2  7 -5 -4 -3    0   0   0   0   0   0   0   0   0   0   0   0   0   0   0  13  86   0   0   0  1.73 inf
   20 G   -3 -5 -3 -4 -5 -5 -5  7 -5 -7 -7 -4 -6 -6 -5 -3 -4 -5 -6 -6    0   0   0   0   0   0   0 100   0   0   0   0   0   0   0   0   0   0   0   0  2.32 inf
   21 S   -1 -4 -2 -3 -4 -3 -3 -2 -4 -5 -5 -3 -4 -5 -4  7  0 -6 -5 -5    1   0   0   0   0   0   0   2   0   0   0   0   0   0   0  95   2   0   0   0  1.75 inf
   22 E   -4 -3 -3 -1 -7 -1  8 -5 -3 -6 -6 -2 -5 -6 -4 -3 -4 -6 -5 -6    0   0   0   0   0   0 100   0   0   0   0   0   0   0   0   0   0   0   0   0  2.24 inf
   23 V   -3 -5 -6 -6 -3 -5 -5 -6 -6  1  1 -5 -1 -3 -5 -4 -2 -5 -4  7    0   0   0   0   0   0   0   0   0   2  11   0   1   0   0   0   1   0   0  86  1.49 inf
   24 S    0 -2  0  1  0  3  2  1  2 -4 -4 -1 -3 -4 -2  2 -1 -2 -1 -3    8   0   3   6   2  17  18  11   7   0   0   2   0   0   1  23   1   0   1   0  0.39 inf
   25 L   -3 -4 -5 -6 -3 -4 -5 -6 -2  3  5 -5  0 -1 -3 -5 -3 -4 -3  0    0   0   0   0   0   1   0   0   1  20  72   0   0   1   1   0   0   0   0   4  1.07 inf
   26 S    5 -4 -4 -4  6 -4 -4 -2 -4 -1 -3 -3 -3 -4 -4 -1  0 -5 -4 -1   67   0   0   0  19   0   0   0   0   3   0   0   0   0   0   2   4   0   0   4  1.15 inf
   27 V   -1 -4 -4 -4 -3 -3 -3 -5 -4  3  2 -4  3 -2 -4 -3 -1 -4 -1  5    2   0   0   0   0   1   1   0   0  12  23   0  10   0   0   0   1   0   2  46  0.70 inf
   28 E    1 -1  0  3 -4  2  4 -1 -2 -4 -4  2 -3 -5 -3 -1 -2 -5 -4 -3   14   1   3  21   0   9  29   5   0   0   1  14   0   0   0   3   1   0   0   0  0.53 inf
   29 A    7 -4 -4 -4 -3 -3 -3 -2 -4 -4 -4 -3 -4 -5 -3  0 -2 -5 -4 -2   92   0   0   0   0   0   0   2   0   0   0   0   0   0   0   5   1   0   0   1  1.53 inf
   30 A    4  1 -3 -3 -2  3 -2 -1 -2 -3 -3  0 -2 -2 -3 -1 -2 -2  1  0   46   9   0   0   1  17   0   2   0   0   1   5   0   1   0   2   0   1   6   8  0.48 inf
   31 K    1  0 -1  1 -4  1  4 -3 -2 -4 -4  4 -2 -5 -3 -1 -1 -5 -4 -3   13   1   1   9   0   3  35   1   0   0   0  31   0   0   0   1   2   0   0   1  0.67 inf
   32 T    1  0 -2 -1 -3  3  2 -3 -1 -1  0  2 -1 -3 -2 -1  0 -3  0  0   17   4   0   1   0  15  14   0   0   3  11  15   0   0   1   1   7   0   4   6  0.20 inf
   33 L   -4 -5 -6 -6 -4 -5 -5 -6 -5  0  6 -5  0 -2 -5 -5 -4 -4 -4 -2    0   0   0   0   0   0   0   0   0   1  97   0   1   0   0   0   0   0   0   0  1.63 inf
   34 A    3  1 -1 -1 -3  1  2 -1 -2 -3 -2  2 -2 -4 -2  1  1 -4 -3 -2   32   7   2   3   0   6  13   2   0   0   2  15   0   0   0   6  12   0   0   0  0.33 inf
   35 A    3 -1 -1  1 -3  1  3  1 -2 -4 -4  1 -3 -4 -3  0 -1 -4 -3 -3   35   1   2   5   0   4  25   9   0   0   0  10   0   0   0   5   2   0   0   1  0.45 inf
   36 K    0  0 -1  1 -5  3  5 -3  0 -4 -4  3 -1 -4 -3 -1 -2 -4 -3 -4    6   3   1   8   0  14  39   0   2   0   1  22   1   0   0   1   1   0   0   0  0.70 inf
   37 N   -2 -4  2 -2 -5 -3 -4  7 -2 -6 -6 -1 -5 -5 -4 -2 -4 -5 -5 -5    1   0  10   2   0   0   0  81   1   0   0   3   0   0   0   1   0   0   0   0  1.59 inf
   38 I   -2  1 -3 -4 -3 -2 -3 -4  0  5  0  2  0 -2 -4 -3 -1 -4 -2  3    0   7   0   0   0   1   0   0   3  43   5  14   1   1   0   0   3   0   1  20  0.52 inf
   39 K    2  0  0  0 -2  1 -1 -1  0 -3 -3  4 -3 -4  1 -1  0 -4 -3 -2   22   4   5   5   1   4   1   3   3   1   0  37   0   0   7   2   4   0   0   3  0.40 inf
   40 A    4 -4 -4 -4 -1 -3 -4 -3 -4  0 -2 -3 -2 -3 -4 -1  1 -5 -4  5   38   0   0   0   1   0   0   0   0   2   0   0   0   0   0   1   9   0   0  48  0.82 inf
   41 R   -3  8 -2 -4 -3 -1 -3 -3 -3 -6 -5 -1 -4 -6 -5 -1 -3 -6 -5 -5    1  90   2   0   1   2   0   1   0   0   0   0   0   0   0   3   1   0   0   0  1.98 inf
   42 V   -2 -5 -6 -6 -2 -5 -5 -6 -6  1 -1 -5 -2 -3 -5 -4 -3 -6 -4  7    1   0   0   0   1   0   0   0   0   4   2   0   0   0   0   0   0   0   0  93  1.70 inf
   43 V   -2 -5 -6 -6 -4 -5 -5 -6 -6  1 -2 -5 -2 -4 -5 -4 -3 -6 -4  7    1   0   0   0   0   0   0   0   0   3   0   0   0   0   0   0   0   0   0  97  1.82 inf
   44 S   -2 -4 -2 -3 -4 -3 -3 -3 -4 -5 -6 -3 -5 -6 -4  7 -1 -6 -5 -5    0   0   0   0   0   0   0   0   0   0   0   0   0   0   0 100   0   0   0   0  1.94 inf
   45 L   -2 -4 -5 -6 -4 -4 -5 -6 -5  1  2 -4 10  0 -5 -4 -4 -4 -4 -1    2   0   0   0   0   0   0   0   0   5  15   0  73   2   0   0   0   0   0   3  1.91 inf
   46 P   -3 -5 -5 -5 -6 -4 -4 -5 -5 -6 -6 -4 -3 -7  9 -4 -4 -7 -6 -3    1   0   0   0   0   0   0   0   0   0   0   0   1   0  96   0   0   0   0   2  2.95 inf
   47 D   -1 -4 -3  0  9 -4 -3 -4 -4 -5 -5 -4 -4 -5 -4  5 -2 -5 -5 -4    2   0   0   6  45   0   0   0   0   0   0   0   0   0   0  47   0   0   0   0  1.68 inf
   48 F   -2 -2 -3 -4 -2 -1 -4 -4 -4 -2 -1 -4  2  3 -4 -2  4  8 -1  1    2   2   0   0   1   3   0   0   0   1   4   0   7  14   0   1  30  25   0  10  0.93 inf
   49 F   -3 -2  2  4 -4 -1  5 -3 -1 -5 -3 -1 -4 -1 -3 -1  0 -5 -3 -4    0   1   8  23   0   1  50   0   1   0   2   1   0   3   0   3   5   0   1   0  0.86 inf
   50 T    0 -1 -4 -4 -3 -3 -3 -4 -4  1  3 -3 -1 -1 -4 -2  1  6 -2  3    7   5   0   0   0   0   1   0   0   7  32   0   0   1   0   1   9  11   0  26  0.50 inf
   51 F   -5 -6 -6 -7 -6 -6 -6 -6 -4 -3 -3 -6 -3  9 -7 -6 -5 -2  1 -4    0   0   0   0   0   0   0   0   0   0   0   0   0  98   0   0   0   0   2   0  2.68 inf
   52 D   -2 -3 -1  6 -5 -1  4 -4 -2 -5 -5 -2 -4 -5 -4 -2 -3 -6 -4 -5    3   1   1  58   0   1  33   0   0   0   1   0   0   0   0   1   0   0   1   0  1.39 inf
   53 K    2  3 -1 -1 -4  2  2 -2 -2 -3 -3  3 -3 -4 -3  0 -1 -4 -3 -2   24  15   2   2   0  11  18   1   0   0   2  19   0   0   0   2   3   0   0   1  0.43 inf
   54 Q   -4 -2 -3 -4 -6  9 -1 -5 -3 -6 -6 -2 -4 -7 -5 -3 -3 -5 -5 -6    0   0   0   0   0  98   1   0   0   0   0   0   0   0   0   0   1   0   0   0  2.52 inf
   55 P   -2 -4 -1  6 -5 -3 -1 -3 -3 -5 -5 -3 -5 -6  4  3 -1 -6 -5 -5    1   0   0  50   0   0   1   1   0   0   0   0   0   0  19  26   2   0   0   0  1.16 inf
   56 L    3  0 -1  1 -3  3  2 -2 -2 -3 -2  2 -2 -4 -1 -1 -1 -4 -3 -1   33   3   1   7   0  14  15   0   0   1   3  13   0   0   3   2   2   0   0   3  0.35 inf
   57 E    4 -3 -2  1 -3 -1  4 -1 -2 -4 -4 -1 -3 -5 -2  1 -1 -5 -3 -3   39   0   1   8   0   0  34   2   0   0   0   2   0   0   1   9   2   0   0   1  0.65 inf
   58 Y   -5 -5 -6 -7 -6 -5 -5 -7 -1 -5 -4 -5 -4  0 -6 -5 -5  3 10 -5    0   0   0   0   0   0   0   0   0   0   0   0   0   0   0   0   0   2  98   0  2.97 inf
   59 R   -4  6 -3 -4 -6  2 -2 -4 -2 -5 -5  5 -4 -5 -4 -3 -3 -5 -4 -5    0  53   0   0   0   7   0   0   0   0   0  39   0   0   0   0   0   0   0   0  1.44 inf
   60 L   -1 -1 -1  3 -5  1  5 -4 -2 -3  0  0 -2 -3 -3 -1 -2 -5 -4 -3    4   2   2  20   0   6  45   0   0   0  13   5   0   1   0   1   0   0   0   1  0.67 inf
   61 S    1  0 -2 -2 -3  1  0 -2 -2 -4 -4  0 -3 -5 -3  6  0 -5 -3 -3   10   3   0   1   0   5   6   1   1   0   1   4   0   0   0  65   3   0   0   1  0.85 inf
   62 V   -3 -5 -6 -6 -2 -5 -5 -6 -6  2 -2 -5 -2 -4 -5 -4 -2 -6 -4  7    0   0   0   0   1   0   0   0   0   6   0   0   0   0   0   0   0   0   0  93  1.73 inf
   63 L   -4 -5 -6 -6 -4 -5 -5 -6 -5  1  6 -5  0  1 -5 -5 -4 -4 -3 -1    0   0   0   0   0   0   0   0   0   5  89   0   1   4   0   0   0   0   0   1  1.41 inf
   64 P   -3 -3 -5 -5 -6 -4 -4 -4 -5 -3 -5 -4 -3 -7  9 -4 -1 -7 -6 -5    0   1   0   0   0   0   0   1   0   1   0   0   1   0  92   0   3   0   0   0  2.71 inf
   65 D    1 -1  0  2 -3 -1  0 -1 -1 -3 -3  2 -3 -4  4  2 -1 -5 -4 -3   13   2   2  15   0   0   3   2   1   0   2  16   0   0  23  17   1   0   0   1  0.48 inf
   66 N    2 -2  1  1 -2 -1 -1  4 -2 -4 -4 -1 -3 -4 -3  2  0 -4 -4 -2   22   1   6   8   0   1   2  34   1   0   0   2   0   0   0  17   3   0   0   1  0.51 inf
   67 V   -2 -4 -5 -5  0 -4 -4 -5 -5  3  0 -3 -1 -3 -4 -4 -1 -5 -3  6    2   0   0   0   2   0   0   0   0  15   7   1   0   0   0   0   2   0   0  70  1.07 inf
   68 P    0  2 -2 -3 -4 -2 -2 -3 -3 -4 -4  4 -3 -5  5  0  1 -5 -4 -3    6  12   0   0   0   0   0   0   0   0   0  32   0   0  33   4  11   0   0   1  0.90 inf
   69 I   -2  7 -3 -4 -3 -2 -3 -5 -3  1 -3  0 -2 -5 -5 -1 -2 -5 -4 -1    2  77   0   0   1   0   0   0   0   9   1   1   1   0   0   4   2   0   0   4  1.44 inf
   70 M   -3 -4 -5 -5 -3 -4 -5 -5 -5  2  3 -4  3 -1 -5 -4 -2 -4 -3  5    0   0   0   0   0   0   0   0   0  10  28   0   6   1   0   0   0   0   0  55  0.95 inf
   71 S    5 -4 -3 -4 -1 -3 -3 -2 -4 -3 -4 -3 -3 -5 -3  4 -2 -5 -4 -1   62   0   0   0   1   0   0   0   0   1   0   0   0   0   0  32   0   0   0   4  1.06 inf
   72 V   -3 -5 -6 -6 -3 -5 -5 -6 -6  5 -1 -5 -1 -2 -5 -4 -3 -5 -4  6    0   0   0   0   0   0   0   0   0  29   2   0   0   1   0   0   0   0   0  68  1.34 inf
   73 E   -4 -3 -3 -1 -7 -1  8 -5 -3 -6 -6 -2 -5 -6 -4 -3 -4 -6 -5 -6    0   0   0   0   0   0 100   0   0   0   0   0   0   0   0   0   0   0   0   0  2.24 inf
   74 V    6 -4 -4 -4 -1 -1 -3 -3 -4 -3 -3 -3  2 -4 -3 -1 -2 -5 -4  1   76   0   0   0   1   3   0   0   0   0   1   1   7   0   0   0   1   0   0  12  1.09 inf
   75 L    2 -4 -3 -4 -2 -3 -3  5 -4 -3  0 -3  2 -3 -4 -1 -3 -1  0 -3   20   0   0   0   0   1   0  54   0   0  10   0   8   0   0   3   0   1   3   0  0.84 inf
   76 A    1 -3 -2 -3 -1 -2 -2 -2  2  3 -1 -3 -1 -3 -3  3  0 -4 -3  2   12   1   0   0   1   0   1   2   7  18   3   0   1   0   0  31   4   0   0  18  0.34 inf
   77 T    2 -1 -2 -1 -3 -2 -2 -1 -2 -3 -3 -1 -3 -4  2  2  4 -5 -4 -1   21   2   0   3   0   1   0   4   0   0   0   2   0   0   9  20  37   0   0   2  0.56 inf
   78 T   -1 -3 -2  4 -4  0 -2 -2 -2 -1  1 -3  3  4 -4 -2 -2 -1  0 -2    4   0   1  26   0   5   0   3   1   1  16   0  12  23   0   2   2   1   1   1  0.42 inf
   79 C   -2 -4 -3 -4 -2 -4 -4  6 -3 -4 -3 -4 -4  3  0 -1 -2 -2  3 -4    0   0   0   0   1   0   0  60   0   0   2   0   0  14   5   5   3   0  11   0  1.00 inf
   80 W   -6 -7 -8 -8 -6 -6 -7 -6 -6 -7 -6 -7 -5 -3 -8 -7 -6 13 -1 -7    0   0   0   0   0   0   0   0   0   0   0   0   0   0   0   0   0 100   0   0  4.74 inf
   81 G   -1  1 -2  0 -1  0  3 -1  5 -4 -3 -1 -3  0 -4  0 -2  4  4 -3    4  10   0   4   1   3  20   4  17   0   1   1   0   2   0   5   1   6  20   0  0.50 inf
   82 K   -3  5 -2 -2 -6  0 -1 -3 -2 -5 -5  6 -4 -5 -4 -3 -2 -5 -4 -5    0  33   0   1   0   2   3   1   0   0   0  59   0   0   0   0   1   0   0   0  1.33 inf
   83 Y   -5 -5 -5 -6 -5 -5 -5 -6 -1 -2 -2 -5 -4  3 -6 -5 -5  3  9 -3    0   0   0   0   0   0   0   0   1   2   2   0   0   7   0   0   0   3  84   1  2.38 inf
   84 A    1 -4 -4 -4 -2 -3 -4 -2 -4  1 -1 -3 -1 -2 -4  1  1 -5 -3  5   10   0   0   0   0   0   0   2   0   5   3   0   0   1   0  13   9   0   0  57  0.66 inf
   85 H   -2 -4 -2 -3  0 -3 -4  7  6 -6 -6 -4 -5 -5 -5 -3 -4 -5 -4 -6    0   0   1   1   2   1   0  76  19   0   0   0   0   0   0   0   0   0   0   0  1.72 inf
   86 Q    2  1 -1  3 -3  1  3 -2 -2 -3  0  1 -2 -4 -2 -1 -1 -4 -3 -2   21  10   0  20   0   5  19   1   0   0  10   8   0   0   0   2   2   0   0   2  0.32 inf
   87 S    1 -3 -1 -1 -1  2 -1 -3  1  2 -1 -2 -1 -2 -3  0  0 -4 -3  4   12   0   4   2   1  14   2   0   4  14   0   0   0   1   0   7   4   0   0  35  0.31 inf
   88 F   -3 -5 -5 -5 -3 -4 -5 -4 -3  4  1 -4  0  3 -5 -4 -2 -2 -1  5    0   0   0   0   0   0   0   1   1  29   9   0   1  14   0   0   0   1   1  44  0.83 inf
   89 G    0 -4 -2 -3  0 -4 -4  6 -4 -5 -5 -3 -5 -5 -4  2 -1 -5 -5 -4    4   0   0   0   2   0   0  71   0   0   0   0   0   0   0  18   4   0   0   1  1.34 inf
   90 I   -3 -4 -5 -6 -4 -4 -5 -6 -5  5  3 -4  7 -2 -5 -4 -3 -4 -3  1    0   0   0   0   0   0   0   0   0  37  23   0  34   0   0   0   0   0   0   4  1.16 inf
   91 D   -2 -2  3  5 -5 -2  2 -3  2 -5 -5 -1 -4 -5 -2  0  2 -5 -4 -4    1   1  18  39   0   0  14   0   4   0   0   2   0   0   1   4  15   0   0   0  0.79 inf
   92 R   -2  4 -2 -2 -3 -1 -1  0  5 -4 -4 -1 -3 -4 -3  2  4 -5 -3 -3    2  28   0   1   0   1   2   8  14   0   0   0   0   0   0  13  31   0   0   0  0.67 inf
   93 F   -5 -6 -6 -7 -5 -6 -6 -6 -4 -3 -3 -6 -3  9 -7 -5 -5  2  3 -4    0   0   0   0   0   0   0   0   0   0   0   0   0  90   0   0   0   2   8   0  2.45 inf
   94 G   -3 -5 -3 -4 -5 -5 -5  7 -5 -7 -7 -4 -6 -6 -5 -3 -4 -5 -6 -6    0   0   0   0   0   0   0 100   0   0   0   0   0   0   0   0   0   0   0   0  2.32 inf
   95 A    5 -2 -3 -2 -2 -1  4 -2 -2 -3 -3 -2 -1 -5 -3 -1 -1 -5 -4 -3   55   1   0   1   0   0  35   1   1   1   1   0   1   0   0   0   2   0   0   1  0.88 inf
   96 S   -2 -4 -2 -3 -4 -3 -3 -3 -4 -5 -6 -3 -4 -5 -3  7 -1 -6 -5 -4    0   0   0   0   0   0   0   0   0   0   0   0   0   0   1  99   0   0   0   1  1.87 inf
   97 G    6 -4 -4 -4 -3 -3 -4  3 -4 -4 -4 -3 -4 -5 -4 -1 -3 -5 -5 -3   81   0   0   0   0   0   0  19   0   0   0   0   0   0   0   0   0   0   0   0  1.38 inf
   98 K   -2 -5 -4  0 -6 -4 -3 -5 -5 -6 -6  0 -5 -7  8 -2 -4 -7 -6 -5    2   0   0   6   0   0   0   0   0   0   0   5   0   0  84   2   0   0   0   0  2.39 inf
   99 A    4 -4 -3 -3 -2 -3 -3  4 -3 -2 -2 -3 -3 -1 -3 -1 -3 -3  4 -3   48   0   0   0   1   0   0  28   0   2   2   0   0   2   1   1   0   0  15   0  0.78 inf
  100 P    0 -1  1  2 -4  0  2  3 -2 -4 -4  2 -3 -5  2 -1 -2 -4 -4 -4    7   0   6  12   0   4  15  23   0   0   1  19   0   0  12   1   1   0   0   0  0.46 inf
  101 E    0  0 -2  2 -3  2  2 -3 -2 -1 -1  1 -2 -3 -3 -1  1 -4 -3  2    7   3   0  12   0  11  18   0   0   3   4  12   0   0   0   0  12   0   0  19  0.26 inf
  102 V   -2 -4 -4 -5  2 -4 -5 -5 -5  2  5 -4  0 -2 -5 -4 -3 -4 -3  3    1   0   1   0   4   0   0   0   0   8  64   0   0   0   0   0   0   0   0  20  0.92 inf
  103 F   -4 -4 -5 -6 -4 -3 -4 -5 -2 -1  1 -4  4  7 -5 -4 -4 -1  6 -3    0   0   0   0   0   1   0   0   0   1  10   1  13  46   0   0   0   0  27   0  1.31 inf
  104 K    0  2 -2  0 -5  1  4 -3 -2 -5 -4  5 -3 -5 -1 -2 -2 -5 -4 -4    6   8   1   3   0   4  29   1   0   0   0  43   0   0   2   1   2   0   0   0  0.78 inf
  105 F   -1 -1 -1 -2 -5  0  3 -4  6 -4 -2  3  0  0 -3 -2 -2 -3  2 -3    5   1   1   0   0   3  25   0  21   0   4  26   2   4   0   0   1   0   6   1  0.59 inf
  106 F   -5 -6 -4 -6 -5 -6 -6 -6 -4 -3 -2 -6 -3  9 -7 -5 -5 -2  4 -4    0   0   1   0   0   0   0   0   0   0   2   0   0  88   0   0   0   0   9   0  2.33 inf
  107 G   -2 -4 -2 -2 -5 -3  1  7 -3 -6 -6 -2 -5 -6 -5 -3 -4 -5 -4 -6    0   0   0   2   0   0   9  85   0   0   0   1   0   0   0   0   0   0   0   0  1.71 inf
  108 F   -5 -6 -6 -6 -5 -6 -6 -6 -4  2  0 -6  0  8 -6 -5 -4 -2  0 -2    0   0   0   0   0   0   0   0   0  14   5   0   2  79   0   0   0   0   1   1  1.90 inf
  109 T   -3 -4 -1 -4 -4 -4 -4 -5 -5 -4 -4 -3 -4 -5 -4  0  8 -6 -5 -3    0   0   2   0   0   0   0   0   0   0   0   0   0   0   0   3  94   0   0   1  1.93 inf
  110 P    1 -4 -4 -3 -3 -3 -3 -2 -4  0 -2 -2 -2 -3  4 -1  1 -5 -4  4   15   0   0   1   0   0   1   3   0   2   1   2   0   0  22   2   9   0   0  42  0.62 inf
  111 E   -1 -2 -1  4 -6  0  6 -3 -2 -6 -5 -2 -4 -6 -2 -1 -3 -6 -5 -5    5   1   1  21   0   2  66   1   0   0   0   0   0   0   1   2   0   0   0   0  1.26 inf
  112 G    1  0  7 -1 -5 -2 -2  2  3 -5 -5  0 -4 -5 -4 -2 -2 -5 -4 -4   12   4  55   1   0   0   1  14   8   0   0   5   0   0   0   0   0   0   0   0  1.00 inf
  113 V   -2 -5 -5 -6 -3 -5 -5 -6 -6  4  0 -5 -1 -3 -5 -4 -2 -5 -4  6    1   0   0   0   0   0   0   0   0  19   3   0   1   0   0   0   1   0   0  76  1.37 inf
  114 A    3 -4 -4 -4  0 -4 -3 -4 -4  1  0 -4 -1 -3 -4 -1 -1 -4 -2  5   27   0   0   0   2   0   0   0   0   6   5   0   0   0   0   5   1   0   1  53  0.70 inf
  115 E    3 -1  1  1 -3  0  3 -2 -2 -4 -4  2 -3 -4 -3  0 -1 -4 -3 -3   33   2   6   9   0   3  22   1   0   0   0  15   0   0   0   6   2   0   0   0  0.44 inf
  116 R    2  3 -1 -3 -3  1  0 -3 -1 -2 -3  3 -1 -4 -3 -1  2 -4 -3  0   21  19   1   0   0   4   3   0   1   1   1  23   1   0   0   1  18   0   0   6  0.40 inf
  117 A    6 -4 -4 -4 -3 -3 -3 -1 -4 -1 -3 -3 -2 -3 -3 -1 -2 -5 -3  3   71   0   0   0   0   0   0   2   0   1   0   0   0   1   0   2   1   0   0  22  1.01 inf
  118 Q   -2  3  0 -2 -3  1  2 -3  0 -2 -1  5 -1 -4 -3 -2 -2 -4 -3 -1    2  13   3   0   1   5  12   0   2   2   6  46   1   0   0   1   1   0   0   4  0.56 inf
  119 K    2  1 -1  0 -2  1  2 -1 -1 -3 -3  2 -2 -4 -2  2 -1 -4 -3 -2   26   6   2   3   0   5  19   2   1   0   0  17   1   0   0  15   1   0   0   1  0.37 inf
  120 T   -1 -3 -3 -4 -3 -1 -3 -4 -4  1  3 -3  0 -2 -4  0  2 -4 -2  3    2   0   0   0   0   4   0   0   0   3  39   0   1   0   0   9  14   0   1  27  0.47 inf
  121 I   -2 -4 -5 -5 -2 -4 -5 -5 -3  3  5 -4  1 -1 -5 -4 -2 -4 -3  2    2   0   0   0   0   0   0   0   1  20  59   0   2   0   0   0   1   0   0  15  0.86 inf
  122 A    2 -1  0  2 -3  1  2  3 -2 -4 -4  2 -3 -4 -2  0 -1 -4 -3 -3   23   0   4  15   0   5  12  21   0   0   0  14   0   0   0   5   1   0   0   0  0.39 inf
  123 F    2  3  0 -3 -3 -1 -2 -3 -2 -3 -2  3 -2  4 -3 -1 -2  0  1 -2   20  20   5   0   0   0   0   0   0   0   0  23   0  26   0   1   0   1   3   1  0.44 inf
  124 Y    1 -3 -2 -4 -1 -2 -3 -3  1 -1 -1 -3 -1  2 -3 -2 -1  5  6  1   14   0   2   0   1   1   0   0   4   0   4   0   0   9   0   1   4   7  39  15  0.55 inf
  125 K   -1  2 -1 -1 -4  2  0 -2 -1 -4 -4  5 -2 -4  0  0 -2 -4 -3 -3    4   9   1   2   0   7   2   1   1   0   0  63   0   0   4   4   0   0   0   0  0.69 inf
  126 G    0 -2  2  1 -3  0  0  4 -2 -3 -2 -1 -3 -3  0  0 -1 -3 -3 -3    5   0  10  11   0   4   4  48   0   0   5   2   0   0   4   4   2   0   0   0  0.50 inf
  127 D    0  0 -1  1 -3  2  0  1  2 -2 -3  3 -2 -3  2  0 -1 -3 -2 -1    7   2   0   7   0  10   2  12   7   2   0  31   0   1  10   2   3   0   1   5  0.24 inf
  128 K   -1  1  2  0 -2  1  2 -1 -1 -3 -3  2 -2 -3  4  0  0 -3 -3 -2    3   7  12   1   1   5  13   3   0   0   0  19   0   0  23   2   8   0   0   2  0.41 inf
  129 L    0 -1 -1 -3  0 -2 -1 -3 -3  2  1 -2  0 -1 -2 -1 -1 -3 -2  3   11   5   4   0   2   0   4   1   0  11  18   0   0   0   1   1   0   0   0  40  0.19 inf
  130 I   -1  4 -2 -2  0  0 -1 -2  0  0  0  0 -1 -1 -3 -1  1 -3 -1  1    2  36   0   0   2   4   0   1   3   7  11   2   0   2   0   1  14   0   2  13  0.20 inf
  131 S    1 -1  1 -1 -2 -1  0 -1 -2 -3 -3 -1 -3 -4  0  5  1 -4 -3 -3    8   1   4   0   0   0   4   0   0   0   0   0   0   0   3  77   2   0   0   0  0.69 inf
  132 P   -2  1 -3 -1 -4 -2 -2 -3 -3 -4 -4 -2 -4 -5  8 -2 -2 -5 -4 -4    0   8   0   4   0   0   0   0   0   0   0   0   0   0  87   1   0   0   0   0  2.08 inf
  133 L   -2 -3 -4 -4 -2 -3 -4 -4 -4  4  3 -3  2  0 -2 -3 -2 -3 -2  2    0   0   0   0   0   0   0   0   0  37  46   0   2   2   1   0   0   0   0  11  0.52 inf
  134 K   -2  1  4  1 -3  2  1 -1  2 -2 -3  2  0 -3 -2  0 -1 -4 -2 -2    0   8  38   6   0   9   6   2   5   2   0  15   5   0   0   2   0   0   0   2  0.37 inf
  135 K   -2  5  2 -1 -4  1 -1 -2  0 -3 -2  3 -2 -3 -2  0  0 -4 -2 -3    0  45  15   0   0   2   0   0   2   0   3  24   0   0   0   4   5   0   0   0  0.55 inf
  136 A    5 -2 -2 -2 -1 -2 -2 -1 -2 -2 -3 -1 -2 -3  2  2 -1 -4 -3 -1   78   0   0   0   0   0   0   0   0   0   0   0   0   0   9  13   0   0   0   0  0.65 inf
  137 F   -3 -4 -4 -5 -3 -4 -4 -4 -2  0  1 -4  0  7 -5 -3 -3  0  2 -1    0   0   0   0   0   0   0   0   0   4   8   0   0  87   0   0   0   0   0   0  1.10 inf

                      K         Lambda
Standard Ungapped    0.1366     0.3199
Standard Gapped      0.0624     0.2670
PSI Ungapped         0.2044     0.3143
PSI Gapped           0.0624     0.2670
