
Last position-specific scoring matrix computed, weighted observed percentages rounded down, information per position, and relative weight of gapless real matches to pseudocounts
           A  R  N  D  C  Q  E  G  H  I  L  K  M  F  P  S  T  W  Y  V   A   R   N   D   C   Q   E   G   H   I   L   K   M   F   P   S   T   W   Y   V
    1 N   -3 -1  3  3 -5 -1  3 -3 -2 -5 -5  4 -4 -5 -3  0 -2 -5 -4 -4    0   0  17  16   0   0  25   0   0   0   0  34   0   0   0   8   0   0   0   0  0.79 inf
    2 E   -3  1 -3  0 -5  3  6 -4 -3 -5 -5  1 -4 -5 -2 -2  1 -5 -4 -1    0   6   0   3   0  11  55   0   0   0   0   9   0   0   1   1   9   0   0   5  0.96 inf
    3 V   -3 -3 -6 -6 -4 -5 -6 -6 -6  3  0 -5 -2  0 -6 -5 -2 -6 -4  7    0   1   0   0   0   0   0   0   0  14   5   0   0   3   0   0   1   0   0  75  1.47 inf
    4 C   -5 -8 -7 -8 12 -7 -8 -7 -8 -6 -6 -8 -6 -7 -7 -5 -1 -7 -7 -5    0   0   0   0  95   0   0   0   0   0   0   0   0   0   0   0   5   0   0   0  4.01 inf
    5 Y   -6 -6 -6 -1 -7 -6 -6 -7 -3 -5 -5 -6 -1  4 -7 -6 -6  2  9 -5    0   0   0   4   0   0   0   0   0   0   0   0   1  15   0   0   0   2  77   0  2.61 inf
    6 E   -2 -4 -1  4 -5 -1  2  4 -2 -5 -5 -2 -3 -2  2 -1 -3 -2 -5 -5    3   0   2  29   0   1  14  30   1   0   0   2   1   2  11   4   0   1   0   0  0.75 inf
    7 R   -3  3 -1  4 -5  0  2 -2  1 -1 -3  0 -2 -4  0 -2 -3 -5 -2  0    0  19   2  28   0   4  16   3   3   3   1   5   1   0   6   0   0   0   1   8  0.51 inf
    8 L   -3 -5 -5 -6 -4 -5 -5 -2 -4  1  5 -5  0  1 -5 -5 -4 -3  4  2    1   0   0   0   0   0   0   3   0   7  53   0   2   4   0   0   0   0  17  12  0.93 inf
    9 G   -4 -6 -2  0 -6 -5 -4  7 -6 -7 -7 -3 -6 -7 -6 -4 -5 -6 -7 -7    0   0   2   6   0   0   1  89   0   0   0   2   0   0   0   0   0   0   0   0  2.19 inf
   10 C   -5 -8 -7 -8 12 -7 -8 -7 -2 -6 -6 -7 -6 -6 -7 -4 -3 -6  2 -6    0   0   0   0  88   0   0   0   1   0   0   0   0   0   0   1   2   0   7   0  3.76 inf
   11 F   -6 -7 -7 -8 -6 -7 -7 -5 -5 -1  0 -7 -1  9 -8 -6 -6 -3  2 -5    0   0   0   0   0   0   0   1   0   3   9   0   1  80   0   0   0   0   6   0  2.46 inf
   12 S    0  0  1  1 -4 -2  1 -1 -1 -3 -3 -1 -1 -4  2  4  1 -5 -3 -2    8   4   6   7   0   1   9   5   1   1   1   2   1   0  11  31   9   0   1   3  0.37 inf
   13 D   -1 -1  3  5 -4 -1 -1 -2 -1  1 -2 -3  1 -1 -4 -1  0 -5 -2 -1    4   3  16  35   0   2   2   2   2   9   3   0   4   4   0   3   7   0   1   4  0.51 inf
   14 D    1 -2  0  4 -3 -1  1  2 -2 -3 -3 -2 -4 -4 -3  1  2 -5 -4 -4   10   2   4  27   1   2  10  14   1   1   3   1   0   0   1  11  14   0   0   0  0.45 inf
   15 S    0 -1  1  1 -2 -1  0  2  0 -2 -1  0 -3 -1  3  1 -1 -4  0 -2    5   3   7   8   1   1   7  14   3   1   7   5   0   2  17   9   3   0   4   2  0.21 inf
   16 P   -3 -4  0 -1 -5 -3 -3 -1 -1 -4 -5 -3 -5 -4  8  0 -3 -6 -2 -2    1   1   4   3   0   1   2   5   1   1   1   1   0   1  65   7   1   0   1   3  1.67 inf
   17 W   -4 -3 -6 -6  2 -3 -5 -6  0 -1 -2 -5 -4  6 -4 -3 -1 10  2 -2    2   2   0   0   5   2   0   0   2   3   4   0   0  29   1   2   3  35   5   4  1.67 inf
   18 A    1 -2 -1  0  0 -1 -1  1  1  0 -1 -1 -2 -1 -1  2  1  3  1  0   13   1   2   5   2   1   2  10   3   5   6   3   0   2   3  17   8   5   5   6  0.11 inf
   19 G   -2  0  2  0 -2 -2 -2  4  3 -4 -3  0 -4 -4 -2  1 -1 -4  1 -4    1   5   9   6   1   1   1  35   8   1   2   7   0   0   2  10   4   0   4   1  0.50 inf
   20 I   -1 -1  1 -1 -1 -1 -1 -2 -2  1  1  1  1  1  0  0  2 -3 -1  0    5   3   7   2   1   2   3   2   1   7  15  10   3   7   4   4  20   0   1   5  0.11 inf
   21 V    0 -1 -2 -2 -2 -2  0 -1 -3  1  2 -1  0  2  1 -1  0 -3 -1  2    6   4   1   1   0   1   6   4   0   9  21   3   1  12   7   3   6   0   1  14  0.13 inf
   22 E   -1  0  0  2 -3  1  2 -1 -1 -2 -2  0 -1  2 -1  0  0 -3 -1 -2    5   6   5  14   0   8  16   4   1   2   4   4   1  11   3   5   7   0   2   1  0.19 inf
   23 R   -2  5  0  1 -3 -1  0 -4 -1 -4 -2  2 -3 -4  1 -1  0  0 -3 -2    2  39   5   7   1   2   6   1   1   1   4   9   0   0   7   4   7   1   1   4  0.59 inf
   24 P    1 -2  0 -3 -4 -1  0 -2  2 -4 -2 -2 -4 -2  6 -1 -1  2 -4 -3   10   2   4   1   0   3   8   3   6   1   4   1   0   2  42   5   3   3   0   2  0.88 inf
   25 L   -2 -2 -2 -3  1 -3 -2 -4  0  3  3 -3  0  2  1 -2 -1 -2  0  1    3   2   2   2   3   0   2   1   3  17  32   1   2   8   8   2   3   0   3   7  0.33 inf
   26 K    0  1  2 -1 -2  1  2 -2 -1 -1 -3  3 -3 -1  0  0 -1 -4 -1 -1    8   6  10   2   1   6  13   3   1   4   2  20   0   3   5   7   3   0   2   4  0.21 inf
   27 I   -1  0 -2 -1  1 -1 -1 -1 -1  1  0 -1  1  0  3 -1  0  1  1  1    4   5   1   4   4   1   2   4   1   9   9   4   5   4  14   5   4   2   5  12  0.12 inf
   28 L   -3 -1 -4 -3  5 -4 -3 -4  1  0  3 -2  0  3  3 -3 -2 -4 -1 -1    2   3   1   2  12   0   2   1   4   4  35   3   2  11  13   1   3   0   2   3  0.54 inf
   29 P   -2 -2 -4 -2 -3  0 -1 -4 -2 -2 -5 -2 -1  3  7 -1  0 -5 -1 -4    3   2   1   2   1   5   5   1   1   2   0   2   2  13  47   5   6   0   2   1  1.10 inf
   30 S   -1 -2  2  3  0 -2  1 -3  0 -2 -3  0 -4 -5 -1  4  1 -5 -3 -3    5   1   8  14   2   1   8   1   3   3   2   4   0   0   2  34   9   0   1   2  0.49 inf
   31 P   -4 -1 -5 -2 -7 -3 -5 -2 -6 -2 -3 -4 -6 -4  8  0 -4 -7 -4 -5    1   3   1   2   0   1   0   3   0   2   3   1   0   1  73   6   1   0   1   1  2.09 inf
   32 E    0  0  1  3 -5  1  4 -4  2 -1 -4  1 -4 -5 -4  1  0 -5 -2 -2    7   5   5  16   0   4  26   1   5   4   1   7   0   0   0   8   4   0   2   3  0.43 inf
   33 K   -2  0 -1  2 -3  1  3 -1 -1 -1 -3  3  1 -2 -2  0 -1 -4 -2 -1    3   5   3  10   0   5  23   5   2   4   2  17   4   2   1   5   3   0   1   3  0.30 inf
   34 V   -2 -3 -1 -3 -3 -2 -1 -4 -3  4  2 -2  1 -3 -1  0  1 -4 -3  2    2   1   3   1   0   2   5   1   0  29  16   3   3   0   3   8   8   0   1  14  0.39 inf
   35 N   -3  0  5  4 -5  0  2 -1  1 -5 -3  2 -5 -5 -2 -1 -3 -6 -5 -2    2   4  23  21   0   3  12   5   3   0   2  11   0   0   2   4   1   0   0   3  0.62 inf
   36 T   -3 -6 -3 -6 -5 -5 -6 -6 -5  3 -3 -6  4 -3 -2 -2  4 -6 -5  5    1   0   1   0   0   0   0   0   0  15   1   0   9   1   2   3  26   0   0  38  1.12 inf
   37 R   -3  4  0 -3 -6  3 -1 -3  2 -1 -4  4 -4 -2 -5  0  2 -6 -4 -2    1  19   5   1   0  13   3   2   4   4   1  22   0   2   0   8  13   0   0   3  0.58 inf
   38 F   -6 -8 -8 -9 -8 -6 -8 -8 -4 -3  0 -8 -1  9 -9 -8 -7 -5  4 -6    0   0   0   0   0   0   0   0   0   1   8   0   1  77   0   0   0   0  11   0  2.78 inf
   39 L   -4  0 -3 -3 -2  0 -2 -5  0  0  2 -3  2  2 -3 -2 -2  6  5 -2    1   6   2   1   1   4   2   1   3   6  22   2   5   7   1   3   2  10  19   2  0.59 inf
   40 L   -4 -6 -8 -8  3 -7 -7 -8 -3 -1  6 -7  0  1 -7 -6 -5 -6 -3 -1    1   0   0   0   6   0   0   0   1   2  77   0   1   4   0   1   0   0   1   4  1.73 inf
   41 Y   -4  1 -2 -5 -3 -4 -6 -3  1 -5 -3 -6 -1  5 -7 -4 -6 -2  8 -5    1   8   2   1   1   1   0   2   3   0   2   0   2  22   0   1   0   0  52   0  1.89 inf
   42 T   -3 -4  0 -5 -6 -5 -3 -2 -3 -5 -6  0 -6 -7 -5  1  7 -8 -4 -4    2   1   5   0   0   0   1   3   1   1   0   6   0   0   0  10  68   0   1   1  1.68 inf
   43 N   -3  6  2 -1 -5 -1 -1 -4 -1 -3 -5  1 -6 -7  2  0 -3 -7 -6 -4    2  48   9   4   0   2   3   1   1   2   1   9   0   0   9   6   1   0   0   1  1.08 inf
   44 E   -1  2  1  2  0  2  3 -2  1 -5 -3  1 -4 -4 -3  2 -1 -5 -3 -5    5  12   7  10   2   7  17   3   3   0   3  10   0   1   1  14   3   0   1   0  0.38 inf
   45 N   -3 -3  7  1  1 -1 -3 -1  1 -4 -5 -3 -3  0 -6  0  2 -7 -3 -3    2   2  46   6   3   2   2   4   3   1   1   1   1   5   0   8  10   0   1   2  1.02 inf
   46 P   -1  3 -2 -2 -6  2 -2 -3 -4 -4 -1 -2 -2 -3  6 -1 -2 -3 -3 -4    6  13   1   2   0  10   3   2   0   1   6   2   1   1  39   5   3   0   1   1  0.87 inf
   47 D   -3 -1  4  4 -5  0  2 -2  0 -3 -3  0 -2 -3 -3  0  2 -5 -1 -2    2   3  17  21   0   3  13   3   3   1   3   6   1   1   1   5  13   0   2   2  0.47 inf
   48 N   -1 -1  2  2  5  0  0  0  1 -1 -1 -1 -2 -2 -3  0  0 -2  0 -1    4   3  11  11  12   3   7   8   3   3   5   4   1   2   1   8   5   0   3   5  0.19 inf
   49 F    1  0 -2 -2  3 -1 -2  2  0 -3 -2 -2 -3  1  3  0 -2 -2  2 -1   12   4   1   2   7   2   2  17   2   1   3   2   1   6  16   7   1   0   8   4  0.33 inf
   50 Q   -3  1 -2 -1 -6  6  1 -4  1 -1 -3  1 -2 -5 -1 -3 -1 -5  0 -1    2   7   1   4   0  39   9   1   3   4   3   9   1   0   3   2   3   0   4   5  0.79 inf
   51 E   -1 -1 -2 -1 -3  0  2 -4 -1  1  2 -1 -2 -1  3 -2  0 -4  1  0    4   4   2   3   0   4  16   1   1  10  19   3   0   3  13   1   6   0   4   6  0.22 inf
   52 I   -4 -2 -4 -2 -4 -3 -4 -6  0  5  4 -4  1  0 -5 -3 -2 -6 -2  1    1   3   1   2   0   1   1   0   2  29  37   1   2   4   0   2   2   0   1   9  0.81 inf
   53 V   -2  0 -1 -2 -3  0  0 -3  0  1  1  0 -1  0  1  0  1 -2  0  1    2   6   3   2   0   5   6   1   3   8  15   5   0   4   7   6  11   1   3  12  0.11 inf
   54 A    1 -1  2  1 -3  0  0  1  0 -1  0 -1 -2  0  0  0  0 -1  0 -1   12   4  14   7   0   3   7  10   2   3   9   3   1   4   4   7   4   1   4   5  0.09 inf
   55 D   -1 -2  3  5 -6 -1  1 -2  3 -5 -5 -1 -4 -3 -2  1 -1 -6 -2 -5    5   2  15  36   0   3   7   3   6   0   1   4   0   1   2   9   4   0   1   0  0.78 inf
   56 P    0  0  0  1 -3  1  0 -2 -2 -1 -1 -1 -1 -3  4  0 -1 -3  0  0    6   5   4   8   0   5   7   2   1   4   5   3   2   1  24   8   3   0   3   7  0.31 inf
   57 S    1 -1  2  3  0  0  2 -1 -1 -3 -1  0 -2 -2 -3  2 -1 -1 -3 -3   10   2  10  14   2   4  13   4   2   1   6   7   1   1   1  16   3   1   1   1  0.24 inf
   58 T   -1 -2  1  0 -3 -1 -2  0 -1 -2  1 -2  1 -3 -2  4  2 -3 -4 -2    4   2   6   5   0   2   1   6   1   2  13   2   3   1   2  31  15   0   0   2  0.36 inf
   59 I   -3 -4 -4 -5 -4 -4 -3 -4 -2  4  4 -3 -1  0 -2 -3 -1  5 -3  1    2   1   1   1   0   1   2   1   1  25  35   1   1   3   2   2   4   8   0   8  0.74 inf
   60 Q    0  2  1  0 -4  2  1 -2  0 -2 -1  1  0 -2 -1  0  0 -2  0 -1    8  10   7   4   0  11  11   2   2   2   5  10   2   2   3   8   5   0   4   4  0.15 inf
   61 S    1  1  3  1 -4  0  1 -1  1 -3 -2  1 -2 -2  0  1  0 -2 -1 -2   12   7  14   6   0   4   7   4   4   1   4   8   1   2   5  12   5   1   2   2  0.19 inf
   62 S   -1 -2 -2 -2  3 -1  0 -1 -2 -3 -3 -1 -1 -3  1  5  0  0 -2 -2    3   2   1   2   7   2   7   4   1   2   3   3   2   1   6  44   6   1   1   3  0.58 inf
   63 N   -2 -1  4  0 -5  0 -1  2  4 -4 -2  0 -4 -2 -2  0 -1 -3  2 -4    2   3  22   5   0   4   4  18  11   1   4   5   0   2   2   6   3   0   6   1  0.46 inf
   64 F   -7 -7 -7 -8 -7 -7 -7 -6 -6  1  1 -7 -3  9 -8 -7 -5  1  2 -3    0   0   0   0   0   0   0   1   0   8  11   0   0  70   0   0   0   2   5   1  2.28 inf
   65 N   -4  1  7  4 -6  1 -1 -3 -1 -4 -6 -1 -5 -6 -6  0 -3 -7 -1 -3    1   6  44  19   0   6   3   2   1   1   1   4   0   0   0   5   1   0   3   2  1.11 inf
   66 T    2 -1 -3 -2 -4 -1 -3 -2 -1 -2 -1  1 -1 -1  4  1  1 -5 -3  0   15   3   1   2   0   3   1   3   1   2   6   9   2   3  23  10   8   0   0   8  0.38 inf
   67 G    0  1  2  1 -4 -1  0 -2  0 -5 -4  1 -3 -3 -3  4  2 -4 -3 -4    7   7  11   9   0   3   5   3   2   0   1   8   1   1   1  28  12   0   1   1  0.45 inf
   68 R   -2  4  2 -2 -6 -1 -3 -2  3 -3  1  4  0 -4 -5 -2 -3  1 -1 -3    2  22   9   2   0   3   1   3   7   1  14  26   2   1   0   2   1   2   2   1  0.60 inf
   69 K   -4  0 -1  0 -7 -1 -1 -2 -5 -4 -6  4 -3 -5  7 -3 -4 -8 -7 -6    1   4   3   4   0   3   3   3   0   1   1  20   1   1  51   2   1   0   0   0  1.43 inf
   70 T   -5 -6 -2 -7 -6 -6 -6 -7 -7  1  2 -6 -1 -6 -7 -3  7 -4 -4  2    0   0   2   0   0   0   0   0   0   6  17   0   1   0   0   2  60   0   0  12  1.53 inf
   71 R   -1  4 -5 -6 -4 -3 -4 -6 -2  1 -4  4  0  0 -5 -4  0 -6  0  3    4  19   0   0   0   0   0   0   1   7   0  28   2   4   0   0   5   0   3  24  0.79 inf
   72 F   -5 -7 -7 -7 -6 -7 -7 -7 -6  5  1 -7  2  6 -7 -6 -5  1 -3  2    1   0   0   0   0   0   0   0   0  33  12   0   5  32   0   0   0   2   0  14  1.45 inf
   73 I   -3 -6 -4 -6 -5 -5 -6 -6 -6  6  2 -6 -1  0 -6 -2  0 -2  2  2    1   0   1   0   0   0   0   0   0  43  21   0   1   4   0   3   5   1   6  14  1.04 inf
   74 I   -1 -7 -7 -6 -3 -7 -7 -7 -7  7 -1 -7 -2 -3 -7 -4  1 -7 -6  3    4   0   0   0   0   0   0   0   0  59   5   0   1   1   0   1   8   0   0  20  1.58 inf
   75 H   -5 -6 -4 -7 -8 -6 -6 -8 11 -9 -8 -7 -7 -7 -2 -5  0 -8 -5 -8    1   0   1   0   0   0   0   0  87   0   0   0   0   0   3   1   7   0   0   0  3.73 inf
   76 G   -4 -2 -6 -4 -8 -7 -8  8 -8 -9 -9 -7 -8 -9 -8 -5 -7 -8 -9 -9    1   2   0   1   0   0   0  94   0   0   0   0   0   0   0   1   0   0   0   0  2.79 inf
   77 F   -8 -8 -6 -9 -8 -8 -8 -8  0 -6 -5 -8 -5  6 -9 -8 -8 11  5 -5    0   0   0   0   0   0   0   0   2   0   1   0   0  30   0   0   0  45  19   1  3.01 inf
   78 I   -2  1  2 -4 -1 -1 -3  0 -3  1  1 -1  2 -2 -5  0  3 -3 -4 -2    3  10  11   0   1   2   1   6   0   8  17   4   6   1   0   7  21   0   0   2  0.31 inf
   79 D   -1 -4  1  3 -5  0  1  3 -3 -5 -5 -3  0 -5  0  2  0 -6 -4 -1    4   0   6  16   0   3  10  24   1   0   1   1   2   0   6  16   5   0   0   5  0.48 inf
   80 K   -2 -2  4  2 -2  0 -3  0  0 -5 -3  0 -1 -3 -4  3  2 -6 -2 -4    3   2  19  11   1   4   1   6   3   0   3   5   2   1   0  25  14   0   1   1  0.52 inf
   81 G    0  2 -4 -3 -1 -2 -1  4  0  1 -4 -2  0 -4 -2  0 -2 -3  1  0    6  11   0   1   2   1   3  36   2   9   0   1   2   0   3   9   2   0   5   6  0.48 inf
   82 E   -3 -2  3  2 -5  0  1 -3  0 -3 -2  0  2  0 -2  2  2 -4 -4 -4    1   2  17  12   0   3   9   1   2   2   5   6   5   4   1  15  12   0   0   1  0.36 inf
   83 E   -1  0  0  2 -4  0  2  0  1 -2 -1  1 -2 -1  0  2 -1 -4 -2 -1    5   4   3  10   0   3  15   7   4   1   7   9   0   2   4  16   4   0   1   4  0.16 inf
   84 S   -1 -2  2  1 -1 -1  0 -1 -1 -2 -3 -1 -3 -3  3  3  1 -3 -3 -2    5   2  10   7   1   2   6   5   2   3   3   3   1   1  13  27   7   0   1   3  0.33 inf
   85 W   -3 -4  0 -4 -6 -4 -1 -4  0 -2 -3 -5  1  1  2  1 -3 10 -1 -1    2   1   5   1   0   1   4   2   2   3   3   1   4   5   9   9   1  42   1   4  1.60 inf
   86 L   -2 -5  3 -4  1 -3 -3 -4  0  4  1 -4  3 -1 -2 -1 -2 -2  0  2    2   0  18   0   3   1   2   1   2  21  11   0   8   2   2   5   2   1   3  17  0.49 inf
   87 S   -1  1  0  0 -3  2  0 -1  1  0 -1  1  0 -1  1  0  1  1  0 -1    4   6   3   5   0  13   5   3   4   5   7   7   2   2   6   8   8   2   3   5  0.09 inf
   88 T   -1  0  1  3 -4  1  2 -1  0 -2 -2  1 -1 -2  1 -1 -1 -5 -2 -1    6   4   6  19   0   6  15   4   2   2   4  10   1   2   6   4   3   0   1   5  0.24 inf
   89 M   -3 -4 -5 -7 -5 -5 -6 -6 -6  4  3 -5  7  1 -5 -5 -1 -6 -5  2    2   1   1   0   0   0   0   1   0  24  26   0  23   5   1   0   4   0   0  13  1.09 inf
   90 C    1  4 -4 -5  3 -2 -3 -4 -4  0 -2  3 -1 -3 -5 -2  0 -5 -1  2   14  22   0   0   6   1   0   1   0   5   3  18   1   1   0   3   6   0   2  16  0.51 inf
   91 Q   -1  1  3  4 -5  2  0 -2  0 -4 -4  3 -2 -4  0  0 -1 -3 -4 -4    5   7  14  20   0   8   4   2   2   1   2  17   1   1   5   7   4   0   0   0  0.45 inf
   92 N    6 -2  0 -1 -5 -3  1 -3 -3 -2 -2 -1 -4 -4 -3 -2  0 -6 -5 -1   57   2   5   4   0   1   9   1   0   2   3   3   0   1   1   2   6   0   0   4  0.87 inf
   93 M   -4 -3 -6 -7 -6 -4 -6 -7 -3 -1  4 -4  2  3 -7 -6 -4  4  7 -1    1   2   0   0   0   1   0   0   0   4  32   1   4  12   0   0   1   6  33   3  1.28 inf
   94 F   -4 -3 -3 -5 -5 -1 -6 -6  0  0  5 -2  2  3 -6 -4 -3 -5 -1 -2    1   2   2   0   0   3   0   0   2   5  61   2   4  10   0   1   1   0   2   2  1.06 inf
   95 K    0  1  0  0  2  2  2 -3  0 -3 -2  2 -1 -2 -4  2  0 -3 -1 -3    9   8   4   6   5  11  11   1   2   1   3  14   2   2   0  14   6   0   2   1  0.27 inf
   96 V    0  4  1 -2 -5  2 -2 -4  2 -1 -2  1 -2 -1 -4 -2 -1 -2  2  1    6  25   6   2   0   9   2   1   5   4   3   9   1   3   0   2   4   1   6  12  0.39 inf
   97 E   -2 -1  0  1 -6  2  4  4 -2 -3 -4 -2 -1 -4 -3 -2 -1 -2 -2 -3    3   3   4   6   0   8  24  33   1   1   1   2   2   1   1   2   4   1   1   1  0.62 inf
   98 S   -4 -3  3  7 -5  0  1 -2 -4 -7 -7 -2 -6 -4  0 -2 -3 -7 -2 -7    1   1  12  57   0   3   8   3   0   0   0   2   0   1   6   2   2   0   2   0  1.40 inf
   99 V    0 -4 -4 -3  2 -3 -3 -4  0 -1 -2 -4  2  3 -5  0  0 -2  5  3    9   1   1   1   4   1   2   1   2   3   2   0   5  11   0   6   5   0  21  24  0.62 inf
  100 N   -5 -5  9 -3 -7 -5 -5 -6  0 -5 -6 -5 -2 -7 -7 -2 -3 -8 -3 -7    1   0  86   1   0   0   0   0   2   1   1   0   1   0   0   2   1   0   1   0  2.73 inf
  101 C   -4 -6 -7 -7  3 -6 -6 -7 -6  3 -1 -6  0  1 -6 -6 -4 -6 -4  6    1   0   0   0   6   0   0   0   0  16   6   0   2   6   0   0   0   0   0  60  1.52 inf
  102 I   -5 -6 -7 -7  3 -6 -7 -5 -7  7  0 -6 -1  2 -6 -6 -5 -2 -5  2    0   0   0   0   6   0   0   1   0  62   7   0   1   8   0   0   0   1   0  13  1.63 inf
  103 C    1 -3 -3 -5  3 -3 -4 -2 -3  3  0 -4  0 -2 -5  1  0 -5 -1  4   12   1   1   0   6   1   1   2   1  14   8   0   3   2   0  11   7   0   2  29  0.47 inf
  104 V   -1 -7 -7 -7  0 -6 -7 -7 -7  2  0 -6  1 -5 -5 -6 -2 -7 -6  7    4   0   0   0   2   0   0   0   0  10   7   0   3   0   1   0   2   0   0  69  1.67 inf
  105 D   -5 -6  0  8 -8 -4 -2 -4 -6 -6 -7 -6 -7 -8 -6 -4 -6 -8 -8 -6    1   0   4  87   0   1   2   2   0   1   1   0   0   0   0   1   0   0   0   1  2.67 inf
  106 W   -2 -7 -8 -8 -7 -7 -7 -6 -7 -7 -4 -7 -6 -5 -8 -7 -3 12  4 -5    4   0   0   0   0   0   0   1   0   0   2   0   0   0   0   0   2  76  11   1  3.92 inf
  107 K    1  1  1 -2 -4 -1 -1  2 -3 -2 -2  0 -1 -4 -2  3 -1 -3 -4 -2   11   9   6   2   0   2   4  17   0   2   5   5   1   0   2  27   2   0   0   3  0.33 inf
  108 S   -1  3  1  1 -4  0  0  0  0 -3 -4  1 -2 -4  2  0  0 -4  1 -1    5  18   8   6   0   4   6   7   2   1   1   9   1   0   9   8   5   0   5   4  0.24 inf
  109 G    1 -2 -4 -4 -1 -1 -4  4 -3  0  3 -4 -1  0 -4 -2 -2 -4  0 -2   11   2   0   1   1   3   1  33   0   6  25   1   1   4   1   2   2   0   3   2  0.53 inf
  110 S    5  0 -1 -5 -2 -3 -4 -3 -5 -2 -4 -3 -3 -5 -4  3 -1 -6 -5  1   48   4   3   0   1   1   0   1   0   2   2   1   0   0   1  23   4   0   0   9  0.91 inf
  111 R   -1  2  1  2 -1  1 -1 -1  2 -2 -3  0 -2 -2 -2  1  1 -1  0 -2    5  10   8  14   1   7   3   4   5   2   3   6   1   1   1  12  11   1   3   2  0.21 inf
  112 T   -2 -2  1 -1 -2  1 -1  0  0  0  0 -2 -2 -1  4 -2  3  0  0 -1    3   1   6   2   1   6   3   7   2   5   9   2   1   3  18   2  20   1   4   4  0.29 inf
  113 A   -2 -3  3  1  4 -2  0 -1  1  0  1 -3  0  0  0 -1 -1  2 -2 -2    2   1  16   9  11   1   5   6   4   7  12   1   2   5   6   4   3   3   1   2  0.25 inf
  114 Y   -6 -6 -3 -4 -7 -6 -6 -7 -4 -6 -2 -6 -6  0 -7 -6 -4 -4 10 -4    0   0   1   1   0   0   0   0   0   0   5   0   0   3   0   0   1   0  83   1  3.02 inf
  115 S    0 -2  0 -1 -1 -2 -2 -2 -1  1  0 -2 -1  1  3  1  2 -1  0  0    8   1   5   3   1   1   2   2   1   8   9   2   1   8  15  13  12   1   4   6  0.19 inf
  116 Q   -1  1  0  0 -3  4  0 -2  1 -1 -2  0 -1 -2 -3  1  2  4 -1 -1    4   7   3   5   0  21   5   3   4   4   3   4   2   1   1  12  11   5   2   4  0.30 inf
  117 A    5 -5 -5 -5  0 -4 -5 -3 -2 -1 -4 -5 -1 -5 -2  3 -3 -6 -5  1   52   0   0   0   2   1   0   1   1   3   1   0   1   0   3  22   1   0   0  10  1.09 inf
  118 S    3  2 -3 -4 -2 -2 -2 -4 -2 -1 -2 -3 -1 -3 -4  1 -1 -5 -2  5   20  10   1   1   1   2   3   0   1   2   3   1   1   1   0  12   3   0   2  35  0.57 inf
  119 Q    1  1  2 -1 -3  1  0 -1  0 -1 -1  1  0 -1 -1  1 -1  3 -1 -1   12   7   9   3   0   8   6   4   2   3   6   8   3   3   2  10   3   5   2   3  0.10 inf
  120 N    1  0  7 -1 -1 -1 -3 -3  2 -3 -2 -1 -2 -4 -5 -1 -3 -6  0 -4   12   5  48   3   1   3   1   2   5   2   5   3   1   1   0   4   1   0   4   1  0.98 inf
  121 V    0 -5 -2 -5 -1 -5 -5 -4 -5  2 -1 -5 -1 -4 -1 -1  5 -6 -3  3    7   0   2   0   1   0   0   1   0  11   6   0   1   1   4   3  37   0   1  23  0.82 inf
  122 R   -2  5 -1 -1 -5 -1  1 -2 -1 -3 -3  2 -4 -2  2 -2 -3 -3 -2 -1    2  35   2   4   0   2   7   3   2   2   2  13   0   2  11   3   1   0   2   5  0.64 inf
  123 I    0 -1 -2  0 -3  0  0 -1 -1  1  1  1  0  0  0 -1 -1 -2 -1  2    6   3   1   5   0   5   5   5   2   7  17  10   1   4   4   4   3   1   1  16  0.07 inf
  124 V   -1 -6 -5 -7  0 -6 -6 -3 -7  3  0 -6 -1 -2 -6 -4 -1 -6 -5  7    5   0   1   0   2   0   0   2   0  12   8   0   1   1   0   1   4   0   0  62  1.38 inf
  125 G    3 -6 -5 -6 -6 -6 -6  6 -6 -4 -7 -6 -6 -7 -6  1 -3 -7 -7 -3   21   0   0   0   0   0   0  63   0   1   0   0   0   0   0  10   1   0   0   2  1.63 inf
  126 A    2  2  0  1 -4  1  1 -2 -1 -2 -1  1 -1 -2 -2 -1 -1 -2 -1 -2   23  13   3   8   0   7   9   2   2   2   7  10   1   1   1   4   2   0   2   3  0.23 inf
  127 E   -1 -1 -1  0  4  2  2 -3  0  1 -2  0 -1  0 -4  0 -1 -3  2  0    3   2   3   4   9  11  17   1   2   9   2   6   2   5   0   7   3   0   9   6  0.22 inf
  128 V   -2 -5 -5 -6  0 -2 -5 -6 -5  4  3 -5  1 -3 -5 -2  1 -5 -2  3    2   0   0   0   2   2   0   0   0  23  33   0   3   0   0   2  10   0   1  22  0.73 inf
  129 A    5 -2 -4 -3 -1 -3 -2  1 -2 -2 -4 -1 -4 -5 -4  1  0 -1 -4 -1   54   2   0   1   1   0   2  11   1   2   0   4   0   0   0  10   6   1   0   4  0.75 inf
  130 Y   -1  2  0  1 -4  2  1 -1  2 -2 -1  2  0 -1 -3  0 -1 -3  1 -1    5  11   4   7   0  13   9   5   5   2   4  13   3   2   0   4   4   0   5   3  0.18 inf
  131 L   -1 -2 -4 -5 -4 -2 -2 -2  0  0  3 -2  3  6 -4 -2 -2 -3  0  0    4   2   0   0   0   2   2   3   2   5  24   2   7  33   0   3   2   0   2   5  0.61 inf
  132 V   -2 -5 -5 -5  0 -5 -5 -3 -5  5  3 -5  1 -1 -5 -2 -1 -4  0  2    3   0   0   0   2   0   0   2   0  33  30   0   3   2   0   2   3   0   3  15  0.73 inf
  133 G   -1  1  1  2 -4  1  1  0  1 -1 -2  2 -1 -3 -3  0 -1  0 -1 -1    5   9   8  13   0   7   9   6   3   3   3  13   2   0   0   5   4   2   2   4  0.17 inf
  134 V   -1  0  1  0 -3  1  0 -2  0  0  0  0  1  2 -3 -1 -1  4  1 -1    6   4   7   5   0   9   4   2   2   4  12   6   4  12   0   2   3   7   6   4  0.14 inf
  135 L   -1 -1 -1 -1 -4 -1 -1 -5 -4  1  4 -1  2  0 -5 -2 -1  2  0 -1    4   3   3   3   0   3   4   0   0   6  42   4   5   4   0   4   3   3   3   4  0.43 inf
  136 Q   -1  0 -1 -1  1  0 -1 -4  3  0  0  0  6 -1 -1 -1 -1  2  0  0    4   5   3   3   3   4   4   0   8   4  10   6  20   3   3   4   3   3   4   8  0.28 inf
  137 S    0  1  2  1 -4  1  2 -2  1 -2 -1  1 -1 -2 -3  1  0 -4 -2 -2    6   6  10   9   0   5  16   2   3   3   8   8   1   2   0  12   7   0   1   2  0.19 inf
  138 S    0  1  2  1 -3  1  2 -2  2 -1 -1  0 -2 -2 -1  0  0 -3  0 -1    6   7  12   6   0   8  12   2   6   3   6   5   1   1   3   8   7   0   3   4  0.15 inf
  139 F    0  1  0 -1 -3 -1 -1  0  3 -2 -1 -1  1  2 -1  0  1 -1  2 -2    7   7   4   3   0   2   3   9   8   1   7   4   4  12   3   5  10   0   9   2  0.12 inf
  140 D   -2 -2  1  1 -4  0 -1  5  0 -2 -3 -1 -3 -2 -1 -1 -3 -4 -3 -2    2   2   7   8   0   4   3  50   2   3   3   4   1   2   3   3   1   0   1   3  0.72 inf
  141 Y    1 -2 -2 -4 -1 -1 -3 -3 -2  1  2 -3  4  1 -4 -2 -1 -2  3  2   13   2   2   0   1   3   1   2   1   8  17   1  12   4   0   2   2   0  11  18  0.35 inf
  142 S   -1  0  2  1 -4  0 -2 -1 -1 -3 -3 -1 -3 -3  4  3  0 -4 -2 -2    3   4  11   9   0   4   2   4   2   1   2   3   0   1  18  27   5   0   2   2  0.44 inf
  143 P   -1 -1 -2 -4 -2 -2 -2 -4 -2  0  3 -2  0  1  3 -1 -1  2  1  1    6   4   1   0   1   1   2   1   1   3  30   1   2   6  17   3   3   3   4   8  0.34 inf
  144 S   -1  0  2  4 -4  0  3 -1 -2 -4 -4  1 -3 -5 -3  2 -1 -1 -3 -4    4   5   9  22   0   2  20   4   1   1   1   9   1   0   1  16   3   1   1   1  0.47 inf
  145 N   -2  1  4  3 -5  2 -1 -3  0 -4 -4  2 -2 -4 -4  1  0 -5 -2 -4    2   8  24  18   0   8   2   1   2   0   1  14   1   0   0  12   4   0   1   0  0.59 inf
  146 V   -2 -5 -5 -5 -4 -5 -5 -5 -5  5  2 -5  2  2 -5 -4 -1 -4  0  4    2   0   0   0   0   0   0   0   0  31  17   0   4   8   0   0   3   0   3  29  0.87 inf
  147 H   -4 -2 -3 -5 -6 -1 -2 -4 10 -5 -3 -4 -3 -4 -6 -3  1 -5  4 -3    1   2   1   0   0   2   2   1  61   1   3   1   1   0   0   2   8   0  12   2  2.06 inf
  148 I   -2 -5 -5 -6  2 -5 -5 -6 -5  3  4 -5  1  0 -3 -4 -3 -4 -4  3    2   0   0   0   4   0   0   0   0  15  45   0   3   3   1   1   0   0   0  23  0.90 inf
  149 I   -3 -6 -6 -6 -3 -4 -6 -6 -6  7  0 -6 -1 -4 -6 -5 -3 -6 -5  4    2   0   0   0   1   1   0   0   0  64   5   0   1   0   0   1   1   0   0  24  1.62 inf
  150 G   -3 -6 -5 -5 -6 -6 -6  8 -6 -7 -7 -5 -6 -7 -5 -4 -5 -6 -7 -7    1   0   0   0   0   0   0  95   0   0   0   0   0   0   1   0   0   0   0   0  2.55 inf
  151 H   -5 -5 -3 -5 -4 -4 -5 -6  9 -4 -4 -5 -2  5 -6 -4 -4 -4  3 -1    0   0   1   0   0   0   0   0  55   1   1   0   1  23   0   1   1   0   9   4  2.14 inf
  152 S   -2 -5 -3 -2 -3 -4 -4 -2 -5 -6 -5 -4 -5 -6 -5  7 -3 -6 -6 -5    3   0   1   2   0   0   0   3   0   0   1   0   0   0   0  88   0   0   0   0  2.02 inf
  153 L   -3 -5 -6 -6 -5 -5 -3 -6 -3 -1  6 -5  2 -2 -6 -5 -5 -5 -4 -1    2   0   0   0   0   0   2   0   1   2  83   0   4   1   0   0   0   0   0   3  1.60 inf
  154 G   -4 -6 -5 -5 -6 -6 -6  8 -6 -7 -7 -6 -6 -7 -6 -4 -6 -6 -7 -7    0   0   0   0   0   0   0  96   0   0   0   0   0   0   0   0   0   0   0   0  2.64 inf
  155 S    7 -5 -5 -5 -2 -5 -5  1 -5 -5 -5 -5 -5 -6 -5  0 -4 -6 -5 -4   82   0   0   0   1   0   0   8   0   0   0   0   0   0   0   6   0   0   0   0  1.77 inf
  156 H   -6 -4 -4 -5 -7  4 -2 -6 11 -7 -7 -5 -6 -6 -6 -5 -6 -6 -3 -7    0   0   0   0   0  18   3   0  76   0   0   0   0   0   0   0   0   0   0   0  3.09 inf
  157 A    0 -4 -5 -5 -2 -3 -4 -4 -5  5  1 -5  0 -3 -5 -4  0 -5 -4  5    8   1   0   0   1   1   1   1   0  33   9   0   2   0   0   0   7   0   0  35  0.89 inf
  158 A    6 -5 -4 -5  3 -4 -4 -2 -5 -4 -4 -4  1 -5 -1  2 -2 -6 -5 -1   59   0   0   0   7   0   0   2   0   0   1   0   4   0   2  17   1   0   0   5  1.14 inf
  159 G    0 -6 -2 -5 -6 -6 -6  7 -6 -7 -7 -5 -6 -7 -6 -2 -5 -6 -7 -7    6   0   2   0   0   0   0  88   0   0   0   0   0   0   0   2   0   0   0   0  2.25 inf
  160 E   -2 -2  0 -3 -3  0  0 -3  0  1  0 -3  1  5 -5 -1 -3 -2  5 -2    3   2   5   1   1   5   7   2   2  10   8   1   4  23   0   4   1   0  21   1  0.53 inf
  161 A    5 -5 -5 -6  0 -5 -5 -4 -6  1 -3 -5  0 -2 -3 -2  1 -6 -5  3   53   0   0   0   2   0   0   1   0   8   1   0   2   2   1   1   9   0   0  19  1.01 inf
  162 G    1 -6 -4 -4 -3 -6 -6  7 -6 -7 -6 -5 -6 -7 -6  0 -4 -6 -3 -6   12   0   1   1   1   0   0  77   0   0   1   0   0   0   0   6   1   0   1   0  1.90 inf
  163 R   -1  4  2 -2 -6  0  0 -4  1 -5 -3  5 -3 -3 -4  0 -3 -5  0 -4    6  25   9   2   0   3   5   1   3   0   2  31   1   1   0   6   1   0   3   1  0.73 inf
  164 R   -1  3  2 -2 -5  0  0 -3  4 -2 -1  1  0  0 -4 -1  1 -3  3 -3    3  19  13   1   0   5   4   2   9   1   6   7   3   4   0   3   8   0  12   1  0.35 inf
  165 T   -2 -2 -4 -5 -2  0 -4 -5 -1  0  3 -3  1  3 -1 -3  2 -3  0  2    3   2   0   0   1   4   0   0   1   5  32   1   2  11   4   0  14   0   4  17  0.46 inf
  166 N   -3  1  3  0 -4  2 -1  2  0 -4 -4  3  0 -4  1  0  0 -5 -4 -3    1   6  14   5   0  10   3  18   2   1   1  17   3   0   6   7   5   0   0   2  0.36 inf
  167 G   -1  0 -2 -2 -3  1 -1  5  1 -4 -2  1 -4 -2 -1 -1 -3 -3 -1 -3    5   5   1   1   1   5   3  46   3   1   5   9   0   2   4   3   1   0   2   2  0.62 inf
  168 A   -2  4 -1 -1 -4  3 -1 -3 -1 -4 -2  4  0 -3 -1 -1  0 -3 -4 -4    2  22   3   4   0  11   3   1   1   1   4  31   2   1   3   3   7   0   0   1  0.61 inf
  169 V   -2 -4 -5 -6 -4 -2 -5 -4 -5  4  3 -5  0 -1 -3 -2 -3 -5 -1  3    3   0   0   0   0   2   0   1   0  28  32   0   1   2   1   3   0   0   2  23  0.79 inf
  170 G    0 -1  2 -2 -4 -2 -2  5  2 -5 -5 -1 -5 -3  1  0 -1 -3 -2 -4    7   3   8   2   0   1   2  43   5   0   0   4   0   1   8   7   4   0   2   1  0.68 inf
  171 R   -2  7 -3 -5 -6  0 -2 -5  1 -6 -5  0 -2 -4 -1 -2  1 -6  0 -4    4  62   1   0   0   3   2   0   4   0   0   4   1   0   3   2   9   0   4   1  1.37 inf
  172 I   -4 -6 -7 -7 -5 -1 -6 -7 -7  8  0 -6 -3 -3 -6 -2 -4 -6 -5  1    1   0   0   0   0   3   0   0   0  77   6   0   0   1   0   3   0   0   0   8  1.89 inf
  173 T   -4 -3 -4 -4 -5 -4 -5 -5 -5  2 -2 -4 -4  0 -5  1  6 -5  1  1    0   1   0   1   0   0   0   0   0  12   3   0   0   5   0   9  57   0   4   7  1.17 inf
  174 G    3 -6 -4 -5 -3 -5 -5  7 -6 -6 -4 -5 -6 -6 -5 -2 -5 -6 -6 -5   25   0   0   0   1   0   0  68   0   0   2   0   0   0   0   3   0   0   0   1  1.72 inf
  175 L   -5 -6 -4 -7 -2 -2 -6 -7 -6 -1  6 -6  2 -3 -7 -5 -4  2 -5 -3    0   0   1   0   1   2   0   0   0   2  84   0   4   0   0   1   1   3   0   1  1.75 inf
  176 D   -6 -6 -4  8 -8 -5 -2 -6 -6 -3 -8 -5 -7 -8 -6 -5 -2 -8 -7 -7    0   0   0  92   0   0   2   0   0   2   0   0   0   0   0   0   3   0   0   0  2.76 inf
  177 P   -1 -7 -7 -6 -7 -6 -6 -4 -7 -7 -5 -6 -7 -8  9 -5 -3 -8 -7 -4    4   0   0   0   0   0   0   2   0   0   1   0   0   0  88   0   2   0   0   1  2.88 inf
  178 A    7 -6 -6 -6 -5 -6 -6 -4  0 -5 -5 -6 -6 -7 -4 -2 -2 -7 -6 -2   87   0   0   0   0   0   0   1   2   1   1   0   0   0   1   2   3   0   0   2  2.02 inf
  179 E    0  0 -1 -1 -5 -1  1  4 -4 -2  0  0  0  0 -4 -1 -3 -5 -2 -3    6   6   3   2   0   2  10  38   0   2  11   6   2   5   0   4   0   0   1   1  0.45 inf
  180 P   -3 -3 -7 -4 -7 -5 -4 -7 -7 -4 -2 -6 -4 -2  8 -4 -6 -8 -5 -2    2   2   0   1   0   0   1   0   0   1   4   0   1   2  81   1   0   0   1   3  2.51 inf
  181 C   -2 -3 -1 -3  4 -2 -3  0 -1 -2  4 -2  2  1 -3 -1 -2  1  1 -3    3   1   3   1  10   2   2   7   2   1  41   2   4   7   2   5   3   2   5   0  0.45 inf
  182 F   -6 -7 -7 -7 -7 -3 -7 -7 -6  0 -4 -7 -5  9 -8 -2 -6  3  3 -3    0   0   0   0   0   2   0   0   0   5   1   0   0  75   0   3   0   4   8   2  2.44 inf
  183 Q    0  1  0 -1 -4  1  3 -2 -1 -1 -1 -1  0 -3 -4  2  1 -4  0 -2    8   9   4   2   0   7  22   2   2   3   5   3   2   1   0  16   9   0   4   2  0.27 inf
  184 G   -1  0  1  2 -3 -2 -1  3  2 -2 -1 -1 -2  0 -1  0  1 -2  3 -2    3   5   7  12   0   1   4  20   5   2   5   4   1   3   2   6   9   0  10   1  0.21 inf
  185 T    1  1  1  0 -1  0 -1  1  1 -2 -1  0  0 -2 -1  0  2 -2 -1  0   13   7   6   5   1   5   3  10   4   1   5   6   3   1   3   5  16   1   1   6  0.09 inf
  186 P   -1 -2  1  3 -5 -1  1  1  1 -4 -5  0 -4 -3  4  2 -1 -1 -4 -3    6   1   7  14   0   3   7  13   3   0   1   7   0   1  19  14   2   1   0   1  0.45 inf
  187 E    0 -2  1  1 -2 -1  1 -3 -1 -2 -1 -1 -3 -3  5  1  1  0 -2 -2    7   2   8   8   1   3   8   2   1   2   6   4   0   1  25   9   9   1   1   3  0.37 inf
  188 L    0 -2  1  2 -4  1  3 -2  1 -1 -1  0  0 -3 -1  2 -1 -4 -2 -2    8   1   5   9   0   6  18   2   4   4   8   5   2   1   3  17   2   0   1   3  0.20 inf
  189 V   -1  0  0  2  0 -1  1 -2 -1  0 -1  0 -1  1  0  0 -1 -1  0  2    3   5   4  13   3   2   9   2   1   4   3   6   1   8   4   5   4   1   2  19  0.09 inf
  190 R   -2  7 -4 -2 -3 -2 -4 -1  2 -5 -4  1 -4 -5 -5 -1 -3 -5 -4 -5    3  62   0   2   1   1   1   6   5   0   2   8   0   0   0   5   2   0   1   1  1.42 inf
  191 L   -3 -6 -7 -7 -5 -6 -7 -7 -7  1  6 -6 -1 -4 -7 -6 -5 -6 -3  0    3   0   0   0   0   0   0   0   0   8  80   0   1   0   0   0   0   0   1   6  1.71 inf
  192 D   -1 -1  1  6 -1 -2 -2 -2  1 -6 -5 -2 -2 -5 -1  3  0 -4 -4 -6    4   3   5  43   1   2   1   3   4   0   1   2   1   0   3  21   5   0   1   0  0.90 inf
  193 P    0  2 -1 -1 -6 -1 -1 -4 -1 -3 -5  2 -3 -6  5  1 -1 -6 -1 -4    8  11   2   3   0   2   4   0   1   2   1  12   0   0  33  13   4   0   2   1  0.74 inf
  194 S   -2 -2  2  3 -5  0 -1  1 -1 -4 -3 -2 -5 -4 -5  4  4 -6 -5 -5    2   2   8  15   0   3   3  10   1   1   2   2   0   1   0  28  23   0   0   0  0.65 inf
  195 D   -3 -7 -2  8 -9 -6 -4 -7 -3 -6 -9 -5 -8 -9 -2 -2 -2-10 -8 -6    2   0   1  87   0   0   0   0   1   0   0   0   0   0   2   3   3   0   0   0  2.59 inf
  196 A    7 -7 -7 -7 -6 -6 -6  0 -7 -7 -7 -6 -6 -8 -6 -2 -5 -8 -7 -3   89   0   0   0   0   0   0   7   0   0   0   0   0   0   0   3   0   0   0   1  2.20 inf
  197 Q   -2  0  0  2 -5  3  2 -2  2 -2  0  2  1 -2 -1 -1 -1 -1 -1 -2    2   5   4  13   0  16  11   2   5   3   8  11   4   1   2   3   4   1   2   3  0.23 inf
  198 F   -7 -7 -4 -8 -7 -4 -8 -8 -3 -4 -1 -7 -3  8 -8 -6 -6  2  7 -2    0   0   1   0   0   1   0   0   1   1   6   0   1  54   0   0   0   3  30   3  2.19 inf
  199 V   -5 -6 -7 -7 -5 -6 -6 -7 -7  0 -2 -6 -4 -5 -6 -6 -1 -7 -6  8    0   0   0   0   0   0   0   0   0   3   2   0   0   0   0   0   4   0   0  88  2.25 inf
  200 D   -6 -5 -4  7 -7  3  4 -6 -3 -5 -7 -4 -4 -5 -6 -2 -4 -7 -7 -6    0   0   0  57   0  10  25   0   0   1   0   0   1   1   0   3   1   0   0   1  1.79 inf
  201 V    1 -6 -4 -6 -1 -5 -6 -5 -6  2 -3 -5  1 -3 -2  0 -1 -6 -5  6   12   0   1   0   1   0   0   1   0  11   1   0   3   1   3   7   4   0   0  56  1.11 inf
  202 I   -6 -7 -7 -7 -6 -7 -7 -8 -7  8  1 -7  0 -2 -7 -7 -5 -7 -4  1    0   0   0   0   0   0   0   0   0  77  10   0   2   1   0   0   0   0   1   9  2.12 inf
  203 H   -6 -5 -4 -6 -8  2 -5 -7 11 -3 -5 -6 -2 -3 -7 -5 -6 -7  0 -4    0   0   1   0   0   7   0   0  81   2   1   0   1   1   0   1   0   0   2   1  3.22 inf
  204 T   -3 -6 -5 -6 -6 -6 -6 -5 -7 -6 -6 -6 -6 -7 -6  2  8 -7 -7 -5    1   0   0   0   0   0   0   1   0   0   0   0   0   0   0  11  85   0   0   0  2.45 inf
  205 D   -2 -5  6  5  0 -3 -3 -2 -1 -6 -6 -4 -6 -1 -5  2 -2 -6 -1 -6    2   0  33  35   2   1   0   3   1   0   0   0   0   3   0  14   2   0   2   0  1.25 inf
  206 I    4 -2 -3 -4 -1 -3 -3  3 -4  0 -3 -2 -1 -4 -1  0  1 -4 -2 -1   32   3   1   0   1   1   1  26   0   6   2   2   2   0   3   5  10   0   2   4  0.52 inf
  207 A   -1  0  1  0 -4 -1 -1  5 -2 -3 -3 -1 -4 -3 -3  1 -1 -3 -4 -3    5   6   6   6   0   2   3  47   1   2   2   3   0   1   1   9   3   0   1   1  0.68 inf
  208 P   -1  0  0 -1 -1  0  0 -1  0  1  1  0  0 -1  1  0  1  0 -1  1    4   4   6   3   1   3   6   5   2   8  16   5   1   3   8   5   9   2   1  10  0.04 inf
  209 F    0  0  0  0  0  0  0  0  0  0  0  0  0  0  0  0  0  0  0  0    8   4   6   4   2   3   4   7   3   7  13   5   2   7   3   6   4   1   3   7  -0.00 inf
  210 I    0  0  0  0 -1  0  0  0  0  0  0  0  0  0  0  0  0  0  0  0    7   4   4   4   1   3   5   7   2   9  12   4   4   6   4   8   4   1   3   7  -0.00 inf
  211 P    0  0  0  0 -1  0  0  0  0  0  0  0  0  0  2  0  0 -1 -1  0    7   4   5   5   2   3   5   6   2   4  10   6   3   4  11   8   7   1   2   5  0.05 inf
  212 N    0  1  1  0 -1  0  0  1  0 -1 -1  0  0  0  1  0  0 -1 -1 -1    6   7   8   6   1   3   5  14   2   4   7   7   3   5   6   6   5   1   2   4  0.05 inf
  213 L   -1  0  0 -1 -1 -1 -1  0  0  0  1 -1  0  1  0  0  0  1  0  0    5   5   4   3   2   3   4  10   2   6  22   4   2   6   5   5   4   2   3   5  0.02 inf
  214 G    0 -2  1 -1 -1 -1 -1  4  0 -1 -1 -1  0  1 -2  1 -1 -2  1 -1    6   2   6   2   1   2   3  29   3   3   7   2   2   5   2  11   3   0   5   5  0.22 inf
  215 F   -3 -3 -2 -5 -4 -2 -3 -3 -3  1  4 -3  0  4 -4 -4 -3  0  3  0    2   1   2   1   0   2   1   2   0   8  43   2   2  16   1   1   1   1   8   6  0.67 inf
  216 G   -3 -5 -5 -6 -7 -4 -6  8 -6 -7 -6 -6 -7 -7 -6 -3 -4 -7 -7 -7    2   1   0   0   0   1   0  90   0   0   1   0   0   0   0   2   1   0   0   0  2.46 inf
  217 M   -2 -4 -3 -2 -4  0 -2 -5 -3  3  1 -1  5  3 -5 -2  1 -3  2  0    3   0   1   2   0   5   3   0   0  16  12   5  14  15   0   2   9   0   6   5  0.43 inf
  218 S   -1  1  0  0 -1  0  0 -1 -2 -1  1  0  1 -1  0  1  0  3  0 -1    3   8   3   6   1   5   4   3   0   4  15   6   4   2   5  15   4   4   4   3  0.07 inf
  219 Q   -1  1  0  1 -4  3  2 -2 -1 -2 -1  2  0 -3 -2 -1  0 -2 -2 -1    3   8   3   9   0  17  13   3   1   3   6  14   2   1   2   4   5   0   1   5  0.25 inf
  220 T    0  0 -1 -5 -6  0 -3 -2 -2 -5 -4 -1 -1 -4  7  0 -1 -6 -6 -2    9   6   3   0   0   4   1   4   1   1   1   4   2   1  50   7   4   0   0   3  1.17 inf
  221 A   -2 -1 -4 -1  3 -4 -3 -5 -3  4  2 -4  3 -1 -5 -1  0 -5 -2  3    2   3   1   3   7   0   2   0   1  22  20   0   7   2   0   5   5   0   1  19  0.50 inf
  222 G   -1 -7 -5 -6 -1 -6 -7  7 -7 -8 -8 -6 -7 -8 -7 -3 -6 -7 -7 -7    6   0   0   0   1   0   0  89   0   0   0   0   0   0   0   2   0   0   0   0  2.47 inf
  223 H   -5 -2 -1  2 -7 -1 -4 -6 10 -6 -7  0 -3 -6 -6 -3  1 -7 -4 -7    1   2   3  11   0   3   0   0  62   0   0   6   1   0   0   2   8   0   0   0  2.24 inf
  224 L    3 -4 -5 -4 -4 -1 -1 -1 -3  2  1 -4 -1 -2 -5 -2 -2 -5 -1  4   25   0   0   1   0   3   4   6   1  12  12   0   1   1   0   2   2   0   2  29  0.49 inf
  225 D   -1 -6  3  8 -7 -5 -4 -6 -6 -7 -8 -5 -7 -8 -6 -2 -3 -8 -7 -5    7   0  11  75   0   0   0   0   0   0   0   0   0   0   0   3   2   0   0   1  2.17 inf
  226 F   -7 -8 -8 -8 -7 -8 -8 -8 -3  0 -4 -8 -5  9 -8 -7 -7  0  2 -3    0   0   0   0   0   0   0   0   1   5   1   0   0  84   0   0   0   1   5   2  2.87 inf
  227 F   -7 -7 -7 -8  1 -7 -7 -8 -3 -6 -5 -7 -6  4 -8 -7 -7  3  9 -6    0   0   0   0   3   0   0   0   0   0   1   0   0  16   0   0   0   4  74   0  2.93 inf
  228 P   -1 -4 -6 -6 -6 -6 -6 -6 -6 -2 -4 -6  1 -5  8 -4 -5 -7 -7  2    4   1   0   0   0   0   0   0   0   2   1   0   3   0  73   1   1   0   0  12  2.22 inf
  229 N   -5 -5  9 -2 -7 -2 -4 -2 -1 -7 -7 -5 -3 -5 -6 -2 -3 -8 -6 -7    1   0  86   1   0   2   1   3   1   0   0   0   1   1   0   2   1   0   0   0  2.64 inf
  230 G   -3 -3  0 -4 -6 -5 -5  7 -4 -7 -5 -5 -3 -1 -6 -4 -5  3  0 -6    1   2   4   1   0   0   1  78   0   0   1   0   1   3   0   1   0   4   3   0  1.87 inf
  231 G   -3 -4 -5 -4 -6 -6 -4  7 -6 -6 -4 -6 -2 -7 -6 -5 -5 -6 -7 -4    2   1   0   1   0   0   1  87   0   1   2   0   1   0   0   0   1   0   0   2  2.21 inf
  232 K   -1  3 -1 -1 -4  1  0 -2  1  0 -1  2 -1 -1 -3  1  1 -4 -1  0    4  16   2   4   0   5   6   1   4   6   5  17   1   3   1  10   7   0   1   6  0.19 inf
  233 E   -2 -1  1  1 -4  0  0 -1  1 -1 -2  0 -1  1  4  1  0 -4 -1 -1    2   3   6   8   0   3   7   4   4   3   2   5   2   7  19  12   7   0   2   5  0.25 inf
  234 M   -4 -3 -4 -5 -7  9 -3 -6 -2 -4 -3 -4  4 -3 -4 -5 -5 -6 -6 -6    1   1   1   0   0  78   0   0   1   1   3   0  10   1   1   0   0   0   0   0  2.43 inf
  235 P   -3 -3 -3 -6 -7 -4 -5 -6 -3 -6 -4 -1 -6 -7  8 -4 -2 -7 -7 -5    2   2   1   0   0   1   0   0   1   1   2   4   0   0  82   1   2   0   0   1  2.57 inf
  236 G   -3 -5  1 -3 -6 -2 -4  7  0 -4 -6 -3 -3 -2 -6 -2 -5 -6 -3 -6    1   0   7   1   0   2   1  75   2   1   0   1   1   2   0   3   0   0   1   0  1.72 inf
  237 C   -5 -7 -7 -7 12 -7 -8 -7 -7 -6 -6 -7 -6 -7 -7 -4 -6 -7 -7 -4    0   0   0   0  94   0   0   0   0   0   0   0   0   0   0   1   0   0   0   1  4.23 inf
  238 Q    0 -1  0  0 -2  0  1  1  0 -1 -1  0 -1  0  2  0  0 -2  0 -1    5   2   6   6   0   4   9  12   2   3   7   5   1   4  12   7   4   0   4   5  0.10 inf
  239 K   -1  0  1  0 -2  0  0  0 -1  0  0  1 -1  0  0  0  1  0 -1 -1    3   4   9   6   1   4   5   7   1   6  12  13   1   6   4   6   9   2   1   3  0.04 inf
  240 N    0  0  2  2 -2  0  0 -1  0 -1  0 -1 -1  0  2  1  0 -1 -1 -1    7   4  10  11   1   4   4   5   2   3  11   3   1   5   9   9   5   1   2   2  0.09 inf
  241 V   -1 -1  0  0 -2  0  0 -1 -1  1  1 -1  1  0  1  0  1 -1 -1  0    4   4   5   6   1   3   7   3   2  10  13   3   4   4   7   5   9   1   2   7  0.04 inf
  242 L    0 -1  0 -1  0 -1 -1 -1 -1  1  1 -1  0  1 -1  0  0  0  0  1    9   3   5   2   2   2   4   4   1   9  17   3   2   8   2   5   8   1   4   9  0.04 inf
  243 S    0  0  0  0 -1 -1  0  1 -1 -1 -1  0  1  0  0  1  1 -1  0 -1    5   5   5   5   1   2   4  12   1   3   7   6   4   4   4  16   7   1   4   4  0.05 inf
  244 Q    0  1  1  0 -1  1  1  0  0 -1 -1  1  0 -1  0  0  0  0  0 -1    6   7   6   6   1   8   9   7   1   3   7   8   2   3   4   7   7   1   3   4  0.05 inf
  245 I    0 -1  0 -1 -1  0  0  0  0  1  1  0  0  0  0  0  0  0  0  1    6   4   4   4   1   3   4   6   3  10  13   4   2   5   4   6   6   1   4  10  0.00 inf
  246 V    0  0  0  0 -1  0  0 -1  0  1  0  0  0  0  0  0  0  0  0  1    6   7   5   6   1   3   4   5   2  12   8   4   2   4   5   7   6   1   2  10  0.01 inf
  247 D    1  0  0  3 -1  0  0  0 -1 -1 -1  0 -1 -1  0  0  0  0 -1 -1   11   4   4  18   1   5   5   5   2   4   7   4   2   3   5   7   5   2   2   4  0.08 inf
  248 I    0  0  0  0 -1  1  0  0  0  0  0  0  0  0  0  0  0 -1  0  0    6   6   6   5   1   6   6   5   3  10  10   6   2   4   3   5   5   1   3   6  0.01 inf
  249 D    0  0  1  2 -1  0  0  0  0  0  0  0 -1 -1  0  0  0 -1  0 -1    5   4   7  13   1   4   6   9   3   5   9   6   1   3   4   6   5   1   3   4  0.04 inf
  250 G    0  0  0  0  1  0  0  2 -1 -1 -1 -1 -1 -1  0  0  0  0  0 -1    9   5   5   4   3   3   5  20   2   4   7   3   2   3   4   7   6   2   3   5  0.07 inf
  251 I    0 -1  0  0  0 -1  0 -1 -1  1  1 -1  0  0  0  0  0  0  0  0    8   4   4   4   2   3   5   6   2  13  15   4   2   6   4   7   4   1   3   5  0.01 inf
  252 W    0 -1  0  0 -1 -1  0 -1  0  0  0  0  0  2  0  0  0  5  1  0    6   3   4   4   1   3   6   5   2   6   8   6   2   9   5   6   4   8   6   5  0.09 inf
  253 Q    0  0  0  0 -1  1  1  0  0  0  0  0  0 -1 -1  0  0  0 -1 -1   10   4   3   4   1   6  13   7   3   5   8   7   3   3   3   8   4   2   2   4  0.04 inf
  254 G    0 -1  1  0 -2 -1  1  3 -1 -1 -1 -1 -1 -1 -1  0  0 -2 -1 -1    9   3   6   6   1   3   9  23   1   3   7   4   1   2   3   7   7   1   2   4  0.14 inf
  255 T    0 -1  0 -1 -1  0 -1  0 -1  1  0 -1  1  1  0  0  1 -1 -1  1    6   3   3   3   1   3   4   8   1  10   8   4   6   6   4   8  10   1   2  10  0.03 inf
  256 R    0  1  0  1 -1  1  0 -1  0  0 -1  0  0 -1 -1  0  1  1  1 -1    6  10   3   9   1   6   6   4   2   5   6   5   2   3   3   8   8   3   5   5  0.05 inf
  257 D   -1  0  1  2 -2  1  1 -1  0  0 -1  0 -1 -1 -1  0  0  0 -1 -1    5   6   7  13   1   9  11   5   2   6   6   4   1   2   3   8   4   1   2   4  0.10 inf
  258 F    0  0 -2 -2 -1 -1 -1 -1 -2  0  0 -1 -1  4  0  0  1  0  2  0    6   4   2   2   1   3   3   5   1   5   9   3   1  18   5   6   9   1   9   5  0.14 inf
  259 A    0 -2 -2 -2 -2 -2 -2  0  0  2  1 -2  1  2 -2 -1 -1 -1  1  2    6   1   1   2   1   1   3   9   3  12  14   1   3  10   2   6   4   1   4  18  0.14 inf
  260 A    2 -2 -1 -2 -2 -2 -2  2 -2  0 -1  1 -2 -1 -2  2  1 -3 -2  0   20   2   2   2   1   1   2  14   1   7   6  11   0   3   1  14   7   0   1   6  0.19 inf
  261 C   -7 -9 -8 -9 12 -9 -9 -8 -9 -7 -7 -9 -4 -8 -8 -7 -7 -8 -8 -7    0   0   0   0  97   0   0   0   0   0   0   0   1   0   0   0   0   0   0   0  4.71 inf
  262 N    0 -5  4  3 -6 -5 -2 -3  0 -7 -7 -4 -6 -7 -5  5 -4 -7 -3 -6    9   0  20  16   0   0   2   2   2   0   0   0   0   0   0  47   0   0   1   0  1.28 inf
  263 H   -6 -7 -6 -7 -9 -5 -4 -8 12 -9 -9 -7 -8 -7 -8 -7 -8 -8 -1 -9    1   0   0   0   0   0   1   0  95   0   0   0   0   0   0   0   0   0   2   0  4.29 inf
  264 L    0  0  0 -1 -3  1  1  0  0  0  0 -1  2  1 -2  1  0  1  1 -1    5   5   4   2   0   7  10   8   2   5  10   3   6   6   1  10   6   2   4   3  0.05 inf
  265 R   -2  8 -6 -7 -8 -4 -4 -6  2 -7 -3  0  0 -7 -7 -4 -6 -3 -4 -7    4  76   0   0   0   0   1   1   4   0   4   4   3   0   0   1   0   0   0   0  2.18 inf
  266 S    5 -6 -5 -6 -2 -5 -5 -4 -6 -6 -7 -4 -6 -7 -6  5 -4 -7 -7 -1   49   0   0   0   1   0   0   1   0   0   0   1   0   0   0  44   0   0   0   4  1.63 inf
  267 Y   -1 -5 -3 -6 -3 -3 -4 -5  3  1 -2 -4 -2  0  0 -4  1  5  5  4    6   0   1   0   0   1   1   0   6   8   3   0   1   4   6   1   7   8  19  26  0.70 inf
  268 K   -1  0 -2  0  1  2  3 -4  4 -1 -2  1 -1  0 -2 -2  0  1  1 -2    5   5   1   6   3   8  20   1  10   4   4   9   2   4   2   1   7   2   4   3  0.26 inf
  269 Y   -7 -5 -8 -6 -7 -7 -7 -8 -5 -4  3 -7 -1  5 -8 -7 -7 -4  8 -4    0   0   0   1   0   0   0   0   0   1  29   0   1  18   0   0   0   0  49   1  2.05 inf
  270 Y   -7 -8 -8 -9 -8 -8 -8 -8 -5 -5 -2 -8 -1  8 -9 -6 -7  3  8 -5    0   0   0   0   0   0   0   0   0   0   4   0   2  48   0   1   0   3  40   1  2.49 inf
  271 T    4  0 -4 -4 -4 -4 -3 -2 -4  3 -1 -2  0 -4 -5 -1  2 -6 -5  0   38   6   1   1   0   0   1   2   0  16   6   2   3   1   0   5  12   0   0   6  0.59 inf
  272 D   -1 -3 -1  3 -4 -1  7 -6 -4 -7 -3 -3 -2 -4 -6  0 -3 -7 -6 -4    6   1   2  13   0   2  61   0   0   0   2   1   1   1   0   7   1   0   0   1  1.40 inf
  273 S    2 -6 -5 -6 -1 -5 -5 -5 -6 -6 -7 -5 -3 -7 -6  7  1 -8 -7 -6   14   0   0   0   1   0   0   0   0   0   0   0   1   0   0  76   7   0   0   0  1.93 inf
  274 I   -4 -7 -7 -7 -5 -7 -7 -8 -7  6  3 -7  1 -4 -7 -6 -3 -2 -4  4    1   0   0   0   0   0   0   0   0  44  24   0   3   0   0   0   1   1   1  24  1.44 inf
  275 L   -1  1  3  0 -3  0 -1 -1 -2  0  1 -1  0 -2 -2  1  1 -2  1  0    5  10  17   4   0   3   3   4   0   5  14   3   2   1   1   9   9   0   5   5  0.14 inf
  276 N   -2  0  5 -1 -5  0 -2 -3  2 -5 -4 -1 -2 -6  3  3  1 -6 -2 -4    2   6  23   3   0   4   2   2   4   0   1   3   1   0  12  23  10   0   1   1  0.63 inf
  277 P   -1  0  0 -1 -2  2  2 -2 -1 -4 -4  1 -4 -5  4  0  1 -2 -4 -3    5   5   5   4   1   8  15   3   1   1   1  10   0   0  23   8   8   1   0   2  0.48 inf
  278 D   -3  0  3  2  7  0 -1 -1 -1 -1 -3  1 -3 -4 -5 -1 -1 -6 -1 -1    1   6  12  14  24   4   3   4   1   3   3  10   0   0   0   5   4   0   2   4  0.62 inf
  279 G    0 -1  3 -1 -1  0 -2  3  1 -3 -3  0 -1 -4  3  0 -2 -5 -4 -1    7   3  14   3   1   3   2  24   3   1   3   7   2   1  13   7   2   0   0   4  0.35 inf
  280 F   -6 -4 -6 -8 -5 -2 -8 -8 -6 -2  0 -8  0  9 -7 -1 -5  0  3 -5    1   1   0   0   0   3   0   0   0   2   7   0   2  70   0   5   0   1   7   0  2.20 inf
  281 A   -1  0 -2 -3 -4 -3 -1 -1 -2  1  1  0  3 -1  1 -1  1  5  1  1    4   5   1   1   0   0   4   5   1   6  11   5   8   1   8   3  10   9   4  12  0.23 inf
  282 G    5 -6 -5 -6 -2 -5 -6  4 -6 -6 -6 -5 -3 -7 -4  1  0 -7 -7 -4   47   0   0   0   1   0   0  32   0   0   0   0   1   0   1  11   6   0   0   1  1.32 inf
  283 F   -3  1 -2 -4 -3 -1 -3 -4  0  2 -1  0  1  3 -4 -3  1  1  5  1    2   8   2   1   0   3   1   1   2  10   4   5   3  12   0   1   8   2  23  11  0.51 inf
  284 S   -2  4 -3 -4 -6  3 -1 -3 -1 -5 -3  2 -5 -7  5 -2 -1 -2 -4 -5    3  21   1   0   0  11   3   3   2   0   3  13   0   0  32   3   3   1   1   0  0.94 inf
  285 C   -3 -9 -8 -9 12 -5 -9 -8 -9 -5 -7 -6 -7 -6 -8 -4 -5  1 -8 -7    2   0   0   0  91   1   0   0   0   1   0   1   0   0   0   1   1   2   0   0  4.21 inf
  286 A    1  0  1  2 -4 -1  1  1 -1 -4 -4  0 -3 -4  1  2  1 -5 -2 -3   13   4   7  12   0   2   8  11   1   1   1   6   0   0   6  18   7   0   1   1  0.29 inf
  287 S   -3 -2  3  3 -5 -3 -3  0 -2 -4 -5 -2 -4 -5 -3  5  1 -4 -5 -5    1   2  13  14   0   1   1   7   1   1   1   2   0   0   1  46   7   0   0   1  0.95 inf
  288 Y   -4 -3 -3 -4 -6 -4 -3 -5  1 -2  0 -1  0  1 -5 -2 -2  8  7 -2    2   1   1   1   0   1   2   1   3   2  10   4   3   5   1   4   3  17  37   3  1.27 inf
  289 S    0  0  1  3 -3  1  3 -2 -2 -2 -2  1 -2 -1 -1  0  0 -2 -2 -1    6   5   7  15   0   6  19   2   1   3   4   7   1   3   2   8   4   1   1   4  0.23 inf
  290 D    1  0  0  3 -4  1  2 -3  0 -3 -2  0  0 -4 -3  2  0 -5 -3 -3   14   5   4  18   0   7  13   1   2   1   4   4   3   0   1  15   4   0   1   2  0.34 inf
  291 F    1 -4 -4 -5 -5 -4 -6 -6 -2  1  1 -5 -2  7 -3 -5 -5 -3  5 -1   10   1   1   1   0   1   0   0   1   8  11   1   1  40   2   1   0   0  19   4  1.21 inf
  292 T   -2  1  0 -1 -4  1  0 -4  0  0  2  2  1 -1 -3  0 -1 -2 -2  0    2   7   5   3   0   6   7   1   2   4  24  16   3   2   1   5   4   1   1   8  0.19 inf
  293 A    2  1  1  0 -3  1  1 -2 -1 -2 -1  2 -2 -2 -2  1  1 -2 -3 -2   16   6   7   5   0   5   7   2   1   2   8  13   1   2   2  13   7   0   0   2  0.17 inf
  294 N   -2  0  2 -2 -6 -1 -2  6  0 -5 -4  1 -2 -5 -5 -2 -3 -3 -4 -5    3   5  10   2   0   3   3  52   2   1   2  10   1   1   0   3   1   0   1   1  0.98 inf
  295 K   -1  2  2  0 -3  1  0 -2  0 -1  0  2  1 -1 -2  0  0  0 -1 -1    3  12  10   5   0   5   6   3   2   4  11  15   3   2   2   6   5   1   2   4  0.12 inf
  296 C   -5 -4 -5 -5 11 -5 -6 -4 -6 -2 -5 -6 -5 -5 -4 -5 -3  0 -6 -2    1   1   1   1  80   1   1   1   0   2   1   1   0   1   1   1   2   1   0   3  3.37 inf
  297 F   -1 -1  0  0 -2 -2 -1  0 -2 -1  1 -2  0  3  0  0  0  0  0  0    3   4   4   6   1   1   4   8   1   3  17   2   3  16   5   7   6   1   2   7  0.10 inf
  298 P   -2  0  1  2 -2  0 -1 -1  0 -3 -2  0 -2 -1  3  3  0 -2 -2 -2    2   4   6  11   1   4   4   4   3   1   4   5   1   3  17  22   4   1   1   2  0.32 inf
  299 C   -2 -3 -2 -3 10 -2 -3 -2 -2 -3 -3 -2 -2 -2 -2  0  1 -4  0 -3    3   2   2   2  49   2   2   3   1   1   3   3   1   2   3   7   8   0   3   2  1.51 inf
  300 S    0  2  1  2 -2 -1  0  1 -2 -3 -3  0 -2  0  2  1  0 -3  0 -3    6  11   6  10   1   2   5  11   1   1   2   6   1   4  11  10   7   0   4   2  0.19 inf
  301 S    0  0  2  1 -4  0  0  0 -2 -3 -3  2 -2 -2 -2  3  1 -3 -3 -2    6   5   9   7   0   3   7   7   0   1   3  15   1   2   2  20   7   0   1   3  0.25 inf
  302 E   -1 -2  4  2 -5  1  2  2 -2 -3 -3 -1  0 -5  0  1 -1  0 -2 -3    5   2  19   9   0   6  11  18   1   1   2   3   3   0   4   9   3   2   1   1  0.37 inf
  303 G   -2  3 -1 -1 -4  0  0  3 -2 -2 -2  0 -3 -4  3  1  0 -4 -2 -2    2  15   3   3   0   5   5  22   0   2   3   6   1   1  12  11   5   0   1   2  0.34 inf
  304 C   -2 -1  1 -2  9 -2 -2 -4 -3 -1 -2 -1 -2 -2 -2 -2  0 -3 -1  0    3   4   6   3  43   2   3   1   1   4   4   3   1   2   2   3   7   0   2   6  1.19 inf
  305 P    2 -3  3 -3 -4 -1 -2 -2 -2  0 -2 -4 -2 -2  4  0  0 -5 -3  2   15   1  12   1   0   2   2   4   1   5   4   0   1   2  23   6   6   0   1  15  0.46 inf
  306 Q   -2  2  1 -2 -1  1  0 -3  0  0  1  1 -1 -1 -1  0  0 -1  0  0    1  15   7   2   2   8   6   1   2   5  12   8   1   3   3   6   7   1   4   8  0.12 inf
  307 M   -5 -7 -6 -8 -5 -6 -7 -4 -7  0  2 -7 10  1 -7 -5 -5 -7 -6 -1    1   0   0   0   0   0   0   2   0   5  15   0  65   5   0   1   1   0   0   4  2.45 inf
  308 G   -5 -7 -4 -7 -8 -6 -6  8 -7 -8 -6 -7 -8 -8 -7 -5 -7 -8 -8 -8    0   0   1   0   0   0   0  95   0   0   1   0   0   0   0   1   0   0   0   0  2.81 inf
  309 H   -1 -4 -2 -3 -5 -2  1  0  4  0 -2 -3 -1  2 -2 -4 -4 -1  7 -2    5   1   2   2   0   1  11   7  10   6   4   2   1   7   2   1   1   1  34   3  0.80 inf
  310 Y    0  0  2  1 -3 -1  0 -2  5 -3 -2 -1 -3  1 -3 -2 -2 -1  5 -2    7   5  11   9   0   3   5   4  15   1   5   3   0   5   1   2   2   1  20   3  0.48 inf
  311 A    4 -4 -2 -3  1 -3 -3 -1 -3  1 -2 -3 -3 -3 -2  1  1 -4 -3  2   38   1   2   1   3   1   1   3   1   6   3   1   0   1   2  12   8   0   1  15  0.54 inf
  312 D   -2 -1  3  5 -4  0  0 -2  1 -1 -3  0 -3 -3  0  0 -1 -1 -2 -1    2   3  13  31   0   4   5   3   3   4   2   6   0   1   4   8   3   1   1   4  0.48 inf
  313 R    0  3  1 -1 -3  1  1 -2 -1 -2 -1  3 -2 -2  0 -1 -1 -1 -3 -2    7  19   7   2   0   7  10   3   2   2   6  19   1   1   4   5   2   1   1   3  0.30 inf
  314 F   -1 -1  0 -1 -2 -1 -1 -1 -1  0  0 -1  1  3  0  0  0  3  3  0    5   3   4   4   1   2   3   5   1   6   6   3   4  13   4   9   5   5  11   8  0.13 inf
  315 P    0  2 -1 -1 -2  0  0  0  0 -1 -1  1  3 -2  3  0  0 -2 -1 -1    6  11   2   3   1   3   4   8   2   3   6  11   8   1  14   6   4   0   3   3  0.16 inf
  316 G    0  0  1  0 -2  0  0  2  0 -1 -1  0 -1 -2  1  0  0  0 -1 -1    8   6   6   6   1   3   6  19   3   3   7   5   1   2   6   6   6   1   1   5  0.09 inf
  317 R   -1  2  1  0 -2  0  0  0  0 -2 -1  2 -1 -1  1  0  1 -2  0 -1    4  11   6   5   1   4   7   6   3   2   6  16   1   2   6   5   8   0   4   4  0.11 inf
  318 T    0  0  0 -1 -2  0  0  0  0 -1  0  0 -1 -1  2  0  1 -1 -1 -1    8   6   5   3   1   3   6   8   2   4   9   3   1   2  11   8  11   1   2   5  0.07 inf
  319 K   -1  2  0  0 -2  0  0 -1  1 -1 -1  1 -1 -2  2  0  0 -1  0 -1    5  11   5   4   1   4   4   5   4   5   5  10   1   1  11   8   7   1   3   4  0.11 inf
  320 G    1  1  1  0 -3  1  0  2 -1 -2 -2  0 -2 -2  0  0  0 -2 -2 -2   10   8   6   5   0   6   7  20   1   2   3   6   1   2   5   7   7   1   1   3  0.16 inf
  321 V    1  0  0 -1 -2  0  0 -2 -2  1  0  0  0 -2  0  0  0 -3 -2  2   14   4   5   3   0   3   5   3   1   9   9   8   2   1   4   8   5   0   1  17  0.09 inf
  322 G   -1  2  2 -1 -3  1  1  1  1 -2 -2  1 -3 -2  1  1  0 -3 -1 -3    4  14  11   3   0   5   7  10   3   2   3   7   0   2   6  13   5   0   2   1  0.20 inf
  323 Q   -3 -1 -3 -4 -4  2 -3  6 -4 -4 -4  1 -2 -5 -2 -1 -2 -5 -5 -1    1   3   1   1   0   9   2  55   0   1   2   7   1   0   3   5   3   0   0   5  1.01 inf
  324 L   -1  0  0  1 -3  0 -2 -3 -1  2 -1  2  1 -2 -2  1  1 -4 -2  1    4   4   4   8   0   3   1   1   1  13   5  17   4   1   2  11   8   0   2   9  0.17 inf
  325 F   -4 -7 -7 -7 -5 -5 -7 -7 -3 -3 -1 -7  3  7 -7 -6 -4 -2  7 -1    1   0   0   0   0   1   0   0   1   1   6   0   7  41   0   0   1   0  35   4  1.94 inf
  326 Y   -6 -4 -4 -7 -4 -5 -7 -6  0 -3 -3 -7 -2  6 -8 -5 -4 -4  9 -5    0   1   1   0   1   0   0   1   2   1   2   0   1  27   0   1   1   0  59   1  2.37 inf
  327 L   -5 -7 -8 -8 -3 -6 -7 -8 -7  0  5 -7  1  3 -7 -6 -3 -6 -5  3    0   0   0   0   0   0   0   0   0   4  60   0   3  10   0   0   1   0   0  20  1.44 inf
  328 N   -2  1  2  2 -5  1  1 -3 -2 -1 -2  2  0 -4  1  0  1 -2 -4 -2    2   7  12  10   0   5  10   1   1   4   4  13   3   0   8   8   9   1   0   3  0.26 inf
  329 T   -3 -7 -6 -7 -7 -7 -6 -8 -8 -4 -5 -7 -4 -8 -7 -5  8 -8 -5  1    2   0   0   0   0   0   0   0   0   1   1   0   0   0   0   0  86   0   0  10  2.53 inf
  330 G    0  3  6 -3 -6 -2 -2  2 -2 -5 -4 -1 -4 -5 -4  1  0 -7 -3 -6    8  15  35   1   0   1   2  14   1   1   1   4   0   0   1   9   5   0   1   0  0.82 inf
  331 D    3  0  0  3 -5 -2  1  1 -4 -5 -5 -1 -3 -4  1  3 -3 -3 -4 -5   21   5   3  16   0   1   8  11   0   0   0   4   1   1   6  22   0   0   0   0  0.52 inf
  332 A    0  0  0  1 -5  2  2 -1  1 -3 -2  2 -1 -3 -3  2  0 -1 -2 -2    9   4   5   8   0   9  14   3   3   1   3  12   1   1   1  15   5   1   1   3  0.24 inf
  333 S    2 -3 -2 -1 -4 -2  0 -2 -1 -5 -4  1  2 -3  4  3  0 -1 -1 -4   14   1   2   4   0   2   7   2   1   0   1   7   6   1  18  25   5   1   2   1  0.50 inf
  334 N   -6 -7  0 -4 -9 -6 -6 -6 -8 -9 -7 -5 -9-10  9 -4 -6-10 -9 -9    0   0   4   1   0   0   0   1   0   0   1   1   0   0  90   1   0   0   0   0  3.16 inf
  335 F   -8 -8 -9-10 -9 -8 -9 -9 -3 -7 -6 -9 -6  8-10 -8 -8 -4  8 -7    0   0   0   0   0   0   0   0   0   0   0   0   0  56   0   0   0   0  43   0  3.08 inf
  336 A    4 -5 -6 -7  9 -6 -7  4 -7 -6 -4 -6 -4 -7 -6  0 -4 -7 -7 -4   31   1   0   0  34   0   0  25   0   0   1   0   0   0   0   6   1   0   0   1  1.70 inf
  337 R   -5  6 -4 -5 -7  4 -3 -6 -4 -7 -6  5 -5 -7 -5 -4 -5 -6 -5 -6    0  50   0   0   0  21   0   0   0   0   0  29   0   0   0   0   0   0   0   0  1.73 inf

                      K         Lambda
Standard Ungapped    0.1369     0.3198
Standard Gapped      0.0481     0.2670
PSI Ungapped         0.1568     0.3140
PSI Gapped           0.0481     0.2670
