
Last position-specific scoring matrix computed, weighted observed percentages rounded down, information per position, and relative weight of gapless real matches to pseudocounts
           A  R  N  D  C  Q  E  G  H  I  L  K  M  F  P  S  T  W  Y  V   A   R   N   D   C   Q   E   G   H   I   L   K   M   F   P   S   T   W   Y   V
    1 D   -4 -4  0  8 -6 -2  1 -4 -3 -6 -6 -3 -6 -6 -4 -3 -3 -7 -6 -6    0   0   2  93   0   0   5   0   0   0   0   0   0   0   0   0   0   0   0   0  2.04 inf
    2 I   -1 -4 -4 -4 -3 -3 -4 -4 -3  3  3 -3  3  1  0 -3 -1 -3 -1  2    3   0   0   0   0   0   0   1   0  21  36   0  11   7   4   0   3   0   1  13  0.48 inf
    3 R    0  3  0 -1 -2  3  0 -2  3 -1 -2  2 -2 -3  0  0 -1 -3  0 -1    7  23   2   2   1  15   2   3   8   6   1  12   0   0   4   5   1   0   3   4  0.27 inf
    4 G   -1 -5 -3 -4 -5 -5 -5  7 -5 -6 -6 -4 -5 -6 -4 -2 -4 -5 -6 -4    4   0   0   0   0   0   0  94   0   0   0   0   0   0   0   1   0   0   0   1  2.07 inf
    5 T   -2 -4 -2 -4 -4 -4 -4 -4 -5 -4 -4 -4 -4 -5 -3  1  8 -6 -5 -3    1   0   1   0   0   0   0   0   0   0   0   0   0   0   1   8  90   0   0   0  1.86 inf
    6 A    3 -3 -2  3 -4 -2  2 -3 -3 -3 -3 -2 -3 -4  5 -1 -2 -5 -4 -1   30   0   1  15   0   0  16   0   0   0   1   1   0   0  28   1   1   0   0   3  0.72 inf
    7 F   -5 -6 -6 -7 -6 -6 -7 -7 -4 -3 -2 -6 -1  9 -7 -6 -5 -1  0 -4    0   0   0   0   0   0   0   0   0   0   2   0   1  96   0   0   0   0   0   0  2.64 inf
    8 Q   -4  0 -3 -3 -6  9  0 -5 -3 -6 -5 -2 -2 -6 -5 -3 -1 -5 -4 -5    0   3   0   0   0  90   3   0   0   0   0   0   1   0   0   0   3   0   0   0  2.18 inf
    9 Q   -3  4 -1 -3 -3  5  0 -4  1 -1  0  3  0 -4 -4 -2 -2 -4 -3 -3    0  23   2   0   1  35   5   0   2   3   8  16   2   0   0   0   1   0   0   1  0.69 inf
   10 Q    1  3 -1 -1 -4  3  1 -2 -1 -4 -3  3 -2 -4 -3  1  0 -4 -3 -3   13  22   1   3   0  15   7   1   1   0   2  17   1   0   0  12   6   0   0   0  0.41 inf
   11 V   -1 -5 -6 -6 -2 -5 -5 -6 -6  0 -2 -5 -2 -4 -5 -4 -2 -6 -4  7    3   0   0   0   1   0   0   0   0   1   0   0   0   0   0   0   1   0   0  94  1.77 inf
   12 W   -7 -7 -8 -8 -6 -6 -7 -7 -6 -7 -5 -7 -5 -2 -8 -7 -7 13 -2 -7    0   0   0   0   0   0   0   0   0   0   1   0   0   1   0   0   0  98   0   0  4.67 inf
   13 Q    0  2  1  1 -4  5  2 -3  1 -4 -4  2 -2 -5 -3 -1 -1 -4 -3 -4   10  10   7   6   0  35  12   1   4   0   1  10   0   0   0   2   3   0   0   0  0.58 inf
   14 A    5 -3 -3 -3 -1  1  2 -2 -2 -2 -2 -2 -2 -3 -3 -1  0 -3 -3 -1   62   0   0   0   1   6  14   2   1   1   2   1   0   1   0   2   4   0   0   4  0.69 inf
   15 L   -4 -5 -6 -6 -4 -5 -6 -7 -6  0  6 -5  0 -2 -6 -5 -3 -4 -4 -1    0   0   0   0   0   0   0   0   0   1  96   0   0   0   0   0   0   0   0   2  1.63 inf
   16 R   -1  4 -2 -3  3  2 -1 -3 -2 -2  2  0  0 -3 -3 -1  0 -4 -3 -2    3  32   1   0   8  13   3   1   0   1  21   2   2   0   0   3   6   0   0   1  0.40 inf
   17 T    1  2  0  1 -3  2  2 -2 -1 -3 -3  1 -2 -4 -3  0  3 -4 -3 -3   15  11   5   7   0   8  17   1   1   0   1   9   1   0   0   3  20   0   0   0  0.33 inf
   18 I   -4 -6 -6 -6 -4 -6 -6 -7 -4  8  0 -6 -1 -3 -6 -5 -3 -5 -4  2    0   0   0   0   0   0   0   0   0  89   3   0   0   0   0   0   0   0   0   7  1.82 inf
   19 P   -3 -4 -4 -3 -6 -3 -4 -3 -5 -6 -6 -3 -6 -7  9 -3 -4 -7 -6 -6    1   1   0   1   0   1   0   1   0   0   0   1   0   0  92   1   0   0   0   0  2.74 inf
   20 C    1 -3 -4 -5  3 -3 -4 -4  0 -2 -2 -3 -1  4  0 -2 -3  0  7 -1   12   1   0   0   7   0   0   0   1   1   2   1   1  15   6   1   0   0  45   4  0.93 inf
   21 G   -2 -5 -3 -4 -6 -5 -5  7 -5 -7 -7 -4 -6 -6 -5 -3 -5 -6 -6 -6    1   0   0   0   0   0   0  98   0   0   0   0   0   0   0   1   0   0   0   0  2.26 inf
   22 E   -1 -1 -2  0 -4  3  5 -3  0 -4 -4  2 -3 -5 -3  0  1 -5 -4 -3    5   2   0   2   0  15  43   1   2   0   0  10   0   0   0   5  11   0   0   2  0.68 inf
   23 T   -2 -3 -3 -4 -3 -3 -4 -5 -3 -2 -3 -4 -3 -5 -4 -1  7 -5 -4  0    1   1   0   0   0   0   0   0   0   2   1   0   0   0   0   2  84   0   0   6  1.57 inf
   24 V    1  4 -2 -3  3 -1 -2 -3 -2  1 -1  0  1 -3 -3 -1  0  2 -1  1   12  32   0   0   7   2   0   0   0  10   4   3   4   0   0   3   7   3   2  12  0.32 inf
   25 S   -1 -3 -2 -3 -1 -3 -3 -3  0 -5 -5 -3 -4 -5 -4  6  4 -6 -4 -4    1   1   0   0   1   0   0   0   2   0   0   0   0   0   0  73  22   0   0   0  1.32 inf
   26 Y   -5 -5 -6 -7 -6 -5 -6 -7 -2 -5 -5 -5 -5  0 -7 -5 -5 -1 10 -5    0   0   0   0   0   0   0   0   0   0   0   0   0   0   0   0   0   0 100   0  3.13 inf
   27 Q    1  0 -2 -2 -3  1 -1  4 -3 -3 -1  1 -2 -4 -3  2  1 -4 -3 -3   15   5   0   0   0   9   1  30   0   0   6   9   1   0   0  16   7   0   0   1  0.37 inf
   28 Q    0 -2 -1  4 -5  4  5 -3 -2 -5 -5 -1 -4 -5 -3 -2 -2 -4 -4 -4    7   1   1  26   0  19  41   1   1   0   0   2   0   0   0   1   1   0   0   1  0.94 inf
   29 L   -3 -4 -5 -5 -3  1 -4 -6 -3  5  3 -4  2 -2 -5 -4 -3 -4 -3  2    0   0   0   0   0   7   1   0   1  45  34   0   3   0   0   0   0   0   0   9  0.87 inf
   30 A    7 -4 -4 -5 -3 -4 -4 -2 -5 -4 -4 -4 -4 -5 -4  0 -2 -6 -5 -3   96   0   0   0   0   0   0   0   0   0   0   0   0   0   0   3   1   0   0   0  1.71 inf
   31 N    1  3  0  0 -2  2  3 -2  0 -2 -2  2 -1 -4 -3 -1 -1 -4 -3 -1   12  21   3   3   1  11  19   2   2   1   2  12   1   0   0   2   4   0   0   3  0.33 inf
   32 A    2  4 -1 -1 -3  3  0 -2  0 -3 -1  1  0 -3 -3  0  0 -2 -2 -2   21  26   2   2   0  16   3   1   2   1   4   7   2   1   0   6   4   0   0   1  0.36 inf
   33 I   -3 -5 -5 -6 -3 -5 -5 -6 -5  6  3 -5  1 -2 -5 -4 -2 -5 -3  2    1   0   0   0   0   0   0   0   0  60  26   0   3   0   0   0   1   0   0  10  1.11 inf
   34 G   -1 -4  1  0 -5 -1 -2  7  0 -6 -6 -1 -5 -6 -4 -2 -4 -5 -5 -6    2   0   7   5   0   2   3  76   2   0   0   3   0   0   0   1   0   0   0   0  1.42 inf
   35 K    0  4  4  0 -2  1 -1 -3  1 -3 -3  2  0 -4 -3  1 -1 -5 -3 -3    8  26  22   4   1   4   2   0   3   1   2  16   3   0   0   9   1   0   0   0  0.47 inf
   36 P   -3 -4 -4 -3 -6 -3 -2 -4 -1 -4 -5 -3 -5 -6  8 -3 -3 -7 -6 -3    2   0   1   1   0   0   3   1   1   1   0   1   0   0  86   1   1   0   0   2  2.40 inf
   37 K    0  2  1 -1 -4  0 -1  0 -1 -4 -3  5 -3 -4 -2  0  1 -5 -3 -4    6  11   5   2   0   3   2   8   1   0   1  43   0   0   1   7  10   0   0   0  0.52 inf
   38 A    7 -4 -4 -4 -3 -3 -4 -1 -2 -4 -4 -3 -4 -5 -4  0 -3 -5 -4 -2   88   0   0   0   0   0   0   2   1   0   1   0   0   0   0   6   0   0   0   1  1.43 inf
   39 V    1 -4 -3 -4  1 -3 -4 -4 -4  1 -1 -4  0 -1 -4  0  0 -4  0  5   14   0   0   0   3   0   0   0   0   6   1   0   2   3   0   9   4   0   4  53  0.59 inf
   40 R   -5  8 -4 -5 -7 -1 -3 -6 -1 -6 -5 -1 -5 -6 -5 -4 -4 -6 -5 -6    0  98   0   0   0   1   0   0   1   0   0   0   0   0   0   0   0   0   0   0  2.42 inf
   41 A    7 -4 -5 -5 -3 -4 -4 -3 -5 -4 -4 -4 -4 -5 -3 -1 -3 -6 -5 -3   98   0   0   0   0   0   0   0   0   0   0   0   0   0   1   1   0   0   0   0  1.81 inf
   42 V   -1 -5 -6 -6 -4 -5 -5 -6 -6  1 -2 -5 -2 -4 -5 -4 -2 -6 -4  7    3   0   0   0   0   0   0   0   0   3   0   0   0   0   0   0   0   0   0  93  1.73 inf
   43 A    4 -4 -3 -4 -4 -4 -4  6 -4 -5 -5 -4 -4 -5 -4 -2 -3 -5 -5 -4   42   0   0   0   0   0   0  58   0   0   0   0   0   0   0   0   0   0   0   0  1.40 inf
   44 S    2  2  2 -2 -3  1 -2  1 -1 -3 -1 -1  2 -3 -3  1  1 -4 -3 -2   20  12  10   0   0   9   0  13   1   0   8   1   7   0   0  12   7   0   0   0  0.24 inf
   45 A    7 -4 -5 -5 -3 -4 -4 -3 -5 -4 -4 -4 -4 -5 -4 -2 -2 -6 -5 -3   98   0   0   0   0   0   0   0   0   0   0   0   0   0   0   0   1   0   0   1  1.81 inf
   46 C   -4 -4  7 -2  7 -3 -4 -4 -2  1 -3 -4 -4 -5 -5 -3 -3 -6 -5  0    0   0  58   1  22   0   0   0   0   9   2   0   0   0   0   0   0   0   0   8  1.40 inf
   47 A    2 -3  1 -3 -4 -4 -4  6  1 -5 -5 -3 -5 -5 -4 -1 -3 -5 -5 -5   21   1   7   0   0   0   0  66   4   0   0   0   0   0   0   2   0   0   0   0  1.26 inf
   48 A    3  4  0 -3 -2  0 -2 -3  1 -3 -3  2 -2 -4 -3  1 -1 -3 -3 -3   36  24   3   0   0   2   0   0   4   0   2  16   1   0   0   9   2   0   0   0  0.52 inf
   49 N   -5 -4  9 -2 -6 -3 -4 -4 -3 -7 -7 -3 -6 -7 -5 -3 -3 -7 -6 -6    0   0 100   0   0   0   0   0   0   0   0   0   0   0   0   0   0   0   0   0  2.65 inf
   50 K   -1  1 -2 -4 -3  1 -2 -4 -1 -4 -5  0 -2 -5  7 -2 -3 -6 -5 -3    3   7   1   0   1   8   1   0   1   1   0   6   1   0  66   2   1   0   0   1  1.59 inf
   51 L   -3 -5 -5 -5 -3 -4 -5 -6 -4  6  3 -5  0 -1 -5 -4 -3 -4 -3  3    1   0   0   0   0   0   0   0   0  49  32   0   1   1   0   0   0   0   0  16  0.99 inf
   52 A    4 -3 -2 -3 -2 -3 -3  0 -3 -3 -1 -3 -1 -4  2  4 -1  1 -4 -2   41   0   0   0   1   0   0   5   0   0   7   0   2   0   9  32   1   2   0   1  0.61 inf
   53 I   -3 -5 -5 -6 -3 -5 -5 -6 -5  6  1 -5  0 -1 -5 -4 -3 -3 -3  3    1   0   0   0   0   0   0   0   0  64  10   0   2   1   0   0   0   0   0  21  1.20 inf
   54 V    1 -4 -5 -5 -3 -4 -4 -4 -5  5  1 -4  0  0 -4 -3 -1 -4 -3  4   12   0   0   0   0   0   0   0   0  35  13   0   1   3   0   0   3   0   0  33  0.68 inf
   55 I   -1 -3 -5 -5 -3 -4 -5 -5 -5  6  0 -5 -1 -2 -5 -4 -2 -5 -4  5    3   1   0   0   0   0   0   0   0  49   2   0   0   0   0   0   1   0   0  43  1.16 inf
   56 P   -3 -6 -5 -5 -6 -5 -5 -6 -6 -6 -6 -4 -6 -7  9 -4 -4 -7 -6 -6    1   0   0   0   0   0   0   0   0   0   0   0   0   0  99   0   0   0   0   0  3.15 inf
   57 C   -4 -7 -7 -7 12 -7 -8 -6 -7 -5 -5 -7 -5 -6 -7 -5 -5 -6 -6 -4    0   0   0   0 100   0   0   0   0   0   0   0   0   0   0   0   0   0   0   0  3.90 inf
   58 H   -5 -4 -3 -5 -7 -3 -4 -6 11 -7 -7 -4 -5 -5 -6 -5 -5 -6 -2 -7    0   0   0   0   0   0   0   0 100   0   0   0   0   0   0   0   0   0   0   0  3.54 inf
   59 R   -5  8 -4 -5 -7 -2 -3 -6 -3 -6 -6 -1 -5 -6 -5 -4 -4 -6 -5 -6    0 100   0   0   0   0   0   0   0   0   0   0   0   0   0   0   0   0   0   0  2.52 inf
   60 V   -1 -5 -6 -6 -2 -5 -5 -6 -6  2 -1 -5 -2 -4 -5 -4 -3 -6 -4  7    3   0   0   0   1   0   0   0   0   7   1   0   0   0   0   0   0   0   0  88  1.60 inf
   61 V   -3 -4 -6 -6 -3 -5 -5 -6 -6  7  1 -5 -1 -3 -5 -5 -3 -5 -4  4    0   0   0   0   0   0   0   0   0  63  10   0   0   0   0   0   0   0   0  25  1.28 inf
   62 R   -1  3 -1 -4 -5 -1 -3  6 -1 -6 -6 -3 -5 -6 -5 -2 -3 -5 -5 -5    3  20   3   0   0   2   1  70   1   0   0   0   0   0   0   1   0   0   0   0  1.36 inf
   63 G    3  1 -1 -3 -2  0 -1 -1 -1 -4 -4  3 -2 -4 -3  3  1 -5 -3 -3   26   5   1   0   0   3   0   2   1   0   0  24   1   0   0  29   6   0   0   0  0.51 inf
   64 D   -3 -3  5  6 -5 -2 -1 -1 -2 -5 -6 -2 -5 -6 -4  1 -1 -6 -5 -5    1   0  32  45   0   1   0   5   0   0   0   1   0   0   0  12   2   0   0   0  1.13 inf
   65 G   -2 -4 -1 -4 -5 -3 -4  7 -3 -7 -7 -3 -5 -6 -5 -3 -3 -5 -6 -6    1   1   2   0   0   1   0  93   1   0   0   1   0   0   0   0   1   0   0   0  2.01 inf
   66 S    2 -1  0  0 -2  0  0  0 -2 -4 -4  2 -3 -3 -3  3  2 -4 -3 -3   18   2   4   5   0   3   3   7   0   0   0  13   0   1   0  33  11   0   0   0  0.40 inf
   67 L   -3 -5 -6 -5 -4 -5 -5 -6 -5  1  6 -5  2 -2 -5 -5 -4 -4 -4 -1    1   0   0   0   0   0   0   0   0   4  88   0   4   0   0   0   0   0   0   2  1.41 inf
   68 S   -1 -3 -2 -3 -2 -3 -3  2 -2 -2 -4 -3 -3 -5 -4  2  6 -5 -4  0    3   1   0   0   0   0   0  14   1   1   0   0   0   0   0  13  61   0   0   6  0.96 inf
   69 G   -3 -5 -3 -4 -6 -5 -4  7 -5 -7 -7 -3 -6 -6 -5 -3 -5 -6 -6 -6    0   0   0   0   0   0   1  98   0   0   0   1   0   0   0   0   0   0   0   0  2.28 inf
   70 Y   -5 -5 -6 -7 -6 -5 -6 -7 -2 -4 -4 -5 -4  4 -6 -5 -5 -1  9 -4    0   0   0   0   0   0   0   0   0   0   0   0   0  14   0   0   0   0  86   0  2.67 inf
   71 R    4  4 -2 -3 -4 -2 -2  3  0 -4 -4 -2 -3 -5 -3  0 -2 -5 -4 -3   38  25   1   0   0   0   0  27   2   0   0   0   0   0   0   4   1   0   0   0  0.73 inf
   72 W   -3 -5 -4 -4 -3 -4 -4  6 -4 -6 -6 -4 -3 -4 -5 -2 -4  8  1 -6    1   0   0   0   0   0   0  67   0   0   0   0   1   0   0   2   0  24   5   0  1.83 inf
   73 G   -3 -5 -3 -4 -5 -5 -5  7 -5 -7 -7 -4 -6 -6 -5 -2 -4 -6 -6 -6    0   0   0   0   0   0   0  98   0   0   0   1   0   0   0   1   0   0   0   0  2.24 inf
   74 V   -2 -3 -5 -5 -3 -4 -4 -5 -5  3  5 -4  1 -2 -3 -4 -1 -4 -3  2    1   1   0   0   0   0   0   0   0  17  57   1   2   0   1   0   2   0   0  17  0.81 inf
   75 S    1 -2 -1  3 -4  0  4 -2  0 -5 -4 -1 -4 -3  2 -1 -1  6 -2 -4   11   1   2  15   0   3  38   2   2   0   0   2   0   0   9   2   2  10   0   0  0.66 inf
   76 R   -1  7 -2 -4 -4 -1 -3 -5 -2  1 -2  0  3 -4 -5 -3 -1 -5 -4 -1    4  64   2   0   0   0   0   0   1   9   2   3   9   0   0   0   3   0   0   3  1.09 inf
   77 K   -4 -1 -3 -4 -6 -1 -2 -5 -4 -6 -6  8 -5 -6 -4 -3 -4 -6 -5 -6    0   0   0   0   0   1   0   0   0   0   0  99   0   0   0   0   0   0   0   0  2.22 inf
   78 A    1  4 -2 -2 -4  4  2 -3 -1 -3 -3  3 -2 -5 -3 -1 -1 -4 -3 -2   12  29   0   1   0  18  14   0   1   1   1  16   1   0   0   1   3   0   0   2  0.60 inf
   79 Q    2  1 -3 -3 -3  1  0 -3 -2 -2 -2  0 -2  2 -4 -2 -1  8  2 -3   19  10   0   1   0   7   5   1   1   2   3   6   0   9   0   1   3  26   6   0  0.72 inf
   80 L   -4 -5 -6 -7 -4 -5 -6 -7 -6 -1  6 -5  1 -2 -6 -5 -4 -4 -3 -2    0   0   0   0   0   0   0   0   0   1  97   0   2   0   0   0   0   0   0   0  1.70 inf
   81 L   -4 -5 -6 -7 -4 -5 -6 -7 -6  1  6 -5  0 -2 -6 -5 -4 -4 -4 -2    0   0   0   0   0   0   0   0   0   6  93   0   1   0   0   0   0   0   0   0  1.60 inf
   82 R    2  1  0  2 -4  2  3 -1 -1 -3 -3  1 -1 -4 -3 -1  0 -4 -3 -2   19   9   5  13   0   9  24   2   1   0   1   8   1   0   0   2   4   0   0   1  0.38 inf
   83 R   -3  2 -2 -4 -4 -1 -3 -5  6  0  3 -1  0  0 -5 -3 -3  2 -2 -2    0  15   1   0   0   1   0   0  26   5  39   2   2   5   0   0   1   3   0   0  0.71 inf
   84 E   -4 -3 -4 -2 -7 -1  8 -6 -3 -7 -6 -2 -5 -7 -4 -3 -4 -6 -5 -6    0   0   0   0   0   0 100   0   0   0   0   0   0   0   0   0   0   0   0   0  2.35 inf
   85 A    2  3 -2 -2 -4  1 -1  3 -2 -4 -4  2 -3 -5 -3  1 -2 -4 -4 -3   16  20   0   0   0   5   1  28   1   0   0  16   0   0   0  12   1   0   0   0  0.54 inf
   86 E    0  4  0 -1 -4  3  2 -1  2 -4 -3  3 -2 -4 -2 -1 -1 -4 -3 -3    6  24   2   1   0  17  12   3   5   0   1  21   1   0   1   3   3   0   0   0  0.48 inf
   87 N   -2 -2  5  1 -4  1  0 -3  7 -5 -5 -2 -3 -4 -3  2 -2 -5 -2 -4    0   0  31   7   0   7   4   0  34   0   0   0   0   0   0  17   0   0   0   0  0.94 inf

                      K         Lambda
Standard Ungapped    0.1317     0.3210
Standard Gapped      0.0646     0.2670
PSI Ungapped         0.2093     0.3145
PSI Gapped           0.0646     0.2670
