
Last position-specific scoring matrix computed, weighted observed percentages rounded down, information per position, and relative weight of gapless real matches to pseudocounts
           A  R  N  D  C  Q  E  G  H  I  L  K  M  F  P  S  T  W  Y  V   A   R   N   D   C   Q   E   G   H   I   L   K   M   F   P   S   T   W   Y   V
    1 K   -1  4 -1 -1 -4  1  0 -2 -1 -3 -3  5 -2 -4 -2 -1 -1 -4 -2 -3    0  21   0   0   0   0   0   0   0   0   0  79   0   0   0   0   0   0   0   0  0.76 inf
    2 G    0 -3 -1 -2 -3 -3 -3  6 -3 -5 -4 -2 -3 -4 -3 -1 -2 -3 -4 -4    0   0   0   0   0   0   0 100   0   0   0   0   0   0   0   0   0   0   0   0  1.37 inf
    3 L   -1 -2 -2 -3 -2 -1 -2 -3 -2  1  2 -2  4 -1 -2  0  3 -2 -2  1    0   0   0   0   0   0   0   0   0   3  27   0  25   0   0   7  31   0   0   7  0.28 inf
    4 T   -1 -2 -1 -2 -2 -1 -2 -2 -2 -2 -2 -1 -1 -3 -2  2  6 -3 -2 -1    0   0   0   0   0   0   0   0   0   0   0   0   0   0   0   7  93   0   0   0  0.81 inf
    5 Y   -3 -3 -3 -4 -3 -2 -3 -4  1 -2 -2 -3 -2  2 -4 -3 -3  1  8 -2    0   0   0   0   0   0   0   0   0   0   0   0   0   0   0   0   0   0 100   0  1.51 inf
    6 T    1 -2 -1 -1 -2 -1 -2  4 -2 -3 -3 -1 -2 -3  2  2  3 -3 -3 -2    7   0   0   0   0   0   0  36   0   0   0   0   0   0   8  19  28   0   0   0  0.45 inf
    7 M    0 -2 -3 -4 -2 -1 -3 -3 -3  1  1 -2  7 -1 -3 -2 -1 -2 -2  2    6   0   0   0   0   0   0   0   0   0   4   0  72   0   0   0   0   0   0  18  0.65 inf
    8 C   -1 -5 -4 -5 10 -4 -5 -4 -4 -2 -2 -4 -2 -3 -4 -2 -2 -3 -3 -2    0   0   0   0 100   0   0   0   0   0   0   0   0   0   0   0   0   0   0   0  2.07 inf
    9 D    1 -1  0  3 -2  0  2  1 -1 -2 -3 -1 -2 -3 -1  1  1 -3 -2 -2   16   0   0  21   0   0  20  12   0   0   1   0   0   0   0  13  14   0   0   0  0.28 inf
   10 K    0  1  1  0 -2  1  2  1 -1 -2 -2  3 -2 -3 -1  1 -1 -3 -2 -2    4   1   9   1   0   3  17  12   0   1   1  36   0   0   1  10   1   0   0   4  0.25 inf
   11 T    1 -1  1  0 -1 -1 -1  3 -1 -2 -2 -1 -2 -2 -1  2  1 -2 -2 -1   14   1   7   4   0   1   1  27   0   1   1   1   0   1   1  23  15   0   1   1  0.27 inf
   12 K    0  1  0  1 -3  1  1  0 -1 -3 -2  4 -2 -3 -1  0 -1 -3 -2 -2    5   1   1   8   0   1   6   8   0   1   1  61   0   1   1   4   1   0   0   1  0.36 inf
   13 F   -3 -3 -4 -4 -3 -4 -4 -4 -2 -1  0 -4 -1  7 -4 -3 -3  0  2 -1    0   0   0   0   0   0   0   0   0   0   5   0   0  93   0   0   0   0   0   0  1.12 inf
   14 T    1  0  0 -1 -2  0 -1 -1 -2 -2 -2  2 -2 -3 -1  3  3 -3 -2 -1   15   3   0   0   0   0   0   0   0   0   0  16   0   0   0  41  26   0   0   0  0.35 inf
   15 W   -3 -4 -4 -5 -3 -3 -4 -4 -3 -2  0 -4 -1  5 -4 -3 -3 10  2 -2    0   0   0   0   0   0   0   0   0   0   8   0   0  43   0   0   0  48   0   0  1.52 inf
   16 K    2  1 -1 -1 -2  0  0 -1  2 -2 -2  4 -1 -3 -2  1 -1 -3 -2  0   22   3   0   0   0   0   0   0   7   0   2  48   0   0   0  10   0   0   0   7  0.28 inf
   17 R   -2  5  0 -1 -4  2  0 -1 -1 -4 -3  4 -2 -4 -2 -1 -1 -3 -2 -3    0  46   3   0   0   6   0   5   0   0   0  41   0   0   0   0   0   0   0   0  0.64 inf
   18 A    0 -1  4  0 -2 -1 -1 -2 -1 -1 -2 -1 -2 -3  2  0  3 -4 -2  0    6   0  41   0   0   0   0   0   0   2   0   0   0   0  13   0  30   0   0   7  0.43 inf
   19 P   -2 -3 -3 -2 -4 -2 -2 -3 -3 -4 -4 -2 -3 -5  8 -2 -2 -5 -4 -3    0   0   0   0   0   0   0   0   0   0   0   0   0   0 100   0   0   0   0   0  2.37 inf
   20 T    2  0 -1 -2 -1 -1 -1 -2 -2 -1 -2 -1 -1 -3 -2  1  4 -3 -2  0   30   6   0   0   0   0   0   0   0   0   0   0   0   0   0   0  59   0   0   5  0.43 inf
   21 D   -2 -2  0  6 -4 -1  2  0 -2 -4 -4 -1 -4 -4  1 -1 -2 -5 -4 -4    0   0   0  81   0   0   7   5   0   0   0   0   0   0   7   0   0   0   0   0  1.01 inf
   22 S    0 -2  0 -1 -1 -1 -1 -1 -2 -2 -2 -1 -2 -3 -2  4  4 -3 -2 -1    0   0   0   0   0   0   0   0   0   0   0   0   0   0   0  48  52   0   0   0  0.59 inf
   23 G    0 -2 -1 -2 -3  2 -1  6 -2 -4 -4 -1 -3 -4 -2 -1 -2 -3 -3 -3    6   0   0   0   0  19   0  75   0   0   0   0   0   0   0   0   0   0   0   0  0.89 inf
   24 H   -3 -1  0 -2 -4  0 -1 -3  9 -4 -4 -2 -3 -2 -3 -2 -3 -3  1 -4    0   0   0   0   0   0   0   0 100   0   0   0   0   0   0   0   0   0   0   0  1.67 inf
   25 D   -1 -3  0  5 -4 -2  0  5 -2 -4 -4 -2 -4 -4 -2 -1 -2 -4 -4 -4    0   0   0  48   0   0   0  52   0   0   0   0   0   0   0   0   0   0   0   0  0.86 inf
   26 T   -1 -2 -1 -2 -2 -1 -2 -2 -3 -1 -2 -1 -1 -3 -2  1  6 -3 -2 -1    0   0   0   0   0   0   0   0   0   0   0   0   0   0   0   0 100   0   0   0  0.90 inf
   27 V    0 -3 -4 -4 -1 -3 -3 -3 -4  2  0 -3  0 -2 -3 -2 -1 -4 -2  5    7   0   0   0   0   0   0   0   0   0   0   0   0   0   0   0   0   0   0  93  0.60 inf
   28 V   -1 -3 -3 -4 -1 -3 -3 -4 -4  2  0 -3  0 -2 -3 -2  1 -4 -2  5    0   0   0   0   0   0   0   0   0   3   0   0   0   0   0   0   7   0   0  89  0.58 inf
   29 M   -1 -2 -3 -4 -2 -2 -3 -4 -3  2  2 -2  6 -1 -3 -2 -1 -2 -2  2    0   0   0   0   0   0   0   0   0   7  14   0  60   0   0   0   0   0   0  19  0.57 inf
   30 E   -1  0 -1  2 -4  2  5 -3 -1 -4 -4  1 -2 -4 -2 -1 -1 -4 -3 -3    0   0   0   7   0   7  76   0   0   0   0   9   0   0   0   0   0   0   0   0  0.82 inf
   31 V   -1 -3 -4 -4 -1 -3 -3 -4 -4  2  3 -3  1 -1 -3 -3 -1 -3 -2  4    0   0   0   0   0   0   0   0   0   7  43   0   0   0   0   0   0   0   0  49  0.45 inf
   32 T    1 -1  0 -1 -2  2  0  1 -1 -2 -2  1 -1 -3 -1  2  3 -3 -2 -1   10   0   0   0   0  17   3   9   0   0   0   7   0   0   0  15  38   0   0   0  0.30 inf
   33 F   -2 -3 -3 -4 -3 -2 -3 -4  1 -1 -1 -3 -1  4 -4 -3 -2  1  7  0    0   0   0   0   0   0   0   0   0   0   0   0   0  15   0   0   0   0  78   7  1.10 inf
   34 S    1 -2  0 -1 -1 -1 -1 -1 -2 -2 -2 -1 -2 -3 -1  4  4 -3 -2 -1    6   0   0   0   0   0   0   0   0   0   0   0   0   0   0  47  47   0   0   0  0.54 inf
   35 G    0 -2 -1 -2 -3 -2 -2  6 -3 -4 -4  0 -3 -4 -3 -1 -2 -3 -4 -4    0   0   0   0   0   0   0  93   0   0   0   7   0   0   0   0   0   0   0   0  1.20 inf
   36 T    0 -2  0  1 -2 -1 -1  0 -2 -2 -3 -1 -2 -3 -2  4  4 -3 -2 -2    0   0   0   7   0   0   0   7   0   0   0   0   0   0   0  49  36   0   0   0  0.45 inf
   37 K    0  0  1  4 -3  0  0 -2 -1 -3 -3  3 -2 -3 -2  0  2 -4 -3 -2    7   2   3  36   0   0   0   0   0   0   0  32   0   0   0   0  19   0   0   0  0.41 inf
   38 P   -2 -3 -3 -2 -4 -2 -2 -3 -3 -4 -4 -2 -3 -5  8 -2 -2 -5 -4 -3    0   0   0   0   0   0   0   0   0   0   0   0   0   0 100   0   0   0   0   0  2.37 inf
   39 C   -1 -5 -4 -5 10 -4 -5 -4 -4 -2 -2 -4 -2 -3 -4 -2 -2 -3 -3 -2    0   0   0   0 100   0   0   0   0   0   0   0   0   0   0   0   0   0   0   0  2.07 inf
   40 R   -2  6 -1 -2 -4  1  0 -3 -1 -4 -3  4 -2 -4 -2 -1 -2 -4 -2 -3    0  67   0   0   0   0   0   0   0   0   0  33   0   0   0   0   0   0   0   0  0.87 inf
   41 I    0 -3 -4 -4 -2 -3 -3 -4 -4  5  1 -3  1 -1 -3 -2 -1 -3 -2  3    6   0   0   0   0   0   0   0   0  70   0   0   0   0   0   0   0   0   0  24  0.53 inf
   42 P   -1 -3 -3 -2 -3  0 -2 -3 -3 -3 -1 -2 -2 -4  8 -1 -2 -4 -3 -3    5   0   0   0   0   5   0   0   0   0   6   0   0   0  84   0   0   0   0   0  1.79 inf
   43 V   -1 -3 -4 -4 -2 -3 -3 -4 -4  4  1 -3  0 -1 -3 -3 -1 -3 -2  4    0   0   0   0   0   0   0   0   0  45   0   0   0   0   0   0   0   0   0  55  0.56 inf
   44 R   -1  4 -1 -2 -2  1 -1 -2 -1 -2 -2  1  0 -3 -2  2  1 -3 -2  0    0  45   0   0   0   7   0   0   0   0   0   0   3   0   0  30   6   0   0   9  0.38 inf
   45 A    4 -2 -2 -2 -1 -1 -1 -1 -2  0 -1 -1  2 -2 -2  2  0 -3 -2  1   55   0   0   0   0   0   0   0   0   2   0   0  11   0   0  20   0   0   0  11  0.31 inf
   46 V   -1 -2 -2 -2 -2 -2 -1 -3 -1  1  0 -2  0  0 -2  0  2 -1  3  3    0   0   0   0   0   0   5   0   0   0   0   0   0   0   0  10  15   0  18  52  0.25 inf
   47 A    4  0 -1  0 -1 -1  0 -1  2 -2 -2 -1 -2 -3 -1  1  0 -3 -2 -1   62   6   0   7   0   0   5   0   7   0   0   0   0   0   0  10   3   0   0   0  0.33 inf
   48 H   -1 -1  2  0 -3  0  1 -2  4 -3 -3  1 -2 -3  3  2  0 -3 -1 -3    0   0  11   3   0   0   7   0  22   0   0   8   0   0  18  31   0   0   0   0  0.44 inf
   49 G    0 -1 -2 -2 -2 -2 -2  4 -2 -1  2 -2  0 -2 -2  0  0 -3 -2 -1    7   5   0   0   0   0   0  40   0   0  37   0   0   0   0   7   4   0   0   0  0.29 inf
   50 S    1 -1  4  0 -2  1  0  0 -1 -1 -2 -1  0 -3 -2  1  0 -3 -2  0   13   0  40   0   0   6   5   3   0   4   0   0   3   0   0  13   3   0   0   9  0.26 inf
   51 P   -1 -2  0  4 -3 -1  1  1 -2 -3 -3 -1 -3 -4  5  0 -1 -4 -3 -2    0   0   0  37   0   0   6  11   0   0   0   0   0   0  32   8   0   0   0   4  0.69 inf
   52 D   -1 -1  0  2 -2  0  2  0  2 -1  1 -1  2 -2 -2 -1  0 -3 -2 -1    2   0   5  13   0   0  20  10   7   0  24   0  14   0   0   0   6   0   0   0  0.12 inf
   53 V    0 -1 -1 -2 -2 -1  0 -2 -2  0  0  2 -1 -2 -2  0  4 -3 -2  2    2   0   0   0   0   0   3   0   0   2   6  19   0   0   0   3  45   0   0  21  0.24 inf
   54 N   -2 -2  4  3 -4 -1  0 -2 -1 -4 -4 -1 -3 -4  5 -1 -1 -5 -3 -3    0   0  38  25   0   0   0   0   0   0   0   0   0   0  37   0   0   0   0   0  0.93 inf
   55 V   -1  0 -3 -4 -2 -2 -3 -4 -3  3  0 -2  0 -1 -3 -2 -1 -3 -2  5    0   7   0   0   0   0   0   0   0  12   0   0   0   0   0   0   0   0   0  81  0.51 inf
   56 A    4 -2 -1 -2 -2 -2 -2  4 -2 -3 -3 -2 -2 -3 -2  0 -1 -3 -3 -2   55   0   0   0   0   0   0  45   0   0   0   0   0   0   0   0   0   0   0   0  0.64 inf
   57 M   -1  4  0 -2 -3  0 -1 -2 -1 -2 -1  1  3 -2 -2  1  0 -3 -2 -2    0  45   5   0   0   0   0   0   0   0   0   6  23   0   0  14   7   0   0   0  0.37 inf
   58 L   -2 -3 -4 -4 -2 -3 -3 -4 -3  2  4 -3  3  0 -3 -3 -1 -2 -2  1    0   0   0   0   0   0   0   0   0   7  78   0   7   0   0   0   0   0   0   8  0.55 inf
   59 I   -1 -3 -4 -4 -2 -3 -4 -4 -4  5  1 -3  1 -1 -3 -3 -1 -3 -2  4    0   0   0   0   0   0   0   0   0  64   0   0   0   0   0   0   0   0   0  36  0.59 inf
   60 T   -1 -2 -1 -2 -2 -1 -2 -2 -3 -1 -2 -1 -1 -3 -2  1  6 -3 -2 -1    0   0   0   0   0   0   0   0   0   0   0   0   0   0   0   0 100   0   0   0  0.90 inf
   61 P    2 -2 -2 -2 -1 -2 -2 -2 -2  0 -1 -1 -1 -2  4  1  0 -3 -2  2   29   0   0   0   0   0   0   0   0   0   0   0   0   0  24  12   5   0   0  30  0.40 inf
   62 N   -2 -1  7  1 -4 -1 -1 -1  0 -4 -4 -1 -3 -4 -3  0 -1 -5 -3 -4    0   0 100   0   0   0   0   0   0   0   0   0   0   0   0   0   0   0   0   0  1.23 inf
   63 P   -2 -3 -3 -2 -4 -2 -2 -3 -3 -4 -4 -2 -3 -5  8 -2 -2 -5 -4 -3    0   0   0   0   0   0   0   0   0   0   0   0   0   0 100   0   0   0   0   0  2.37 inf
   64 T   -1 -2 -2 -3 -2 -2 -2 -3 -1  2  0 -2  0  3 -3 -1  2 -1  4  1    0   0   0   0   0   0   0   0   0  21   0   0   0  17   0   2  28   0  21  12  0.29 inf
   65 I    0 -3 -3 -4  2 -3 -3 -3 -3  3  1 -3  2 -1 -3 -2 -1 -3 -2  4    7   0   0   0   6   0   0   0   0  27   0   0   6   0   0   0   0   0   0  53  0.39 inf
   66 E    1 -1 -1  0 -2  0  4 -2 -1 -2 -2  0  1 -3 -1  2  1 -3 -2 -2   16   0   0   0   0   0  44   0   0   0   0   0   7   0   0  21  11   0   0   0  0.36 inf
   67 N    1 -1  3 -1 -2 -1 -1 -1 -1 -2 -2  0 -2 -3 -2  2  3 -3 -1 -1   12   0  24   0   0   0   0   0   0   0   0   7   0   0   0  19  36   0   3   0  0.34 inf
   68 N   -1 -1  5  2 -2  0  0  0 -1 -3 -3 -1 -2 -3 -2  2  2 -4 -3 -2    3   0  46  12   0   0   4   3   0   0   0   0   0   0   0  15  17   0   0   0  0.47 inf
   69 G    1 -2 -1 -1 -2 -1  0  4  2 -3 -2 -1  0 -2 -2  1  0 -2  0 -2    9   0   0   0   0   0   7  40   7   0   0   3   6   0   0  19   3   0   5   0  0.33 inf
   70 G    1  0  0  1 -2  0  0  3 -2 -3 -3  2 -2 -3 -2  1  1 -3 -3 -2   10   0   0  10   0   0   0  29   0   0   0  23   0   0   0  12  16   0   0   0  0.30 inf
   71 G   -1 -3 -2  0 -2 -2 -2  4 -3  1 -1 -2 -1 -2 -3 -1 -1 -3 -2  3    0   0   0   6   0   0   0  39   0   6   0   0   0   0   0   0   0   0   0  49  0.36 inf
   72 F   -2 -3 -4 -4 -2 -3 -3 -4 -2  1  2 -3  3  5 -4 -3 -2  0  2  0    0   0   0   0   0   0   0   0   0   3  25   0  14  50   0   0   0   0   5   3  0.56 inf
   73 I   -1 -3 -4 -4 -2 -3 -4 -4 -4  5  1 -3  1 -1 -3 -3 -1 -3 -2  4    0   0   0   0   0   0   0   0   0  59   0   0   0   0   0   0   0   0   0  41  0.57 inf
   74 E   -2 -1 -1  1 -5  1  6 -3 -1 -4 -4  0 -3 -4 -2 -1 -2 -4 -3 -3    0   0   0   0   0   0 100   0   0   0   0   0   0   0   0   0   0   0   0   0  1.10 inf
   75 M   -2 -2 -3 -4 -2 -2 -3 -4 -3  1  3 -2  6  0 -3 -2 -1 -2 -2  2    0   0   0   0   0   0   0   0   0   2  28   0  56   0   0   0   0   0   0  14  0.56 inf
   76 Q   -1  0 -1  0 -4  5  4 -2  0 -4 -3  1 -2 -4 -2  0 -1 -3 -2 -3    0   0   0   0   0  47  45   0   0   0   0   0   0   0   0   7   0   0   0   0  0.74 inf
   77 L   -1 -3 -3 -3 -2 -2 -2 -3 -3  0  2 -2  0 -2  6 -2 -1 -3 -2  1    0   0   0   0   0   0   0   0   0   0  33   0   0   0  53   0   0   0   0  14  0.95 inf
   78 P   -2 -3 -3 -2 -4 -2 -2 -3 -3 -4 -4 -2 -3 -5  8 -2 -2 -5 -4 -3    0   0   0   0   0   0   0   0   0   0   0   0   0   0 100   0   0   0   0   0  2.35 inf
   79 P   -2 -3 -3 -3 -3 -3 -3 -3 -2 -2 -1 -2 -2  5  6 -2 -2 -1  2 -2    0   0   0   0   0   0   0   0   0   0   0   0   0  46  47   0   0   0   8   0  1.06 inf
   80 G    0 -3 -1 -2 -3 -2 -3  6 -3 -5 -4 -2 -3 -4 -3 -1 -2 -3 -4 -4    0   0   0   0   0   0   0 100   0   0   0   0   0   0   0   0   0   0   0   0  1.35 inf
   81 D   -2 -2  1  7 -4 -1  2 -2 -2 -4 -4 -1 -4 -4 -2 -1 -2 -5 -4 -4    0   0   0  92   0   0   8   0   0   0   0   0   0   0   0   0   0   0   0   0  1.20 inf
   82 N    0 -1  4  0  1 -1 -1 -1 -1 -2 -3 -1 -2 -3 -2  4  1 -4 -2 -2    0   0  28   0   3   0   0   0   0   4   0   0   0   0   0  59   6   0   0   0  0.46 inf
   83 I   -2 -3 -3 -3 -2 -2 -3 -4  0  3  0 -2  0  3 -3 -2  1  0  6  1    0   0   0   0   0   0   0   0   0  31   0   0   0   9   0   0  13   0  44   3  0.47 inf
   84 I   -2 -4 -4 -4 -2 -4 -4 -5 -4  6  1 -3  1 -1 -4 -3 -1 -3 -2  2    0   0   0   0   0   0   0   0   0 100   0   0   0   0   0   0   0   0   0   0  0.76 inf
   85 Y    1 -2 -3 -3 -2 -2 -2 -3 -1  1  1 -1  2  0 -3 -1 -1 -1  4  2   18   0   0   0   0   0   0   0   0   0   9   4   8   0   0   0   0   0  26  37  0.24 inf
   86 V   -1 -3 -4 -4 -1 -3 -3 -4 -4  3  1 -3  0 -1 -3 -2 -1 -3 -2  5    0   0   0   0   0   0   0   0   0  24   0   0   0   0   0   0   0   0   0  76  0.56 inf
   87 G    0 -3 -1 -2 -3 -2 -3  6 -3 -5 -4 -2 -3 -4 -3 -1 -2 -3 -4 -4    0   0   0   0   0   0   0 100   0   0   0   0   0   0   0   0   0   0   0   0  1.35 inf
   88 E   -1  1  1  3 -3  4  2 -2 -1 -3 -3  2 -2 -4 -2  0  0 -3 -2 -3    0   3   3  19   0  36  11   0   0   0   0  17   0   0   0   7   3   0   0   0  0.45 inf
   89 L   -2 -3 -4 -4 -2 -3 -3 -2 -3  4  3 -3  1  0 -3 -3 -1 -3 -2  2    0   0   0   0   0   0   0   3   0  42  52   0   0   0   0   0   0   0   0   3  0.45 inf
   90 S    0  2  4  0 -3  0  0 -1  2 -3 -3  2 -2 -3 -2  1  1 -3 -2 -2    3  16  33   0   0   0   3   0   6   0   0  16   0   0   0  11  11   0   0   0  0.35 inf
   91 H   -2 -1 -1 -2 -3  2 -1 -3  6 -3 -2 -1 -2  2 -3 -2 -2  0  6 -3    0   0   0   0   0  15   0   0  38   0   0   0   0   6   0   0   0   0  41   0  0.77 inf
   92 Q    0  0  0 -1 -3  5  1 -2  7 -4 -3  0 -2 -3 -2 -1 -2 -3  0 -3    6   0   0   0   0  52   0   0  41   0   0   0   0   0   0   0   0   0   0   0  0.80 inf
   93 W   -4 -4 -5 -5 -3 -3 -4 -4 -3 -4 -3 -4 -2  0 -5 -4 -4 12  1 -4    0   0   0   0   0   0   0   0   0   0   0   0   0   0   0   0   0 100   0   0  3.11 inf
   94 F   -3 -2 -1 -3 -3 -1 -2 -3  7 -2 -1 -2 -1  5 -4 -2 -3 -1  3 -2    0   0   0   0   0   0   0   0  46   0   0   0   0  48   0   0   0   0   7   0  0.83 inf
   95 Q   -1  2 -1 -1 -4  5  1 -2 -1 -3 -3  4 -1 -4 -2 -1 -1 -3 -2 -3    0   3   0   0   0  48   0   0   0   0   0  49   0   0   0   0   0   0   0   0  0.69 inf
   96 K   -1  2 -1 -1 -4  1  2 -2 -1 -3 -3  5 -2 -4 -1 -1 -1 -3 -2 -3    0   7   0   0   0   0  12   0   0   0   0  81   0   0   0   0   0   0   0   0  0.61 inf

                      K         Lambda
Standard Ungapped    0.1361     0.3183
Standard Gapped      0.0459     0.2670
PSI Ungapped         0.1482     0.3069
PSI Gapped           0.0459     0.2670
