
Last position-specific scoring matrix computed, weighted observed percentages rounded down, information per position, and relative weight of gapless real matches to pseudocounts
           A  R  N  D  C  Q  E  G  H  I  L  K  M  F  P  S  T  W  Y  V   A   R   N   D   C   Q   E   G   H   I   L   K   M   F   P   S   T   W   Y   V
    1 M   -4 -6 -6 -7 -5 -5 -6 -7 -6  5  1 -6  8 -3 -6 -5 -4 -5 -5  2    0   0   0   0   0   0   0   0   0  38  12   0  35   0   0   0   0   0   0  14  1.54 inf
    2 L   -1  0 -2 -4 -4  1 -2 -5 -2  1  0  2  6 -4 -1 -2  2 -5 -4  0    6   5   1   0   0   7   2   0   1   9   7  12  27   0   3   2  12   0   0   6  0.50 inf
    3 T    3 -3 -1 -3 -4 -3 -1  4 -3 -5 -5 -2 -4 -6 -2  2  4 -6 -5 -4   21   1   2   1   0   0   4  28   0   0   0   2   0   0   1  15  24   0   0   0  0.74 inf
    4 E   -1  1 -2  1 -6  3  5 -1  1 -5 -5  1 -4 -5 -4  0  0 -6 -4 -4    5   8   1   5   0  14  36   5   3   0   0   6   0   0   0   7   7   0   0   0  0.68 inf
    5 G   -2 -1 -1  1 -4 -1  1 -2  0 -2 -3  0  3  0 -2 -2  3  5  2 -3    3   4   3   7   0   3  10   2   2   3   1   5   9   4   2   2  24   9   7   1  0.39 inf
    6 I   -3 -6 -6 -6 -3 -4 -2 -7 -5  6  0 -6 -2 -2 -5 -5 -1 -6 -5  5    2   0   0   0   0   1   4   0   0  46   6   0   0   1   0   0   3   0   0  35  1.31 inf
    7 S   -1  0 -1  3 -5  1  2 -3 -1 -4 -4  1 -3 -4 -2  1  4 -6 -5 -2    3   4   3  15   0   6  14   1   1   1   1   8   0   1   2  12  26   0   0   3  0.48 inf
    8 I   -4 -6 -7 -7 -4 -6 -6 -7 -4  5  2 -6 -1  3 -6 -5 -4  1  5  2    0   0   0   0   0   0   0   0   0  37  21   0   1  10   0   0   0   2  17  11  1.14 inf
    9 Q    0  0 -1  2 -4  1 -1 -2 -1 -4 -4  1 -4 -5  5 -1  3 -6 -4 -3    7   6   3  10   0   6   3   2   1   1   1  10   0   0  27   4  16   0   0   2  0.59 inf
   10 S    2  0 -1 -3  0 -3 -3  0 -4 -3 -3 -4 -3 -5 -4  3  5 -6 -4 -1   20   5   2   1   2   1   0   8   0   1   1   0   0   0   0  22  31   0   0   5  0.66 inf
   11 Y    1 -1 -1  0 -5  0 -1  2  0 -4 -2 -1 -3 -4  5  0 -1 -5 -2 -2   14   3   2   5   0   4   3  14   3   0   4   4   0   0  28   6   4   0   1   3  0.49 inf
   12 D   -2 -3  2  7 -4 -1  0  0  0 -6 -5 -2 -5 -5 -5 -2  0 -6 -2 -6    3   1   9  55   0   2   4   8   2   0   1   2   0   0   0   3   6   0   1   0  1.20 inf
   13 G   -3 -5 -3 -1 -6 -4 -5  7 -3 -6 -4 -4 -6 -6 -5 -2 -4 -6 -6 -5    2   1   1   3   0   1   1  81   1   0   2   1   0   0   1   3   1   0   0   1  1.92 inf
   14 H    0 -1 -1  1 -3  1  1  1  4 -2 -2  0 -2  0  0  0  2 -3 -1 -1    6   3   2   7   0   7   9  12  11   1   3   5   1   4   5   4  14   0   1   5  0.17 inf
   15 T    1  0 -1 -1 -1  0  1 -1 -3 -1 -1  0  3 -3  1  1  2 -4 -3 -1   10   5   2   3   1   4  11   4   0   2   5   6   8   1   7  11  16   0   0   4  0.17 inf
   16 F   -2  0 -4 -2 -3 -2 -2 -4 -3  3  2 -2  4  4 -2 -2 -2 -4 -2  2    3   6   1   3   0   1   2   1   0  16  16   2  14  19   2   2   1   0   0  11  0.46 inf
   17 G    0  2 -1  1 -3  1  0  1 -1 -3 -4  1 -3 -4  3  1  1 -5 -4 -2    7  12   2   9   0   5   5  11   1   1   1   7   0   0  17   8   8   0   0   3  0.33 inf
   18 A    5 -5 -4 -5  0 -4 -4  4 -3 -3 -3 -4 -2 -1 -5 -2 -2 -5  2 -1   47   0   0   0   2   0   0  25   1   1   3   0   1   2   0   1   2   0   8   5  0.93 inf
   19 L   -5 -4 -7 -7 -7 -4 -6 -7  1 -1  2 -6 -4  3 -7 -6 -3  4  9 -3    1   1   0   0   0   1   0   0   3   3  16   0   0   8   0   0   2   5  58   2  1.91 inf
   20 V   -1  1 -5 -5 -3 -2 -3 -5  2  1  3 -3  0  0 -5 -3 -2  1  2  3    6  10   0   0   0   1   1   0   6   5  32   0   1   4   0   1   1   2   6  21  0.49 inf
   21 G    5 -1 -4 -4 -1 -2 -3 -3  1 -4 -4 -4 -4 -2 -4  1 -1 -1  0  1   56   4   0   1   1   1   2   1   3   0   1   0   0   2   1   8   3   1   4   9  0.86 inf
   22 S   -1  3 -2  0 -4  1  0 -3  0 -2 -1  1  0 -3  3 -1  0 -4 -1 -1    4  20   1   5   0   6   6   1   2   1   7   9   2   0  16   3   7   0   3   6  0.31 inf
   23 P   -1 -5 -4  0 -3 -3 -1 -5 -4 -6 -6 -2 -6 -7  8 -3 -4 -7 -5 -3    6   0   1   5   1   1   4   1   0   0   1   2   0   0  73   2   1   0   0   2  2.12 inf
   24 A    3 -2 -2  2 -3 -1  2  1 -4 -4 -4  0 -3 -4  0  1  0 -5 -5 -2   31   2   1  10   0   3  13   9   0   0   1   6   1   0   5   9   4   0   0   3  0.40 inf
   25 K    0 -1  1  2 -5  1  1  3 -1 -5 -5  2 -4 -5 -1  1  0 -2 -5 -4    6   4   5  12   0   6   7  26   1   0   1  11   0   0   3  10   5   1   0   1  0.42 inf
   26 A    1 -3 -3 -1 -5 -2  0  5 -3 -5 -6  0 -5 -6  0 -2  1 -6 -5 -3   13   2   0   3   0   2   7  49   0   0   0   5   0   0   4   2  10   0   0   2  0.86 inf
   27 P    0  2 -1 -2 -4 -1 -2 -3 -4 -4 -5  3 -5 -6  6  0  0 -7 -6 -3    6  10   3   2   0   3   2   1   0   1   1  20   0   0  36   8   5   0   0   2  0.89 inf
   28 A    1  3 -3 -5 -4 -2 -3  1  1 -2  1  1 -2  3 -3 -2 -3  5  1 -2   13  15   1   0   0   1   0  11   3   1  14   7   0  15   1   2   1   7   5   3  0.36 inf
   29 P   -1 -4 -6 -5 -7 -6 -6  2 -2 -7 -7 -4 -4 -8  8 -4 -5 -8 -7 -6    6   1   0   0   0   0   0  16   1   0   0   1   1   0  71   1   0   0   0   1  2.23 inf
   30 V    4 -4 -5 -6 -2 -5 -6  5 -6 -2 -4 -5 -3 -6 -5 -2  0 -7 -6  1   30   1   0   0   1   0   0  45   0   3   2   0   1   0   0   2   5   0   0  12  1.10 inf
   31 I   -4 -7 -8 -8 -5 -7 -7 -8 -8  5  1 -7 -1 -5 -6 -6 -5 -7 -6  6    1   0   0   0   0   0   0   0   0  28   9   0   1   0   0   0   0   0   0  60  1.78 inf
   32 V   -5 -7 -7 -8 -4 -7 -7 -7 -7  5  3 -7 -2 -3 -7 -5 -5 -7 -5  5    0   0   0   0   0   0   0   0   0  25  29   0   0   1   0   1   0   0   0  44  1.46 inf
   33 I   -4 -7 -8 -8 -6 -7 -7 -8 -7  1  2 -7  2  2 -7 -6 -5 -3 -5  7    1   0   0   0   0   0   0   0   0   6  16   0   4   7   0   0   0   0   0  66  1.64 inf
   34 A   -1 -6 -7 -7  0 -6 -6 -5 -6  5  2 -6 -2  2 -6 -5 -4 -1  3  3    4   0   0   0   2   0   0   1   0  36  15   0   0   7   0   0   0   1  10  22  1.03 inf
   35 Q   -6 -5 -4 -6 -7  6 -4 -6  8 -6 -7 -5  2 -4  2  2 -3 -7 -5 -6    0   0   0   0   0  32   1   0  36   0   0   0   5   1  11  12   2   0   0   0  1.79 inf
   36 E   -4 -6 -5  4 -9 -4  7 -7  0 -9 -8 -5 -8 -9 -7 -5 -5 -9 -7 -8    1   0   0  21   0   0  76   0   2   0   0   0   0   0   0   0   0   0   0   0  2.32 inf
   37 I    2 -5  2 -4 -6 -6 -4 -4 -6  6 -3 -6 -1 -5 -7 -5 -5  8 -4 -1   16   0  11   1   0   0   1   2   0  44   1   0   2   0   0   0   0  18   0   4  1.44 inf
   38 F   -5  3 -3 -7 -7 -5 -7 -3 -5 -3 -4 -4 -2  7 -1 -5 -4  8  3 -5    0  13   1   0   0   0   0   2   0   1   1   1   1  45   3   1   1  21   7   0  1.81 inf
   39 G   -4 -7 -6 -6 -8  2 -6  7 -7 -9 -9 -6 -7 -8 -7 -4 -7 -8 -8 -8    0   0   0   0   0  10   0  88   0   0   0   0   0   0   0   1   0   0   0   0  2.53 inf
   40 V   -3 -4 -6 -5 -5 -1 -5 -6 -1  1  4 -5 -1 -4 -3 -5 -4 -1  0  5    2   1   0   1   0   3   0   0   2   7  39   1   1   0   1   0   0   1   3  38  1.00 inf
   41 N   -3  1  6  1 -6 -3 -3 -1  5 -5 -7 -4 -6 -7 -6 -1  3 -7 -5 -2    2   8  40   7   0   1   1   4  11   0   0   0   0   0   0   4  19   0   0   3  1.14 inf
   42 A    1 -2 -2  4 -6  0  3  0 -2 -5 -6 -3 -5 -4  4  0 -3 -6 -3 -4   12   2   1  20   0   4  19   7   1   0   0   1   0   1  23   7   1   0   1   1  0.72 inf
   43 F   -2 -3 -1  0 -3  0 -1 -3  7 -5 -6 -3 -5  0  2 -3 -2  3  5 -2    3   1   3   5   1   5   4   2  30   0   0   1   0   4  11   2   3   4  18   4  0.96 inf
   44 M   -2 -7 -5 -6 -5 -5 -7 -7 -7  7  0 -5  4 -1 -4 -4  0 -6  0  2    4   0   1   0   0   0   0   0   0  55   6   1   8   2   1   1   5   0   3  13  1.30 inf
   45 R    0  6 -4 -3 -3  1  2 -6 -1 -3 -4  3 -3 -7 -6 -3 -2 -7 -5 -4   10  46   0   1   1   6  11   0   1   1   2  16   1   0   0   1   2   0   0   1  1.11 inf
   46 E    1  3 -1  5 -6  0  1 -1 -1 -5 -5  0 -3 -6 -5  1 -3 -3 -4 -6   10  17   3  32   0   3  10   6   2   1   1   5   0   0   0   9   1   0   0   0  0.71 inf
   47 T   -2  0 -5 -4 -3 -1 -4 -6  1  2  1 -2  3  0 -6 -3 -1 -2 -3  5    3   5   0   1   0   3   0   0   3  11  11   2   8   5   0   2   4   0   1  40  0.67 inf
   48 V    6 -7 -4 -7  7 -6 -6 -3 -7 -5 -4 -6 -6 -7 -5 -2  1 -7 -7  0   57   0   1   0  20   0   0   1   0   0   1   0   0   0   0   2  10   0   0   7  1.58 inf
   49 S   -1  5 -2  5 -7  0  1 -3 -5 -6 -6 -1 -5 -6 -6 -3 -2 -7 -5 -4    5  35   1  34   0   4   9   2   0   0   0   3   0   0   0   2   2   0   0   2  1.18 inf
   50 W   -2  7 -3 -1 -7  2 -1 -3 -2 -2 -3  1  0 -4 -6 -4 -3  1 -2 -5    3  57   1   4   0   8   4   2   1   3   2   6   2   1   0   1   1   2   1   1  1.28 inf
   51 L   -4 -7 -7 -8 -3 -7 -7 -8 -6  2  5 -7  1  5 -7 -6 -5  1  2 -1    1   0   0   0   1   0   0   0   0  11  51   0   2  22   0   0   0   2   6   4  1.30 inf
   52 V    7 -5 -7 -6 -4 -6 -6 -3 -7 -7 -7 -4 -7 -8 -6 -2 -4 -8 -7 -4   92   1   0   0   0   0   0   2   0   0   0   1   0   0   0   2   1   0   0   1  2.36 inf
   53 D    3  0 -2 -1 -5  0  2  2 -1 -4 -1  3 -3 -5 -4 -1 -1 -5 -4 -2   23   5   2   4   0   4  13  15   2   0   8  16   0   0   0   4   3   0   0   2  0.35 inf
   54 Q    3 -1 -1  0 -2  3  3 -4  3 -4  1 -2 -1 -3 -5 -1 -3  0 -1 -3   26   3   3   5   1  13  18   0   7   0  13   1   1   1   0   3   0   1   2   1  0.45 inf
   55 G   -5 -8 -3 -7 -4 -7 -7  8 -7 -9 -9 -7 -8 -8 -7 -6 -7 -8 -8 -8    0   0   1   0   0   0   0  97   0   0   0   0   0   0   0   0   0   0   0   0  2.88 inf
   56 Y   -5 -7 -7 -8 -4 -7 -7 -8  0 -4 -4 -7 -6  6 -8 -7 -7  3  9 -4    1   0   0   0   0   0   0   0   2   1   1   0   0  27   0   0   0   4  62   1  2.64 inf
   57 A    0 -2 -2 -2 -2 -3 -2 -4 -2  2  2 -3  0 -1 -1 -2  0 -4 -1  3    8   2   2   2   1   1   2   1   1  12  24   1   2   3   3   3   6   0   2  25  0.33 inf
   58 A    6 -6 -5 -7  0 -6 -6 -4 -7 -3 -5 -6 -5 -6 -6 -2  0 -7 -6  5   57   0   0   0   2   0   0   1   0   1   0   0   0   0   0   2   5   0   0  32  1.52 inf
   59 V    0 -6 -7 -7 -4 -6 -6 -6 -6  4  4 -6  1  2 -6 -6 -5 -5 -3  3    8   0   0   0   0   0   0   0   0  21  44   0   2   7   0   0   0   0   0  16  1.05 inf
   60 C    6 -6 -6 -6  3 -6 -6 -3 -6 -2 -2 -6 -2 -6 -6 -3 -1 -7 -6  2   67   0   0   0   5   0   0   2   0   2   4   0   1   0   0   1   3   0   0  14  1.43 inf
   61 P   -5 -8 -8 -7 -8 -7 -7 -8 -4 -1 -3 -7 -1 -6  8 -5 -6 -9 -5 -1    1   0   0   0   0   0   0   0   0   4   3   0   2   0  83   0   0   0   0   5  2.70 inf
   62 D    0 -6  2  7 -7 -2  2 -6  1 -7 -7 -5 -7 -7 -2  0 -5 -8 -7 -7    7   0   9  55   0   1  14   0   3   0   0   0   0   0   2   8   0   0   0   0  1.48 inf
   63 L   -1 -6 -6 -6 -5 -5 -6 -3 -4  1  5 -6  3  1 -4 -2 -3 -2 -2  1    5   0   0   0   0   0   0   2   0   7  54   0   7   5   1   3   2   1   1  10  0.92 inf
   64 Y   -6 -6 -6 -7 -6 -6 -6 -7 -2 -4  1 -6 -3  7 -7 -5 -6 -3  8 -5    0   0   0   0   0   0   0   0   1   1  13   0   0  36   0   1   0   0  45   1  2.13 inf
   65 A    1  0 -2  1 -4  0 -2 -1  6 -3 -4 -3 -3  1 -4  1 -1  6  2 -2   10   6   1   9   0   3   2   4  17   1   1   1   0   6   1  13   5  10   7   3  0.54 inf
   66 R   -2  7 -1 -2 -4 -2  1  0 -2 -4 -3 -1 -2 -4 -1 -1 -3 -4 -4 -4    3  54   3   2   0   1   8   9   1   1   3   2   1   1   4   4   1   0   1   1  1.06 inf
   67 Q   -1 -1 -1  0 -3  3  1 -1  1  0  1 -1 -1  1 -1 -1  0 -1  0  0    5   2   2   4   0  17   7   5   4   5  14   4   1   6   2   3   7   1   3   8  0.10 inf
   68 A    1 -1  0 -1 -3  0  2  4 -2 -3 -2  0 -3 -3 -2 -1 -2 -3 -3 -2   13   2   4   3   0   5  14  34   1   1   5   5   0   1   2   4   2   0   1   4  0.42 inf
   69 P    0  0  0  2 -3 -1  0 -1 -2 -3 -2  0 -3 -3  6 -1 -1 -3 -3 -3    6   5   4  11   0   2   5   4   1   1   4   6   1   2  35   5   4   0   1   2  0.63 inf
   70 G    0 -1  0  1 -3 -2 -1  4 -1 -1  0 -2 -2 -3  2 -2 -2 -2 -3 -1    9   3   5   8   0   1   5  30   1   5   9   2   1   1  10   1   2   1   1   4  0.30 inf
   71 T    1 -1 -1 -2 -3 -1 -2  2 -1  0 -1  0  0  1  1  0  1 -1 -2  1   10   2   2   2   0   2   2  17   2   5   4   6   3   6   8   5   8   1   1  14  0.12 inf
   72 A    1  0 -1  1 -2  1  3  0 -1 -1 -2  0 -2 -3 -1 -1  1 -3 -2 -1   10   4   1   8   1   6  23   9   1   3   3   5   1   1   3   4  10   0   1   5  0.21 inf
   73 L    0 -2 -1 -1 -2 -2 -2 -2 -1  1  2 -2  0  0  0 -1  0 -1  3  2   10   2   2   4   1   1   2   2   1   6  20   2   2   3   5   3   6   1  13  14  0.18 inf
   74 D   -1 -1 -1  3 -3 -2  0  2 -1 -2  0 -1 -2 -3  3 -1  2 -4 -2 -2    4   4   3  16   0   1   5  16   2   2  10   3   1   1  13   4  12   0   1   3  0.26 inf
   75 P    1 -4 -1  2  2 -2  0  2  0 -4 -4 -2 -4  0  3 -2 -1 -4  4 -3   11   1   2  11   4   2   6  16   2   1   1   2   0   3  16   2   4   0  14   2  0.44 inf
   76 Q    0 -1  1  1 -3 -1  0  0  1  0 -2  1 -2 -1  1  0  0 -2  3 -1    6   2   8   9   0   2   5   7   3   9   3   8   1   2   7   8   5   0  11   3  0.11 inf
   77 D    0 -2 -1  5 -4  0  0 -1 -2 -2 -4 -2 -2 -5  0 -1  2 -6 -4  0    8   2   3  37   0   4   6   4   1   2   1   2   1   0   5   5  11   0   0   7  0.59 inf
   78 E    2 -1 -3  3 -4  2  3 -1 -3 -4 -4 -1 -2 -1  2 -1  0 -2 -1 -2   16   2   1  19   0   8  16   4   0   1   2   2   1   2  12   3   6   0   3   2  0.40 inf
   79 R    2 -1 -1  1 -2  0  2 -1 -2 -1 -1  0 -1 -3  0  0  0 -2 -3  0   21   3   2   9   0   4  15   5   1   4   8   5   1   1   5   5   5   1   1   6  0.15 inf
   80 Q   -1 -3 -1  4 -4  0  2  3 -3 -1 -2 -2  2  0 -3 -1 -2 -1 -3 -2    6   1   2  20   0   5  13  25   0   4   3   1   5   4   1   3   3   1   0   3  0.42 inf
   81 R   -1  4 -2 -2 -3 -1 -1 -3 -1  0  0  1  2  0  0 -1  0  3 -1 -1    6  25   1   2   0   2   4   2   1   7   7  10   5   5   4   3   5   5   1   4  0.26 inf
   82 E    1 -1  1  3 -4  2  3 -2 -2 -3 -2  1 -2 -3  1 -1 -1 -2 -4 -3   13   3   6  18   0   9  19   3   0   1   5   7   1   1   7   4   2   0   0   1  0.37 inf
   83 Q    0  3 -1 -1 -3  1  2 -2 -1 -2  0  3  1 -3 -2 -1  0 -1 -2 -2   10  15   3   2   1   7  12   3   1   2   9  18   4   1   1   2   5   1   1   3  0.23 inf
   84 A    4 -2 -3 -4 -3 -2 -3  3 -2 -1  0 -3  0 -2 -3 -1 -1 -2 -3 -1   36   2   1   1   0   2   2  24   1   4   9   1   3   1   1   4   3   1   1   4  0.51 inf
   85 Y   -1  2  2 -2 -3 -1 -1  0  0  0  1 -1  2  2 -2 -1  0 -2 -1 -1    4  12  12   2   0   3   3   6   3   5  14   3   7  11   1   4   4   0   1   5  0.12 inf
   86 K    2  0 -1  1 -3  1  2  0  2 -3 -3  1 -1 -3  0 -1 -1 -4 -3 -2   22   5   2   6   0   6  15   8   5   1   2   9   1   1   4   4   4   0   1   3  0.25 inf
   87 L    0  0 -3 -1 -4 -1 -3 -3  1  0  4 -2  3  0 -4 -3 -2  1  2  0    8   5   1   5   0   3   1   1   4   5  36   1   9   3   0   1   2   2   7   6  0.36 inf
   88 W   -1  0 -2 -3 -2  1 -2 -1 -2  1  0  2  5  1 -3 -2 -2 -1  0  2    5   5   1   1   1   6   1   5   1   6   9  13  17   5   1   2   2   1   3  14  0.25 inf
   89 Q    0  2  1  0 -3  2  0  1 -1 -1 -2  0 -1 -2 -2  1  0  0 -2 -2    9  11   8   4   0   9   5  10   1   5   2   5   2   2   2  14   6   1   1   2  0.13 inf
   90 A    2  2  0 -1 -4  2  0  1 -1 -4 -4  3 -2 -4 -3  0  0 -5 -3 -3   20   9   4   3   0  10   5  10   1   1   1  17   1   1   1   7   7   0   0   1  0.33 inf
   91 F   -2 -1 -2 -2 -4 -2 -4 -4 -2  0  3  1  2  1 -2 -2  1 -3 -1  2    3   3   2   3   0   1   0   1   1   3  30  10   6   7   2   2   9   0   2  16  0.31 inf
   92 D   -2 -3  1  5 -6 -2 -1 -2 -2 -5 -6 -1 -4 -5  4 -1  2 -6 -6 -4    4   1   6  33   0   1   4   4   1   0   0   4   0   1  21   4  13   0   0   1  0.84 inf
   93 M    0  0 -2  2 -4  0  0 -1 -3 -1  0 -1  1  0  2 -1 -1  3 -2  0    8   6   2  13   0   5   5   4   0   4  10   2   3   4  12   2   4   5   1   8  0.14 inf
   94 E    2 -1 -1  3 -3  0  4 -2 -2 -5 -4 -1 -2 -5  0  0  0 -3 -4 -3   18   3   3  19   1   4  25   2   1   0   1   2   1   0   5   7   5   0   0   2  0.48 inf
   95 A    1  1 -1  0 -4  3  1  0  0 -4 -2  2 -1 -4  0  0 -1 -3 -3 -2   13   8   2   5   0  16  10   7   3   1   5  14   1   0   4   5   3   0   1   2  0.25 inf
   96 G    2 -1 -3 -4 -3 -2 -4  0  0  1  1 -3  2 -1 -3 -2  0 -2  2  2   21   3   1   0   0   1   0   7   3   8  13   0   6   2   1   1   6   0   8  16  0.26 inf
   97 V   -1 -1 -2  2 -2 -1 -1 -3 -3  1  2 -2  3 -1 -4 -1  0  2 -2  2    6   3   1  12   1   2   3   1   1   7  24   2  10   1   0   3   4   3   0  15  0.23 inf
   98 G    3  1  0  0 -4  1  2  0 -2 -3 -2  0 -2 -3 -2  1  0 -4 -4 -3   25   8   5   5   0   6  15   5   1   1   3   5   1   1   2  10   7   0   0   1  0.27 inf
   99 D   -5  0  0  8 -6 -3  0 -5 -3 -4 -5 -4 -6 -6 -3 -4 -1 -7 -6 -4    1   4   4  73   0   1   5   1   0   1   1   0   0   0   1   1   5   0   0   1  1.82 inf
  100 L    1 -4 -2 -4 -2 -4 -3 -3 -3  4  2 -4  0  3 -4 -1  0 -4 -2  2   12   0   2   0   1   0   1   2   0  22  21   0   2  11   0   6   6   0   1  14  0.42 inf
  101 E    1  2 -1  3 -2  2  1 -1 -1  0 -2  0 -1 -1 -2 -1 -1 -4 -2 -1   13  12   2  18   1  13   7   3   1   5   4   5   1   3   1   3   3   0   1   4  0.21 inf
  102 A    6 -3 -3 -3 -2 -3 -2  0  1 -4 -2 -3 -2 -5 -1  0 -1 -6 -5 -3   61   1   1   1   1   1   2   7   4   0   5   1   1   0   3   7   3   0   0   2  0.93 inf
  103 A    4 -4 -4 -5  2 -3 -4 -1 -4 -3 -1 -4  0 -2 -1  1  3 -2 -1  0   42   0   0   0   5   0   0   5   0   1   6   0   2   2   3   8  17   0   3   5  0.61 inf
  104 I    2  0 -4 -4  1 -3 -4 -5 -2  3  2 -3  0  1 -4 -3 -2 -3  0  3   17   5   0   1   3   1   0   0   1  17  18   1   1   6   0   1   1   0   3  24  0.46 inf
  105 R    2  1  1  4 -3  1  2 -2  0 -3 -4  0 -3 -5 -4  0 -1 -6 -4 -3   19   8   6  27   0   6  12   2   2   1   1   4   1   0   0   6   3   0   0   1  0.49 inf
  106 Y    0 -4 -5 -5  1 -3 -4 -4  3 -3 -2 -4 -3  4 -6 -2 -1  8  6 -3   10   1   0   0   3   1   1   1   7   1   4   1   0  17   0   3   4  20  23   2  1.11 inf
  107 A    2 -5 -6 -6 -3 -5 -6 -6 -3 -1  5 -5  0 -2 -6 -4 -3 -5 -5  1   21   0   0   0   0   0   0   0   1   3  62   0   2   1   0   1   1   0   0   7  1.13 inf
  108 R    2  4 -2 -1 -4  0 -1  0 -1 -3 -1  3 -1 -4 -4  0 -2 -5 -2 -3   18  22   1   3   0   4   4   6   1   1   6  22   2   0   0   5   2   0   1   2  0.41 inf
  109 H    2  1  1  0 -3  2  1  0  0 -1 -3  1 -2 -4 -3  1  0 -4 -3 -2   21   8   7   4   0   8   8   8   2   3   1   7   1   0   1  12   7   0   0   1  0.24 inf
  110 Q   -2  3  1 -1  1  3  0 -4  4 -2  1 -2  0 -3 -3 -1 -1 -4 -1 -3    3  19   6   4   3  16   6   1  12   1  14   1   2   1   1   5   3   0   2   1  0.39 inf
  111 P    0 -2 -2  0 -3 -2  1  3 -2 -1 -2 -1 -4 -4  5 -1 -1 -5 -4 -3    8   2   1   6   1   1   8  22   1   4   5   3   0   0  29   4   4   0   1   1  0.58 inf
  112 Y    1 -1 -1  1 -1  1  2  2 -1 -2 -1  0 -2 -1 -2 -1  0  0  0  0   13   2   3   7   1   5  13  17   1   1   5   5   1   3   1   3   7   1   4   7  0.12 inf
  113 S    1 -3 -1  3  5 -2 -2 -1 -2 -2 -3 -2 -3 -3  1  1  0 -5 -3  2   11   1   2  15  14   1   1   4   1   1   2   3   0   1   8   9   6   0   1  20  0.39 inf
  114 N    2 -1  3  1 -2  0 -2 -1 -3 -2 -2 -1 -2 -4  0  1  3 -4 -2 -1   19   3  14   8   1   4   1   5   0   2   3   4   0   0   4   8  20   0   1   3  0.28 inf
  115 G    0 -1 -1  1 -4 -1 -1  5  0 -4 -4  0 -4 -5 -2  0 -2 -5 -3 -2    7   3   2   7   0   2   4  49   2   1   1   6   0   0   2   7   2   0   1   3  0.72 inf
  116 K   -2  5 -1 -3 -6  1 -1 -2 -2 -5 -4  5 -4 -6  1 -2 -3 -6 -4 -2    3  26   3   1   0   6   2   4   1   0   1  41   0   0   6   1   1   0   0   3  0.96 inf
  117 V   -2 -5 -6 -6 -1 -5 -5 -3 -6  4  2 -4  0  0 -5 -4 -1 -6 -3  5    4   0   0   0   1   0   0   3   0  21  15   1   2   3   0   1   3   0   1  46  0.95 inf
  118 G    3 -6 -5 -5 -4 -6 -6  6 -4 -5 -6 -5 -2 -3 -6 -3 -3 -6  0 -3   24   0   0   0   0   0   0  65   0   0   0   0   1   1   0   1   1   0   3   2  1.59 inf
  119 L    2  0 -3 -3  2 -3 -3  0 -3  2  0 -3  0 -1 -3  0  0 -4 -2  3   20   6   0   1   4   0   1   7   0  15   5   0   2   2   0   6   6   0   1  26  0.24 inf
  120 V    0 -4 -3 -4 -1 -2 -4 -4 -1  3  1 -3  2 -1 -4 -2  3 -4 -3  3   10   0   1   0   1   1   0   0   1  19  12   0   5   1   0   0  20   0   0  28  0.46 inf
  121 G   -2 -4 -3 -4 -5 -4 -4  7 -4 -5 -5 -4 -5 -5 -4 -3 -4 -4 -5 -5    1   0   0   0   0   0   1  92   0   0   1   1   0   0   0   1   1   0   0   1  2.01 inf
  122 Y   -3 -3 -4 -4 -3 -3 -4 -4  0 -1 -1 -4  0  7 -4 -3 -3  3  5 -1    1   1   1   1   0   1   1   1   2   2   3   1   2  50   1   2   1   3  24   3  1.20 inf
  123 C   -3 -3 -4 -3 11 -5 -5 -2 -5 -4 -1 -5 -4 -4 -5 -1 -3 -4 -2 -3    1   2   0   2  75   0   1   3   0   0   7   1   0   0   0   4   1   0   2   1  2.40 inf
  124 L   -1 -2 -4 -4  0 -2 -3 -4 -3  0  2 -3  6  3 -4 -1 -3  6  2 -1    4   2   0   1   2   1   1   1   0   6  18   1  25  14   0   4   1  13   6   1  0.65 inf
  125 G   -2 -5 -3 -4 -5 -4 -4  7 -4 -6 -6 -4 -5 -5 -4 -1 -2 -5 -5 -5    0   0   0   0   0   0   0  89   0   0   1   0   0   0   0   4   2   0   0   0  1.90 inf
  126 G   -1  0 -3 -4 -5 -4 -4  7 -4 -5 -5 -3 -5 -5 -4 -3 -2 -5 -5 -5    5   6   0   0   0   0   0  83   0   0   1   0   0   0   0   0   2   0   0   0  1.68 inf
  127 A    0  4 -2 -3 -4 -1 -2  2  5 -3 -3  0 -2 -2 -1  0  0  0 -1 -3    8  26   1   0   0   1   0  19  15   1   2   5   1   1   3   8   6   1   1   1  0.41 inf
  128 L   -1 -3 -3 -3 -1 -1 -3 -1 -1  2  3 -3  1  1 -4 -2 -1  1  1  1    3   1   1   1   1   4   0   6   1  11  40   1   2   6   0   3   2   2   4  12  0.30 inf
  129 A    5 -4 -4 -4  0 -3 -3 -2 -4 -3 -1 -3 -3 -4 -3  1  1 -5 -4  1   61   0   0   0   2   0   0   2   0   0   7   0   0   0   0  12   8   0   0   9  0.81 inf
  130 F   -1 -4  0 -4 -1 -2 -3 -4 -1  0  2 -4  0  4 -5 -3 -3  6  4 -1    7   0   7   0   1   1   1   0   1   4  25   0   2  19   0   0   1  12  16   3  0.63 inf
  131 L    0  3 -1 -2 -4 -1 -2 -4  0  0  3 -2  2 -1 -4 -2 -2  1  2 -1    7  19   3   2   0   3   2   0   2   3  32   1   6   2   0   3   2   2   7   4  0.31 inf
  132 V    3 -4 -4 -4  1 -3 -3 -2 -1 -1  1 -3  3  0 -4  1  1 -2  2  0   31   0   0   0   3   0   1   1   1   1  14   0   9   3   0  10   9   0   9   7  0.39 inf
  133 A    7 -4 -4 -5 -2 -4 -4 -1 -5 -3 -3 -4 -3 -6 -4 -1 -2 -6 -5 -1   82   0   0   0   1   0   0   4   0   1   3   0   0   0   0   4   1   0   0   3  1.52 inf
  134 A    3  0 -2 -4  3 -2 -2  0 -3 -1  0 -2 -1 -2 -1  0  2 -4 -3  0   33   4   2   0   8   1   2   6   0   2  11   1   1   1   2   3  16   0   0   6  0.31 inf
  135 K   -1  3  2  1 -4  1  1 -1  4 -3 -1  0 -1 -2 -3  0  0 -2 -1 -2    4  22  10   8   0   5   8   4  10   1   7   5   1   1   1   5   4   1   2   1  0.26 inf
  136 G    0 -1  1  0 -2 -1 -1  1 -1 -2  0 -1 -1 -3  4  1  0 -5 -4 -2    6   3   6   7   1   2   2  12   1   1  11   2   1   1  24  12   5   0   0   2  0.33 inf
  137 Y   -1  2 -1  3 -4  1  2  1 -1 -4 -3  0 -3 -2  3 -1 -1 -3 -2 -3    4  15   2  18   0   4  16  12   1   0   2   3   0   1  14   3   2   0   1   1  0.40 inf
  138 V   -1 -4 -3 -2 -3 -3 -4 -4 -3  3  3 -4 -1  2 -1 -1 -2 -1 -1  3    3   0   1   3   0   0   0   1   1  16  30   0   0   8   3   5   2   1   1  26  0.46 inf
  139 D    2  0 -1  4 -3  0 -1 -1 -2 -2 -2  3 -3 -4 -2  1 -2 -5 -4 -1   20   4   2  25   0   3   2   5   0   1   4  18   0   0   1   8   1   0   0   4  0.37 inf
  140 R    6 -2 -5 -3  4 -4 -3 -1 -3 -4 -2 -3 -4 -5 -4  0 -3 -6 -5 -1   70   2   0   1   9   0   1   4   0   0   4   0   0   0   0   4   1   0   0   3  1.19 inf
  141 A    5 -2 -1 -3  0 -3 -3  1 -4 -3 -2 -3 -2 -3 -4  1  1 -5 -4  1   51   2   3   1   2   0   0  10   0   1   2   0   1   1   0  10   7   0   0   9  0.66 inf
  142 V    3 -5 -5 -5 -2 -4 -5 -4 -5  1 -2 -5 -2  0 -5 -1 -2 -5 -4  6   22   0   0   0   1   0   0   1   0   7   1   0   1   4   0   4   1   0   0  57  1.02 inf
  143 G    2 -4 -1 -1  5 -3 -2  1 -4 -1 -3 -3 -2 -4  3  3  0 -5 -4  0   18   0   3   3  12   0   1   8   0   3   1   0   1   0  15  23   5   0   0   6  0.48 inf
  144 Y   -3 -5 -1 -6  1 -5 -5 -4 -3 -2 -1 -5 -2  7 -6 -5 -5  5  6 -2    2   0   3   0   3   0   0   1   0   1   5   0   1  41   0   0   0   8  30   3  1.49 inf
  145 Y   -5 -5 -5 -6 -6 -5 -5 -3  5 -5 -5 -5 -5  2 -3 -5 -5  1  9 -5    0   0   0   0   0   0   0   2  11   0   0   0   0   7   2   0   0   2  74   0  2.41 inf
  146 G    1 -5 -4 -4 -5 -5 -5  7 -2 -6 -6 -4 -5 -2  1 -2 -4 -5 -3 -5   12   0   0   0   0   0   0  73   1   0   0   0   0   2   6   2   0   0   1   0  1.56 inf
  147 V    1 -1 -2 -2 -3 -2 -3  3 -2 -1 -1 -1  1 -2 -2  0  3 -4 -1  2   11   3   1   2   0   1   1  23   1   3   4   4   3   1   2   5  18   0   2  14  0.27 inf
  148 G   -1  0 -1  1 -4 -1 -2  4 -1 -3  0 -2  0 -3  3 -2 -2  0 -2 -3    4   6   2   9   0   3   1  35   1   1  11   1   2   1  13   2   2   1   1   2  0.46 inf
  149 L   -1 -1 -2 -4 -2 -1 -3 -3 -4  4  2 -3  1 -3  3 -3 -2 -3 -3  1    6   4   2   1   1   2   1   2   0  24  21   1   4   1  16   1   2   0   1  11  0.43 inf
  150 E    1 -1 -2  2 -4  2  1 -2  1 -3 -2  0 -2 -3  3 -1  1 -5 -4  0   11   2   0  14   0  11  10   2   4   1   5   5   1   1  14   3   8   0   0   9  0.28 inf
  151 K    0  0  1  3 -5  1  1  0  1 -5 -4  0 -3 -4  4  0  1 -4 -4 -3    8   4   7  15   0   7   7   6   3   0   1   6   0   1  19   5   9   0   0   1  0.41 inf
  152 Q    1 -2  0  1 -2 -1  0 -2  1 -2 -1 -1 -1 -1  4  1  1 -1  0 -2   13   1   4   8   1   2   5   1   3   2   8   3   2   2  18  11   9   1   3   2  0.23 inf
  153 L    1 -1 -3 -2 -2 -2 -2 -2 -2  2  3 -2  0 -1  0 -2  0 -4 -2  2   15   3   1   2   1   2   2   3   1   9  33   2   1   1   5   2   5   0   1  13  0.27 inf
  154 N    1 -2  0  5 -4  0  3  0 -1 -5 -4 -1 -3 -3  0  0 -1 -5 -4 -3   11   1   4  31   0   4  18   6   1   0   2   3   0   1   5   8   3   0   0   1  0.55 inf
  155 K   -1  2 -2  2 -3  0  2 -3  0  0  1  0 -2 -2  0 -1 -1 -4 -2  0    5  14   1  14   0   4  17   1   2   5  14   6   0   1   4   3   2   0   1   6  0.22 inf
  156 V    4 -2 -4 -3 -1 -2 -3 -3 -2  0  0 -2 -1 -1 -1  1  1 -2 -1  3   33   2   0   1   1   2   1   1   1   4   8   2   1   2   3   8   9   1   2  19  0.35 inf
  157 P    2  0 -2  0 -4 -1 -1  1  0 -4 -2  0 -1 -5  4  1 -1 -5 -4 -2   15   5   1   6   0   3   3  12   3   0   4   6   1   0  24  11   2   0   0   2  0.43 inf
  158 E    1  2  2  2 -4  2  1  0  2 -4 -3  2 -3 -5 -1  0 -2 -5 -4 -3   11  11   9  14   0   8  10   5   4   0   1  14   0   0   2   5   2   0   0   2  0.34 inf
  159 V   -1 -2 -5 -4 -4 -4 -5 -2 -5  6  3 -3  0 -2 -3 -4 -3 -5 -3  2    5   2   0   1   0   0   0   4   0  46  23   2   2   1   1   0   1   0   1  11  0.90 inf
  160 K    1  2  0 -1 -3  2  0 -2  1 -5 -4  4 -3 -5 -3  1  1 -5 -4 -4   10  10   4   3   0   9   6   2   3   0   1  32   0   0   1   9   9   0   0   0  0.54 inf
  161 H    4 -3 -3 -5  5 -2 -4  3 -3 -2 -4 -2 -1 -5 -2 -2 -2 -6 -5  1   39   2   1   0  13   1   0  20   1   1   0   3   1   0   1   1   2   0   0  11  0.81 inf
  162 P    0  0 -5 -3 -7 -3  2 -4 -3 -6 -7 -1 -6 -6  7 -3 -2 -7 -7 -4    7   5   0   1   0   1  14   1   1   0   0   3   0   0  61   1   2   0   0   1  1.72 inf
  163 A   -2 -5 -6 -6 -3 -5 -6 -6 -6  3  3 -5  1 -2 -6 -4  0  2 -2  5    3   0   0   0   0   0   0   0   0  14  32   0   3   1   0   1   5   3   1  36  0.92 inf
  164 L   -3 -3 -6 -6 -2  2 -4 -6 -2  0  5 -5  3 -2 -6 -4 -2 -4  3  2    2   1   0   0   1  10   0   0   1   5  49   0   6   1   0   0   2   0  10  12  0.87 inf
  165 F    1 -5 -5 -5  0 -5 -5  3 -2  1  2 -5  3  2 -5 -3 -3 -4 -3  1   14   0   0   0   2   0   0  26   1   8  20   0   9  10   0   1   1   0   0   8  0.55 inf
  166 H   -2 -5 -2 -5 -3 -1 -3 -1  8  2  2 -5 -2  2 -6 -1 -4 -3 -1  0    3   0   2   0   1   3   1   5  38  10  17   0   1   7   0   5   0   0   1   5  0.99 inf
  167 M   -4 -4 -3 -7  3 -5 -6 -4  4  0 -2 -6  0  6 -7 -5 -3  4  6 -2    1   1   1   0   5   0   0   1   8   5   3   0   2  34   0   0   2   5  29   2  1.42 inf
  168 G    4 -6 -5 -6 -2 -6 -6  6 -6 -7 -7 -6 -6 -7 -2 -3 -5 -7 -7 -6   31   0   0   0   1   0   0  64   0   0   0   0   0   0   2   1   0   0   0   0  1.83 inf
  169 G    1 -1 -1  1 -3 -1  4  3 -3 -4 -4  0 -2 -6 -4 -1  1 -3 -5 -3   10   3   3   8   1   2  31  20   0   1   1   6   1   0   0   4   8   0   0   1  0.52 inf
  170 Q    1  1  2  0 -5  3  1 -3 -1 -3  1  2 -3 -3 -4 -2 -1 -3 -4 -3   12   7   9   5   0  16   9   1   1   0  18  15   0   1   0   2   3   0   0   1  0.33 inf
  171 D   -7 -7 -4  9 -9 -6 -4 -7 -7 -9 -9 -6 -9 -9 -7 -6 -7-10 -9 -9    0   0   0 100   0   0   0   0   0   0   0   0   0   0   0   0   0   0   0   0  3.30 inf
  172 H    0  0  1  1 -4  2  1  0  2 -4 -4 -1 -3 -4  4  0  1 -5 -4 -3   10   6   5   8   0   8   9   6   5   0   1   3   1   1  21   6   8   0   0   1  0.40 inf
  173 F   -1  2 -1 -3 -4 -2 -3  1  5 -2  0 -2  2  3 -4  2 -1  2  0 -2    4  12   2   1   0   1   0   9  13   1  10   1   5  15   0  15   3   3   3   3  0.34 inf
  174 V   -2 -5 -4 -5  1 -4 -5 -4 -6  5  0 -5  0  0 -2 -1 -2 -6 -4  4    3   0   1   1   3   1   1   1   0  36   7   0   2   4   2   4   1   0   0  33  0.88 inf
  175 P   -2 -2  3  0 -6 -5 -4 -3 -6 -5 -5 -3 -5 -7  7  0  2 -8 -7 -4    4   3  12   5   0   0   0   2   0   1   1   1   0   0  53   6  11   0   0   1  1.42 inf
  176 A    2 -2 -2  0 -4  0  0 -1 -2 -2  0 -1  0 -1  4 -1 -1 -5 -4  0   22   2   2   5   0   5   6   5   1   2  11   2   2   3  20   3   3   0   0   6  0.31 inf
  177 P    1 -3 -2  3 -6 -1  5  0 -2 -6 -5 -2 -2 -6  0  0  0 -6 -4 -5   14   1   1  15   0   2  37   8   1   0   0   2   1   0   4   7   7   0   1   0  0.71 inf
  178 S    2 -1 -2  1 -4  2  1  2 -1 -1 -2 -2 -1 -4 -3  0  0  4 -3 -1   20   3   1   9   0  10   8  15   1   3   2   1   2   0   1   6   7   6   0   4  0.28 inf
  179 R    0  4 -4 -2 -5  1 -2 -3 -3  1 -2 -2 -3 -4  2 -3 -3 -2 -4  4    8  20   0   2   0   6   2   2   0   8   3   1   0   1  10   1   0   1   0  34  0.57 inf
  180 Q    2  1 -1  4 -4  2  3 -2 -3 -4 -4  1 -3 -6 -3 -1 -1 -6 -5 -3   18   7   3  21   0   9  20   2   0   1   1   9   0   0   1   3   3   0   0   2  0.52 inf
  181 L    2  1 -3 -2 -3  2 -1 -3 -3 -1  2  1  0 -1 -3 -1  0 -2  2 -1   22   8   0   2   0   9   4   1   0   2  19   8   2   2   0   2   6   0   7   3  0.22 inf
  182 I   -1 -1 -4 -3 -4 -2  1 -5 -2  4  2 -3  4  3 -5 -3 -3 -4 -2  1    4   3   0   1   0   1  12   0   1  24  17   1  10  11   0   1   1   0   1  11  0.50 inf
  183 T    2  4 -2  0 -4  1  3 -3  1 -4 -2  2 -3 -4 -4 -1 -2 -5  0 -3   15  24   1   4   0   5  19   2   3   1   3  12   0   0   0   3   2   0   3   1  0.50 inf
  184 E    4  0 -2  0 -4  2  2 -2 -1 -4 -4  1 -2 -5 -3  0 -1 -5 -4 -2   35   4   2   6   0  11  16   2   1   1   1  10   1   0   1   4   4   0   0   2  0.52 inf
  185 G    3  0 -2 -3 -2 -1  0 -1 -1 -2  2  0  2 -2 -4 -1  0 -4 -3 -1   33   4   1   0   1   3   7   4   1   2  19   7   4   1   0   2   7   0   0   3  0.31 inf
  186 F   -1 -1 -2 -2 -1 -1 -2 -4 -2  0  4  1  2  1 -4 -3  0 -1 -3  0    5   3   2   2   1   3   3   1   1   5  42   9   5   6   0   1   5   1   0   5  0.38 inf
  187 G    3  2 -1  1 -3  1  1 -1 -2 -4 -4  3 -2 -5 -3  0 -1 -5 -4 -4   30   9   3   8   0   6  11   3   1   0   1  17   1   0   0   5   3   0   0   1  0.48 inf
  188 A    5 -1  1 -1 -4 -1 -1  1  2 -4 -3  1 -4 -5 -3  0 -1 -5 -2 -4   46   3   7   4   0   3   3   8   5   0   3   8   0   0   1   5   3   0   1   0  0.58 inf
  189 N    0  0  3  0 -5  0 -2  5  4 -6 -4  0 -4 -5 -4  0 -1 -5 -2 -4    6   6  14   4   0   4   2  38   9   0   1   6   0   0   0   5   3   0   1   1  0.69 inf
  190 P    0 -1 -2 -1 -3 -1 -1  0 -3  0 -2  3 -2 -4  3 -2 -1 -5 -4  3    9   3   1   4   0   2   3   7   1   6   2  20   0   0  16   2   2   0   0  22  0.38 inf
  191 L   -1  1  1  3 -4  1  2 -1 -1 -3 -3  0 -3 -4  2  0  1 -3 -4 -1    4   8   7  15   0   5  13   5   2   1   2   6   0   0  10   6  10   0   0   5  0.27 inf
  192 L    1 -3 -3 -4  1 -3 -4 -3  5  0 -1 -4  0  2 -4 -1 -1 -1  4  2   14   1   1   0   3   0   1   1  14   5   6   0   2   8   1   5   4   1  16  18  0.49 inf
  193 Q   -2  1 -1  2 -5  3  5 -4 -1 -4 -4 -1 -3 -4 -2  0  2 -4 -5 -4    3   8   2   9   0  11  36   0   1   1   2   3   0   1   2   6  14   0   0   1  0.66 inf
  194 V    0 -3 -4 -5 -1 -3 -4 -5 -4  3  1 -4  0  4 -4 -2  0 -1  0  3   10   1   0   0   1   1   1   0   0  20  12   0   2  20   1   2   5   1   3  19  0.54 inf
  195 H   -4 -1 -3 -3 -5 -2  0 -5  6  0 -2  1 -4  3 -5 -2 -1 -2  4  2    0   3   0   1   0   1   7   0  22   5   3  10   0  11   0   3   3   0  14  15  0.66 inf
  196 W   -3  1 -3 -1 -4 -2  0 -4 -4  3  0 -4  0  0 -5  0  0  4 -3  4    1   8   1   4   0   1   8   1   0  14   7   0   2   3   0   7   6   7   0  30  0.44 inf
  197 Y   -5 -7 -7 -8 -7 -4 -3 -8  1 -3 -3 -7 -6  2 -8 -7 -7  0 10 -5    1   0   0   0   0   1   2   0   3   2   2   0   0   7   0   0   0   1  80   1  2.84 inf
  198 E   -1 -4 -2  1 -6 -2  3 -4 -5 -6 -5 -2 -5 -4  7 -2 -3 -6 -4 -3    4   1   2   7   0   1  19   1   0   0   1   3   0   1  52   3   1   0   1   2  1.42 inf
  199 E   -1 -3  3  3 -5 -2  0  5 -2 -5 -4 -2 -4 -5 -4 -2 -3  1 -5 -5    4   1  12  17   0   2   6  46   1   0   2   2   0   0   0   2   1   2   0   1  0.90 inf
  200 A    6 -4 -4 -6  0 -3 -5 -4 -6 -4 -4 -5 -2 -6 -5 -2  1 -7 -6  2   66   1   1   0   2   1   0   1   0   0   1   0   1   0   0   2   9   0   0  16  1.35 inf
  201 G   -1  0  2  3 -5  2  0  4  1 -5 -5  0 -2 -4  0 -1 -2 -5 -3 -4    5   5  10  15   0  11   5  28   4   0   0   4   1   0   5   3   2   0   1   1  0.48 inf
  202 H   -6 -5 -5 -7 -9 -4 -6 -8 12 -9 -8 -6 -7 -7 -8 -7 -7 -8 -4 -9    1   1   0   0   0   1   0   0  97   0   0   0   0   0   0   0   0   0   0   0  4.25 inf
  203 S    5 -5 -5 -3 -5 -5 -5  5 -6 -6 -6 -5 -6 -7 -5  0 -2 -3 -6 -5   48   0   0   2   0   0   0  39   0   0   0   0   0   0   0   7   2   0   0   0  1.40 inf
  204 F   -7 -8 -8 -9 -8 -8 -8 -8 -6 -5 -5 -8 -5 10 -9 -8 -7  0  1 -6    0   0   0   0   0   0   0   0   0   0   0   0   0  95   0   0   0   1   3   0  3.42 inf
  205 A    2 -4  2 -1 -2 -3 -3 -2  5 -1 -1 -4  4  3 -5 -2  1 -4 -1 -2   20   0  10   3   1   0   1   2  14   4   5   0  12  15   0   2   8   0   1   2  0.53 inf
  206 R    1  4  6 -2  5 -2 -4 -4 -3 -6 -5 -3 -2 -3 -5 -2 -2 -4 -3 -2   14  20  38   1  12   2   0   1   0   0   0   0   1   1   0   2   2   0   1   3  1.06 inf
  207 T   -1 -2 -1  6 -6 -2  2 -4  0 -3 -6 -2 -5 -6  3 -1 -2  0 -3 -2    5   2   2  46   0   2  11   1   2   1   0   2   0   0  14   4   3   2   1   3  0.99 inf
  208 S    0 -1 -1  3 -4  1  2  0  2 -4 -3 -1 -1 -2 -4  2  2 -4  2 -3    6   3   2  15   0   5  14   8   4   0   1   2   1   1   0  14  12   0   9   1  0.32 inf
  209 S    0  5 -1 -3 -6 -3 -3  3 -3 -6 -6 -1 -5 -5 -1  0  2 -6 -6 -5    7  36   3   1   0   0   1  25   0   0   0   3   0   0   4   6  12   0   0   0  0.86 inf
  210 S    2 -4 -2  1 -5 -1  0  0 -1 -4 -5 -2  0 -1  6  0 -1 -4 -2 -3   15   1   1   9   0   2   7   8   1   1   0   2   2   3  34   7   4   0   1   2  0.69 inf
  211 G    1  5 -1 -1 -5  0 -2  0  3 -4 -4 -2 -1 -4 -1  2 -1 -5 -4 -2   12  28   2   4   0   3   2   8   8   0   1   1   2   1   2  19   3   0   0   4  0.50 inf
  212 Y   -6 -2 -5 -4 -7 -6 -4 -8  2 -5 -6 -6 -6  4 -2 -5 -5  1  9 -5    0   2   1   1   0   0   1   0   4   0   0   0   0  12   2   1   0   2  71   0  2.47 inf
  213 V   -3  1  4  6 -6 -1 -1 -4  4 -6 -7 -3 -6 -7 -6 -2 -3 -3 -6 -2    2   7  21  47   0   2   3   1   9   0   0   1   0   0   0   2   1   0   0   3  1.32 inf
  214 A    3 -1 -4 -2 -6  1  3 -3 -1 -6 -5  2 -5 -5  5 -2 -3 -6 -5 -4   23   4   0   2   0   7  19   1   1   0   1  14   0   0  26   2   0   0   0   1  0.83 inf
  215 S    4 -1 -3  1 -4  1  4 -2 -1 -4 -4 -1 -4 -5  0 -1 -1 -6 -5 -1   32   3   0   9   0   5  24   3   2   0   1   4   0   0   5   3   3   0   0   5  0.52 inf
  216 A    6 -4 -3  0 -3 -2 -3 -2 -4 -2 -2 -4 -4 -6 -2  1 -2  0 -4 -2   62   0   1   5   0   2   1   2   0   2   5   0   0   0   1  11   2   2   1   2  0.99 inf
  217 A    6 -3 -4  0 -2 -4 -4 -4 -4 -5 -5 -4 -5 -7 -5  0  1 -7 -4 -3   74   1   0   5   1   0   1   0   0   0   0   0   0   0   0   7   8   0   1   1  1.48 inf
  218 A    2  1 -1  1 -3  2  3 -3  0 -3 -2  2  0 -5 -3 -1  0 -5 -4 -2   18   6   2   7   0  10  24   1   2   1   5  11   3   0   0   3   4   0   0   2  0.37 inf
  219 L   -2  2 -2  4 -5  1  1 -5 -3 -1  3 -1  0 -3 -4 -2 -2 -6 -4 -2    3  10   1  28   0   6   8   0   1   2  28   3   3   1   0   2   3   0   0   2  0.54 inf
  220 A    6 -6 -5 -6  2 -5 -5  2  3 -5 -5 -5  0 -6 -5  1 -4 -7 -6 -3   65   0   0   0   4   0   0  12   6   0   0   0   3   0   0   8   0   0   0   1  1.38 inf
  221 N   -8 -1 -1 -3 -8 -1 -4 -7  2 -8 -3 -6 -3  0 -9 -7 -6 12  2 -8    0   4   4   2   0   3   1   0   5   0   3   0   1   4   0   0   0  67   6   0  3.14 inf
  222 E    0  2 -1  1 -5  4  3  0 -1 -4 -4  1 -3 -5 -3  1  0 -5 -4 -4    9   9   2   7   0  19  19   9   1   1   2   8   0   0   1   9   5   0   0   0  0.44 inf
  223 R   -2  7 -3 -2 -7  1  0 -5 -2 -5 -2  1  0 -6 -6 -4 -4 -2 -6 -4    4  62   1   2   0   5   5   1   1   0   5   8   3   0   0   1   0   1   0   1  1.41 inf
  224 T    1 -5 -4 -5  0 -4 -5 -4 -5  1  1 -4  4 -3 -5  0  5 -4 -5  1   13   0   0   0   2   0   0   1   0   6  12   0  11   1   0   6  38   0   0  10  0.78 inf
  225 L   -1  0 -5 -2 -4  0 -2 -5 -5  2  4 -2  1  0 -5 -4 -1 -3 -2  2    4   5   0   2   0   5   3   0   0   9  45   2   2   4   0   1   4   0   1  13  0.53 inf
  226 D    4 -1  0  2 -4  1  2 -1 -2 -5 -5 -2 -3 -3 -4  0  1 -6 -5 -3   38   3   4  13   0   5  15   4   1   0   0   2   0   1   0   4   8   0   0   1  0.57 inf
  227 F   -3 -6 -8 -8 -6 -7 -7 -7 -2 -3  2 -7 -2  8 -8 -6 -6  8 -1 -3    3   0   0   0   0   0   0   0   1   1  20   0   1  53   0   0   0  19   1   1  2.04 inf
  228 L   -6 -7 -8 -8 -6 -7 -8 -8 -6 -2  4 -7 -1  8 -8 -7 -5 -4 -1 -4    0   0   0   0   0   0   0   0   0   2  31   0   1  64   0   0   0   0   1   0  2.18 inf
  229 A    5  1 -2 -3 -4 -1 -2 -1 -1 -5 -5  4 -4 -5 -4  2 -2 -6 -5 -4   46   6   1   0   0   2   2   3   1   0   0  24   0   0   0  13   2   0   0   0  0.80 inf
  230 P   -3  5 -3 -4 -5  4 -2 -5  3 -5 -2  3 -2 -5 -2 -3  1 -5 -4 -4    1  32   0   0   0  20   1   0   8   0   4  20   1   0   2   0  11   0   0   1  0.87 inf
  231 L   -3 -4 -3 -4 -3 -3 -3 -5  2  2  3 -3  1 -1 -4 -3 -1  0  3  3    0   0   1   0   0   0   1   0   5  10  33   1   3   0   0   0   3   1  12  30  0.51 inf
  232 Q   -2  0 -2 -3 -3  0 -1 -2 -3  0  4  3  0  1 -3 -1 -2 -3 -2 -1    0   3   1   0   0   4   4   3   0   2  48  23   0   8   0   4   0   0   0   0  0.38 inf
  233 S    0  1  1 -2 -3 -1 -2 -2 -2 -4 -4  4 -3 -4 -3  5  0 -5 -4 -4    4   5   4   0   0   0   0   0   0   0   0  28   0   0   0  57   2   0   0   0  0.80 inf

                      K         Lambda
Standard Ungapped    0.1356     0.3192
Standard Gapped      0.0567     0.2670
PSI Ungapped         0.1860     0.3133
PSI Gapped           0.0567     0.2670
