
Last position-specific scoring matrix computed, weighted observed percentages rounded down, information per position, and relative weight of gapless real matches to pseudocounts
           A  R  N  D  C  Q  E  G  H  I  L  K  M  F  P  S  T  W  Y  V   A   R   N   D   C   Q   E   G   H   I   L   K   M   F   P   S   T   W   Y   V
    1 A    6 -4 -4 -4 -4 -4 -4 -3 -4 -5 -5 -4 -4 -5 -4  5 -2 -6 -5 -4   61   0   0   0   0   0   0   0   0   0   0   0   0   0   0  39   0   0   0   0  1.43 inf
    2 P   -5 -7 -7 -7 -8 -6 -5 -7 -7 -8 -8 -6 -8 -9  9 -4 -5 -9 -8 -8    0   0   0   0   0   0   1   0   0   0   0   0   0   0  98   1   0   0   0   0  3.43 inf
    3 T   -2 -4 -4 -5 -4 -1 -1 -5 -3  3 -1 -2 -2 -3 -5  0  4 -6 -4  4    2   0   0   0   0   3   4   0   0  16   6   3   1   1   0   6  32   0   0  27  0.73 inf
    4 A    2  0 -4 -7 -5 -6 -5 -6 -7  1 -2 -5 -4 -5 -5 -3 -3 -7 -5  7   14   5   1   0   0   0   0   0   0   7   2   0   0   0   0   2   1   0   0  67  1.45 inf
    5 T   -1  0  1  2 -4  2  0 -1  1 -3 -4  1 -4 -5 -3  0  4 -3 -4  0    3   4   7  12   0  10   5   5   3   1   0   7   0   0   1   7  26   0   0   9  0.37 inf
    6 L   -3 -3 -4 -6 -5 -4 -4 -5 -4  2  3 -4 -2 -4 -5 -3  5 -6 -5  2    2   1   0   0   0   0   1   1   0  12  28   1   0   0   0   1  42   0   0  11  1.01 inf
    7 A    0  1  0  1 -3  0 -1  0  2 -2 -1  2 -1 -3  0  1  1 -4 -3  1    9   9   4   8   0   3   2   6   5   0   5  13   1   0   5   8   9   0   0  13  0.13 inf
    8 N   -1  1  4  0 -4  3 -1 -2  1 -5 -3 -1 -4 -2 -5  1  1 -4  4 -4    5   6  22   4   0  12   2   2   4   0   2   3   0   1   0  11   8   0  16   1  0.54 inf
    9 G    0 -6 -1 -4 -7 -6 -6  7 -6 -8 -8 -4 -7 -7 -6 -1 -2 -7 -2 -6    8   0   3   1   0   0   0  78   0   0   0   1   0   0   0   4   3   0   2   0  1.90 inf
   10 D   -1  1 -2 -1 -4  1 -1  1 -3 -1 -2  2 -2 -2  1  0  3 -2 -3 -1    5   6   1   4   0   8   3  11   0   3   3  17   1   1   6   7  19   1   0   4  0.24 inf
   11 T   -2 -2 -3 -4 -3 -1 -3 -4 -2  0  0 -3 -1  0 -2  0  3 -3  5  3    3   2   1   1   0   2   1   1   0   5   9   1   1   2   2   6  21   0  19  22  0.51 inf
   12 I   -2  1 -4 -5 -4  0 -1 -6 -4  3  2 -1 -1  0 -5 -3 -3 -4  2  4    3   9   0   0   0   5   4   0   0  16  17   4   1   4   0   1   1   0   7  29  0.51 inf
   13 T   -3  2 -3 -4 -4  1 -2  5 -1 -3 -3  0 -3 -5 -2 -1  2 -6 -4 -1    1  13   1   0   0   6   2  43   2   2   2   5   1   0   2   5  11   0   0   5  0.70 inf
   14 G   -1 -2 -1 -2 -5 -2 -3  5 -3 -2 -3  1 -3 -3 -5  0  0 -5  1  1    4   2   2   2   0   1   1  42   0   2   3   8   0   1   0   8   6   0   6  11  0.59 inf
   15 L    0 -1 -2 -2 -3 -1 -2 -3  1  1  2 -1  0  0 -1  0  1 -3  2  2    6   4   1   2   0   2   2   1   5   7  20   3   1   3   4   6  12   0   7  15  0.15 inf
   16 N    0  0  2  1 -3 -1 -1 -1  0 -2  0 -1 -1 -1  1  1  2 -4 -2  0    6   5  13   8   0   3   4   3   2   1  10   1   1   2   7   9  15   0   1   9  0.14 inf
   17 A    1  0  0  1 -3 -1  1  3  0 -4 -3  0 -1 -4  1  1  0 -4 -3 -3   10   6   3  10   0   2  11  21   2   0   2   4   1   0   7  12   6   0   1   2  0.28 inf
   18 I    0  0  2  0 -3  0  0  1  2 -1 -1  1 -2  0 -1  0  0 -2  1 -1    5   6  10   4   0   4   4  11   5   3   8  11   0   5   2   6   6   0   6   3  0.08 inf
   19 I   -1 -2  0  1 -3 -1  1  3  1 -2 -2  0 -2 -3  2  0  1 -4  1 -1    3   2   4   8   0   3   8  21   3   2   3   6   1   0  12   6   8   0   6   4  0.24 inf
   20 N   -4 -5  2 -3 -5  2 -4 -3 -1  2 -1 -4 -2 -5 -5 -4 -1 -6 -4  6    1   0   9   1   0  11   1   2   1  10   4   0   1   0   0   0   3   0   0  55  1.05 inf
   21 E   -1  2  1  4 -5  0  3 -3  4 -3 -4 -1 -4 -2 -4 -1  0 -5 -2 -3    5  10   6  27   0   3  16   1   9   1   1   3   0   2   0   4   7   0   1   2  0.56 inf
   22 A    3 -2 -3 -4 -3  1 -1 -3 -1  0 -1 -1 -2  1 -4  1  1 -4 -2  2   25   1   0   0   0   8   3   1   2   5   4   3   1   7   0  10  11   0   1  18  0.31 inf
   23 F   -7 -8 -8 -9 -8 -8 -8 -8 -6 -6 -5 -8 -5  9 -9 -8 -7  7  4 -6    0   0   0   0   0   0   0   0   0   0   0   0   0  73   0   0   0  14  13   0  2.96 inf
   24 L   -4  0 -2 -6 -5 -3 -5 -3 -4 -3  5  2  0 -1 -6 -5 -2 -3  0 -3    1   5   2   0   0   1   0   2   0   0  65  12   2   3   0   0   2   0   4   0  1.10 inf
   25 G   -3 -6 -2 -6 -8 -7 -7  8 -7 -9 -9 -7 -8 -8 -7 -4 -7 -8 -8 -8    2   0   2   0   0   0   0  95   0   0   0   0   0   0   0   1   0   0   0   0  2.75 inf
   26 I   -6 -7 -8 -8 -6 -7 -8 -8 -8  8 -2 -7  4 -5 -7 -7 -5 -7 -6  3    0   0   0   0   0   0   0   0   0  71   2   0   9   0   0   0   0   0   0  17  2.21 inf
   27 P   -6  2 -6 -3 -6 -6 -5 -8 -5 -8 -8 -4 -8 -9  8 -6 -7 -9 -8 -8    0  12   0   2   0   0   1   0   0   0   0   1   0   0  84   0   0   0   0   0  2.89 inf
   28 F   -7 -8 -8 -9 -8 -7 -8 -8 -5 -6 -6 -8 -6  7 -9 -7 -7 -4  8 -6    0   0   0   0   0   0   0   0   0   0   0   0   0  48   0   0   0   0  52   0  2.97 inf
   29 A    7 -7 -6 -7 -6 -6 -6 -1 -7 -7 -7 -6 -6 -7 -5 -2 -4 -8 -7 -5   91   0   0   0   0   0   0   5   0   0   0   0   0   0   0   2   0   0   0   0  2.30 inf
   30 E    3  0 -4 -2 -5  4  2 -5 -1 -5 -2  4 -3 -6 -4 -2 -1 -6 -5 -4   25   3   0   2   0  20  12   0   1   0   5  25   0   0   0   2   3   0   0   1  0.75 inf
   31 P    0 -7 -6 -2 -8  0 -5 -7 -7 -8 -8 -2 -7 -9  8 -3 -4 -9 -8 -6    8   0   0   2   0   4   0   0   0   0   0   2   0   0  79   2   1   0   0   0  2.56 inf
   32 P   -6 -7 -7 -7 -8 -7 -7 -8 -8 -8 -8 -7 -8 -9  9 -6 -1 -9 -8 -8    0   0   0   0   0   0   0   0   0   0   0   0   0   0  95   0   3   0   0   0  3.40 inf
   33 V   -3 -6 -6 -6 -5 -5 -5 -3 -6  2  2 -5 -3 -4 -6 -3  2 -6 -5  6    1   0   0   0   0   0   0   2   0  10  21   0   0   0   0   2  12   0   0  50  1.13 inf
   34 G   -3 -5 -2 -2 -7 -6 -4  7 -4 -7 -7 -5 -7 -7 -6 -4 -6 -7 -7 -7    1   1   2   3   0   0   1  88   0   0   0   1   0   0   0   0   0   0   0   0  2.36 inf
   35 N   -1 -1  2  4 -5  0  3 -3  0 -4 -5  0 -3 -5  3  1 -2 -6 -5 -5    4   3   9  24   0   4  16   1   2   1   1   6   0   0  15  11   2   0   0   0  0.63 inf
   36 L   -4  2 -1 -5 -4 -4 -5 -4 -1 -3  6 -3 -1 -3 -6 -5 -5 -3 -3 -4    1  12   4   1   0   1   1   2   2   0  72   1   1   1   0   0   0   0   1   0  1.36 inf
   37 R   -7  9 -6 -7 -9 -5 -6 -8 -5 -8 -8 -3 -7 -8 -6 -6 -7 -8 -7 -8    0  99   0   0   0   0   0   0   0   0   0   0   0   0   0   0   0   0   0   0  3.29 inf
   38 F   -7 -8 -8 -9 -7 -8 -8 -8 -7 -5  0 -8 -4  9 -9 -8 -7  7 -1 -6    0   0   0   0   0   0   0   0   0   0  10   0   0  74   0   0   0  14   1   0  2.85 inf
   39 K    2  6 -3 -4 -6  2 -2 -5 -3 -6 -4  3 -2 -6 -4  0 -1 -6 -5 -4   20  37   1   1   0   8   1   0   0   0   1  19   1   0   0   6   3   0   0   1  0.97 inf
   40 D    2  1  0 -2 -6 -4 -3 -4  2 -4 -3  0 -3 -6  6 -2 -3 -3 -4 -2   16   8   5   2   0   0   2   1   5   1   3   6   1   0  44   2   1   0   0   3  1.05 inf
   41 P   -1 -8 -7 -7 -8 -7 -7 -8 -8 -8 -8 -5 -8 -9  9 -3 -5 -9 -8 -5    5   0   0   0   0   0   0   0   0   0   0   0   0   0  90   2   1   0   0   1  3.13 inf
   42 V   -3  1 -3 -4 -6  6  4 -6 -2 -3 -3  0 -4 -6 -4 -4 -2 -6 -4  3    2   6   1   0   0  36  23   0   1   1   2   5   0   0   1   0   2   0   1  19  1.04 inf
   43 P    1 -1 -4  0 -7 -4 -2 -5 -3 -7 -4 -2 -6 -6  7  0 -4 -3 -7 -6   11   3   1   6   0   0   3   1   1   0   2   2   0   0  61   8   1   0   0   0  1.69 inf
   44 Y    2 -4 -4 -5 -5 -4 -5 -5 -2  1  1  0 -2 -1  5 -4 -3  0  0  2   16   1   0   0   0   0   0   0   1   7  15   7   1   2  29   0   0   2   4  15  0.69 inf
   45 S    0 -1  2  1 -5  1  3 -2 -2 -3 -2  1 -3 -5  1  0  1 -5 -4 -2    9   3  11   8   0   5  22   2   1   2   4   9   0   0   6   5  11   0   0   2  0.33 inf
   46 G    1 -1 -1 -2 -4 -2 -1 -1 -2 -4 -5  0 -5 -6  6  2  0 -4 -3 -3   11   4   2   2   0   1   4   6   1   1   0   7   0   0  36  16   7   0   1   2  0.80 inf
   47 S   -4 -4 -1 -4 -7 -5 -3 -6 -3 -5 -5 -5 -5  0 -1  1  0 11 -1 -4    2   1   4   1   0   1   2   0   1   1   1   1   0   3   3  11   6  60   2   1  2.60 inf
   48 L   -2  0  1  1 -4  0  2 -2  1 -4 -1  1 -3  0  0  2  2  3 -1 -3    2   4   8   8   0   4  13   2   4   0   6   7   0   4   4  17  11   4   2   1  0.24 inf
   49 D   -3 -2  0  2 -6 -1  1  6 -1 -6 -6 -3 -5  0 -4 -1 -2 -6 -3 -5    1   2   4  13   0   2   8  52   1   0   0   1   0   4   1   5   3   0   1   0  1.00 inf
   50 G   -2 -6 -4 -5 -5 -4 -2 -1 -4  3 -2 -4 -3 -3  0 -3  3 -6 -5  5    3   0   1   0   0   0   3   5   0  14   3   1   0   1   4   1  17   0   0  46  0.87 inf
   51 Q   -4  5 -5 -5 -6  2 -3 -6 -1  1  1  2 -2  2 -5 -4 -3  0  2 -1    0  35   0   0   0   8   0   0   1   7  12  13   1   8   0   0   1   1   8   4  0.77 inf
   52 K   -4 -2  5  6 -7  1  1 -5 -1 -6 -5  0 -4 -7 -1 -2 -3 -7 -5 -4    1   2  26  38   0   7   8   0   2   0   1   5   0   0   3   3   1   0   0   1  1.12 inf
   53 F    7 -7 -7 -7 -1 -6 -6 -1 -7 -6 -7 -6 -6 -3 -6 -3  0 -8 -7 -3   86   0   0   0   1   0   0   4   0   0   0   0   0   1   0   1   5   0   0   1  2.07 inf
   54 T   -2 -2  0  0 -5 -3 -4 -5 -6 -3 -5  0 -3 -2 -6  1  7 -7 -4 -2    2   2   4   4   0   1   1   1   0   1   1   6   1   2   0   9  63   0   0   3  1.34 inf
   55 S    1  0  0  0 -5  2  2 -1 -1 -4 -4  2 -3 -4 -4  3  1 -5 -2 -1    9   5   3   4   0   9  14   3   1   0   1  13   0   1   0  20  10   0   1   4  0.36 inf
   56 Y   -4 -3 -3 -4 -5  0 -5 -6  3 -3  0 -3 -2  5  1 -3 -4 -3  7 -3    1   1   2   1   0   4   0   0   6   2   8   2   1  25   6   2   0   0  37   1  1.26 inf
   57 G    0 -2 -5 -6 -7 -2 -5  5 -6 -7 -7 -2 -5 -7  5  1 -5 -7 -5 -6    8   3   0   0   0   2   0  45   0   0   0   2   0   0  30  10   0   0   0   0  1.36 inf
   58 P    1 -3  3 -1 -6 -4 -4 -5  0 -5 -3  0 -5 -3  6  0 -3 -5 -2 -5   12   1  16   3   0   0   1   0   2   0   3   6   0   1  43   7   1   0   2   0  1.11 inf
   59 S    2  0 -2 -1 -3 -1 -1 -2 -1  1 -1 -2  4 -2 -2  2 -1  0 -1  0   21   6   1   4   0   2   3   2   1   7   4   1  12   1   2  18   3   1   2   7  0.25 inf
   60 C   -3-10 -9-10 12 -9-10 -7 -9 -7 -8 -9 -8 -9 -5 -7 -7 -9 -9 -5    2   0   0   0  96   0   0   0   0   0   0   0   0   0   1   0   0   0   0   1  4.56 inf
   61 M   -2 -5 -5 -6 -4 -4 -5 -5 -5  1  1 -4  3  1  5 -1 -2  0  3  1    3   0   0   0   0   0   0   0   0   9  15   1   8   5  31   5   2   1  10  10  0.80 inf
   62 Q   -4 -4 -4 -4 -4  9 -3  2 -4 -5 -6 -4 -5 -7 -4 -4 -4 -6 -6 -6    1   1   1   1   0  77   0  13   0   1   1   0   0   0   1   1   1   0   0   0  2.33 inf
   63 Q   -1 -1  2  2 -3  1  1 -1 -1 -1 -2 -1  0  0  2 -1  0 -2  3 -1    5   2   9  12   0   7   8   4   1   3   3   3   3   3   9   4   7   0  11   3  0.16 inf
   64 N    0  0  0  0 -2  0 -1  1 -1  0  0  0 -1  0  1  1  0 -2 -1  0    8   7   5   6   1   3   3  13   1   5   9   4   1   4   8  11   4   0   2   6  0.05 inf
   65 P    0  0  0  1 -1  0  0  0  0 -1  0  0 -1  0  1  1  0 -1  0  0    7   4   4   8   1   4   5   5   2   4   9   4   1   3   8  10   6   1   5   8  0.04 inf
   66 E    0 -1  0  1 -2  0  1  1  0 -1  0  0 -1  0  0  1  0  1  0  0    8   3   3  10   1   4  10   9   2   4   8   3   2   4   4  11   3   2   3   6  0.05 inf
   67 G    0  0  0  0 -1  0  0  2  0 -1  0  0  0 -1  1  1  0 -1  0 -1    8   4   5   6   1   3   4  15   2   3   8   4   4   3   6   9   7   1   3   5  0.05 inf
   68 T    0  0  0  0 -1  1  0  0 -1  0  0  0  0  0  0  1  1 -1  0  0    6   3   5   7   1   7   5   6   1   5  10   5   2   5   5   9  10   1   2   6  0.03 inf
   69 Y    0  0  0  0 -1  0  0  0  0  0  0  0  0  0  1  0  0  1  1  0    8   5   4   6   1   4   5   7   2   5  11   5   3   6   6   7   5   3   5   5  0.02 inf
   70 E    0  0  0  0 -1  0  0  0  0  0  0  0  0  0  1  0  0  0  0  0    7   3   5   6   1   4   8   7   2   4  11   5   2   4   7   7   5   1   4   6  0.03 inf
   71 E    0  0  0  1 -1  0  1  0  0  0 -1  0 -1  0  1  0  0  0  0  0    7   5   4   8   1   5   9   6   2   5   7   5   1   3   6  10   5   1   3   6  0.04 inf
   72 N    0  0  1  1 -1  0  0  0  0 -1  0  0  0  0  0  0  0 -1  0  0    6   4   8  10   1   3   6   7   3   4   9   5   3   3   5   7   6   1   3   6  0.04 inf
   73 L    0 -1 -1  0 -1  0  0  0 -1  1  1 -1  1  1  0  0  0  0  0  0    6   3   3   5   1   3   4   6   2   9  15   4   5   8   4   6   5   1   3   7  0.01 inf
   74 P    0 -1  0  0 -1  0  0  0 -1  0  0  0  0  0  3  0  0  1  0  0    7   4   3   4   1   3   5   7   2   5  10   5   2   5  15   5   6   2   3   7  0.09 inf
   75 K    0  0  0  2 -1  0  0  0  0 -1 -1  0 -1 -1  1  0  0 -1 -1  0    6   4   4  13   1   5   5   9   2   3   8   7   2   3   6   6   6   1   2   7  0.05 inf
   76 A    0  0  0  0 -1  0  0  0 -1  0  0  0  0  0  1  0  1  1  0  0    8   4   5   4   1   5   5   6   2   5   7   4   3   4   6   6  13   2   3   7  0.03 inf
   77 A    0  0  0  0 -1  0  0  0  0  0  0  0  0  0  0  0  0  1  1  0    9   4   4   4   1   5   5   6   2   6   9   6   2   4   5   6   5   2   6   9  0.01 inf
   78 L    0  0  0 -1 -1  0 -1 -1  0  0  1  0  0  2  0  0  0  0  1  0    6   4   4   3   1   3   4   5   2   5  14   5   3  14   5   5   6   1   6   5  0.04 inf
   79 D    0 -1  1  2 -1  0  0  1  0 -1 -1  0 -1 -1  2  0  0 -1 -1 -1    7   3   6  11   1   4   7  12   2   3   5   4   1   2  12   8   5   1   2   4  0.12 inf
   80 L    0  0  0  0 -1  0  0  1 -1  0  0  0  0  0  0  0  0 -1 -1  0    7   4   6   7   1   3   7  12   1   6   9   4   3   6   5   7   5   1   2   4  0.02 inf
   81 V   -1 -1 -1 -1 -1 -1 -1 -1 -1  1  1 -1  0  4  0 -1 -1  0  1  0    5   3   4   3   1   2   4   5   1   8  14   3   2  19   4   4   4   1   4   7  0.10 inf
   82 M    0  0  0  0 -1  0  0 -1  0  0  0  0  0  0  1  0  0  1  0  0    6   4   4   4   2   4   6   5   2   6  12   7   3   6   7   8   4   2   3   5  0.02 inf
   83 Q    0 -1  1  0 -1  0  0  2  0 -1 -1 -1  0 -1  0  0  0  0 -1 -1    6   3   8   5   1   5   4  21   2   4   7   3   2   3   5   6   7   1   2   4  0.09 inf
   84 S    0 -1  1 -1 -1  0  1  0 -1  0  0 -1  0  0  0  1  1 -1 -1 -1    9   2   7   3   1   3   8   5   1   5   9   3   3   4   5  16  10   1   1   4  0.06 inf
   85 K    0  1  0  0 -2  0  1  0  0 -1 -1  0 -1  0  2  0  0 -1 -1 -1    6   7   6   5   1   4  13   6   2   3   7   7   2   4  11   6   7   1   1   4  0.09 inf
   86 V    0 -1 -1 -1 -2 -1 -1 -1 -2  0  1  0  4  0  0  0  0  0 -1  1    7   2   2   2   1   2   4   5   1   5  12   7  17   4   6   6   5   1   2   8  0.12 inf
   87 F   -1 -1 -1 -1 -2  0  0  0 -1  0 -1 -1 -1  2 -1 -1  0  7  1 -1    5   3   3   3   1   4   7   7   2   5   6   4   1  10   3   4   6  17   5   4  0.33 inf
   88 E   -1 -1  3  0 -2  1  0  0 -1 -1 -1  0 -1 -1  1  0  0 -1  0 -1    6   3  21   4   1   8   4   7   1   3   8   4   2   2   7   4   5   1   4   5  0.14 inf
   89 A    0 -1  0 -1 -1 -1 -1 -1 -1  0 -1 -1  0 -2  5  0  0  1 -1  0    9   3   4   3   1   3   4   5   1   7   6   4   2   1  26   6   5   2   2   6  0.30 inf
   90 V    0 -1  4 -1 -3 -2 -1  0  0  0 -1 -1 -2 -2  2  0  0  1 -2  0    6   2  20   3   0   1   3   8   3   5   6   3   1   2  12   6   6   2   1   9  0.19 inf
   91 S    0  0  0  0 -2  0  0 -1 -1 -1  0  0  0 -1  0  0  3 -3  0  0    7   5   4   5   0   5   6   3   1   4  13   4   1   2   5   5  20   0   4   6  0.08 inf
   92 P   -1  0  2  1 -3  1  1  0  1 -2 -3  0 -2 -4  4  0  0 -4 -3 -2    3   5  13   7   0   5   9   7   3   2   3   5   1   0  18   8   6   0   1   3  0.30 inf
   93 S   -1 -3 -2 -2 -3  3 -2 -2 -1  2  1 -1  4  1 -3 -1  0  0 -1  1    4   1   1   1   0  13   2   3   1  15  10   3  13   5   1   5   6   1   1  12  0.25 inf
   94 S   -3 -5  0  1 -5 -2 -4 -1 -4 -6 -6 -4 -6 -6 -5  7 -2 -7 -6 -6    1   0   5   9   0   1   0   5   0   0   1   0   0   0   0  75   1   0   0   0  1.70 inf
   95 E   -6 -5 -5 -2 -9 -3  8 -7 -3 -8 -8 -4 -7 -8 -6 -5 -6 -8 -7 -8    0   0   0   1   0   0  98   0   0   0   0   0   0   0   0   0   0   0   0   0  2.90 inf
   96 D   -2 -6 -1  8 -8 -5 -3 -6 -6 -8 -8 -6 -8 -8 -7 -5 -6 -9 -6 -8    3   0   2  93   0   0   0   0   0   0   0   0   0   0   0   0   0   0   0   0  2.89 inf
   97 C   -6 -9 -8 -9 12 -9 -9 -6 -9 -7 -7 -9 -7 -6 -8 -6 -7 -8 -6 -7    0   0   0   0  98   0   0   1   0   0   0   0   0   0   0   0   0   0   0   0  4.60 inf
   98 L   -6 -7 -8 -8 -6 -7 -8 -8 -8 -3  7 -7 -1 -4 -8 -7 -6 -6 -6 -4    0   0   0   0   0   0   0   0   0   0  99   0   1   0   0   0   0   0   0   0  2.43 inf
   99 T   -5 -2  2 -6 -6 -3 -6 -5  1 -5 -5 -4 -5  3 -6 -2  3 -3  8 -3    0   2   8   0   0   1   0   0   2   0   0   1   0  12   0   3  18   0  49   2  1.58 inf
  100 I   -3 -6 -7 -7 -5 -6 -7 -7 -7  3  6 -6  0 -1 -7 -6 -5 -6 -5  1    2   0   0   0   0   0   0   0   0  14  71   0   1   2   0   0   0   0   0   9  1.55 inf
  101 N   -6 -3  9  0 -8 -4 -5 -5 -5 -8 -8 -5 -7 -8 -7 -1 -4 -9 -7 -8    0   1  90   4   0   0   0   0   0   0   0   0   0   0   0   3   1   0   0   0  2.89 inf
  102 V   -4 -7 -7 -8 -5 -7 -7 -8 -8  5 -2 -7 -2 -5 -7 -6 -5 -7 -6  6    0   0   0   0   0   0   0   0   0  35   2   0   0   0   0   0   0   0   0  61  1.95 inf
  103 V   -4 -5 -7 -4 -5 -2 -4 -5 -2  1 -4 -6 -4  4 -7 -5 -3  9  6  1    1   0   0   1   0   2   1   1   1   7   1   0   0  14   0   0   1  29  27  12  1.67 inf
  104 R    2  5 -4 -5 -5 -1 -4 -5 -3 -2 -4 -1 -3 -6 -5 -1  4 -6 -5  2   16  31   0   0   0   2   0   0   0   2   0   4   0   0   0   5  26   0   0  13  0.84 inf
  105 P   -6 -5 -7 -5 -7 -5 -5 -5 -7 -7 -7 -5 -7 -8  9 -5 -2 -8 -7 -7    0   0   0   0   0   0   0   1   0   0   0   1   0   0  91   1   3   0   0   0  3.09 inf
  106 P    4 -1  0 -2 -3  1 -1 -1  0 -3 -3  1 -2 -4  0  2  1 -5 -3 -1   34   4   3   1   0   6   2   3   2   1   1   8   1   0   5  15   8   0   0   4  0.39 inf
  107 G   -1  0  3  2 -2 -1 -1  3  2 -3 -3  0 -2 -3  1  0  0 -3 -2 -2    3   5  14  10   1   2   4  21   6   1   2   7   1   1   6   8   5   0   2   3  0.28 inf
  108 T    2  0 -2 -1 -1 -2 -2 -2 -2  1  0 -1 -1 -2  0  0  2 -3  0  1   23   5   1   3   1   1   1   2   1   7   9   2   1   1   4   7  16   0   3  11  0.17 inf
  109 K   -1  2  0  1 -2  0 -1 -2  1 -4 -4  1 -3 -4  3  1  3 -5 -3 -3    3  10   5   6   1   4   3   3   3   1   1  10   0   0  17  12  17   0   1   1  0.39 inf
  110 A    1  0  0  0 -3  0  1 -1 -1 -3 -2  2 -2 -3  3  1  1 -4 -3 -2   14   4   3   4   0   2  12   4   1   1   4  13   1   1  13  11   8   0   0   2  0.24 inf
  111 G   -1  0  2  3 -3 -1 -1  3  1 -4 -4  0 -4 -4  0  1  0 -4 -3 -4    4   4  10  16   0   2   3  22   4   1   1   7   0   0   4  12   7   0   0   1  0.36 inf
  112 A    2 -1  0  1 -4  1  2  0  0 -4 -4  1 -3 -4 -1  3  0 -4 -3 -3   19   3   3   9   0   5  11   6   2   0   1   9   0   0   3  21   4   0   0   1  0.33 inf
  113 N   -2  2  3 -1 -5 -1 -2 -2 -2 -4 -2  5 -3 -5  1 -1 -2 -5 -4 -4    3  10  15   3   0   1   2   2   1   1   5  43   1   0   7   3   2   0   0   1  0.79 inf
  114 L   -1  0 -5 -5 -4 -3 -4 -5 -3 -1  6  0 -1 -2 -5 -5 -3 -5 -2 -1    5   5   0   0   0   1   1   1   1   1  70   5   1   1   0   1   2   0   1   3  1.11 inf
  115 P    1 -7 -6 -6 -7 -6 -6 -6 -7 -7 -7 -6 -7 -8  8 -3 -1 -8 -5 -6   10   0   0   0   0   0   0   0   0   0   0   0   0   0  81   2   4   0   0   0  2.66 inf
  116 V   -4 -7 -8 -8 -6 -7 -7 -8 -8 -1 -4 -7 -2 -6 -7 -6 -4 -8 -6  8    1   0   0   0   0   0   0   0   0   2   0   0   1   0   0   0   1   0   0  94  2.55 inf
  117 M   -1 -6 -6 -7 -4 -5 -6 -3 -6 -1  3 -6  9  1 -7 -4 -5  2 -2  0    6   0   0   0   0   0   0   3   0   2  26   0  48   5   0   1   0   2   1   5  1.59 inf
  118 L   -4 -7 -7 -7 -5 -6 -6 -7 -7  2  0 -6 -2  3 -7 -6 -5 -6 -4  7    0   0   0   0   0   0   0   0   0   9   8   0   1  13   0   0   0   0   0  68  1.67 inf
  119 W   -8 -8 -8 -9 -6 -7 -8 -8 -2 -7 -5 -8 -7  3 -9 -7 -5 12  4 -7    0   0   0   0   0   0   0   0   1   0   1   0   0   9   0   0   1  75  10   0  3.93 inf
  120 I   -5 -7 -7 -7 -5 -7 -7 -8 -7  8  0 -7 -3  1 -7 -6 -3 -6 -3  1    0   0   0   0   0   0   0   0   0  77   6   0   0   7   0   0   1   0   1   7  2.04 inf
  121 F   -6 -5 -5 -6 -7  1 -5 -5  9 -6 -5 -5 -3  2 -1 -5 -6 -4  6 -6    0   0   0   0   0   6   0   1  51   0   1   0   1   8   3   0   0   0  27   0  2.29 inf
  122 G   -4 -6 -5 -5 -6 -5 -6  8 -6 -7 -7 -5 -6 -6 -5 -4 -5 -6 -5 -6    0   0   0   0   0   0   0  93   0   0   1   0   0   0   1   1   0   0   1   1  2.52 inf
  123 G   -4 -6 -4 -5 -6 -6 -6  8 -6 -7 -7 -5 -6 -6 -6 -4 -5 -6 -6 -6    1   0   1   0   0   0   0  94   0   0   1   0   0   0   0   0   0   0   0   0  2.56 inf
  124 G    3 -4 -2 -5 -5 -5 -4  6 -4 -5 -6 -4 -5 -6 -5  1 -3 -6 -3 -5   24   1   2   0   0   0   1  58   0   1   0   0   0   0   0   9   1   0   1   0  1.40 inf
  125 F   -6 -6 -4 -5 -6 -6 -6 -3 -3 -3  2 -6 -1  8 -7 -6 -5  3  5 -4    0   0   1   1   0   0   0   2   1   1  15   0   1  54   0   0   0   3  18   1  1.78 inf
  126 E   -1 -2  1 -2 -3  1  0 -1 -2  0 -1 -2  3  0 -4 -1  1  2  3  2    4   1   9   1   0   6   6   6   0   5   4   1   9   3   0   4  10   3  11  15  0.19 inf
  127 V    0  0  0 -2 -2  1  0  0 -2  0  0 -1  1  0 -3  2  1  0  0  0    7   5   4   1   1   6   5   7   1   4  11   1   5   5   0  17   8   2   3   8  0.08 inf
  128 G   -4 -5  0 -5 -6 -6 -6  7 -6 -8 -5 -6 -5 -1 -7 -4 -6 -7 -7 -7    1   0   5   0   0   0   0  88   0   0   1   0   0   3   0   1   0   0   0   0  2.31 inf
  129 G    2 -4 -1 -2 -4 -3 -3  2 -2 -5 -5 -3  1 -1 -4  4  2  0 -1 -3   16   0   2   2   0   0   1  15   1   0   0   0   4   3   0  35  15   1   2   1  0.66 inf
  130 T    3 -4  2 -3 -4 -3 -4  3 -3 -2 -3 -4 -4 -4 -2  3  1 -2 -2 -3   29   0   9   1   0   1   0  21   0   2   2   0   0   0   2  22   8   1   1   1  0.64 inf
  131 S    1 -1  1 -2 -3  0 -3  0 -3 -3 -4 -2 -2 -4  0  5  2 -4 -3 -3   13   4   6   2   0   4   1   7   0   1   1   1   1   0   5  41  11   0   1   1  0.59 inf
  132 T   -1  2  1 -1 -3 -1 -1 -1 -2  0  2 -2  4 -1 -3  1  1 -3 -2 -1    3  12   7   3   0   3   3   4   1   5  19   1  13   2   1  11   8   0   1   3  0.20 inf
  133 F   -3 -2 -1 -3 -2 -3 -3 -1  2 -1 -1 -3 -1  3 -3 -1 -2  2  7 -2    2   2   3   1   1   1   2   5   5   4   5   1   1  12   1   4   3   3  44   2  1.01 inf
  134 P   -2 -2  5  5 -3 -1  0 -1 -1 -3 -3 -2 -3 -3  1 -1 -2 -4 -3 -3    3   1  27  32   0   2   6   5   1   2   3   2   1   1   7   4   2   0   1   1  0.75 inf
  135 P    0 -3 -2 -2 -3 -2 -3  5 -3 -2  0 -3  1 -2  1 -1 -1  0 -2 -2    8   1   1   2   0   2   2  42   0   2  11   1   4   2   8   5   5   1   1   2  0.53 inf
  136 A    1 -3 -1  3 -2 -2 -1 -1 -2 -4 -2 -2 -3 -4  0  4  2 -5 -2 -3   12   1   1  16   1   1   3   4   1   0   4   1   1   0   4  32  14   0   2   2  0.49 inf
  137 Q    0 -1 -1 -1 -2  0 -1  0 -1  0  0 -1  0  1  1  0  0  2  1  1    7   3   2   3   0   4   5   8   1   4  10   2   2   8   6   7   4   3   5  16  0.05 inf
  138 M   -3 -3 -3 -5 -4 -3 -4 -4 -3  2  3 -4  3  2 -4 -4 -2  1  6  0    1   1   1   1   0   1   1   1   0  14  29   1   7   6   1   1   2   1  26   5  0.80 inf
  139 I   -1 -2 -1  4 -2 -1 -2 -3 -2  2 -1 -2  0 -2 -1 -1 -1 -3 -2  4    4   2   3  22   1   2   2   2   1   9   6   2   2   1   3   4   3   0   2  31  0.39 inf
  140 T    2 -1  0 -1 -3  2  1  3  0 -3 -2  0 -2 -2 -1  0 -1 -3 -1 -2   19   3   4   3   0   9   8  24   2   1   3   6   1   1   3   4   4   0   2   2  0.26 inf
  141 K    0  3  1  0 -3  2  1 -1  0 -2 -2  2 -2 -2 -2  0  0  2 -1 -2    6  17   7   5   0   8  11   4   2   2   4  12   1   2   1   7   5   4   1   2  0.21 inf
  142 S    2 -1 -1 -2 -3 -2 -1  0 -1  1 -2 -2 -1  0 -1  4  0 -3  0 -1   15   3   3   2   0   1   3   5   1   7   3   2   1   4   2  35   4   0   4   4  0.32 inf
  143 I   -1 -2 -2 -2 -2 -1 -2 -3 -2  1  3 -2  1  0 -1 -2 -1 -2 -1  3    4   1   2   2   1   2   3   2   1   8  35   3   4   4   2   2   2   0   2  20  0.34 inf
  144 A    5 -2 -2 -1 -2 -1  0 -3 -2 -3 -2  0 -3 -3 -2  1  0 -4 -3  0   46   1   2   4   1   2   7   1   1   1   4   7   0   1   1   9   6   0   0   6  0.53 inf
  145 M    4  0  1 -2 -3 -1 -2 -1 -2  0 -1 -1  3 -3 -3  2 -1 -4 -2 -1   34   6   6   1   0   3   2   3   1   7   5   4   7   1   1  13   2   0   1   3  0.32 inf
  146 G   -1  0  0  0 -4  0  1  3  3 -3 -2  0 -1 -1 -2 -1  0 -3  2 -1    4   5   4   5   0   3  11  24   8   1   3   5   1   2   1   3   8   0   7   4  0.24 inf
  147 K   -3 -1  0 -2 -3  3  4  1  1 -5 -4  3  1 -3 -3 -1  0 -5 -3 -4    1   2   4   1   1  12  29  13   3   0   1  16   3   1   0   4   5   0   1   1  0.55 inf
  148 P   -5 -2  4  4 -7 -3 -2  1 -3 -7 -7 -1 -6 -7  5 -3 -4 -7 -5 -5    0   2  23  23   0   0   2  11   1   0   0   4   0   0  32   1   0   0   0   1  1.22 inf
  149 I   -4 -7 -7 -7 -5 -6 -7 -7 -7  4 -1 -6  1  2 -7 -5 -3 -6 -1  6    1   0   0   0   0   0   0   0   0  23   3   0   4   7   0   0   2   0   2  59  1.54 inf
  150 I   -5 -7 -7 -7 -5 -7 -7 -8 -7  6 -1 -7  0 -5 -7 -6 -4 -7 -6  6    0   0   0   0   0   0   0   0   0  46   3   0   2   0   0   0   0   0   0  48  1.88 inf
  151 H    1 -6 -6 -6 -5 -5 -6 -1  0  0  0 -5  0  3 -6 -4 -2 -5  2  5   10   0   0   0   0   0   0   6   3   3   7   0   2  11   0   0   2   0   6  50  0.90 inf
  152 V   -1 -7 -7 -8 -6 -7 -7 -8 -8  0 -3 -7 -3 -6 -7 -6 -4 -7 -6  8    5   0   0   0   0   0   0   0   0   3   1   0   0   0   0   0   0   0   0  89  2.34 inf
  153 S    1 -5  1 -4 -5 -3 -4 -3 -5 -4 -5 -4 -4 -4 -5  5  5 -6 -5 -2   12   0   7   0   0   1   0   1   0   1   1   0   0   1   0  38  34   0   0   3  1.10 inf
  154 V   -3 -6 -6 -7 -5 -6 -6 -7 -5  5  1 -6  6  4 -3 -5 -3 -5 -3  2    2   0   0   0   0   0   0   0   0  34  10   0  19  20   1   0   1   0   0  12  1.21 inf
  155 N   -4 -5  8 -3 -8  5 -4 -4 -1 -8 -8 -5 -7 -8 -7 -3 -4 -8 -7 -8    1   0  70   0   0  24   1   1   2   0   0   0   0   0   0   1   0   0   0   0  2.41 inf
  156 Y   -8 -8 -8 -9 -8 -7 -8 -9  0 -7 -7 -8 -7 -3 -9 -8 -8 -4 10 -7    0   0   0   0   0   0   0   0   2   0   0   0   0   0   0   0   0   0  98   0  3.90 inf
  157 R   -7  9 -6 -7 -9 -4 -6 -8 -4 -9 -8 -3 -7 -8 -8 -6 -7 -8 -7 -8    0 100   0   0   0   0   0   0   0   0   0   0   0   0   0   0   0   0   0   0  3.31 inf
  158 V   -5 -6 -7 -8 -5 -6 -7 -8 -7  1  5 -5  0 -4 -7 -5 -2 -6 -5  4    0   0   0   0   0   0   0   0   0   5  59   0   2   0   0   0   2   0   0  32  1.49 inf
  159 S    0 -6  1 -5 -7 -5 -6  7 -4 -8 -8 -6 -7 -8 -6  1 -4 -7 -7 -7    7   0   7   0   0   0   0  75   0   0   0   0   0   0   0  11   1   0   0   0  1.90 inf
  160 S    3 -1 -3 -5 -2 -3 -4 -1 -4  2 -1 -4 -1 -2  2  0 -1 -5 -4  2   30   3   1   0   1   0   0   5   0  14   5   0   1   2  12   7   2   0   0  16  0.46 inf
  161 W   -5 -7 -8 -8 -6 -7 -7 -8 -6 -4  4 -7 -1  7 -6 -7 -6  7  2 -5    1   0   0   0   0   0   0   0   0   0  38   0   1  41   0   0   0  13   5   0  1.84 inf
  162 G   -5 -8 -6 -7 -8 -7 -7  8 -7 -9 -9 -7 -8 -9 -7 -6 -7 -8 -8 -9    0   0   0   0   0   0   0 100   0   0   0   0   0   0   0   0   0   0   0   0  2.99 inf
  163 F   -8 -8 -8 -9 -8 -8 -9 -6 -6 -6 -4 -8 -2  9 -9 -6 -6  0  2 -6    0   0   0   0   0   0   0   1   0   0   1   0   1  91   0   1   0   1   5   0  3.22 inf
  164 L   -2 -6 -7 -7 -6 -6 -7 -6 -6 -1  6 -6  3  4  0 -6 -4 -5 -2 -3    3   0   0   0   0   0   0   0   0   2  65   0   6  17   5   0   0   0   1   0  1.41 inf
  165 A    3 -3 -1 -2 -2  0 -3 -1  1 -4 -5 -3 -4 -2  2  3  0 -1  3 -3   28   1   3   2   1   3   0   5   3   1   0   0   0   2   9  25   4   1  10   1  0.57 inf
  166 G   -2 -5 -3 -4 -5 -4 -4  3  3 -4  1 -4 -2  0 -5  3  4 -5 -4 -4    2   0   1   0   0   0   0  20   8   1  16   0   1   4   0  22  26   0   0   0  0.73 inf
  167 D   -1 -2  0  1 -5  0  0  4 -3 -6 -5  1 -5 -5  4  1 -1 -3 -5 -5    3   2   3   9   0   4   7  29   0   0   0  11   0   0  18   9   3   0   0   0  0.61 inf
  168 E    0 -3 -1  4 -5  0  4  0 -2 -3 -1 -1 -4 -3 -2 -1  0 -5 -4 -2   10   1   2  27   0   3  26   6   1   1   6   2   0   1   2   4   6   0   0   2  0.54 inf
  169 I   -1 -2 -2  0 -3  1  2 -3 -2  2  1 -1  1  0 -1  0 -1 -3 -2  1    6   1   1   5   0   6  15   2   1  11  18   3   3   5   3   6   3   0   1  13  0.14 inf
  170 K    0  1  1  2 -4  1  1 -2  5 -3 -1  1 -2 -2 -2  0 -1 -4 -2 -1    8   9   7  10   0   5   8   3  15   1   6   8   1   1   2   8   4   0   1   4  0.25 inf
  171 A    3  0  0  2 -4 -1  2 -1 -2 -4 -3  2 -1 -5 -1  1 -2 -5 -4 -2   31   4   3  11   0   2  11   5   1   0   2  13   1   0   3   9   1   0   0   3  0.38 inf
  172 E    1  2  0  2 -6  0  4 -2  0 -6 -6  0 -5 -6  3 -1 -1 -5 -5 -5   10  10   3  10   0   3  31   2   2   0   0   4   0   0  17   4   4   0   0   0  0.67 inf
  173 G    2 -2  0 -2 -6 -4 -5  6 -3 -4 -6 -3 -5 -5 -5 -2 -3 -6 -2 -3   14   2   4   3   0   1   0  64   1   1   1   1   0   0   0   3   1   0   2   2  1.33 inf
  174 S    1 -1  0  1 -2 -1 -1 -1 -1  0  0 -1 -1 -2  3  2  0 -2 -2  0   10   3   5   7   1   2   4   3   1   5  10   2   1   1  15  18   3   0   1   7  0.17 inf
  175 A    0 -2 -2 -2 -2 -1 -1  4 -2 -2  2 -2 -1 -2 -2  0  1 -2 -2 -1    9   2   2   2   1   2   3  31   1   2  19   2   1   1   2   6  10   0   1   3  0.30 inf
  176 N   -5 -6  9 -4 -8 -5 -5 -5 -5 -8 -8 -5 -7 -8 -7 -4 -5 -8 -7 -8    1   0  96   0   0   0   0   1   0   0   0   0   0   0   0   1   0   0   0   0  3.23 inf
  177 A    1 -5  0 -6 -2 -3 -5 -5 -4  0  3 -5  4  0 -6 -4 -3  6  5  1   13   0   4   0   1   1   0   0   0   4  24   0   9   3   0   0   1  12  18   9  0.82 inf
  178 G    0 -7 -5 -6 -7 -6 -7  7 -7 -8 -8 -6 -7 -7 -7 -5 -6 -7 -7 -7    7   0   0   0   0   0   0  91   0   0   0   0   0   0   0   0   0   0   0   0  2.54 inf
  179 L   -5 -6 -6 -7 -5 -6 -6 -7  2  1  6 -6  2  3 -6 -6 -5 -5  2 -2    0   0   0   0   0   0   0   0   5   6  65   0   5  10   0   0   0   0   6   1  1.37 inf
  180 K   -3  3 -5 -5 -5 -1 -3 -6  1 -3  4  1  3  1 -5 -4 -3  4  1 -3    1  16   0   0   0   2   1   0   4   0  42  10   6   5   0   0   1   5   4   0  0.75 inf
  181 D   -7 -7 -4  9 -8 -5 -4 -6 -6 -8 -8 -6 -8 -8 -6 -5 -6 -9 -8 -8    0   0   0  98   0   0   0   0   0   0   0   0   0   0   0   0   0   0   0   0  3.19 inf
  182 Q   -5 -4 -4 -6 -8  9 -3 -7 -5 -5 -6 -4 -1 -8 -6 -4 -6 -7 -7 -5    1   0   1   0   0  92   0   0   0   1   1   0   2   0   0   1   0   0   0   1  3.02 inf
  183 R   -1  5 -2 -4 -5  2 -4 -5 -1  3  0 -2  0 -4 -5 -3 -2 -5 -1  3    5  31   2   0   0   8   0   0   1  17   9   1   2   0   0   1   1   0   2  18  0.65 inf
  184 L    3 -3 -5 -5 -3  1 -2 -5 -2 -2  3  1  3  1 -5 -3 -3 -5 -3 -2   29   1   0   0   0   6   3   0   1   1  34   8   9   5   0   0   1   0   0   1  0.63 inf
  185 G    7 -6 -6 -6 -5 -5 -5  0 -6 -5 -1 -5 -3 -3 -5 -2 -4 -7 -6 -3   81   0   0   0   0   0   0   7   0   0   6   0   0   1   0   1   0   0   0   2  1.75 inf
  186 M   -6 -6 -7 -7 -5 -6 -7 -7 -7  0  6 -6  4 -1 -7 -6 -5 -6 -5 -3    0   0   0   0   0   0   0   0   0   5  82   0   9   2   0   0   0   0   0   0  1.90 inf
  187 Q   -3  4 -2 -2 -5  5  3 -5  3 -5 -4  3 -4 -5 -5 -3 -2 -3 -2 -4    2  22   1   1   0  25  17   0   7   0   1  15   0   0   0   1   3   0   1   1  0.92 inf
  188 W   -8 -8 -9 -9 -8 -8 -8 -8 -8 -8 -6 -8 -7  0 -9 -8 -8 13 -4 -8    0   0   0   0   0   0   0   0   0   0   1   0   0   3   0   0   0  95   0   0  5.06 inf
  189 V   -4 -7 -7 -7 -5 -6 -7 -7 -7  4 -1 -6 -3 -5 -7 -6 -3 -7 -5  7    1   0   0   0   0   0   0   0   0  17   5   0   0   0   0   0   1   0   0  75  1.95 inf
  190 A   -1  3 -1 -5 -7  7 -3 -6  3 -7 -6  3 -5 -7 -5 -2 -4 -6 -4 -6    4  15   2   0   0  51   1   0   6   0   0  16   0   0   0   2   0   0   0   0  1.53 inf
  191 D   -2  1 -1  5 -6  2  4 -4 -2 -6 -5  2 -5 -6 -5 -2 -3 -6 -5 -6    3   8   2  28   0  10  31   1   1   0   1  13   0   0   0   2   1   0   0   0  1.01 inf
  192 N   -7 -6  9 -4 -8 -5 -5 -6  4 -8 -8 -5 -7 -7 -7 -5 -5 -8  1 -8    0   0  84   0   0   0   0   0  10   0   0   0   0   0   0   0   0   0   5   0  2.81 inf
  193 I   -2 -8 -8 -8 -6 -7 -8 -8 -8  8 -3 -7 -4 -4 -7 -7 -5 -7 -6  0    4   0   0   0   0   0   0   0   0  90   0   0   0   0   0   0   0   0   0   4  2.57 inf
  194 A    5  0 -3 -1 -3 -1  1  1  1 -3 -4 -1 -4 -5 -3  1 -3 -3 -4 -3   46   6   1   2   0   3  11   9   4   1   1   4   0   0   1  10   0   0   0   1  0.65 inf
  195 A    4 -2  2 -2 -3  0 -2 -2  2 -4 -3  0 -4  0 -4  1 -2 -5  0 -3   42   2  11   1   0   5   1   2   6   1   2   6   0   4   0  10   2   0   3   1  0.56 inf
  196 F   -7 -8 -8 -9 -8 -8 -8 -8 -7 -5 -5 -8 -5 10 -9 -8 -7 -4 -2 -6    0   0   0   0   0   0   0   0   0   0   0   0   0  99   0   0   0   0   0   0  3.62 inf
  197 G   -5 -6 -5 -5 -7 -7 -7  8 -4 -8 -8 -6 -7 -8 -7 -5 -6 -7 -8 -8    0   0   0   0   0   0   0  97   1   0   0   0   0   0   0   0   0   0   0   0  2.81 inf
  198 G   -4 -8 -6 -7 -8 -7 -7  8 -7 -9 -9 -7 -8 -8 -7 -5 -7 -8 -8 -9    1   0   0   0   0   0   0  99   0   0   0   0   0   0   0   0   0   0   0   0  2.94 inf
  199 D   -6 -6  4  8 -9 -5 -4 -6 -3 -8 -9 -5 -8 -9 -7 -4 -6 -9 -8 -8    0   0  19  80   0   0   0   0   0   0   0   0   0   0   0   1   0   0   0   0  2.63 inf
  200 P   -2 -4 -7 -7 -8 -5 -5 -7 -5 -8 -8  0 -8 -9  9 -3 -6 -9 -8 -7    3   1   0   0   0   0   0   0   0   0   0   5   0   0  87   2   0   0   0   0  2.91 inf
  201 T   -1 -1  2  5 -4  0  2  1  0 -6 -5  0 -4 -5 -4  2 -1 -6 -4 -5    4   3  10  31   0   3  11  11   2   0   1   5   0   0   0  14   4   0   0   0  0.65 inf
  202 K   -2  4  3 -2 -2  2 -3 -5  3 -6 -2  4 -3 -6 -5  1 -2 -6 -5 -5    2  21  16   1   1   7   0   0   7   0   4  25   0   0   0  12   2   0   0   0  0.79 inf
  203 V   -5 -8 -8 -8 -4 -7 -7 -8 -8  3 -3 -7 -3 -6 -5 -7 -5 -8 -6  7    0   0   0   0   0   0   0   0   0  13   1   0   0   0   1   0   0   0   0  84  2.30 inf
  204 T   -4 -6 -5 -6 -4 -6 -6 -7 -7 -3 -6 -6 -1 -7 -6 -2  8 -7 -7  0    1   0   0   0   0   0   0   0   0   1   0   0   2   0   0   2  88   0   0   6  2.45 inf
  205 I   -4 -7 -7 -7 -5 -7 -7 -8 -7  7  3 -7 -3 -4 -7 -6 -4 -7 -5  1    1   0   0   0   0   0   0   0   0  61  28   0   0   0   0   0   0   0   0   9  1.79 inf
  206 F   -1 -7 -7 -7 -4 -5 -7  0  0 -3 -4 -7  2  8 -8 -4 -6  7  0 -5    5   0   0   0   0   0   0   8   3   1   0   0   4  61   0   1   0  14   2   0  2.03 inf
  207 G   -5 -7 -5 -6 -7 -7 -7  8 -7 -8 -8 -6 -8 -8 -7 -5 -6 -7 -8 -8    0   0   0   0   0   0   0  99   0   0   0   0   0   0   0   0   0   0   0   0  2.90 inf
  208 E   -3 -3 -2 -1 -5  3  7 -4  0 -6 -1 -3 -3 -4 -4 -2 -3 -7 -6 -3    2   1   1   3   0  13  63   1   2   0   6   0   1   1   0   3   1   0   0   2  1.38 inf
  209 S   -4 -6 -4 -5 -6 -5 -5 -3 -6 -7 -6 -5 -6 -7 -6  8 -4 -8 -7 -7    0   0   0   0   0   0   0   2   0   0   1   0   0   0   0  95   0   0   0   0  2.52 inf
  210 A    7 -6 -6 -5 -3 -6 -6 -4 -6 -5 -6 -5 -6 -7 -6 -1 -4 -7 -6 -3   92   0   0   0   0   0   0   1   0   0   0   0   0   0   0   4   0   0   0   1  2.23 inf
  211 G   -4 -7 -5 -6 -7 -7 -7  8 -7 -8 -8 -6 -7 -8 -7 -5 -6 -7 -8 -8    1   0   0   0   0   0   0  98   0   0   0   0   0   0   0   0   0   0   0   0  2.84 inf
  212 S    5 -6 -5 -6 -5 -5 -5  5 -6 -6 -6 -5 -6 -7 -5  1 -4 -3 -6 -5   53   0   0   0   0   0   0  36   0   0   0   0   0   0   0  10   0   0   0   0  1.54 inf
  213 M    2 -3 -2 -4 -3 -1 -1  1  3  2 -1 -3  4 -1 -4  0  0  0 -1  1   17   1   1   0   0   3   5  13   8  13   4   0  11   2   0   6   5   1   2   8  0.25 inf
  214 S   -1 -6 -1 -4  1 -5 -5 -3 -6 -5 -6 -5 -3 -6 -6  7 -3 -7 -6 -5    5   0   2   0   3   0   0   2   0   0   0   0   1   0   0  85   0   0   0   1  2.03 inf
  215 V   -1 -7 -6 -7 -3 -6 -7 -7 -7  4 -3 -6 -3 -5 -7 -5 -2 -7 -6  7    4   0   0   0   0   0   0   0   0  18   1   0   0   0   0   1   2   0   0  73  1.86 inf
  216 M    1 -5 -1 -3  2 -3 -4  4  1 -4 -2 -4  0 -1 -5  4 -1 -3 -3 -3   10   0   3   1   5   0   1  30   3   1   4   0   3   3   0  31   4   0   1   2  0.66 inf
  217 C    0 -4 -2 -1 -1 -2 -4 -2  3  1  2 -4  2  2 -4  0 -1 -3  3  0   10   0   2   4   1   1   0   3   7   6  23   0   7   7   0   8   4   0  11   6  0.27 inf
  218 H   -6 -5 -3 -6 -7  4 -5 -4  9 -6  3 -5 -3 -6 -7 -6 -6 -7 -4 -6    0   0   1   0   0  17   0   1  52   0  28   0   1   0   0   0   0   0   0   0  2.16 inf
  219 I   -3 -5 -5 -5 -4 -4 -6 -6 -3  2  4 -5  5 -1 -6 -4 -1 -5 -1  3    2   0   0   0   0   0   0   0   1  11  45   0  14   2   0   1   4   0   2  17  0.98 inf
  220 L   -1 -4 -4 -4 -3 -4 -4 -4 -4  2  4 -4  4  0 -4 -1  1 -4 -3  2    6   1   0   1   0   0   1   1   0  10  38   1  10   4   0   5   7   0   0  14  0.59 inf
  221 W    3 -1  0 -1 -1 -1 -1 -1  1 -1  0 -1  1 -1 -1  0  0  1 -1  0   29   3   6   3   1   2   3   5   4   3   8   3   4   3   3   6   4   2   2   5  0.12 inf
  222 N   -1 -1  2 -1 -1 -1 -1 -1  1 -1 -1 -1 -1  1 -1  0 -1  0  5 -1    4   3  10   3   1   3   4   5   3   3   6   4   1   5   4   7   4   1  27   4  0.31 inf
  223 D   -1 -1  1  2 -1 -1  0  3  0 -1 -1 -1 -1 -1 -1  0 -1 -1  0 -1    5   4   8  12   1   2   4  24   2   3   6   4   1   2   3   4   4   1   4   4  0.16 inf
  224 G   -1 -1  0 -1 -1 -1  0  4 -1 -1 -1 -1 -1 -1 -1  0 -1 -1 -1 -1    5   3   3   4   1   2   5  37   1   3   8   3   2   3   3   6   3   1   2   4  0.31 inf
  225 D    0  0  1  1 -1  0  1  0  0 -1 -1  0 -1 -1  0  0  0  0 -1 -1    6   6   7  10   2   5   8   7   3   4   7   6   2   3   4   7   5   1   2   5  0.04 inf
  226 N    0  0  1  0 -1  0  0  0  0 -1 -1  0 -1 -1  0  0  1  0  0 -1   10   4  11   6   1   3   5   6   2   3   8   7   2   3   4   7  10   1   3   5  0.04 inf
  227 T    1 -2 -2 -2 -2 -2 -2 -2 -2 -3 -2 -2 -2 -3 -1  5  1 -3 -2 -3   10   2   1   2   1   2   2   3   1   2   3   2   1   1   3  53   7   0   2   2  0.72 inf
  228 Y   -2 -2 -2 -2 -3 -2 -2 -3  1 -3 -3 -2 -2 -3  7 -2 -2 -3  2 -1    4   2   2   2   1   2   3   2   3   1   3   2   1   1  57   3   2   0   6   4  1.32 inf
  229 K   -1  2 -1 -2 -2  0  0  0 -1 -1  2  1  3 -2  0 -1 -2 -3 -2 -1    6  12   3   2   1   5   5   7   2   2  24  10   8   1   4   3   2   0   1   3  0.16 inf
  230 G    2 -3 -1  2 -2 -3 -2  1 -2 -4 -3 -2 -2 -3 -2  4  1 -4 -2 -3   20   1   2  13   1   1   2   8   1   1   2   1   1   1   1  36   6   0   1   2  0.56 inf
  231 K   -1  3  0  3 -5  1  2 -4  1 -4 -4  4 -4 -4 -2 -1 -1 -5 -2 -3    4  14   4  15   0   7  10   1   3   1   1  29   0   1   2   4   3   0   1   1  0.57 inf
  232 P   -2 -3  2 -1 -5 -4 -3  6 -1 -6 -6 -1 -5 -6  2 -1 -3 -5 -4 -4    2   1  11   4   0   0   1  53   2   0   1   5   0   0  12   5   1   0   0   1  1.08 inf
  233 L   -5 -6 -7 -7 -5 -6 -7 -7 -6 -2  7 -5 -1 -3 -3 -6 -4 -6 -2 -3    1   0   0   0   0   0   0   0   0   1  89   1   1   1   2   0   1   0   2   1  1.94 inf
  234 F   -5 -8 -8 -8 -7 -8 -8 -8 -6 -4 -5 -8 -4  9 -9 -6 -7 -3  1 -2    1   0   0   0   0   0   0   0   0   1   0   0   0  91   0   0   0   0   3   3  3.16 inf
  235 R   -1  4 -1 -3 -7  3 -4 -6  8 -4 -6  0 -5 -6 -6  0 -2 -6 -3 -3    5  25   3   2   0  11   0   0  36   1   0   5   0   0   0   6   3   0   0   2  1.35 inf
  236 A    1  6 -1 -5 -6  1 -4  3 -3 -6 -6  2 -5 -5 -5 -2 -4 -6 -5 -4   13  42   3   0   0   6   0  20   0   0   0  11   0   0   0   3   0   0   0   1  1.06 inf
  237 G    7 -6 -6 -6 -5 -5 -6  1 -6 -2 -6 -5 -5 -7 -5 -2 -4 -7 -6  1   77   0   0   0   0   0   0  10   0   2   0   0   0   0   0   2   1   0   0   8  1.72 inf
  238 I   -3 -8 -8 -8 -6 -8 -8 -8 -8  8 -2 -8  0 -1 -8 -7 -5 -2 -4  0    2   0   0   0   0   0   0   0   0  86   1   0   2   3   0   0   0   1   0   5  2.42 inf
  239 M    1 -5 -5 -6  0 -3 -5 -3 -2  1  3 -5  7 -1 -2  1 -2 -5 -3  0   14   0   0   0   2   1   0   2   1   7  23   0  27   2   2  13   2   0   1   4  0.75 inf
  240 Q   -3 -4 -1 -1 -7  7  5 -4 -3 -7 -7 -4 -1 -7 -6 -3 -4 -7 -4 -5    2   0   3   3   0  47  39   1   0   0   0   0   1   0   0   2   1   0   1   1  1.74 inf
  241 S   -4 -6 -5 -6 -6 -5 -5 -6 -6 -8 -6 -5 -7 -8 -6  8 -4 -8 -7 -7    0   0   0   0   0   0   0   0   0   0   1   0   0   0   0  98   0   0   0   0  2.70 inf
  242 G   -3 -6 -5 -5 -7 -1 -6  7 -6 -7 -6 -6 -5 -5  0 -2 -3 -7 -7 -5    2   0   0   0   0   3   0  83   0   0   1   0   0   1   5   2   2   0   0   1  2.05 inf
  243 A    2 -4  0 -3 -2 -3 -3  1 -3 -3 -4 -4 -4  0 -1  3  3 -2 -1  2   16   0   4   0   0   0   1   9   0   0   1   0   0   4   3  28  16   1   2  14  0.48 inf
  244 M    3 -3 -4 -4  2 -3 -4 -3 -3  0  0 -3  1  1  4  0 -2  1 -2  0   27   1   0   0   4   1   0   2   1   4  11   1   4   5  21   6   2   2   1   8  0.47 inf
  245 V    0 -2 -1 -2 -2 -1 -1 -1 -3  1  2 -2 -1  1  1 -1  3 -3 -1  1    9   1   3   2   1   2   3   4   0   9  18   1   0   6   6   4  20   0   2   9  0.16 inf
  246 P    2 -2  1 -3  0 -3 -3  0 -2 -2 -2 -3 -1 -1  4  2  2 -2 -3 -2   15   2   6   1   2   1   1   6   1   2   4   0   2   3  25  13  13   1   1   2  0.47 inf
  247 S    1  1 -1 -2 -3  1 -1 -1 -1 -2 -1 -1  1 -1  3  1  0  5  0 -1   10   9   2   2   0   6   2   5   1   2   5   3   3   3  15   9   5   9   3   4  0.27 inf
  248 D    1  0 -1  1 -2 -1 -2  1  0 -2  0 -2 -2  0  1  1 -1  6  0 -2   14   5   2   8   1   3   1  10   2   2  10   1   0   3   8   9   3  12   3   3  0.25 inf
  249 A    1 -2  0 -2 -2 -1 -2  0 -1 -1  0 -2  0  1  3  0  1  0  1 -1   15   2   4   2   0   2   1   7   1   2  11   1   2   8  14   6  12   1   5   4  0.17 inf
  250 V   -1 -1 -1 -3 -3 -1 -2 -4 -2  2  1 -1  2  0  1 -2  0 -1  2  3    5   3   3   1   0   3   2   1   1  13  10   3   6   4   7   3   5   1   8  22  0.22 inf
  251 D   -1 -2  3  3 -4 -2 -1  0 -3 -2 -4 -1 -2 -4  2  2  3 -5 -3 -3    4   1  15  18   0   1   3   6   0   2   1   4   1   1  10  15  17   0   1   1  0.46 inf
  252 G    1  0  0  1  0  0  0  0 -1 -1 -1  0 -1 -2  1  1  0 -2  0 -1   12   6   4   9   2   3   3   8   1   3   6   6   2   1   6  12   6   1   4   4  0.07 inf
  253 I    0  0  0  2 -3  0  1 -1 -2 -2 -2  0 -1 -3  3  1  1 -3  0 -1    8   4   5  11   0   3   9   4   0   1   4   7   2   1  14   9  10   0   4   4  0.19 inf
  254 Y   -1  0 -1  2 -4  1  3 -2  1 -1 -1  1 -1 -1 -2 -1  0  0  1 -1    4   5   2  11   0   5  20   3   4   3   8   9   1   2   1   3   5   2   6   5  0.16 inf
  255 G    3 -1 -2 -2 -3 -1 -1  1  1 -3 -3 -3 -2 -2  3  1  0  2  0 -2   27   3   2   1   0   2   5   9   3   1   1   1   1   2  14  12   6   3   4   3  0.35 inf
  256 N   -1  2  0 -1 -4  4  3 -3 -2 -2 -1  1 -1 -4 -3  0  0 -2 -3 -1    6  10   5   3   0  23  17   1   0   2   6   7   1   0   1   6   7   0   1   3  0.38 inf
  257 E    0  1  0  1 -3  1  1 -2  0 -2 -2  2  0 -2  1  0  1 -4 -1 -1    8  10   5   7   0   8   8   2   2   2   2  12   2   2   8   7   9   0   2   5  0.15 inf
  258 I    0  1 -1 -1 -3  2 -1 -2  1  1  0  0  1 -1 -2  0 -1 -1  1  1    9  10   3   4   0  10   1   2   3  11   8   4   5   2   1   6   3   1   7  12  0.09 inf
  259 F    3 -2 -4 -5 -5 -4 -5  1 -3 -4 -2 -3  0  4 -5 -1  1  3  6 -2   22   3   0   0   0   0   0  10   0   0   3   1   3  14   0   5   9   3  25   2  0.71 inf
  260 D   -1  1  2  3 -4  2  2 -2 -1 -3 -2  2 -2 -3 -2 -1  1 -5 -3 -1    4   6   8  17   0   8  15   3   1   1   3  13   1   1   1   4   9   0   1   4  0.30 inf
  261 L    1  2  1  0 -3  2  1 -1 -1 -1  0  1  0 -2 -3  0  1 -4 -2  0   11  11   6   6   0   9   7   3   1   3  10   9   3   1   0   5   8   0   1   6  0.11 inf
  262 L   -3 -5 -5 -7 -5 -3 -6 -7 -5  3  4 -6  0  4 -6 -5 -4 -3  1  3    2   0   0   0   0   1   0   0   0  14  40   0   2  19   0   0   0   0   4  17  1.00 inf
  263 A    5 -5 -5 -6 -3 -5 -5 -1 -6 -1  1 -5 -2 -5 -5 -2  0 -6 -2  3   49   0   0   0   0   0   0   4   0   3  14   0   1   0   0   3   6   0   1  20  0.89 inf
  264 S    1  1  2  2 -5  1  2 -2  0 -2 -3  2 -2 -5 -3  0  0 -5 -4 -2   10   6  11  12   0   6  16   2   3   2   1  14   1   0   1   8   5   0   0   3  0.34 inf
  265 N    2  1  0  1 -2  0  0 -2  0 -1  1  1 -1 -1 -3  0 -1 -3  0 -1   18   8   3   8   1   4   7   2   2   4  14  10   1   3   0   6   3   0   3   4  0.09 inf
  266 A    2 -4 -4 -5  2 -4 -4 -4 -3  0  2 -4  0 -1 -3  0  3 -5 -4  3   21   0   0   0   5   0   0   1   1   3  18   0   2   2   1   8  17   0   0  21  0.50 inf
  267 G   -3 -2  3 -2 -7 -2 -3  7 -3 -6 -7 -1 -6 -7 -4 -2 -5 -7 -7 -6    2   3  12   2   0   2   2  70   1   0   0   4   0   0   1   2   0   0   0   0  1.63 inf
  268 C   -3 -8 -7 -8 11 -6 -7 -6 -5 -2 -5 -8 -4 -7 -7 -5 -4 -7 -7 -2    2   0   0   0  87   0   0   1   0   3   1   0   0   0   0   1   1   0   0   3  3.76 inf
  269 G    1 -2  2  2 -4 -1  0  1 -2 -4 -4 -1 -4 -3  2  3  0 -3 -3 -3   12   1  11  10   0   1   4  12   0   0   1   4   0   1  11  22   6   0   0   1  0.39 inf
  270 S   -1 -2  3  3 -3 -2 -1  0  2 -3 -5 -1 -4 -4 -3  3  3 -5 -4 -4    5   1  12  17   0   1   3   8   5   1   0   4   0   0   1  21  18   0   0   1  0.51 inf
  271 A    2 -2  0  2 -4 -1  0  0 -1 -2 -3 -1 -1 -4  0  3  2 -5 -4 -2   18   1   4  11   0   2   4   5   1   2   2   2   1   1   5  23  15   0   0   2  0.34 inf
  272 S    2 -1  0  1 -4  0  1 -1 -2 -3 -3  0 -3 -5  0  3  2 -5 -4 -2   18   2   5   8   0   3  10   3   1   1   1   6   0   0   5  20  13   0   0   2  0.33 inf
  273 D    1 -2  1  5 -5 -2  2 -3 -1 -3 -5 -1 -4 -5 -3  2  1 -6 -4 -4   10   2   6  31   0   1  15   2   1   1   1   4   0   0   1  16   7   0   0   0  0.66 inf
  274 K    1 -2 -2 -1 -3 -1 -2 -3 -3  1  1 -1  4 -3  0  0  3 -3 -3  1   10   1   1   3   0   3   2   1   1   8  11   4  11   0   5   7  23   0   0   8  0.29 inf
  275 L   -2 -5 -6 -6 -4 -5 -6 -6 -6  3  4 -5  4  1 -4 -5 -3 -2 -3  3    4   0   0   0   0   0   0   0   0  14  43   0  10   5   1   0   1   1   0  20  0.98 inf
  276 A    3 -1  0  2 -4  2  2 -2  2 -5 -4  0 -4 -5 -1  1  0 -5 -4 -4   24   3   5  13   0   7  16   2   5   0   1   5   0   0   3   9   6   0   0   0  0.43 inf
  277 C   -2 -3 -7 -7 11 -4 -6 -7 -5 -6 -6 -3 -6 -4 -7 -5 -6 -7 -4 -6    3   2   0   0  87   1   1   0   0   0   0   2   0   1   0   1   0   0   1   0  3.76 inf
  278 L   -6 -6 -7 -8 -6 -6 -7 -8 -7 -1  7 -7  3 -2 -7 -7 -6 -6 -5 -3    0   0   0   0   0   0   0   0   0   2  88   0   7   1   0   0   0   0   0   0  2.08 inf
  279 R   -5  8 -4 -5 -8  1 -4 -7 -2 -5 -4  0 -2 -7 -7 -5 -5 -7 -6 -4    0  83   0   0   0   5   1   0   1   1   2   4   1   0   0   0   0   0   0   1  2.38 inf
  280 G    2 -1  1  0 -2  2  2  1 -1 -4 -4  1 -4 -5 -3  2  1 -5 -4 -4   16   3   7   6   1   9  13  12   1   0   0   7   0   0   0  16   8   0   0   0  0.37 inf
  281 V    1 -1 -4 -5 -4  0 -2 -5 -3  0  2  4  0 -4 -5 -3 -2 -4 -4  3   10   2   0   0   0   4   1   0   0   4  22  28   2   0   0   1   2   0   0  22  0.59 inf
  282 S   -4 -4  1  4 -6 -4 -2 -5 -3 -6 -5 -4 -6 -7  6  3  2 -7 -6 -6    0   1   6  20   0   0   2   0   1   0   1   1   0   0  37  20  10   0   0   0  1.22 inf
  283 S    3 -3 -3 -3 -4 -2  1 -1 -3 -1 -2 -3 -1  1  1  0  1  0  2  0   29   0   1   0   0   1  12   3   0   4   2   1   2   6   7   8   8   1   8   8  0.30 inf
  284 D    0 -1  0  3 -5  2  4 -3 -2 -4 -3  2 -4 -5 -3  0  0 -6 -4 -2    7   3   4  18   0   8  27   1   1   1   3  11   0   0   0   7   6   0   0   2  0.52 inf
  285 T    0 -2 -1  2 -5  2  4 -4 -2 -3 -4  1 -4 -5 -3 -1  3 -6 -4  0    8   1   2  12   0   9  30   0   1   2   1   8   0   0   0   4  17   0   0   6  0.57 inf
  286 L   -5 -6 -7 -7 -5 -6 -7 -7 -6  5  5 -6  1  1 -5 -6 -4 -5 -3  1    0   0   0   0   0   0   0   0   0  28  54   0   3   5   0   0   1   0   0   7  1.35 inf
  287 E   -1  0  0 -2 -3  2 -2 -3 -1  0  3 -1  1  0 -4 -1  0 -2 -1  2    4   4   6   1   0   9   2   2   1   5  29   3   4   3   0   3   6   0   2  15  0.22 inf
  288 D    2  0  2  3 -4  1  2 -2 -2 -3 -3  1 -3 -3 -3  0  0 -5 -2 -3   18   4  12  15   0   7  16   2   1   1   2   9   0   1   1   4   5   0   1   1  0.37 inf
  289 A    4 -3  0 -3 -2  1 -2 -1  1  2 -1 -1 -1 -3 -3  0  0 -3 -3  0   39   1   4   1   1   8   2   4   3  11   5   3   1   1   0   5   6   0   1   6  0.39 inf
  290 T    1 -2  1 -1 -3  2  1 -1 -1  0 -1 -2  0 -1 -2  2  1  2 -1 -1   12   1   8   3   0   9   8   3   1   5   6   0   2   3   1  18  10   3   1   5  0.16 inf
  291 N   -1 -1  3  0 -3  1  0 -1 -2  0  0  1 -1 -1 -2  0  0  5 -1 -1    5   2  20   5   0   6   5   3   0   6   8   7   2   2   2   5   6   9   1   5  0.23 inf
  292 N    0  1  2 -1 -3  1  1  0  0 -2 -2  2 -2 -3  0  1  1 -3 -2 -1    9   6   9   3   0   6   7   6   2   2   4  14   1   1   3  12   9   0   1   4  0.16 inf
  293 T   -1 -2 -2 -2 -2 -1 -2 -2 -2  1  0 -2  3  1  0  0  2  0  1  2    4   2   1   2   0   2   1   2   0   6   9   2   8   7   4   8  16   1   5  18  0.19 inf
  294 P    0  0 -1 -1 -3 -1 -1 -1 -2 -2 -1  0  0  2  4  0  1  0  1 -1    7   5   3   3   0   3   3   4   1   2   7   8   3   9  20   7   8   2   5   3  0.21 inf
  295 G    0  0  0  0 -2  0 -1  2 -2 -1  0 -1  0  1  1  0 -1 -2  0  0    9   4   5   5   0   4   4  21   1   4   8   3   3   7   6   5   3   0   3   5  0.09 inf
  296 F    0  0  0 -2 -2 -1 -1 -2 -1  2  0  0  0  1  1  0  0  1  2  0    6   4   4   2   0   2   3   3   2  15   9   6   2   8   7   5   4   2   7   7  0.06 inf
  297 L    0 -1 -1  0  0 -1 -1  0 -1  0  1 -1  1  1  2  0  0 -1  1  0    5   3   2   5   3   3   3   8   1   4  17   2   4   7  11   5   5   1   5   5  0.06 inf
  298 A    1 -1  1  0 -2  0  0  2 -1 -1 -1 -1 -1  0  0  1 -1 -1  0 -1   13   3   8   4   1   3   4  18   1   3   5   3   1   4   4  13   3   1   4   4  0.11 inf
  299 Y   -1 -1  1  1 -2  0  0 -1  1 -1 -1 -1 -1  2  0  0  0  0  3 -1    5   3   6  10   1   4   6   6   3   2   5   4   1  10   4   7   5   1  12   5  0.10 inf
  300 S    0 -1  1  0 -2  0 -1  1  1 -1 -1 -1 -1 -2  3  1  1 -2 -1 -2    6   3   6   5   1   4   4  12   4   3   6   3   1   2  16  11  10   1   1   2  0.19 inf
  301 S    0  0  0 -1 -2 -1  0  0 -1  0  0 -1 -1 -1  1  2  0 -2 -1  0    7   4   5   3   1   2   4   8   1   5  10   3   1   3   7  22   6   0   2   6  0.09 inf
  302 L   -1 -1 -1 -1 -2 -1  0 -1  0  1  1 -1  0  1  2  0  0 -1  0  0    5   2   3   4   1   2   5   6   2   9  17   3   2   6  11   6   4   1   3   9  0.06 inf
  303 R    0  1  0  0 -2  0  0  1  0 -1  0  0  0 -1  0  0  1 -2 -1 -1    8  11   5   6   1   4   5  10   3   5  11   3   2   2   4   7   8   1   1   3  0.05 inf
  304 L   -2 -2 -3 -1 -3 -2 -2 -1  0  1  2 -2  1  4 -2 -2 -1  6  1  0    3   2   1   4   0   2   2   5   2   7  20   2   3  17   3   2   3  11   5   6  0.36 inf
  305 S    2 -2 -1 -2 -2 -1 -1 -1 -1 -1 -1 -2  1 -1  4  1  0 -2  1 -1   15   2   3   1   1   2   3   4   1   4   4   2   3   2  22  14   6   0   5   5  0.30 inf
  306 Y   -4 -4 -4 -4 -4 -4 -4 -3 -2 -3 -2 -4  0  7 -4 -2 -3  8  4 -3    1   1   1   1   0   1   1   2   1   1   2   1   2  44   1   3   2  20  11   2  1.57 inf
  307 L    0 -2 -1 -2 -2  2 -2  1 -2 -1  1 -2  0  0 -1  0  0  0 -1  1    9   1   2   1   0  12   2  14   1   2  16   1   2   4   3   9   6   1   2  11  0.12 inf
  308 P   -3 -3 -4 -4 -6 -4 -5 -4 -3 -4 -4 -5 -5 -6  8 -3 -2 -6 -6 -3    3   1   1   1   0   1   1   1   1   1   2   1   0   0  81   1   2   0   0   2  2.43 inf
  309 R   -1  1 -3 -5  1 -4 -5 -5 -5  2 -3 -4  0 -3 -5 -2  3 -6 -4  6    4   7   1   0   3   0   0   1   0   8   1   0   2   1   0   3  16   0   0  51  0.96 inf
  310 P   -2 -6 -6 -5 -4 -3 -4 -6 -3  5  0 -4 -1 -3  0 -3  0 -6 -2  5    3   0   0   1   0   1   1   0   1  32   8   1   1   0   5   1   5   0   1  38  0.97 inf
  311 D   -7 -6 -4  8 -8 -5 -3  0 -5 -8 -9 -6 -8 -9 -3 -5 -6 -9 -8 -8    0   0   0  90   0   0   1   6   0   0   0   0   0   0   2   0   0   0   0   0  2.78 inf
  312 G   -4 -5 -1 -1 -7 -4 -5  7 -2 -8 -8 -4 -7 -7 -3 -3 -3 -7 -3 -7    1   1   3   3   0   1   1  84   1   0   0   1   0   0   2   1   1   0   1   0  2.08 inf
  313 V   -1 -1 -1  4 -4 -1  0 -3  0 -2 -3  1 -2 -3  0  0  0  0 -1  2    5   2   2  29   0   3   6   1   2   2   2   8   1   1   4   6   6   2   2  15  0.35 inf
  314 N   -3 -6 -4 -6 -6 -6 -5 -7 -6  2  2 -5  0  7 -7 -5 -2 -4 -1  2    2   0   1   0   0   0   1   0   0   9  16   1   2  51   0   0   3   0   1  14  1.38 inf
  315 I   -5 -5 -7 -7 -5 -6 -7 -7 -6  5  5 -6  1  3 -7 -6 -4 -3 -4  2    0   1   0   0   0   0   0   0   0  27  49   0   2  10   0   0   0   0   0  10  1.27 inf
  316 T   -1  0 -5 -2 -6  1 -2 -5 -2 -4 -2  0 -4 -7  7 -1  2 -7 -6 -2    4   5   0   2   0   5   3   0   1   1   4   5   0   0  48   4  14   0   0   3  1.16 inf
  317 D    0  2 -1  5 -5  1  3 -2 -2 -5 -4  3 -3 -6 -5 -2 -2 -6 -5 -4    8   9   3  32   0   5  16   3   1   0   2  16   1   0   0   1   2   0   0   0  0.73 inf
  318 D    0  0  0  2 -4  0  0 -3  4 -3 -2 -2  1 -2  0  2  1 -2  2 -2    7   6   5  12   0   4   5   0  11   0   3   1   3   1   6  16   8   0   9   2  0.29 inf
  319 M    0 -5 -5 -6 -7 -4 -5  0 -5 -3 -3 -6 -2 -4  8 -3  0 -8 -6 -3    7   0   0   0   0   1   0   6   0   2   2   0   1   1  69   2   6   0   0   2  1.95 inf
  320 Y   -1 -1 -2  0 -4  2  2 -4  0  0  0  0  1 -2 -2  2 -1 -1  2 -1    3   2   1   6   0   9  17   0   2   5   8   4   4   1   2  20   2   1   8   4  0.23 inf
  321 A    0  0  1  1 -4  1  3 -4 -1  0 -2  2 -3 -5 -3 -1  1 -5 -4  1    9   5   6   9   0   7  22   0   1   5   3  12   0   0   0   3   8   0   0  10  0.32 inf
  322 L    2 -3 -4 -5 -4  1 -5 -5 -5  1  4 -4  2 -4 -5  1 -3 -5 -4 -1   17   1   1   0   0   8   0   0   0   8  44   0   5   0   0  12   1   0   0   3  0.72 inf
  323 V   -3 -4 -6 -6 -4 -3 -6 -3 -5  2  4 -5  3  3 -6 -5 -3  3  2  0    2   1   0   0   0   1   0   3   0  10  44   0   7  12   0   0   1   4   8   6  0.85 inf
  324 R    3  2  0  0 -4  2  1 -2  0 -2 -1  2 -2 -4 -2  0 -1 -5 -1 -3   24  12   3   4   0   8  10   2   2   2   5  15   1   0   1   6   3   0   2   1  0.31 inf
  325 E    1  0  1  2 -5  3  3 -2 -1 -5 -3  1 -2 -4 -4  2  0 -5 -4 -4   12   5   5   9   0  11  20   2   1   0   2  10   1   0   0  15   5   0   0   0  0.43 inf
  326 G   -1  0 -1 -4 -5 -1 -3  6  1 -7 -7  2 -5 -7 -5 -3 -5 -7 -6 -6    5   5   2   1   0   2   1  67   3   0   0  11   0   0   0   1   0   0   0   0  1.48 inf
  327 K   -1  3  2  1 -5  2  1 -4  1 -4 -2  3 -1 -3 -3  0  0 -3 -4 -3    5  13  11   9   0  10   8   0   3   0   4  22   1   1   1   5   5   0   0   1  0.44 inf
  328 Y   -1 -6 -6 -7 -5 -1 -5 -5 -1  0 -1 -6 -2  8 -7 -4 -4  3  3  0    5   0   0   0   0   3   1   1   1   4   4   0   1  59   0   1   1   4   8   6  1.60 inf
  329 A    2 -2  3 -3 -3  0 -1 -3  4 -1 -2  2 -2 -2 -2  0 -1 -3 -2  1   20   1  18   0   0   4   3   0   9   3   4  14   1   1   2   5   3   0   1  10  0.33 inf
  330 N   -2  2  1  2 -6  0 -1 -1  4 -5 -5  4 -4 -5  2 -1  0 -6 -3 -4    3  12   8   9   0   3   2   5   9   0   0  29   0   0   9   3   6   0   0   1  0.57 inf
  331 I   -1 -4 -5 -6 -3 -5 -5 -5 -5  3 -1 -3  0 -4 -6 -5  1 -6 -1  6    5   1   0   0   0   0   0   1   0  12   4   2   2   0   0   0  10   0   2  60  1.22 inf
  332 P   -5 -2 -1  2 -7  0  0 -5 -6 -7 -7 -5 -5 -7  8 -2 -3 -8 -7 -6    0   2   3  12   0   4   5   1   0   0   0   0   0   0  66   3   2   0   0   0  1.98 inf
  333 V   -3 -5 -5 -6 -1 -5 -5 -5 -3  4  2 -5  1  2 -6 -1  0 -4  4  3    1   0   0   0   1   0   0   1   1  28  18   0   4   7   0   5   5   0  13  17  0.74 inf
  334 I   -5 -6 -7 -7 -5 -6 -7 -7 -7  5  4 -6  6 -3 -7 -6 -5 -6 -5  0    0   0   0   0   0   0   0   0   0  33  44   0  17   0   0   0   0   0   0   5  1.55 inf
  335 I   -1 -5 -2 -5 -4 -3 -5 -5 -4  5  2 -5  2  0 -5 -1  2 -5 -3  2    6   0   2   0   0   1   0   0   0  31  17   0   6   4   0   4  13   0   1  15  0.66 inf
  336 G   -4 -7 -4 -6 -7 -7 -7  8 -7 -7 -8 -6 -8 -8 -7 -3 -4 -7 -8 -8    1   0   0   0   0   0   0  95   0   0   0   0   0   0   0   2   1   0   0   0  2.71 inf
  337 D    0 -4  1  1 -2 -3 -3 -3 -2  1 -3 -4 -2  1 -4  2  3  3 -1  2    6   0   7   9   0   0   0   1   1   6   1   0   1   6   0  15  22   4   2  17  0.41 inf
  338 Q   -3 -5  8  0  2  1 -4 -4 -4 -6 -6 -5 -1 -7 -6 -3  2 -7 -6 -1    2   0  62   5   4   5   0   1   0   0   0   0   2   0   0   0  14   0   0   4  1.67 inf
  339 N    0  1  3  0 -4  1  1 -3 -1 -4 -1  2 -3 -2 -3  1  3 -5 -4 -3    7   7  14   5   0   7   9   1   2   0   6  12   0   1   0  10  18   0   0   1  0.33 inf
  340 D   -3 -4  4  7 -3  0 -1 -3  3 -7 -5 -4 -3 -7 -6 -4 -4 -7 -5 -7    2   0  20  55   1   5   4   2   7   0   1   1   1   0   0   0   1   0   0   0  1.55 inf
  341 E   -6 -4 -5  2 -8 -3  8 -5 -5 -7 -8 -4 -7 -8 -6 -5 -6 -8 -7 -7    0   0   0   8   0   0  89   1   0   0   0   0   0   0   0   0   0   0   0   0  2.53 inf
  342 G    0 -6 -4 -5  0 -5 -6  6 -4 -6 -5 -5 -3  3 -6 -3 -5 -2  1 -4    7   0   0   0   2   0   0  68   0   0   1   0   1  10   0   1   0   1   4   1  1.56 inf
  343 T    0 -1  0 -2 -4 -3 -3  2 -3 -1 -2 -2 -1 -2 -3  1  5 -3  1 -1    6   4   4   2   0   1   1  14   0   3   4   2   2   1   1  11  37   0   4   3  0.49 inf
  344 F   -1 -2 -2 -4 -2 -3 -3 -2 -3  0  2 -2  0  2 -2  0 -2  6  4  0    6   2   2   1   1   1   1   4   0   6  17   3   2   9   3   7   2  13  16   5  0.47 inf
  345 F   -5 -5 -3 -6 -6 -5 -6 -5 -4  0  1 -6  0  8 -7 -5 -5  0  3 -3    1   0   1   0   0   0   0   1   0   6  10   0   2  65   0   1   0   1   8   1  1.91 inf
  346 G    1 -3 -2 -3 -2 -3 -4  1 -4  2  1 -3 -1 -1 -1  0  1 -1 -3  2   15   1   1   0   1   0   0  11   0  14  16   0   1   2   3   9   7   1   0  17  0.26 inf
  347 T   -1 -3 -2 -1 -4  0 -2 -3 -2  0  1 -2 -2  0  5 -1 -1 -2 -1  0    4   1   2   4   0   4   2   2   1   6  16   1   1   4  34   3   4   1   2   7  0.54 inf
  348 S   -1  0 -1 -1 -3  0 -1  0 -1 -2 -1  0  1  1  2  1  1 -2  4 -2    4   5   2   3   0   4   3   7   1   1   6   6   4   5   9  11   8   0  16   2  0.17 inf
  349 S    0 -1  1  1 -3  1 -1  2 -1 -1 -1 -1  1  0  0  0  1 -1  0 -1    6   2   7   8   0   6   3  16   1   4   6   3   4   3   5   8   8   1   4   3  0.08 inf
  350 L   -1 -1 -2 -2 -3 -1 -2 -2 -1  1  2 -2  3  2  1 -1 -1  0  0  1    5   4   1   3   0   2   2   3   2   8  20   2  11   8   8   5   4   1   2   8  0.16 inf
  351 N   -1 -2  5  1 -4 -1  0  0 -2 -4 -3  0 -2 -3  1  2  0 -5 -4 -4    5   2  33   7   0   2   5   8   1   1   3   5   1   1   6  14   5   0   0   1  0.55 inf
  352 V    0 -1 -1  0 -2 -1 -1 -1 -1  2  1 -1  0  0  0  0  1 -1  0  1   10   3   2   5   0   2   4   4   1  14  14   3   2   3   3   7  10   1   3   8  0.04 inf
  353 T   -1 -2  0  0 -2 -1 -1 -1 -1  1  0 -1  0  0  1  1  3 -3 -1  0    3   1   5   5   0   2   3   4   1  10   9   2   2   4   7  11  24   0   2   5  0.18 inf
  354 T   -1 -2  1  0 -3  0  0 -1 -3 -3 -1 -1  0  1 -1  2  4 -4 -3 -2    4   1   5   4   0   4   6   4   0   1   5   3   2   6   4  13  32   0   1   2  0.34 inf
  355 D   -1  2  1  3 -3  0  1 -1 -2 -3 -2  0 -2 -2  1  0  0 -3 -2 -2    5  13   7  20   1   3  10   3   0   1   4   5   1   1   8   8   6   0   1   2  0.27 inf
  356 A    1 -1 -1  2 -3  0  3  0 -2 -2 -2  1 -2  0  0  0 -1 -2 -2 -1   14   2   2  12   0   3  20   6   1   2   3  10   1   4   3   7   4   1   1   4  0.20 inf
  357 Q   -1 -1 -1  2 -4  3  4 -1  0 -2 -2  1  1 -4 -2 -1 -1 -3 -2 -2    5   2   2  12   0  16  26   5   2   2   4   9   4   1   2   3   3   0   1   2  0.40 inf
  358 A    0 -3 -3 -3 -3 -2 -2 -3 -3  1  1 -2  1  5 -2 -1  0 -1  2  1   10   1   1   1   0   2   3   2   0   7  11   2   4  29   2   4   5   1   6   8  0.41 inf
  359 R    0  2  0  1 -3  0  0 -2 -1  0  0  0  0 -1  1  0  0 -2  0  0    7  13   5   7   0   5   4   2   1   7  13   6   1   2   6   5   5   0   3   7  0.06 inf
  360 E    0  0  1  3 -4  2  3 -1 -2 -3 -3  0 -2 -3 -2  1  1 -3 -4 -2    9   4   6  17   0   8  18   5   1   1   3   6   1   1   1  10   8   0   0   2  0.32 inf
  361 Y    0 -2 -2 -3 -2 -1 -1 -1 -2  0  0 -3  0  5 -4 -1 -1  3  4 -1    9   2   1   1   1   3   4   6   1   6   7   1   3  25   1   4   3   4  14   5  0.42 inf
  362 F   -2 -4 -4 -5 -2 -4 -4 -5 -2  3  3 -4  2  3 -3 -3  0  2  0  2    2   1   1   0   1   0   1   1   1  16  30   1   5  12   1   1   5   2   2  16  0.57 inf
  363 K    0  2  1 -1 -4  2  0 -1  2 -2 -1  3  1 -3 -1  1  0 -2 -3 -2   10  11   6   3   0   9   4   4   5   1   5  18   3   0   2   8   7   1   0   1  0.22 inf
  364 Q    1  1  1  0 -2  1  1 -1 -1 -2 -1  0  0 -2 -2  1  1 -2  0 -1   11   7   9   5   0   5   7   5   1   2   5   4   2   1   2  14  11   0   4   3  0.11 inf
  365 S    0 -1  1 -1 -2  0  0 -2 -2  1  1 -1  0  1 -1  0  0 -1  1  0    6   3   7   2   1   5   6   3   0  10  17   2   2   5   2  10   6   1   6   4  0.05 inf
  366 F   -1 -3  0 -4 -3 -3 -4 -1 -2  1  2 -4 -1  5 -4 -1 -2  1  3  0    4   2   5   1   0   1   1   6   0   7  16   0   1  30   1   4   2   2  11   6  0.56 inf
  367 V   -1 -2 -3 -3 -4 -1 -3 -2 -2 -1  0  0 -2  1  6 -1 -1  0 -2 -1    5   2   1   1   0   2   2   4   1   4  10   7   1   6  40   4   4   1   1   4  0.72 inf
  368 H    1  0  2  1 -3  0  0  2  3 -3 -2  0 -2 -2  0  0  0 -1  0 -2   13   4  11   8   0   4   5  13   7   1   3   5   1   1   5   7   4   1   4   2  0.17 inf
  369 A    2 -1 -2 -2 -3 -1 -3 -2 -3  1  3 -2  2  1 -1 -1 -1 -1  0  1   16   3   2   2   0   3   1   3   0   7  29   2   4   5   2   3   3   1   4   9  0.22 inf
  370 S   -1  0  3 -1 -3 -2 -2 -1 -2 -3 -2 -1 -2  0  2  3  3 -3 -2 -2    5   4  14   3   0   1   2   4   1   1   3   4   1   5  10  21  18   0   1   2  0.35 inf
  371 D    0  0  0  3 -3  0  2  0  0 -3 -2  2 -3 -3  2  0 -1 -5 -3 -3    8   4   4  17   0   4  13   7   2   1   4  11   0   1   9   7   4   0   1   1  0.27 inf
  372 A    1 -1 -1  1 -3  1  2 -2 -1 -1 -1  1 -2 -1  0  1  2 -3 -3 -1   13   2   2   7   0   5  15   2   1   4   5   7   1   3   4  11  12   0   0   4  0.16 inf
  373 E    0 -1  0  2 -1  2  1 -1  1 -1  0 -1 -1 -1 -3  0  0  0 -2  0    9   2   4  15   2  12   9   5   3   3  10   1   1   2   1   4   7   1   1   7  0.13 inf
  374 I    1  1 -3 -4 -3 -2 -2 -2 -3  3  3 -1  1  0 -3 -2 -1 -4 -2  2   12   8   1   0   0   1   2   2   0  17  25   3   3   4   1   2   4   0   1  14  0.31 inf
  375 D    0  0  0  4 -5  2  3 -3  0 -4 -3  0 -4 -4  0  0 -1 -5 -4 -4   10   4   4  27   0   9  17   1   2   1   2   5   0   1   4   8   4   0   0   1  0.52 inf
  376 T    2  1 -1 -1 -3  1  1 -2 -2 -1  0  1 -1 -3 -1  0  1 -3 -3 -2   23   8   2   3   0   6   8   3   1   3  11   9   1   1   2   6  11   0   0   2  0.19 inf
  377 L   -1 -6 -5 -6 -5 -5 -5 -6 -6  5  3 -6  0 -2 -5 -3 -3 -1 -3  3    6   0   1   0   0   0   0   0   0  36  28   0   2   2   1   2   1   1   0  20  1.02 inf
  378 M    1 -1  0 -2 -3 -1  0 -3 -1  1  2 -1  3  0 -3 -1 -1  1 -2  1   11   3   6   2   0   1   6   1   2   7  26   4   7   3   1   3   3   2   1   9  0.17 inf
  379 T    1  0  1  1 -4  1  2 -3  0 -4 -2  1 -2  3 -3  0 -1 -3  0 -2   12   6   6   9   0   5  15   1   2   0   4  11   1  12   1   7   3   0   3   2  0.24 inf
  380 A    1 -1 -4 -3 -4  2  2 -4  1 -1  3 -1  1 -2 -4 -2 -1 -1 -1 -2   12   2   0   0   0  11  16   1   4   3  31   2   3   1   0   3   4   1   2   2  0.37 inf
  381 Y   -6 -7 -4 -6 -8 -3 -7 -8 -2 -3 -4 -7 -6 -1 -3 -7 -5 -4 10 -5    0   0   1   0   0   1   0   0   1   1   2   0   0   1   2   0   1   0  88   1  3.21 inf
  382 P   -2 -2 -3 -4 -5 -1 -3 -3 -3 -2 -1 -3  2 -2  7 -1  1 -5 -5 -2    2   2   1   1   0   3   1   2   1   2   7   1   5   2  52   4  10   0   0   3  1.23 inf
  383 G    0 -1  2  5 -2  0  0  1 -1 -2 -3 -1 -3 -3 -1 -1 -1 -4 -2 -1    6   4  10  30   1   3   6  12   2   2   3   4   1   1   3   4   3   0   1   4  0.39 inf
  384 D   -2 -3  0  4 -3 -1  0 -2 -1  1 -2 -2 -2 -2  2  0 -1  6 -1  0    3   1   5  23   0   2   5   3   2   8   4   2   1   1  10   6   4  10   2   7  0.37 inf
  385 I    0 -2 -1  0 -2 -1  0 -1 -2  0  1 -1  0 -1  3  0  1 -1 -1  0   10   2   2   4   0   3   6   4   1   7  15   3   2   2  17   5   8   1   2   7  0.16 inf
  386 T    1  0  1  1 -2  0  1 -1  0 -1 -2  0 -1 -2  0  1  2 -1 -2 -2   12   5   7  10   1   3  11   3   3   3   3   5   1   2   3  11  13   1   1   2  0.13 inf
  387 Q    0 -1  0  2 -3  2  1 -1  0 -1  0  0 -1 -2  2  0 -1 -3 -1  0    7   2   5  15   0  10   9   3   2   4   9   5   1   2   9   6   3   0   2   7  0.12 inf
  388 G    0 -1  1  1 -2  0  0  3  0 -2 -2 -1 -2 -2  1  0 -1  2 -1 -2    7   3   7   7   1   4   7  24   2   1   5   3   1   1   8   8   4   3   2   2  0.20 inf
  389 S    1 -1  0  2  0 -1  0 -2 -2  1 -1 -1  0 -2  0  2  0 -3 -1  0   10   3   4  13   2   2   5   2   1  10   4   2   2   1   4  21   4   0   3   7  0.15 inf
  390 P   -2 -1 -2  0 -3  0  0 -2  1 -1 -2  0 -2 -2  6 -2 -2 -3  0 -1    3   3   2   5   1   5   6   3   4   3   5   5   1   2  40   3   2   0   3   5  0.73 inf
  391 F    1 -2 -1 -1 -2 -2  0 -1  0 -1 -1 -1  1  4 -1  0  0  0  3  0   12   2   2   4   0   1   7   4   2   4   5   4   3  17   3   6   5   1  12   6  0.17 inf
  392 D    1  1  1  1 -2  0  0  1  0 -2 -1  0  0 -1 -1  0 -1 -2  1 -1   11  11   8   8   0   3   6  11   2   2   5   4   2   2   3   8   4   0   6   4  0.09 inf
  393 T    0 -2  2  1 -3 -1  0 -1 -2 -2  0 -2 -1 -1 -1 -1  4  1  1 -2    6   2  10   6   0   2   7   4   1   2  11   2   1   2   3   4  26   2   5   3  0.23 inf
  394 G   -1  2  0  2 -3  0  1  3 -1 -3 -2 -1 -1 -3 -2 -1 -1 -1 -1 -2    5  11   4  12   0   3   8  27   1   1   4   4   2   1   2   4   4   1   2   3  0.28 inf
  395 I   -1  0  0  2 -2 -1  0 -1 -1  0  0  0 -1  0  0  0  1  3  1 -1    5   5   4  14   1   2   4   4   1   7   9   5   2   4   5   6   9   5   4   4  0.07 inf
  396 L    0  0  0 -1 -1  0 -1 -1 -1  0  2  0  0  0  1  0  0  0 -1  0    9   4   4   3   1   3   4   3   2   4  23   6   2   4   8   6   5   2   2   6  0.06 inf
  397 N    0  1  3  2 -3  0  0  0  2 -1 -2 -1 -2 -2  1  0 -1  0 -2 -2    6   7  17  12   0   5   6   6   5   4   3   3   1   2   8   8   3   2   1   2  0.22 inf
  398 A    1  0  1  1 -1  0  1  1 -1 -2 -2 -1 -1 -2  2  0  1 -3 -1 -2   14   5   8   6   1   4   7  11   2   2   3   3   1   2  11   7   8   0   3   2  0.15 inf
  399 L   -1 -1  0  0 -1 -1 -1 -2  1  1  1 -1  0  1 -1 -1  0  2  2  1    5   3   4   6   1   2   3   3   4   9  19   4   3   5   3   4   5   3   7   8  0.05 inf
  400 T    0  0  0  1 -3  0  0  3 -1 -2 -2  0 -1 -2 -1  1  1 -1  1 -2    8   4   4   8   0   5   5  20   1   2   3   5   1   2   3  10  10   1   5   2  0.17 inf
  401 P    1 -1  0  1 -1 -1 -1 -1 -1 -1 -2  0  0 -3  4  1  1 -2  0 -2   12   4   3   9   2   2   4   3   1   3   4   5   3   1  21  10   7   1   3   2  0.26 inf
  402 Q   -2 -1  0 -1 -3  6  1 -1 -1 -1 -1 -1  0 -2 -1 -1 -2  1  1 -1    3   3   5   3   0  36   7   4   2   5   5   3   2   2   3   3   2   2   6   4  0.52 inf
  403 F   -2  1 -2 -3 -3 -1 -2 -3 -1 -1 -1 -1  0  5 -3 -2 -2  5  5 -2    4   8   2   2   0   4   3   2   1   3   5   4   2  25   1   3   3   8  19   3  0.65 inf
  404 K   -1  3  1  0 -3  2  0 -2 -1 -2 -2  4 -2  0  0 -1 -1  0 -1 -3    3  13   7   6   0   8   6   3   1   3   3  26   1   4   4   3   3   1   3   2  0.32 inf
  405 R    0  6 -2 -3 -4  2  0 -2  0 -3 -2  0  1 -4 -2  0 -1 -4 -3 -3    9  43   1   1   0   7   5   3   2   1   3   4   4   1   2   6   3   0   1   2  0.73 inf
  406 I    1 -3 -3 -3 -2 -3 -3 -2 -3  2  3 -2  2  1 -2  0  0  0  0  1   12   1   1   2   1   1   1   2   0  11  29   2   6   5   2   6   4   1   4  10  0.29 inf
  407 S    3 -3  0  2  0 -2  0 -1 -3 -1  0 -2  0 -4 -2  2  0 -4 -4 -1   27   1   5  12   2   1   5   4   0   3   8   2   2   1   1  18   4   0   0   3  0.32 inf
  408 A    4  0  1  3 -4  1  0 -3 -2 -3 -1  0 -3 -3 -3  0  0 -4 -4 -2   31   5   6  15   0   6   5   1   1   1   5   6   0   1   1   7   4   0   0   2  0.39 inf
  409 V    2 -5 -5 -5 -4 -4 -5 -5 -5  4  2 -5  5  2 -4 -3 -3  1  1  1   16   0   0   0   0   0   0   0   0  23  17   0  15   7   1   2   1   2   4  10  0.71 inf
  410 L    0 -3 -4 -4 -3  0 -4 -2 -2  0  2 -4  4  2 -5 -2 -2  1  5  2    7   1   0   1   0   4   1   3   1   4  17   0  11   9   0   2   2   2  18  16  0.54 inf
  411 G    1  0 -1 -5 -6 -4 -2  6 -4 -6 -6 -4 -2 -7 -3  0  3 -6 -6 -6   10   5   3   0   0   1   3  54   0   0   0   1   1   0   1   5  15   0   0   0  1.18 inf
  412 D   -6 -4 -2  8 -3 -2  1 -6  1 -7 -8 -5 -7 -4 -4 -3 -3 -2 -3 -5    0   1   1  74   1   2   9   0   3   0   0   0   0   1   1   2   1   1   1   1  2.11 inf
  413 L    1 -2 -3 -5 -4 -1 -3 -2  2  0  1 -3  2  3 -3 -1 -2  1  5  1   12   2   1   0   0   2   1   2   5   5  13   1   6  11   1   4   2   2  20   9  0.44 inf
  414 G    1  0  0 -2 -2  0 -3 -1  1  0  0 -2  4  2 -4 -1  1 -1  0  1   12   6   4   2   1   5   1   4   4   6   7   1  12   8   0   3  11   1   3   9  0.16 inf
  415 F   -5 -6 -4 -7 -6 -2 -6 -7 -5  0 -1 -6  4  8 -4 -6 -6  3  4 -1    1   0   1   0   0   2   0   0   0   4   5   0   9  53   1   0   0   3  14   4  1.75 inf
  416 T    0 -3 -1 -2 -2  0 -3 -1  2  3 -1 -3 -1 -2 -3 -1  2 -1 -3  4    8   1   3   2   1   5   1   5   5  15   3   1   1   1   1   4  14   1   0  26  0.34 inf
  417 L    3 -3 -5 -3  9 -3 -1 -4 -2  0 -1 -5 -1 -2 -4 -2 -4  0 -1  0   21   2   1   2  38   1   4   1   1   6   5   0   2   2   1   3   1   1   3   6  1.20 inf
  418 A    0 -3  0 -3 -7 -2 -4 -1 -2 -4 -7 -5 -4 -7  8 -1 -2 -2 -7 -3    7   2   4   1   0   2   1   5   1   1   0   0   0   0  64   4   3   1   0   2  1.74 inf
  419 R    3  4 -2 -2 -5 -3 -4 -1 -3 -3 -3 -2 -1 -5 -2  2  2 -6 -4  1   21  21   2   2   0   0   0   5   0   1   2   2   2   0   2  15  13   0   1  10  0.50 inf
  420 R   -2  5  1 -2 -5  1 -2 -5 -3  1  1 -1  0 -1 -3 -3 -2 -1 -1  1    3  35   6   2   0   5   3   1   1   8  12   2   2   2   2   1   2   1   2  11  0.54 inf
  421 Y    0  0 -1 -1 -4  2  1 -3  1  0  0 -1 -1  1 -4 -1  0  3  2 -1    8   6   3   4   0  12   9   1   4   6  11   3   1   7   0   4   5   5   8   3  0.17 inf
  422 F    0 -2 -4 -4 -3 -2 -3 -4  1 -1  1 -4  3  4 -5 -2  2  4  0  2    8   2   0   1   1   2   1   1   3   3  13   0   7  17   0   2  16   6   3  13  0.48 inf
  423 L    5 -1 -3 -5  1 -2 -4 -2 -5 -2  1 -4 -2 -2 -5  0  0 -6 -5 -1   55   4   1   0   3   1   1   3   0   2  12   1   1   1   0   6   5   0   0   3  0.89 inf
  424 N   -2  2  2  2 -5  3  2 -1  3 -5 -4  1 -4 -4 -2  0  0 -3  0 -5    2  10  10  12   0  11  14   5   7   0   2   9   0   0   2   7   5   0   4   0  0.40 inf
  425 H    3  1 -2 -2 -4  1 -2 -3  4 -2  0  0 -1 -1 -4  0 -1 -3  2 -1   25   9   1   2   0   6   2   1  12   3   9   4   1   2   0   7   4   0   8   3  0.34 inf
  426 Y    1  0 -3 -3 -3  0 -3 -1  5 -3 -1 -3  3  2 -3 -2 -1  4  4 -2   14   6   1   1   0   4   1   6  16   1   5   1   6   9   1   2   3   6  14   2  0.55 inf
  427 T    4 -2 -2 -3 -5 -1 -2 -2 -1 -3 -4 -1 -3 -5 -1  4  2 -6 -5 -1   35   2   2   1   0   2   2   2   1   2   1   4   0   0   3  26  11   0   0   5  0.69 inf
  428 G    0 -1  0  1 -6 -1 -1  5  1 -6 -6  0 -4 -2  2  0 -3 -1 -1 -5    6   3   4   7   0   2   3  40   4   0   0   5   0   2  12   6   1   1   3   1  0.67 inf
  429 G    3 -1  1 -3 -2 -1 -2  1 -2 -1 -1 -1 -1 -3 -3 -1  1  0 -3  3   24   3   7   1   1   2   3  10   1   2   5   3   2   1   1   4   8   1   0  22  0.26 inf
  430 T   -2 -2  1 -1 -6  1 -3 -1  0 -6 -5  1 -5 -1  5 -1  0  4  4 -3    3   2   7   3   0   5   1   6   3   0   0   8   0   3  26   6   5   5  15   1  0.66 inf
  431 K    0 -1 -1 -2  0 -2 -2 -3 -2 -1 -2 -1  1  1 -1  1  2 -5 -3  4    9   4   3   2   2   1   2   2   1   2   1   4   4   5   3  10  14   0   0  31  0.36 inf
  432 Y   -4 -5 -4 -5 -7 -4 -5 -7 -2 -6 -4 -4 -4  3 -1 -5 -4  6  9 -4    1   1   1   1   0   1   1   0   1   0   2   1   1   9   3   1   1  11  63   1  2.32 inf
  433 S    0  2 -2 -3 -1 -1  1 -3 -2 -2  0 -1  3  1 -2  2  0 -2  2  0    7  12   2   0   1   2   8   2   1   1  10   2   8   7   1  15   6   1   7   6  0.19 inf
  434 F   -5 -6 -4 -5 -2 -5 -7 -7 -3 -6 -4 -6 -6  5 -7 -5 -4  3  9 -3    1   0   1   1   1   1   0   0   1   0   2   0   0  22   0   1   1   4  62   2  2.44 inf
  435 L   -2  2  1  0 -3  1  2 -3  1 -1  1 -1 -1  1 -4 -2 -2 -3  2  0    3  11   7   5   0   7  15   2   3   2  17   2   1   5   0   2   2   0   9   8  0.22 inf
  436 S    0 -5 -2  0 -2 -3 -3 -5  2 -4 -2 -4 -1  7 -4 -1 -4  3  4 -1    8   0   2   6   1   1   2   1   5   0   3   1   2  39   1   5   1   4  14   5  1.00 inf
  437 K   -1  2  1  2 -5  3  0 -2  2 -4 -4  0 -3 -1 -1  1  1  3  0 -4    4  12   7  13   0  12   5   2   6   1   1   4   1   2   3  10   9   4   3   1  0.33 inf
  438 Q   -1  0 -1  0 -6  2 -2 -4  7 -4 -3 -2 -1  0  1 -2 -1  2  4 -2    6   5   2   5   0   9   2   1  26   1   2   2   2   3   8   2   5   3  14   3  0.73 inf
  439 L    0  3  0  0 -1  0 -1 -1  0  0  0 -1  0 -1  1  0  0  1 -1 -1    9  17   3   6   1   3   3   5   3   4  11   1   3   2   7   9   5   2   1   5  0.09 inf
  440 S    1 -1  1  0 -4 -1 -2 -2  1 -2 -3  0 -1 -2  3  2  1 -4  1 -2   12   3   6   4   0   2   1   2   3   2   2   6   2   2  17  17  10   0   6   3  0.31 inf
  441 G    1 -1  2 -1 -4 -1 -1  1 -2 -3 -2  0 -2 -4  1  2 -1  6 -2 -1   10   4   9   4   0   2   4  11   1   1   4   6   1   0   7  16   3  11   1   5  0.33 inf
  442 L   -2 -2 -2 -1 -4 -2 -3 -2 -3  0 -1 -1 -1  1  6 -1  2 -3 -3 -1    3   2   2   4   0   2   1   3   1   5   7   5   2   5  35   5  12   0   1   4  0.64 inf
  443 P   -1 -2 -3  0 -6 -1  1 -2 -3 -5 -4 -1 -4 -6  6  2  0 -2 -6 -4    6   2   1   5   0   3  10   3   1   1   2   4   0   0  39  13   7   1   0   1  0.89 inf
  444 V    1 -3 -2 -6 -3 -3 -3  0  1  1 -3 -2 -2  1 -3 -2  0  8  3  2   10   1   2   0   0   1   1   6   4   7   2   2   1   5   2   4   5  22  11  14  0.75 inf
  445 L   -1 -2 -1 -3 -2 -2 -3 -3 -4  1  2 -3  5  0 -3 -2  0  2  1  3    4   2   3   1   1   2   2   1   0   8  22   1  13   4   1   3   5   3   5  18  0.40 inf
  446 G   -3 -2 -5 -2 -7 -3 -4  7  0 -6 -7  1 -5 -2 -1 -4 -5 -7 -5 -5    2   2   0   2   0   1   1  73   2   1   0   7   0   2   3   1   0   0   0   1  1.74 inf
  447 T    5 -5 -5 -3  1 -4 -4 -4 -5 -2 -4 -4 -4 -5 -2  0  2 -5 -5  4   43   0   0   2   2   1   1   1   0   2   1   1   0   0   2   6  12   0   0  25  0.94 inf
  448 F    0 -3 -1  3  1 -1 -3 -1 -2 -1 -2 -3  3  2  2 -1  1 -4  0 -1    9   1   3  18   3   2   1   4   1   4   4   1   8  11  11   4  10   0   4   4  0.30 inf
  449 H   -8 -6 -6 -7 -8 -3 -6 -8 11 -9 -8 -7 -7 -7 -8 -7 -8 -8 -5 -9    0   0   0   0   0   1   0   0  96   0   0   0   0   0   0   0   0   0   0   0  4.44 inf
  450 S    2 -6 -4 -5 -4 -6 -5  5 -4 -5 -5 -5 -2  3 -6 -1  2 -6 -3 -2   19   0   0   0   0   0   0  47   0   0   1   0   1  10   0   5  12   0   1   3  1.11 inf
  451 N    1 -5 -1  5 -5  0  0 -4 -4 -3 -2 -3 -2 -1 -3  2  0 -4  1  0   12   0   2  31   0   4   5   1   0   1   5   1   1   3   1  16   5   0   6   6  0.53 inf
  452 D   -4 -6 -1  5 -8  0  7 -7 -3 -8 -8 -4 -7 -8 -6 -5 -6 -8 -7 -8    2   0   3  25   0   4  65   0   0   0   0   0   0   0   0   0   0   0   0   0  2.07 inf
  453 I   -4 -4 -5 -7 -4 -3 -6 -5 -4  6  3 -6  3 -2 -6 -4 -2 -6 -3  3    1   1   0   0   0   1   0   1   0  37  27   0   6   1   0   1   2   0   1  19  1.14 inf
  454 V    1 -1 -1 -2 -4  0  1 -3 -4 -1 -2 -3 -2  0  4 -1 -2  1 -1  2   15   3   3   2   0   4  11   2   0   3   4   1   1   4  24   4   2   2   2  14  0.42 inf
  455 F   -3 -7 -5 -7 -7 -6 -4 -2 -4 -4 -2 -6 -2  7 -6 -4 -5  1  7 -5    2   0   1   0   0   0   1   4   0   1   3   1   1  49   1   2   1   1  31   1  1.97 inf
  456 Q   -1 -4 -4 -4 -3 -1 -1  0 -4  1  0 -3  0  0  0 -2 -1 -3  1  5    4   1   1   1   0   3   4   9   0   7   6   1   2   4   5   3   3   0   4  39  0.48 inf
  457 D   -1 -3 -2  1 -6 -4 -2 -1 -4 -4 -2 -4 -2  7 -2 -2  1  0  0 -4    5   1   2   7   0   1   3   5   0   0   3   1   1  52   2   4   8   1   2   1  1.20 inf
  458 Y   -3 -2  2  0 -6 -1 -1  4  1 -2 -4 -3 -4  0  3 -4 -2 -5  3 -3    2   2  10   5   0   2   4  34   3   3   1   1   0   5  13   0   2   0  12   2  0.64 inf
  459 L   -1 -3  3 -2 -3  0 -1 -1  0  0  1 -2  0  2 -1  0  1  0 -1  0    4   1  14   1   0   4   5   4   3   6  15   2   2  11   3   6  10   1   1   8  0.15 inf
  460 L   -1 -2 -1 -3 -4 -1 -2 -1 -3 -1  2 -3 -1  2  5 -2 -1 -1  0 -1    5   2   3   2   0   2   2   5   1   4  19   1   1   8  31   2   3   1   4   4  0.54 inf
  461 G    0 -1  1 -1 -4 -1 -1  2  1 -3  1  2  0 -2  0  0  0  1 -3 -3    7   3   8   4   0   2   3  17   3   1  14  16   2   1   4   6   5   2   0   1  0.19 inf
  462 S    0  0  2  1 -4  1  3  0 -1 -2 -1 -1 -1 -2 -2  0  0 -2  0 -1    8   4   9   9   0   5  19   6   1   2   6   3   1   2   2   8   5   1   4   5  0.15 inf
  463 G    0  0 -1 -2 -4 -2 -3  2 -3 -1  2 -1  2 -2  2 -1 -1  0 -3  0    8   6   2   2   0   2   1  18   0   3  21   4   5   1  12   3   4   1   0   6  0.24 inf
  464 S    2 -3 -3  0 -4 -2 -2 -2 -6 -5 -7 -2  0 -7  0  6 -1 -7 -5 -4   16   1   1   5   0   2   3   3   0   1   0   2   2   0   5  55   3   0   0   1  1.12 inf
  465 L    0  3 -1  1 -4  0  0 -3  1 -1  1  2  0 -2 -2 -1 -1 -4  0 -1    7  18   3   7   0   4   4   2   4   3  13  14   2   1   2   5   3   0   4   4  0.20 inf
  466 I    0  1  0  0 -3  1 -1 -2 -2  1  0  0  2 -1 -2  0  1 -4 -1  0    7   9   5   5   0   8   3   1   1   9  10   5   7   2   1   7  10   0   2   8  0.10 inf
  467 Y   -3 -7 -7 -8 -6 -5 -6 -3 -6  2  0 -7  8  2 -7 -5 -2 -6  4  2    2   0   0   0   0   0   0   2   0  12   6   0  40   7   0   1   3   0  12  15  1.54 inf
  468 N   -2 -2  1 -5 -4  3 -5 -5  3  0 -3 -4  8 -6 -6  1 -1 -4 -5 -1    4   2   6   1   0  13   0   1   7   6   1   1  39   0   0  10   5   0   0   4  1.27 inf
  469 N    2  3  0  2 -5  0 -1  0 -1 -5 -5  3 -5 -6 -3  1  1 -6 -3 -5   17  15   4  10   0   3   2   8   1   0   1  20   0   0   1   9   7   0   1   0  0.48 inf
  470 A    1 -3 -3 -5 -7 -5 -4 -4  0 -4 -3 -4  3  2 -5 -1 -3 -4  8 -5   10   2   1   1   0   0   1   1   2   1   3   1   7   8   1   4   2   0  55   0  1.71 inf
  471 F   -7 -9 -5-10 -4 -8 -9 -9 -8 -2 -2 -9 -1  2 -9 -9 -8 12  2 -3    0   0   1   0   0   0   0   0   0   3   5   0   1   8   0   0   0  73   7   2  3.74 inf
  472 I    4 -6 -4 -6 -2 -4 -5 -1 -6  3 -1 -5 -3 -4 -5  0  4 -6 -3  1   31   0   0   0   1   0   0   4   0  17   5   0   0   1   0   5  24   0   1   9  0.79 inf
  473 A   -1  0  7 -2 -7 -4 -4 -4 -3 -5 -7 -4 -7 -7 -6  4 -1 -8 -7 -7    6   6  47   2   0   1   1   1   0   1   0   1   0   0   0  31   4   0   0   0  1.55 inf
  474 F   -8 -9 -9 -9 -8 -9 -9 -9 -4 -6 -5 -9 -6 10 -9 -6 -8 -5 -1 -7    0   0   0   0   0   0   0   0   0   0   1   0   0  96   0   1   0   0   1   0  3.66 inf
  475 A    6 -5 -7 -7 -5 -6 -6 -4 -7  3 -4 -6 -3 -4 -6 -4 -2 -7 -6  3   59   0   0   0   0   0   0   1   0  18   1   0   0   1   0   1   2   0   0  16  1.45 inf
  476 T   -1  5  1 -5 -4 -2 -3 -5  2 -3 -3  4 -3 -6 -6 -2  2 -4  1 -2    6  33   7   0   0   2   1   0   5   2   2  20   1   0   0   2  11   0   5   3  0.82 inf
  477 D   -2 -4  4  1 -4 -2 -3 -3  3 -5 -6 -2 -4 -2 -6  1  6 -7  0 -4    3   1  17   7   0   1   1   2   6   0   0   3   0   2   0   8  44   0   3   1  1.05 inf
  478 L   -5 -4 -4 -6 -7 -3 -7  7 -1 -6  2 -4 -2 -2 -7 -4 -5 -7 -2 -6    0   1   1   0   0   1   0  67   1   0  20   1   1   2   0   1   0   0   2   0  1.65 inf
  479 D   -4 -3  6  6 -8 -4 -3 -6 -2 -6 -8 -1 -7 -8 -6 -1 -2 -8 -7 -5    1   1  38  45   0   1   1   0   1   0   0   3   0   0   0   5   3   0   0   1  1.78 inf
  480 P   -7 -5 -8 -8 -9 -7 -7 -8 -8 -9 -7 -7 -8 -9  9 -5 -7 -9 -9 -6    0   1   0   0   0   0   0   0   0   0   1   0   0   0  96   1   0   0   0   0  3.52 inf
  481 N   -5 -5  8 -2 -7 -3 -4 -4 -5 -7 -7 -5 -4 -7 -7  1 -2 -8 -7 -4    1   1  78   2   0   1   1   1   0   0   0   0   0   0   0  10   3   0   0   1  2.42 inf
  482 T    0 -1  0  1 -3 -2 -2  3 -1 -1 -2  0 -3 -3  0  1  2 -3 -4 -1    8   3   4   8   0   1   2  27   1   3   3   6   0   1   5   9  13   0   0   6  0.29 inf
  483 A    1 -1  1  0 -4  0  2  1  4 -3 -3 -1 -2 -4  2  1 -2 -5 -1 -2   11   4   6   4   0   3  17   9   9   1   3   4   1   0  11  10   1   0   2   3  0.29 inf
  484 G   -2  1  0  0 -3 -3 -1  5 -1 -5 -5  1 -4 -5 -2  1  0 -1 -5 -4    3   9   5   6   0   1   3  43   1   0   1   7   0   0   3  10   5   1   0   1  0.72 inf
  485 L   -1  0  1  1 -2 -1  0  2 -1 -1  0  0  0 -2  0  0  0 -1 -2  0    4   5   8   7   0   2   5  16   1   2  12   6   2   1   4   9   7   1   1   8  0.08 inf
  486 L    0 -1 -2 -1 -4 -1 -1 -2 -2 -1  3 -2  0 -1  1  1  0 -2  0 -1    9   4   2   4   0   2   4   3   1   2  28   2   2   2   9  14   4   0   4   5  0.18 inf
  487 V    0 -3 -2 -2 -5 -1 -1 -3 -5  0 -3 -4 -1 -2  6 -2  0 -6 -3  2    7   1   2   2   0   2   4   2   0   6   3   1   2   2  41   3   6   0   1  16  0.89 inf
  488 K    0  1  2  0 -2  1  2 -3  5 -3 -3  1 -2 -3 -1 -2  0 -4  1 -2    8   6   9   6   1   7  16   1  12   1   2   9   1   1   2   2   7   0   5   3  0.33 inf
  489 W   -7 -3 -9 -9 -8 -8 -8 -8 -8 -8 -6 -8 -8 -3 -9 -5 -5 13 -5 -7    1   2   0   0   0   0   0   0   0   0   1   0   0   1   0   1   1  92   0   1  4.93 inf
  490 P   -4 -5 -4 -3 -8 -3  0 -6 -7 -8 -8 -1 -6 -9  8 -2 -5 -9 -8 -6    1   1   1   2   0   1   7   1   0   0   0   4   0   0  78   3   1   0   0   0  2.49 inf
  491 E    1  3 -1 -3 -3  3  1 -4  0 -3 -2  2 -1 -5  2 -1  0 -5 -4  1   12  14   2   0   1  13  10   0   2   1   4  11   2   0   9   4   5   0   0  11  0.33 inf
  492 Y   -6 -6 -8 -9 -8 -7 -8 -8  1 -7 -5 -8 -2  4 -8 -5 -7  8  9 -6    1   1   0   0   0   0   0   0   3   0   1   0   1  15   0   1   0  18  58   0  2.72 inf
  493 T   -3 -1  4  4 -5 -1 -1  1 -1 -4 -5  0 -4 -6 -4  0  4 -6 -5 -5    2   3  17  21   0   3   4   9   1   1   1   6   0   0   0   7  26   0   0   0  0.72 inf
  494 S    1 -1 -1  0 -3  2  0 -2  0 -3 -1  1 -2 -4  2  1  1 -2 -2  0   13   3   3   5   0  10   6   3   2   1   6   7   1   0  11  13   8   1   1   6  0.19 inf
  495 S   -1 -1  1  3 -4 -1  1  1  0 -4 -3  1 -3 -1 -2  2  1  0 -1 -3    4   2   7  15   0   1  11  11   2   0   2  10   0   3   1  16   7   2   2   2  0.27 inf
  496 S    0  0  2  2 -4  0  3 -1  0 -4 -3  0 -4 -4 -2  2  0 -4 -3 -3    7   4  11   9   0   4  22   4   2   1   2   5   0   1   1  16   6   0   1   2  0.37 inf
  497 Q   -2  3 -2  0 -5  4  1  0 -2 -5 -4  1 -1 -5  3  0 -2 -2 -4 -3    3  14   2   4   0  19   8   6   1   0   1  10   1   0  17   7   2   1   0   1  0.53 inf
  498 S    1  0 -1 -1 -3  1  1  0  1 -2 -2  1 -1 -2  0  0  0 -1  2 -1   14   4   1   3   0   8  11   5   3   1   4  12   2   1   4   8   5   1   7   5  0.12 inf
  499 G    0 -1  1 -2 -3  0 -2  2  0 -2  0 -2 -1 -1  1 -1  0 -1  5 -1    6   3   6   3   0   5   2  16   2   2   9   2   2   1   8   3   5   0  20   5  0.26 inf
  500 N   -1  1  1  0 -3  2 -1 -2  1 -1  1  1  3 -2  1 -1 -2 -3  0 -1    3   6   7   6   0   9   3   3   4   3  16   9   8   1   8   2   2   0   4   5  0.13 inf
  501 N   -2  1  2  0 -3  1  1 -2  1  0  1  1  0 -1 -2  0  0 -3  0 -1    1   7  14   4   0   8   8   2   3   5  14   9   2   3   1   5   5   0   3   4  0.12 inf
  502 L   -3  0 -2 -2 -4 -2 -2 -4 -2  1  3 -3  1  2 -4 -3 -3  1  4  1    2   5   2   3   0   2   2   1   1   9  33   1   4   9   0   1   1   2  13   9  0.47 inf
  503 M   -1 -3 -1  0 -3 -2 -3 -2 -2  1  3 -3  4  2 -3 -2  0 -2  0  1    4   1   3   5   0   1   1   4   1   6  31   1  12   8   1   2   6   0   2  11  0.34 inf
  504 M   -2 -1  1  1 -4  3  0 -3  0  1  0 -2  0  2 -2 -1  0 -1  1  1    2   2   7   8   0  14   5   1   2   7   8   1   3  12   1   4   5   1   5  13  0.17 inf
  505 I   -2 -2 -1  1 -4 -1 -2 -2 -3  2  2 -2  1  4 -3 -2  1 -3 -1  1    2   2   3   8   0   2   3   4   0  13  18   2   3  18   1   1  10   0   1  11  0.27 inf
  506 N    0  0  5  1 -5  0 -1  1  2 -4 -4 -1 -1 -2  1  2 -2 -5 -3 -4    7   4  28   8   0   3   4  10   4   1   1   3   1   2   7  14   2   0   0   1  0.46 inf
  507 A    2 -1  1 -1 -3 -2 -1  1 -2 -1 -1 -1 -1 -2  1  1  1 -1 -3  0   21   2   6   3   0   1   3   9   1   4   6   4   1   1   6  13   9   1   0   9  0.15 inf
  508 L   -1 -1  3  1 -4  0  0  1 -2 -2 -2 -1 -3 -4  0  1  2 -5 -4  0    4   4  14   9   0   5   7  11   1   2   4   3   0   0   5   8  17   0   0   7  0.22 inf
  509 G    0 -1  2  2 -4 -1 -1  3 -1 -4 -3 -1 -3 -4  0  1  1 -5 -3 -3    7   4  12  11   0   2   4  25   1   1   3   3   1   1   4  11   9   0   0   2  0.35 inf
  510 L    0  0  1 -3 -1 -1 -1 -1 -3  0  1 -1  1 -2 -1  2  2 -3 -1  1    5   4   9   0   1   1   3   3   0   5  13   2   5   1   3  15  14   0   2  13  0.14 inf
  511 Y    0  1 -1 -2 -4 -1  1  1  3 -3 -3  1 -3 -1  0  0  1 -1  3 -2    5   9   2   1   0   2   8  10   7   1   2  11   0   2   5   8  11   1  11   3  0.20 inf
  512 T   -1 -1 -3 -3 -3 -1 -2 -3 -4  2  2 -2  4 -2 -3 -2  2 -4 -1  3    5   4   1   1   0   2   2   2   0  11  17   2  12   1   1   3  12   0   2  21  0.35 inf
  513 G   -2  0 -2 -2 -4  0  4  2 -1  1 -1  0 -3 -3 -3 -2  0 -1 -4  0    3   5   2   1   0   4  32  15   1  10   6   4   0   1   1   2   7   1   0   7  0.38 inf
  514 K    0  2 -2  1 -3  0  1 -3 -3 -3 -3  3 -3 -3  4  0  0 -3 -3 -2    8  12   1   7   0   3   8   1   0   1   2  17   0   1  21   8   7   0   1   3  0.43 inf
  515 D   -3 -5 -2  8 -3 -3  0 -5 -3 -5 -5 -3 -2 -4 -1 -4 -3 -7 -6 -1    2   0   2  74   1   1   4   0   1   1   1   1   1   1   4   1   1   0   0   5  1.81 inf
  516 N   -1 -1  3  4 -4 -2 -1 -3  1 -4 -4  0 -1 -4 -1  0  3 -5 -2 -2    4   3  17  26   0   1   3   1   3   0   1   4   1   1   4   5  21   0   2   3  0.55 inf
  517 F   -2 -4 -5 -4 -5 -2 -4 -4 -2 -1 -1 -5 -1  6 -1 -3 -2  7  5 -2    4   1   0   1   0   2   1   1   1   4   6   0   1  35   3   2   2  14  21   2  1.18 inf
  518 R   -3  8 -5 -3 -7 -4 -4 -6 -3 -4 -3 -2 -5 -6 -6 -5 -5  6 -5 -6    2  79   0   2   0   0   1   0   0   1   3   1   0   0   0   0   0  12   0   0  2.32 inf
  519 T    2  1 -1 -3 -4  1  1 -2 -3 -2 -2  4 -1 -3 -3  1  2 -5 -4 -2   15   7   2   0   0   5  10   2   0   2   3  25   2   1   0   8  14   0   0   3  0.35 inf
  520 A    1  0  0  2 -5 -1  5 -1 -2 -5 -4  0 -4 -5 -1  0  1 -6 -5 -4   11   4   5  13   0   1  39   4   1   0   1   5   0   0   2   4   9   0   0   1  0.62 inf
  521 G    1  2  0 -3 -4  3  0  3 -3 -3 -4  1 -3 -4 -1  0  0 -4 -1 -3   12  12   3   0   0  14   6  24   0   1   0  10   0   0   3   5   7   0   2   1  0.37 inf
  522 Y   -2 -3 -5 -5  4 -4 -4 -5 -4  4  1 -4  5 -1 -5 -3  0 -4  3  1    2   2   0   0   8   0   0   0   0  28  11   0  20   1   0   2   6   0  11   8  0.74 inf
  523 D    2 -1  1  5 -4  1  2 -2 -3 -5 -5  1 -4 -5  1  0 -2 -5 -4 -4   18   3   7  31   0   6  13   2   0   0   0   8   0   0   6   4   1   0   0   0  0.59 inf
  524 A   -1 -3 -2 -6 -5 -4 -5 -5 -3 -2  2 -4 -2  6 -6 -4 -3  4  5 -1    7   1   2   0   0   0   0   0   0   1  19   1   0  34   0   0   1   5  23   4  1.04 inf
  525 L   -5 -6 -6 -7 -4 -5 -6 -6 -3  5  3 -6  3  1 -6 -5 -4  8 -3  0    0   0   0   0   0   0   0   0   1  35  28   0   7   5   0   0   0  21   0   4  1.35 inf
  526 F    0 -1  5 -2 -4 -2 -1 -3 -1  0  1  0  3 -1 -2  0  0  1 -3 -2   10   2  34   0   0   0   2   1   1   4  14   5   8   2   1   5   7   2   0   0  0.40 inf
  527 S    1 -1  1  2 -4  0  3 -3 -1 -5 -5  0 -4 -5 -3  4  0 -5 -4 -4    9   2   7  12   0   2  23   0   1   0   0   5   0   0   0  33   5   0   0   0  0.61 inf
  528 N   -1  0  5  1 -4 -1  0 -3  4  0  1  0  0 -3 -4 -1 -1 -5 -3 -2    5   4  33   7   0   0   7   0  10   5  14   5   2   0   0   2   3   0   0   3  0.41 inf
  529 P    1 -2 -1 -3 -3 -3 -2 -2 -3  0 -1 -2 -2 -1  3  2  0 -4 -2  3   13   2   2   0   0   0   1   1   0   3   5   1   0   3  14  19   3   0   1  32  0.35 inf
  530 P    1 -1 -1  1 -3 -1 -1  0 -3 -1  0 -1 -2 -2  5 -1 -1 -4 -1 -2   13   4   3   9   0   1   4   6   0   3  12   2   0   1  31   2   3   0   3   1  0.44 inf
  531 S    3 -2 -2  0 -2 -1 -1 -1  4  0 -1 -1  0 -2 -3  1  0 -4 -2  0   30   0   0   6   0   2   3   3  13   7   6   3   2   1   0  11   4   0   1   8  0.22 inf
  532 F   -2 -4 -5 -5 -3 -2 -4 -5 -4  0  4 -4  0  4 -5 -4 -3  3  2  2    1   0   0   0   0   1   0   0   0   1  49   0   0  18   0   0   0   4   7  17  0.75 inf
  533 F   -4  1 -3 -4 -5 -3 -3 -5  7 -4 -3 -3 -3  5 -5 -4 -4  6  5 -4    0   8   0   0   0   0   0   0  32   0   0   0   0  26   0   0   0  13  21   0  1.32 inf
  534 V   -2 -4 -4 -4 -2 -3 -4 -4 -4  5  1 -3  2 -1 -3 -3 -1 -3 -2  3    0   0   0   0   0   0   0   0   0  66   0   0   8   0   0   0   0   0   0  25  0.66 inf

                      K         Lambda
Standard Ungapped    0.1356     0.3171
Standard Gapped      0.0471     0.2670
PSI Ungapped         0.1539     0.3122
PSI Gapped           0.0471     0.2670
