
Last position-specific scoring matrix computed, weighted observed percentages rounded down, information per position, and relative weight of gapless real matches to pseudocounts
           A  R  N  D  C  Q  E  G  H  I  L  K  M  F  P  S  T  W  Y  V   A   R   N   D   C   Q   E   G   H   I   L   K   M   F   P   S   T   W   Y   V
    1 F   -2 -2 -1 -3 -3 -1 -2 -3  7  1  1 -2  0  2 -3 -2 -2 -2  2 -1    0   0   0   0   0   0   0   0  51  18  15   0   0  13   0   0   0   0   4   0  0.53 inf
    2 Y   -2 -2 -3 -3 -2 -1  0 -4  2  1  2 -2  5  1 -3 -2 -2 -2  2  2    1   1   0   0   0   0   8   0   6   2  24   0  27   7   0   0   0   0   7  17  0.29 inf
    3 G   -1 -4 -2 -3 -4 -4 -4  7 -4 -6 -6 -3 -5 -5 -4 -2 -3 -4 -5 -5    2   0   0   0   0   0   0  97   0   0   0   0   0   0   0   1   0   0   0   0  1.83 inf
    4 E   -2 -2 -1  0 -3  0  6 -1 -2 -5 -4 -1 -4 -5 -3  1 -2 -5 -4 -4    0   0   1   1   1   0  81   5   0   0   0   1   0   0   0  10   0   0   0   1  1.19 inf
    5 L   -3 -4 -5 -5 -3 -4 -4 -5 -4  4  5 -4  1 -1 -4 -4 -2 -3 -3  1    0   0   0   0   0   0   0   0   0  31  62   0   1   0   0   0   0   0   0   6  0.85 inf
    6 V   -3 -4 -5 -5 -3 -4 -5 -5 -5  6  2 -4  0 -2 -4 -4 -2 -4 -3  3    0   0   0   0   0   0   0   0   0  63  17   0   0   0   0   0   0   0   0  20  0.92 inf
    7 D   -4 -3  0  8 -6 -1  1 -3 -3 -5 -6 -2 -5 -6 -3 -2 -2 -6 -5 -5    0   0   2  89   0   1   7   0   0   0   0   0   0   0   0   0   1   0   0   0  1.73 inf
    8 L   -3 -4 -5 -5 -3 -3 -4 -5 -4  1  5 -4  5  0 -4 -4 -3  1  0  0    0   0   0   0   0   0   0   0   0   2  73   0  17   1   0   0   0   2   2   3  0.89 inf
    9 G    0 -4 -2 -3 -4 -3 -4  7 -4 -5 -5 -3 -4 -5 -4 -1 -3 -4 -5 -5    8   0   0   0   0   0   0  91   0   0   0   0   0   0   0   1   0   0   0   0  1.65 inf
   10 V   -1 -4 -4 -4 -3 -4 -3 -5 -5  1 -1 -4  0 -3 -4 -2 -1 -5 -3  6    3   0   0   1   0   0   1   0   0   1   0   0   1   0   0   2   1   0   0  90  1.13 inf
   11 K   -1  0  1  1 -4  2  3 -2 -2 -3 -2  5 -2 -4 -2 -1 -2 -4 -3 -3    5   1   6   6   0  11  18   1   0   0   4  46   0   0   0   0   0   0   0   1  0.54 inf
   12 E    2 -2  0 -2 -2  2  0 -1  5 -1  0 -1  0 -2 -3 -1 -2 -3  0 -1   27   0   5   0   1  12   6   2  24   2  14   1   2   1   0   0   0   0   2   2  0.31 inf
   13 K   -1 -1  2  2 -4 -1  0  4 -1 -5 -4  3 -3 -4 -3 -1 -2 -4 -4 -4    1   1  11  15   0   1   4  38   1   0   0  29   0   0   0   0   0   0   0   0  0.63 inf
   14 L   -2 -4 -4 -5 -2 -4 -4 -5 -4  5  3 -4  1  2 -4 -3 -2 -3 -1  2    1   0   0   0   0   0   0   0   0  46  28   0   2  11   0   0   0   0   0  13  0.66 inf
   15 I   -2 -4 -5 -5 -2 -4 -4 -5 -5  4  0 -4  0 -2 -4 -3 -2 -4 -3  5    0   0   0   0   0   0   0   0   0  31   4   0   1   0   0   0   0   0   0  64  0.96 inf
   16 E   -2  1  1  4 -5  2  5 -2 -1 -5 -4  0 -3 -4 -3 -1 -2 -4 -3 -4    0   8   4  25   0   9  48   1   1   0   0   2   0   0   0   1   0   0   1   0  0.81 inf
   17 K   -3  0 -2 -3 -5 -1 -1 -4 -3 -5 -5  7 -3 -5 -3 -2 -3 -5 -4 -4    0   0   0   0   0   0   0   0   0   0   0 100   0   0   0   0   0   0   0   0  1.68 inf
   18 A    4 -3 -2 -2 -2 -2 -2 -2 -3 -4 -4 -2 -3 -4 -2  5  0 -4 -3 -2   35   0   0   0   0   0   0   0   0   0   0   0   0   0   0  64   1   0   0   1  0.91 inf
   19 G   -2 -4 -2 -3 -5 -4 -4  7 -4 -6 -6 -3 -5 -5 -4 -2 -4 -5 -5 -5    0   0   0   0   0   0   0 100   0   0   0   0   0   0   0   0   0   0   0   0  1.95 inf
   20 A    6 -3 -3 -3 -2 -2 -2 -2 -3 -3 -3 -2 -3 -4 -2  2 -1 -4 -3 -2   81   0   0   0   0   0   0   0   0   0   0   0   0   0   0  18   0   0   0   1  1.02 inf
   21 W   -5 -5 -7 -7 -5 -5 -6 -5 -5 -5 -4 -6 -4 -2 -7 -6 -5 13  1 -6    0   0   0   0   0   0   0   0   0   0   0   0   0   0   0   0   0  98   2   0  4.13 inf
   22 Y   -4 -4 -4 -5 -5 -4 -4 -5 -1 -2 -3 -4 -2  5 -5 -4 -4  0  9 -3    0   0   0   0   0   0   0   0   0   1   0   0   1  23   0   0   0   0  76   0  1.90 inf
   23 S    2 -3 -1 -2 -2 -2 -2 -2 -3 -4 -4 -2 -3 -4 -3  6  2 -5 -3 -3   14   0   0   0   0   0   0   0   0   0   0   0   0   0   0  77   9   0   0   0  1.00 inf
   24 Y   -4 -4 -4 -5 -1 -4 -4 -5  0 -4 -3 -4 -3  2 -5 -4 -4  0  9 -3    0   0   0   0   1   0   0   0   1   0   0   0   0   2   0   0   0   0  95   1  2.30 inf
   25 K   -2  0  5  2 -3  1  1  1 -1 -4 -4  2 -3 -4 -3 -1 -1 -4 -3 -4    1   2  45   9   0   8  10  11   0   0   0  13   0   0   0   1   0   0   1   0  0.64 inf
   26 G   -1 -3  0  2 -4 -2 -1  6 -3 -5 -5 -2 -4 -5 -3  1 -2 -4 -4 -4    0   0   2  14   0   1   2  67   0   0   0   1   0   0   0  12   1   0   0   0  1.02 inf
   27 E   -2 -2  2  4 -4  2  4 -3 -1 -2 -4 -1 -3 -4 -3  0  0 -4 -3 -2    2   0   9  27   0   9  40   0   0   2   0   1   0   0   0   3   5   0   0   2  0.65 inf
   28 K   -3  5 -2 -3 -5  2 -1 -4 -2 -5 -4  5 -3 -5 -3 -2 -2 -4 -3 -4    0  42   0   0   0   9   0   0   0   0   0  50   0   0   0   0   0   0   0   0  1.12 inf
   29 I   -3 -4 -5 -5 -3 -4 -5 -5 -5  6  3 -4  1 -1 -4 -4 -2 -4 -3  1    0   0   0   0   0   0   0   0   0  72  24   0   2   0   0   0   0   0   0   2  1.04 inf
   30 G   -2 -4 -2 -3 -5 -4 -4  7 -4 -6 -6 -3 -5 -5 -4 -2 -4 -5 -5 -5    0   0   0   0   0   0   0 100   0   0   0   0   0   0   0   0   0   0   0   0  1.95 inf
   31 Q   -3 -1 -2 -3 -5  8  0 -4 -2 -5 -5 -1 -3 -6 -1 -2 -3 -4 -4 -5    0   0   0   0   0  98   0   0   0   0   0   0   0   0   2   0   0   0   0   0  1.98 inf
   32 G   -2 -4 -2 -3 -5 -4 -4  7 -4 -6 -6 -3 -5 -5 -4 -2 -4 -5 -5 -5    0   0   0   0   0   0   0 100   0   0   0   0   0   0   0   0   0   0   0   0  1.95 inf
   33 K   -3  5 -2 -3 -5  0 -1 -4 -2 -5 -4  6 -3 -5 -3 -2 -3 -5 -4 -4    0  38   0   0   0   0   0   0   0   0   0  62   0   0   0   0   0   0   0   0  1.26 inf
   34 A    2 -2  0  3 -4  0  5 -3 -2 -4 -4 -1 -3 -4 -2  0 -1 -5 -4 -3   20   0   4  21   0   2  49   0   0   0   0   0   0   0   0   2   1   0   0   0  0.75 inf
   35 N   -3 -2  8 -1 -5 -2 -2 -2 -1 -5 -5  0 -4 -5 -4 -1 -2 -6 -4 -4    1   0  94   0   0   0   0   0   0   0   0   4   0   0   0   0   0   0   0   1  1.81 inf
   36 A    5 -3 -3 -3 -1 -2 -2 -2 -3 -1 -2 -2 -2 -3 -3  1 -1 -4 -3  2   67   0   0   0   1   0   0   0   0   1   0   0   0   0   0  10   2   0   0  20  0.70 inf
   37 T   -1  5 -2 -3  3  0 -1 -1 -2 -1 -3  4  1 -4 -3 -1 -1 -4 -3 -2    4  35   0   0   7   0   0   3   0   5   0  35   4   0   0   2   3   0   0   1  0.58 inf
   38 A   -1  1  2  0 -3  3  2 -2 -1 -1 -1  2 -2 -3 -2  0  1 -4 -3 -1    3   5  11   4   0  18  15   2   0   5   5  18   0   0   0   3  11   0   0   2  0.25 inf
   39 W   -4 -4 -4 -5 -4 -4 -4 -5  0 -2 -2 -4 -2  7 -5 -2 -3  4  6 -3    0   0   0   0   0   0   0   0   2   0   1   0   0  53   0   3   1   5  37   0  1.44 inf
   40 L   -3 -4 -5 -5 -3 -4 -5 -5 -4  0  6 -4  1  0 -5 -4 -3 -3 -2  0    0   0   0   0   0   0   0   0   0   1  92   0   2   3   0   0   0   0   0   2  1.13 inf
   41 K   -1  4 -1 -2 -3  0  1 -3 -2 -2 -2  5 -2 -4 -3 -1 -1 -4 -3 -2    3  30   0   0   0   2   8   0   0   2   3  46   0   0   0   0   2   0   0   2  0.68 inf
   42 D   -1 -2  1  4 -5  1  6 -3 -2 -5 -4 -1 -4 -5 -3 -1 -1 -5 -3 -4    3   0   5  22   0   3  61   1   0   0   0   0   0   0   0   2   2   0   0   0  0.96 inf
   43 N   -3 -1  7 -1 -5 -1 -2 -3  6 -5 -5 -2 -4 -4 -4 -1 -2 -5 -3 -5    0   1  73   1   0   1   0   0  22   0   0   1   0   0   0   2   0   0   0   0  1.50 inf
   44 P   -1 -3 -3 -3 -4 -2 -3 -3 -4 -3 -4 -1 -4 -5  8 -1 -1 -5 -3 -3    5   1   0   1   0   1   0   1   0   1   1   3   0   0  80   2   3   0   1   1  1.92 inf
   45 E    1 -1 -1  3 -4  1  4 -2  0 -4 -3  0 -3 -4 -2  0 -1 -4 -3 -3   16   2   1  21   0   6  40   1   1   0   1   5   0   0   0   3   1   0   0   1  0.56 inf
   46 T   -2 -3 -3 -4 -2 -2 -3 -4 -4  5  2 -3  3 -1 -4 -3  0 -3 -2  3    2   0   1   0   0   1   0   0   0  43  17   1  11   0   0   0   4   0   0  19  0.54 inf
   47 A    6 -1 -3 -3  1 -2 -2 -1 -3 -3 -3 -1 -2 -3 -3  1 -1 -4 -2 -2   79   2   0   0   2   0   0   2   0   1   0   2   0   1   0   8   1   0   1   0  0.90 inf
   48 K    1  1  2  2 -3  2  1 -1  0 -2 -1  1 -1 -2 -2  0 -1 -3 -1 -1   20   8  11  13   0  13   7   2   1   2   5   6   1   1   0   3   2   0   2   2  0.18 inf
   49 E   -1 -1 -2  1 -5  1  6 -3 -2 -3 -4  0 -4 -4 -3 -1 -1 -5 -4 -3    3   2   0   4   0   2  77   1   0   1   0   4   0   1   0   1   3   0   0   1  1.14 inf
   50 I   -3 -5 -5 -5 -3 -5 -5 -6 -5  7  2 -5  0 -2 -5 -4 -3 -4 -3  1    0   0   0   0   0   0   0   0   0  80  16   0   0   0   0   0   0   0   0   3  1.27 inf
   51 E   -3 -2 -1  3 -6  0  7 -4 -2 -5 -4 -1 -3 -5 -3 -2 -3 -5 -4 -5    1   0   1  12   0   1  82   0   0   0   1   0   0   0   0   1   0   0   0   0  1.44 inf
   52 K    1  1  2  1 -3  2  0 -1 -1 -3 -2  2 -1 -4 -2  0  1 -4 -3 -2   16   6  14   8   0  11   3   4   0   0   2  20   1   0   0   3   9   0   0   1  0.25 inf
   53 K    0  3 -2 -2 -4  2  0 -3 -1 -3 -2  5 -1 -4 -3 -1 -1 -4 -3 -3    9  12   0   0   0   7   2   0   1   1   4  55   1   0   0   2   3   0   0   1  0.65 inf
   54 V   -3 -5 -5 -5 -3 -4 -5 -6 -5  6  3 -4  0 -2 -5 -4 -2 -4 -3  3    0   0   0   0   0   0   0   0   0  61  24   0   0   0   0   0   0   0   0  15  1.01 inf
   55 R   -4  8 -3 -4 -6 -1 -2 -5 -3 -5 -3  2 -2 -5 -4 -3 -3 -5 -4 -5    0  88   0   0   0   0   0   0   0   0   2   9   1   0   0   0   0   0   0   0  1.77 inf
   56 E    2 -1 -1  2 -4  2  5 -2 -1 -3 -4  0 -2 -4 -3  0 -1 -4 -3 -2   23   1   2  11   0   7  47   1   1   0   0   2   0   0   0   3   1   0   0   1  0.63 inf
   57 L    0  0 -1 -2 -3  2  1 -2 -1 -1  0  4  3 -3 -3  1 -1 -4 -3 -2    6   2   2   0   0  11   9   0   0   2   7  32  14   0   0  13   0   0   0   0  0.33 inf
   58 L   -3 -4 -3 -5 -3 -4 -4 -4 -3  0  5 -3  2  0 -4 -4 -2 -3 -2  0    0   0   1   0   0   0   0   1   1   1  83   1   5   3   0   0   1   0   1   1  0.94 inf
   59 L   -3 -4 -5 -5 -3 -3 -4 -5 -4  1  5 -4  3  0 -4 -4 -2 -3 -2  0    0   0   0   0   0   0   0   0   0   3  86   0   7   3   0   0   0   0   0   1  0.94 inf

                      K         Lambda
Standard Ungapped    0.1332     0.3104
Standard Gapped      0.0578     0.2670
PSI Ungapped         0.1891     0.3145
PSI Gapped           0.0578     0.2670
