
Last position-specific scoring matrix computed, weighted observed percentages rounded down, information per position, and relative weight of gapless real matches to pseudocounts
           A  R  N  D  C  Q  E  G  H  I  L  K  M  F  P  S  T  W  Y  V   A   R   N   D   C   Q   E   G   H   I   L   K   M   F   P   S   T   W   Y   V
    1 S    0 -2  3 -1 -3 -1  1 -2 -2 -3 -4 -2 -3 -4 -2  4  3 -4 -3 -3    4   0  20   0   0   0   8   0   0   0   0   0   0   0   0  43  25   0   0   0  0.66 inf
    2 V   -2 -5 -5 -5 -3 -4 -5 -5 -5  4  2 -4 -1 -1 -5 -4 -2 -2 -3  5    2   0   0   0   0   0   0   0   0  24  18   0   0   2   0   0   0   1   0  54  0.98 inf
    3 S    2 -2  0 -1 -3 -1  3  2 -2 -4 -4  0 -2 -4 -1  3  0 -2 -3 -3   20   1   4   1   0   0  24  15   0   0   0   4   1   0   3  23   4   1   0   0  0.44 inf
    4 S    0  2  0  3 -4 -1  0  0 -2 -4 -4  1 -3 -2 -2  4  0 -5 -3 -4    4  12   3  22   0   1   6   6   1   0   0   6   0   2   0  35   3   0   0   0  0.49 inf
    5 I   -3 -5 -5 -5 -3 -4 -5 -5 -4  5  2 -4  1  1 -5 -4 -2  3  1  3    0   0   0   0   0   0   0   0   0  37  17   0   3   7   0   0   1   5   4  27  0.80 inf
    6 V   -2 -5 -5 -6 -3 -5 -5 -6 -5  4  1 -5 -1  4 -5 -4 -3 -3 -1  4    1   0   0   0   0   0   0   0   0  31  11   0   0  21   0   0   0   0   1  35  0.94 inf
    7 S   -2 -3  0 -1 -4  0 -2 -3 -4 -4 -4 -2 -4 -5  2  4  5 -5 -4 -3    0   0   3   2   0   4   0   1   0   0   0   1   0   0   9  32  45   0   0   1  0.94 inf
    8 R   -1  3 -1  1 -4  2  4 -3 -2 -4 -4  2 -3 -5  1  0 -1 -5 -4 -2    3  18   2   6   0  11  29   1   0   0   0  10   0   0   5   7   3   0   0   3  0.52 inf
    9 A    3 -2 -1  3 -1  0  2 -1 -1 -4 -4 -1 -3 -3 -2  2  0 -4  1 -3   25   0   2  16   1   4  12   3   1   0   0   3   0   0   1  22   3   0   6   0  0.38 inf
   10 Q   -2 -2 -2 -1 -4  3  1 -4 -1 -1  2 -1  3  4 -4 -3  0 -3 -1  0    2   1   1   3   0  20   8   0   1   2  18   1   9  20   0   0   5   0   0   8  0.36 inf
   11 F   -5 -6 -6 -7 -6 -6 -6 -6 -4 -4 -3 -6 -3  9 -7 -3 -5  6  2 -3    0   0   0   0   0   0   0   0   0   0   0   0   0  82   0   2   0  11   5   1  2.43 inf
   12 D   -3 -2  6  5 -6 -1  3 -2  0 -6 -5 -2 -5 -6 -4 -2 -3 -6 -4 -5    1   1  38  31   0   1  22   1   2   0   1   0   0   0   0   1   0   0   0   0  1.17 inf
   13 R    0  0  1  1 -4  3  1  2 -2 -4 -4  0 -3  0 -3  0 -2  0  1 -2    6   4   8  10   0  21   9  16   0   0   0   4   0   6   0   7   1   1   6   2  0.30 inf
   14 M   -2 -4 -5 -5 -4 -4 -5 -5 -4  4  3 -4  7  1 -5 -4 -3  2 -1  0    3   0   0   0   0   0   0   0   0  26  30   0  30   4   0   0   1   3   1   1  0.98 inf
   15 L   -1 -3 -4 -4 -3 -4 -4 -4 -3  2  3 -3  0  6 -4 -3 -3 -2  0  0    4   1   0   0   0   0   1   1   0  10  33   2   2  39   0   1   1   0   1   4  0.82 inf
   16 L    0 -2 -1 -2 -3 -2 -2 -3 -3 -2  1  2 -1 -3  5  1 -1 -4 -3 -2    7   1   3   1   0   0   1   1   0   2  15  16   1   0  34  13   3   0   0   1  0.62 inf
   17 H   -2 -1  3  1 -4  1 -1 -2  7 -4 -2  1 -1 -1 -3  0 -2 -3  1 -3    1   1  18   6   0   8   1   3  30   0   3  10   2   3   0   6   1   0   4   2  0.61 inf
   18 R    1  6 -2 -3 -3  2 -2 -2 -2 -3 -3  1 -2 -4 -3  0 -2 -4 -2 -3   12  53   0   1   1  11   1   2   0   1   1   5   1   0   1   6   1   0   1   1  0.89 inf
   19 N    2 -2  6  2 -3 -2 -2  0 -1 -3 -4 -1 -3 -2 -2 -1 -1 -4 -3 -2   18   1  48  11   0   0   1   7   1   1   1   2   0   1   1   1   2   0   0   2  0.79 inf
   20 D    0 -1  2  4 -3 -1  0  0 -2 -2 -1 -1 -2 -3  2  1  0 -3 -3 -2   10   3   9  30   0   2   3   8   0   2   6   1   0   1   9   9   4   0   1   1  0.33 inf
   21 G    1 -1  0  0 -2  0  0  2 -2 -2 -2 -1 -2 -3  3  1 -1 -2 -2 -2   13   4   5   4   1   4   6  21   1   1   3   2   1   1  15  12   3   0   1   2  0.26 inf
   22 A    1  0  0 -1 -1  0 -1  1 -1 -1 -1 -1 -1 -2  0  1  1  3 -1  0   18   6   3   3   1   3   2  13   1   3   3   3   1   1   4  11   9   6   1   7  0.12 inf
   23 C    1 -2 -3 -3  9 -1 -3  1 -1 -2 -2 -3 -2 -2 -3 -2 -2 -3 -3 -2   10   3   1   1  50   4   2  12   2   1   2   1   1   2   1   2   2   0   1   2  1.22 inf
   24 Q    0 -1 -1 -1 -3  0  1  0  3 -2 -2 -1  1 -3  5 -1 -1 -3 -2 -2   10   2   2   2   0   4   8   8   9   1   3   3   6   1  32   3   3   0   1   3  0.51 inf
   25 A    4 -1 -1 -2 -2 -2 -2  3  0 -2 -3 -1 -2 -3 -2  0 -1 -3 -3  0   39   2   2   1   0   1   1  28   2   1   2   3   0   1   1   7   1   0   1   7  0.47 inf
   26 K    0  1  0  0 -3  0 -1 -2  0 -1 -2  4 -2 -3  2  0 -1 -3 -2  0    7   8   5   4   0   3   2   1   2   2   2  34   0   1  10   6   2   0   1  10  0.30 inf
   27 G   -1 -1  2  0  2 -2 -1  4  0 -3 -3 -2 -3 -3  0  0 -1 -2 -2 -3    3   3  11   6   5   1   3  42   3   1   3   1   0   1   6   7   2   1   1   1  0.49 inf
   28 F   -3 -4 -4 -4 -4  0 -1 -4 -3  0 -1 -4 -2  8  0 -3 -3  2  0 -3    1   1   1   1   0   6   4   1   0   5   4   1   0  64   6   1   1   3   0   1  1.26 inf
   29 Y   -5 -5 -3 -6 -6  0 -5 -6 -2 -5 -4 -5 -4  1 -6 -4 -5  5  9 -5    0   0   1   0   0   5   0   0   0   0   0   0   0   2   0   1   0   8  81   0  2.48 inf
   30 T   -2 -3 -1  1 -4 -2 -3 -3 -4 -3 -1 -3 -3 -5 -2  3  6 -5 -4 -3    1   1   2   7   0   1   0   1   0   0   5   1   0   0   1  19  61   0   0   0  1.08 inf
   31 Y   -2  3 -4 -5 -5 -4 -4 -5  2 -3 -1 -3 -4  0 -5 -3 -4 -2  8 -4    4  17   0   0   0   0   0   0   4   1   7   0   0   1   0   1   0   0  65   0  1.70 inf
   32 D    0  0  1  4 -3  1  2 -2  3 -3 -3  0 -3 -4 -3  1  0 -4 -2 -2    7   3   7  24   0   7  15   1   8   1   2   5   0   0   0  12   6   0   1   2  0.39 inf
   33 A    4  0  1 -2 -3 -3 -3  3 -2 -3 -2 -2 -3 -2 -3  2 -1 -4 -4 -2   43   5   6   1   0   0   0  20   1   0   5   0   0   1   0  13   2   0   0   1  0.55 inf
   34 F   -5 -1 -6 -7 -5 -6 -6 -6 -5 -2  2 -6 -3  8 -7 -5 -5 -3  0 -4    0   5   0   0   0   0   0   0   0   2  18   0   0  74   0   0   0   0   1   0  1.96 inf
   35 V   -2  0 -3 -5  2 -3 -4 -5 -4  4  3 -1  0 -1 -4 -3  0 -4 -3  2    3   6   1   0   4   0   0   0   0  31  30   4   1   1   0   0   4   0   0  14  0.53 inf
   36 A    2  0  1  1 -2  1  1 -2 -2 -1 -1  0 -2 -3 -3  1  2 -4 -3 -1   20   6   6   9   1   6  10   0   0   5   6   5   0   0   0  11  13   0   0   1  0.20 inf
   37 A    6  0 -4 -5 -4 -4 -4 -2 -5 -4 -5 -4 -4 -5 -4 -1 -1 -6 -5 -2   87   5   0   0   0   0   0   2   0   0   0   0   0   0   0   1   3   0   0   2  1.55 inf
   38 A    4 -1 -3 -4 -3 -3 -3 -3 -2  1  1 -3 -1 -2 -3  1  1 -4 -3  2   43   4   0   0   0   0   0   0   1   7  13   0   1   1   0   9   7   0   0  14  0.47 inf
   39 A    2  3  3 -1 -4  0 -1  1 -1 -3 -3  2 -3 -4 -2  0 -1 -4 -3 -3   20  17  16   3   0   4   2   9   1   1   2  16   0   0   1   7   1   0   0   0  0.36 inf
   40 A    2  0  0 -1  1 -1 -1 -1 -2 -3 -2  2 -2 -2 -3  3  0 -3  1 -2   23   6   4   2   4   2   1   2   0   1   3  15   1   1   0  23   4   0   7   1  0.28 inf
   41 F   -5 -5 -3 -3 -5  0 -5 -6 -3 -4 -3 -5 -3  7 -6 -4 -5  2  7 -3    0   0   1   2   0   4   0   0   0   0   0   0   0  51   0   1   0   2  38   1  1.86 inf
   42 S   -1  0  0 -1 -5  0  0 -1 -3 -4 -3 -1 -4 -5  7  0 -1 -5 -4 -4    4   6   4   3   0   3   7   4   0   0   3   3   0   0  52   7   2   0   0   1  1.09 inf
   43 G    2  0  0  0 -3  1  1  3 -2 -3 -2  1 -2 -3 -3  0 -1 -2 -3 -2   21   4   5   5   0   7   8  26   0   0   4   9   0   1   0   6   3   1   0   1  0.29 inf
   44 F   -4 -5 -5 -6 -5 -5 -5 -5 -4 -3  0 -5  1  8 -1 -2 -4 -2  2 -2    0   0   0   0   0   0   0   0   0   0   6   0   3  74   4   4   0   0   4   3  1.81 inf
   45 G    2 -3 -3 -4  6 -4 -4  5 -1 -4 -1 -2 -3 -1 -4 -2 -2  2 -4 -3   17   1   0   0  16   0   0  44   2   0   7   2   0   3   0   1   2   3   0   1  0.83 inf
   46 T    1  1  4 -1 -3  0 -2  1  0 -3 -3 -1 -2 -3 -2  0  4 -4 -3 -2   10   7  21   2   0   4   0  11   2   0   0   3   1   1   1   3  30   0   0   3  0.44 inf
   47 T   -1 -1  0  0 -3 -2  2  0 -2 -2 -2 -1  0 -3 -3  2  4 -4  0 -1    2   3   3   6   0   0  16   7   0   1   2   1   3   0   0  16  32   0   3   4  0.37 inf
   48 G   -1 -3 -1  1 -2 -3 -3  6 -4 -3 -4 -2 -4 -4  1 -2 -2 -4 -3 -1    4   1   2   7   1   0   1  63   0   1   1   2   0   0   7   2   2   0   1   5  1.00 inf
   49 S    0 -2  2  3 -1 -2 -1  1  0 -4 -4 -1 -3 -3  0  3  1 -4 -1 -3    6   1   8  21   1   0   2  11   3   0   1   1   0   1   5  28   9   0   2   0  0.42 inf
   50 A    0  0  0  3 -3 -1  1 -3 -1 -1  0  1 -1 -2  0  0  1  1 -3 -1    7   5   4  24   0   2   6   0   1   3   9  13   1   1   4   3  10   2   0   4  0.19 inf
   51 D    2 -1  1  2 -3  0  2 -2 -1 -1 -1 -1 -2 -3 -2  0  1 -1 -1 -1   24   1   6  13   0   4  17   1   1   2   5   2   0   0   0   6  10   1   2   4  0.21 inf
   52 V    1 -2 -1  1 -2  1 -1 -2 -1  2 -1 -1  2 -2 -3  0  2 -3 -2  1   13   1   2   8   0   8   2   1   1  16   2   2   7   0   0   4  19   0   0  13  0.18 inf
   53 Q   -1  3  0 -1  5  3 -1 -1 -1 -2 -3  1 -1 -2 -3  0  1 -3 -1 -2    1  17   4   3  15  20   0   5   1   1   0   9   1   2   0   8  11   0   2   1  0.36 inf
   54 K   -1  2  0 -2 -4  1 -1 -3 -2 -2  0  5  1 -3  1 -2 -1 -4 -3 -2    4   9   4   0   0   4   0   0   0   2  11  51   5   0   6   0   4   0   0   0  0.49 inf
   55 R   -1  5  1 -2 -4  1  0 -2  0 -3 -1  3  0 -3 -2 -1  1 -4 -1 -3    2  39   5   0   0   5   2   1   2   0   5  21   3   0   1   0  11   0   2   0  0.49 inf
   56 E   -2 -1  1  1 -4  0  5 -3  1 -4 -4  0 -3 -4  1  1 -1 -4 -3 -4    0   0   5   4   0   0  65   0   4   0   0   3   0   0   6  10   3   0   0   0  0.79 inf
   57 V    0 -3 -3  0 -2 -2 -2 -3 -3  2  3 -3  2  1 -3 -2  0  2 -1  1   10   0   0   8   0   0   0   0   0  18  36   0   5   7   0   0   4   4   0   7  0.26 inf
   58 A    3 -2 -2 -3  4 -2 -2 -2 -3  0 -1 -2  0 -2 -2  1  1  3 -2  1   43   0   0   0  11   0   0   0   0   4   4   0   3   0   0  12   8   5   0   8  0.32 inf
   59 A    1  1 -2 -2  3 -2 -2  1 -2  1  0 -1  2 -2  2  1  1 -3 -2 -1   10  10   0   0  10   0   0  10   0  10  10   0  10   0  10  10  10   0   0   0  0.16 inf
   60 F    0 -1 -3 -5 -4 -4 -4 -4 -3 -1 -2 -4  2  7 -5  0 -3  2  1 -3    8   4   1   0   0   0   0   0   0   3   0   0   6  65   0   8   0   2   2   0  1.19 inf
   61 L   -2 -2 -4  0 -3 -3 -3 -4 -3  0  3 -4 -1  5 -4  0 -3  2  0 -1    2   2   0   7   0   0   0   0   0   2  37   0   0  36   0  11   0   2   0   2  0.64 inf
   62 A    5 -4 -3 -4 -3 -3 -3  2 -4 -4 -1 -3 -3 -4  0  0  0 -5 -4 -3   63   0   0   0   0   0   0  18   0   0   5   0   0   0   4   3   6   0   0   0  0.87 inf
   63 Q   -3  0  3 -3 -5  4 -1 -4  8 -2 -5  0 -4 -4 -4  0 -2 -5 -2 -5    0   4  14   0   0  19   3   0  44   3   0   5   0   0   0   5   2   0   0   0  1.21 inf
   64 T    1 -3  0 -3 -1 -1 -3 -3 -3  1 -1 -3 -1  2 -1  0  2 -3 -1  3   12   0   5   0   1   3   0   0   0   8   1   0   0  11   3   6  17   0   2  29  0.29 inf
   65 S    2 -2  0 -1  2  0 -2  1 -1 -1 -1 -1 -1 -3 -3  3  2 -4 -2 -1   17   0   4   2   5   4   0  10   1   3   5   1   1   0   0  24  18   0   1   2  0.27 inf
   66 H   -2  1 -2  0  0  2 -1 -4  7 -4 -3 -2 -3  1  1  0 -2 -3  2 -4    3   8   0   4   2  10   2   0  37   0   2   0   0   7   7   8   2   0   8   0  0.75 inf
   67 E   -1  0 -2  0 -5  1  5 -1 -2 -2 -3  2 -3 -4  1 -2 -3 -4  0 -4    4   4   0   2   0   3  54   4   0   3   2  12   0   0   7   0   0   0   4   0  0.75 inf
   68 T    0 -1 -1 -3  1 -1 -3 -3 -4 -3 -4 -3 -3 -4  1  2  6 -5 -4  0    7   3   2   0   3   3   0   0   0   0   0   0   0   0   7  12  58   0   0   5  0.85 inf
   69 T    0 -1  0  1 -3  0 -1  3 -3 -2 -3 -1 -3 -4  0  2  3 -4 -3 -2    5   2   4   8   0   4   2  28   0   2   0   3   0   0   4  14  20   0   0   2  0.36 inf
   70 G    0  1  1  1  2  1  0  0  2 -2 -2  0 -2  1 -2  0  0 -2  1 -1    7   7   7   7   6   7   7   7   6   0   1   7   0   6   0   7   7   0   6   7  0.10 inf
   71 G   -2  1  1  1 -3  1  1  0  2 -2  0 -1  2  1 -3  0 -2  4  2 -2    1   8   7   8   0   7   8   8   7   0   8   0   7   7   0   8   0   7   7   0  0.17 inf
   72 W   -1  1  0  0  3 -1  0 -1 -2  0 -1  0 -2  0 -2  1  0  5  1 -1    4  10   5   6   8   0   5   5   0   5   5   5   0   5   1  10   8  10   5   4  0.16 inf
   73 A    2 -1  0 -1  1  0  0  1  0  0 -1 -1 -2 -1  1  1  0  2  0 -1   19   3   4   3   3   3   6  10   3   5   4   2   0   3   7   9   4   3   3   4  0.09 inf
   74 T   -1 -1  1  1 -3 -1 -1  0  0  0 -1 -2  1 -2  0  1  1  4 -1  0    5   4   7  11   0   3   4   6   2   8   4   1   5   0   5  10  10   7   2   7  0.13 inf
   75 A    3  1  0 -2 -3 -1  0 -1 -2 -2  0  0  0 -2 -1  1  0  1 -3 -2   33  10   5   1   0   2   6   5   0   1   9   4   2   1   2   9   4   3   0   2  0.24 inf
   76 P   -1 -1 -2  0  0  2  2 -3  2 -3 -4  0 -3 -4  5  0  0 -4 -1 -1    3   3   0   5   2   9  18   1   5   0   1   5   0   0  28   7   5   0   2   6  0.55 inf
   77 D    0 -1  1  2  0  0  1  0  0 -1 -1 -1 -2  0 -2  0 -1 -2  2  0    6   2   9  15   2   4   8   8   2   4   5   3   0   5   0   5   0   0   9  10  0.10 inf
   78 G    0  1 -2  0  3 -2 -2  3 -3 -1 -1 -2 -2 -3  2  1  0 -3 -3 -1    9   8   1   7   7   1   1  23   0   5   5   1   0   0  11  11   5   0   0   5  0.25 inf
   79 A   -1  0  0 -1  2  1  0 -1 -2 -2  0  0 -2  2  4 -1 -1 -3  0 -1    4   5   4   3   5   6   6   5   0   0  10   4   0  12  22   4   4   0   3   3  0.25 inf
   80 F   -2  0 -1  0 -3 -2 -1 -2  1  0  0 -2 -1  3 -1 -2  0  5  4  0    1   6   2   6   0   0   5   2   4   4   7   1   1  16   3   2   7   8  18   7  0.32 inf
   81 A    1  2  0  0  3  0  0 -1  1 -2 -2  1 -2 -1 -2  1  1 -3 -2 -1   11  17   5   4   8   4   5   4   4   1   1   7   0   4   1  10   9   0   0   4  0.15 inf
   82 W    0  1 -2 -2  3  1 -1  1 -1 -2  0 -1 -1 -1  2  0 -1  5  2 -2   10  10   0   0   9   9   1  10   0   0  10   1   0   0  10  10   1   9   9   1  0.21 inf
   83 G    0  0 -1  0 -2  1 -1  3  0 -1 -1 -1 -1  1 -2  0 -1 -2 -1  1    5   6   1   7   0   8   3  24   2   2   7   3   0   8   1   7   2   0   2  12  0.13 inf
   84 Y   -3 -3  0 -3 -3  0 -3 -4  3  0  2 -3  2  3  0 -3 -3 -2  5  0    1   1   5   1   0   6   1   1   9   4  20   1   5  13   5   1   1   0  20   6  0.47 inf
   85 C    0  0 -3 -1  7 -1 -3 -4  2  1 -2 -1 -2  0 -1 -1 -1  3  2  1    8   5   0   3  24   3   0   0   6   8   3   3   0   3   3   5   3   4   7  10  0.44 inf
   86 F   -1  0 -1 -3  3 -2 -2 -3  1  0  0 -1  1  2  0 -1  0  2  4  0    4   5   4   0   7   0   2   1   3   5   9   4   5  10   5   2   5   3  15   9  0.20 inf
   87 K   -2 -1  1 -1 -3 -1  3 -2 -3  2 -1  1 -2 -2 -2 -1 -1  2 -2  2    2   2   7   3   0   2  20   2   0  14   5   9   0   2   2   3   3   4   1  18  0.20 inf
   88 Q   -2  3  2  0 -4  2  3 -3  2 -1 -2  0 -1  0 -3  0 -1 -4 -2 -2    2  15  11   3   0  12  20   1   6   4   3   4   1   4   0   6   3   0   0   3  0.32 inf
   89 E   -2 -1  4 -1 -5  1  5 -2 -3 -1 -4  0 -4 -5 -4 -1 -1 -5 -4 -1    2   2  20   2   0   6  42   3   0   4   1   5   0   0   0   3   4   0   0   5  0.73 inf
   90 R   -2  2  2 -1  0  2  0  0 -3  2 -1  0  2 -3 -3 -1  1 -4 -3  1    1  11  10   2   2  11   4   7   0  17   4   5   7   0   1   2   8   0   0   9  0.19 inf
   91 G    2 -3  3  0  0 -2 -1  4 -3 -2 -4 -2 -4 -3 -2  1 -1 -5 -4 -2   15   1  19   5   2   1   4  31   0   2   0   2   0   1   1  11   3   0   0   2  0.52 inf
   92 A    1 -1  3 -1  3  0 -2 -1 -2 -4 -3  1  0 -2  5  0 -1  1 -4 -3   10   2  14   3   7   4   2   4   1   0   1   8   3   1  26   7   3   2   0   1  0.48 inf
   93 S    1 -2  1  0 -3  0 -1 -1 -1 -2 -2 -1  0 -2  2  3  0  0  3 -2   11   1   6   5   0   4   2   5   1   2   3   2   3   1   9  24   7   1  12   2  0.26 inf
   94 S   -1  0  1  0  2  1  1  1 -1 -2 -2  0 -1 -2  1  1 -2  2 -2 -2    5   5   9   4   5   6   9  13   1   2   2   7   2   1   9  14   0   3   1   1  0.18 inf
   95 D   -1 -1  2  4 -4  0  0  0  2 -2 -2 -1 -2 -2 -2  1  0 -4 -3 -1    5   3   9  24   0   5   5   8   6   3   3   3   1   2   2  14   5   0   0   4  0.28 inf
   96 Y   -4 -3 -5 -3 -1 -3 -1 -6  1 -5 -3 -3 -2  1 -6 -3 -2  2  9 -3    1   1   0   2   1   1   5   0   3   0   3   2   1   3   0   1   3   2  68   1  1.94 inf
   97 C   -3 -3 -3 -3 11 -6 -6 -2 -6 -5 -4 -6 -5 -6 -6 -5 -1 -6 -3 -3    2   2   2   2  78   0   0   3   0   0   2   0   0   0   0   0   3   0   1   2  3.01 inf
   98 T    0 -1  0  5 -4  2  0 -1 -3 -4 -4 -1 -2 -2 -2  1  1 -5 -3 -2    6   3   3  34   0  10   3   4   0   0   1   2   1   2   1  13  11   0   1   3  0.53 inf
   99 P    0 -1  1  1 -4  0  1  1 -3 -3 -3 -2 -3 -2  4  1  1  2 -3 -3    8   3   6   6   0   4  11  10   0   1   2   1   0   1  22  11   9   3   0   1  0.39 inf
  100 S   -1 -1  3  1 -1 -1 -2  0  0 -5 -5 -1 -4 -3 -1  4  0 -4  1 -4    3   2  16   8   1   2   1   6   2   0   1   3   0   1   3  39   4   0   5   0  0.59 inf
  101 A    1  0  0 -1 -3  2 -1 -1 -2 -3 -2  1 -2 -1  1  1  2  1  1 -2   12   5   3   2   0  10   3   4   0   0   4  10   0   2   8   9  16   2   7   1  0.20 inf
  102 Q    0  0  1  0 -2  1  0  0  2  0 -1  0  1 -2  1  0  0 -3 -2  0    6   6   6   6   0   6   6   6   6   6   6   6   6   0   6   6   6   0   0   6  0.06 inf
  103 W   -3 -3  1 -3  5 -4 -3 -3 -3 -3 -3 -1 -2  0 -1 -3 -1  8  6 -4    2   1   6   1  11   0   2   1   0   1   2   3   1   2   4   2   4  22  33   1  1.22 inf
  104 P   -2 -4 -4 -1 -5 -1 -2  0 -4 -4 -2 -4 -4 -1  7 -3 -2 -5 -2 -2    2   0   0   4   0   4   2   8   0   0   5   0   0   3  63   1   2   0   2   3  1.53 inf
  105 C   -4 -5 -5 -5 10 -5 -3 -2 -5 -4 -4 -1 -4 -2 -1 -4 -1  2 -5 -2    1   0   0   0  71   0   2   4   0   0   1   4   0   2   3   1   4   2   0   3  2.45 inf
  106 A    2 -1  1  0  1 -1 -1  1 -2 -1 -2  0 -1 -1  2  0  0 -3  0  0   23   2   7   5   4   2   3   9   0   3   3   4   2   2   9   6   3   0   3   8  0.12 inf
  107 P    0 -1  0  1 -3  0  0 -1  0 -3 -2  1 -3 -1  5  1  0  1 -3 -3   10   3   4   7   0   3   6   4   2   0   5   7   0   2  28   9   4   2   0   0  0.42 inf
  108 G   -1 -1  2  1 -4 -2  0  5  0 -4 -4 -1 -4  0  0  0 -1 -4  0 -4    3   3  10   8   0   0   5  41   3   0   1   4   0   4   5   6   3   0   3   0  0.55 inf
  109 K   -1  1 -1 -2 -4  3  0  0 -1 -2 -2  5 -3 -4  0 -1 -1 -4 -3 -1    4   5   3   0   0  12   3   8   1   2   4  43   0   0   4   3   4   0   0   4  0.51 inf
  110 R    0  1  0 -1 -2  1  0  2 -1 -2 -2  1 -1 -1  2  1  0  1 -2 -1    4   7   3   3   0   9   3  17   0   1   3   9   2   3  10  11   6   2   0   5  0.15 inf
  111 Y   -2  1 -2 -3 -3 -2 -2 -3  4 -2 -2 -2 -2  3 -3 -2 -2  0  7 -2    1  11   1   1   0   1   1   1  12   1   1   1   0  11   1   1   1   0  55   1  0.87 inf
  112 Y   -1  1  1 -1  3  1 -1 -2  3 -2 -2  1 -1  2 -2  1 -1 -1  2 -2    1  11  10   1  10  10   1   1  10   1   1  11   0  10   1  11   1   0  10   1  0.21 inf
  113 G    0 -1 -1 -2 -2 -2 -2  5 -2 -3 -3 -2 -2 -3 -1  0  1 -3 -3 -2    3   3   1   1   0   1   1  64   0   1   1   1   0   1   3   4  10   0   1   4  0.70 inf
  114 R   -2  6 -1 -2 -3  2 -1 -1 -1 -3 -3  2 -2 -3  1 -1 -2 -3 -2 -1    1  60   1   1   0   8   1   5   0   1   1   7   0   0   7   1   1   0   0   5  0.67 inf
  115 G   -1  0 -1  0 -3 -1 -2  5 -2 -3 -3  0 -2 -3 -2 -1  0 -3 -3 -1    1   7   1   6   0   1   1  60   0   1   1   6   0   1   1   1   7   0   0   5  0.60 inf
  116 P    1 -2 -2 -2 -2 -2 -2 -2  0 -1 -2 -2 -2 -2  6  0 -1 -3 -2  0   15   1   1   1   0   0   1   2   3   2   2   1   0   2  50   8   1   0   0  11  0.86 inf
  117 I   -1 -2 -2 -2 -2 -1 -2 -1  2  3  2  0  1  0 -2 -1 -1 -2 -1  1    4   1   1   1   0   1   1   4   9  31  22   8   4   4   1   5   1   0   0   4  0.14 inf
  118 Q    0 -1 -1 -1 -2  4  1 -2 -1  0  0  0  2 -2  3  0 -1 -2 -2 -1    7   1   1   1   0  31  10   1   0   8   7   1  10   1  14   7   1   0   0   1  0.27 inf
  119 L   -1 -2 -2 -3 -2 -2 -2 -3 -2  2  2 -2  0  2  1 -2  1 -2  0  2    1   1   1   1   0   1   1   1   0  19  24   1   0  16   8   1  11   0   0  15  0.21 inf
  120 S    0 -1 -1 -2 -2 -1 -1 -2  2 -2 -2 -1  2  0  0  4  2 -2  2 -2    3   3   0   0   0   0   1   1   5   0   3   3   7   3   4  44  14   0   8   1  0.34 inf
  121 H    0 -2  1 -2 -2 -1 -2  0  2  0 -1 -2  1  1 -2  0  0  4  2 -1    8   0   8   0   0   0   0   8   8   8   1   0   8   8   0   8   8   8   8   0  0.12 inf
  122 N   -3 -1  7  0 -4  1  0 -2  1 -4 -4 -1 -3 -3 -1 -1  0 -4  1 -4    1   3  60   2   0   5   6   2   3   0   1   2   0   0   2   1   4   0   5   1  0.97 inf
  123 Y   -2 -3 -1 -2 -1 -2 -1 -2  3 -1 -2 -3 -2  3 -3  0 -1 -1  7 -3    3   0   3   2   1   1   4   2   6   4   1   1   0  12   1   7   4   0  46   1  0.81 inf
  124 N   -3 -2  7  0 -4 -2 -2 -3  0 -4 -4  0 -3 -2  0 -1 -2 -4 -1 -1    1   1  64   2   0   0   1   1   2   1   1   7   0   2   5   4   1   0   2   6  1.07 inf
  125 Y   -4 -4  1 -4 -4 -3 -4 -4 -1 -1 -3 -4 -3  3 -4 -4 -3 -1  9 -3    1   0   7   1   0   0   1   1   0   4   1   1   0   8   0   1   1   0  74   1  1.86 inf
  126 G   -1 -1 -1 -1  1 -1 -1  5 -2 -1 -3  0 -3 -3 -3  1 -2 -3 -1 -3    3   2   2   2   3   3   3  52   0   4   3   6   0   0   1  12   1   0   2   1  0.62 inf
  127 P    1  0 -1  1 -2  1  0 -1 -2  0  0  0 -1 -2  4 -1 -1 -3 -2 -1   16   3   3   8   0  10   4   4   0   7  10   6   1   0  20   2   2   0   0   2  0.24 inf
  128 A    4 -2  0 -2  3  0 -1 -2 -2 -1 -2  0 -2  2 -1  0 -1 -3 -2 -1   44   1   5   1   8   4   3   1   0   3   2   6   0  11   2   3   3   0   0   3  0.35 inf
  129 G   -1  1  2 -1 -2  2 -1  1  0 -1 -2  0 -1 -1 -2  1 -1 -1  2  0    1  13  13   1   0  13   1  13   0   1   1   1   0   0   1  13   1   0  13  13  0.13 inf
  130 R    0  1  1  1 -2  1  1  0 -1 -1 -1  1 -1 -2 -2  0  0 -2  1  0    8   8   7   8   0   7   8   8   0   0   8   8   0   0   0   8   8   0   7   8  0.08 inf
  131 A    3 -1  0  0 -3  0 -1  0  1 -1 -3 -1 -2  0  0  1 -2  4  1  0   29   3   3   5   0   4   3   6   3   4   1   4   0   3   4   9   0   6   5   6  0.19 inf
  132 I   -3 -4  0 -4 -3 -3 -4 -4  0  4  4 -4  3 -2 -4 -2 -2 -3  0  0    0   0   6   0   0   0   0   0   2  30  40   0   8   0   0   3   2   0   3   4  0.66 inf
  133 G    1 -2  2 -2 -4 -1 -2  5 -1 -4 -3  0 -3  1 -1 -1 -2 -3  1 -4   13   2  10   2   0   2   1  44   1   0   1   6   0   6   3   1   2   0   5   0  0.56 inf
  134 V   -1 -1 -1 -1 -2  0  0  0 -2  1  1 -1  0  3 -1 -1 -1 -2  0  1    4   3   2   2   0   6   6   8   0  10  14   4   1  19   3   3   3   0   1   9  0.08 inf
  135 D   -3 -2  3  6 -5 -1  0 -1 -3 -4 -5 -3 -4 -5  0 -2  0 -5 -4 -1    1   2  12  55   0   2   5   5   0   0   1   0   0   0   5   1   6   0   0   4  1.03 inf
  136 L    0  0 -3 -3 -2 -2 -3  1 -3  2  3 -2  0  2 -3 -2 -2 -2 -1  1    9   7   0   1   0   0   1  11   0  13  39   1   0  10   1   1   1   0   0   7  0.23 inf
  137 L   -1  1 -2 -2  3  1 -1 -3  2  0  0  0 -1 -1  1  0 -1  4  2  0    1   8   0   0   8   8   0   1   8   8   8   8   0   0   8   8   0   8   8   8  0.18 inf
  138 A    0  2  5  1 -4  1 -1  1  1 -4 -3  1 -3 -3 -3  0 -1 -4 -3 -3    6  10  37   6   0   5   3   9   3   0   2   9   0   1   0   4   4   0   0   1  0.51 inf
  139 N   -3  0  7  1 -5  0  0 -3  3 -4 -5 -1 -4 -5 -3 -1 -2 -5 -2 -4    2   5  57   8   0   4   4   0   9   1   0   2   0   0   1   3   1   0   1   1  1.11 inf
  140 P   -1 -2 -5 -4 -5 -2 -4 -5 -5 -5 -5 -4 -5 -6  8 -4 -4 -6 -5 -5    4   3   0   0   0   2   0   0   0   0   0   0   0   0  87   0   0   0   0   0  2.56 inf
  141 D   -2 -3  2  5 -5 -1  4 -1 -2 -4 -4 -2 -4 -2 -3 -1 -1  2 -1 -2    1   0   9  36   0   1  31   4   0   0   0   0   0   2   0   2   3   3   2   4  0.78 inf
  142 L   -2 -1 -4 -3 -3 -1 -3 -3 -3  2  4  0  1 -1 -4 -3 -1 -1  1  0    2   4   0   1   0   2   0   1   0  12  51   7   2   1   0   1   4   1   6   3  0.48 inf
  143 V   -2 -5 -5 -5 -3 -4 -5 -5 -5  1  1 -4  0 -3 -5 -2 -1  0 -4  6    2   0   0   0   0   0   0   0   0   5  12   0   2   0   0   4   2   1   0  72  1.17 inf
  144 A    4 -2 -2 -2 -3  0  1 -1 -3 -2 -3 -2  0 -4 -2  2  0 -5 -4 -1   49   1   1   1   0   3  11   3   0   2   1   1   3   0   1  15   4   0   0   4  0.54 inf
  145 T   -2  1  3 -1 -3  3  0 -2 -1 -3 -3 -1 -3 -3 -3  1  4 -4 -2 -2    2   7  14   2   0  19   5   1   1   0   1   3   0   1   0  11  30   0   1   1  0.51 inf
  146 D   -3  1  3  6  0 -1  0 -3 -3 -5 -5 -1 -4 -5 -3  0  0 -5 -4 -4    0   7  16  56   3   2   4   0   0   0   0   3   0   0   0   4   4   0   0   0  1.04 inf
  147 A    2  0  0 -1 -3  0 -1  0 -3 -3 -4 -2 -3 -4  5  1  1 -4 -4 -2   19   5   4   2   0   4   2   7   0   0   0   0   0   0  35  10   8   0   0   3  0.67 inf
  148 T    0  0  0 -1 -2 -1 -1 -2 -2 -1  0 -1  0 -1  0  0  2  5 -1  1    7   6   5   2   0   2   3   1   0   2   8   3   2   1   5   7  17  11   1  15  0.19 inf
  149 V   -1 -4 -3  0 -3 -3 -3 -4 -4  3  2 -3  1 -1 -4 -3  1  2  1  3    4   0   0   6   0   0   0   0   0  21  25   0   3   0   0   0   9   3   5  24  0.41 inf
  150 S    3 -1  1  0  2 -2 -1  0 -3 -3 -3 -2 -3 -1 -3  3  0 -4 -3  0   33   3   8   4   4   0   3   6   0   0   0   0   0   3   0  28   2   0   0   6  0.37 inf
  151 F    0  1 -3 -3 -2 -2 -2 -3 -2  1  1 -2  2  2 -3  0 -1  5  2  1   10  10   0   0   0   0   0   0   0  10  10   0  10  10   0  10   0  10  10  10  0.24 inf
  152 K    0  2  0  1 -3  2  0 -1 -2 -1  0  3  2 -3 -2 -1 -1 -3 -2  0    8  11   2   8   0  10   5   3   0   3   9  23   8   0   0   3   2   0   0   5  0.17 inf
  153 T    2 -2 -2 -3  2 -2 -2 -2 -3 -2 -3  0 -2  0  2  2  4 -4 -3  1   19   0   0   0   4   0   0   0   0   0   0   4   0   4  11  17  31   0   0   9  0.41 inf
  154 A    5 -3 -2 -3 -3 -2 -2  2 -3 -4 -4 -2 -3 -4  2  3 -1 -4 -4 -3   54   0   0   0   0   0   0  14   0   0   0   0   0   0  10  22   0   0   0   0  0.77 inf
  155 M   -2 -3 -3 -4 -2 -3 -3 -4 -3  3  3 -3  3  1 -3  0  0 -3 -2  2    0   0   0   0   0   0   0   0   0  25  37   0   9   6   0   9   3   0   0  12  0.43 inf
  156 W   -3 -5 -5 -6  2 -4 -5  0 -4 -4 -3 -5 -3  3 -5 -2 -4 11  1 -4    2   0   0   0   5   0   0   8   0   0   2   0   0  10   0   3   0  67   2   0  2.36 inf
  157 F   -3 -1 -4 -4 -4 -2 -3 -4 -2 -2 -1 -2 -2  7 -5  0 -3 -1  5 -3    0   4   0   0   0   1   1   0   0   0   2   2   0  61   0  10   0   0  18   0  1.10 inf
  158 W   -3 -3 -5 -3 -4 -4 -5  0 -4 -4 -2 -5 -3  3 -5 -3 -4 11  3 -4    1   1   0   1   0   0   0   8   0   0   3   0   0  10   0   1   0  65   9   0  2.32 inf
  159 M    0 -2  0 -2  2 -1  0 -2 -2  0  0  0  2  1  1 -1  0 -2  1  0    8   0   7   0   7   0   8   1   0   8   8   8   7   7   8   1   8   0   7   8  0.08 inf
  160 T    0  0  1 -2 -2  0  0 -2 -1  0 -1  0 -1  0 -2  0  3 -2  2  0    6   4   7   0   0   4   4   1   0   4   5   4   0   4   0   6  31   0  11   7  0.21 inf
  161 A   -1  1  3  0 -4  2  0  0  1 -4 -3  1 -3 -1  4  0 -1 -3 -1 -3    3   7  19   3   0  10   4   5   4   0   1   8   0   3  22   5   3   0   3   0  0.43 inf
  162 Q   -1 -1 -1 -1 -3  4  0 -2  1 -1 -2  0 -1 -3 -3  0  0 -4 -1  3    3   2   3   2   0  28   5   2   4   2   2   4   2   0   0   9   4   0   2  26  0.39 inf
  163 P    0  1 -1  0 -3  1  0  2  1 -3 -2  2 -2 -2  2  0 -1  0 -1 -3    5  10   2   4   0   7   4  19   3   1   3  15   0   2  10   8   4   1   2   1  0.22 inf
  164 P   -1 -1  2  0 -3 -2 -1  0  0 -2 -2 -1 -3 -4  6  0 -1 -4 -3 -2    5   2  14   4   0   1   4   6   2   2   3   3   0   1  39   7   3   0   0   3  0.69 inf
  165 K    0  1 -1 -1 -3  1  0 -1  0  0 -1  4 -2 -3 -2  0  1 -3 -2  1    6   5   2   3   0   5   3   5   2   4   4  32   0   0   1   6   7   0   0  14  0.22 inf
  166 P   -1 -3 -3 -2 -3 -1 -2 -3 -3  0 -1  0  3 -1  6 -1  1  0 -3 -1    3   1   1   2   0   2   1   1   0   5   6   5  11   2  43   3   8   1   1   3  0.81 inf
  167 S    1 -2  2 -2 -3 -2 -2  0 -1 -3 -3 -1 -3 -3 -1  4  3 -4 -3 -2    9   1   9   1   0   0   1   5   1   1   2   3   0   0   2  46  16   0   0   2  0.57 inf
  168 S    1 -3 -2 -3  6 -2 -1 -1 -1  0 -1 -2  2 -1  2  1 -1 -3 -2  0   12   1   1   1  24   1   3   4   2   6   3   1   9   2  10  14   1   0   1   5  0.43 inf
  169 H   -3 -2 -2 -3  1  0  0 -4  9 -4 -1 -3 -3 -3 -4 -1 -2 -4  0 -4    1   0   0   0   4   3   4   1  68   0   7   0   0   0   0   4   3   0   2   1  1.58 inf
  170 A    0  0  1  3 -3  2  0 -1  2 -2 -3  0 -2 -2 -2  1 -1  4  0 -3    9   5   5  26   0  10   3   3   7   2   1   4   0   0   0  10   3   6   4   1  0.31 inf
  171 V    1 -2 -3 -3  3 -3 -3 -3 -3  2  1 -3 -1  0 -3 -1 -1 -3 -2  4   13   2   0   0   6   0   0   1   0  11   8   0   0   3   0   4   0   0   0  48  0.44 inf
  172 I   -1 -3 -2 -3  1 -3 -3 -4 -3  4  0 -3  4  0  0 -2  0 -3 -2  2    4   0   2   0   4   0   0   1   0  37   3   0  19   3   5   1   6   0   0  13  0.45 inf
  173 V    0 -1  0  1 -2 -1 -1 -2 -2  1  1 -1  0 -2  0  0  2 -3 -2  2    6   3   6  10   0   0   1   1   0   9  11   1   2   0   4   7  20   0   0  18  0.13 inf
  174 G    0  0  2  0 -3  0 -1  4 -2 -3 -2  0 -2 -3 -2  0  0 -3 -1 -3    5   5  14   3   0   3   3  40   0   1   4   5   0   1   1   6   5   0   2   1  0.39 inf
  175 Q   -1  2  2  0 -3  3  0  0  2 -2 -2  1 -1 -2 -1  0  1 -1 -2 -2    3  10  15   2   0  15   5   7   7   2   2  10   1   1   2   4   9   1   1   2  0.22 inf
  176 W   -2 -2 -1 -3 -3 -2 -2 -1  0 -1 -1 -2 -2  0 -1 -1 -1 10  2 -1    4   2   3   2   1   1   2   5   2   3   4   2   1   2   3   5   4  44   5   4  1.24 inf
  177 S    0  0  0  0 -2  1  0 -1 -1 -1 -1  1  1 -2 -1  1  2 -2 -1  0    5   4   5   4   1   8   3   3   1   2   6  10   5   1   2  15  15   0   1   9  0.10 inf
  178 P   -1 -1 -2 -2  1 -1  0 -2  0 -2 -2 -1 -2 -2  6  0 -1 -2 -2 -2    3   3   2   2   4   2   6   3   3   2   4   4   1   1  47   6   4   0   1   2  0.84 inf
  179 S   -1 -1  1 -1 -2  0 -1  0  2 -1 -1 -1 -1 -1  0  3  2 -2  0 -1    3   2   6   2   1   4   2   6   7   2   6   3   1   3   3  29  15   0   3   4  0.19 inf
  180 G    2  0  0  1 -2  1  0  0  0 -1 -2  1 -1 -2  1  0 -1 -2 -2 -1   22   4   3  10   1   9   4   7   3   3   3   8   1   1   6   7   2   0   1   5  0.13 inf
  181 A    1  0  2  1  3  0  0 -1  2 -1 -2  0 -2 -3  0  0  0 -3 -2 -1   17   7  11   9   7   4   4   4   7   5   4   5   0   0   3   4   4   0   0   3  0.13 inf
  182 D   -1  0  2  5 -4  1  2 -3  3 -1 -4 -2  1 -3 -3  0  0 -4  0 -3    5   4   8  35   0   5  11   1   7   4   1   0   4   0   0   5   5   0   4   0  0.53 inf
  183 R    0  1 -1  0 -2  1  0 -2  1  1 -1  1 -1 -1 -1  1  1 -3  0  0    6   9   2   5   0   8   5   2   4  11   4   7   0   2   3   9  11   0   4   8  0.07 inf
  184 A    4 -1  0  0 -3  0  0 -1 -3 -2 -1 -1  0  0 -1  1  0 -3 -3 -1   39   3   4   4   0   4   7   3   0   2   6   3   2   5   2  10   4   0   0   3  0.27 inf
  185 A    4 -1  0 -1 -3 -1  0  1 -1 -1 -2 -1  1 -3 -1  1 -1 -4 -3 -1   37   3   6   2   0   2   7  10   1   3   2   2   5   0   2  10   3   0   0   3  0.30 inf
  186 G   -1  0  2  0  0 -1 -3  5  3 -4 -2  0 -3 -2 -3  0 -3  0 -2 -3    3   5  11   4   2   2   1  44   7   0   3   6   0   1   0   5   0   1   1   2  0.60 inf
  187 R   -2  5 -2 -1 -3  0 -1 -1  1  0  0  0 -1 -2 -2  0  0 -3  1 -1    2  35   1   4   0   3   3   5   4   5  10   2   1   1   2   6   6   0   5   4  0.31 inf
  188 V    0 -2  0 -1 -2 -1 -1  2 -2  1  1 -1  0 -1 -1  0  0 -3 -1  2    5   2   4   2   0   1   3  16   1   9  13   4   1   2   3   7   6   0   2  20  0.08 inf
  189 P    0 -1  0 -3 -4  1 -3 -1  0 -2 -3 -2 -1 -4  6 -1 -3 -4 -1 -2    9   3   6   1   0   8   1   6   2   2   2   2   1   0  48   3   1   0   3   2  0.98 inf
  190 G   -2 -2  1  0 -4 -1 -3  6 -1 -1 -5 -3 -4 -4 -4  0 -2 -4 -1 -4    2   2   6   5   0   3   1  62   1   4   1   0   0   0   0   6   2   0   2   1  1.05 inf
  191 F   -5 -5 -5 -6 -2 -5 -5 -6  1  0 -2 -3  0  7 -6 -4 -5 -2  6 -4    0   0   0   0   1   0   0   0   4   6   2   2   2  56   0   1   0   0  23   0  1.69 inf
  192 G   -1 -3 -4 -3 -6 -5 -5  7 -5 -7 -6 -5 -6 -6 -5 -1 -5 -6 -6 -6    4   1   0   1   0   0   0  87   0   0   0   0   0   0   0   4   0   0   0   0  2.07 inf
  193 V    1 -3 -3 -3 -3  1  0  0 -2 -1  0 -2  1 -3  0 -1  1  1 -2  3   14   0   0   0   0   8   8   8   1   1   9   1   5   0   6   1   9   2   1  26  0.21 inf
  194 I   -2 -4 -3 -4 -3 -3 -4 -4 -4  3 -1 -3 -2 -4 -2 -1  6 -4 -4  2    2   0   0   0   0   0   0   1   0  20   3   0   0   0   2   4  50   0   0  15  0.95 inf
  195 T   -2 -4 -3 -4 -3 -4 -4 -2 -4  5 -1 -4  1 -3 -4  1  5 -5 -4  0    1   0   0   0   0   0   0   3   0  34   5   0   4   0   0   9  39   0   0   4  0.87 inf
  196 N   -4  3  7 -1 -5  1 -2 -4  0 -4 -1  0  0 -2 -4 -3 -3 -5 -4 -3    0  15  53   3   0   6   1   0   2   0   6   5   2   2   0   0   0   0   0   2  1.06 inf
  197 I    1 -3 -1 -4 -3 -4 -4 -4 -4  6  0 -3 -2 -3 -4 -1 -1 -5 -4  2   12   2   3   0   0   0   0   0   0  58   4   1   0   0   0   6   2   0   0   9  0.91 inf
  198 I   -4 -4 -5 -5 -4 -5 -5 -4 -5  7  0 -3  0  0 -5 -4 -2 -5 -4  1    0   1   0   0   0   0   0   2   0  72   8   1   2   3   0   1   2   0   0   6  1.40 inf
  199 N   -3 -4  8  0 -6 -3 -3 -2 -1 -6 -6 -2 -5 -5 -5 -1 -3 -6  1 -6    2   0  81   3   0   0   0   2   1   0   0   1   0   0   0   3   1   0   5   0  1.98 inf
  200 G   -2 -2  1 -3 -3 -4 -4  6 -4 -3 -3 -4 -4 -2 -3  0 -3 -5 -5 -5    1   2   6   0   1   0   0  72   0   2   3   0   0   2   1   8   0   0   0   0  1.33 inf
  201 G    1 -2  0  1 -4 -2  1  5 -2 -4 -3 -2 -2 -4 -3  0 -2 -4 -4 -3   11   2   4  10   0   1   8  48   1   1   2   1   1   0   1   7   1   0   0   1  0.69 inf
  202 I   -1 -2 -2 -2  0  1 -1 -3 -2  3  3 -2  1  1 -2 -1 -2 -2  2  1    4   1   1   1   2   7   3   2   1  18  33   1   2   4   2   3   1   0   7   6  0.26 inf
  203 E   -3 -3 -3  1 -1  0  7 -1 -3 -3 -5 -2 -4 -5 -4 -3 -2 -5 -4 -2    0   0   0   6   2   3  75   4   0   2   1   0   0   0   0   0   2   0   0   3  1.43 inf
  204 C   -2 -4 -3 -5 11 -5 -4 -2  0 -4 -4 -5 -4 -5 -5 -2 -3 -2 -1 -4    3   1   1   0  77   0   1   3   2   0   1   1   0   0   0   3   1   1   2   1  2.66 inf
  205 G   -2 -4  3  1 -2 -2 -3  6 -3 -5 -4 -2 -4 -5 -4 -1 -2 -5 -5 -5    2   0  15   7   1   1   0  60   0   0   2   2   0   0   0   4   2   0   0   0  1.12 inf
  206 H   -2  1  0 -1 -4  1 -1  4  4 -2 -2  1 -1 -3 -2  0 -2 -4 -3 -2    1   7   3   2   0   7   2  34  14   2   3  11   1   1   1   5   1   0   0   2  0.45 inf
  207 G    0 -1 -1  0 -4  0  0  5 -2 -3 -4 -1 -4 -4  1  0 -2  3 -4 -3    8   3   2   5   0   3   6  48   1   1   0   4   0   0   6   6   1   4   0   1  0.65 inf
  208 Q   -1  0  4  2 -1  1  1 -1  0 -4 -3 -2 -2 -3  0  2  0  0 -2 -3    5   4  26  13   2   5  10   3   2   0   3   0   1   1   4  14   5   1   1   0  0.37 inf
  209 D   -1 -2  3  4 -4 -2  0 -2 -1 -1 -2  1 -3 -2  3  1  1 -4 -3 -1    2   1  14  23   0   1   3   1   1   3   2   8   0   2  15   9   7   0   0   6  0.39 inf
  210 S    2 -2  0  3 -3  0  0  1 -3 -2 -2 -1 -2 -4  2  1  0 -1 -1 -3   19   1   3  23   0   3   5   8   0   2   3   3   0   0   9  13   5   1   2   1  0.31 inf
  211 R    1  3  0 -1 -4  4  0 -2  1 -1 -3  1 -3 -4 -1  0  0 -4 -1 -1   13  18   3   3   0  26   3   3   3   4   1   5   0   0   2   5   4   0   2   5  0.36 inf
  212 V    1 -2 -1 -4 -3 -2 -2 -3 -4  0 -2 -3  4 -3  0  0  0 -5 -4  5   12   2   3   0   0   1   2   1   0   1   1   0  14   0   6   6   6   0   0  44  0.60 inf
  213 A    1 -2  3  0 -3  3  1 -3 -1 -2 -2  0 -1 -4 -1  0  1 -4 -3  0   14   1  20   3   0  17   8   0   1   1   4   6   1   0   2   7   7   0   0   8  0.30 inf
  214 D    1  1  5  4 -4  0 -1 -3 -2 -4 -4 -1 -2 -4 -4  2 -1 -5 -4 -3   11   7  29  24   0   3   2   0   0   1   1   2   1   0   0  16   2   0   0   1  0.67 inf
  215 R   -3  8 -4 -5 -6 -3 -3 -5 -4  0 -5 -1 -2 -4 -5 -1 -4 -6 -5 -5    2  82   0   0   0   0   0   0   0   7   0   1   1   1   0   4   0   0   0   0  1.97 inf
  216 I   -2 -5 -6 -6 -4 -3 -5 -6 -6  7 -1 -5 -2 -2 -5 -4 -3 -5 -2  4    3   0   0   0   0   1   0   0   0  61   2   0   0   1   0   1   1   0   2  29  1.42 inf
  217 G    0  0  2  0 -4  0  0  4 -3 -5 -5  0 -4 -4 -3  1  0 -5 -4 -4    7   5   9   4   0   4   6  41   0   0   0   7   0   1   0  12   5   0   0   0  0.59 inf
  218 F   -1  0 -3 -5 -2 -2 -4 -5  4 -2 -2 -3 -3  5 -5 -2 -4 -2  7 -4    6   5   1   0   1   1   0   0  11   2   2   1   0  26   0   2   1   0  41   0  1.31 inf
  219 Y   -5 -6 -6 -5 -6 -5 -6 -7 -2 -2 -3 -6 -4  4 -7 -4 -5  2  9 -5    0   0   0   1   0   0   0   0   0   2   1   0   0  14   0   1   0   2  79   0  2.57 inf
  220 K   -3  3 -1 -3  0  3  0 -4 -3 -3  0  5 -1 -4 -1 -2  1 -5 -4 -2    0  13   3   0   2  15   5   0   0   1  10  36   1   0   3   1  10   0   0   2  0.58 inf
  221 R   -1  5  0  1 -5  1  1 -2  0 -3 -3  0 -4 -4 -4 -1 -2  3  2 -4    5  43   4   7   0   6   8   3   2   1   1   3   0   0   0   4   2   4   8   0  0.66 inf
  222 Y   -3 -5 -5 -6 -6 -4 -6 -4 -1 -1 -1 -5 -1  6 -6 -5 -5 -2  8 -3    2   0   0   0   0   0   0   1   1   4   4   0   1  28   0   0   0   0  58   1  1.93 inf
  223 C    1 -6 -3 -6 10 -5 -6 -5 -6 -4  0 -5 -2 -5 -5 -2  1  0 -3 -1   13   0   1   0  58   0   0   0   0   0  11   0   1   0   0   2   8   2   1   3  1.86 inf
  224 D   -1 -1  2  5 -5  2  1  1  0 -5 -5  1 -4 -5 -3  0 -1 -5 -4 -4    5   2  11  32   0  12   8  11   2   0   0   7   0   0   0   7   4   0   0   0  0.59 inf
  225 I   -1 -1 -2 -3 -3  2  0 -3  0  2  1  0  4 -1 -4 -2 -2 -1  3  0    6   2   1   1   0  13   4   2   2  16  14   4  15   1   0   1   1   1  11   4  0.28 inf
  226 L   -4 -5 -6 -6 -4 -5 -4 -6 -5 -1  5 -4  3  4 -6 -5 -4 -4  0 -2    0   0   0   0   0   0   1   0   0   1  65   1   8  20   0   0   0   0   2   1  1.26 inf
  227 G   -1 -1  2 -1 -5  0 -1  6 -1 -5 -6 -1 -5 -6 -3 -2 -4 -5 -5 -5    2   3  10   4   0   4   3  65   1   0   0   4   0   0   1   2   0   0   0   0  1.19 inf
  228 V   -1 -5 -5 -5 -4 -5 -5 -3 -5  2 -1 -5 -1 -4 -5 -3  0 -2 -4  6    5   0   0   0   0   0   0   2   0   8   3   0   1   0   0   1   7   1   0  72  1.24 inf
  229 G    0 -3  1  2 -4 -1 -1  2  0 -4 -3 -2 -3 -4  2  3  1 -5 -4 -3    7   0   5  15   0   2   2  19   2   0   2   0   0   0  13  24   8   0   0   0  0.45 inf
  230 Y   -2 -1 -4 -4 -1 -4 -4 -5 -3  1 -3 -3 -2  0  6 -3  1 -3  5 -1    3   4   0   0   1   0   0   0   0   7   0   1   1   2  40   1  10   0  25   4  1.08 inf
  231 G   -1 -4 -1 -1 -5 -1  0  6  1 -6 -4 -4 -5 -5  0 -2 -4 -5 -5 -5    5   0   2   3   0   2   6  70   4   0   1   0   0   0   5   1   0   0   0   0  1.28 inf
  232 N    0 -2  1  5 -4 -1  2  0  0 -3 -4 -1 -4 -5  1  1 -1 -5 -3 -4    8   1   7  34   0   1  14   7   3   2   0   3   0   0   7  10   4   0   0   0  0.55 inf
  233 N   -2 -3  7  2 -5  0 -1 -1  0 -4 -5 -1 -3 -5 -2 -2 -1 -6 -1 -2    2   0  64   8   0   3   3   3   2   0   0   2   1   0   2   1   3   0   2   3  1.24 inf
  234 L   -2 -4  0 -5  0 -4 -5 -6 -5  0  6 -5 -1 -2 -5 -3 -2 -4 -4  0    2   1   5   0   2   0   0   0   0   3  79   0   0   0   0   1   1   0   0   4  1.17 inf
  235 D   -2 -2  0  5 -4 -2 -1  1 -3 -4 -3 -2 -4 -4 -2  2  3 -4  1 -4    2   2   3  35   0   0   2  10   0   0   2   0   0   0   1  14  21   0   7   0  0.62 inf
  236 C   -4 -7 -7 -7 11 -4 -7 -6 -7 -5 -5 -7 -5 -6 -7 -5 -2  5 -4 -5    0   0   0   0  89   1   0   0   0   0   0   0   0   0   0   0   2   7   1   0  3.59 inf
  237 Y    1 -1  1 -2 -3 -2 -1  0 -1 -3 -2  1 -2  2 -3 -1  0  4  5 -1   17   1   7   1   0   0   3   6   0   0   1  10   0  10   0   3   5   6  28   3  0.40 inf
  238 S   -2 -2  5  3 -4  1  1  1  0 -4 -4 -1 -3 -3 -3  0 -1 -4  0 -4    2   0  37  16   0   8  11   9   2   0   1   2   0   1   0   7   1   0   4   0  0.61 inf
  239 Q   -4 -2 -1 -3 -5  7  1 -2 -3 -4 -3 -2  6 -5 -4 -3 -3 -5 -4 -4    0   0   2   0   0  70   5   2   0   0   0   0  20   0   0   0   0   0   0   0  1.67 inf
  240 R   -1  4 -2 -3 -4  1  0 -3 -2 -3 -2  4 -3 -4 -3 -1  3 -2 -3 -2    5  27   0   0   0   6   3   1   0   1   2  29   0   0   0   1  22   0   0   3  0.59 inf
  241 P    0 -2  0 -3 -4  0 -3 -2  0 -5 -5 -3 -4 -5  7  1 -1 -4 -3 -4    8   2   4   1   0   5   0   2   3   0   0   0   0   0  62  10   4   0   1   0  1.44 inf
  242 F   -5 -5 -6 -6 -5 -5 -6 -6 -3 -3 -2 -6 -3  8 -6 -5 -5 -1  5 -3    0   0   0   0   0   0   0   0   0   0   0   0   0  83   0   0   0   0  17   0  2.22 inf
  243 A    4 -2 -1 -2 -1 -1 -1 -1 -2 -2 -2 -1 -2 -3 -2  3  2 -3 -3 -1   57   0   0   0   0   0   0   0   0   0   0   0   0   0   0  23  20   0   0   0  0.54 inf

                      K         Lambda
Standard Ungapped    0.1353     0.3204
Standard Gapped      0.0443     0.2670
PSI Ungapped         0.1441     0.3116
PSI Gapped           0.0443     0.2670
