
Last position-specific scoring matrix computed, weighted observed percentages rounded down, information per position, and relative weight of gapless real matches to pseudocounts
           A  R  N  D  C  Q  E  G  H  I  L  K  M  F  P  S  T  W  Y  V   A   R   N   D   C   Q   E   G   H   I   L   K   M   F   P   S   T   W   Y   V
    1 L   -3 -3 -4 -4 -3 -3 -4 -4 -2  0  2 -3  2  6 -4 -3 -2  0  3 -1    0   0   0   0   0   0   0   0   0   0  22   0   7  61   0   0   0   0  10   0  0.77 inf
    2 D    1 -2  0  0 -3 -1 -1 -2  5 -3 -2 -2 -2  1 -3  0 -1  0  6 -2   14   0   5   6   0   0   0   0  20   0   0   0   0   0   0   9   0   0  46   0  0.56 inf
    3 G   -1 -3 -1 -2 -4 -3 -3  6 -3 -5 -5 -2 -4 -4  2 -1 -2 -4 -4 -4    0   0   0   0   0   0   0  89   0   0   0   0   0   0  11   0   0   0   0   0  1.31 inf
    4 K   -2  2 -1 -2 -4  0  0 -3 -2 -4 -4  6 -2 -4 -2 -1 -2 -4 -3 -3    0   6   0   0   0   0   0   0   0   0   0  94   0   0   0   0   0   0   0   0  1.03 inf
    5 T   -2 -1  7  0 -3 -1 -1 -1 -1 -4 -4 -1 -3 -4 -3  1  2 -5 -3 -3    0   0  75   0   0   0   0   0   0   0   0   0   0   0   0  10  15   0   0   0  0.94 inf
    6 S   -2 -1  6  1 -3 -1  0 -1 -1 -1 -3 -1 -3 -4 -3  2 -1 -4 -3 -3    0   0  68   4   0   0   6   0   0   6   0   0   0   0   0  15   0   0   0   0  0.76 inf
    7 L   -2 -3 -3 -4 -2 -2 -1 -4 -3  1  3 -2  6 -1 -3 -3 -2 -3 -2  1    0   0   0   0   0   0   6   0   0   0  43   0  40   0   0   0   0   0   0  10  0.54 inf
    8 E   -2 -2  0  5 -5  0  5 -3 -1 -4 -4 -1 -3 -4 -2 -1 -2 -4 -3 -4    0   0   0  45   0   0  55   0   0   0   0   0   0   0   0   0   0   0   0   0  1.00 inf
    9 K    1 -1  0 -2 -2 -1 -2 -2 -2 -1  0  3  6 -2 -3 -1  1 -3 -2 -1   13   0   6   0   0   0   0   0   0   0   0  25  48   0   0   0   9   0   0   0  0.40 inf
   10 Y    3 -2 -2 -3 -2 -2 -2 -2 -2 -1 -1 -2  3  3 -2  0  1 -2  1 -1   47   0   0   0   0   0   0   0   0   0   0   0  16  19   0   0  13   0   5   0  0.32 inf
   11 R   -2  6 -1 -2 -4  1  0 -3 -1 -4 -3  4 -2 -4 -3 -1 -2 -4 -3 -3    0  64   0   0   0   4   0   0   0   0   0  31   0   0   0   0   0   0   0   0  0.94 inf
   12 V    0 -4 -4 -4  5 -3 -4 -4 -4  4  0 -3  0 -1 -3 -2 -1 -3 -2  4    5   0   0   0  16   0   0   0   0  37   0   0   0   0   0   0   0   0   0  42  0.53 inf
   13 D   -3 -3  0  7 -5 -1  1 -1 -2 -4 -5 -2 -4 -5 -3 -1 -2 -5 -4 -4    0   0   0  93   0   0   3   4   0   0   0   0   0   0   0   0   0   0   0   0  1.37 inf
   14 E   -2 -2 -3 -3  1 -2 -1 -4 -1  1  0 -2  5  2 -3 -1 -2  0  5  1    0   0   0   0   3   0   5   0   0   5   0   0  29   8   0   4   0   0  33  13  0.42 inf
   15 I    0 -4 -4 -4 -2 -3 -4 -4 -4  6  1 -3  0 -1 -4 -3 -1 -4 -2  3    6   0   0   0   0   0   0   0   0  79   3   0   0   0   0   0   0   0   0  12  0.68 inf
   16 T    1 -3 -2 -3  7 -2 -3 -2 -3  0 -1 -2  0 -2 -3  1  0 -3 -2  2   16   0   0   0  32   0   0   0   0   0   0   0   3   0   0  13   5   0   0  30  0.47 inf
   17 E   -3 -2  0  7 -5 -1  3 -2 -2 -4 -5 -1 -4 -5 -2 -1 -2 -5 -4 -4    0   0   0  78   0   0  22   0   0   0   0   0   0   0   0   0   0   0   0   0  1.19 inf
   18 T    1 -3 -2 -3  8 -2 -3 -2 -3 -2 -2 -3  1 -3 -3  1  2 -3 -3 -1   14   0   0   0  52   0   0   0   0   0   0   0   6   0   0   9  19   0   0   0  0.88 inf
   19 L   -2 -3 -4 -4 -3 -3 -4 -4 -3  2  2 -3  3  6 -4 -3 -2 -1  1  1    0   0   0   0   0   0   0   0   0  11  19   0  10  54   0   0   0   0   0   6  0.63 inf
   20 Q   -2 -2 -2 -1 -3  1 -2  2  0 -2 -2  0 -2  2 -3 -2 -2  0  6  0    0   0   0   4   0  12   0  22   0   0   0   6   0   7   0   0   0   0  41   9  0.42 inf
   21 D   -2 -2  0  6 -5  0  4 -3 -2 -4 -4 -1 -4 -4 -2 -1 -2 -5 -4 -4    0   0   0  59   0   0  41   0   0   0   0   0   0   0   0   0   0   0   0   0  1.05 inf
   22 I   -2 -4 -4 -4 -2 -3 -4 -5 -4  5  3 -3  1  1 -4 -3 -2 -3 -1  1    0   0   0   0   0   0   0   0   0  62  33   0   0   6   0   0   0   0   0   0  0.61 inf
   23 F    0 -3 -3 -4 -2 -2 -3 -3 -2  1  2 -2  5  3 -3 -1 -1 -2  0  1   10   0   0   0   0   0   0   0   0   0  19   0  30  22   0   5   0   0   0  14  0.33 inf
   24 N   -2 -1  3  3 -3  1  0 -2  5 -3 -3  1 -2 -3  0  0  2 -4 -1 -3    0   0  15  18   0   4   0   0  27   0   0  10   0   0   5   4  16   0   0   0  0.44 inf
   25 D    0 -2  0  5 -3 -1  0  0  3 -3 -2 -2  0 -3  1  0 -2 -4 -2 -2    8   0   0  55   0   0   0   5  11   0   3   0   4   0   6   4   0   0   0   3  0.55 inf
   26 V    0 -3 -3 -4 -3 -2 -3 -3  0  1  0 -3  2  3 -4 -2 -2  0  6  0   10   0   0   0   0   0   0   0   0  11   6   0   9  12   0   0   0   0  46   5  0.58 inf
   27 V   -2 -2 -3 -3 -3  0 -1  0 -3  1  1 -2  7 -1 -3 -2 -2 -3 -2  2    0   0   0   0   0   5   4   7   0   7   4   0  58   0   0   0   0   0   0  14  0.56 inf
   28 K    0  5 -1 -2 -4  0 -1 -3 -1 -4 -3  4 -2 -4 -2 -1 -1 -4 -3 -3    9  44   0   0   0   0   0   0   0   0   0  44   0   0   0   0   3   0   0   0  0.74 inf
   29 I    0 -3 -3 -4 -2 -2 -3 -3 -1  1  1 -3  5  2 -4 -2 -2  5  5  0    8   0   0   0   0   0   0   0   0   5  13   0  29   4   0   0   0  10  27   3  0.54 inf
   30 K   -2 -3 -3 -4 -3 -2 -3 -4  0 -2 -1 -1 -1  5 -4 -1 -2  6  6 -1    0   0   0   0   0   0   0   0   0   0   0   5   0  30   0   4   0  13  41   5  0.88 inf
   31 F   -3 -2  1 -3 -4 -1 -2 -3  7 -3 -2 -1 -2  5 -4 -1 -2 -1  4 -3    0   0   6   0   0   0   0   0  38   0   0   5   0  32   0   4   0   0  15   0  0.75 inf
   32 A    1  0  1  2 -3  1  4 -2 -1 -3 -3  0 -1 -3 -2 -1 -1  5 -2 -3   18   4  10   8   0   3  42   0   0   0   0   0   1   0   0   0   3  10   0   0  0.46 inf
   33 P    1  1 -1  1 -3  0  0 -2 -2 -3 -3  5 -2 -4  2 -1 -1 -4 -3 -3   12   0   0   8   0   0   0   0   0   0   0  68   0   0  10   0   0   0   0   0  0.61 inf
   34 E   -2 -2  3  6 -4 -1  2 -2 -1 -4 -4 -1  0 -4 -2  0  0 -5 -3 -3    0   0  20  58   0   0  11   0   0   0   0   0   4   0   0   2   6   0   0   0  0.81 inf
   35 A    1 -2  1  1 -3  0  3  3 -2 -4 -4 -1 -3 -4 -2  0 -1 -4 -3 -3   15   0   6   6   0   2  33  34   0   0   0   0   0   0   0   2   2   0   0   0  0.46 inf
   36 A    2  3 -1  1  0  1  0 -2 -1 -3 -2  1 -1 -3 -2  1  0 -3 -2 -2   30  26   0  10   2   4   0   0   0   0   0  10   2   0   0   9   7   0   0   0  0.28 inf
   37 K    1  1  0  2 -3  0  0 -2 -2 -1 -2  4  1 -3 -2  1  1 -4 -3 -2   12   2   1  15   0   0   0   0   0   3   0  41   8   0   0   7  10   0   0   0  0.28 inf
   38 E   -1  0  2 -1 -3  0  1 -1 -1 -3 -2  4  0 -3  2  1  0 -4 -3 -2    0   0  10   0   0   0  10   2   0   0   4  44   5   0   8  12   5   0   0   0  0.34 inf
   39 A    3 -2 -2 -2 -2 -1  3 -2 -1 -2 -2 -1  2  0  0 -1 -1 -1  4 -2   35   0   0   0   0   0  25   0   0   0   0   0  11   0   3   0   0   0  26   0  0.37 inf
   40 V   -1  0 -2 -2 -2 -1  1 -3 -2  2  2  0  4  0 -3 -2 -1 -3 -2  1    0   4   0   0   0   0  13   0   0  11  29   8  20   2   0   2   0   0   0  11  0.21 inf
   41 Q   -2  3 -1  1 -4  5  3 -3 -1 -3 -3  1  1 -4 -2 -1 -2 -3 -3 -3    0  16   0   4   0  41  27   0   0   0   0   6   6   0   0   0   0   0   0   0  0.63 inf
   42 Q   -1  1  0 -1 -3  1  2  1 -1 -3 -2  2  1 -2 -2  0 -1  6 -1 -3    0   8   2   0   0   5  21  13   0   0   2  15   7   0   0   9   1  15   0   0  0.34 inf
   43 N   -2  5  0 -2 -4 -1  0 -1 -1 -3 -2  0 -2  4 -3 -1 -2 -2  1 -3    0  50   5   0   0   0   4   4   0   0   0   0   0  32   0   2   0   0   3   0  0.57 inf
   44 Y   -2 -1 -1 -3 -3 -2 -2 -3  0 -1 -1  2 -1  4 -3 -2 -2  0  6  1    0   0   3   0   0   0   0   0   0   0   0  23   0  23   0   0   0   0  38  13  0.55 inf
   45 E    0 -1 -1  0 -2  2  2 -3 -2 -1  0 -1  5 -2 -2 -1  2 -3 -2 -1    8   0   0   4   0  15  17   0   0   0   2   0  31   0   0   0  23   0   0   0  0.32 inf
   46 K   -2  0  3  2 -4  0  3 -2 -1 -4 -4  4 -3 -4 -2  0 -1 -4 -3 -3    0   0  22  12   0   0  22   0   0   0   0  40   0   0   0   4   0   0   0   0  0.54 inf
   47 S   -1 -2 -1  2 -2 -2 -1 -3 -3 -2 -3 -2 -2 -3 -2  1  6 -4 -3 -1    0   0   0  13   0   0   0   0   0   0   0   0   0   0   0   9  79   0   0   0  0.81 inf
   48 C   -1 -4 -3 -4  9 -3 -4 -3 -4 -1  1 -3  2 -1 -4  1 -1 -3 -3  0    0   0   0   0  57   0   0   0   0   0  19   0   6   2   0  13   0   0   0   4  0.99 inf
   49 K   -1  4  1 -2 -3  1 -1 -3  0  0 -1  2 -1 -3  3 -1  0 -3 -2  0    0  34   9   0   0   4   0   0   3   9   3  11   0   0  14   3   4   0   0   6  0.31 inf
   50 R    1  5 -2 -2 -3  1 -1 -2 -2 -1 -3  1 -2 -3  2 -1  0 -4 -3 -2   20  56   0   0   0   4   0   0   0   4   0   0   0   0   9   0   6   0   0   0  0.56 inf
   51 L   -1 -3 -3 -4  2 -3 -3 -1 -4  4  1 -1  0 -1 -3 -2 -1 -3 -2  3    0   0   0   0   4   0   0   5   0  41   9   7   0   0   0   0   0   0   0  33  0.36 inf
   52 A   -1 -3 -4 -4 -2 -3 -3 -4 -2  0  4 -3  2  1 -4 -3 -2 -1  4  0    5   0   0   0   0   0   0   0   0   0  62   0   7   2   0   0   0   0  24   0  0.56 inf
   53 P    0 -2 -2 -2 -3 -2 -2  1 -3 -3 -4  0 -3 -4  7  1  1 -4 -3 -3    4   0   0   0   0   0   0  14   0   0   0   4   0   0  56   9  13   0   0   0  1.12 inf
   54 F    2 -3 -1 -3 -3 -3 -3  1 -2 -2 -1 -3 -1  6 -3 -1 -2 -1  3 -2   30   0   4   0   0   0   0  10   0   0   0   0   0  48   0   0   0   0   8   0  0.52 inf
   55 L   -2 -3 -4 -5 -2 -2 -4 -4 -3  1  4 -3  6 -1 -4 -3 -2 -3 -2  0    0   0   0   0   0   0   0   0   0   0  57   0  43   0   0   0   0   0   0   0  0.83 inf
   56 E   -2 -1 -1  0  2  1  6 -3 -1 -4 -4  1 -3 -4 -2  0 -2 -4 -3 -3    0   0   0   0   6   0  82   0   0   0   0   5   0   0   0   6   0   0   0   0  0.97 inf
   57 G   -2  4  1  0 -4  0  0  0 -1 -4 -3  4 -2 -4 -2 -1 -2 -4 -3 -3    0  37   6   6   0   0   0   8   0   0   0  42   0   0   0   0   0   0   0   0  0.62 inf
   58 L    0 -2 -1 -2 -2 -2 -2 -1 -3  1  1 -2  0 -2 -2  1  4 -3 -2  0    6   0   0   0   0   0   0   4   0  15  17   0   0   0   0  11  47   0   0   0  0.32 inf
   59 L   -3 -3 -5 -5 -2 -3 -4 -5 -4  1  5 -4  1  0 -4 -4 -2 -3 -2  0    0   0   0   0   0   0   0   0   0   0 100   0   0   0   0   0   0   0   0   0  0.95 inf
   60 V    0 -1 -1  1 -3  0  3 -3 -2  1 -1  1  1 -2 -2  0 -1 -3 -2  1    5   0   0   5   0   0  37   0   0  13   0  10   6   0   0   6   0   0   0  18  0.24 inf
   61 S    3 -1 -2 -3 -2  0 -2 -2 -2 -1  0  1  6 -2 -2  1  0 -3 -2 -1   32   0   0   0   0   4   0   0   0   0   0  13  39   0   0  11   2   0   0   0  0.38 inf
   62 N   -2  3  6  0 -4  1 -1 -2  1 -4 -4  1 -3 -3 -3 -1 -1 -4  0 -4    0  24  54   0   0   7   0   0   4   0   0   7   0   0   0   0   0   0   4   0  0.70 inf
   63 G   -2 -1  6  1 -3 -1  0  0  1 -4 -4  1 -3 -3 -3  1 -1 -4  0 -3    0   0  54   6   0   0   5   5   4   0   0   8   0   0   0  15   0   0   4   0  0.59 inf
   64 G   -1 -3 -1 -2 -3 -2  0  6 -3 -4 -4 -2 -3 -4 -3  0 -2 -3 -4 -4    0   0   0   0   0   0   7  84   0   0   0   0   0   0   0   6   0   0   0   0  1.13 inf
   65 G   -1 -4 -2 -2 -4 -3 -3  7 -3 -5 -5 -3 -4 -4 -3 -1 -3 -4 -4 -4    0   0   0   0   0   0   0 100   0   0   0   0   0   0   0   0   0   0   0   0  1.59 inf
   66 D   -1 -1  3  4 -3  0  0  0 -1 -4 -4  2 -3 -4 -2  1 -1 -4 -3 -3    3   0  15  38   0   0   0   4   0   0   0  24   0   0   0  16   0   0   0   0  0.52 inf
   67 G   -1  0  0 -1 -3  3  0  5  0 -4 -4  0 -3 -4 -3  0 -1 -3 -3 -3    2   4   4   0   0  23   2  54   3   0   0   2   0   0   0   3   2   0   0   0  0.64 inf
   68 F   -3 -4 -4 -5 -4 -4 -4 -4 -1 -2 -1 -4 -1  7 -5 -3 -3  4  5 -2    0   0   0   0   0   0   0   0   0   0   0   0   0  69   0   0   0   6  25   0  1.28 inf
   69 F   -3 -4 -4 -5 -4 -4 -4 -4 -2 -1 -1 -4 -1  8 -5 -2 -3  0  4 -2    0   0   0   0   0   0   0   0   0   0   0   0   0  88   0   2   0   0  10   0  1.40 inf
   70 V   -2 -3 -4 -4  0 -2 -3 -4 -3  2  1 -3  6 -1 -4 -3 -1 -3 -2  4    0   0   0   0   2   0   0   0   0   6   5   0  44   0   0   0   0   0   0  43  0.65 inf
   71 G   -1 -4 -2 -2 -4 -3 -3  7 -3 -5 -5 -3 -4 -4 -3 -1 -3 -4 -4 -4    0   0   0   0   0   0   0 100   0   0   0   0   0   0   0   0   0   0   0   0  1.59 inf
   72 N   -3 -2  3  6 -5 -1  2 -2 -2 -4 -5 -1 -4 -5 -3 -1 -2 -5 -4 -4    0   0  14  73   0   0  13   0   0   0   0   0   0   0   0   0   0   0   0   0  1.13 inf
   73 S   -1  0  0 -1 -4  5  3 -2 -1 -4 -3  2 -2 -3 -2  1 -1 -3  0 -3    0   0   4   0   0  46  21   0   0   0   0  15   0   0   0  11   0   0   4   0  0.61 inf
   74 M   -2 -3 -4 -4 -2 -2 -3 -4 -3  1  1 -3  8 -1  0 -3 -2 -3 -2  3    0   0   0   0   0   0   0   0   0   5   4   0  64   0   4   0   0   0   0  22  0.80 inf
   75 T   -1 -2 -1 -2 -2 -2 -2 -3 -3 -1  0 -2  4 -2 -2  2  5 -3 -2 -1    0   0   0   0   0   0   0   0   0   0   6   0  20   0   0  13  61   0   0   0  0.59 inf
   76 L   -2 -3 -4 -5 -2 -3 -4 -4 -3  2  3 -3  4  1 -4 -3 -2  7 -1  0    0   0   0   0   0   0   0   0   0  10  45   0  21   3   0   0   0  19   0   2  0.72 inf
   77 A    4 -3 -3 -3  8 -3 -3 -2 -3 -2 -2 -3 -2 -3 -3  0 -1 -4 -3 -1   60   0   0   0  40   0   0   0   0   0   0   0   0   0   0   0   0   0   0   0  0.99 inf
   78 D   -3 -3  0  8 -5 -2  0 -3 -2 -5 -5 -2 -5 -5 -3 -1 -2 -6 -5 -5    0   0   0 100   0   0   0   0   0   0   0   0   0   0   0   0   0   0   0   0  1.63 inf
   79 L   -2 -3 -4 -4 -2 -2 -3 -4 -3  3  3 -3  6  1 -4 -3 -1 -2 -2  1    0   0   0   0   0   0   0   0   0  22  26   0  44   4   0   0   3   0   0   0  0.60 inf
   80 H    1 -2 -2 -3 -2 -1 -2 -3  1  0  0 -2  7 -2 -3  0  2 -3 -2  0   14   0   0   0   0   0   0   0   5   0   0   0  55   0   0   5  17   0   0   4  0.53 inf
   81 C   -2 -4 -4 -4  8 -4 -4 -4 -3  0  0 -4 -1  4 -4 -2 -1 -2 -1  0    0   0   0   0  51   0   0   0   0   6   8   0   0  25   0   0   3   0   0   6  0.97 inf
   82 Y   -2 -3 -3 -4 -3 -3 -3 -4  2  0 -1 -3  1  3 -4 -3 -2  0  6  2    0   0   0   0   0   0   0   0   6   3   0   0   4  15   0   0   0   0  48  23  0.71 inf
   83 V    0 -3  2 -2  8 -2 -3 -3 -3 -1 -2 -2  1 -3 -3 -1  2 -4 -3  0    6   0  17   0  44   0   0   0   0   0   0   0   6   0   0   1  17   0   0   8  0.72 inf
   84 A    3 -2  0 -3  5 -2 -2 -1 -2 -1  0 -2  1  0 -2  0  1 -2  1 -1   35   0   4   0  20   0   0   3   0   0   6   0   6   6   0   4  11   0   5   0  0.27 inf
   85 L   -1 -2  0 -3 -2 -2 -1 -1  0  0  3 -2  1  1 -3 -2 -1  2  1  0    6   0   5   0   0   0   6   4   4   0  53   0   3   6   0   0   4   3   4   0  0.21 inf
   86 E   -2 -1 -1  4 -5  1  6 -3 -1 -4 -4  0 -3 -5 -2 -1 -2 -4 -3 -4    0   0   0  21   0   0  79   0   0   0   0   0   0   0   0   0   0   0   0   0  1.11 inf
   87 V   -2 -2  5 -1 -3 -1 -2  1 -1  1 -1 -2  2  0 -3 -1  0 -3  0  0    0   0  47   0   0   0   0  11   0  11   0   0  11   5   0   0   6   0   4   5  0.35 inf
   88 P   -2 -3 -3 -3 -3 -2 -2 -3 -3  1 -1 -2 -2 -1  7 -2  1 -4 -3  0    0   0   0   0   0   0   0   0   0  15   6   0   0   4  61   0  10   0   0   4  1.16 inf
   89 L   -1 -1 -2 -3 -2 -2 -2 -3 -2  1  2  1  3  3 -3 -1 -1 -1  2  1    0   0   0   0   0   0   0   0   0  10  20  14  14  19   0   7   0   0   7   8  0.20 inf
   90 K   -1  0 -2 -2 -3  2 -1  0 -2 -1  1  2  5 -2 -3 -1  2 -3 -2 -1    0   3   0   0   0  13   0   6   0   0  10  19  33   0   0   0  16   0   0   0  0.28 inf
   91 H   -1 -1 -1  1 -3  0  4 -1  3 -2 -1  0  1  0 -2  1 -1 -3 -1 -2    0   0   0   8   0   0  44   4  11   0   6   5   7   4   0  10   0   0   0   0  0.34 inf
   92 T   -2 -2  5  1 -3 -1  1 -2  1  0 -2 -1  2 -3 -3 -1  0 -4 -2  0    0   0  51   6   0   0   8   0   4   5   0   0  13   0   0   0   5   0   0   7  0.46 inf
   93 P    1 -1 -2 -2 -3  4  0 -1 -2 -3 -3 -1 -2 -4  6  0 -1 -4 -3 -3   13   0   0   0   0  30   4   2   0   0   0   0   0   0  45   4   2   0   0   0  0.94 inf
   94 E    0 -1  1  1 -2  1  1  0 -1 -3 -3 -1 -2 -3  3  3  1 -3  0 -2    4   0   8   9   0  10   9   4   0   0   0   0   0   0  13  34   6   0   4   0  0.34 inf
   95 L    1 -2 -3 -3 -2 -2 -3 -3 -3  1  3 -2  5  1 -3 -2 -1 -2 -1  1   13   0   0   0   0   0   0   0   0   2  30   0  33   5   0   0   3   0   0  11  0.34 inf
   96 L    0 -3 -4 -4 -2 -3 -3 -4 -3  0  4 -3  1  4 -4 -2 -2 -2  0  0   13   0   0   0   0   0   0   0   0   0  60   0   0  27   0   0   0   0   0   0  0.53 inf
   97 K    0  0  2  4 -3  0  1 -1  1 -3 -3  1 -3 -4 -2  2  0 -4 -3 -3    6   2  12  31   0   0   6   2   4   0   0  10   0   0   0  23   3   0   0   0  0.39 inf
   98 D   -1  0  3  1 -3  0  1 -2 -1 -3 -3  2  1 -3  0  2  0 -4 -3 -2    0   0  20   8   0   2   7   0   0   0   0  20   6   0   4  29   4   0   0   0  0.32 inf
   99 C   -3 -3 -3 -4  2 -3 -3 -4  3 -2 -2 -3 -2  4 -4 -3 -3  1  8 -2    0   0   0   0   5   0   0   0   6   0   0   0   0  17   0   0   0   0  73   0  1.30 inf
  100 P   -2 -4 -3 -3 -4 -3 -3 -4 -4 -4 -4 -2 -4 -5  8 -2 -2 -5 -4 -4    0   0   0   0   0   0   0   0   0   0   0   0   0   0 100   0   0   0   0   0  2.57 inf
  101 K    0  1 -1 -2 -4  0  0 -3 -2 -3 -3  6  1 -4 -2 -1  0 -4 -3 -3    6   0   0   0   0   0   0   0   0   0   0  82   5   0   0   0   6   0   0   0  0.79 inf
  102 I   -2 -3 -4 -4 -2  1 -3 -5 -3  1  5 -3  1 -1 -4 -3 -2 -3 -2  0    0   0   0   0   0  10   0   0   0   5  86   0   0   0   0   0   0   0   0   0  0.69 inf
  103 V    0  1 -2 -2 -3  2 -1 -3 -2 -1 -1  4  5 -2 -2 -1 -1 -3 -2  0    6   4   0   0   0   8   0   0   0   0   0  44  34   0   0   0   0   0   0   5  0.46 inf
  104 A    4 -2 -2 -1 -2 -1  2  1 -2 -3 -3 -1 -2 -3 -2  2 -1 -4 -3 -2   59   0   0   0   0   0  18   7   0   0   0   0   0   0   0  16   0   0   0   0  0.48 inf
  105 L   -3 -3 -4 -5 -2 -3 -4 -5 -4  1  5 -4  1  3 -4 -3 -2 -2 -1  0    0   0   0   0   0   0   0   0   0   0  87   0   0  13   0   0   0   0   0   0  0.79 inf
  106 R   -2  4 -1  0  1  1 -1 -3 -1 -3 -3  1 -2 -2 -3  0  0  6  1 -3    0  42   0   6   4   8   0   0   0   0   0   6   0   0   0   6   9  13   6   0  0.50 inf
  107 K   -1  0  2  3 -3  0  3 -1 -1 -3 -3  2 -2 -4 -2  1  2 -4 -3 -3    0   0  13  19   0   0  24   2   0   0   0  19   0   0   0   7  16   0   0   0  0.40 inf
  108 R   -2  7 -2 -3 -5  0 -1 -4 -1 -4 -3  1 -3 -4 -3 -2 -2 -4 -3 -4    2  98   0   0   0   0   0   0   0   0   0   0   0   0   0   0   0   0   0   0  1.42 inf
  109 V   -1 -3 -4 -4 -2 -3 -4 -4 -4  2  0 -3  3 -2 -4 -3 -1 -4 -2  5    0   0   0   0   0   0   0   0   0   5   0   0  13   0   0   0   0   0   0  83  0.76 inf
  110 A    4 -2 -2 -2 -1 -1 -1 -1 -2 -2 -2 -1 -1  2 -2  2  0 -2 -1 -1   67   0   0   0   0   0   0   0   0   0   0   0   0  15   0  18   0   0   0   0  0.37 inf
  111 E   -1  0  0  2 -4  2  5 -2  0 -3 -3  1 -2 -3 -1  0 -1 -3 -2 -3    0   0   0   0   0   0 100   0   0   0   0   0   0   0   0   0   0   0   0   0  0.74 inf

                      K         Lambda
Standard Ungapped    0.1371     0.3182
Standard Gapped      0.0466     0.2670
PSI Ungapped         0.1531     0.3199
PSI Gapped           0.0466     0.2670
