
Last position-specific scoring matrix computed, weighted observed percentages rounded down, information per position, and relative weight of gapless real matches to pseudocounts
           A  R  N  D  C  Q  E  G  H  I  L  K  M  F  P  S  T  W  Y  V   A   R   N   D   C   Q   E   G   H   I   L   K   M   F   P   S   T   W   Y   V
    1 G   -1 -3 -1 -2 -4 -3 -3  7 -3 -5 -5 -3 -4 -4 -3 -1 -3 -4 -4 -4    0   0   0   0   0   0   0 100   0   0   0   0   0   0   0   0   0   0   0   0  1.54 inf
    2 L   -2 -3 -4 -5 -2 -3 -4 -5 -4  2  5 -3  2 -1 -4 -3 -2 -3 -2  2    0   0   0   0   0   0   0   0   0  11  74   0   5   0   0   0   0   0   0  10  0.68 inf
    3 Q    0  0 -1  0  0  3  2 -2 -1 -2 -1  1 -1 -3  2  2  2 -3 -2 -2    2   4   0   3   2  23  13   0   0   0   6   4   0   0   9  17  15   0   0   0  0.30 inf
    4 D   -1 -2 -1  3 -3  2  2  2 -2 -1 -1 -1 -2 -3 -1 -1  0 -3 -3 -1    2   0   0  22   0  11  19  21   0   7   5   0   0   0   3   0   8   0   0   2  0.28 inf
    5 D   -3 -1  3  7 -5 -1  0 -3 -2 -4 -5 -2 -4 -5 -3 -1 -1 -6 -4 -4    0   3  12  80   0   0   0   0   0   0   0   0   0   0   0   2   3   0   0   0  1.29 inf
    6 P   -1  1 -1  0 -4  4  4 -3 -1 -3 -2  0  1 -4  1 -1 -1 -3 -3 -3    2   5   0   3   0  33  36   0   0   0   2   1   6   0   6   2   2   0   0   0  0.57 inf
    7 D   -2 -3  2  6 -4 -1  0 -2  0 -3 -4 -2 -3 -4 -3  1 -1 -5 -4  0    0   0   6  68   0   0   0   0   2   0   0   0   0   0   0  12   3   0   0   9  0.91 inf
    8 L   -2 -4 -5 -5 -2 -3 -2 -5 -4  3  4 -4  1 -1 -4 -3 -2 -3 -2  3    0   0   0   0   0   0   2   0   0  21  53   0   2   0   0   0   0   0   0  22  0.69 inf
    9 Q    0  2  0 -1 -3  4  0 -2  0 -3  0  1  0 -3 -2  1  0 -3 -2 -2    8  10   4   2   0  28   3   0   3   0  12   7   1   0   0  16   6   0   0   0  0.30 inf
   10 A    1  0 -3 -4 -2 -2 -3 -3 -2  0  2 -1  1  4 -3 -1 -2 -1  3  1   20   5   0   0   0   0   0   0   0   2  20   5   4  21   0   3   0   0  10  10  0.26 inf
   11 L   -4 -4 -5 -6 -4 -3 -5 -6 -4 -1  2 -4 10 -2 -5 -4 -3 -4 -4 -2    0   0   0   0   0   0   0   0   0   0  19   0  81   0   0   0   0   0   0   0  2.05 inf
   12 L   -2 -1 -2 -3  1  5  0 -4 -2 -1  2  1  2 -3 -3 -1 -2 -4 -3 -1    0   2   0   0   4  44   4   0   0   1  25   7   6   0   0   3   0   0   0   5  0.58 inf
   13 K    1  2  1 -1 -3  3  2 -1 -1 -2 -1  2  0 -3 -2  0  0 -3 -3 -1   12  14   6   2   0  15  14   3   0   0   5  14   3   0   0   3   6   0   0   4  0.23 inf
   14 G   -1 -5 -3 -4 -5 -4 -4  7 -4 -6 -6 -4 -5 -5 -4 -2 -4 -5 -5 -5    3   0   0   0   0   0   0  97   0   0   0   0   0   0   0   0   0   0   0   0  1.99 inf
   15 S    0 -3 -2 -3  4 -2 -2  0  0 -2 -3 -2  3 -3 -3  4  3 -4 -3 -1    5   0   0   0   9   0   0   7   3   0   0   0  10   0   0  37  26   0   0   3  0.53 inf
   16 Q   -2  0 -1  1 -3  3  3 -3 -2 -2 -1  1  1  0 -1  1  0 -3 -2 -2    0   4   1   9   0  17  23   0   0   0   6   8   4   6   2  13   4   0   0   2  0.28 inf
   17 L   -3 -4 -5 -5 -3 -3 -4 -5 -4  0  4 -4  7  4 -5 -4 -3 -3 -1  0    0   0   0   0   0   0   0   0   0   0  42   0  34  19   0   0   0   0   0   6  0.99 inf
   18 L   -2  3 -3 -3  0 -1 -2 -4  0  2  1  1  2 -2 -3 -2  0  2 -2  2    0  19   0   0   2   1   0   0   3  14  11  12   7   0   0   0   6   3   0  21  0.25 inf
   19 K   -3  0 -3 -3 -6 -1 -2 -4 -3 -5 -5  8 -4 -6 -3 -3 -3 -6 -4 -5    0   0   0   0   0   0   0   0   0   0   0 100   0   0   0   0   0   0   0   0  1.91 inf
   20 V   -2 -4 -5 -5 -3 -4 -4 -5 -5  4  2 -4  1 -2 -4 -4 -2 -4 -3  5    0   0   0   0   0   0   0   0   0  22  16   0   3   0   0   0   0   0   0  59  0.92 inf
   21 K   -3  7 -2 -3 -5 -1 -2 -4 -2 -5 -4  4 -3 -5 -4 -1 -3 -5 -4 -5    0  64   0   0   0   0   0   0   0   0   0  33   0   0   0   3   0   0   0   0  1.42 inf
   22 S    0  0 -2 -2 -3 -2 -2  1 -3 -4 -3 -2 -3 -4  2  5  1 -5 -4 -3    4   4   0   0   0   0   0  12   0   0   3   0   0   0   9  65   5   0   0   0  0.78 inf
   23 S    0  2  4 -1 -3  2 -1  1 -1 -3 -3  2 -2 -4  0  1  0 -4 -3 -2    6  13  26   0   0  10   1  11   0   0   1  13   1   0   4   9   3   0   0   2  0.35 inf
   24 S   -1  1  0 -2 -1 -1 -2  1  2 -4 -4  0 -1 -4 -3  4  2 -4 -3 -2    0   9   4   0   1   0   0  10   5   0   0   6   2   0   0  51  11   0   0   2  0.52 inf
   25 W   -4  4 -3 -4 -5 -2 -3 -2  1 -5 -4  2 -3 -2 -4 -3 -1 10 -1 -4    0  27   0   0   0   0   0   3   3   0   0  15   0   0   0   0   4  46   0   0  1.69 inf
   26 R   -1  2 -1 -2 -3  2  0  0  1 -1 -2  3  1 -3 -3 -1  0 -3  0  0    1  13   0   0   0  13   3   9   4   5   1  30   5   0   0   3   4   0   3   7  0.28 inf
   27 R   -3  2 -3 -3 -4 -1 -2 -4 -1 -2  0  5 -2  0 -4 -1 -3 -2  6 -3    0  10   0   0   0   0   0   0   0   2   9  43   0   2   0   4   0   0  30   0  0.77 inf
   28 E    0  0  1 -1 -1  3  1 -2  2 -1  0  1  0 -2  0  1  1 -3 -2  0    4   4   5   2   1  18   6   0   7   2   9   7   1   1   3   9  11   0   0   8  0.14 inf
   29 R   -4  8 -3 -4 -6 -1 -3 -5 -3 -6 -5  1 -4 -5 -5 -3 -4 -5 -4 -5    0  96   0   0   0   0   0   0   0   0   0   4   0   0   0   0   0   0   0   0  2.10 inf
   30 F   -3  0 -1 -4 -3 -3 -3 -4  4 -2  1 -2  2  5 -4 -2  0 -1  5 -2    0   5   3   0   0   0   0   0  11   0  15   2   6  28   0   2   8   0  21   0  0.57 inf
   31 Y   -4 -4 -5 -5 -4 -4 -5 -5 -2  0  1 -5 -2  7 -5 -4 -4 -1  6 -1    0   0   0   0   0   0   0   0   0   5  12   0   0  52   0   0   0   0  30   2  1.36 inf
   32 K   -1  4 -2 -2 -3  1  0 -3  0 -3 -1  2 -2  0 -3  0  0  1  3 -2    3  27   0   0   0   4   5   0   2   0   6  19   0   3   0   7   6   2  14   3  0.33 inf
   33 L   -4 -4 -6 -6 -3 -4 -5 -6 -5  0  6 -5  0 -2 -5 -5 -3 -4 -3 -1    0   0   0   0   0   0   0   0   0   3  97   0   0   0   0   0   0   0   0   0  1.45 inf
   34 Q   -3 -2  1  5 -4  5  0 -3 -2 -4 -1 -1 -1 -4 -3  0 -1 -5 -4 -4    0   0   5  36   0  38   1   0   0   0   9   0   2   0   0   7   3   0   0   0  0.80 inf
   35 E    0  0  1  3 -4  0  5 -1  0 -4 -2 -1 -3 -4 -1  0 -2 -4 -3 -4    6   5   6  17   0   2  45   5   2   0   4   0   0   0   2   6   1   0   0   0  0.57 inf
   36 D   -4 -3  0  7 -5 -2  0 -4  3 -5 -3 -3 -1 -5 -4 -1  0 -6 -4 -5    0   0   2  75   0   0   2   0   9   0   2   0   2   0   0   2   6   0   0   0  1.42 inf
   37 C   -2  1  0 -3  6 -2 -3  4  1 -3 -1  0  1  0 -4 -1 -2 -3 -3 -2    0   9   4   0  20   0   0  36   5   0   8   6   5   5   0   2   0   0   0   2  0.51 inf
   38 K    0  0 -2 -3  0  1 -1 -3 -2 -1  1  2  4 -2 -3  2  0 -3 -3  0    4   3   0   0   2   7   2   0   0   0  18  14  17   0   0  20   6   0   0   7  0.22 inf
   39 T    0 -1  1 -3  4 -1 -1 -3 -3 -1 -1 -2 -2 -3 -3  1  5  0  1 -2    5   3   7   0  11   2   2   0   0   2   8   0   0   0   0   9  44   1   6   0  0.47 inf
   40 I   -1 -1 -4 -4 -2 -3 -4 -4 -4  4  2 -3  1 -2 -4 -3 -1 -4 -2  4    2   4   0   0   0   0   0   0   0  33  24   0   2   0   0   0   3   0   0  30  0.58 inf
   41 W   -3 -5 -6 -6  1 -4 -5 -5 -4 -5 -4 -5  0 -2 -6 -5 -5 12  2 -5    2   0   0   0   3   0   0   0   0   0   0   0   3   0   0   0   0  83   5   0  3.36 inf
   42 Q   -1  2 -2 -2  3  2  2 -3  5 -3 -2  1 -2  1 -3 -2 -1 -2  3 -3    4  10   0   0   7   9  14   0  19   0   1  11   0   8   0   0   4   0  11   0  0.41 inf
   43 E   -1 -2 -2 -2 -4  2  2 -2 -3 -1 -4  0 -1 -5  6 -1 -1 -5 -4 -3    5   0   1   0   0  12  19   3   0   5   0   5   2   0  44   2   3   0   0   0  0.91 inf
   44 S   -1  2 -1 -2 -3 -2 -2 -1 -3 -4 -4 -2 -3 -4  0  6  1 -5 -4 -4    0  11   0   0   0   0   0   3   0   0   0   0   0   0   3  76   4   0   0   0  1.01 inf
   45 R   -2  4  0 -2 -4  2 -1 -3  3 -4 -4  4 -3 -4 -3  1  0 -4 -3 -4    0  26   4   0   0  10   0   0  10   0   0  31   0   0   0  14   5   0   0   0  0.65 inf
   46 K   -1  1 -2 -2 -4  1 -1 -3 -2 -4 -4  6 -3 -4 -1 -2 -2  3 -3 -4    5   5   0   0   0   5   2   1   0   0   1  72   0   0   2   1   1   4   0   1  1.02 inf
   47 V    1 -1  0  1 -2  0  0  2 -1 -1 -1 -1  0 -1  0  1  0 -2 -1  0   11   1   2  11   0   2   5  16   1   5   4   1   3   4   5  12   7   0   1   7  0.09 inf
   48 M    0 -2 -1  0  2 -1 -1  2  1 -1 -1 -1  0  1  1  1 -1 -2 -1 -1    3   1   1   6   5   1   3  20   4   5   7   1   4  10   6  18   1   0   1   2  0.11 inf
   49 R   -1  4  1  0 -2  0  0  0 -1 -1 -2  3 -2 -2 -1  0  0 -2 -2 -2    2  28   6   6   1   1   4   9   1   5   3  20   1   1   1   5   4   0   1   2  0.26 inf
   50 S    3  1 -1 -1  1 -1 -1  0 -1 -2 -2  2 -2 -2 -1  2  0 -3 -2 -2   31   7   1   2   4   1   1   5   2   1   2  19   0   2   1  16   6   0   1   1  0.24 inf
   51 P    0  1  1 -1 -2  0  0 -2  1 -1 -2  2  0 -2  4  1 -1 -2  0 -2    8   7   8   1   0   1   7   1   5   4   2  14   4   1  21  10   1   0   4   1  0.27 inf
   52 E    0  1 -1  0 -3  0  2 -2  1 -3 -3  1 -2 -3  2  3 -1 -3 -2 -3    6   9   1   5   0   1  18   1   4   1   1   7   0   0  12  32   1   0   0   1  0.36 inf
   53 S    0  1  1  0 -3  2  0 -2  1 -1 -2  3 -2 -1  1  1  0 -3 -2 -2    5   4   5   5   0   9   1   1   4   4   1  32   0   4   6  12   4   0   1   1  0.23 inf
   54 Q    3  0 -1 -1 -2  4  0 -1  2 -2 -2 -1 -1 -3  1  0  0 -2 -2 -2   31   3   1   1   0  29   1   2   5   1   2   1   1   1   7   5   5   0   1   1  0.36 inf
   55 L   -1  1 -1 -1 -2 -1 -1 -2 -1  1  0  2 -1 -1 -2  1  2 -2  0  0    2   7   1   2   0   1   1   1   0  12   7  20   0   2   1   9  23   0   4   5  0.13 inf
   56 F   -3 -4 -5 -5 -3 -4 -5 -5 -4  4  1 -4 -1  6 -5 -4 -3 -2  0  1    0   0   0   0   0   0   0   0   0  29  12   0   0  49   0   0   0   0   0  10  0.96 inf
   57 S    0 -2  0  2 -3 -2  0 -2 -2 -3 -3 -1 -3  0  2  4  0 -4 -3 -2    5   0   3  15   0   0   3   0   0   1   0   2   0   4   8  52   4   0   0   2  0.52 inf
   58 I   -2 -4 -5 -5 -3 -4 -4 -5 -5  5  1 -4  1 -2  1 -3 -2 -4 -3  4    1   0   0   0   0   0   0   0   0  52   8   0   2   0   8   0   0   0   0  30  0.79 inf
   59 E    0 -1  0  3 -3  1  2 -2 -2 -3 -3  1 -1 -1 -2  3  1 -4 -1 -3    4   0   2  22   0   5  11   1   0   0   1  11   1   3   0  29   7   0   2   0  0.35 inf
   60 D    0 -2  0  4  0  0  2 -2  4 -4 -4  0 -3 -4 -2  2  0 -4 -2 -3    5   0   3  30   2   2  14   0  13   0   0   4   0   0   0  23   4   0   0   0  0.53 inf
   61 I   -2 -4 -5 -5 -3 -4 -5 -5 -5  6  2 -4  0 -2 -4 -4 -2 -4 -3  4    0   0   0   0   0   0   0   0   0  54  13   0   0   0   0   0   0   0   0  33  0.95 inf
   62 Q   -2  3  0  1 -5  3  4 -3  2 -4 -4  2 -3 -3 -3 -1 -2 -3  0 -4    0  17   4   5   0  17  34   0   6   0   0  11   0   0   0   3   0   0   5   0  0.60 inf
   63 E    1 -1 -2  0  3  0  5 -2 -2 -4 -4  0 -1 -4 -3  0  0 -4 -3 -2   11   3   0   1   8   0  57   2   0   0   0   5   2   0   0   4   7   0   0   1  0.68 inf
   64 V   -2 -4 -4 -4 -3 -3  0 -5 -4  4  0 -4 -1 -2 -4 -3 -2 -4 -3  5    0   0   0   0   0   0   8   0   0  25   3   0   0   0   0   0   0   0   0  64  0.88 inf
   65 R   -3  7 -2 -4  1 -1 -2 -4 -2 -5 -2  0 -3 -3 -4 -1 -1 -5 -4 -4    0  84   0   0   4   0   0   0   0   0   3   0   0   1   0   4   4   0   0   0  1.45 inf
   66 M   -1 -1 -1 -1 -3  2  4 -3 -2 -1 -1  1  1 -3 -1  0  2 -4 -3 -1    2   1   1   0   0   7  38   1   0   4   5   8   5   0   2   5  16   0   0   3  0.35 inf
   67 G   -2 -5 -3 -3 -5 -4 -4  7 -4 -6 -6 -4 -5 -5 -4 -2 -4 -5 -5 -5    0   0   0   0   0   0   0 100   0   0   0   0   0   0   0   0   0   0   0   0  2.04 inf
   68 H   -1  3 -2 -3  3  0 -2 -3  7 -4 -4  3 -1 -3 -3 -2 -1  2  1 -4    5  19   0   0   8   3   0   1  32   0   0  20   1   0   0   0   2   3   4   0  0.70 inf
   69 R   -2  1  2  0  0  5  1 -3  1 -4 -4  1 -2 -4 -3  0  0  4 -2 -2    0   5  10   4   3  39   8   0   3   0   0   9   0   0   0   5   4   8   0   2  0.56 inf
   70 T   -1 -3 -1 -2 -3 -2 -2  0 -3 -3 -4 -2 -3 -4 -3  5  5 -4 -4 -3    0   0   0   0   0   0   0   8   0   0   0   0   0   0   0  52  41   0   0   0  0.93 inf
   71 E   -2 -2 -1  4 -5  0  6 -3 -2 -5 -5 -1 -4 -5  1  0 -1 -5 -4 -4    0   0   0  21   0   0  63   0   0   0   0   0   0   0   6   8   2   0   0   0  1.07 inf
   72 G    0 -3 -2 -3  0 -3 -3  3 -3  2  1 -3  0 -2 -3 -1  1 -3 -3  2    7   0   0   0   2   0   0  28   0  20  12   0   2   0   0   1  13   0   0  15  0.30 inf
   73 L   -3 -4 -5 -5 -3 -4 -5 -5 -4 -1  4 -4  1  6 -5 -4 -3  3  0 -1    0   0   0   0   0   0   0   0   0   0  52   0   2  42   0   0   0   4   0   0  1.06 inf
   74 E   -2  5  1 -2 -4  2  1 -3  2 -2  0  1 -2 -3 -3 -1 -2 -4 -3  0    0  47   6   0   0   7   9   0   5   1  10   6   0   0   0   2   0   0   0   8  0.54 inf
   75 K    0  3  1  0 -3  1  0 -2  2 -4 -3  3 -2 -3 -2  2 -1 -4 -1 -3    8  24   5   3   0   7   4   1   5   0   0  21   0   0   0  18   2   0   2   0  0.40 inf
   76 F   -2 -2  1 -3  0  1 -2 -4  3  1  2 -2  1  2 -3 -1 -2 -2  3  0    0   0   8   0   2   7   0   0  11   8  28   0   5   9   0   3   0   0  12   7  0.26 inf
   77 A    3 -2 -2  0 -2 -2 -1  3 -3 -2 -2 -1 -2 -3  2  1  1 -4 -3 -1   29   0   0   5   0   0   3  21   0   2   3   2   0   0  11  10  10   0   0   3  0.32 inf
   78 R    0  0  0  3 -4  1  3  1  1 -4 -4  0 -3 -4 -2  0 -2 -4 -2 -3    8   6   1  21   0   8  25  14   5   0   0   4   0   0   0   7   0   0   1   1  0.39 inf
   79 D    0  1  0  2 -3  2  2 -2  1 -3 -2  1 -1 -3  0  2 -1 -4 -2 -1   10   8   2  11   0  10  17   1   5   0   2   6   2   0   3  20   0   0   0   4  0.25 inf
   80 I   -2 -4 -4 -4 -3 -2 -4 -4 -3  1  1 -4 -1  6 -4 -2 -1 -1  3  2    1   0   0   0   0   3   0   0   0   8  12   0   0  41   0   3   4   0   9  19  0.61 inf
   81 P    0 -1 -2  2 -1  0 -1 -3 -3 -3 -3 -2 -3 -5  6  0 -2 -5 -4 -2    8   3   0  15   2   4   3   0   0   1   2   1   0   0  51   7   0   0   0   3  1.02 inf
   82 E   -1 -2 -2  2 -4 -1  5 -3 -2 -4 -1  0 -3 -4  4 -1 -2 -5 -4 -3    4   0   0  13   0   0  49   0   0   0   8   2   0   0  21   2   0   0   0   0  0.79 inf
   83 D    0 -1  2  4 -4  0  4  0 -2 -4 -4  1 -3 -4 -2  1 -2 -4 -2 -4    5   2   9  24   0   0  30   8   0   0   0  11   0   0   0   9   0   0   1   0  0.51 inf
   84 R   -2  4 -1 -3  7  3 -2 -4  2 -4 -2 -1 -3 -4 -4 -2 -1 -4 -3 -3    2  33   2   0  34  16   0   0   7   0   3   0   0   0   0   0   3   0   0   0  0.97 inf
   85 C    2 -5 -4 -5 10 -4 -5  0 -5 -3 -3 -4 -3 -5 -4  0 -3 -5 -4 -3   15   0   0   0  69   0   0   8   0   0   1   0   0   0   0   6   0   0   0   0  1.86 inf
   86 F   -4 -5 -5 -6 -5 -5 -5 -5 -4 -2  1 -5 -2  8 -6 -5 -4 -1  1 -3    0   0   0   0   0   0   0   0   0   0  11   0   0  89   0   0   0   0   0   0  1.96 inf
   87 S   -1 -2 -1 -2 -3  1 -2 -3 -3 -4 -4 -2 -3 -4 -3  5  4 -4 -3 -3    0   0   0   0   0   8   0   0   0   0   0   0   0   0   0  58  34   0   0   0  0.96 inf
   88 I   -3 -4 -5 -5 -3 -4 -5 -5 -5  6  2 -4  3 -2 -4 -4 -2 -4 -3  2    0   0   0   0   0   0   0   0   0  63  17   0   8   0   0   0   0   0   0  12  0.94 inf
   89 V    0 -4 -4 -4 -2 -4 -4 -4 -3  4  0 -4  0 -1 -4 -3 -1 -3  3  4    6   0   0   0   0   0   0   0   0  33   5   0   2   0   0   0   1   0  12  42  0.65 inf
   90 F   -4 -4 -4 -5  0 -4 -4 -5  5  0 -2 -4 -2  7 -5 -4 -4 -1  4 -1    0   0   0   0   2   0   0   0  19   7   0   0   0  53   0   0   0   0  15   2  1.19 inf
   91 K   -1  1 -1 -1 -4 -1 -2  4  3 -3 -4  3 -3 -4 -3 -1 -2 -4 -3 -1    1   8   1   4   0   0   0  41   9   0   0  25   0   0   0   3   0   0   0   8  0.54 inf
   92 D   -2 -2  2  3 -4 -1  1  4 -2 -4 -4  0 -4 -4  1  0 -1 -4 -4 -4    0   0  13  18   0   0  10  38   0   0   0   8   0   0   6   5   3   0   0   0  0.58 inf
   93 Q   -1  4  2  0 -4  2  0 -1  4 -4 -3  1 -2 -4 -2  1 -2 -4 -2 -3    4  32  11   3   0   8   6   4  13   0   1   5   0   0   1  12   0   0   0   0  0.45 inf
   94 R   -3  4  0 -3  0  0 -1 -4  0 -2  0  0  1  1 -4 -2 -2  2  3 -1    0  38   6   0   2   3   4   0   2   0   9   3   5   7   0   0   0   3  15   3  0.41 inf
   95 N   -1  0  0  2 -4  1  3 -1  0 -3 -1  3 -2 -4  0  0 -2 -4 -3 -3    4   2   3  10   0   6  28   5   2   0   8  25   0   0   3   5   0   0   0   0  0.35 inf
   96 T   -1 -2  4 -1  3 -2 -2 -2 -2 -3 -4 -2 -3 -4  0  4  2 -5 -3 -2    2   0  29   0   8   0   0   0   0   0   0   0   0   0   5  39  16   0   0   2  0.66 inf
   97 L   -3 -4 -5 -5 -3 -4 -5  0 -5  0  6 -4  1 -1 -5 -4 -3 -3 -3  0    0   0   0   0   0   0   0   8   0   0  86   0   2   0   0   0   0   0   0   5  1.01 inf
   98 D   -4 -4  2  7 -5 -2 -1 -3 -3 -5 -6 -3 -5 -6 -4 -2  0 -6 -5 -5    0   0   8  85   0   0   0   0   0   0   0   0   0   0   0   0   8   0   0   0  1.68 inf
   99 L   -3 -4 -5 -5 -3 -4 -5 -6 -5  1  6 -4  0 -1 -5 -4 -3 -4 -3  1    0   0   0   0   0   0   0   0   0   3  87   0   0   0   0   0   0   0   0  10  1.13 inf
  100 I    0 -4 -4 -5  0 -2 -4 -4 -4  3  1 -4  2 -2 -4 -3 -2 -4 -3  5    7   0   0   0   2   2   0   0   0  18  11   0   4   0   0   0   0   0   0  57  0.67 inf
  101 A    5 -3 -3 -3  4 -2 -3 -2 -3 -3 -3 -2 -3 -4 -3  2  0 -4 -4 -2   69   0   0   0   8   0   0   0   0   0   0   0   0   0   0  19   4   0   0   0  0.89 inf
  102 P    0  0  2 -1  1  0  0  0  1 -3 -3  0  0 -2  4  1  0 -3 -1 -3    4   5  14   2   3   3   5   5   3   0   1   2   4   1  24  17   3   0   3   0  0.37 inf
  103 S    0 -2  3 -2 -3  0 -2  1 -2 -4 -4 -2 -3 -4 -3  5  3 -4 -3 -3    2   0  13   0   0   2   0   9   0   0   0   0   0   0   0  52  21   0   0   0  0.70 inf
  104 P    2 -1 -2 -1 -3  2  2  0 -2 -2 -2  0 -2 -3  3  0  0 -4 -3  0   21   2   0   2   0   9  18   8   0   1   3   4   0   0  16   7   3   0   0   7  0.29 inf
  105 A   -1 -2  0  4 -5  0  5  0 -2 -5 -5 -1 -4 -5 -2 -1 -2 -5 -4 -4    5   0   3  29   0   2  50   8   0   0   0   1   0   0   1   1   0   0   0   0  0.86 inf
  106 D   -3 -2 -2  3 -5  0  6 -4 -2 -3 -4 -1 -3 -5 -3 -1 -2 -5 -4  1    0   0   0  17   0   0  67   0   0   0   0   0   0   0   0   4   0   0   0  12  1.04 inf
  107 A    6 -3 -3 -4  1 -3 -3  1 -4 -3 -3 -3 -3 -4 -3 -1 -2 -5 -4 -1   87   0   0   0   3   0   0   8   0   0   0   0   0   0   0   0   0   0   0   2  1.14 inf
  108 Q   -2  3  3 -1 -4  4  2 -3 -1 -4 -4  1 -1 -4 -3  0 -1 -4 -3 -4    0  23  18   0   0  27  17   0   0   0   0   6   2   0   0   4   2   0   0   0  0.64 inf
  109 H    0  1 -2 -2  1  0  0 -3  3  2  0  0 -1 -2 -3 -1  2 -3 -2  1    7   9   0   0   3   3   8   0  12  19   8   3   0   0   0   3  17   0   0   7  0.15 inf
  110 W   -6 -6 -7 -7 -5 -5 -6 -6 -5 -6 -5 -6 -4 -2 -7 -6 -6 13 -1 -6    0   0   0   0   0   0   0   0   0   0   0   0   0   0   0   0   0 100   0   0  4.36 inf
  111 V   -1 -4 -4 -4 -2 -3 -4 -4 -4  4  0 -3  3 -2 -4 -3  1 -4 -3  5    3   0   0   0   0   0   0   0   0  23   0   1  10   0   0   0   8   0   0  55  0.71 inf
  112 Q   -1  4  0 -2 -3  3 -1 -3  0 -2 -2  0  1 -3 -3  1  3 -4 -3 -1    2  29   5   0   0  15   0   0   2   2   0   1   5   0   0   8  30   0   0   3  0.45 inf
  113 G   -2 -4 -2 -3 -4 -4 -4  7 -4 -6 -6 -3 -5 -5 -4  0 -3 -5 -5 -5    0   0   0   0   0   0   0  95   0   0   0   0   0   0   0   5   0   0   0   0  1.82 inf
  114 L   -3 -4 -5 -5 -3 -4 -5 -5 -4  2  5 -4  2 -1 -5 -4 -3 -3 -3  0    0   0   0   0   0   0   0   0   0   9  85   0   3   0   0   0   0   0   0   4  1.05 inf
  115 R   -1  6 -2 -2 -4  3  1 -2 -2 -4 -3  2 -1 -4 -3 -2  0 -1 -3 -3    5  53   0   0   0  12   9   2   0   0   0   9   1   0   0   0   7   1   0   0  0.75 inf
  116 K   -2 -1 -2 -3  3 -1 -2 -3  4 -3  0  3 -2 -1 -3 -2  0  2  5 -3    1   1   0   0   7   0   0   1  11   0   9  31   0   0   0   0   8   3  27   0  0.51 inf
  117 I   -3 -4 -5 -5 -3 -4 -5 -5 -5  2  5 -4  1 -1 -5 -4 -3 -3 -3  1    0   0   0   0   0   0   0   0   0  10  85   0   0   0   0   0   0   0   0   5  1.05 inf
  118 I   -2 -3 -4 -4 -2 -3 -4 -5 -4  4  2 -3  6 -1 -4 -3 -2 -3 -2  3    0   0   0   0   0   0   0   0   0  31  14   0  31   0   0   0   0   0   0  24  0.70 inf
  119 H   -2  0  4  0 -3  3  0 -2  6 -4 -3  0 -2 -3 -2  0 -1 -3  0 -3    0   0  37   0   0  24   0   0  39   0   0   0   0   0   0   0   0   0   0   0  0.59 inf

                      K         Lambda
Standard Ungapped    0.1353     0.3200
Standard Gapped      0.0478     0.2670
PSI Ungapped         0.1559     0.3083
PSI Gapped           0.0478     0.2670
