
Last position-specific scoring matrix computed, weighted observed percentages rounded down, information per position, and relative weight of gapless real matches to pseudocounts
           A  R  N  D  C  Q  E  G  H  I  L  K  M  F  P  S  T  W  Y  V   A   R   N   D   C   Q   E   G   H   I   L   K   M   F   P   S   T   W   Y   V
    1 S    2 -1  0 -1 -2  0  1 -1 -1 -3 -3 -1 -2 -3 -1  4  1 -3 -2 -2   18   0   0   0   0   0  12   0   0   0   0   0   0   0   0  65   6   0   0   0  0.46 inf
    2 P   -1 -2 -1  3 -3 -1 -1  0 -2 -3 -4 -1 -3 -4  6  1  1 -4 -3 -3    0   0   0  26   0   0   0   8   0   0   0   0   0   0  46  10  10   0   0   0  0.92 inf
    3 G   -1  0 -2 -3  7 -3 -3  3 -2 -1 -2 -2 -2  0 -3  0 -2 -2  1 -1    0   7   0   0  35   0   0  29   0   3   0   0   0   6   0   9   0   0   6   4  0.56 inf
    4 V   -2 -3 -4 -4 -2 -3 -3 -3 -4  4  2 -3  2  1 -3 -1 -1 -3 -2  3    0   0   0   0   0   0   0   1   0  38  12   0   6   5   0   6   0   0   0  31  0.46 inf
    5 V    0 -2  0 -3 -2  0 -2 -3 -3  1  0 -1  1 -2 -3 -1  0 -3  0  4    6   1   6   0   0   6   0   0   0   4   1   5   3   0   0   3   3   0   4  58  0.34 inf
    6 I   -2 -3 -3 -4 -3 -3 -4 -5 -3  5  1 -2  1  3  0 -3 -2 -3  0  1    0   0   2   0   0   0   0   0   0  63   5   4   3  13   5   0   0   0   3   4  0.59 inf
    7 S    0 -1  0  3 -3  0  1 -1 -2 -2 -2  1 -1 -3  3  1 -1 -4 -3 -1   10   2   2  20   0   1   9   2   0   2   3  10   3   0  18  13   0   0   0   6  0.30 inf
    8 D   -3 -3  1  7 -5 -1  2 -3  1 -5 -5 -1 -4 -5 -3 -2 -3 -6 -4 -5    0   0   6  78   0   0  10   0   4   0   0   2   0   0   0   0   0   0   0   0  1.37 inf
    9 D   -2 -3  2  6 -4  0  0 -2 -1 -4 -5 -2 -4 -5 -3  0  0 -5 -4 -4    1   0  11  67   0   4   2   1   1   0   0   0   0   0   0   6   7   0   0   0  1.05 inf
   10 E   -2 -2  0  2 -4 -1  3 -3 -2 -3 -2 -2 -2  4  0 -2 -2  7  2 -3    2   0   6  11   0   0  25   0   0   0   0   0   0  24   4   1   0  16   7   0  0.59 inf
   11 P   -1 -1 -2  0 -1  1  1 -3 -2 -3 -3  2 -3 -4  6  0  0 -4 -3 -2    3   2   0   3   2   5   9   0   0   0   0  14   0   0  45   4   8   0   0   2  0.82 inf
   12 G   -1 -3 -2 -3 -4 -3 -2  6 -3 -4 -3 -1 -1 -1 -3 -2 -1  3 -1 -4    3   0   0   0   0   0   3  73   0   0   2   4   2   2   0   0   4   4   3   0  0.99 inf
   13 Y   -3 -3 -3 -4 -4 -3 -3 -4  5 -3 -1 -3 -2  3 -4 -3 -3  2  8 -3    0   0   0   0   0   0   0   0  14   0   5   0   0   7   0   0   0   2  68   0  1.42 inf
   14 D   -2 -2  0  5 -4 -1  2 -2  1 -4 -4 -1 -3 -4  3  2 -1 -4 -3 -3    0   0   2  42   0   0  12   0   4   0   1   3   0   0  14  18   2   0   0   0  0.67 inf
   15 L    0 -1 -2 -1 -2 -1 -1 -3 -2  1  3  2  0  0 -2 -1  0 -3 -2  0    8   0   0   2   0   0   4   1   0   5  42  20   0   4   0   2   6   0   0   4  0.19 inf
   16 D   -1  0  1  5 -4  0  3 -1 -2 -4 -3  2 -3 -4 -2  0 -1 -4 -3 -3    3   3   7  41   0   0  18   4   0   0   2  16   0   0   0   4   2   0   0   0  0.59 inf
   17 L    0 -2  0  1  2  0 -2 -3  2  1  2 -2  1 -1 -3  0 -1 -2  0  0    6   0   4  10   5   4   0   0   6   6  35   0   3   1   0  10   3   0   4   1  0.12 inf
   18 F   -1 -4 -3 -3 -4 -4 -4 -4  1 -2 -1 -4 -2  8 -5 -3 -3 -1  1 -3    5   0   1   1   0   0   0   0   3   0   2   0   0  83   0   0   1   0   0   0  1.50 inf
   19 C   -1 -3  2  0  6 -1 -2 -3  1 -1  1 -2  0 -3 -3  0  1 -4 -2  1    4   0  14   7  22   1   0   0   5   0  13   0   2   0   0   6  12   0   0  12  0.32 inf
   20 I   -2 -3 -2 -4 -3 -3 -3 -4 -2  3  1 -2  4  0 -2 -2  0 -2  3  2    0   0   2   0   0   0   0   0   0  26   9   1  18   2   2   2   7   0  15  15  0.41 inf
   21 P   -1 -3 -3 -3 -5 -3 -3 -4 -4 -5 -5  2 -4 -5  8 -1 -1 -5 -5 -4    4   0   0   0   0   0   0   0   0   0   0  17   0   0  71   3   3   0   0   0  1.79 inf
   22 N   -1  0  3  1 -4  1  2 -2  0 -4 -3  2 -3 -4  3  0 -1 -4 -3 -3    5   4  19   6   0   6  18   1   2   0   3  18   0   0  13   4   2   0   0   0  0.40 inf
   23 H   -3  1  0  1  1 -1  0 -4  9 -4 -4 -1 -4 -4  1 -3 -3  2 -1 -3    0   9   3  10   3   1   5   0  55   1   1   3   0   0   7   0   0   3   0   1  1.21 inf
   24 Y   -4 -4 -5 -6 -1 -3 -5 -6  2 -3 -2 -4  7 -1 -5 -4 -3 -2  8 -3    0   0   0   0   1   1   0   0   5   0   1   0  36   0   0   0   1   0  53   0  1.81 inf
   25 A    0 -1 -1  0 -1  0  2  0  4 -2 -2  1  1 -2 -1  0 -1 -3  0 -1    9   2   1   4   1   3  18   8  15   1   2  11   6   1   2   8   2   0   4   4  0.20 inf
   26 E   -2 -2  3  3 -5  2  3  2 -2 -5 -5  2 -4 -5 -1 -1 -2 -5 -4 -4    2   0  16  21   0   9  18  15   0   0   0  11   0   0   3   3   1   0   0   0  0.55 inf
   27 D   -3 -3  0  7 -1 -1  0 -4  2 -1 -5 -2 -5 -4 -4 -2 -2 -5  2 -4    1   1   2  67   2   2   4   0   5   4   0   1   0   0   0   1   1   0   8   1  1.31 inf
   28 L   -3 -5 -4 -5 -4 -5 -5 -5 -5  6  3 -3  1 -1 -5 -4 -3 -4 -3  2    1   0   1   0   0   0   0   0   0  49  33   1   3   1   0   0   1   0   0   9  1.03 inf
   29 E   -1 -1 -2  3 -5  1  5 -2 -2 -4 -3  3 -3 -4 -3 -1 -1 -5 -4 -3    4   1   1  17   0   6  37   2   1   1   3  18   0   0   1   4   4   0   0   1  0.63 inf
   30 R   -2  3 -1 -1  1  0  3 -2  2 -5 -4  4 -3 -4 -3  1 -2 -4  1 -4    2  19   2   2   4   1  20   2   5   0   0  25   0   0   0  11   2   0   5   0  0.54 inf
   31 V   -3 -5 -5 -5 -3 -4 -2 -6 -6  4 -1 -3 -1 -3 -4 -4 -1 -6 -4  6    0   0   0   0   0   1   3   0   0  26   3   2   0   0   1   0   4   0   0  60  1.20 inf
   32 F   -4 -4 -6 -6 -4 -3 -6 -6 -4  0  5 -5  4  1 -6 -5 -4 -4  1 -1    0   0   0   0   0   1   0   0   0   4  70   0  12   6   0   0   0   0   4   3  1.22 inf
   33 I   -4 -5 -6 -6 -2 -5 -6 -6 -3  6  2 -5 -1  3 -6 -5 -4  0  3  2    0   0   0   0   1   0   0   0   0  54  14   0   1  10   0   0   0   1   9  10  1.11 inf
   34 P   -2 -4 -2  0 -4 -3 -3 -3 -4 -5 -5 -3 -5 -6  5  5  3 -6 -5 -4    1   0   1   6   0   0   0   1   0   0   0   1   0   0  26  43  21   0   0   0  1.11 inf
   35 H    1  1  1 -1 -5  2  5 -3  4 -5 -5  1 -4 -5 -2 -2 -2 -5 -4 -4   11   6   6   1   0   7  42   2  12   0   0   8   0   0   1   1   2   0   0   0  0.77 inf
   36 G    0 -2 -1  2 -5  1  5  3 -3 -6 -6  0 -5 -6 -4 -2 -3 -5 -4 -5    7   0   2   9   0   5  44  24   0   0   0   5   0   0   0   2   1   0   0   0  0.86 inf
   37 L   -1 -2 -2  2 -4  4  4 -4 -3 -1  0 -1  1 -3 -4 -1 -1 -5 -4 -1    4   1   0  12   0  21  27   0   0   2  12   3   5   1   0   3   4   0   0   5  0.47 inf
   38 I   -4 -6 -7 -7 -4 -6 -6 -7 -7  7  2 -6 -1 -3 -6 -6 -4 -6 -5  2    0   0   0   0   0   0   0   0   0  73  16   0   0   0   0   0   0   0   0  10  1.70 inf
   39 M    1  2  0  0 -4  4  1 -3  1 -2 -1  2  2 -4 -3 -1 -2 -4 -3 -1   14   9   4   6   0  20   6   1   3   1   4  16   7   0   0   4   1   0   0   4  0.33 inf
   40 D    2  0  1  4 -3  1  2 -2 -1 -4 -4  1 -3 -5 -3  0  0 -5 -3 -3   20   5   7  22   0   7  13   2   1   0   1  11   0   0   0   6   5   0   0   1  0.41 inf
   41 R   -2  7 -4 -5 -5 -2 -3 -5 -3 -2 -5  4 -1 -6 -5 -4 -3 -6 -5 -5    3  69   0   0   0   1   0   0   0   3   0  20   1   0   0   0   1   0   0   0  1.69 inf
   42 T   -2 -5 -5 -5  2 -5 -5 -6 -5  5  1 -5  0 -3 -5 -3  2 -5 -4  4    2   0   0   0   5   0   0   0   0  33  10   0   1   0   0   0  12   0   0  37  0.91 inf
   43 E    2  2 -1  0 -3  1  4 -2  0 -4 -4  3 -2 -4 -3 -1 -1 -5 -2 -2   16   9   2   5   0   6  26   1   2   0   0  22   1   0   0   3   2   0   1   3  0.46 inf
   44 R   -1  4 -2 -1 -1  1  6 -4 -2 -5 -5  2 -4 -6 -4 -2 -3 -6 -5 -4    6  20   1   2   1   4  52   0   0   0   0  10   0   0   0   1   1   0   0   1  1.06 inf
   45 L   -3 -5 -6 -7 -3 -5 -6 -7 -6  1  6 -5  5 -3 -6 -5 -4 -5 -4  0    1   0   0   0   0   0   0   0   0   6  76   0  12   0   0   0   0   0   0   4  1.45 inf
   46 A    5 -5 -4 -5 -1 -4 -4  5 -5 -5 -5 -4 -5 -6 -4  0 -3 -6 -5 -3   52   0   0   0   1   0   0  41   0   0   0   0   0   0   0   4   0   0   0   1  1.33 inf
   47 R    2  3 -1 -1 -4  2  2 -2  0 -2 -3  3 -1 -2 -3 -1 -1 -2 -1 -2   21  18   2   3   0   8  12   2   2   2   1  19   2   2   0   2   2   0   2   2  0.34 inf
   48 D   -1  0  0  4 -5  5  3 -4 -2 -2 -4  1 -3 -4 -4 -2 -1 -5 -3 -3    4   5   4  20   0  32  19   0   1   3   1   6   0   0   0   1   3   0   0   1  0.73 inf
   49 V   -4 -6 -7 -7 -4 -6 -7 -7 -7  8  1 -6 -2 -3 -6 -6 -4 -6 -5  2    1   0   0   0   0   0   0   0   0  79  10   0   0   0   0   0   0   0   0   9  1.82 inf
   50 M    0 -1  1  0 -2 -1  0 -2  0 -2 -2 -1  3 -2 -3  3  3 -4 -3 -2    6   2   7   5   1   1   7   1   2   1   3   3   9   2   0  25  23   0   0   2  0.35 inf
   51 K    1  3 -1  1 -4  2  3 -3 -1 -3 -4  3 -3 -5 -3  0 -1 -5 -3 -3   15  15   2   7   0   8  19   1   1   1   0  22   0   0   0   4   3   0   1   1  0.47 inf
   52 E   -2 -2 -1  7 -5 -2  2 -4  3 -4 -5 -1 -4 -4 -4 -2 -1 -6 -1 -2    2   2   1  58   0   0  13   0   7   0   1   3   0   1   0   1   4   0   2   3  1.15 inf
   53 M   -5 -5 -5 -7 -6 -5 -6 -7 -1  0 -1 -6  2  3 -7 -5 -4 -2  9 -3    1   0   0   0   0   0   0   0   1   5   4   0   6  11   0   0   1   0  72   1  2.15 inf
   54 G    2  1  0 -1 -3  2  2  2 -2 -4 -4  2 -3 -3 -2 -1 -2 -4 -4 -3   23   8   4   3   0  10  14  17   1   0   0  15   0   1   1   2   0   0   0   0  0.39 inf
   55 G   -1 -4  2  4 -5 -3 -2  5 -1 -5 -6 -2 -5 -5 -3 -2 -3 -5 -1 -4    4   0   8  22   0   1   2  53   1   0   0   1   0   0   1   1   1   0   2   1  1.03 inf
   56 H   -3  2  0 -1 -1  1  3 -2  3 -4 -3  5 -2 -5 -2  0  0 -5 -3 -4    0   9   3   2   1   5  17   2   7   0   2  37   1   0   1   5   7   0   0   0  0.59 inf
   57 H   -2  0  2  4 -4  0  3 -2  3 -4 -4  0 -4 -1  1  0 -1 -5 -3 -4    2   4  11  23   0   2  23   1   7   0   1   5   0   3   7   7   4   0   0   1  0.49 inf
   58 I   -3 -5 -5 -4 -4 -4 -5 -5 -5  3  4 -4  0  0  4 -4 -3 -4 -3  2    0   0   0   1   0   0   0   0   0  21  40   0   2   4  20   0   1   0   0  11  0.82 inf
   59 V   -2 -4 -3 -4 -2 -4 -4 -5  3  2  3 -2  1 -1 -4 -3 -1 -4  1  4    2   0   1   0   1   0   0   0   8  11  29   2   3   1   0   0   4   0   6  32  0.55 inf
   60 A    0 -5 -5 -5 -1 -4 -5 -4 -5  2  4 -4  2 -1 -5 -4 -3 -4 -3  4    9   0   0   0   1   0   0   1   0  10  43   0   4   2   0   0   0   0   0  29  0.75 inf
   61 L   -3 -5 -6 -6 -3 -5 -5 -6 -6  4  3 -5  0 -3 -5 -5 -3 -5 -4  5    1   0   0   0   0   0   0   0   0  25  28   0   1   0   0   0   0   0   0  45  1.12 inf
   62 C    0 -5 -4 -5  8 -5 -5  5 -5 -5 -5 -5 -5 -6 -2  1 -2 -6 -6 -3    6   0   0   0  37   0   0  43   0   0   0   0   0   0   2   9   1   0   0   1  1.57 inf
   63 V   -2 -5 -6 -6 -4 -5 -5 -4 -6  4  3 -5 -1 -3 -5 -4 -2 -5 -4  6    1   0   0   0   0   0   0   1   0  19  22   0   0   0   0   0   1   0   0  55  1.13 inf
   64 L   -4 -6 -7 -7 -5 -4 -6 -7 -6 -1  7 -6  0 -2 -6 -6 -4 -5 -4 -2    1   0   0   0   0   1   0   0   0   1  95   0   1   0   0   0   0   0   0   1  1.82 inf
   65 K   -4  4  1 -4 -6 -2 -3 -5 -4 -6 -6  7 -5 -6 -5 -3 -1 -6 -5 -6    0  18   5   0   0   0   0   0   0   0   0  73   0   0   0   1   3   0   0   0  1.68 inf
   66 G   -3 -6 -4 -5 -6 -5 -6  8 -6 -8 -7 -5 -6 -7 -6 -3 -5 -6 -7 -7    1   0   0   0   0   0   0  99   0   0   0   0   0   0   0   0   0   0   0   0  2.52 inf
   67 G    4 -4 -3 -4  0 -3 -4  3 -4 -3 -5 -3 -4 -4 -4  4 -2 -5 -5 -4   37   0   0   0   2   0   0  20   0   2   0   0   0   1   0  38   0   0   0   0  0.95 inf
   68 Y   -1 -1 -4 -5 -1 -4 -5 -5 -3  1 -1 -4  2  5 -5 -3 -1 -1  4  3    5   4   0   0   1   0   0   0   0   6   3   0   5  28   0   1   2   0  16  28  0.73 inf
   69 K   -2 -1 -1 -4 -2  0 -3 -2 -3  2  0  2  5  2  1 -2 -2 -3  0  1    1   2   2   0   1   4   0   3   0  16   6  14  19   8   8   1   0   0   2  12  0.32 inf
   70 F   -6 -7 -7 -7 -6 -7 -7 -7 -5 -3 -3 -7 -4  9 -7 -6 -3  0  0 -1    0   0   0   0   0   0   0   0   0   0   0   0   0  91   0   0   2   1   1   4  2.64 inf
   71 F    0 -4 -5 -5  3 -4 -5 -4 -3  0  1 -4  7  4 -5 -3  1 -3  0  0   10   0   0   0   6   0   0   0   0   4  13   0  33  18   0   0   8   0   2   4  0.81 inf
   72 A    5 -4 -2 -4  2 -3 -3 -1 -3 -3 -4 -3 -2 -5 -4  2  2 -5 -4 -1   57   0   1   0   4   0   0   3   0   0   0   0   1   0   0  15  15   0   0   4  0.89 inf
   73 D   -2 -4 -2  8 -7 -3  2 -4 -2 -6 -5 -4 -6 -7 -5 -3 -4 -7 -6 -5    4   0   0  80   0   0  12   0   1   0   1   0   0   0   0   1   0   0   0   0  1.96 inf
   74 L   -5 -5 -7 -7 -5 -5 -6 -7 -6  0  6 -6  1  0 -6 -6 -4 -5 -4 -2    0   0   0   0   0   0   0   0   0   3  91   0   2   4   0   0   0   0   0   1  1.70 inf
   75 L    2 -4 -4 -4  2 -3 -4 -3 -4  2  1 -4  3 -1 -4  0  0 -4 -3  4   18   0   0   0   4   0   0   1   0  13  13   0   9   2   0   6   4   0   0  30  0.45 inf
   76 D   -4  7 -2  1 -6  0  1 -4 -2 -6 -5  3 -4 -6 -4 -2 -4 -6 -5 -5    0  55   1   8   0   2   9   1   1   0   0  20   0   0   0   1   0   0   0   0  1.27 inf
   77 Y    2  2  0 -2 -1  0  2 -2  4 -4 -3  1 -3  0 -3  0 -1 -3  3 -3   21  12   4   1   1   4  16   2  10   0   0   9   0   3   0   4   2   0  11   0  0.34 inf
   78 I   -4 -5 -6 -6 -4 -5 -5 -6 -5  6  3 -5  3 -1 -5 -4 -3 -5 -4  1    0   0   0   0   0   0   0   0   0  53  32   0   7   1   0   1   0   0   0   4  1.22 inf
   79 K   -1  0  0  4 -3  1  1 -1  0 -2 -2  2 -2 -3 -1  0  0 -2 -2 -2    3   4   4  29   1   6   9   3   3   2   3  17   1   1   2   6   5   0   1   2  0.34 inf
   80 A    1  1  1  0  0  0  0  0  0 -1 -1  0 -1 -1  0  0  1 -1 -1 -1   12  11   8   4   2   3   4   6   2   3   6   4   1   2   3   7  11   1   2   5  0.05 inf
   81 L    0  0  0 -1  0  0  0 -1  0  1  1  0  0  0  0  0  0  0  1  0    6   4   3   4   3   4   5   5   2   9  17   4   3   3   4   6   7   1   6   5  0.01 inf
   82 N    0  0  2  0  0  0  0  0  2 -1 -1  0 -1 -1  0  1  0 -1  0  0    8   6  12   4   3   4   4   6   7   4   6   4   2   3   4  11   4   1   2   7  0.05 inf
   83 R    0  2  0  0  1  0  0  0  0 -1 -1  1  0 -1  0  0  0 -1  0  0    8  17   5   4   3   4   5   6   2   4   7   6   2   4   4   5   5   1   2   7  0.05 inf
   84 N    0  0  2  0 -1  0  0  0  0 -1 -1  0 -1  0  0  0  0  0  1 -1    7   5  14   4   1   3   6   7   2   4   7   5   2   3   4   7   8   1   7   5  0.05 inf
   85 S    0  1  0  0  0  0  0  0  0 -1 -1  0 -1  0  0  1  0  0  0 -1    6   8   3   5   2   3   5   7   2   4   7   5   2   3   4  19   6   1   4   5  0.05 inf
   86 D    0  0  0  2  0  0  1  0  0 -1 -1  0 -1 -1  0  0  0 -1 -1 -1    8   5   5  14   3   3   8   8   2   4   7   4   2   3   4   7   5   1   2   5  0.05 inf
   87 R    0  1  0  0  0  0  0  0  1 -1 -1  1  0 -1  0  0  0 -1  0 -1    6  12   3   5   3   4   6   6   4   5   7   8   2   3   5   8   6   1   3   5  0.03 inf
   88 S    0 -1  1  0 -1 -1  0 -1  1 -1 -1 -1 -1  0  1  2  2  0  0 -1    6   3   7   4   1   2   4   4   4   2   4   3   1   5   6  19  17   1   4   4  0.11 inf
   89 I   -1 -2 -2 -3  0 -2 -2 -3 -3  4  2 -2  1  1 -2 -2 -1 -2 -2  2    4   1   1   1   2   1   3   2   1  25  26   3   3   5   1   3   1   0   1  17  0.31 inf
   90 P   -3 -2 -1  1 -5 -1 -2 -3  3 -5 -5  0 -3 -5  7  0 -2 -5 -1 -4    1   1   2   7   0   3   2   2   7   0   1   5   1   0  57   7   2   0   2   1  1.32 inf
   91 M   -1 -4 -4 -4  3 -3 -4 -4  0  2  2 -3  4 -1 -3 -2  0 -3  0  3    4   0   0   0   7   0   0   0   3   9  23   1  14   2   1   2   5   0   4  25  0.45 inf
   92 T    0  1 -1 -1 -3  2  3 -3  0 -3 -3  1 -2 -1 -2  1  2 -4 -2 -2    7   7   2   2   0  11  25   1   1   1   0   8   0   3   0  11  16   0   1   2  0.36 inf
   93 V   -3 -5 -5 -5 -3 -4 -2 -5 -5  4  2 -4  5  0 -4 -4 -2 -4 -2  4    0   0   0   0   0   0   2   1   0  29  14   0  16   4   0   0   2   0   1  30  0.82 inf
   94 D   -5 -4 -1  7 -7 -1  3 -2  1 -7 -7 -4 -6 -7 -5 -2 -4 -7 -6 -6    0   0   2  73   0   2  14   3   4   0   0   0   0   0   0   2   0   0   0   0  1.79 inf
   95 F   -6 -6 -7 -7 -2 -7 -7 -7 -5 -4 -3 -7 -3  9 -4 -5 -4  3  3 -5    0   0   0   0   1   0   0   0   0   0   0   0   0  84   1   1   1   4   8   0  2.50 inf
   96 I   -4 -5 -6 -6 -4 -4 -6 -6 -5  5  1 -5  8 -3 -6 -5 -4 -5 -3  2    0   0   0   0   0   0   0   0   0  30   8   0  48   0   0   0   0   0   1  12  1.61 inf
   97 R    2  4 -1  1 -1  0  0 -1 -3 -2 -4  0 -3 -4 -3  1  1 -3 -4 -1   20  26   1  10   1   4   4   3   0   2   0   3   0   0   0  12  12   0   0   3  0.38 inf
   98 L    2 -5 -5 -5 -1 -4 -5 -5 -5  1  2 -4 -2 -2 -5 -3  0 -5 -4  5   16   0   0   0   1   0   0   0   0   6  19   0   0   1   0   1   7   0   0  50  0.80 inf
   99 K    0 -3 -3 -4 -4 -2 -2 -3 -4 -6 -5  4 -5 -6 -4  6 -2 -6 -5 -5    4   0   0   0   0   0   1   0   0   0   0  22   0   0   0  71   1   0   0   0  1.40 inf
  100 S   -2 -3 -3 -4 -3 -4 -4 -4 -2 -6 -6 -4 -5 -4 -5  7  0 -6 -3 -5    0   1   0   0   0   0   0   0   1   0   0   0   0   1   0  92   4   0   1   0  1.93 inf
  101 Y   -6 -6 -6 -5 -3 -6 -5 -7 -2 -6 -5 -6 -5 -1 -7 -6 -4 -2 10 -5    0   0   0   1   1   0   1   0   0   0   0   0   0   0   0   0   1   0  97   0  3.22 inf
  102 S   -2 -1 -2 -2  3  0  1  3 -2 -3 -3 -2 -4 -5 -4  4  0 -5 -4 -2    0   3   0   1   8   3   8  22   1   1   3   2   0   0   0  41   5   0   0   3  0.58 inf
  103 T   -2 -3  3  0 -3 -3 -2 -1 -3 -4 -5 -3 -2 -5 -4  5  4 -6 -4 -4    1   1  12   5   0   0   1   3   0   0   0   0   1   0   0  50  25   0   0   0  0.96 inf
  104 G   -3  0 -3  1 -6 -3 -3  7 -3 -7 -7 -4 -6 -6 -5 -1 -4 -6 -6 -5    0   5   0   8   0   1   1  79   0   0   0   0   0   0   0   5   0   0   0   0  1.68 inf
  105 D   -2 -1  1  3 -3  0  3 -3 -2 -1 -3  1 -2 -4 -3  0  2 -5 -3  2    1   2   6  15   0   3  22   1   1   4   0   8   0   0   0   4  15   0   0  18  0.35 inf
  106 I   -3 -5 -6 -6 -4 -5 -5 -6 -4  3  1 -5  1 -3 -3 -2 -3 -5 -4  6    0   0   0   0   0   0   0   0   0  15   9   0   2   0   1   3   0   0   0  68  1.26 inf
  107 K   -2  5 -1 -2 -5  2  0 -4  1 -3 -4  5 -3 -5 -4 -2  0 -5 -3 -4    1  31   2   2   0   9   5   0   4   1   1  36   0   0   0   1   5   0   0   1  0.84 inf
  108 V   -4 -5 -6 -6 -4 -5 -4 -6 -6  7  1 -5  0 -1 -5 -4 -3 -5 -4  3    0   0   0   0   0   0   1   0   0  64  10   0   1   2   0   1   1   0   0  20  1.35 inf
  109 I   -2  0 -2 -3 -3 -3 -3 -4 -2  3  3 -1  1 -2 -4 -1  0 -4 -3  2    2   5   2   1   0   0   1   1   1  20  33   4   2   0   0   5   7   0   0  16  0.36 inf
  110 G   -2 -1 -1 -3 -2  1 -2  2  0 -4 -3  6 -1 -3 -4  0 -1 -5 -3 -4    2   1   2   1   1   4   1  18   3   1   2  52   2   1   0   5   3   0   1   0  0.75 inf
  111 G   -3 -4 -2  7 -6 -3  0  1 -1 -6 -4 -3 -6 -5 -3 -2 -3 -3 -6 -5    2   1   0  72   0   0   5  13   2   0   2   0   0   0   1   1   1   0   0   1  1.55 inf
  112 D   -3 -4 -4  2 -3 -4 -1 -5 -1  2  5 -3  0 -3 -4 -3 -2 -5 -4  0    0   0   0  15   0   0   3   0   2   9  59   1   2   0   0   1   1   0   0   5  0.76 inf
  113 D   -3  1  1  6 -5 -1  1 -3 -3 -5 -2  0 -3 -5  0  0 -1 -6 -5 -4    1   7   5  52   0   2   5   1   0   0   5   5   1   0   5   7   4   0   0   0  0.86 inf
  114 S    0  0 -1  0 -1  0  1  0 -1 -1  1 -1 -1 -1 -2  1  2 -3 -2 -1    5   6   2   4   1   2  13   6   1   3  18   3   1   2   0  11  17   0   1   3  0.10 inf
  115 T   -2 -2  2  5  0 -2  1 -3 -2 -4 -5 -1 -4 -5  1  3 -2 -6 -4 -4    2   1   8  40   2   1   7   0   1   1   0   3   0   0   7  24   1   0   0   1  0.78 inf
  116 L   -3 -5 -6 -6 -2 -5 -6 -6 -5  6  3 -5  0  0 -4 -5 -3 -5 -2  3    0   0   0   0   1   0   0   0   0  45  28   0   1   3   1   0   0   0   1  21  1.04 inf
  117 T    1  2  0 -1 -3  1  3 -3 -1 -4 -4  3 -2 -5 -3  0  1 -5 -3 -3   11  13   3   1   0   5  26   1   1   0   0  20   1   0   0   7  11   0   0   0  0.49 inf
  118 G   -3 -4  2  2 -6 -4 -4  7 -2 -7 -7 -4 -6 -6 -5 -3 -4 -6 -6 -6    0   0   9  14   0   0   0  75   1   0   0   1   0   0   0   0   0   0   0   0  1.68 inf
  119 K   -4  6 -3 -4 -1  0 -2 -5 -1 -5 -4  6 -3 -4 -5 -3 -3 -2 -1 -4    0  40   0   0   1   2   1   0   1   0   1  48   0   1   0   0   0   1   3   1  1.35 inf
  120 N   -4 -3  5  6 -6 -2 -1 -4  7 -6 -6 -3 -5 -4 -2 -1 -3 -6 -3 -6    0   1  24  43   0   0   2   0  24   0   0   0   0   0   2   3   0   0   1   0  1.42 inf
  121 V   -3 -6 -6 -6 -3 -5 -6 -6 -6  2 -1 -6 -2 -4 -6 -5 -3 -6 -4  7    0   0   0   0   0   0   0   0   0  10   3   0   0   0   0   0   0   0   0  85  1.79 inf
  122 L   -4 -5 -6 -6 -4 -5 -6 -6 -6  3  6 -5  0 -1 -6 -5 -4 -5 -4  0    0   0   0   0   0   0   0   0   0  15  78   0   1   1   0   0   0   0   0   6  1.40 inf
  123 I   -4 -6 -6 -6 -4 -5 -6 -6 -6  7  1 -5 -1  0 -6 -5 -3 -5 -4  3    0   0   0   0   0   0   0   0   0  66  12   0   1   3   0   0   0   0   0  18  1.44 inf
  124 V   -2 -6 -6 -6 -2 -5 -6 -6 -6  2 -2 -5  0 -4 -6 -5 -3 -6 -4  7    2   0   0   0   1   0   0   0   0  10   2   0   2   0   0   0   0   0   0  83  1.70 inf
  125 E   -4 -4 -4  2 -7 -2  8 -6 -4 -7 -6 -2 -6 -7 -5 -4 -4 -7 -6 -6    0   0   0   9   0   0  89   0   0   0   0   1   0   0   0   0   0   0   0   0  2.15 inf
  126 D   -3 -5 -2  8 -7 -4 -2 -5 -5 -7 -8 -4 -7 -7 -5 -4 -5 -8 -7 -7    3   0   0  97   0   0   0   0   0   0   0   0   0   0   0   0   0   0   0   0  2.66 inf
  127 I   -5 -7 -7 -7 -5 -6 -7 -7 -7  8  0 -6  0 -4 -6 -6 -4 -6 -5  1    0   0   0   0   0   0   0   0   0  91   4   0   1   0   0   0   0   0   0   4  2.15 inf
  128 I   -4 -6 -6 -6 -4 -5 -6 -6 -6  6  1 -5 -1 -3 -5 -4 -2 -6 -4  5    0   0   0   0   0   0   0   0   0  50   9   0   1   0   0   1   2   0   0  38  1.32 inf
  129 D   -5 -5 -1  8 -7 -4 -1 -2 -5 -7 -8 -4 -7 -7 -5 -4 -5 -8 -7 -7    0   0   2  93   0   0   1   3   0   0   0   0   0   0   0   0   0   0   0   0  2.51 inf
  130 T   -3 -4 -3 -4 -4 -4 -4 -5 -5 -5 -5 -4 -4 -6 -4  4  7 -6 -5 -4    0   0   0   0   0   0   0   0   0   0   0   0   0   0   0  33  67   0   0   0  1.72 inf
  131 G   -2 -6 -4 -5 -6 -5 -6  8 -6 -8 -7 -5 -6 -7 -6 -4 -5 -6 -7 -7    1   0   0   0   0   0   0  99   0   0   0   0   0   0   0   0   0   0   0   0  2.51 inf
  132 K   -1  3  2 -3 -3 -1 -2 -4  2  0  2  2 -1  0 -4 -2  0 -3  0 -1    3  17  10   0   0   1   0   0   6   4  29  12   0   3   0   0   7   0   3   3  0.27 inf
  133 T   -4 -5 -4 -5 -5 -4 -5 -5 -6 -5 -5 -4 -5 -6 -5  0  8 -6 -5 -4    0   0   0   0   0   0   0   0   0   0   0   0   0   0   0   5  95   0   0   0  2.32 inf
  134 M   -4 -5 -6 -7 -4 -5 -6 -7 -6  0  6 -5  6 -2 -6 -5 -4 -5 -3 -2    0   0   0   0   0   0   0   0   0   4  71   0  23   1   0   0   0   0   0   1  1.56 inf
  135 Q    0  0  1  0 -2  1  0 -3  1 -3 -3  3 -3 -3 -3  3  1 -4 -2 -2    9   3   7   6   0   7   4   0   3   1   2  21   0   0   0  26   7   0   1   2  0.34 inf
  136 T   -1  0 -1 -4 -3 -1 -1 -4  3 -4 -3  3 -3  3 -4 -2  0  6  5 -3    6   3   2   0   0   2   3   0   6   0   1  20   0  12   0   1   7  11  24   1  0.68 inf
  137 L   -4 -5 -6 -6 -4 -5 -6 -6 -6  2  5 -5  1  0 -6 -5 -3 -4 -3  3    0   0   0   0   0   0   0   0   0   7  64   0   3   4   0   0   1   0   0  22  1.13 inf
  138 L   -2  1 -3 -4  2 -2 -2 -3 -1  2  3  1  2 -2 -4 -2  0 -4 -2  2    1   8   0   0   5   1   3   1   2  10  33   9   6   0   0   2   5   0   1  14  0.30 inf
  139 S   -1  2  1  3 -5  1  4 -1  0 -5 -5  2 -4 -5  0  1 -1 -5 -4 -4    4   9   6  16   0   4  26   3   2   0   0  14   0   0   4  10   2   0   0   0  0.50 inf
  140 L   -2 -2  2 -3 -3 -2 -1 -4  4  1  2 -2  2  0 -4 -1  0 -1  3  0    2   1  14   0   0   1   4   0  12   8  24   1   7   2   0   2   5   1  11   4  0.31 inf
  141 V   -3 -5 -6 -6 -4 -5 -6 -6 -5  2  5 -5  1  3 -6 -5 -4 -4 -3  1    1   0   0   0   0   0   0   0   0  10  68   0   3  10   0   0   0   0   0   9  1.16 inf
  142 R    0  3 -1 -2 -3  2  2 -2 -1 -3 -1  4  0 -3 -3 -1 -2 -3 -2 -3    6  14   2   1   0   7  15   3   1   1   6  35   2   0   0   4   1   0   1   0  0.48 inf
  143 Q    1  0  0  0 -3  1  1  0 -1 -2 -1  2  0 -3 -3  2  1 -4  0 -2   10   5   4   4   0   6  11   5   1   1   6  13   2   0   0  20   8   0   3   1  0.19 inf
  144 Y   -4  7 -3 -5 -2 -1 -3 -5  1 -5 -2  1 -1  2 -5 -4 -3 -4  3 -3    0  60   0   0   1   1   0   0   3   0   5   7   2   8   0   0   1   0  11   2  1.22 inf
  145 N   -2  0  4 -1 -5  1  2  3  1 -5 -5  3 -3 -5 -4  0 -3 -5 -4 -5    1   3  22   2   0   5  15  27   3   0   0  17   0   0   0   4   0   0   0   0  0.65 inf
  146 P    3 -5 -5 -5 -2 -5 -5 -5 -6 -3 -6 -4 -5 -6  8 -4 -2 -7 -6 -1   23   0   0   0   1   0   0   0   0   1   0   0   0   0  69   0   2   0   0   4  2.01 inf
  147 K    3  1  3 -3 -4 -1 -1 -3 -1 -5 -3  5 -3 -5 -4 -1 -2 -5 -4 -4   30   7  13   0   0   1   2   0   1   0   1  39   0   0   0   3   1   0   0   0  0.76 inf
  148 M   -2 -1 -2 -2 -3 -2 -3 -4 -4 -5 -4 -1  4 -5 -4  6  0 -6 -5 -4    1   3   1   2   0   1   0   0   0   0   0   3  11   0   0  73   4   0   0   1  1.30 inf
  149 V   -3 -5 -6 -6 -3 -5 -5 -6 -6  4  3 -4  1 -2 -5 -5 -2 -5 -4  5    0   0   0   0   0   0   0   0   0  21  33   1   2   0   0   0   1   0   0  41  1.02 inf
  150 K    0  3 -1 -2 -4  0  3 -4  0 -5 -4  5 -4 -4 -4 -1 -2  1 -2 -5    7  14   2   1   0   1  18   0   2   0   1  47   0   1   0   3   1   2   1   0  0.86 inf
  151 V   -3 -5 -5 -5  1 -5 -5 -5 -5  5  0 -5 -1 -2 -5 -1  2 -5 -4  5    1   0   0   0   3   0   0   0   0  32   8   0   1   1   0   4  11   0   0  41  0.89 inf
  152 A    4 -6 -5 -6  9 -5 -5 -4 -6  0 -3 -5 -3 -1 -5 -2 -2 -5 -5  2   31   0   0   0  44   0   0   0   0   5   1   0   0   2   0   2   1   0   0  14  1.53 inf
  153 S    2 -3 -3 -4  3 -3 -4 -2 -4 -2 -3 -3 -3 -5 -4  2  5 -5 -4  1   19   0   0   0   5   0   0   2   0   1   1   0   0   0   0  18  45   0   0   9  0.83 inf
  154 L   -4 -5 -7 -7 -3 -5 -6 -7 -6 -1  6 -6  2  1 -6 -6 -4 -5 -3 -2    1   0   0   0   0   0   0   0   0   1  88   0   5   5   0   0   0   0   0   0  1.61 inf
  155 L   -4 -5 -6 -7 -3 -5 -6 -7 -6 -1  6 -6  0  1 -6 -4 -4 -4 -2  0    0   0   0   0   0   0   0   0   0   1  86   0   1   5   0   1   0   0   1   4  1.52 inf
  156 V   -3  2  1  6 -5 -3  0 -4 -2 -1 -3 -3 -3 -4 -4  0 -2 -4 -5  2    1  11   7  49   0   0   4   0   1   3   2   0   0   0   0   7   1   0   0  15  0.83 inf
  157 K   -5  0 -4 -4 -3 -2 -2 -5 -4 -7 -6  8 -5 -7 -5 -4 -4 -7 -6 -6    0   1   0   0   1   0   1   0   0   0   0  97   0   0   0   0   0   0   0   0  2.40 inf
  158 R   -3  4 -3 -3 -6 -2 -2 -5 -3 -5 -6  1 -5 -7  7 -3 -3 -7 -6 -5    2  24   1   1   0   1   2   0   1   0   0   7   0   0  59   1   1   0   0   1  1.72 inf
  159 T    0 -2 -1  1 -1 -1  4 -2 -2 -3 -3 -1 -3 -4 -3  2  3 -5 -3 -1    8   1   2   9   1   1  29   2   0   1   1   2   0   0   0  19  18   0   0   6  0.44 inf
  160 P    1  6 -2 -3 -4 -2 -2  1 -3 -4 -5  0 -2 -5  3 -1 -2 -5 -4 -2   10  50   1   1   0   1   1   9   0   0   0   3   1   0  14   4   1   0   0   2  0.87 inf
  161 R   -2  7 -1 -3 -5 -2 -2 -4  0 -3 -1  0 -3 -4 -3 -3 -3 -4 -5 -2    4  69   2   2   0   0   1   1   2   2   6   2   0   0   1   1   1   0   0   4  1.32 inf
  162 S   -1  0 -1 -2  0  1  3 -3 -1 -1 -2  3 -2 -4 -1  1  0  1 -3  0    2   4   2   0   2   4  20   1   1   3   4  24   1   0   2  13   6   3   0  10  0.30 inf
  163 V    1 -3  1 -2  0 -3 -3 -4 -3  1 -2 -2 -1 -2 -1 -1  0 -2 -3  5   12   1   6   3   2   0   1   0   0   4   1   2   1   2   3   3   5   0   1  52  0.54 inf
  164 G   -1 -2  1  5 -3  0  3  2 -1 -5 -5 -1 -5 -5  1 -1 -3 -6 -5 -4    4   1   6  36   1   3  16  17   1   0   0   3   0   0   7   3   1   0   0   0  0.69 inf
  165 Y   -3 -5 -4 -6 -1 -5 -4 -6 -4  4  1 -5  0  3 -5 -4 -3 -3  4  5    1   0   1   0   1   0   1   0   0  21  10   0   1  13   0   0   0   0  13  39  0.88 inf
  166 K   -2  2  1  3 -5  2  2 -3  1 -3 -2  3 -3 -4  3 -1 -1 -5 -3 -2    1  12   6  16   0   8  10   0   3   1   3  18   0   0  13   2   4   0   1   3  0.42 inf
  167 P    3 -5 -5 -5 -2 -4 -3 -3 -5  2 -1 -4 -2 -4  5 -2 -2 -5 -4  4   23   0   0   0   0   0   2   2   0   9   4   0   0   0  26   1   1   0   0  31  0.79 inf
  168 D   -3  0 -1  7 -5 -2  1 -5 -2 -6 -5  2 -6 -4 -5 -3 -2 -7 -4 -6    2   4   1  67   0   1   6   0   1   0   1  13   0   1   0   1   2   0   1   0  1.47 inf
  169 F   -6 -6 -5 -3 -6 -5 -5 -7 -1 -5 -4 -6 -3  5 -7 -6 -5  5  9 -5    0   0   0   2   0   0   0   0   1   0   1   0   0  20   0   0   0   8  67   0  2.34 inf
  170 V   -1 -1 -3 -5  2 -4 -4 -5 -4  2 -1 -2 -1 -2 -3 -1  1 -5  0  5    3   3   1   0   5   0   1   0   0  13   4   3   0   0   1   3   8   0   3  51  0.65 inf
  171 G   -2 -6 -4 -5  3 -5 -6  7 -6 -7 -6 -5 -6 -7 -6 -4 -5 -6 -7 -6    3   0   0   0   7   0   0  90   0   0   1   0   0   0   0   0   0   0   0   0  2.20 inf
  172 F   -5 -5 -7 -7 -6 -7 -6 -7 -4 -2 -3 -4 -1  9 -7 -4 -4  0  2 -4    0   0   0   0   0   0   0   0   0   1   0   1   1  88   0   1   1   1   3   0  2.50 inf
  173 E   -2 -2  0  3 -4 -1  5 -4 -1 -3 -4  0 -4 -5 -3  1  2 -4 -4 -1    1   1   2  16   0   1  43   0   1   2   0   6   0   0   0   8  12   0   0   4  0.71 inf
  174 I   -3 -6 -6 -6  0 -6 -6 -7 -6  7 -1 -6 -1 -3 -6 -5 -3 -6 -4  4    1   0   0   0   2   0   0   0   0  66   2   0   0   0   0   0   0   0   0  28  1.59 inf
  175 P   -4 -4 -5 -2 -7 -4  1 -3 -6 -7 -7 -4 -6 -8  8 -4 -5 -8 -7 -6    1   1   0   2   0   0   8   2   0   0   0   0   0   0  85   1   0   0   0   0  2.60 inf
  176 D   -5 -4  6  7 -7 -3 -2 -4 -2 -7 -7 -3 -4 -7 -4 -2 -3 -7 -6 -6    0   0  36  58   0   0   1   0   1   0   0   1   0   0   1   1   1   0   0   0  1.82 inf
  177 K    0  1 -3  0 -5  0  5 -3  1 -4 -2  2 -3 -2 -4 -2 -3 -3  0 -1    7   8   0   3   0   1  45   2   3   0   4  15   0   2   0   2   0   0   3   6  0.60 inf
  178 F   -6 -7 -7 -8 -6 -7 -7 -7 -5 -4 -3 -7 -4  9 -8 -6 -6  0  1 -5    0   0   0   0   0   0   0   0   0   0   0   0   0  97   0   0   0   1   2   0  3.03 inf
  179 V   -3 -6 -6 -6 -4 -6 -6 -7 -6  4  0 -6 -2 -4 -6 -5 -3 -6 -4  7    0   0   0   0   0   0   0   0   0  19   7   0   0   0   0   0   0   0   0  73  1.58 inf
  180 V   -3 -6 -6 -7 -4 -6 -6 -7 -7  3 -2 -6 -3 -4 -6 -5 -3 -6 -3  7    0   0   0   0   0   0   0   0   0  11   1   0   0   0   0   0   0   0   1  87  1.90 inf
  181 G   -3 -6 -4 -5 -6 -6 -6  8 -6 -8 -8 -5 -7 -7 -6 -4 -5 -6 -7 -7    0   0   0   0   0   0   0 100   0   0   0   0   0   0   0   0   0   0   0   0  2.59 inf
  182 Y   -6 -6 -4 -7  0 -6 -6 -7 -2 -5 -5 -6 -4  2 -7 -6 -6 -2 10 -3    0   0   1   0   2   0   0   0   0   0   0   0   0   6   0   0   0   0  89   1  2.92 inf
  183 A    2 -6 -4 -5  0 -5 -5  7 -5 -7 -7 -5 -6 -6 -5 -2 -5 -6 -6 -6   15   0   0   0   2   0   0  81   0   0   0   0   0   0   0   1   0   0   0   0  1.90 inf
  184 L   -4 -5 -6 -7 -3 -5 -6 -7 -6  3  6 -6  1  0 -6 -5 -4 -5 -2 -2    0   0   0   0   0   0   0   0   0  14  79   0   3   2   0   0   0   0   1   0  1.47 inf
  185 D   -6 -5  0  8 -7 -4 -2 -4 -5 -7 -8 -5 -7 -8 -5 -4 -5 -8 -7 -7    0   0   3  96   0   0   0   1   0   0   0   0   0   0   0   0   0   0   0   0  2.67 inf
  186 Y   -4 -3 -6 -7 -1 -5 -6 -7 -2 -4 -4 -6 -5  4 -7 -5 -5  1  9 -4    1   1   0   0   2   0   0   0   0   0   0   0   0  16   0   0   0   2  77   1  2.50 inf
  187 N    4 -1  5  2 -3 -1 -2  0 -1 -4 -4 -1 -3 -5 -4 -1 -3 -6 -4 -4   37   2  31  12   0   2   2   7   1   1   1   3   0   0   0   1   0   0   0   0  0.74 inf
  188 E   -4 -3 -1  1 -7  5  6  0 -2 -6 -6 -2 -5 -6 -4 -3 -4 -6 -5 -6    0   0   3   8   0  23  59   7   0   0   0   0   0   0   0   1   0   0   0   0  1.39 inf
  189 Y   -3  4  0 -3 -3  1 -1 -4  2 -2  0  4  0  0 -4 -2 -3 -2  4 -3    0  22   4   0   0   5   3   0   6   2   8  25   3   4   0   1   0   0  16   0  0.55 inf
  190 F   -5 -5 -2 -4 -4 -5 -6 -3  0 -5 -4 -6 -3  5 -7 -5 -5  0  9 -5    0   0   3   1   0   0   0   2   1   0   1   0   0  24   0   0   0   1  65   0  2.14 inf
  191 R   -5  9 -4 -6 -8 -3 -4 -6 -4 -7 -6 -2 -5 -7 -6 -5 -5 -7 -6 -7    0 100   0   0   0   0   0   0   0   0   0   0   0   0   0   0   0   0   0   0  2.82 inf
  192 D   -4 -3  7  4 -5 -2 -1 -4  2 -6 -7 -3 -5 -5 -5 -2 -2 -7 -4 -6    0   0  60  25   0   1   3   0   5   0   0   0   0   0   0   1   1   0   1   0  1.62 inf
  193 L   -5 -5 -7 -7 -4 -5 -6 -7 -6  2  6 -6 -1 -1 -6 -6 -4 -4 -4 -1    0   0   0   0   0   0   0   0   0   9  88   0   0   2   0   0   0   0   0   1  1.64 inf
  194 N   -3 -1  2  0 -6 -4 -3 -2 -1 -6 -6 -2 -6 -7  8 -2 -4 -7 -6 -6    1   3  11   6   0   0   1   3   1   0   0   2   0   0  70   2   0   0   0   0  1.93 inf
  195 H   -3 -5 -4  0  0 -4 -3 -3  6 -5 -4 -5 -4  4 -6 -2 -4 -1  7 -4    2   0   0   6   2   0   1   2  21   0   0   0   0  17   0   3   0   0  45   0  1.52 inf
  196 V   -4 -6 -6 -6 -1 -6 -6 -7 -6  7 -1 -6 -2 -3 -6 -5 -4 -6 -4  4    0   0   0   0   1   0   0   0   0  66   2   0   0   0   0   0   0   0   0  30  1.67 inf
  197 C    1 -5 -4 -5  7 -5 -5  5 -2 -5 -5 -5 -4  0 -5 -3 -2 -3  1 -5   12   0   0   0  23   0   0  52   1   0   0   0   0   5   0   0   2   0   5   0  1.30 inf
  198 V   -2 -3 -2 -4 -2 -3 -2 -5 -4  3 -1  0  0 -3 -4 -1  2 -2 -2  5    2   0   2   0   0   1   3   0   0  18   3   8   1   0   0   5  13   1   1  43  0.56 inf
  199 I   -3 -5 -6 -6 -4 -4 -5 -6 -5  3  5 -5  2 -1 -5 -5 -3  0 -2  3    1   0   0   0   0   0   0   0   0  18  52   0   3   1   0   0   0   2   1  22  0.97 inf
  200 S    0  1  2  0 -4  0  2 -3 -1 -3 -4  5 -3 -5 -3  1  0 -5 -4 -2    6   6  12   4   0   1  11   1   1   1   0  37   0   0   0  12   4   0   0   3  0.53 inf
  201 E   -3  0 -3  2 -6  1  4 -4 -2 -5 -4  0 -4 -2  6 -2 -3 -6 -4 -5    0   5   0  14   0   5  27   0   1   0   1   4   0   3  38   2   1   0   0   0  1.05 inf
  202 T    0 -2  0  0 -5  1  5 -4  3 -3 -5 -1 -4 -5 -2  2  1 -5 -4 -3    7   1   3   2   0   4  46   0   9   1   0   1   0   0   1  14  10   0   0   1  0.73 inf
  203 G    1 -3  0  0 -2 -2  0  4 -2  0 -2 -2 -2 -3 -2 -2 -2 -4 -3  2   14   1   6   7   1   0   8  32   1   5   0   1   0   1   1   0   0   0   0  23  0.33 inf
  204 K   -2  1 -3 -2 -4  0  1 -4 -2  3 -2  3 -1 -1 -3 -3 -2 -2  5 -1    1   8   0   2   0   3   9   0   0  21   0  25   1   0   1   0   1   0  28   2  0.50 inf
  205 A    1  1  1  0 -3  2  3  0 -2 -3 -3  2 -1 -4 -1  1  1 -4 -3 -3   14   6   6   3   0   9  24   6   0   0   1  13   2   0   1   7   9   0   0   0  0.29 inf
  206 K   -2  2 -2 -3 -5  1  0 -4  0 -4 -3  6 -3 -5 -2 -1 -1 -5 -4 -4    2   9   0   0   0   3   5   0   2   0   2  73   0   0   1   2   3   0   0   0  1.06 inf
  207 Y   -3 -3 -4 -4 -4 -3 -2 -1  1 -1 -2 -2 -2  5 -5 -3 -3  0  7 -3    0   0   0   0   0   0   3   6   3   3   0   2   0  28   0   0   0   0  56   0  1.20 inf
  208 K    0  3 -1 -2 -3  1  0 -2 -2 -3 -3  4 -2 -4  2  1  1 -4 -3 -3    4  16   0   0   0   2   4   0   0   0   0  46   0   0   8   8  11   0   0   0  0.49 inf
  209 A    2 -3 -2 -3 -1 -2 -2 -2 -3  1 -1 -2 -1 -2 -2  1  0 -3 -2  4   29   0   0   0   0   0   0   0   0   0   0   0   0   0   0  13   4   0   0  54  0.33 inf

                      K         Lambda
Standard Ungapped    0.1422     0.3222
Standard Gapped      0.0562     0.2670
PSI Ungapped         0.1835     0.3160
PSI Gapped           0.0562     0.2670
