
Last position-specific scoring matrix computed, weighted observed percentages rounded down, information per position, and relative weight of gapless real matches to pseudocounts
           A  R  N  D  C  Q  E  G  H  I  L  K  M  F  P  S  T  W  Y  V   A   R   N   D   C   Q   E   G   H   I   L   K   M   F   P   S   T   W   Y   V
    1 T   -1 -2 -1 -2 -2 -1 -2 -2 -2 -2 -2 -1 -2 -3 -2  3  6 -4 -3 -1    0   0   0   0   0   0   0   0   0   0   0   0   0   0   0  26  74   0   0   0  0.78 inf
    2 L   -1 -3 -4 -4 -2 -3 -3 -4 -4  3  3 -3  1  1 -3 -2  0 -3 -1  3    3   0   0   0   0   0   0   0   0  27  29   0   0   7   0   0   6   0   0  29  0.40 inf
    3 H   -1  0 -1 -2 -4  4  0 -3  5 -3 -3  4 -2 -3 -1 -1 -2 -3  1 -2    5   0   2   0   0  22   0   0  16   0   2  43   0   0   1   1   0   0   5   3  0.60 inf
    4 D   -2 -1  0  3 -5  3  4 -3 -2 -4 -4  1 -3 -5  0 -1  0 -4 -3 -4    0   0   3  18   0  18  40   0   0   0   0   9   0   0   5   3   5   0   0   0  0.71 inf
    5 K   -3  2 -1 -3 -5 -1  1 -4  2 -4 -3  6  2 -4 -3 -2 -3 -5 -2 -2    0   8   1   0   0   0   7   0   6   0   1  67   7   0   0   0   0   0   1   3  0.95 inf
    6 Q   -1 -2  0 -1 -5  8  2 -4 -2 -5 -3 -1 -3 -5 -4 -2 -3 -4 -3 -3    6   0   4   3   0  75   9   0   0   0   3   0   0   0   0   0   0   0   1   1  1.39 inf
    7 I    0  1 -1  0 -3  1  0 -1 -1  0 -1  3 -1 -1 -2 -1  0 -2  1  0    7   9   1   7   0   6   5   2   0   6   7  25   0   2   0   3   5   0   8   7  0.13 inf
    8 R   -2  5 -2  0 -1  4  0 -3 -2 -4 -2  3 -3 -2 -3  0 -2 -4 -3 -3    2  36   0   5   1  20   4   0   0   0   3  21   0   2   0   5   0   0   0   1  0.65 inf
    9 I   -2 -4 -5 -5 -3 -4 -5 -5 -5  5  1 -4  2 -2 -4 -4 -1 -4 -3  4    2   0   0   0   0   0   0   0   0  48   7   0   4   0   0   0   2   0   0  37  0.92 inf
   10 C   -3 -4 -4 -4  1  0 -2 -5 -4  0  5 -4  1  0 -1 -2 -2  0 -1 -1    0   0   0   0   3   6   3   0   0   1  72   0   2   2   3   4   1   1   2   0  0.73 inf
   11 H   -1  0  0  0 -4  0  2 -1  6 -4 -4  2 -3 -4  3  1 -2 -4 -2 -3    3   3   3   3   0   2  14   4  24   0   0  17   0   0  16  11   0   0   0   1  0.57 inf
   12 L   -3  0 -3 -5 -3 -4 -4 -2 -1  0  5 -4  1  1 -2 -4 -3 -3 -1  0    0   5   1   0   0   0   0   3   2   3  73   0   2   4   2   0   0   0   1   4  0.79 inf
   13 F   -3 -5 -5 -6 -4 -5 -5 -5 -4  0  2 -5  1  8 -6 -3 -4 -2  2  0    1   0   0   0   0   0   0   0   0   5  16   0   3  65   0   2   0   0   3   6  1.35 inf
   14 E   -3 -1  2  2 -5  3  5 -2 -2 -5 -5  2 -4 -5 -3 -1 -1 -5 -2 -5    0   1   8  11   0  14  46   2   0   0   0  10   0   0   0   3   2   0   1   0  0.84 inf
   15 Q   -2  1  2  1 -2  0  0 -4  7 -5 -3  2 -3  0 -4  0 -1 -4  1 -4    1   8   8   7   1   3   4   0  38   0   2  11   0   3   0   5   3   0   5   0  0.77 inf
   16 L   -1 -3 -4 -4 -3 -3 -4 -3  0  3  3 -3  0  1 -2 -2 -1  1 -1  3    4   0   0   0   0   0   0   2   2  23  29   1   1   5   1   3   1   2   2  23  0.41 inf
   17 S   -2 -3  3 -1 -3  0 -1 -3  2 -3 -2 -2 -3 -2  1  2  4 -5 -3 -2    1   0  19   2   0   3   4   0   5   0   4   0   0   2   8  15  34   0   0   3  0.53 inf
   18 S    0 -1 -1  0 -3  3  1 -3  0  0 -1  0  0 -3 -2  2  0 -4 -3  1    9   2   2   6   0  18   9   0   2   4   6   3   2   1   1  19   3   0   0  14  0.19 inf
   19 A    0  0 -3 -2 -3 -2 -2 -4  2  1  1  0 -1 -1  4 -1 -2 -4 -1  2    8   7   0   2   0   0   2   0   5   7  16   5   0   2  22   2   0   0   2  21  0.32 inf
   20 T    0 -2  2 -1 -1  0  1 -3  0 -2 -2  0  0 -3  1  1  3  1 -3  1    8   0  11   2   1   3   9   0   3   0   3   5   2   0   7   9  22   2   0  12  0.20 inf
   21 V   -2  2 -2 -2 -3 -1 -1 -3  2  2 -1  2  1 -2 -2 -1  1 -3  1  1    1  10   1   1   0   2   2   0   7  15   3  21   4   1   1   1  12   0   5  13  0.20 inf
   22 H   -2  3  0  0 -4  0  0 -2  5 -3 -2  1 -2 -1  2 -1  0 -3  2 -2    2  16   3   6   0   3   6   3  18   1   3   8   0   2  11   1   8   0  10   2  0.33 inf
   23 S   -1 -1 -1  4 -4  1  1 -3 -1  0 -1  0  0  0 -1 -1 -1 -1  0 -1    5   2   1  34   0   5   8   0   1   6   6   5   3   6   2   3   4   1   4   3  0.28 inf
   24 D   -1 -3 -1  2 -4 -1  2 -4  2 -2 -3 -2 -3 -1  5 -1 -2 -5 -1 -1    6   0   2  14   0   2  16   0   7   3   1   1   0   3  36   2   1   0   2   5  0.71 inf
   25 R   -2  4  2  2 -4  1  1 -3  2 -4 -4  2  0 -1 -1 -1 -2 -4 -1 -4    1  29   9  14   0   4   9   0   6   0   0  14   4   3   3   2   1   0   1   0  0.48 inf
   26 L   -2 -2 -5 -5 -2 -2 -4 -5 -4  2  5 -4  3  1 -5 -4 -1 -3 -1  0    2   2   0   0   1   2   0   0   0   9  64   0   6   5   0   0   2   0   2   5  0.80 inf
   27 K    0  1  0  0 -3  0  1 -1  3 -2 -2  2 -1  0 -1  0 -1  0  4 -2    8   7   3   5   0   2   8   4   7   3   2  13   1   3   2   7   2   1  21   1  0.24 inf
   28 N   -2  0  1  2 -1  0  1  1  4 -3 -2  3 -3  0 -3 -1 -1 -4 -1 -3    1   4   7  12   1   2   7  11  14   1   5  23   0   5   0   2   3   0   2   0  0.30 inf
   29 V    0 -1 -1 -2 -2 -1 -2 -1  2  1  1 -2  2 -1  0 -1 -1 -2  1  2   11   2   3   1   1   3   1   5   7  11  15   1   7   2   4   2   3   0   6  17  0.10 inf
   30 G   -1 -1 -2 -1 -2 -1 -3  6 -4 -4 -2  0  1 -4 -4 -1 -2  0 -1 -4    2   3   1   3   1   2   1  64   0   1   4   6   4   0   0   3   2   1   2   0  0.98 inf
   31 K   -2  0 -2 -3 -1 -1 -2 -3  1  1  1  0  4  3 -4 -2  1 -1  0  1    2   5   1   1   1   2   2   1   5   7  16   5  14  16   0   2   9   1   1   9  0.22 inf
   32 L   -4 -5 -6 -6 -4 -5 -6 -6 -6  2  6 -5  0 -2 -2 -5 -4 -5 -4  0    0   0   0   0   0   0   0   0   0   9  80   0   1   1   2   0   0   0   0   5  1.37 inf
   33 Q   -2 -3 -3 -1 -5  0  1  1  0 -5 -4  0 -5 -6  7  0 -3 -6 -3 -5    2   1   0   3   0   4   8  11   3   0   1   7   0   0  53   6   1   0   1   0  1.24 inf
   34 P   -4  6 -2 -2 -6  3 -2 -5 -1 -5 -3  4 -1 -3 -2 -3 -4 -5 -1 -5    0  52   1   2   0  12   0   0   1   0   2  22   2   1   2   0   0   0   2   0  1.21 inf
   35 G   -2  1  2  1 -5 -2  0  5  2 -5 -5  0 -4 -2 -4 -1 -3 -3 -1 -5    1   8   9   9   0   1   4  47   5   0   0   7   0   2   0   3   1   0   2   0  0.72 inf
   36 A    1 -1 -1  0 -5  2  5 -1  3 -4 -4  0 -2 -4 -3 -1  0 -5 -2 -2   11   2   2   4   0   7  42   5   7   0   1   3   1   0   0   2   7   0   1   3  0.55 inf
   37 I   -2 -3 -1 -3 -3  0 -3 -3 -3  3  1 -2  0  1  1 -2 -2  4 -1  2    2   0   3   1   0   7   1   2   0  24  15   2   1   5   8   2   1   5   2  20  0.32 inf
   38 F   -6 -7 -7 -7 -6 -7 -7 -7 -5 -4 -3 -7 -4  9 -7 -5 -6  2  2 -3    0   0   0   0   0   0   0   0   0   0   1   0   0  92   0   1   0   2   3   1  2.75 inf
   39 S   -2 -4  0 -3 -1 -3 -3  0 -2 -4 -3 -3 -4 -5 -4  6  2 -6 -5 -1    1   0   3   0   1   0   0   6   1   0   2   0   0   0   0  68  13   0   0   5  1.13 inf
   40 C   -1 -4 -2 -3  4 -3 -3 -4  1  2  3 -4  0  0  1 -2 -2 -4 -2  1    6   0   2   1  11   1   1   0   4  11  38   0   1   3   8   1   1   0   1  11  0.44 inf
   41 F   -3 -5 -3 -6 -5 -4 -5 -6  1 -3  1 -5  2  8 -2 -2 -1 -1  3 -2    1   0   1   0   0   0   0   0   3   0  10   0   5  60   2   2   3   0   9   2  1.37 inf
   42 H   -3 -2  4  2 -2 -1 -1 -4  6  1 -2 -3 -3 -1 -4 -2 -2 -4  3  0    1   1  25  10   1   1   4   0  19  11   3   0   0   2   0   0   2   0  12   8  0.59 inf
   43 P   -1  0 -1  2 -5  1  4 -2  1 -3 -4  1 -2 -3  3 -1  0 -5 -1 -3    5   4   2   9   0   4  29   1   3   1   0  10   1   1  18   3   6   0   2   0  0.50 inf
   44 D   -2  4 -1  0 -4  0  2 -2  0 -4 -1  3 -3 -3 -3  0  0  0  0 -3    1  25   1   5   0   2  16   2   2   0   6  21   0   1   0   5   7   1   3   2  0.42 inf
   45 H   -4 -4 -1 -2 -4  3 -3 -4 10 -6 -3 -4  0 -5 -5 -3 -2 -6  0 -6    1   0   2   2   0  12   0   1  71   0   2   0   3   0   0   2   3   0   2   0  2.20 inf
   46 L   -2  5 -2 -4 -4 -1 -2 -4 -1  0  2 -1  1 -2 -5 -3 -3  4 -1 -1    3  43   1   0   0   1   2   1   1   4  25   2   4   1   0   1   0   6   2   3  0.69 inf
   47 E   -1  1 -1  1 -5  2  4 -3  1 -3 -3  3 -3 -1 -2 -1 -2  0  0 -2    5   7   2   7   0   8  34   0   3   1   2  20   0   2   1   1   1   1   3   2  0.49 inf
   48 E    0 -3 -3 -2 -5  5  5 -4 -3  0 -2 -2  2 -2 -2 -2 -2 -4  0 -3    7   0   0   1   0  25  44   1   0   7   2   0   5   1   1   0   1   0   4   1  0.82 inf
   49 A    6 -4 -4 -5 -3 -4 -4 -3 -5 -2 -3 -4  3 -4 -4 -1  0 -5 -3  1   72   0   0   0   0   0   0   0   0   1   1   0   9   0   0   2   6   0   1   9  1.16 inf
   50 R    0  0 -2 -3 -2 -1 -2  0  0  2  0  0  0 -2 -3  0  1 -1  1  1    6   7   0   0   0   2   2   9   2  17   8   6   1   0   0   8  10   1   7  14  0.09 inf
   51 H    0  1 -1  0 -3  0  0  0  2 -2 -1  2  2 -3 -3 -1  1 -4 -1 -2   10   9   1   4   0   3   5   9   6   1   7  19  10   0   0   3  10   0   2   2  0.16 inf
   52 L   -2 -5 -6 -6 -4 -5 -5 -3 -5 -1  6 -5  2 -1 -5 -5 -3 -4 -2  2    3   0   0   0   0   0   0   2   0   1  76   0   3   1   0   0   0   0   1  12  1.17 inf
   53 Y   -2 -5 -5 -6 -1 -5 -5 -5 -3  3 -1 -5 -2  7 -6 -4 -1 -2  4  1    3   0   0   0   2   0   0   1   0  19   1   0   0  48   0   0   3   0  15   8  1.19 inf
   54 E   -3  1  2  3 -5  1  4 -4  2 -5 -5  3 -4 -5 -3 -1 -1 -5 -4 -3    0   7  10  19   0   3  31   0   5   0   0  18   0   0   0   2   4   0   0   2  0.67 inf
   55 V   -1 -3 -4 -5 -3 -4 -4 -5 -4  3  3 -4  1  2 -4 -2 -1 -3  0  3    3   1   0   0   0   0   0   0   0  23  26   0   3  10   0   3   4   0   4  24  0.51 inf
   56 F   -4 -5 -6 -6 -4 -5 -6 -6 -4 -2  4 -5  0  7 -6 -3 -4 -3  1 -2    0   0   0   0   0   0   0   0   0   0  48   0   2  46   0   2   0   0   2   0  1.39 inf
   57 W   -4 -4 -4 -5 -2 -4 -3 -5  0  1  1 -1  4  3 -5 -4 -3  1  7 -1    0   0   1   0   1   0   1   0   1   9  15   4  12   8   0   0   1   2  43   2  0.97 inf
   58 E   -1 -1  2  1 -4  0  0  1  2 -3 -3  0 -3  3 -3  1 -1 -2  4 -3    5   1  10   7   0   4   7  10   6   0   0   6   0  13   0   9   4   0  18   0  0.29 inf
   59 A    5 -4 -4 -4  4  0 -3 -3 -4 -3 -2 -3  3 -4  0  1 -1 -5 -4 -2   63   0   0   0   8   5   0   0   0   1   2   0   8   0   5   7   1   0   0   1  0.90 inf
   60 G   -1  2  1 -2 -5  0  0 -2 -3 -3 -3  5 -2 -5  3 -1 -1 -5 -4 -3    3   8   7   1   0   2   4   2   0   1   2  50   1   0  13   2   3   0   0   1  0.73 inf
   61 D   -4 -4  3  7 -5 -3 -2 -4 -3 -5 -6 -1 -5 -6 -4  0  2 -6 -5 -5    0   0  14  62   0   0   0   0   0   0   0   3   0   0   0   7  14   0   0   0  1.38 inf
   62 F   -3 -5 -5 -6 -5 -5 -5 -4 -4 -1 -1 -5 -3  6 -2 -3 -3  9  3  0    2   0   0   0   0   0   0   1   0   3   4   0   0  42   3   1   1  26   9   9  1.44 inf
   63 N   -1 -1  1  6 -5  0  3 -3  1 -5 -5  0 -4 -5 -3 -1 -1 -6 -4 -4    6   2   5  45   0   4  23   1   3   0   0   4   0   0   1   3   2   0   0   1  0.88 inf
   64 D   -3 -3 -2  4  0 -1  1 -3 -1 -2 -3 -3 -3 -4 -2  0  5 -5 -2  0    0   1   0  25   2   3   8   1   2   1   0   0   0   0   1   4  44   0   1   6  0.71 inf
   65 F   -3 -5 -6 -6 -5 -6 -6 -6 -4 -2  2 -6  0  8 -6 -5 -5 -2  2 -2    2   0   0   0   0   0   0   0   0   0  19   0   2  72   0   0   0   0   3   1  1.80 inf
   66 I   -2 -2 -4 -4 -2  1 -3 -5  0  3  2 -2  2  1 -4 -3 -2 -2  5  2    2   2   0   0   1   8   0   0   2  22  17   2   5   4   0   0   2   0  22  12  0.46 inf
   67 E    0  1  2  1 -4  1  0  0  3 -4 -3  4 -3 -4 -3  2 -2 -5 -3 -4    8   6  10   6   0   5   2   5   9   0   1  33   0   0   0  14   1   0   0   0  0.46 inf
   68 I    0 -1  2 -3 -1 -3 -3 -4 -2  0  2 -3  1 -2 -4 -1  4 -4 -3  1    7   3  13   0   1   0   0   0   1   4  21   0   3   1   0   2  30   0   0  13  0.39 inf
   69 A    6 -4 -4 -5  4 -4 -4 -2 -5 -2 -2 -4  0 -5 -1 -1 -2 -5 -4  1   69   0   0   0   7   0   0   1   0   1   2   0   2   0   3   2   1   0   0  11  1.07 inf
   70 K    2 -2 -3 -1  5 -1  0 -3  0  0 -1  0 -2 -1 -3  0  0  2 -1  2   21   1   0   2  14   1   7   0   2   3   4   5   0   2   0   8   5   3   1  20  0.26 inf
   71 E   -5 -2 -3 -2 -5  2 -2 -6 -3 -1 -4 -5 -4  2 -6 -3 -3 10  5 -2    0   2   1   2   0  11   2   0   0   3   0   0   0   8   0   2   2  44  21   3  1.84 inf
   72 A    5 -4 -4 -5  4 -4 -4 -3 -4 -1  1 -4  2  1 -4 -1 -2 -4 -3  1   53   0   0   0   8   0   0   0   0   2  14   0   5   6   0   2   2   0   0   9  0.70 inf
   73 R   -5  8 -4 -5 -7  0 -3 -5  2 -6 -5  2  0 -5 -5 -4 -4 -6  0 -6    0  76   0   0   0   3   0   0   5   0   0  12   2   0   0   0   0   0   3   0  1.83 inf
   74 T   -2 -2  1  4 -4  1  3 -3  1 -2 -1 -1  0 -1 -1 -1 -1 -4 -1  0    1   1   6  30   0   5  18   1   3   2   7   3   3   3   3   1   3   0   2   7  0.37 inf
   75 F   -2  5  1 -4 -5 -2 -3 -4  7 -1 -3  0 -1  1 -1 -3 -3 -1  2 -2    2  33   7   0   0   0   0   0  26   4   1   3   2   7   3   0   1   1   7   4  0.81 inf
   76 V   -2 -5 -5 -6 -1 -4 -5 -6 -5  4  1 -5  4 -1 -5 -4 -2 -5 -2  5    2   0   0   0   1   0   0   0   0  20  13   0  10   2   0   0   1   0   1  50  0.96 inf
   77 N   -5 -4  9 -2 -6 -3 -2 -4  2 -7 -7 -4 -6 -7 -6 -1 -4 -7 -5 -7    0   0  89   0   0   0   2   0   5   0   0   0   0   0   0   4   0   0   0   0  2.39 inf
   78 E   -2 -1 -2 -1 -6  0  6 -2 -2 -4 -5  0 -5 -6  4 -2 -3 -6 -3 -3    2   3   1   1   0   2  58   3   1   1   0   3   0   0  20   1   1   0   1   2  1.11 inf
   79 G   -2  0 -1  1 -2  0 -2  5  1 -3 -4 -3 -4 -2 -3 -1 -2 -4  2 -1    1   5   3   8   1   5   1  50   3   1   1   0   0   1   1   2   2   0   8   5  0.65 inf
   80 L   -4 -4 -5 -5 -4  1 -1 -6 -5  0  4 -4  8 -3 -5 -5 -4 -4 -2 -1    0   0   0   0   0   7   4   0   0   3  38   0  44   0   0   0   0   0   1   3  1.32 inf
   81 F   -6 -6 -6 -7 -6 -7 -7 -7 -4 -4 -3 -6 -3  9 -7 -6 -6  1  2 -4    0   0   0   0   0   0   0   0   0   0   0   0   0  94   0   0   0   1   5   0  2.69 inf
   82 A    0 -3  0 -4 -3  0 -3 -3 -3  2  2 -3  1 -2 -4 -2  0 -2 -1  4    9   0   6   0   0   5   1   1   0  11  17   0   2   1   0   1   4   1   2  41  0.42 inf
   83 F   -4 -5 -3 -6 -6 -2 -5 -6  0 -5 -4 -3 -4  2 -6 -3 -3 -1  9 -5    1   0   1   0   0   2   0   0   1   0   0   1   0   6   0   2   1   0  84   0  2.38 inf
   84 A    6 -4 -4 -4  2 -3 -3 -2 -4 -3 -4 -3 -3 -5 -4  1 -1 -5 -4  1   73   0   0   0   4   0   0   2   0   0   0   0   0   0   0  11   2   0   0   8  1.13 inf
   85 A   -1 -4 -5 -5 -1 -4 -5 -5 -4  0  4 -4  1  5 -5 -4 -2 -3  1  1    4   0   0   0   1   0   0   0   0   3  49   0   2  25   0   0   1   0   4  11  0.80 inf
   86 E   -1 -2 -1 -3  0 -2 -1 -3 -1 -4 -3 -2 -3 -3 -1  4  4 -3  4 -2    3   1   2   0   2   1   3   1   1   0   1   1   0   0   3  40  27   0  14   2  0.67 inf
   87 V    0 -4 -4 -5 -3 -2 -4 -5 -5  2  1 -3  1 -1 -1 -3  1 -4 -3  5    7   0   0   0   0   1   0   0   0   8  12   1   4   3   3   1   8   0   0  53  0.66 inf
   88 A    6 -2 -4 -5  0 -4 -4 -3 -4 -4 -3 -3 -4 -5 -4 -1 -1 -5 -5 -1   85   3   0   0   1   0   0   0   0   0   1   0   0   0   0   1   4   0   0   4  1.37 inf
   89 V   -2 -4 -5 -5  0 -4 -5 -5 -2  4  2 -4  1 -2 -5 -2 -1 -5 -3  5    1   0   0   0   2   0   0   0   1  20  17   0   2   1   0   2   3   0   0  51  0.82 inf
   90 L   -2 -1 -4 -5 -3 -1 -4 -5 -2  3  3 -3  1  2 -4 -3 -1 -3  1  2    3   4   0   0   0   3   0   0   1  22  35   0   2  10   0   0   3   0   5  11  0.47 inf
   91 H   -4 -2 -1 -4 -6  2 -3 -5 10 -6 -4 -4 -5 -2 -5 -3 -3 -5  1 -5    1   1   1   0   0  10   0   0  78   0   1   0   0   2   0   1   2   0   3   1  2.41 inf
   92 R   -3  8 -3 -4 -6 -2 -3 -5 -1 -6 -5  1 -2 -6 -5  0 -3 -6 -5 -5    1  84   0   0   0   0   0   0   1   0   0   5   1   0   0   8   1   0   0   0  1.89 inf
   93 D    0 -2 -1  3 -4  1  2 -3  0 -4 -4  1 -3 -5  5  0  0 -5 -4 -3    7   0   2  21   0   5  11   1   2   0   0   9   0   0  30   5   5   0   0   1  0.70 inf
   94 D   -5 -5  0  8 -6 -2  0 -4 -1 -4 -2 -4 -5 -4 -5 -3 -3 -7 -6 -4    0   0   3  85   0   1   2   0   1   1   6   0   0   1   0   0   1   0   0   1  1.89 inf
   95 C   -1 -4 -4 -4  7 -4 -4 -1 -4 -3  1 -4  2  1 -4 -2  5 -4 -3 -2    4   0   0   0  26   0   0   4   0   0  14   0   6   6   0   1  39   0   0   0  0.93 inf
   96 K   -2  4  1 -1 -5  4  1 -3  3 -4 -4  4 -3 -3 -3 -1 -1 -4  0 -3    2  22   5   2   0  19   6   0   7   0   0  26   0   0   0   2   4   0   4   1  0.61 inf
   97 G   -2 -3  1  1 -5 -2 -2  6  0 -5 -5 -2 -5 -3 -4 -1 -2 -4  0 -5    1   0   5  10   0   2   1  66   3   0   1   2   0   1   0   2   2   0   4   0  1.10 inf
   98 L   -3 -5 -5 -5 -3 -4 -5 -6 -4  5  3 -4  2  2 -5 -4 -3 -4  0  4    0   0   0   0   0   0   0   0   0  33  23   0   5   8   0   0   0   0   4  29  0.80 inf
   99 Y   -1  0  0 -1 -2  0 -1 -3 -1  2  0 -1  1 -2 -1 -1  2 -3  0  3    3   6   4   3   0   5   2   1   2  14   3   3   4   1   3   3  15   0   4  26  0.15 inf
  100 V   -3 -4 -5 -6 -3 -4 -5 -6 -5  2  5 -5  1  0 -5 -4 -2 -4 -3  2    1   1   0   0   0   0   0   0   0  12  66   0   1   3   0   0   1   0   0  15  0.99 inf
  101 P   -4 -6 -6 -5 -6 -5 -5 -6 -6 -6 -7 -5 -6 -7  9 -4 -2 -7 -7 -6    0   0   0   0   0   0   0   0   0   0   0   0   0   0  98   0   2   0   0   0  3.14 inf
  102 P    3  0 -2 -4 -4 -1 -3 -2 -4 -5 -5 -2 -4 -5  7  1 -1 -5 -5 -4   23   6   2   0   0   3   0   3   0   0   0   1   0   0  50   9   3   0   0   0  1.20 inf
  103 V   -1 -4 -4 -4 -3 -2 -4 -5  0  5  1 -4  1  1  3 -3 -2 -4 -2  2    5   0   0   0   0   2   0   0   3  38  15   0   2   7  18   0   0   0   0  11  0.60 inf
  104 Q   -2 -4 -4 -5 -5  2 -3 -5  3 -2 -1 -4 -3  0 -4 -1 -3  1  8 -2    3   0   0   0   0  10   1   0   5   2   5   0   0   1   1   4   1   1  65   2  1.47 inf
  105 E   -4 -3 -3  0 -7  2  7 -5 -1 -6 -6 -1 -5 -6 -4 -2 -4 -6 -5 -6    0   0   0   3   0   6  88   0   1   0   0   1   0   0   0   1   0   0   0   0  1.90 inf
  106 I   -3 -5 -1 -5 -3 -4 -5 -5 -5  6  1 -4  1 -2 -5 -3  0 -5 -3  4    0   0   3   0   0   0   0   0   0  47   7   0   2   0   0   2   4   0   0  35  0.95 inf
  107 F   -5 -5 -5 -6 -5 -5 -5 -6 -2 -3 -3 -5 -3  7 -6 -5 -4  1  8 -4    0   0   0   0   0   0   0   0   0   0   0   0   0  50   0   0   0   1  48   0  2.02 inf

                      K         Lambda
Standard Ungapped    0.1408     0.3260
Standard Gapped      0.0507     0.2670
PSI Ungapped         0.1664     0.3188
PSI Gapped           0.0507     0.2670
