
Last position-specific scoring matrix computed, weighted observed percentages rounded down, information per position, and relative weight of gapless real matches to pseudocounts
           A  R  N  D  C  Q  E  G  H  I  L  K  M  F  P  S  T  W  Y  V   A   R   N   D   C   Q   E   G   H   I   L   K   M   F   P   S   T   W   Y   V
    1 I   -1 -3 -3 -3 -1 -3 -3 -3 -3  4  1 -2  1  0 -3 -2 -1 -2 -1  2    0   0   0   0   0   0   0   0   0   0   0   0   0   0   0   0   0   0   0   0  0.00     0.00
    2 E   -1  0  0  1 -3  2  5 -2  0 -3 -3  1 -2 -3 -1  0 -1 -3 -2 -2    0   0   0   0   0   0   0   0   0   0   0   0   0   0   0   0   0   0   0   0  0.00     0.00
    3 T    0 -1  0 -1 -1 -1 -1 -1 -2 -1 -1 -1 -1 -2 -1  1  4 -2 -1  0    0   0   0   0   0   0   0   0   0   0   0   0   0   0   0   0   0   0   0   0  0.00     0.00
    4 K   -1  2  0 -1 -3  1  1 -1 -1 -2 -2  4 -1 -3 -1  0 -1 -3 -2 -2    0   0   0   0   0   0   0   0   0   0   0   0   0   0   0   0   0   0   0   0  0.00     0.00
    5 V    0 -3 -3 -3 -1 -2 -2 -3 -3  3  1 -2  1 -1 -2 -2  0 -3 -1  4    0   0   0   0   0   0   0   0   0   0   0   0   0   0   0   0   0   0   0 100  0.35 inf
    6 S    1 -1  1  0 -1  0  0  0 -1 -2 -2  0 -1 -2 -1  4  1 -3 -2 -2    0   0   0   0   0   0   0   0   0   0   0   0   0   0   0 100   0   0   0   0  0.45 inf
    7 A    4 -1 -2 -2  0 -1 -1  0 -2 -1 -1 -1 -1 -2 -1  1  0 -3 -2  0  100   0   0   0   0   0   0   0   0   0   0   0   0   0   0   0   0   0   0   0  0.40 inf
    8 A    4 -1 -2 -2  0 -1 -1  0 -2 -1 -1 -1 -1 -2 -1  1  0 -3 -2  0  100   0   0   0   0   0   0   0   0   0   0   0   0   0   0   0   0   0   0   0  0.40 inf
    9 K    0  1  0  0 -2  1  0 -1 -1 -3 -2  3 -1 -3 -1  3  1 -3 -2 -2    0   0   0   0   0   0   0   0   0   0   0  50   0   0   0  50   0   0   0   0  0.34 inf
   10 I   -1 -2 -1 -2 -1 -2 -2 -2 -2  3  0 -2  0 -1 -2  0  3 -3 -1  2    0   0   0   0   0   0   0   0   0  50   0   0   0   0   0   0  50   0   0   0  0.24 inf
   11 T    1 -1  0 -1 -1  0  0 -1 -1 -1 -2  0 -1 -2 -1  3  3 -3 -2 -1    0   0   0   0   0   0   0   0   0   0   0   0   0   0   0  50  50   0   0   0  0.39 inf
   12 E   -1 -1 -1  0 -3  1  3 -2 -1 -3 -3  0 -2 -3  6  0 -1 -3 -2 -2    0   0   0   0   0   0  50   0   0   0   0   0   0   0  50   0   0   0   0   0  1.00 inf
   13 N   -2 -1  4  5 -3  0  1 -1  0 -3 -4 -1 -3 -3 -2  0 -1 -4 -3 -3    0   0  37  63   0   0   0   0   0   0   0   0   0   0   0   0   0   0   0   0  0.71 inf
   14 Y   -2 -2 -2 -3 -2 -1 -2 -3  2 -1 -1 -2 -1  3 -3 -2 -2  2  7 -1    0   0   0   0   0   0   0   0   0   0   0   0   0   0   0   0   0   0 100   0  0.87 inf
   15 Q   -1  1  0  0 -3  5  2 -2  0 -3 -2  1  0 -3 -1  0 -1 -2 -1 -2    0   0   0   0   0 100   0   0   0   0   0   0   0   0   0   0   0   0   0   0  0.66 inf
   16 F   -1  0 -1 -1 -3  4  1 -2  0 -2 -1  0  0  3 -2 -1 -1 -1  1 -2    0   0   0   0   0  63   0   0   0   0   0   0   0  37   0   0   0   0   0   0  0.36 inf
   17 D   -2 -2  1  6 -3  0  1 -1 -1 -3 -4 -1 -3 -4 -2  0 -1 -4 -3 -3    0   0   0 100   0   0   0   0   0   0   0   0   0   0   0   0   0   0   0   0  0.94 inf
   18 S    1 -1  1  0 -1  0  0  0 -1 -2 -2  0 -2 -2 -1  4  1 -3 -2 -2    0   0   0   0   0   0   0   0   0   0   0   0   0   0   0 100   0   0   0   0  0.46 inf
   19 R   -1  6  0 -2 -3  1  0 -2  0 -3 -2  2 -1 -3 -2 -1 -1 -3 -2 -3    0 100   0   0   0   0   0   0   0   0   0   0   0   0   0   0   0   0   0   0  0.76 inf
   20 I   -1 -3 -3 -3 -1 -3 -3 -4 -3  4  2 -3  1  0 -3 -2 -1 -3 -1  3    0   0   0   0   0   0   0   0   0 100   0   0   0   0   0   0   0   0   0   0  0.40 inf
   21 R   -1  6  0 -2 -3  1  0 -2  0 -3 -2  2 -1 -3 -2 -1 -1 -3 -2 -3    0 100   0   0   0   0   0   0   0   0   0   0   0   0   0   0   0   0   0   0  0.76 inf
   22 L   -1 -2 -3 -4 -1 -2 -3 -4 -3  2  4 -2  2  0 -3 -2 -1 -2 -1  1    0   0   0   0   0   0   0   0   0   0 100   0   0   0   0   0   0   0   0   0  0.46 inf
   23 N   -2  0  6  1 -3  0  0  0  1 -3 -3  0 -2 -3 -2  1  0 -4 -2 -3    0   0 100   0   0   0   0   0   0   0   0   0   0   0   0   0   0   0   0   0  0.73 inf
   24 S    1 -1  1  0 -1  0  0  0 -1 -2 -2  0 -2 -2 -1  4  1 -3 -2 -2    0   0   0   0   0   0   0   0   0   0   0   0   0   0   0 100   0   0   0   0  0.46 inf
   25 I   -1 -3 -3 -3 -1 -3 -3 -4 -3  4  2 -3  1  0 -3 -2 -1 -3 -1  3    0   0   0   0   0   0   0   0   0 100   0   0   0   0   0   0   0   0   0   0  0.40 inf
   26 G    0 -2  0 -1 -3 -2 -2  6 -2 -4 -4 -2 -3 -3 -2  0 -2 -3 -3 -3    0   0   0   0   0   0   0 100   0   0   0   0   0   0   0   0   0   0   0   0  1.05 inf
   27 F   -2 -2 -2 -3 -2 -2 -2 -3  1 -1  0 -2 -1  5 -3 -2 -2  2  6 -1    0   0   0   0   0   0   0   0   0   0   0   0   0  37   0   0   0   0  63   0  0.72 inf
   28 I   -1 -2 -3 -3 -1 -2 -3 -4 -3  3  3 -3  2  0 -3 -2 -1 -2 -1  2    0   0   0   0   0   0   0   0   0  37  63   0   0   0   0   0   0   0   0   0  0.38 inf
   29 P   -1 -2 -2 -2 -3 -1 -1 -2 -2 -3 -3 -1 -3 -4  7 -1 -1 -4 -3 -2    0   0   0   0   0   0   0   0   0   0   0   0   0   0 100   0   0   0   0   0  2.05 inf
   30 N   -1 -1  3  1 -3  0  2  3  0 -3 -3  0 -2 -3 -2  0 -1 -3 -2 -3    0   0  37   0   0   0  31  32   0   0   0   0   0   0   0   0   0   0   0   0  0.45 inf
   31 H    3 -1 -1 -2 -1  0 -1  0  5 -2 -2 -1 -1 -2 -1  1 -1 -2  0 -1   63   0   0   0   0   0   0   0  37   0   0   0   0   0   0   0   0   0   0   0  0.34 inf
   32 S    0  0  0  1 -2  1  4 -1  0 -3 -3  0 -2 -3 -1  2  0 -3 -2 -2    0   0   0   0   0   0  63   0   0   0   0   0   0   0   0  37   0   0   0   0  0.48 inf
   33 K   -1  2  0 -1 -3  1  1 -2 -1 -3 -2  5 -1 -3 -1  0 -1 -3 -2 -2    0   0   0   0   0   0   0   0   0   0   0 100   0   0   0   0   0   0   0   0  0.52 inf
   34 K   -1  2  0 -1 -3  1  1 -2 -1 -3 -2  5 -1 -3 -1  0 -1 -3 -2 -2    0   0   0   0   0   0   0   0   0   0   0 100   0   0   0   0   0   0   0   0  0.52 inf
   35 A    4 -1 -2 -2  0 -1 -1  0 -2 -1 -1 -1 -1 -2 -1  1  0 -3 -2  0  100   0   0   0   0   0   0   0   0   0   0   0   0   0   0   0   0   0   0   0  0.41 inf
   36 T    0 -1  0 -1 -1 -1 -1 -2 -2 -1 -1 -1 -1 -2 -1  1  5 -2 -2  0    0   0   0   0   0   0   0   0   0   0   0   0   0   0   0   0 100   0   0   0  0.48 inf
   37 I   -1 -3 -3 -3 -1 -3 -3 -4 -3  4  2 -3  1  0 -3 -2 -1 -3 -1  3    0   0   0   0   0   0   0   0   0 100   0   0   0   0   0   0   0   0   0   0  0.40 inf
   38 A    4 -1 -2 -2  0 -1 -1  0 -2 -1 -1 -1 -1 -2 -1  1  0 -3 -2  0  100   0   0   0   0   0   0   0   0   0   0   0   0   0   0   0   0   0   0   0  0.41 inf
   39 A    4 -1 -2 -2  0 -1 -1  0 -2 -1 -1 -1 -1 -2 -1  1  0 -3 -2  0  100   0   0   0   0   0   0   0   0   0   0   0   0   0   0   0   0   0   0   0  0.41 inf
   40 N    0 -1  4  0 -1  0  0  0  0 -3 -3  0 -2 -3 -1  3  1 -3 -2 -2    0   0  37   0   0   0   0   0   0   0   0   0   0   0   0  63   0   0   0   0  0.43 inf
   41 C    2 -2 -1 -2  6 -1 -1 -1 -2 -2 -2 -1 -1 -2 -1  2  0 -3 -2 -1   32   0   0   0  37   0   0   0   0   0   0   0   0   0   0  31   0   0   0   0  0.43 inf
   42 S    1 -1  1  0 -1  0  0  0 -1 -2 -2  0 -2 -2 -1  4  1 -3 -2 -2    0   0   0   0   0   0   0   0   0   0   0   0   0   0   0 100   0   0   0   0  0.46 inf
   43 T   -1 -1  0  3 -2  0  3 -2 -1 -2 -2  0 -2 -3 -1  0  2 -3 -2 -1    0   0   0  32   0   0  31   0   0   0   0   0   0   0   0   0  37   0   0   0  0.41 inf
   44 F   -2 -3 -3 -4 -2 -3 -3 -3 -1  0  0 -3  0  6 -4 -2 -2  1  3 -1    0   0   0   0   0   0   0   0   0   0   0   0   0 100   0   0   0   0   0   0  0.75 inf
   45 Y   -1 -2 -3 -3 -2 -2 -3 -3  0  3  1 -2  0  1 -3 -2 -1  0  4  2    0   0   0   0   0   0   0   0   0  63   0   0   0   0   0   0   0   0  37   0  0.33 inf
   46 V   -1 -2 -3 -3 -1 -2 -3 -3 -3  2  2 -2  1  0 -3 -2  0 -2 -1  3    0   0   0   0   0   0   0   0   0   0  32   0   0   0   0   0   0   0   0  68  0.31 inf
   47 V    0 -3 -3 -3 -1 -2 -2 -3 -3  3  1 -2  1 -1 -2 -2  0 -3 -1  4    0   0   0   0   0   0   0   0   0   0   0   0   0   0   0   0   0   0   0 100  0.35 inf
   48 K   -1  1  5  1 -3  1  0 -1  0 -3 -3  3 -2 -3 -2  0  0 -3 -2 -3    0   0  63   0   0   0   0   0   0   0   0  37   0   0   0   0   0   0   0   0  0.49 inf
   49 E    1 -1  0  1 -2  1  3 -1 -1 -3 -3  0 -2 -3 -1  3  1 -3 -2 -2    0   0   0   0   0   0  37   0   0   0   0   0   0   0   0  63   0   0   0   0  0.40 inf
   50 D    0 -1  1  3 -2  0  1 -1 -1 -3 -3  0 -2 -3 -1  3  1 -3 -2 -2    0   0   0  37   0   0   0   0   0   0   0   0   0   0   0  63   0   0   0   0  0.44 inf
   51 G    0 -2  0 -1 -3 -2 -2  6 -2 -4 -4 -2 -3 -3 -2  0 -2 -3 -3 -3    0   0   0   0   0   0   0 100   0   0   0   0   0   0   0   0   0   0   0   0  1.05 inf
   52 T    0 -1  0 -1 -1 -1 -1 -2 -2 -1 -1 -1 -1 -2 -1  1  5 -2 -2  0    0   0   0   0   0   0   0   0   0   0   0   0   0   0   0   0 100   0   0   0  0.48 inf
   53 I    3 -2 -2 -2 -1 -1 -2 -1 -2  2  0 -1  0 -1 -1  0  0 -3 -2  1   63   0   0   0   0   0   0   0   0  37   0   0   0   0   0   0   0   0   0   0  0.21 inf
   54 V    0 -3 -3 -3 -1 -2 -2 -3 -3  3  1 -2  1 -1 -2 -2  0 -3 -1  4    0   0   0   0   0   0   0   0   0   0   0   0   0   0   0   0   0   0   0 100  0.35 inf
   55 Y   -2 -2 -3 -3 -2 -2 -3 -3  0  1  3 -2  1  2 -3 -2 -1  0  4  0    0   0   0   0   0   0   0   0   0   0  63   0   0   0   0   0   0   0  37   0  0.38 inf
   56 T    0 -1  0 -1 -1 -1 -1 -2 -2 -1 -1 -1 -1 -2 -1  1  5 -2 -2  0    0   0   0   0   0   0   0   0   0   0   0   0   0   0   0   0 100   0   0   0  0.48 inf
   57 G    0 -2  0 -1 -2 -1 -1  5 -2 -3 -3 -1 -2 -3 -2  2  0 -3 -3 -3    0   0   0   0   0   0   0  69   0   0   0   0   0   0   0  31   0   0   0   0  0.67 inf
   58 T   -1  3  0 -1 -2  1  0 -2 -1 -2 -2  3 -1 -3 -1  0  2 -3 -2 -1    0  31   0   0   0   0   0   0   0   0   0  32   0   0   0   0  37   0   0   0  0.35 inf
   59 A    2 -1 -1 -1 -1 -1 -1 -1 -2 -1 -1 -1 -1 -2 -1  1  4 -2 -2  0   37   0   0   0   0   0   0   0   0   0   0   0   0   0   0   0  63   0   0   0  0.33 inf
   60 T    0 -1  0 -1 -1 -1 -1 -2 -2 -1 -1 -1 -1 -2 -1  1  5 -2 -2  0    0   0   0   0   0   0   0   0   0   0   0   0   0   0   0   0 100   0   0   0  0.48 inf
   61 S    1 -1  1  0 -1  0  0  0 -1 -2 -2  0 -2 -2 -1  4  1 -3 -2 -2    0   0   0   0   0   0   0   0   0   0   0   0   0   0   0 100   0   0   0   0  0.46 inf
   62 M    2 -1 -1 -2 -1 -1 -1 -1 -2  0  0 -1  3 -1 -1  1  2 -2 -1  0   31   0   0   0   0   0   0   0   0   0   0   0  37   0   0   0  32   0   0   0  0.18 inf
   63 F   -2 -2  3 -1 -2 -1 -2 -2  0 -1 -1 -2 -1  4 -3 -1 -1  1  4 -1    0   0  32   0   0   0   0   0   0   0   0   0   0  37   0   0   0   0  31   0  0.40 inf
   64 D   -2 -1  5  4 -3  0  1 -1  0 -3 -3  0 -2 -3 -2  0  0 -4 -2 -3    0   0  63  37   0   0   0   0   0   0   0   0   0   0   0   0   0   0   0   0  0.65 inf
   65 N    0 -1  3  0 -1  0  0 -1  0 -2 -2  0 -1 -3 -1  2  3 -3 -2 -1    0   0  37   0   0   0   0   0   0   0   0   0   0   0   0  32  31   0   0   0  0.37 inf
   66 D   -2 -2  1  6 -3  0  1 -1 -1 -3 -4 -1 -3 -4 -2  0 -1 -4 -3 -3    0   0   0 100   0   0   0   0   0   0   0   0   0   0   0   0   0   0   0   0  0.94 inf
   67 T    0 -1  0 -1 -1 -1 -1 -2 -2 -1 -1 -1 -1 -2 -1  1  5 -2 -2  0    0   0   0   0   0   0   0   0   0   0   0   0   0   0   0   0 100   0   0   0  0.48 inf
   68 K    0  1  3  0 -2  1  0 -1  0 -3 -3  2 -2 -3 -1  2  0 -3 -2 -2    0   0  32   0   0   0   0   0   0   0   0  37   0   0   0  31   0   0   0   0  0.35 inf
   69 E   -1  0  0  1 -4  2  5 -2  0 -3 -3  1 -2 -3 -1  0 -1 -3 -2 -2    0   0   0   0   0   0 100   0   0   0   0   0   0   0   0   0   0   0   0   0  0.74 inf
   70 T   -1  0  0 -1 -2  4  1 -2  0 -2 -2  1 -1 -3 -1  1  2 -2 -2 -1    0   0   0   0   0  63   0   0   0   0   0   0   0   0   0   0  37   0   0   0  0.42 inf
   71 V    0 -3 -3 -3 -1 -2 -2 -3 -3  3  1 -2  1 -1 -2 -2  0 -3 -1  4    0   0   0   0   0   0   0   0   0   0   0   0   0   0   0   0   0   0   0 100  0.35 inf
   72 Y    0 -1  3  0 -2  0 -1 -1  1 -2 -2 -1 -1  1 -2  2  0  0  4 -2    0   0  31   0   0   0   0   0   0   0   0   0   0   0   0  32   0   0  37   0  0.33 inf
   73 I   -1 -3 -3 -3 -1 -3 -3 -4 -3  4  2 -3  1  0 -3 -2 -1 -3 -1  3    0   0   0   0   0   0   0   0   0 100   0   0   0   0   0   0   0   0   0   0  0.40 inf
   74 A    4 -1 -2 -2  0 -1 -1  0 -2 -1 -1 -1 -1 -2 -1  1  0 -3 -2  0  100   0   0   0   0   0   0   0   0   0   0   0   0   0   0   0   0   0   0   0  0.41 inf
   75 D   -2 -2  1  6 -3  0  1 -1 -1 -3 -4 -1 -3 -4 -2  0 -1 -4 -3 -3    0   0   0 100   0   0   0   0   0   0   0   0   0   0   0   0   0   0   0   0  0.94 inf
   76 F   -2 -3 -3 -4 -2 -3 -3 -3 -1  0  0 -3  0  6 -4 -2 -2  1  3 -1    0   0   0   0   0   0   0   0   0   0   0   0   0 100   0   0   0   0   0   0  0.75 inf
   77 S    1 -1  1  0 -1  0  0  0 -1 -2 -2  0 -2 -2 -1  4  1 -3 -2 -2    0   0   0   0   0   0   0   0   0   0   0   0   0   0   0 100   0   0   0   0  0.46 inf
   78 S    1 -1  1  0 -1  0  0  0 -1 -2 -2  0 -2 -2 -1  4  1 -3 -2 -2    0   0   0   0   0   0   0   0   0   0   0   0   0   0   0 100   0   0   0   0  0.46 inf
   79 V   -1 -3 -3 -3 -1 -2 -3 -3 -3  3  1 -2  1 -1 -2 -2  0 -3 -1  3    0   0   0   0   0   0   0   0   0  32   0   0   0   0   0   0   0   0   0  68  0.34 inf
   80 N   -1  1  3  0 -3  1  0 -1  0 -3 -3  4 -2 -3 -1  0  0 -3 -2 -2    0   0  37   0   0   0   0   0   0   0   0  63   0   0   0   0   0   0   0   0  0.43 inf
   81 E    0 -1  0  0 -2  1  3 -2 -1 -1 -2  0 -1 -2 -1  1  4 -3 -2 -1    0   0   0   0   0   0  37   0   0   0   0   0   0   0   0   0  63   0   0   0  0.38 inf
   82 E   -1  0  3  1 -3  1  4 -1  0 -3 -3  0 -2 -3 -1  0 -1 -3 -2 -3    0   0  32   0   0   0  68   0   0   0   0   0   0   0   0   0   0   0   0   0  0.57 inf
   83 G    0 -2  0 -1 -3 -2 -2  6 -2 -4 -4 -2 -3 -3 -2  0 -2 -3 -3 -3    0   0   0   0   0   0   0 100   0   0   0   0   0   0   0   0   0   0   0   0  1.05 inf
   84 T    0 -1  0 -1 -1 -1 -1 -1 -1 -1 -2 -1 -1 -2 -1  2  4 -3 -2  0    0   0   0   0   0   0   0   0   0   0   0   0   0   0   0  31  69   0   0   0  0.40 inf
   85 Y   -2 -2 -2 -3 -2 -1 -2 -3  2 -1 -1 -2 -1  3 -3 -2 -2  2  7 -1    0   0   0   0   0   0   0   0   0   0   0   0   0   0   0   0   0   0 100   0  0.87 inf
   86 Y   -1 -1 -1 -2 -1 -1 -1 -2  0 -1 -1 -1 -1  1 -2  1  3  0  4  0    0   0   0   0   0   0   0   0   0   0   0   0   0   0   0   0  63   0  37   0  0.36 inf
   87 L   -1 -2 -3 -4 -1 -2 -3 -4 -3  2  4 -2  2  0 -3 -2 -1 -2 -1  1    0   0   0   0   0   0   0   0   0   0 100   0   0   0   0   0   0   0   0   0  0.46 inf
   88 A    2 -2 -3 -3 -1 -2 -2 -2 -2  1  3 -2  1  0 -2 -1 -1 -2 -1  0   37   0   0   0   0   0   0   0   0   0  63   0   0   0   0   0   0   0   0   0  0.23 inf
   89 V    0 -3 -3 -3 -1 -2 -2 -3 -3  3  1 -2  1 -1 -2 -2  0 -3 -1  4    0   0   0   0   0   0   0   0   0   0   0   0   0   0   0   0   0   0   0 100  0.35 inf
   90 P   -1 -2 -2 -2 -3 -1 -1 -2 -2 -3 -3 -1 -3 -4  7 -1 -1 -4 -3 -2    0   0   0   0   0   0   0   0   0   0   0   0   0   0 100   0   0   0   0   0  2.05 inf
   91 G    0 -2  0 -1 -3 -2 -2  6 -2 -4 -4 -2 -3 -3 -2  0 -2 -3 -3 -3    0   0   0   0   0   0   0 100   0   0   0   0   0   0   0   0   0   0   0   0  1.05 inf
   92 V   -1 -3 -3 -3 -1 -3 -3 -4 -3  4  1 -3  1  0 -3 -2  0 -3 -1  3    0   0   0   0   0   0   0   0   0  63   0   0   0   0   0   0   0   0   0  37  0.36 inf
   93 G    0 -2  0 -1 -3 -2 -2  6 -2 -4 -4 -2 -3 -3 -2  0 -2 -3 -3 -3    0   0   0   0   0   0   0 100   0   0   0   0   0   0   0   0   0   0   0   0  1.05 inf
   94 K   -1  2  0 -1 -3  1  1 -2 -1 -3 -2  5 -1 -3 -1  0 -1 -3 -2 -2    0   0   0   0   0   0   0   0   0   0   0 100   0   0   0   0   0   0   0   0  0.52 inf
   95 S    1 -1  1  0 -1  0  0  0 -1 -2 -2  0 -2 -2 -1  4  1 -3 -2 -2    0   0   0   0   0   0   0   0   0   0   0   0   0   0   0 100   0   0   0   0  0.46 inf
   96 V    0 -3 -3 -3 -1 -2 -2 -3 -3  3  1 -2  1 -1 -2 -2  0 -3 -1  4    0   0   0   0   0   0   0   0   0   0   0   0   0   0   0   0   0   0   0 100  0.35 inf
   97 N   -1 -1  3  0 -1  0 -1 -1 -1 -1 -2  0 -1 -2 -1  1  4 -3 -2 -1    0   0  37   0   0   0   0   0   0   0   0   0   0   0   0   0  63   0   0   0  0.40 inf
   98 F   -2 -3 -3 -4 -2 -3 -3 -3 -1  0  0 -3  0  6 -4 -2 -2  1  3 -1    0   0   0   0   0   0   0   0   0   0   0   0   0 100   0   0   0   0   0   0  0.75 inf
   99 K   -1  2  0 -1 -3  1  1 -2 -1 -3 -2  5 -1 -3 -1  0 -1 -3 -2 -2    0   0   0   0   0   0   0   0   0   0   0 100   0   0   0   0   0   0   0   0  0.52 inf
  100 I   -1 -3 -3 -3 -1 -3 -3 -4 -3  4  2 -3  1  0 -3 -2 -1 -3 -1  3    0   0   0   0   0   0   0   0   0 100   0   0   0   0   0   0   0   0   0   0  0.40 inf
  101 A    4 -1 -1 -2  0 -1 -1  0 -1 -1 -1 -1 -1 -2 -1  1  0 -2 -2  0    0   0   0   0   0   0   0   0   0   0   0   0   0   0   0   0   0   0   0   0  0.00     0.00
  102 M   -1 -1 -2 -3 -1  0 -2 -2 -1  1  2 -1  5  0 -2 -1 -1 -1 -1  1    0   0   0   0   0   0   0   0   0   0   0   0   0   0   0   0   0   0   0   0  0.00     0.00

                      K         Lambda
Standard Ungapped    0.1294     0.3149
Standard Gapped      0.0410     0.2670
PSI Ungapped         0.1294     0.3149
PSI Gapped           0.0410     0.2670
