
Last position-specific scoring matrix computed, weighted observed percentages rounded down, information per position, and relative weight of gapless real matches to pseudocounts
           A  R  N  D  C  Q  E  G  H  I  L  K  M  F  P  S  T  W  Y  V   A   R   N   D   C   Q   E   G   H   I   L   K   M   F   P   S   T   W   Y   V
    1 V   -2 -4 -5 -5 -2 -4 -4 -5 -5  2 -1 -4 -1 -2 -4 -3 -2 -5 -3  6    0   0   0   0   0   0   0   0   0   8   0   0   0   0   0   0   0   0   0  92  1.14 inf
    2 N   -1 -2  3 -1 -1 -1 -2 -2 -2 -3 -3  0 -2 -4 -2  3  5 -4 -3 -2    0   0  19   2   1   0   0   0   0   0   0   5   0   0   0  21  52   0   0   0  0.67 inf
    3 P   -2 -4 -4 -3 -5 -3 -3 -4 -4 -5 -5 -3 -4 -6  9 -2 -3 -6 -5 -4    1   0   0   0   0   0   0   0   0   0   0   0   0   0  97   1   0   0   0   0  2.65 inf
    4 S   -1 -2  3 -1  1 -2 -2  1 -2 -4 -4 -2 -3 -4 -3  5  0 -4 -3 -3    0   0  16   0   3   0   0  10   0   0   0   0   0   0   0  71   0   0   0   0  0.81 inf
    5 D   -3 -3  0  7 -5  0  2 -3 -3 -5 -4 -2 -4 -5 -3 -2 -3 -6 -5 -5    0   0   0  84   0   4   9   0   0   0   2   0   0   0   0   0   0   0   0   0  1.47 inf
    6 S    0 -2 -1 -2 -2 -2 -2 -2 -3 -1 -3 -2 -3  0 -2  6  0 -4 -3 -3    5   0   0   0   0   0   0   0   0   5   0   0   0   4   0  84   2   0   0   0  0.91 inf
    7 V   -2 -4 -5 -5 -3 -4 -4 -5 -4  2  5 -4  1 -1 -4 -4 -2 -3 -2  3    0   0   0   0   0   0   0   0   0   6  63   0   2   0   0   0   0   0   0  29  0.80 inf
    8 A    6 -3 -3 -4 -2 -3 -3 -2 -4 -3 -3 -3 -3 -4  0  0 -2 -5 -4 -1   92   0   0   0   0   0   0   0   0   0   0   0   0   0   3   2   0   0   0   3  1.16 inf
    9 V   -2 -4 -5 -5 -2 -4 -4 -5 -5  5  2 -4  1 -1 -4 -3 -2 -4 -3  4    0   0   0   0   0   0   0   0   0  43  15   0   2   1   0   0   0   0   0  39  0.79 inf
   10 I   -3 -4 -5 -5 -3 -4 -5 -5 -5  5  4 -4  2 -1 -4 -4 -2 -4 -3  1    0   0   0   0   0   0   0   0   0  51  44   0   6   0   0   0   0   0   0   0  0.90 inf
   11 A    5 -3 -3 -3  1 -2 -2 -1 -3 -2 -1 -2 -2  0 -2  1  1 -4 -3 -1   67   0   0   0   3   0   0   1   0   0   5   0   0   5   0   7   9   0   0   3  0.60 inf
   12 A    4 -2 -1  2 -3 -1  1 -2  3 -3 -3 -2 -3 -2 -2  0 -1 -3  2 -2   50   0   1  14   0   0   8   0  11   0   1   0   0   0   0   4   2   0   9   0  0.48 inf
   13 N   -3 -2  6 -1 -5 -1 -2 -2  5 -5 -4 -1 -3 -2 -4 -2 -2  0  4 -4    0   1  56   0   0   2   0   1  18   0   0   2   0   0   0   0   0   1  19   0  1.13 inf
   14 I    4 -3 -3 -4  0 -2 -3 -2  0  0  2 -3 -1 -2 -3 -1 -1  2  1 -1   59   0   0   0   2   0   0   1   2   4  21   0   0   0   0   1   1   3   6   1  0.49 inf
   15 F   -1  0  2  1 -3  1  2 -2  3 -1 -3  1 -2 -1 -2  1  1 -3 -1 -1    4   4  11  10   0   7  13   1  13   4   0   8   0   3   1   8  10   0   0   3  0.21 inf
   16 S    1  0 -2 -2  5 -2 -1 -2  2 -1  2 -1 -1 -1 -2  0  0 -3 -1 -1   14   5   0   2  17   0   4   1   6   0  28   2   0   1   0   9   4   0   2   2  0.20 inf
   17 I    1 -3 -4 -4 -1 -3 -3 -4 -4  5  0 -1  0 -2 -3 -2 -2 -4 -2  3   13   0   0   0   1   0   0   0   0  58   1   5   0   0   0   0   0   0   0  17  0.59 inf
   18 P   -2 -3 -3 -3 -4 -2 -2 -3 -3 -1 -3  0 -3 -4  8 -2 -2 -4 -4 -3    1   1   0   1   0   0   1   1   0   4   2   7   0   0  77   1   1   0   0   1  1.83 inf
   19 Y    0 -2 -2 -3 -1 -1 -1  3  1 -3 -2 -2 -2  2 -1 -2 -2  1  6 -2    8   1   0   1   1   2   5  23   2   1   1   1   0   6   3   1   1   1  40   1  0.55 inf
   20 F   -3 -3 -4 -4 -4 -3 -4 -4 -1 -2 -1 -4  0  7 -4 -3 -3  4  6 -2    1   0   0   0   0   0   0   1   0   0   3   0   3  50   0   1   0   5  33   0  1.22 inf
   21 Q    1  3  0 -2 -1  2  0 -2 -1 -2 -2  3 -1 -1 -2  1 -1 -3 -2 -2   11  16   3   0   1  10   1   1   0   1   1  32   1   4   0  12   1   0   0   3  0.30 inf
   22 Q   -1  1  1  1 -3  2  1  1  0 -3 -3  4 -2 -3 -2  0  0 -3 -2 -2    1   5   7   7   0  14   4  10   3   1   1  36   0   1   1   3   4   0   0   3  0.31 inf
   23 T    0  1  2  0  2  1  0  1  1 -2 -2  0  0 -2 -1  1  1 -2 -2 -2    6   8  14   3   6   8   2  12   4   1   3   6   4   1   1  12   8   0   1   1  0.13 inf
   24 G   -1 -3 -2 -2 -4 -3 -3  7 -3 -4 -4 -1 -4 -4 -1 -2 -3 -3 -4 -4    1   1   0   1   0   0   1  86   0   1   1   3   0   0   3   1   1   0   0   1  1.39 inf
   25 V   -1 -3 -3 -4 -2 -3 -3 -4 -3  3  3 -1  1  0  0 -3 -1 -3 -2  3    1   0   0   0   0   0   0   1   0  23  39   4   2   1   4   1   0   0   0  22  0.40 inf
   26 R    1  2 -1 -2 -2  1 -1 -2  1 -1 -1  3 -1 -1 -1  0  0 -2  1 -1   14  11   1   1   0   5   0   1   5   4   3  29   0   2   1   6   6   0   7   5  0.18 inf
   27 G    0 -3 -1 -2 -3 -2 -3  6 -3 -4 -4 -2 -3 -4 -3 -1 -2 -3 -4 -4    3   0   0   0   0   0   0  91   0   0   1   0   0   0   0   0   0   0   0   0  1.28 inf
   28 F   -1 -3 -4 -4 -2 -3 -3 -4 -3  3  2 -3  0  2 -3 -3 -1 -2  0  4    2   0   0   0   0   0   0   0   0  12  19   0   0  13   0   0   0   0   2  51  0.43 inf
   29 A    5 -3 -2 -3  2 -2 -2  1 -3 -2 -2 -2 -2 -3 -2  1 -1 -4 -3  0   74   0   0   0   5   0   0   6   0   0   0   0   0   0   0   6   0   0   0   8  0.57 inf
   30 R   -3  7 -2 -3 -5  0 -1 -4 -2 -5 -4  1 -3 -4 -4 -2 -2 -4 -3 -4    0 100   0   0   0   0   0   0   0   0   0   0   0   0   0   0   0   0   0   0  1.53 inf
   31 S    0 -2 -1 -1 -2 -1 -1 -2 -2 -3 -3 -1 -3 -4 -2  6  2 -4 -3 -3    0   0   0   0   0   0   0   0   0   0   0   0   0   0   0  86  14   0   0   0  0.88 inf
   32 M   -2 -3 -4 -5 -3 -2 -4 -4 -3  1  1 -3  8  1 -4 -3 -2 -3 -2  2    0   0   0   0   0   0   0   0   0   3   3   0  72   4   0   0   0   0   0  18  1.08 inf
   33 P    1 -3 -3 -3 -4 -3 -3 -3 -4 -1 -4 -2 -3 -5  8 -2 -2 -5 -4 -3   17   0   0   0   0   0   0   0   0   5   0   0   0   0  78   0   0   0   0   0  1.82 inf
   34 T   -1 -3 -1 -2 -2 -2 -2 -3 -3 -1 -2 -2 -2 -4 -3  1  7 -4 -3 -1    0   0   0   0   0   0   0   0   0   4   0   0   0   0   0   4  92   0   0   0  1.13 inf
   35 S    1 -2 -1 -2 -2 -1 -1  0 -2 -3 -4 -1 -3 -4 -2  6  2 -4 -3 -3    4   0   0   0   0   0   0   5   0   0   0   0   0   0   0  81   9   0   0   0  0.83 inf
   36 G    2  0 -1 -2  1  0 -1  2  5 -3 -3 -1 -1 -3 -1  1  0 -3 -1 -2   24   6   1   0   4   5   1  18  23   0   0   1   1   0   2   9   6   0   0   0  0.31 inf
   37 A    5 -2 -3 -3 -2 -1 -2 -1 -3 -2  1 -2 -1 -1 -2  0 -1 -3 -2 -1   72   0   0   0   0   2   0   2   0   0  16   0   0   3   0   3   2   0   0   0  0.52 inf
   38 L    0 -3 -4 -4 -2 -3 -3 -4 -4  3  3 -3  1 -1 -2 -2 -1 -3 -2  3   10   0   0   0   0   0   0   0   0  17  37   0   2   0   2   2   0   0   0  30  0.38 inf
   39 D   -3 -3  2  7 -5 -1  1 -3 -2 -5 -5 -2 -4 -5 -3 -1 -2 -6 -4 -5    0   0   7  90   0   0   4   0   0   0   0   0   0   0   0   0   0   0   0   0  1.50 inf
   40 R    0  1  1 -2 -2  1 -1 -2  3  1  0  1 -1  1 -3  0 -1 -3 -1  0    9   9   9   0   0   9   0   0   9   9   9   9   0   9   0   9   0   0   0   9  0.09 inf
   41 V   -1 -2 -3 -3 -1 -2 -3 -3 -3  3  2 -2  4  0 -3 -2 -1 -2 -1  3    0   0   0   0   0   0   0   0   0  33   0   0  33   0   0   0   0   0   0  33  0.30 inf
   42 A    6 -4 -4 -4  3 -3 -3  1 -4 -4 -4 -3 -4 -5 -3  0  0 -5 -4 -3   76   0   0   0   6   0   0   8   0   0   0   0   0   0   0   3   6   0   0   0  1.17 inf
   43 N    1  1 -1  0 -4  1  2 -1  1 -4 -4  4 -3 -4 -3  1  0 -4 -3 -3   12   6   2   3   0   4  15   4   3   0   0  35   0   0   0  10   6   0   0   1  0.43 inf
   44 A    2  1 -1 -1 -3  0  0 -1  2  0 -2  3  0  0 -1  0 -1 -3 -1 -1   26   7   1   3   0   1   4   2   5   8   2  23   3   4   1   4   2   0   2   1  0.18 inf
   45 T   -2  1 -1 -2 -3  0 -1 -4  3 -1  3  0  1  0  1 -2  1 -3  0 -2    0   9   2   2   0   3   4   0  10   0  36   7   4   4   7   0  10   0   3   0  0.25 inf
   46 K   -1  1  2 -1 -4 -2 -3  6  0 -5 -5  1 -4 -4 -3 -1 -3 -4 -4 -4    3   7  10   3   0   0   0  57   2   0   1  11   0   0   0   2   0   0   0   0  0.89 inf
   47 I   -2  1 -2 -3 -3  1 -2 -3 -2  1  0  1  2  2  1 -2 -2  5  2  0    1   9   0   0   0   9   1   1   0   9   9   9   9   9   9   1   0   8   9   9  0.21 inf
   48 A    0  0  1  1 -3  2  2  1 -1 -3 -2  1 -2 -3  2  0  0 -3 -2 -2    8   4   7   7   0  12  16   9   0   0   5   8   0   0   9   6   5   0   0   1  0.23 inf
   49 L   -1 -3 -3 -4  5 -3 -3 -3 -2  1  2 -3  2  0 -3 -2 -1 -2 -1  3    2   0   0   0  20   0   1   0   1   4  27   0   8   4   0   2   0   0   1  29  0.35 inf
   50 Y   -2 -2 -3 -4 -2 -2 -3 -4  1  0  2 -3  0  3 -3 -2 -2  0  5  2    0   2   0   0   0   0   0   0   4   2  20   0   0  17   0   0   0   0  34  20  0.45 inf
   51 E   -2  2 -1  1 -1  1  5 -3 -1 -2  0  0 -2 -3 -2 -1 -2 -3 -3 -2    0  19   0   3   2   1  61   0   0   0  13   0   0   0   0   0   0   0   0   1  0.54 inf
   52 T   -1  1  1  2 -2 -1 -1 -2 -2 -1 -2 -1 -1 -3 -2  0  4 -4 -2  1    0  13   6  13   0   0   0   0   0   0   0   0   0   0   0   0  49   0   0  19  0.33 inf
   53 P   -2 -3 -3 -3 -4 -2 -2 -3 -3 -3 -3 -1 -3  2  8 -2 -2 -4 -2 -3    0   0   0   0   0   0   0   0   0   0   0   4   0  13  83   0   0   0   0   0  1.85 inf
   54 T    0  2 -1 -2 -2 -1 -1 -3  4  0 -1 -1 -1 -2 -2  0  4 -3 -1  2    3  13   0   0   0   0   0   0  19   0   0   0   0   0   0   0  40   0   0  25  0.32 inf
   55 G   -1  2 -1 -2 -4  2 -1  5 -2 -4 -4 -1 -3 -4 -3 -1 -2 -3 -3 -4    0  19   0   0   0  13   0  68   0   0   0   0   0   0   0   0   0   0   0   0  0.84 inf
   56 W    0 -4 -4 -5 -3 -3 -4 -3 -3 -2 -1 -4 -2  5 -4 -3 -3 10  1  0   14   0   0   0   0   0   0   0   0   0   3   0   0  29   0   0   0  46   0   8  1.35 inf
   57 K   -2  2 -1 -1 -4  0  2  1 -2 -4 -4  5 -3 -4 -2 -1 -2 -4 -3 -3    0   4   0   0   0   0  11  14   0   0   0  71   0   0   0   0   0   0   0   0  0.71 inf
   58 F   -2 -3 -3 -4 -3 -3 -3 -4 -1  0 -1 -3 -1  6 -4  0 -2  0  5 -1    0   0   0   0   0   0   0   0   0   8   0   0   0  48   0  14   0   0  30   0  0.79 inf
   59 F   -2 -3 -3 -4 -2 -3 -3 -4 -3  2  1 -3  0  6 -4  0 -2 -1  1  1    0   0   0   0   0   0   0   0   0  17  13   0   0  49   0  14   0   0   0   8  0.50 inf
   60 G    0 -3  0 -2  4 -2 -3  5 -3 -4 -4 -2 -3 -3 -3  1 -1  4 -3 -3    4   0   3   0  11   0   0  55   0   0   0   0   0   0   0  17   2   8   0   0  0.72 inf
   61 N    1 -1  5  1 -3  1  2 -1 -1 -3 -3 -1 -2 -4 -2  0  0 -4 -3 -3   20   0  44   2   0   5  20   1   0   0   0   0   0   0   0   2   6   0   0   0  0.49 inf
   62 L   -2 -3 -3 -3  2 -2  0 -4 -3  0  4 -3  2 -1 -3 -2  1 -3 -2  1    0   0   0   0   6   0   9   0   0   0  62   0   4   0   0   0  10   0   0   8  0.47 inf
   63 M   -2 -3 -4 -5  4 -3 -4 -4 -3  2  3 -3  6  2 -4 -3 -2 -2 -1  0    0   0   0   0  10   0   0   0   0  13  31   0  35  12   0   0   0   0   0   0  0.66 inf
   64 D    0  1  0  5 -3 -1  0 -1 -2 -3 -3 -1  2 -3 -2  2 -1 -4 -3 -2   10   9   3  40   0   0   4   3   0   0   0   0   8   0   0  20   0   0   0   3  0.43 inf
   65 A    2  1  0  0  0  2  1 -2 -1 -3 -3  1 -2 -3 -2  2  2 -3 -2 -2   27   7   4   3   3  10   8   0   0   0   0   9   0   0   0  13  15   0   0   0  0.26 inf
   66 S   -1 -1  0  1 -4 -1  1  4 -1 -4 -4  1 -3 -4  3 -1 -2 -4 -3 -4    0   1   5   9   0   1  12  41   1   0   0  10   0   0  19   1   0   0   0   0  0.60 inf
   67 K   -1  2  0  1 -3  1  0 -1 -2 -1 -1  3  1 -2 -1 -1 -1 -3 -2  1    1  12   4   9   0   7   2   3   0   0   4  29   5   1   1   0   1   0   1  20  0.18 inf
   68 L    1  2 -3 -3  2 -2 -2 -3 -2  2  1 -1  2 -1 -3 -2 -1 -3  0  2   14  19   0   0   6   0   0   0   0  18  15   0   6   0   0   0   0   0   5  17  0.19 inf
   69 S    0 -2 -1 -2  0 -2 -2 -2 -2  1 -1 -2 -1  0 -2  3  3 -3 -1  1    2   1   2   1   1   0   0   0   1  12   4   0   0   5   0  41  22   0   1   8  0.29 inf
   70 L   -2 -3 -4 -4 -2 -3 -4 -4 -4  4  3 -3  0  0  3 -3 -2 -3 -2  1    0   0   0   0   0   0   0   0   0  36  38   0   0   3  19   0   0   0   0   4  0.59 inf
   71 C   -1 -5 -4 -5 10 -4 -5  2 -4 -3 -3 -4 -3 -4 -4 -2 -3 -4 -4 -3    4   0   0   0  76   0   0  21   0   0   0   0   0   0   0   0   0   0   0   0  1.90 inf
   72 G    2 -2 -1 -2 -2 -2 -2  5 -2 -3 -3 -1 -2 -3 -2  0 -1 -3 -3 -2   35   0   0   0   0   0   0  65   0   0   0   0   0   0   0   0   0   0   0   0  0.70 inf
   73 E    2 -1 -1  1 -3  1  5 -2 -1 -3 -3  0 -2 -3 -1  0 -1 -3 -2 -2   29   0   0   0   0   0  71   0   0   0   0   0   0   0   0   0   0   0   0   0  0.54 inf
   74 E   -1  3 -1  0 -4  1  4 -3  0 -3 -3  1 -2 -2 -2 -1 -1 -2  2 -3    0  29   0   0   0   0  61   0   0   0   0   0   0   0   0   0   0   0  11   0  0.52 inf
   75 S    0  3  0 -1 -2  0  0  1 -1 -3 -3  0 -2 -3 -2  3  0 -3 -2 -2    0  29   0   0   0   0   0  11   0   0   0   0   0   0   0  61   0   0   0   0  0.38 inf
   76 F    2 -2 -1 -2 -2 -2 -2  1 -1 -1 -1 -2 -1  4 -2  0 -1 -1  2 -1   38   0   3   0   0   0   0  11   0   0   0   0   0  42   0   3   0   0   4   0  0.26 inf
   77 G    0 -2  0 -1 -2 -1 -2  5 -2 -4 -4 -1 -3 -3 -2  2 -1 -3 -3 -3    0   0   0   0   0   0   0  71   0   0   0   0   0   0   0  29   0   0   0   0  0.76 inf
   78 T    3 -2 -1 -2 -1 -1 -1 -1 -2  0  0 -1  0 -2 -1  1  3 -3 -2  0   41   0   0   0   0   0   0   0   0   8   8   0   0   0   0   0  42   0   0   0  0.25 inf
   79 G    0 -2 -1 -2 -2 -2 -2  4 -2 -2 -3 -1 -2 -3  4  2 -1 -3 -3 -2    0   0   0   0   0   0   0  46   0   4   0   0   0   0  25  22   0   0   0   2  0.64 inf
   80 S    2  0 -1 -1  0  0 -1  0 -2 -1 -2  1 -1 -3 -1  3  0 -3 -2 -1   27   2   0   0   1   0   0   2   0   3   0  11   2   0   0  48   0   0   0   4  0.28 inf
   81 D   -2 -1  4  4 -1 -1 -1  2 -1 -4 -4 -1 -3 -4  3  0 -2 -5 -4 -4    0   3  30  32   2   0   0  15   1   0   0   0   0   0  14   2   0   0   0   0  0.65 inf
   82 H   -3 -2 -1 -3 -5 -2 -2 -3 10 -5 -5 -3 -3 -3 -4 -2  1 -4  0 -3    0   0   0   0   0   0   0   2  86   0   0   0   0   0   0   0  10   0   0   2  1.99 inf
   83 I   -2 -4 -4 -4 -2 -4 -4 -5 -4  5  1 -4  3 -2 -4 -3 -2 -4 -3  4    1   0   0   0   0   0   0   0   0  58   2   0  10   0   0   1   0   0   0  28  0.79 inf
   84 R    0  7 -2 -3 -4 -1 -2 -3 -2 -4 -4  0 -3 -5  3 -2 -2 -4 -3 -4   10  73   0   0   0   0   0   0   0   0   0   0   0   0  16   0   0   0   0   0  1.17 inf
   85 E   -3  2 -2  1 -5  0  7 -4 -2 -5 -5 -1 -4 -5 -3 -2 -3 -5 -4 -4    0  10   0   3   0   0  86   0   0   0   0   0   0   0   0   0   0   0   0   0  1.32 inf
   86 K   -3  1 -2 -2 -5  0 -1 -3 -2 -5 -4  7 -3 -5 -3 -2 -2 -5 -4 -4    0   0   0   0   0   0   0   0   0   0   0 100   0   0   0   0   0   0   0   0  1.52 inf
   87 D   -3 -3  0  7 -5 -2  0 -3 -3 -4 -4 -2  3 -5 -3 -2 -3 -6 -5 -4    0   0   0  90   0   0   0   0   0   0   0   0  10   0   0   0   0   0   0   0  1.61 inf
   88 G    1 -4 -2 -3 -4 -3 -3  6 -3 -5 -5 -3 -4 -4 -3 -2 -3 -4 -4 -4   10   0   0   0   0   0   0  80   0   0   0   0   0   0   0   0   0   0   0   0  1.21 inf
   89 L   -2 -3 -4 -4  4 -3 -4 -4 -4  3  3 -3  1 -1 -3 -3 -2 -3 -2  2    0   0   0   0  10   0   0   0   0  27  37   0   2   1   1   0   0   0   0  11  0.42 inf
   90 W   -4 -4 -5 -5 -4 -4 -4  1 -4 -3  1 -4 -2  1 -5 -4 -4 11  0 -4    0   0   0   0   0   0   0  10   0   0  14   0   0   4   0   0   0  61   0   0  1.91 inf
   91 A    5 -3 -2 -3 -2 -2 -2 -1  3 -1 -3 -2 -2 -3 -2  0 -1 -4 -2 -2   69   0   0   0   0   0   0   1  10   4   0   0   0   0   0   4   1   0   0   0  0.58 inf
   92 V    0 -3 -2 -4  4 -3 -3 -2 -4  2  0 -3 -1 -1 -3 -2 -1 -4 -2  4    6   0   2   0  12   0   0   2   0  14   1   0   0   1   0   1   0   0   0  51  0.41 inf
   93 L   -2 -3 -4 -4  0 -3 -4 -4 -4  1  5 -4  2  0 -4 -3 -2 -3 -2  1    0   0   0   0   1   0   0   0   0   3  73   0   2   2   0   0   0   0   0   8  0.64 inf
   94 A    2 -3 -3 -3  3 -3 -3 -2 -3 -1  2 -3  0  4 -3 -1 -2 -2  0  0   31   0   0   0   7   0   0   0   0   0  21   0   2  24   0   2   0   0   1   2  0.27 inf
   95 W   -2 -4 -5 -6 -4 -4 -5 -4 -4 -3 -2 -5  0  0 -5 -4 -4 12  0  0    3   0   0   0   0   0   0   0   0   0   2   0   3   2   0   0   0  74   0   7  2.49 inf
   96 L    0 -3 -4 -4 -2 -3 -3 -4 -4  0  5 -3  1  0 -3 -3 -1 -3 -2  1   11   0   0   0   0   0   0   0   0   1  69   0   1   1   0   0   1   0   0   5  0.51 inf
   97 S   -1 -2  5  0 -3  1  2 -2 -1 -4 -4 -1 -3 -4 -3  3 -1 -4 -3 -3    1   0  41   0   0   5  16   0   0   0   0   0   0   0   0  26   1   0   0   0  0.57 inf
   98 I   -2 -4 -4 -4 -2 -3 -4 -4 -4  5  2 -3  3 -1 -4 -3 -2 -3 -2  2    0   0   0   0   0   0   0   0   0  50  19   0  12   0   0   0   0   0   0   9  0.55 inf
   99 L   -2 -3 -4 -4  0 -2 -3 -4 -4  2  4 -3  2 -1 -3 -3 -1 -3 -2  1    2   0   0   0   2   1   0   0   0  14  55   0   6   0   0   0   2   0   0   9  0.43 inf
  100 A    6 -3 -3 -3 -2  0 -2 -1 -3 -3 -3 -2 -1 -4 -2  0 -1 -4 -3 -2   83   0   0   0   0   3   0   0   0   0   0   0   1   0   0   1   1   0   0   0  0.80 inf
  101 T    1  0 -1 -1 -2 -1 -1 -1  2  0 -1 -1 -1  0 -2 -1 -1 -2  1  2   15   6   3   4   0   0   3   4   9   3   1   3   1   3   0   2   2   0   6  26  0.02 inf
  102 R   -1  4 -1 -1 -3  0  2 -3  1 -2 -2  2 -2 -2 -2 -1  1 -3  0 -2    2  36   1   0   0   1  15   0   3   1   3  10   0   1   0   3  10   0   3   1  0.30 inf
  103 K   -1  0  4 -1 -3  2 -1  3 -1 -4 -3  2 -2 -4 -2  0 -1 -3 -3 -3    1   4  25   1   0  13   1  25   0   0   0  13   1   0   1   2   2   0   0   0  0.34 inf
  104 Q   -1  0 -1 -1  0  3  2 -2 -1 -3 -2  3  0 -4  3 -1 -1 -4 -3 -2    4   1   1   1   3  19  18   0   0   0   3  29   3   0  13   1   2   0   0   2  0.40 inf
  105 S    0 -2 -1 -2 -2 -1 -2  1 -2 -4 -4 -2 -3 -4  2  5  2 -4 -3 -3    0   1   1   0   0   1   0  12   0   0   0   0   0   0   8  65  11   0   0   0  0.70 inf
  106 V   -1 -4 -4 -4 -1 -3 -4 -4 -4  4  1 -3  0 -2 -2 -3 -1 -4 -2  5    4   0   0   0   1   0   0   0   0  25  10   0   1   0   1   0   0   0   0  57  0.66 inf
  107 E    1  1 -1  1 -3  1  4 -1  0 -2 -3  3 -2 -4 -2  0 -1 -4 -3 -2   13   6   1   6   0   4  34   3   1   3   2  21   0   0   0   6   0   0   0   0  0.36 inf
  108 D    0 -1  0  3 -4  4  3 -2 -1 -3 -3  0 -2 -4 -2  0  0 -4 -3 -2    7   1   2  20   0  27  24   2   0   1   1   3   0   0   0   4   6   0   0   1  0.51 inf
  109 I   -3 -4 -4 -5 -1 -3 -4 -5 -4  6  2 -4  0 -2 -4 -4 -2 -4 -1  2    0   0   0   0   1   1   0   0   0  69  12   0   0   0   0   0   1   0   2  12  0.91 inf
  110 L   -1 -2 -2 -3  0  2 -2 -4 -3  1  2 -1  2 -1 -3 -2 -1 -3 -2  3    2   1   2   0   1  17   0   0   0   4  24   2   6   2   0   0   2   0   0  36  0.33 inf
  111 K   -1  3  0  0 -3  1  2 -3  1 -3 -2  3 -1 -3 -2 -1  0 -4 -2 -2    4  24   4   4   0   4  17   0   4   1   2  25   2   0   0   1   5   0   1   1  0.38 inf
  112 D   -1  0  1  5 -4  2  3 -2 -2 -4 -4  1 -3 -4 -3  0 -1 -5 -4 -4    5   4   6  39   0  13  20   1   0   0   1   6   0   0   0   4   2   0   0   0  0.65 inf
  113 H   -4 -3 -2 -4 -4 -2 -3 -4  9 -3  0 -3  0  5 -5 -3 -4 -3  1 -1    0   0   0   0   0   0   0   0  57   0   8   0   2  27   0   0   0   0   1   4  1.39 inf
  114 W   -5 -5 -6 -7 -5 -4 -3 -5 -4 -5 -4 -5 -4 -1 -6 -5 -5 12  5 -5    0   0   0   0   0   0   2   0   0   0   0   0   0   0   0   0   0  81  17   0  3.38 inf
  115 H    3  2  0 -1 -3  2  1 -1 -1 -3 -3  2 -1 -4 -2  0 -1 -4 -2 -2   33  14   5   1   0   9   9   1   1   0   1  18   1   0   0   4   1   0   0   0  0.34 inf
  116 K   -2  2 -1 -1 -2  1  3 -3 -1 -1 -3  4 -2 -4 -3 -1  2 -4 -3 -2    1  10   1   1   1   6  21   0   1   4   0  35   0   0   0   1  19   0   0   0  0.51 inf
  117 F   -4 -4 -5 -6 -5 -4 -5 -6 -1 -3 -3 -4 -3  5 -6 -4 -4  0  9 -3    0   0   0   0   0   0   0   0   0   0   0   0   0  25   0   0   0   0  75   0  2.05 inf

                      K         Lambda
Standard Ungapped    0.1334     0.3196
Standard Gapped      0.0481     0.2670
PSI Ungapped         0.1562     0.3130
PSI Gapped           0.0481     0.2670
