
Last position-specific scoring matrix computed, weighted observed percentages rounded down, information per position, and relative weight of gapless real matches to pseudocounts
           A  R  N  D  C  Q  E  G  H  I  L  K  M  F  P  S  T  W  Y  V   A   R   N   D   C   Q   E   G   H   I   L   K   M   F   P   S   T   W   Y   V
    1 A    7 -4 -4 -5 -3 -4 -4 -3 -5 -4 -5 -4 -4 -5 -4  1 -3 -6 -5 -3   92   0   0   0   0   0   0   0   0   0   0   0   0   0   0   8   0   0   0   0  1.71 inf
    2 Q   -2  1 -1 -2 -5  3  2 -4 -3 -3 -2  5  2 -5 -1  0 -1 -5 -4 -3    3   6   2   1   0  16  12   0   0   1   4  39   5   0   3   5   2   0   0   1  0.62 inf
    3 A    2 -2 -1 -1 -4  3  4 -2 -2 -3 -3  1 -3 -5 -3  1  1 -2 -4 -3   17   1   3   2   0  14  30   2   1   1   1   9   0   0   0   9  10   1   0   1  0.51 inf
    4 F   -2 -1 -3 -4 -2 -3 -1 -4 -1 -1  0  3  0  6 -5 -1 -1  4  3 -3    2   2   1   0   1   0   3   1   1   3   7  18   3  38   0   4   3   5   9   0  0.70 inf
    5 V    0 -5 -6 -6 -4 -5 -5 -6 -6  4  1 -5 -2 -4 -5 -5 -3 -6 -3  6    6   0   0   0   0   0   0   0   0  19   9   0   0   0   0   0   1   0   0  64  1.34 inf
    6 N   -1  1  3  2 -5  4  2 -4 -2 -5 -4  3 -3 -6 -4 -1 -1 -4 -4 -4    4   7  13  11   0  23  13   0   1   0   1  17   0   0   0   2   4   0   0   1  0.64 inf
    7 S    0  1  1  1 -1  2  2  0 -1 -2 -4  2 -1 -4 -3  2  0 -4 -2 -3    6   9   7   9   1   9  14   5   1   2   0  12   1   0   0  16   5   0   1   1  0.29 inf
    8 K   -1  0 -2 -3 -4  0 -2 -4 -2  2  3  2  2 -2 -4 -2  2 -3 -2  0    5   4   1   1   0   5   2   0   1  13  29  14   6   1   0   1  14   0   1   3  0.33 inf
    9 I   -1 -4 -3 -6 -4 -5 -6 -5 -6  7  1 -4 -1 -3 -6 -4 -2 -6 -5  3    6   1   2   0   0   0   0   0   0  56  13   1   0   0   0   1   2   0   0  17  1.18 inf
   10 Q    1  1  1  1 -4  2  0 -2 -1 -5 -4  3 -3 -5 -3  3  0 -5 -2 -4   14   5   7   9   0   9   4   2   1   0   1  22   0   0   1  20   4   0   1   0  0.42 inf
   11 P    0  0  1  2 -4  1  3 -1 -2 -5 -3  1 -1 -5  0  3  0 -5 -4 -4    7   5   8  10   0   5  18   5   1   0   2  10   2   0   4  21   4   0   0   0  0.37 inf
   12 G   -1  0  6  0 -6 -2 -1  0  5 -6 -6  1 -3 -6 -3  2 -3 -6 -4 -6    5   5  38   5   0   1   2   5  13   0   0   9   0   0   1  12   1   0   0   0  0.89 inf
   13 K    0  1 -2 -1  0 -2 -2 -3 -4 -5 -5  5 -5 -6  5  0 -2 -6 -6 -5    9   6   1   4   2   1   2   1   0   0   0  35   0   0  28   6   3   0   0   1  0.94 inf
   14 V   -4 -7 -8 -8 -4 -7 -7 -6 -8  4 -2 -7  0 -3 -7 -6 -4 -7 -6  7    1   0   0   0   0   0   0   0   0  18   3   0   2   1   0   0   1   0   0  73  1.94 inf
   15 V   -1 -3 -5 -5 -3 -4  2 -6 -6  2 -1 -3  1  1 -6 -4  2 -6 -4  5    4   1   0   0   1   0  12   0   0   9   4   1   4   5   0   1  12   0   0  46  0.82 inf
   16 V   -4 -7 -8 -8 -6 -7 -7 -8 -8  6  0 -7  4 -5 -7 -6 -5 -7 -6  5    1   0   0   0   0   0   0   0   0  47   6   0  11   0   0   0   0   0   0  35  1.74 inf
   17 F   -3 -7 -8 -9 -7 -7 -8 -8 -5 -2 -4 -8 -3  8 -8 -7 -7  0  8 -4    3   0   0   0   0   0   0   0   0   2   1   0   1  50   0   0   0   1  41   1  2.47 inf
   18 I   -1 -6 -4 -5 -3 -5 -4 -3 -6 -1 -5 -4 -1 -7 -6  6  5 -7 -4 -3    4   0   0   0   1   0   1   2   0   4   1   1   2   0   0  54  31   0   0   2  1.42 inf
   19 K   -3  0 -4 -5 -4 -2 -4 -4 -5 -4 -3  7 -1 -5 -6 -1  2  4 -5 -5    2   5   0   0   0   1   0   1   0   1   2  63   1   0   0   5  12   5   0   0  1.47 inf
   20 P    0 -1 -1 -1 -5  0 -2 -2 -5 -5 -5 -3 -4 -6  3  5  3 -4 -4 -3    8   3   2   3   0   5   2   2   0   0   0   0   0   0  14  39  19   0   0   2  0.81 inf
   21 T   -4 -3 -2 -5 -6 -4 -4 -1  0 -3 -3 -4 -2  2 -4  0  3  6  7 -2    1   2   2   0   0   1   1   5   2   2   2   0   1   8   1   9  18   9  34   3  1.01 inf
   22 C   -6 -9 -8 -9 12 -9 -9 -8 -9 -7 -7 -9 -7 -4 -9 -5 -7 -8 -8 -7    0   0   0   0  97   0   0   0   0   0   0   0   0   1   0   1   0   0   0   0  4.61 inf
   23 P   -5 -6 -7 -5  4 -4 -3  0 -7 -6 -8 -6 -5 -6  8  0 -3 -8 -5 -7    1   0   0   1   7   1   1   7   0   1   0   0   0   0  74   6   2   0   0   0  2.33 inf
   24 F   -7 -4 -5 -4 -7 -6 -7 -8  1 -3 -4 -7  3  5 -8 -7 -6 -1  9 -5    0   1   0   1   0   0   0   0   3   2   1   0   7  23   0   0   0   1  59   0  2.33 inf
   25 C   -4 -8 -7 -8 11 -7 -8 -6 -8 -7 -7 -8 -7 -8 -8  3 -6 -8 -8 -6    1   0   0   0  76   0   0   1   0   0   0   0   0   0   0  17   0   0   0   0  3.41 inf
   26 R   -1  1 -1 -1 -4  0 -3 -4  5  1 -2  2  0 -2 -4  0  1 -1 -2  1    4   8   3   3   0   3   0   1  15  11   3  15   2   1   0   6  11   1   1   9  0.28 inf
   27 K    2  5 -1 -4 -5  0 -2 -3 -2 -4 -4  3  3 -4 -5 -1 -1 -4 -3 -3   15  33   3   1   0   4   2   1   1   1   1  15   8   1   0   5   3   0   1   2  0.67 inf
   28 T    6 -6 -6 -6 -5 -5 -6 -5 -6 -1 -2 -5 -2 -6 -6 -2  1 -7 -6  2   63   0   0   0   0   0   0   0   0   4   5   0   1   0   0   2   8   0   0  14  1.28 inf
   29 Q   -4 -1 -4 -5 -8 -1  0 -7 -3 -2 -4  7 -2 -4 -5 -5 -3 -7 -4 -3    1   2   1   0   0   3   6   0   1   2   2  73   1   1   0   0   2   0   1   2  1.72 inf
   30 E    1  2  0  1 -5  3  2 -1  0 -3 -3  1 -2 -3 -4  1  0 -3 -3 -3   14  13   3   7   0  13  11   4   2   1   2   9   1   1   0   9   4   0   1   1  0.29 inf
   31 L   -2 -5 -5 -7 -3 -4 -5 -7 -4  2  6 -5 -1 -2 -4 -5 -2 -6 -4  0    4   0   0   0   0   1   0   0   0   9  67   1   1   1   1   1   3   0   0   7  1.21 inf
   32 L   -6 -7 -8 -8 -6 -7 -7 -8 -7 -1  6 -7 -1  5 -7 -7 -6 -1 -4 -3    0   0   0   0   0   0   0   0   0   3  69   0   1  21   0   0   0   1   0   1  1.74 inf
   33 S    0  1  2  2  0  0  1 -2  0 -3 -3  2 -3 -3 -4  1  1  0 -3 -3    7   7  10  13   2   4   7   2   2   2   3  16   0   1   0  10   8   1   1   1  0.24 inf
   34 Q   -1  1  1  2 -5  3  2  0 -1 -4 -4  2 -2 -4 -4  2 -1  1 -4 -4    6   6   5   9   0  11  14   6   1   0   1  15   1   0   0  15   4   2   0   0  0.34 inf
   35 L   -2  0 -1 -3 -4 -2 -1 -4 -2  0  2  4  1  0 -4 -3 -3 -3  3 -1    4   4   2   1   0   1   3   1   1   5  23  28   4   4   1   1   1   0  10   4  0.39 inf
   36 P   -2 -1  2 -2 -3 -2 -2  6 -2 -4 -4  0 -5 -4 -1 -1 -3 -5  0 -5    2   3  11   2   0   2   2  50   1   1   1   7   0   1   4   3   2   0   4   1  0.83 inf
   37 F    1 -3 -4 -5 -4 -2 -2 -4 -2  2  0 -3 -2  1 -3 -3 -2 -1 -2  5   13   2   0   1   0   2   3   1   1  11   6   2   1   6   1   1   2   1   1  43  0.64 inf
   38 K    0  0  2  1 -4  1  1 -3 -1 -1 -3  3 -3 -2  1  1  0 -4 -3 -2    8   3   8   9   0   5  10   1   1   3   2  20   0   2   6   8   5   0   0   3  0.24 inf
   39 E   -1 -1 -1  0 -1  1 -1  0 -1 -2 -2 -1 -2  2  3 -1 -1  0  5 -2    4   3   3   6   1   6   4   7   1   2   2   4   1   9  15   4   4   1  18   3  0.30 inf
   40 G    1 -1 -1  0 -2  0  1  0  0 -1 -1  0 -1 -1  1  0  2 -2  0  0   10   2   3   4   1   4   8   7   2   4   5   7   1   3   7   4  15   0   3   7  0.05 inf
   41 L    1 -1  0  0 -1  0  2 -1  1 -1 -1 -1 -2 -1  1  0  0 -2 -2  1   11   2   4   5   2   3  19   3   3   4   5   3   1   2   6   5   6   0   1  13  0.10 inf
   42 L   -2 -3 -3 -3 -2 -3 -2 -3  1  2  1 -2  0  3  0 -3 -3  0  5  1    3   1   1   1   1   1   2   2   3  12  12   3   2  13   4   2   1   1  23   9  0.45 inf
   43 E   -2 -1  1  0 -1  1  4 -2  0 -2 -2  2 -2 -3 -2 -1  0 -3 -1 -1    3   2   8   5   1   4  33   4   3   3   3  11   1   1   2   3   6   0   3   4  0.37 inf
   44 F   -1 -2 -2 -2 -2 -3  1 -3 -3  2  0 -1 -1  3 -3 -2 -2  0  0  3    4   2   2   2   1   1  11   2   0  14   8   4   1  13   1   2   2   1   3  25  0.29 inf
   45 V   -2 -2 -2  2 -2 -2 -1 -3 -1  4  0 -2 -1 -3 -3 -1  0 -2 -2  3    2   2   2  11   1   2   5   1   2  23   9   2   1   1   1   4   4   1   1  24  0.34 inf
   46 D   -1  0  0  3 -2  1  5 -2 -2 -4 -2 -1 -1 -3 -2 -2 -2 -5 -3 -4    4   4   5  16   1   4  43   3   1   1   4   2   2   1   2   2   2   0   1   1  0.74 inf
   47 I   -4 -3 -2 -3 -2 -3 -3 -4 -1  5  4 -3  0 -1 -3 -3 -2 -4 -1  2    0   1   2   2   1   1   2   2   2  29  34   2   2   2   1   1   2   0   2  12  0.66 inf
   48 T   -3 -2  1  7 -3 -3  1 -2 -1 -4 -6 -2 -5 -4 -1 -1  0 -6 -4 -4    2   2   5  57   1   1   8   3   1   1   1   3   0   1   3   4   5   0   1   1  1.23 inf
   49 A    1  0 -1 -1 -3  2  1  1 -1 -1 -1  1  0 -2 -2 -1 -1 -3 -2  1   15   5   3   3   0  10   9  10   2   4   7  10   2   1   2   2   4   0   1  11  0.10 inf
   50 T    0  2  0  2 -2  0  1 -1  3 -2  0 -1  1 -2 -2  0  1 -4 -2 -1    6  15   5  11   1   3   7   4   7   2   8   2   5   1   1   8   8   0   1   3  0.14 inf
   51 S    0 -1  0  2  0 -1  1 -1  0 -3 -3  1  0 -2  4  1 -1 -4 -2 -2    8   4   5  11   2   1  11   4   2   1   2   7   2   2  20  11   3   0   1   2  0.31 inf
   52 D   -2 -1  2  5 -5  0  1 -1  1 -2 -2 -1  0 -1 -1 -2 -2 -4  0 -3    3   4  10  38   0   3   6   5   3   2   5   3   2   3   2   3   2   0   4   2  0.55 inf
   53 T    0 -1 -1 -2  1 -1 -1  4 -3 -2 -2 -1  2 -2  2 -1  0 -4 -1 -2    7   3   2   2   3   2   4  37   0   2   3   4   6   2   9   4   6   0   2   2  0.43 inf
   54 N    1  2  0  1 -4  1  0 -1  0 -4 -3  1 -1 -2  2  1 -1 -1 -2 -2   15  12   3  10   0   6   6   5   2   0   2   7   1   2   9  12   3   1   1   2  0.21 inf
   55 E    1  0  0  2 -5  3  4 -2 -1 -3 -2  1 -1 -2 -3 -1 -1 -5 -2 -3   11   4   3   9   0  11  31   3   1   1   5   7   2   2   1   3   3   0   1   2  0.41 inf
   56 I   -1  1 -3 -3 -3 -1 -2 -4 -1  4  2 -1  2  0 -2 -2 -2 -3 -1  1    4   9   1   2   0   2   3   1   2  27  21   5   4   4   2   2   2   0   2   8  0.35 inf
   57 Q   -2  3 -2 -2 -5  7  1 -4 -1 -5 -3  0  1 -3 -2 -2 -2 -1 -2 -2    3  16   2   2   0  44   7   1   2   1   2   5   3   1   2   3   2   1   2   3  0.98 inf
   58 D    2  1  0  3 -4  1  3 -2 -1 -3 -3  1 -2 -3 -2  1 -1 -1 -3 -3   16   6   5  20   0   5  16   2   1   2   2   7   1   1   1   9   3   1   1   1  0.35 inf
   59 Y    3 -2 -3 -3 -2 -1  1 -2 -1 -1 -1 -1  4 -1 -4 -2 -1  0  3  1   25   2   1   1   1   2  11   3   2   3   6   3  12   2   0   2   4   1  11   9  0.32 inf
   60 L   -3 -2 -5 -5 -2 -3 -3 -6 -5  2  5 -3  6 -1 -5 -5 -3 -5 -4 -1    2   2   0   0   1   1   2   1   0   9  51   1  19   3   0   1   1   0   0   4  1.05 inf
   61 Q    1  1 -1 -2 -2  2  1  0  0  0 -1  1  3 -2 -3  0  0 -4 -1 -1   13   8   2   2   1   9   8   9   2   5   6  10   9   1   0   5   5   0   2   4  0.12 inf
   62 Q   -1  3 -2  0 -3  4  3 -2 -1 -3 -3  2 -3 -5 -4 -1 -1 -5 -2 -4    5  16   1   5   0  17  23   3   1   2   2  13   1   0   0   5   3   0   2   1  0.55 inf
   63 L    0  2 -2 -2 -4 -2 -3 -4 -1  2  2  1  3 -1 -4  0  0  1 -1 -1   10  13   2   2   0   1   1   0   1  11  22   8   9   2   0   6   5   2   2   2  0.26 inf
   64 T   -1 -4  3 -4 -5 -3 -4  0 -1 -3 -2 -3 -4 -4 -4  2  6 -6  0 -1    4   1  12   1   0   1   1   8   2   1   4   1   0   1   1  14  44   0   3   4  0.83 inf
   65 G   -3 -2  2 -3  1 -3 -6  7 -1 -8 -8 -1 -7 -4 -7 -3 -6 -7 -7 -7    2   3   9   1   3   1   0  74   2   0   0   3   0   1   0   2   0   0   0   0  1.80 inf
   66 A    0  5 -1 -3  0  4 -1  1  1 -3 -4  0 -2 -4 -4 -1 -4  1 -2 -3    8  33   2   1   2  19   2  10   4   2   1   4   1   1   1   4   0   2   1   2  0.68 inf
   67 R   -2  6 -1 -3 -6 -2 -1 -3  1 -6 -5  0 -3 -6  0  1  1 -3 -2 -3    3  49   3   1   0   1   3   2   3   0   1   5   1   0   5  10   9   0   1   2  0.98 inf
   68 T   -3 -4 -4 -4 -6 -3 -4 -5 -7 -4 -6 -6 -1 -7 -4  3  7 -3 -7 -4    1   1   1   1   0   1   1   1   0   1   0   0   1   0   1  17  72   1   0   0  1.89 inf
   69 V   -5 -7 -8 -8 -6 -7 -8 -5 -8  0 -1 -7  0  2 -7 -7 -3 -7 -3  7    0   0   0   0   0   0   0   1   0   4   4   0   2   7   0   0   1   0   1  80  2.02 inf
   70 P   -6 -4 -7 -7 -8 -7 -7 -8 -8 -8 -8 -7 -8 -9  9 -4 -7 -9 -8 -8    0   1   0   0   0   0   0   0   0   0   0   0   0   0  96   2   0   0   0   0  3.43 inf
   71 R    0  2  4 -4 -4  7 -3 -5 -3 -3 -5 -3 -2 -6 -6 -2 -1 -3 -3 -1    8  10  18   0   0  47   1   1   0   2   1   0   1   0   0   2   3   0   1   4  1.23 inf
   72 V   -5 -7 -5 -8 -2 -7 -7 -8 -8  7 -2 -7  0 -3 -7 -7 -3 -7 -6  5    0   0   1   0   1   0   0   0   0  50   2   0   2   1   0   0   1   0   0  42  1.86 inf
   73 F   -7 -8 -8 -9 -8 -8 -8 -8 -3 -3 -1 -8 -1  9 -9 -8 -7  2  2 -3    0   0   0   0   0   0   0   0   1   2   5   0   1  82   0   0   0   2   5   1  2.79 inf
   74 I   -4 -8 -8 -8 -6 -7 -8 -8 -3  8 -2 -7 -4 -2 -7 -7 -5 -7 -6  4    1   0   0   0   0   0   0   0   1  72   2   0   0   2   0   0   0   0   0  22  2.12 inf
   75 G   -3 -2  5  2 -1 -3 -3  5 -2 -7 -6 -1 -4 -7 -6 -2 -5 -7 -2 -4    1   2  31  11   2   1   1  41   1   0   0   4   0   0   0   2   0   0   1   1  1.16 inf
   76 K   -3 -4  0  3 -7  0  0  6 -3 -7 -7  0 -6 -5 -5 -2 -4 -7 -6 -7    1   1   4  15   0   5   6  56   1   0   0   7   0   0   0   3   1   0   0   0  1.21 inf
   77 E   -3  2 -1 -1 -6  3  2 -4 -1 -2 -4  5 -1 -4 -4 -1  1 -6 -3 -1    1   9   3   4   0  13  11   0   1   2   1  33   1   0   0   3  10   0   1   5  0.60 inf
   78 C   -4 -3 -4 -6  4 -4 -5 -5  9 -5  0 -3 -2  4 -3  1 -4 -3  0 -5    1   1   0   0   9   0   0   1  43   0  10   1   1  16   2  10   1   0   2   0  1.51 inf
   79 I   -5 -2 -7 -7 -5 -6 -5 -8 -7  6  0 -4 -1  0 -7 -6 -5 -6 -3  5    0   2   0   0   0   0   1   0   0  48   7   1   1   3   0   0   0   0   1  36  1.51 inf
   80 G   -3 -8 -6 -7 -8 -7 -7  8 -7 -9 -9 -7 -8 -8 -7 -5 -7 -8 -8 -8    2   0   0   0   0   0   0  98   0   0   0   0   0   0   0   0   0   0   0   0  2.86 inf
   81 G   -2 -4 -3 -3 -7 -6 -7  7 -7 -9 -8 -6 -7 -8 -5 -2 -4 -7 -8 -8    3   1   1   2   0   0   0  89   0   0   0   0   0   0   1   3   1   0   0   0  2.34 inf
   82 C   -1 -5  2 -4  9 -5 -3  1  0 -4 -4 -5  1  1 -5  1 -1 -5  2 -4    5   0  10   1  37   0   2  10   3   0   1   0   3   6   0  10   3   0   7   0  1.13 inf
   83 T   -3 -2  0  7 -7 -2 -1 -4 -5 -7 -6 -2 -3 -7 -6  2  1 -8 -3 -6    2   2   4  61   0   1   3   1   0   0   0   2   1   0   0  14   8   0   1   0  1.47 inf
   84 D   -2  0 -2  7 -7  0  3 -5 -3 -4 -6  0 -6 -7 -3 -2 -1 -8 -5 -6    3   6   1  56   0   4  16   0   0   1   0   4   0   0   1   2   4   0   0   0  1.34 inf
   85 L   -3 -6 -6 -7 -5 -5 -6 -7 -6  2  4 -6  2 -1 -6 -5  3 -6 -5  3    1   0   0   0   0   0   0   0   0  12  46   0   4   2   0   0  16   0   0  19  1.03 inf
   86 E   -1 -2 -2 -3 -2  1 -1 -4  3  0  0  1  5  1 -4 -1 -1 -4  3  1    4   2   1   1   1   8   4   0   7   5   8   8  19   5   0   4   3   0  11  10  0.35 inf
   87 S    5  0 -2  0 -3  0  1 -2 -3 -3 -4  2  0 -6 -2  1 -1 -6 -5 -4   45   4   2   6   0   3   9   2   0   1   1  11   2   0   1  10   2   0   0   0  0.62 inf
   88 M    1 -5 -6 -5 -2 -5 -4 -6 -6 -1  6 -2  3 -2 -6 -2 -3 -5 -2 -3   11   0   0   1   1   0   1   0   0   2  68   2   7   1   0   3   1   0   2   1  1.19 inf
   89 H   -3 -3  0  3 -5  1  3 -5  8 -4 -4 -1 -4 -1 -5 -3 -4 -5  2 -3    1   1   5  19   0   5  16   0  32   1   2   4   0   2   0   1   0   0   8   2  1.08 inf
   90 K    0  3  1 -1 -5  3  2 -3 -1  0 -1  2 -3 -4 -4  0 -1 -5 -3 -1    7  19   6   3   0  12  11   1   1   6   6  13   0   0   0   8   2   0   0   4  0.33 inf
   91 R    1  1  2  1 -5  2  2 -2 -2 -4 -4  2 -2 -5 -4  2  0 -5 -4 -4   11   7  12   9   0  10  13   2   0   1   1  12   1   0   0  19   4   0   0   0  0.45 inf
   92 G   -3 -2  1 -1 -7 -3 -4  7 -6 -8 -8 -4 -7 -7 -6 -3 -5 -7 -7 -7    1   2   8   4   0   1   1  81   0   0   0   1   0   0   0   1   0   0   0   0  2.01 inf
   93 E   -2  1 -1 -2 -6  2  3  0 -1 -3 -3  5 -3 -6 -4  0  0 -4 -4 -4    2   5   3   1   0   9  22   6   2   2   2  34   0   0   0   7   5   0   0   1  0.64 inf
   94 L   -6 -7 -8 -8 -6 -7 -8 -8 -7 -2  7 -7 -1 -1 -6 -5 -6 -6 -6 -4    0   0   0   0   0   0   0   0   0   1  95   0   1   2   0   1   0   0   0   0  2.20 inf
   95 L    0 -1 -2  4 -3  2  1 -3 -1  0  0  0  0 -2 -2 -1 -2 -4 -4  1    6   3   1  24   0  10  10   2   1   4   9   6   2   1   2   2   2   0   0  14  0.29 inf
   96 T    0 -1 -1  0 -5  0  1 -1 -3 -5 -4  2 -2 -6  5  1 -1 -6 -5 -4    9   2   3   5   0   5  11   4   0   0   1  15   1   0  32   9   3   0   0   1  0.69 inf
   97 R   -2 -1 -6 -6 -5 -2 -5 -6 -3  0  5  0  5 -3 -6 -3 -1 -2 -1 -2    3   3   0   0   0   1   0   0   1   5  55   7  16   0   0   1   4   0   2   1  0.98 inf
   98 L   -6 -6 -8 -8 -5 -6 -7 -8 -7  2  6 -7 -1  1 -7 -7 -5 -6 -2  0    0   0   0   0   0   0   0   0   0   9  79   0   1   5   0   0   0   0   1   6  1.68 inf
   99 Q   -1  1  1 -2 -5  3  1 -2  1 -2 -4  4 -1 -5 -4  0  0 -3 -4 -3    5   7   8   1   0  15  10   2   3   3   1  31   1   0   0   5   6   0   0   2  0.52 inf
  100 Q    2  0  0  2 -5  3  4 -2 -2 -4 -4  1 -1 -5 -4  0 -2 -5 -4 -3   17   3   4  12   0  14  27   2   0   0   0   9   1   0   0   7   2   0   0   1  0.54 inf
  101 V    5 -4 -2 -2  4 -2 -2 -3 -3  1 -1 -3  1 -4 -3 -1 -2  3 -4  0   51   0   2   2   8   1   2   1   0   8   7   1   3   0   1   2   1   4   0   5  0.65 inf
  102 G   -1 -2 -2 -3 -6 -4 -3  7 -2 -6 -4 -3 -5 -6 -5  0 -4 -6 -6 -4    3   3   1   1   0   0   1  78   1   0   2   1   0   0   0   5   0   0   0   1  1.60 inf
  103 A    6 -5 -5 -5  0 -4 -4  1 -5 -3 -2 -4 -2 -4 -4 -2 -2 -6 -5 -2   80   0   0   0   2   0   0  10   0   1   3   0   1   1   0   0   1   0   0   2  1.36 inf
  104 V   -3 -4 -5 -5 -3 -4 -5 -6 -5  4  5 -1  0  0 -5 -4 -2 -4 -3  1    0   0   0   0   0   0   0   0   0  25  60   4   1   2   0   0   2   0   0   7  0.91 inf
  105 K   -2  3 -1 -2 -4  4  1 -3 -1 -4 -4  5 -2 -4 -2 -1 -2 -4 -3 -4    0  16   0   0   0  27   7   0   0   0   0  50   0   0   0   0   0   0   0   0  0.83 inf

                      K         Lambda
Standard Ungapped    0.1377     0.3216
Standard Gapped      0.0544     0.2670
PSI Ungapped         0.1766     0.3122
PSI Gapped           0.0544     0.2670
