
Last position-specific scoring matrix computed, weighted observed percentages rounded down, information per position, and relative weight of gapless real matches to pseudocounts
           A  R  N  D  C  Q  E  G  H  I  L  K  M  F  P  S  T  W  Y  V   A   R   N   D   C   Q   E   G   H   I   L   K   M   F   P   S   T   W   Y   V
    1 K   -3  0 -2 -2 -5  2  3 -4 -2 -5 -5  6 -3 -5 -3 -2 -3 -5 -4 -4    0   1   0   0   0   6  21   0   0   0   0  72   0   0   0   0   0   0   0   0  1.26 inf
    2 P   -1 -5 -4 -4 -6 -3 -3 -5 -4 -6 -5 -3 -5 -6  8 -3 -3 -7 -6 -5    5   0   1   0   0   1   1   0   0   0   0   1   0   0  88   1   1   0   0   0  2.52 inf
    3 I   -2 -5 -6 -6 -4 -5 -5 -6 -5  3  5 -5  4 -2 -5 -5 -3 -5 -4  3    2   0   0   0   0   0   0   0   0  16  50   0  11   1   0   0   0   0   0  19  1.03 inf
    4 T   -2  1  0  1 -4  1  2 -4 -1 -1 -2 -1 -1 -4  0 -1  4 -5 -2  2    0   8   4   7   0   5  14   0   1   2   1   2   1   0   4   1  32   0   1  15  0.40 inf
    5 I   -3 -6 -6 -7 -4 -6 -6 -7 -7  6 -1 -6 -2 -4 -6 -5 -4 -6 -5  6    1   0   0   0   0   0   0   0   0  47   3   0   0   0   0   0   0   0   0  49  1.63 inf
    6 E   -2  1  1  2 -5  3  3 -3  2 -4 -3  3 -3 -4 -3 -2  0 -4  1 -3    2   5   8  12   0  14  21   1   4   1   2  17   0   0   0   0   5   0   6   1  0.48 inf
    7 V    2 -6 -6 -6 -4 -5 -5 -5 -6  2 -2 -5 -2 -4 -5 -4 -3 -6 -5  7   18   0   0   0   0   0   0   0   0   7   1   0   1   0   0   0   0   0   0  73  1.50 inf
    8 V   -2  0 -3 -3 -4 -1 -1 -5 -2  3 -2 -2 -2 -4 -4 -1  5 -5 -3  4    1   5   1   1   0   3   3   0   1  14   2   2   0   0   0   3  36   0   0  28  0.68 inf
    9 S    4 -5 -3 -4 -4 -4 -4  5 -5 -6 -6 -4 -5 -6 -4  2 -3 -6 -5 -5   38   0   0   0   0   0   0  48   0   0   0   0   0   0   0  14   0   0   0   0  1.29 inf
   10 M   -1  1  0 -3 -4  0  0 -4  4 -1  2  1  2 -2 -4  0 -1 -1  4 -2    4   8   3   0   0   2   7   0  13   1  21   8   7   0   0   6   3   1  16   2  0.32 inf
   11 D   -4 -1  0  4 -6  7 -1 -3 -3 -6 -2 -2  1 -6 -3 -3 -4 -6 -5 -5    1   2   5  25   0  55   1   1   0   0   4   1   3   0   1   1   0   0   0   0  1.41 inf
   12 W   -7 -7 -8 -9 -7 -7 -7 -7 -6 -7 -6 -7 -6  3 -8 -7 -7 12  4 -7    0   0   0   0   0   0   0   0   0   0   0   0   0  12   0   0   0  77  11   0  3.93 inf
   13 K    1 -1 -3 -4 -5  0 -2 -2 -4 -5 -4  5  2 -3 -5 -1 -4  8  3 -5   11   3   1   0   0   4   1   3   0   0   1  36   6   0   0   4   0  23   9   0  1.10 inf
   14 W   -8 -8 -9 -9 -7 -7 -8 -8 -7 -7 -6 -8 -6  0 -9 -8 -7 13 -1 -8    0   0   0   0   0   0   0   0   0   0   0   0   0   4   0   0   0  95   1   0  4.83 inf
   15 F   -2  1 -2  0 -3  0  2 -1  2  1  2  1  0 -1 -3 -1 -1 -2 -2  0    1   8   1   4   0   3  16   4   7   8  26   8   1   2   0   4   3   1   0   4  0.16 inf
   16 F   -2 -6 -6 -7 -5 -6 -6 -6 -4 -1 -2 -6 -1  8 -7 -5 -4 -2  5  1    4   0   0   0   0   0   0   0   0   3   1   0   1  64   0   0   1   0  17  10  1.83 inf
   17 I   -1  1  0  1 -3  0  2 -3  1  3 -1  0 -2 -2 -3  0  0 -4 -2  0    4   9   5   6   0   4  15   1   4  23   2   4   0   2   0   9   7   0   1   4  0.18 inf
   18 Y   -6 -6 -6 -5 -7 -4 -6 -6  1 -5 -5 -6 -5 -1 -7 -6 -6 -2 10 -6    0   0   0   1   0   1   0   0   2   0   0   0   0   0   0   0   0   0  95   0  3.25 inf
   19 P   -3 -5 -5 -4 -6 -3 -3 -4 -6 -4 -1 -3 -3 -2  8 -4 -4 -3 -6 -4    2   0   0   0   0   1   1   1   0   1   7   2   1   2  80   0   1   0   0   1  2.28 inf
   20 E   -1 -2  1  5 -5  1  4 -1 -2 -5 -5  0 -4 -4 -1 -1 -3 -5 -4 -4    5   1   6  33   0   5  32   5   0   0   1   4   0   1   2   3   1   0   0   0  0.80 inf
   21 Q   -1 -1  1  0 -4  4  2  0  1 -3  0 -1 -2 -2 -2  0 -1 -3  2 -3    4   3   7   3   0  24  14   8   4   1   9   2   0   1   1   6   3   0  10   0  0.32 inf
   22 G   -2 -2  2  2 -5 -1 -2  6  1 -4 -5  0 -5 -6 -3 -1 -3 -5 -4 -5    1   2  10  11   0   3   2  55   3   1   1   7   0   0   1   2   1   0   0   0  0.99 inf
   23 I   -2 -2 -5 -4 -4 -2 -5 -3 -3  5  0 -4 -1  2 -3 -3 -2 -4 -1  3    2   2   0   1   0   2   0   2   1  44   7   1   1  10   1   1   2   0   1  23  0.75 inf
   24 A    3  0 -2 -2 -3 -1  2 -2 -2  0 -2 -1 -2 -3 -3  0  1 -2 -2  1   34   5   1   1   0   2  16   2   1   6   1   2   1   1   0   7   8   0   1  11  0.31 inf
   25 T    0 -4 -1 -3 -4 -3 -1 -3 -4 -2 -3 -3 -3 -2 -3  2  6 -5 -3  1    5   0   2   1   0   0   4   1   0   1   1   1   0   2   1  18  54   0   0  10  0.93 inf
   26 V    2 -2 -2  2 -3 -2 -2 -1 -3  1 -1 -2 -1 -2 -3  0 -1 -4 -2  4   20   2   1  11   0   1   2   4   0   7   3   1   1   1   1   9   3   0   1  35  0.33 inf
   27 N   -3 -3  7  1 -6  1 -2  1  0 -6 -6 -2 -5 -6 -3 -1 -2 -6 -5 -6    1   0  66   6   0   6   2  10   2   0   0   1   0   0   1   3   2   0   0   0  1.50 inf
   28 E   -3  0 -2  1 -6  1  6 -4 -1 -4 -5 -1 -3 -2 -1 -3  0 -4  2 -2    1   4   1   6   0   5  58   0   1   1   0   2   0   2   3   1   5   0   9   3  0.98 inf
   29 I   -3 -5 -6 -6 -3 -5 -6 -6 -5  3  5 -5  3 -1 -6 -5 -3 -5 -2  1    1   0   0   0   0   0   0   0   0  17  63   0   8   1   0   0   0   0   1   8  1.14 inf
   30 A    1  1  0 -4 -3 -2 -2 -3  6  0 -2 -3 -2 -3 -4 -3 -2 -1  2  4   14   7   4   0   0   1   1   1  23   4   1   0   0   0   0   1   2   1   8  32  0.60 inf
   31 F   -1 -5 -5 -6 -3 -5 -5 -5 -5  4  3 -5  1  3 -5 -4 -2 -4 -3  4    6   0   0   0   0   0   0   0   0  25  25   0   2  11   0   0   1   0   0  30  0.80 inf
   32 P   -4 -6 -6 -6 -7 -4 -5 -6 -6 -5 -7 -3 -7 -8  9 -5 -5 -8 -7 -5    1   0   0   0   0   1   0   0   0   1   0   1   0   0  96   0   0   0   0   1  3.13 inf
   33 A    3 -3 -3 -4 -3 -2 -1 -4 -4  1 -1  0 -2 -3 -4 -2  2 -5 -3  4   23   1   1   0   0   1   4   0   0   5   3   6   0   0   0   1  13   0   0  41  0.56 inf
   34 N   -3 -3  4  4 -6 -2 -2  5  0 -6 -6 -2 -5 -6 -4 -2 -4 -6 -5 -6    0   1  22  25   0   1   1  45   2   0   0   2   0   0   0   1   0   0   0   0  1.22 inf
   35 T   -1  5 -3 -3 -5  2  1 -4 -2 -3 -4  3 -2 -5 -4 -2  3 -5 -3  1    3  31   0   0   0  11   7   0   0   1   0  17   0   0   0   1  17   0   1  11  0.67 inf
   36 P   -3  1 -1 -1 -6 -1 -2 -5 -4 -4 -5  2 -5 -5  7 -2  0 -4 -4 -2    1   8   2   3   0   3   2   0   0   1   0  12   0   0  58   2   5   0   0   3  1.42 inf
   37 V   -3 -5 -6 -6 -4 -5 -6 -6 -6  4  0 -5 -2 -4 -6 -4 -1 -6 -2  6    1   0   0   0   0   0   0   0   0  19   6   0   0   0   0   0   3   0   1  69  1.41 inf
   38 Y   -1  4  2  0 -4  2  1 -3  1 -2 -1  1 -2 -2 -3 -1  0 -3  1 -1    4  25   9   5   0   9  10   1   4   1   8   6   0   2   0   4   4   0   5   4  0.26 inf
   39 F   -4 -5 -6 -6 -5 -6 -6 -6 -5  2  3 -6  1  7 -6 -5 -4 -2 -1  1    0   0   0   0   0   0   0   0   0  11  28   0   2  50   0   0   0   0   1   8  1.32 inf
   40 K   -2  3  2 -1 -4  2  1 -3  0 -1  0  3 -2 -3 -3 -1  0  0 -3 -1    2  16  11   3   0   9  10   0   1   4  11  18   0   0   0   3   6   1   0   4  0.26 inf
   41 V   -3 -5 -5 -6 -4 -4 -5 -5 -3  4  4 -5  4 -2 -5 -4 -2 -5 -4  2    1   0   0   0   0   0   0   1   1  24  47   0  10   0   0   0   2   0   0  14  0.97 inf
   42 T   -2 -1 -1 -2 -4 -1  0 -3 -2 -2 -4  1 -4 -5 -4  0  6 -5 -2 -3    2   4   2   2   0   3   6   1   1   2   1   7   0   0   0   4  63   0   2   1  1.03 inf
   43 S    3 -4 -2 -4 -4 -3 -3 -1 -4 -5 -5 -3 -4 -6 -4  6  1 -6 -5 -4   27   0   1   0   0   0   0   5   0   0   0   0   0   0   0  61   7   0   0   0  1.24 inf
   44 N    2  0  2  3 -3  1  0  0 -1 -3 -3  0 -1 -3 -2  1  0 -4 -2 -1   19   3   9  18   0   5   6   6   1   0   1   5   2   1   1  12   6   0   1   5  0.23 inf
   45 S   -2 -3  0  7 -6 -3 -1 -1 -3 -6 -6 -3 -5 -3 -4  1  1 -7 -5 -5    3   1   4  64   0   0   1   3   0   0   0   0   0   1   0  12   9   0   0   0  1.37 inf
   46 V   -2 -6 -6 -6 -4 -5 -6 -6 -6  0 -2 -5 -1 -4  0 -2  0 -2 -5  7    1   0   0   0   0   0   0   0   0   2   0   0   1   0   4   2   6   1   0  83  1.61 inf
   47 M   -4 -5 -4 -5 -4 -3 -5 -6 -5  6  1 -1  7 -2 -6 -4 -2 -3 -4  0    0   0   1   0   0   1   0   0   0  47   8   4  33   1   0   0   1   0   0   4  1.35 inf
   48 H   -3 -4  5 -4 -6  0 -4 -5 10 -7 -7 -4 -5 -5 -6 -2 -1 -6 -3 -6    2   0  24   0   0   4   0   0  65   0   0   0   0   0   0   2   5   0   0   0  2.33 inf
   49 S    3 -4 -1 -1 -3 -3 -3 -1 -4 -5 -5 -3 -5 -6 -4  6 -1 -6 -5 -4   20   0   2   2   0   0   1   4   0   0   0   0   0   0   0  68   3   0   0   0  1.26 inf
   50 F   -6 -7 -7 -7 -6 -7 -7 -7 -5 -3 -1 -7 -4  9 -7 -6 -6  6 -1 -4    0   0   0   0   0   0   0   0   0   1   5   0   0  84   0   0   0  10   0   1  2.62 inf
   51 F   -1 -3 -6 -7 -6 -5 -6 -3 -1 -4 -2 -6 -1  5 -7 -4 -4 11  4 -5    6   1   0   0   0   0   0   2   1   0   2   0   1  22   0   1   0  49  14   0  2.32 inf
   52 I   -3 -6 -6 -6 -4 -5 -6 -6 -6  6 -1 -5  0 -3 -3 -5 -3 -6 -4  6    1   0   0   0   0   0   0   0   0  41   4   0   2   0   1   0   0   0   0  51  1.45 inf
   53 P   -3 -6 -3 -5 -7 -5 -5 -5 -6 -4 -7 -5 -6 -8  9 -3 -3 -8 -7 -6    2   0   1   0   0   0   0   1   0   1   0   0   0   0  93   1   1   0   0   0  2.97 inf
   54 R    3  1  0  0 -4  4  2 -1 -1 -4 -4  0 -3 -5 -2  2 -2 -5 -4 -3   26   7   3   3   0  24  12   4   1   0   0   3   0   0   1  14   1   0   0   1  0.54 inf
   55 L   -4 -5 -6 -7 -4 -5 -6 -6 -5 -1  5 -6  1  5 -6 -5 -4 -4 -2  0    1   0   0   0   0   0   0   0   0   1  66   0   3  25   0   0   0   0   1   4  1.35 inf
   56 G    3  3 -3 -4 -4 -3 -4  5 -1 -5 -4 -2 -3 -5 -4 -1 -1 -1 -4 -2   24  17   0   0   0   1   0  46   1   0   1   0   0   0   0   2   3   1   0   2  0.88 inf
   57 S   -2 -2 -3 -3 -4 -3 -4  5 -4  0  0 -4 -2 -1 -4  0 -1 -2 -3  2    0   2   0   1   0   1   0  49   0   6  10   0   1   3   0   9   4   1   0  15  0.67 inf
   58 Q   -3 -1 -4 -4 -6  5 -2 -5 -4 -4 -5  6  3 -6 -5 -4 -3 -6 -5 -4    1   0   0   0   0  27   0   0   0   0   0  62   8   0   0   0   1   0   0   1  1.59 inf
   59 I   -3  1 -3 -4 -4  3 -2 -5 -2  4  0  2  3 -2 -4 -3  0 -4 -3  1    0   6   0   0   0  19   1   0   1  31   4  12  10   1   0   1   7   0   0   7  0.53 inf
   60 Y   -5 -5 -3  7 -7 -2 -2 -5 -3 -6 -6 -4 -6 -2 -5 -4 -3 -4  7 -6    0   0   0  61   0   2   1   0   0   0   0   0   0   1   0   0   1   0  34   0  1.95 inf
   61 A    5 -4 -3 -5 -3 -4 -4 -3 -4 -1 -1 -4  3 -4 -4 -1  2 -5 -4  1   57   0   1   0   0   0   0   0   0   3   4   0   9   0   0   3  13   0   0  10  0.88 inf
   62 M   -4 -5  1 -5 -4 -4 -5 -6 -5  5  0 -5  8  0 -6 -4 -3 -5 -4  2    0   0   7   0   0   0   0   0   0  31   5   0  37   4   0   0   1   0   0  15  1.25 inf
   63 A    2 -5 -2 -3 -6 -5 -4 -4 -6 -5 -6 -4 -6 -7  8 -2 -1 -7 -6 -4   15   0   2   1   0   0   0   1   0   0   0   0   0   0  74   3   4   0   0   1  2.12 inf
   64 G   -3 -5 -1  0 -6 -3 -3  7 -5 -7 -7 -4 -6 -5 -5 -3 -5 -6 -5 -7    1   0   3   5   0   1   1  87   0   0   0   1   0   0   0   1   0   0   0   0  1.98 inf
   65 M   -3  4  0 -4 -5  1 -2 -5  2 -1 -2 -1  7  1 -5 -3 -3 -4  0 -2    1  25   4   0   0   8   1   0   4   2   1   3  37   6   0   1   1   0   3   2  0.95 inf
   66 Q   -1  0 -1 -1 -3  2  1 -3 -1  1  0  0 -1 -2 -1 -1  2 -3  1  1    3   5   2   3   0  10  13   1   1  10   6   4   1   1   3   1  15   0   6  14  0.14 inf
   67 T   -2 -2  6 -3 -5 -2 -4 -4 -2 -2 -3 -3  1 -5 -5 -1  5 -3 -3 -3    3   2  36   0   0   1   0   0   1   2   1   0   5   0   0   3  45   0   1   0  1.19 inf
   68 R   -2  2 -1  0 -4  2  3 -3  2 -2 -3  3 -2 -1 -2 -1  1 -4  0 -2    2  11   2   5   0   9  21   1   6   1   2  18   0   2   1   3  11   0   4   2  0.34 inf
   69 L    0 -3 -3 -4 -3 -1 -3 -4 -4  1  4 -3  2  1 -4 -2  1  0 -2  1    7   1   1   1   0   3   1   0   0   7  47   1   6   7   0   1   8   2   0   7  0.48 inf
   70 H   -2  1  2 -3 -5 -2 -1 -5  6 -4 -4 -3 -3 -2 -5 -2  0 10  2 -3    3   7  10   1   0   1   4   0  19   1   1   1   0   1   0   3   6  36   6   2  1.44 inf
   71 L   -1 -5 -5 -5 -4 -4 -5 -4 -4  1  4 -5  1  5 -5 -3  0 -3 -1  0    6   0   0   0   0   0   0   1   0   6  41   0   4  30   0   1   8   0   0   5  0.81 inf
   72 I   -1  1  0 -2 -3  2  1 -3  0  2 -1  1 -1 -3 -3 -1  2 -4 -2  2    4   9   4   1   0  12  10   0   2  13   4   9   1   0   0   1  15   0   1  14  0.21 inf
   73 A    5 -5 -5 -5 -4 -4 -4 -2 -5  1 -3 -4 -2 -1  3 -1 -2 -5 -4  0   61   0   0   0   0   0   0   1   0  10   1   0   1   3  15   2   1   0   0   6  1.00 inf
   74 N   -3 -3  4  5 -5 -2  1 -3 -1 -3 -3 -2 -4 -4 -2 -1  3 -6 -3 -4    1   1  21  36   0   1  10   1   1   2   2   2   0   0   1   3  18   0   1   0  0.81 inf
   75 E   -1  3 -1 -2 -5  2  3 -3  2 -4 -3  4 -3 -5 -4 -2 -1 -5 -4 -3    4  16   2   1   0  10  25   1   6   0   2  27   0   0   0   1   3   0   0   1  0.67 inf
   76 P    0 -3 -2 -2 -5 -1  2 -4 -4 -2 -3 -1 -4 -5  6 -2  1 -6 -5  0   10   0   1   1   0   2  14   0   0   2   2   3   0   0  44   1  11   0   0   7  0.97 inf
   77 G   -2 -4 -3 -4 -6 -5 -5  7 -4 -7 -7 -5 -6 -7 -6 -3 -4 -6 -7 -5    1   1   1   1   0   0   0  94   0   0   0   0   0   0   0   0   0   0   0   1  2.30 inf
   78 T   -1 -1 -1  1 -3 -1  1 -4 -2  2 -2 -1 -1 -3 -3  0  3 -4 -3  3    2   3   3   7   0   2  13   0   0  11   2   4   1   0   0   7  21   0   0  23  0.29 inf
   79 Y   -4 -6 -6 -7 -6 -5 -6 -4 -2 -5 -3 -6 -1  5 -7 -4 -4  1  9 -5    1   0   0   0   0   0   0   2   0   0   2   0   1  20   0   1   1   1  72   0  2.37 inf
   80 D   -1  4 -1  1 -4  1  0 -2  1 -3 -2  1  0 -1  1 -2 -1  1  3 -2    4  25   3  10   0   7   5   2   3   1   4   6   3   1   6   1   2   2  14   2  0.31 inf
   81 G   -2 -6 -4 -5 -5 -5 -5  7 -5  1 -1 -5 -4 -3 -5 -4 -4 -6 -6 -2    3   0   0   0   0   0   0  78   0   8   7   0   0   1   0   0   0   0   0   3  1.60 inf
   82 I   -3  1 -2 -3 -4  5  0 -4 -1  1  0  1  0  2 -4 -2 -1 -1  0  1    0   9   1   0   0  29   4   0   1  11   7   9   1  11   0   1   3   1   3   9  0.39 inf
   83 C   -2 -6  2 -2 10 -3 -5 -3 -5 -5 -5 -5 -5 -6 -6  3 -4 -6 -6 -5    3   0   9   2  63   1   0   2   0   0   0   0   0   0   0  20   0   0   0   0  2.25 inf
   84 A    5 -3 -2 -4 -3 -3 -4 -3 -4 -4 -4 -3 -4 -5 -4  3  2 -5 -2 -2   59   1   1   0   0   0   0   1   0   0   0   0   0   0   0  21  14   0   1   2  1.05 inf
   85 E   -3 -3  4  0 -6  3  6 -4  1 -6 -6 -2 -2 -6 -5 -2 -4 -6 -5 -5    1   0  22   2   0  12  57   0   3   0   0   0   1   0   0   2   0   0   0   0  1.37 inf
   86 I   -5 -5 -6 -7 -5 -5 -6 -7 -3 -1  3 -6 -1  6 -6 -5 -5 -2  7 -3    0   0   0   0   0   0   0   0   0   2  32   0   1  30   0   0   0   0  35   0  1.53 inf
   87 C   -3 -6  1 -5 10 -5 -6 -5 -6 -5 -5 -5 -5 -6 -6  4 -1 -6 -6 -5    1   0   8   0  61   0   0   0   0   0   0   0   0   0   0  28   3   0   0   0  2.35 inf
   88 G   -4 -6 -4 -5 -6 -6 -6  8 -6 -8 -8 -5 -7 -7 -6 -4 -5 -6 -7 -7    0   0   0   0   0   0   0 100   0   0   0   0   0   0   0   0   0   0   0   0  2.65 inf
   89 P    2  0 -2  0 -3  0  1 -1 -1 -2 -1  1 -1 -3  2  0  1  0 -1 -1   21   6   0   6   0   2   9   3   1   2   5  10   1   0  12   3  10   1   2   4  0.18 inf
   90 G   -1 -2  0  1 -5  2 -1  5 -1 -5 -5 -2 -4 -3 -3  1 -3 -2  2 -5    4   2   3   9   0   9   3  46   1   0   0   1   0   0   1  11   0   0   9   0  0.73 inf
   91 H   -6 -5 -4 -6 -7 -4 -5 -6 10 -6 -4 -5 -5  6 -7 -5 -3 -4  1 -6    0   0   0   0   0   0   0   0  61   0   1   0   0  34   0   0   2   0   3   0  2.54 inf
   92 S    4 -3 -3 -3 -4 -3 -3  2 -3 -5 -5 -3 -4 -5 -2  4  0 -2 -2 -4   40   1   0   0   0   0   0  17   0   0   0   0   0   0   2  32   5   1   2   0  0.85 inf
   93 G   -1  0  1  0 -4  0  0  1  3 -3  0  0 -2  2 -3 -1 -1  3  1 -2    4   6   6   7   0   5   4  14  11   0  10   5   0  13   0   2   3   5   4   1  0.18 inf
   94 M   -5 -6 -3 -5 -6  1 -6 -7 -2 -3 -2 -5 11 -4 -7 -6 -5 -6 -5 -4    0   0   1   1   0   6   0   0   1   0   0   0  92   0   0   0   0   0   0   0  3.21 inf
   95 K    0  3 -1  0 -4  0  0 -2  1 -2 -2  2 -1 -3  3 -1  0 -4 -2 -2    9  20   2   7   0   3   3   2   4   2   5  16   2   1  16   2   6   0   1   1  0.32 inf
   96 F   -1 -5 -5 -5 -4 -5 -5  0 -4  3 -1 -5  0  7 -5 -1 -2 -3 -1 -1    5   0   0   0   0   0   0   6   0  15   5   0   2  57   0   4   3   0   0   3  1.18 inf
   97 K    0  2  0  0 -3  1  1 -3  0 -2 -2  3 -2 -2 -1  0  2 -1 -2  0    6  10   5   5   0   6  10   0   2   1   3  21   1   1   3   4  14   1   1   9  0.21 inf
   98 A    2 -5 -5 -5 -3 -4 -5 -4 -5  0 -1 -4  0  0 -5 -3  1 -1 -2  6   17   0   0   0   0   0   0   0   0   3   3   0   2   5   0   0   9   1   1  59  0.96 inf
   99 I   -2  1 -1 -2 -3 -1  0 -4  3  3  0  1 -1 -2 -4 -2 -1 -3  0  3    1   8   3   1   0   2   6   0  10  21   5  10   1   1   0   1   4   0   3  22  0.29 inf
  100 A    5 -3 -4 -3 -3 -3 -1 -1 -2 -1 -3 -3 -3 -3 -3  0 -2 -5 -4  4   48   1   0   1   0   1   5   4   1   2   0   0   0   1   1   6   1   0   0  29  0.72 inf
  101 T   -2 -3 -4 -3 -3  1  0 -4  1  0  1 -3  4 -3 -4 -2  1 -4 -3  4    2   0   0   0   0   7   8   0   4   2  14   1  13   0   0   1  10   0   0  36  0.52 inf
  102 P   -1 -1 -1  0 -2 -1  0 -2 -2 -2 -2  0 -1 -3  4  3  1 -3 -2  0    3   2   1   4   1   2   5   2   1   1   3   7   1   1  19  30   9   0   1   6  0.37 inf
  103 D    0 -1  1  3 -2  0  1 -1 -2 -2 -2 -1 -1 -3  3  1  1 -2 -2 -2    7   2   5  16   0   2  11   3   0   1   5   2   2   1  16  10  12   1   1   2  0.29 inf
  104 R   -1  2 -1 -1 -3  4  3 -3  0 -3 -3  1 -2 -3  3 -1 -2 -2 -2 -3    4  10   2   3   0  26  17   1   2   1   2   9   1   1  13   2   1   1   1   2  0.51 inf
  105 A    3 -3 -2  3 -4  0  4 -1 -2 -4 -4 -1 -3 -3 -2  0 -1 -4 -4 -3   30   0   1  15   0   2  29   3   0   1   1   3   0   1   1   6   3   0   0   1  0.57 inf
  106 A    0 -2 -2  5 -5  2  4  0 -2 -5 -4 -1 -4 -2 -4 -2 -2 -5 -2 -4    8   2   1  32   0   9  30   7   0   0   1   2   0   2   0   2   2   0   1   0  0.75 inf
  107 F   -4 -4 -6 -6 -6 -5 -6 -7 -4 -4 -3 -6 -4  8 -7 -6 -6  2  6 -4    1   1   0   0   0   0   0   0   0   0   1   0   0  66   0   0   0   3  27   0  2.30 inf
  108 D    1 -1  2  5 -5  2  2 -3 -1 -4 -4 -1 -4 -5 -3 -2 -1 -6 -3 -5   12   3   8  40   0   9  15   0   1   0   1   3   0   0   1   2   3   0   1   0  0.78 inf
  109 Q    4  1  0  0 -4  3  1 -2 -1 -4 -3  2 -3 -5 -3  0  0 -2 -4 -3   35   9   3   5   0  15   6   1   2   0   1  12   0   0   0   4   4   1   0   1  0.46 inf
  110 W   -6 -6 -8 -6 -7 -6 -8 -7 -1 -7 -4 -8 -6 -1 -8 -7 -7 13 -1 -8    1   0   0   1   0   0   0   0   1   0   1   0   0   2   0   0   0  92   1   0  4.57 inf
  111 V   -1 -1 -4 -5 -3 -2 -3 -5 -4  2  3 -3  1 -1 -5 -3 -2 -4 -1  5    4   4   0   0   0   1   1   0   0  12  25   1   3   2   0   1   1   0   2  42  0.64 inf
  112 A    3  0  0  1 -4  2  3 -2 -2 -3 -4  2 -3 -5 -3  0  0 -3 -4 -3   29   3   4   7   0  11  19   2   0   1   1  11   0   0   0   6   4   0   0   1  0.42 inf
  113 K    1  0  1  0 -4  2  3  0  0 -4 -3  3 -2 -5 -2  1 -1 -5 -4 -3   11   4   5   5   0  11  22   6   2   0   2  19   1   0   1   8   3   0   0   1  0.39 inf
  114 A    2 -1  0 -3 -3  4 -1 -2 -2 -1 -1  0  2 -3 -1 -1 -1 -4 -3  3   23   2   4   0   0  20   3   2   1   1   4   4   5   0   2   2   4   0   0  23  0.35 inf
  115 K    1  3 -2 -3 -5  3  0 -2 -2 -4 -3  5 -3 -5 -3 -2 -1 -5 -3 -4   10  18   1   0   0  13   3   3   1   0   3  40   0   0   1   2   4   0   0   0  0.73 inf
  116 Q    3  1  0 -1 -3  3  0  0 -2 -3 -3  2 -2 -4  1  0  0 -4 -3 -2   27   6   4   3   0  17   5   5   1   1   1  12   0   0   6   6   4   0   0   2  0.33 inf
  117 S    1 -1  0  0 -3  1  1  0 -1 -3 -3  0 -2 -3  2  2  1 -4 -2 -2   14   2   4   4   0   5  10   7   1   0   1   5   0   0  11  22   9   0   1   2  0.29 inf
  118 P    3 -3 -1 -1 -4  0  0  2 -3 -4 -4  1 -3 -4  4  1 -1 -5 -2 -2   28   0   2   3   0   4   4  14   0   1   0   8   1   0  23   8   2   0   2   2  0.52 inf
  119 N    1 -1  1  1 -2  1  1  0 -1 -2 -2  1 -2 -3  2  0  0 -4 -2 -1   16   2   9   7   1   7   9   7   1   1   2  11   1   1  12   5   5   0   1   4  0.19 inf
  120 T    2  0 -1 -1 -3  1  0 -1 -2 -1 -1  1 -2 -3  2  0  2 -3 -3  0   17   5   2   2   0   6   7   3   1   2   4   9   0   1  12   5  17   0   0   6  0.21 inf
  121 M    0 -3 -3 -2 -3 -2 -2 -1 -4  0  3 -2  2 -1  2 -1  0 -4 -2  0   10   0   1   3   0   1   2   5   0   5  41   2   5   1   9   3   6   0   1   6  0.31 inf
  122 S    1  0  1  0 -2  0  0  0 -1 -1 -1  0  0 -3 -1  1  2 -3 -2 -1   17   5   6   5   0   3   6   8   1   2   8   5   2   1   3   9  17   0   0   1  0.13 inf
  123 D    0 -2  2  4 -4  0  2  1 -2 -3 -2  0 -3 -3 -1  0  1 -4 -3 -3    7   1   8  29   0   3  12  10   1   0   3   7   0   1   2   4   9   0   0   1  0.38 inf
  124 M    1  1 -1 -1 -2  1  1  0 -1 -1  0  0  1 -1  1  0  0  0  0  0   12  12   3   3   0  10   8   6   1   2   9   3   6   2   6   4   4   2   3   6  0.07 inf
  125 A    3 -2  0  2 -3  1  2 -1 -2 -3 -2  0 -3 -3 -2  0  0 -2 -2 -2   35   1   4  13   0   7  14   3   1   1   3   4   0   1   1   5   5   1   1   2  0.36 inf
  126 A    3 -1 -2  0 -3  1  1  0 -3 -1 -1  0 -2 -3 -2  1  2 -4 -2 -1   28   3   1   4   0   7  12   5   0   3   5   5   0   0   0  11  12   0   1   3  0.25 inf
  127 F    0 -2 -2 -3 -4 -2 -2  0 -1 -3 -1 -1 -2  5 -3 -3 -3 -2  6 -1    8   2   2   2   0   1   3   7   1   1   5   4   0  23   1   1   1   0  34   5  0.75 inf
  128 E    0  1  2  2 -4  2  3 -2 -1 -3 -1  1 -2 -2 -2 -1 -2 -3 -2 -3   10   6   9  10   0   8  25   3   1   1   9   8   0   1   2   4   1   0   1   1  0.28 inf
  129 K    1  2 -1 -1 -4  2  2  0 -1 -3 -3  2 -2 -2 -1  0  0 -4 -3 -2   15  13   1   2   0  12  15   8   1   1   1  16   0   2   2   5   4   0   0   2  0.29 inf
  130 L   -2 -4 -5 -6  7 -2 -4 -5 -5  1  4 -5 -1  1 -5 -4 -3 -4  0  0    2   1   0   0  23   2   1   1   0   6  49   0   1   5   0   0   1   0   3   6  1.01 inf
  131 A    4 -2 -2 -3 -3 -1  0  0 -2  0  0 -2  1 -1 -3  0  0 -4 -3  0   41   2   1   0   0   3   6   7   1   5   8   1   4   3   0   5   5   0   0   6  0.31 inf
  132 A    2  1 -1 -1 -3  2  0  1 -2 -2 -1  3  0 -4 -3  0 -1 -4 -2 -2   22   7   2   3   0  11   5  10   0   2   5  20   2   0   0   4   3   0   1   2  0.26 inf
  133 P   -3 -2 -3 -3  8  1 -4 -6 -5 -6 -5 -1 -5 -6  6 -4 -2 -6 -6 -5    2   2   1   2  32   6   0   0   0   0   1   4   0   0  47   0   2   0   0   0  1.86 inf
  134 S   -1 -3  0 -3 -5 -1 -2  2  7 -5 -4 -2 -1 -5 -3  4  0 -5 -3 -4    3   0   3   0   0   2   2  13  29   0   1   2   1   0   1  36   6   0   0   1  0.94 inf
  135 E    1 -1  0  0 -3  1  3 -2  1 -1 -2  0 -1 -4 -2  1  2 -4 -3  0   12   2   3   3   0   5  23   2   5   3   2   4   1   0   1  10  16   0   0   8  0.26 inf
  136 Y    0  1  2 -1  2 -1 -2 -1  0  1  0  1  0 -2  0 -1 -1 -3  0  2   10   7  13   2   5   1   1   3   2  12   6   9   2   0   4   2   1   0   3  17  0.09 inf
  137 N   -1  3  2  3 -4 -1  1  1  4 -4 -4 -1 -3 -4 -2 -1 -1 -4  0 -2    6  18  12  15   0   2   9   9  13   0   0   2   0   0   2   3   3   0   3   4  0.40 inf
  138 Q   -1  0 -2 -2 -5  1  0  4 -3 -4 -5  0 -5 -5  5 -2 -3 -5 -5 -5    5   6   1   2   0   6   5  30   0   1   0   5   0   0  34   1   1   0   0   0  0.93 inf
  139 V   -1 -3 -1 -4 -3  0 -1 -4 -4  0 -1 -2  1 -3  1  0  3 -5 -4  4    4   1   3   0   0   4   3   0   0   3   3   2   3   0   7   7  22   0   0  37  0.50 inf
  140 E    0  3 -1  0 -4  1  3 -2 -3 -2 -2  0 -1 -3  0  1  2 -4 -4 -2    7  15   1   4   0   7  21   2   0   1   4   3   1   1   5   9  17   0   0   2  0.32 inf
  141 Y    2  0 -4 -4 -4 -2 -3 -1  2 -1 -1 -3 -2  3 -3 -2  0 -2  6 -2   20   5   0   0   0   1   1   4   5   3   6   1   1  10   1   2   6   0  33   2  0.63 inf
  142 F    0 -2 -2 -1 -4  0 -2 -2 -1 -1 -1 -3 -1  5 -4 -1 -1  1  4  0    8   2   2   3   0   5   1   3   1   3   5   1   1  33   1   4   3   1  18   5  0.54 inf
  143 S    2 -1 -1 -3 -4 -3 -3  4 -4 -5 -5 -2 -4 -5 -2  4 -1 -3 -5 -4   17   3   2   0   0   1   1  36   0   0   0   2   0   0   1  36   2   0   0   0  0.91 inf
  144 N    0  0  0 -1 -3  0 -1 -2  1 -2 -1  0 -2 -4  3  3  2 -3 -2 -2    6   5   5   2   0   3   3   2   4   1   6   7   0   0  14  23  16   0   1   2  0.28 inf
  145 V    0 -3 -2 -2 -3 -1 -2 -3 -3  2 -1 -3 -2  0 -3 -1  1 -4  1  5    6   1   1   2   0   3   2   2   1   9   4   1   0   4   1   4   8   0   5  49  0.52 inf
  146 K    1 -2 -1  2 -4  0  1  3 -3 -4 -4  1 -2 -1  1 -1  0  1 -2 -3   14   0   1  15   0   4  11  23   0   0   1   8   1   3   8   2   5   2   1   2  0.33 inf
  147 P   -1 -3 -2  0 -6 -2  0 -3 -2 -6 -6  2 -5 -6  7 -2 -3 -6 -2 -5    5   1   1   5   0   1   6   2   1   0   0  13   0   0  60   2   1   0   1   0  1.53 inf
  148 D   -2 -1  2  5 -2 -2  0  3 -1 -5 -4  0 -4 -3 -4 -2 -3 -6 -4 -5    3   3  11  42   1   1   5  24   1   0   1   5   0   1   0   1   1   0   0   0  0.86 inf
  149 L   -5 -5 -7 -7 -5 -2 -6 -7 -6  0  6 -6  3 -2 -6 -6 -5 -5 -4 -2    0   0   0   0   0   2   0   0   0   2  87   0   7   1   0   0   0   0   0   0  1.73 inf
  150 F   -5 -5 -6 -6 -5 -5 -6 -3 -3 -1 -3 -6 -3  8 -6 -5 -5  2  6 -4    0   0   0   0   0   0   0   2   0   3   0   0   0  69   0   0   0   2  23   0  2.04 inf
  151 A   -2  0  1  3  0  2  1  2  2 -4 -4  0 -2 -3 -2 -1  0 -3  1 -3    2   4   7  21   3  10   8  15   6   0   0   5   1   0   1   3   7   0   6   1  0.31 inf
  152 D    1  2  1  1 -3  1  0 -1  3 -3 -2  1 -2 -2 -3  1 -1 -2 -2 -2   14  14   5  10   0   6   4   3   9   1   3  10   1   1   0  15   2   0   1   1  0.23 inf
  153 V   -2 -5 -4 -5 -3 -4 -5 -5 -5  6  0 -4 -1 -3 -2 -4  0 -5 -3  4    3   0   1   0   0   0   0   0   0  49   5   0   0   0   2   0   5   0   0  34  1.00 inf
  154 I   -1 -4 -5 -2  2 -4 -4 -5 -5  4  2 -4  3 -2 -4 -4 -2 -4 -3  4    4   0   0   3   4   0   0   0   0  22  19   1   9   0   0   0   0   0   0  39  0.71 inf
  155 N    0 -1  4  1 -4 -1 -1  1  4 -2 -2 -1  3 -3 -3  0  0 -4 -2 -3   10   3  28   8   0   1   2   9  12   2   2   3  13   0   0   5   4   0   1   0  0.41 inf
  156 K   -2  4 -1 -3 -5  4  0 -3  2 -3 -4  4 -3 -5 -3 -1 -3 -5 -3 -4    1  26   1   0   0  22   5   0   5   2   0  35   0   0   0   3   0   0   0   0  0.90 inf
  157 F   -4 -4 -2 -5 -5 -2 -4 -5  4 -3 -3 -4 -3  4  0 -4 -3 -1  8  0    0   0   1   0   0   2   0   0  12   0   0   0   0  18   5   0   1   0  54   8  1.37 inf
  158 M   -3 -4 -5 -6 -4 -3 -5 -5 -4  2  0 -4 10 -2 -5 -4 -3 -4 -3 -1    0   0   0   0   0   0   0   0   0  10   0   0  90   0   0   0   0   0   0   0  2.16 inf

                      K         Lambda
Standard Ungapped    0.1339     0.3213
Standard Gapped      0.0523     0.2670
PSI Ungapped         0.1715     0.3125
PSI Gapped           0.0523     0.2670
