
Last position-specific scoring matrix computed, weighted observed percentages rounded down, information per position, and relative weight of gapless real matches to pseudocounts
           A  R  N  D  C  Q  E  G  H  I  L  K  M  F  P  S  T  W  Y  V   A   R   N   D   C   Q   E   G   H   I   L   K   M   F   P   S   T   W   Y   V
    1 M   -2 -3 -4 -4 -2 -3 -4 -4 -3  5  1 -3  6 -1 -4 -3 -2 -3 -2  2    0   0   0   0   0   0   0   0   0  51   4   0  39   0   0   0   0   0   0   6  0.72 inf
    2 D   -3 -3  3  7 -5 -1  1 -3 -2 -5 -5 -2 -4 -5 -3 -1 -2 -6 -4 -5    0   0  13  85   0   0   2   0   0   0   0   0   0   0   0   0   0   0   0   0  1.44 inf
    3 F   -2 -1  0 -4 -3 -3 -3 -4 -2  0  3 -3  2  5 -4 -1 -2 -1  1 -1    0   4   6   0   0   0   0   0   0   0  38   0   5  38   0   4   0   0   3   0  0.52 inf
    4 T    0 -2 -1 -2 -2 -1 -1 -1  0  0 -1  0  2 -2 -2  2  2 -3 -2  2    3   0   1   0   0   0   2   2   2   4   3   6   7   1   0  28  14   0   0  25  0.20 inf
    5 K   -3 -2  1  6 -4 -1  1 -3 -2 -3 -4  2 -4 -5 -3 -1  1 -5 -4 -4    0   0   5  56   0   0   6   0   0   1   0  18   0   0   0   3  11   0   0   0  0.88 inf
    6 P    2 -1 -2 -2 -3 -1  1  0 -2 -1 -2  0 -1 -3  4  1  0 -4 -2 -1   23   3   0   0   0   1  13   7   0   5   2   3   1   0  21  10   6   0   1   2  0.33 inf
    7 E    0 -1 -1  1 -3 -1  3 -1 -2 -3 -3 -1 -3 -4 -1  4  0 -4 -3 -2    2   3   1   7   0   0  21   4   0   0   2   2   0   0   2  51   3   0   0   3  0.52 inf
    8 T   -1  0  1  2 -3  2  2 -1 -1 -3 -3  3 -2 -4 -2  1  2 -4 -3 -3    3   1   5  14   0   8  14   2   1   0   0  24   0   0   0  10  19   0   0   0  0.39 inf
    9 V    2 -1  0 -2 -2 -2  0 -2 -2  1  0 -1 -1 -2  0  1  0 -3 -2  2   29   4   6   0   0   0   6   0   0   5   7   1   0   0   4   9   3   0   1  24  0.17 inf
   10 L   -3 -1 -5 -5 -3 -4 -4 -5 -4  0  6 -4  1  0 -5 -4 -3 -3  0  0    0   3   0   0   0   0   0   0   0   0  85   0   1   3   0   0   0   0   4   4  1.03 inf
   11 N   -1 -2  1  4 -1  0 -1 -2 -2 -4 -4  1 -3 -4 -3  3  3 -5 -4 -3    1   0   6  31   1   2   0   0   0   0   0   8   0   0   0  27  23   0   0   0  0.60 inf
   12 L   -3 -4 -6 -6 -3 -4 -5 -6 -5  0  6 -5  0 -1 -5 -5 -3 -4 -3 -1    0   0   0   0   0   0   0   0   0   2  98   0   0   0   0   0   0   0   0   0  1.39 inf
   13 Q    2 -2  1  5 -3  1  2  0 -2 -4 -4 -1 -3 -4 -1  1 -1 -5 -4 -3   20   0   4  40   0   6  11   5   0   0   0   2   0   0   2   8   3   0   0   0  0.57 inf
   14 N    0  2  5  1 -4 -1 -2  0  0 -4 -2 -1 -3 -4 -3  2  0 -4 -1 -3    6  16  42   5   0   1   0   5   2   0   3   0   0   0   0  16   3   0   2   0  0.56 inf
   15 I   -3 -5 -5 -5 -3 -5 -5 -6 -5  7  1 -5 -1 -1 -5 -4 -3 -4 -3  2    0   0   0   0   0   0   0   0   0  80   7   0   0   1   0   0   0   0   0  12  1.27 inf
   16 R   -4  8 -3 -4 -6 -1 -2 -5 -3 -6 -5  0 -4 -5 -5 -3 -4 -5 -4 -5    0 100   0   0   0   0   0   0   0   0   0   0   0   0   0   0   0   0   0   0  2.16 inf
   17 D    0 -1  1  3 -3  1  1 -2  3 -2 -3  0 -2  3 -3  2 -1 -3  0 -3    5   1   7  20   0   7   6   0  10   1   0   4   0  17   0  18   1   0   3   0  0.31 inf
   18 E    1 -2 -1  0 -3  3  1 -2 -2 -1 -3 -1 -2  0 -2  3  1 -3 -1  0   12   0   0   3   0  22   8   0   0   3   0   0   0   4   0  35   5   0   2   7  0.36 inf
   19 L   -4 -4 -6 -6 -3 -4 -5 -6 -5  0  6 -5  0 -2 -5 -5 -3 -4 -3 -1    0   0   0   0   0   0   0   0   0   0 100   0   0   0   0   0   0   0   0   0  1.46 inf
   20 V   -3 -4 -4 -5 -3 -2 -3 -5 -4  6  0 -4  1  0 -4 -3  0 -4 -3  3    0   0   0   0   0   2   1   0   0  62   2   0   3   4   0   0   5   0   0  21  0.87 inf
   21 R   -3  7 -3 -4 -5 -1 -2 -2 -2 -4 -2  1 -3 -5 -4 -2 -3 -5 -4 -1    0  83   0   0   0   1   0   3   0   0   4   4   0   0   0   2   0   0   0   4  1.44 inf
   22 M   -3 -2 -3 -3 -4  5  0 -4  0 -2  3  0  5 -3 -4 -3 -2 -4 -3 -2    0   0   0   0   0  38   5   0   2   0  34   4  18   0   0   0   0   0   0   0  0.71 inf
   23 E   -3 -2 -3 -1 -6  0  7 -4 -2 -6 -5  0 -4 -6 -3 -2 -3 -5 -4 -5    0   0   0   0   0   0  96   0   0   0   0   4   0   0   0   0   0   0   0   0  1.82 inf
   24 D   -4 -4 -1  7 -6 -2  2 -4 -3 -1 -5 -3 -5 -5 -4 -2 -3 -6 -5 -5    0   0   0  83   0   0  13   0   0   4   0   0   0   0   0   0   0   0   0   0  1.69 inf
   25 S    0 -3 -2 -3 -3 -2 -3 -3 -3 -3 -4 -2 -3 -4 -3  4  6 -5 -4 -2    4   0   0   0   0   0   0   0   0   0   0   0   0   0   0  31  64   0   0   0  1.13 inf
   26 I   -3 -5 -5 -5 -3 -5 -5 -6 -5  7  1 -5 -1 -2 -5 -4 -3 -5 -3  2    0   0   0   0   0   0   0   0   0  87   6   0   0   0   0   0   0   0   0   7  1.44 inf
   27 I   -2 -4 -4 -4  0 -4 -4 -5 -4  5 -1 -4 -1 -2 -4 -3  3 -4  0  3    0   0   0   0   1   0   0   0   0  54   0   0   0   0   0   0  19   0   4  21  0.80 inf
   28 F   -4 -3 -5 -6 -5 -5 -5 -6 -3 -2 -1 -5 -2  9 -6 -5 -4 -1  2 -2    0   1   0   0   0   0   0   0   0   0   4   0   0  90   0   0   0   0   3   1  2.02 inf
   29 K    2 -1  2  0  2 -1 -1  1  5 -3 -3  0 -3 -2 -3  2 -1 -4 -1 -3   21   2  10   6   5   1   0  10  20   0   1   5   0   1   0  17   0   0   1   0  0.36 inf
   30 F   -3 -4 -5 -6 -3 -4 -5 -6 -4  0  6 -5  0  4 -5 -4 -3 -3 -2 -1    0   0   0   0   0   0   0   0   0   0  84   0   0  16   0   0   0   0   0   0  1.19 inf
   31 I   -3 -5 -5 -5 -3 -5 -5 -6 -5  7  3 -5  1 -2 -5 -4 -3 -4 -3  1    0   0   0   0   0   0   0   0   0  74  24   0   1   0   0   0   0   0   0   2  1.20 inf
   32 E   -3  0 -2 -1 -6  0  7 -4 -2 -5 -3 -1 -4 -5 -3 -2 -3 -5 -4 -5    0   4   0   0   0   2  92   0   0   0   2   0   0   0   0   0   0   0   0   0  1.65 inf
   33 R   -4  8 -3 -4 -6 -1  0 -5 -3 -6 -5  0 -4 -5 -4 -3 -3 -5 -4 -5    0  96   0   0   0   0   4   0   0   0   0   0   0   0   0   0   0   0   0   0  2.00 inf
   34 S    4 -3 -2 -3 -2 -2 -2 -2 -3 -1 -2 -2 -2 -3  0  3  0 -4 -3  2   48   0   0   0   0   0   0   0   0   2   0   0   0   0   4  25   2   0   0  19  0.57 inf
   35 H   -3  1  0 -2 -5  7  0 -4  3 -5 -4  3 -3 -5 -3 -2 -3 -4 -1 -4    0   6   4   0   0  65   0   0   8   0   0  15   0   0   0   0   0   0   2   0  1.23 inf
   36 F   -4 -2 -4 -5 -4 -4 -4 -5  3 -2 -1 -4 -2  7 -5 -4 -4 -1  5 -3    0   2   0   0   0   0   0   0   7   0   2   0   0  65   0   0   0   0  21   0  1.46 inf
   37 A    1  0 -3 -3  5 -2 -2 -2 -3 -3 -3  0 -3 -1  6 -1 -2 -3  1 -3   15   5   0   0  15   0   0   2   0   0   1   6   0   3  43   4   0   0   5   0  0.89 inf
   38 T   -1  2 -2 -3 -3  1 -2 -3  1  0  2 -1  0  0 -3  0  1 -1  4 -1    2  14   0   0   0   6   1   0   5   4  26   1   1   3   0   6   9   0  19   1  0.23 inf
   39 C   -3 -3  8 -1  3 -2 -2 -2 -2 -5 -5 -2 -4 -5 -4  1 -2 -5 -4 -4    0   0  81   0   8   0   0   0   0   0   0   0   0   0   0   8   0   0   0   0  1.58 inf
   40 P    2  0 -2  0 -3  0  0 -2 -2 -3 -2  1 -2 -4  5  1 -1 -4 -3 -2   25   5   0   4   0   4   5   0   0   0   4  11   0   0  27  11   2   0   0   1  0.49 inf
   41 S    0  0  1  1  0 -1  0 -2 -1 -1 -2  0 -2 -2  3  1  2 -1  0 -1    6   5   8  10   2   0   3   0   1   4   2   5   0   1  18  15  14   1   3   2  0.25 inf
   42 V    0 -3 -1 -3  0 -3 -3 -3 -4  4  1 -3  1 -2 -3 -2  2 -4 -2  3    8   0   2   0   1   0   0   0   0  27   8   0   2   0   0   0  18   0   0  32  0.42 inf
   43 Y   -4 -4 -4 -5 -4 -4 -4 -5 -1 -3 -3 -4 -3  1 -5 -4 -1  0  9 -3    0   0   0   0   0   0   0   0   0   0   0   0   0   2   0   0   4   0  90   0  2.22 inf
   44 E    0  0  0  3 -2  1  2 -2  0  0 -1  0 -1 -3 -2  0  1 -3 -2  0    7   6   2  19   0   7  13   0   2   7   3   6   1   0   0   3  13   0   0  10  0.17 inf
   45 A    0  0 -2 -1 -3  0  0 -3 -3 -3 -2  1 -3 -4  6  1 -1 -4 -3 -1    6   4   0   2   0   3   4   1   0   0   3  13   0   0  47  11   1   0   0   4  0.89 inf
   46 N   -1 -2  4  1  0 -1 -1  4 -2 -1 -3 -2 -3 -4 -2  0 -2 -4 -3 -3    1   0  27   7   2   2   4  40   0   5   2   0   0   0   1   6   0   0   0   0  0.57 inf
   47 H    1  0  0  0 -2  0  0  1  3 -1 -1  1 -1 -1  1  0 -1 -1  1 -1   15   3   3   5   1   5   6  11  11   2   5  10   1   1   6   2   2   0   5   5  0.09 inf
   48 P    0 -1  0 -1 -1 -1  0  0  0 -1  0 -1  1  2  3  0 -1 -1  1 -1    6   2   6   3   1   2   6   6   2   3   7   3   5  15  15   6   3   1   4   3  0.12 inf
   49 G    2 -1 -1 -1  1 -1  0  3 -2 -2 -1  0 -2 -3  1  1  0 -3 -2 -2   29   2   1   2   3   2   7  23   0   1   5   4   0   1   7   7   5   0   1   1  0.24 inf
   50 L   -1 -1 -2 -1 -2 -1 -2 -1 -2  0  2 -2  0  3 -1 -1 -1 -2  0  2    4   5   1   5   0   2   1   4   0   2  25   1   0  19   2   5   3   0   2  18  0.13 inf
   51 E    0  0  1  2 -1  0  2  0  1 -3 -3  1 -2 -2  2  1  0  2 -2 -2    6   3   7  11   1   3  13   6   3   1   1  12   0   1  11  10   4   4   0   2  0.22 inf
   52 I    0 -1 -2 -1 -2 -2 -2 -1 -2  3  1 -1  2 -1 -1 -1 -1 -2 -1  2    8   3   1   3   0   1   1   4   0  33  12   4   9   2   2   2   2   0   2  11  0.17 inf
   53 P   -1 -2 -2  2 -1 -1  1  0 -1 -2 -2 -1 -2 -2  6 -1  0 -3 -2 -2    5   2   1  12   1   2   9   9   2   1   5   1   0   2  40   2   5   0   1   3  0.63 inf
   54 N   -1 -1  3  2  0 -1  0  4  0 -3 -3 -1 -3 -3 -2  0 -1 -3 -3 -3    3   2  17  16   3   1   7  35   2   1   1   1   0   0   1   6   2   0   0   1  0.45 inf
   55 F   -1 -1 -2 -1  0 -1 -2  0  1 -2 -1 -2 -1  6 -2  0 -1  2  1 -2    2   4   0   3   3   2   1   7   4   1   3   1   0  47   1  11   3   3   2   1  0.48 inf
   56 K   -1  0  2  3 -1  1  2 -1  3 -3 -3  0 -2 -3 -2  0  0  1 -2 -3    1   5  12  21   2   5  12   5  11   1   1   6   0   1   1   7   8   2   0   1  0.29 inf
   57 G    0 -1 -1 -2 -2 -2 -2  5  0 -1  1 -2 -1 -2 -2 -1 -2 -2  0 -1    8   3   3   1   0   1   1  47   3   2  18   1   0   1   1   2   1   0   4   2  0.42 inf
   58 S   -1 -2 -1 -2 -1 -2 -2 -2 -2 -4 -4 -2 -3 -4 -1  6  0 -4 -3 -3    1   1   1   1   1   0   1   1   0   1   1   1   0   0   2  86   1   0   0   1  1.12 inf
   59 F   -3 -3 -4 -4 -3 -3 -3 -4 -3 -1  3 -2  2  5 -2 -3 -2  4  1 -1    1   1   0   1   0   0   1   1   0   1  41   3   4  34   2   1   1   7   1   1  0.65 inf
   60 L   -1 -3 -4 -4 -2 -3 -3 -4 -3  1  4 -3  4  1 -3 -3 -1 -3 -2  2    5   0   0   0   0   0   0   1   0   4  47   0  13   4   0   1   2   0   0  22  0.49 inf
   61 D   -1 -2  0  5 -4  1  5 -3  0 -4 -4 -1 -1 -4 -2 -1 -2 -4 -3 -3    4   0   2  35   0   6  43   1   2   0   1   1   2   0   0   1   0   0   0   0  0.83 inf
   62 W   -3 -4 -4 -4 -4 -3 -4 -4 -2 -3 -2 -4 -1  5 -4 -1 -3  9  5 -3    1   0   0   0   0   0   0   1   0   0   2   0   2  30   0   5   0  31  24   0  1.45 inf
   63 A    0 -3 -3 -4 -1 -2 -3 -3 -2  1  2 -3  5  4 -3 -1 -2 -2  1  0   10   0   0   0   1   0   0   1   0   9  14   0  27  24   0   4   0   0   4   3  0.44 inf
   64 L   -2 -3 -4 -4 -2 -3 -4 -4 -1  2  4 -3  0  1 -3 -3 -2 -3 -2  3    1   0   0   0   0   0   0   1   2   9  58   0   0   4   0   1   0   0   0  23  0.61 inf
   65 S   -2  4 -1 -2 -2  2 -1 -3  1 -2 -1  3  1 -3 -2 -1  0  1 -1 -1    1  34   0   0   1  10   0   1   4   1   7  18   5   0   0   4   5   2   1   3  0.38 inf
   66 N   -2 -1  0  0 -4  2  6 -1  1 -4 -4  0 -3 -4 -2  0 -2 -4 -3 -4    1   1   2   0   0  10  64   5   3   0   1   3   0   0   0   6   0   0   0   0  0.88 inf
   67 L    0 -1  0 -2 -2  2 -1 -2  0 -1 -2 -1  2 -3 -2  1  4 -3 -2 -1    5   2   2   0   0  13   2   1   3   2   2   0   9   0   0  12  44   0   0   2  0.44 inf
   68 E   -3 -2 -2  0 -5  0  7 -4 -2 -5 -4 -1 -4 -5 -3 -2 -3 -4 -4 -4    1   0   0   0   0   0  93   1   0   0   1   0   0   0   0   1   0   0   0   0  1.63 inf
   69 I    2  3 -2 -2 -3  1 -1 -2 -2  0 -2  4 -1 -3 -2  0  0 -4 -3 -1   22  17   0   0   0   5   0   0   0   8   1  32   1   0   0   6   7   0   0   1  0.36 inf
   70 A   -1 -3 -4 -4 -2 -3 -4 -4 -4  2  4 -3  1  1 -2 -2  1  1 -2  2    2   0   0   0   0   0   0   0   0  16  48   0   2   5   2   2   9   2   0  13  0.45 inf
   71 H   -3 -2  0 -2 -5  5 -1 -2  9 -5 -5 -2 -3 -4 -4 -3 -3 -4  1 -5    0   0   3   2   0  30   1   2  60   0   0   0   0   0   0   0   0   0   3   0  1.61 inf
   72 S    4 -3 -2 -3  1 -2 -2  0 -3 -4 -4 -2 -3 -4 -3  4 -1 -4 -3 -3   45   0   0   0   3   1   0   5   0   0   0   0   0   0   0  46   0   0   0   0  0.79 inf
   73 R   -1  3 -1 -2 -3  4  0 -1 -2 -2  0  4 -1 -3 -2 -1  0 -3 -2 -2    3  16   0   0   0  22   0   3   0   1  15  31   0   0   0   2   5   0   0   0  0.41 inf
   74 I    1 -3 -3 -4 -2 -3 -3 -3 -3  2  1 -3  1  1 -3 -2 -1 -3 -2  4   16   0   0   0   0   0   0   1   0  14  14   0   3   7   0   0   2   0   0  40  0.37 inf
   75 R   -2  6 -2 -2 -4 -1 -2  4 -2 -4 -4  0 -3 -4 -3 -2 -3 -4 -3 -4    1  53   0   1   0   0   0  40   0   0   1   0   0   0   0   0   0   0   0   0  1.04 inf
   76 R   -3  8 -2 -3 -5  0 -2 -4  1 -4 -4  0 -3 -4 -4 -2 -3 -4 -3 -4    1  90   0   0   0   2   0   1   3   0   1   0   0   0   0   0   0   0   0   0  1.66 inf
   77 F   -4 -4 -4 -5 -4 -3 -4 -4 -1 -3 -3 -4 -3  4 -4 -3 -3  2  9 -3    1   0   0   0   0   0   0   1   0   0   1   0   0  13   0   0   0   2  79   0  1.86 inf
   78 E   -1  0  0  1 -3  3  3 -2 -1 -3 -1  2 -1 -3 -2  0  2 -3 -3 -2    4   1   2   6   0  18  24   1   0   0   6  17   1   0   0   1  16   0   0   1  0.35 inf
   79 S    2 -2  0 -2 -2 -1 -2 -2  0 -3 -2  0  0 -3 -2  5  0 -4 -2 -2   17   0   4   0   0   0   0   1   2   0   4   4   3   0   0  61   0   0   1   0  0.60 inf
   80 P   -3 -4 -3 -3 -4 -3  0 -4 -4 -4 -1 -3 -3 -5  8 -2 -3 -5 -4 -4    1   0   0   0   0   0   6   1   0   0   6   0   0   0  81   2   0   0   0   0  2.03 inf
   81 D   -3 -2  0  6 -5  0  4 -3 -2 -4 -4 -2 -4 -5 -3 -2 -2 -5 -4 -4    1   0   1  64   0   3  26   1   0   0   1   0   0   0   0   0   0   0   0   0  1.24 inf
   82 E   -3 -2 -2  1 -5  1  7 -4 -2 -5 -4 -1 -4 -5 -3 -2 -3 -4 -4 -4    1   0   0   4   0   3  88   1   0   0   1   0   0   0   0   0   0   0   0   0  1.46 inf
   83 T   -2 -2  2 -2 -3  0 -2 -3  7 -1 -2 -2 -2 -1 -3 -2  2 -2  5  0    1   0  11   1   0   3   1   1  32   4   2   1   0   0   0   1  14   0  23   6  0.64 inf
   84 P    2 -4 -3 -3 -4 -3 -3 -3 -4 -4 -4 -3 -4 -5  8 -2 -3 -5 -4 -3   18   0   0   0   0   0   0   1   0   0   1   0   0   0  76   0   0   0   0   0  1.93 inf
   85 F   -4 -5 -5 -5 -4 -5 -5 -5 -3 -2 -2 -5 -2  9 -5 -4 -4 -1  2 -3    0   0   0   0   0   0   0   0   0   0   0   0   0  94   0   0   0   0   2   0  2.17 inf
   86 F   -3 -4 -4 -3 -4 -4 -4 -4 -3 -2 -2 -4 -2  8 -4 -1  1 -1  3 -3    0   0   0   2   0   0   0   0   0   0   0   0   0  71   0   4  13   0   8   0  1.34 inf
   87 P   -2 -4 -2 -3 -4 -3 -3 -1 -1 -4 -3 -3 -4 -5  8 -2 -3 -5 -4 -4    2   0   2   0   0   0   1   4   1   0   2   0   0   0  80   1   0   0   0   1  2.02 inf
   88 D   -1 -2  0  5 -4  1  3 -2  1 -4 -4  1 -3 -3 -2  1 -2 -4 -2 -3    3   0   3  36   0   5  24   1   3   0   0   7   0   1   0  10   0   0   2   1  0.56 inf
   89 K    0  1  2  3 -1  0  0 -2  0 -2 -1  0 -2 -3 -2  0 -1 -3 -2  0   12   9  14  21   1   5   3   0   3   0   8   5   0   0   0   5   0   0   0  10  0.17 inf
   90 I   -3 -4 -4 -5 -3 -2 -4 -5 -4  2  5 -4  0  1 -3 -4 -2 -3 -2  1    0   0   0   0   0   2   0   0   0  10  71   0   0   4   1   0   2   0   0   6  0.76 inf
   91 Q   -2 -3 -3 -3 -4  2  1 -4 -3 -3 -1 -1 -3 -4  7 -1 -2 -4 -4 -1    0   0   0   0   0  10  11   0   0   0   9   3   0   0  55   3   0   0   0   5  1.14 inf
   92 K   -1  0 -1  0 -3  0  4 -3  0 -1 -2  2  0 -1  1  0  0 -3 -2 -2    5   2   0   3   0   2  35   0   3   4   2  16   3   3   7   7   5   0   0   0  0.31 inf
   93 S   -2 -3 -1 -1 -4 -3 -3 -3 -3 -4 -2 -3 -3 -4  7  2  0 -5 -4 -2    1   0   3   3   0   0   0   0   0   0   5   0   0   0  61  16   5   0   0   2  1.35 inf
   94 F   -1 -2 -4 -4 -2 -3 -4 -4 -4  5  1 -3  2  1 -4 -2  0 -3 -2  3    3   1   0   0   0   0   0   0   0  43  12   0   6   7   0   3   4   0   0  18  0.50 inf
   95 L   -2 -4 -4 -5 -3 -3 -3 -5 -4  2  5 -4  0  1 -1 -3 -1 -3 -2  0    3   0   0   0   0   0   2   0   0   8  68   0   0   6   4   1   3   0   0   4  0.66 inf
   96 P   -2 -3 -1 -2 -5  2  0 -3 -4 -5 -4  0 -4 -5  7 -3 -3 -5 -5 -4    2   0   3   1   0   9   5   1   0   0   1   6   0   0  69   0   0   0   0   0  1.67 inf
   97 S    0 -2 -2 -3 -3 -2 -2 -3 -3  0 -2 -1 -3 -4  7  1  0 -4 -4 -3    6   1   1   0   0   1   0   0   0   6   4   4   0   0  53  15   4   0   0   0  1.05 inf
   98 I   -2 -2 -2 -2 -2 -2 -3 -4  0  3  3 -1  2  0 -3 -1 -1 -2  1  1    0   2   2   3   0   1   0   0   3  19  41   3   4   2   0   7   2   0   5   4  0.26 inf
   99 N   -1  0  3  2 -4  4  1 -2  1 -4 -4  1 -3 -4  0  1 -1 -4 -3 -4    2   2  21  14   0  23   9   0   4   0   0   9   0   0   4  11   2   0   0   0  0.50 inf
  100 Y   -4 -4 -4 -5  3 -4 -4 -3  1 -4 -3 -2 -3  3 -5 -2 -2  0  8 -3    0   0   0   0   7   0   0   1   2   0   0   2   0   9   0   3   3   0  72   0  1.66 inf
  101 P   -1 -4 -4 -3 -5 -3 -1 -4 -4 -5 -5  0 -4 -6  8 -1  1 -6 -5 -4    3   0   0   0   0   0   4   0   0   0   0   5   0   0  77   3   9   0   0   0  1.97 inf
  102 Q   -2  2  1  0 -4  4  0 -3  0 -4 -3  3 -2 -2  1  0  0 -4 -3 -3    0  10   7   3   0  29   4   0   2   0   0  27   0   2   6   4   6   0   0   0  0.51 inf
  103 I   -2 -2 -4 -3 -3 -3 -2 -4 -4  5  1 -3  0  0 -1 -3 -2 -4 -2  4    2   3   0   1   0   0   3   0   0  41   7   0   0   3   3   0   0   0   0  35  0.60 inf
  104 L   -3 -4 -5 -5 -3 -4 -5 -5 -5  1  6 -4  0 -1 -5 -4 -3 -4 -3 -1    0   0   0   0   0   0   0   0   0   3  95   0   0   0   0   0   0   0   0   0  1.34 inf
  105 A    2 -2 -1 -2  1 -2 -2 -3  8 -3  0 -2 -2 -2 -4 -2 -3  0  2 -2   18   0   2   1   3   0   0   0  53   0   9   1   0   0   0   0   0   1   7   3  1.02 inf
  106 P   -2  0 -2 -1 -3 -2  0 -3 -1 -3 -1 -1 -3 -3  7  1 -2 -4 -3 -3    1   4   1   2   0   0   7   1   1   1   7   4   0   1  55  13   1   0   0   1  1.09 inf
  107 Y    1 -1  1 -1  2 -1 -1 -1  1  0 -1 -1 -1  0  1  1 -1 -1  3 -1   14   1   9   1   6   1   2   4   4   5   3   3   1   4   6  12   2   0  18   5  0.12 inf
  108 A    4 -2 -1  1 -1 -1 -1 -1  0  1 -2 -1 -1 -2 -1  1  1 -3 -2 -1   45   1   1   8   0   1   2   3   2  10   2   1   0   1   1   9  10   0   1   1  0.28 inf
  109 P    0 -2  4  3  0 -1  1 -1 -1 -3 -2  0 -2  0  0  1 -1 -3 -2 -3    7   1  29  18   3   0   9   2   0   1   3   3   0   6   4  12   1   0   0   1  0.35 inf
  110 E   -1 -1  1  3  1  0  2 -1  0 -3 -2  0 -2  0 -2  2 -1 -3 -2 -3    2   3   7  22   5   4  13   2   2   0   5   3   0   6   0  25   0   0   0   0  0.28 inf
  111 V   -2 -4 -5 -5 -3 -4 -4 -5 -4  5  1 -4 -1  0 -4 -4 -2 -3  1  5    0   0   0   0   0   0   0   0   0  35   6   0   0   4   0   0   0   0   6  49  0.85 inf
  112 N   -4 -3  8  1  0 -2 -2 -3 -2 -5 -5 -3 -4  1 -4 -1 -1 -5 -4 -3    0   0  80   6   3   0   0   0   0   0   0   0   0   6   0   2   2   0   0   2  1.49 inf
  113 Y   -1 -3 -4 -4 -2 -3 -3 -4 -1  4  1 -1 -1  1 -4 -3 -2  2  2  4    5   0   0   0   0   0   1   0   1  25   8   4   0   5   0   0   0   3   9  40  0.48 inf
  114 N   -4 -3  8 -1 -5 -2 -3 -3 -2 -5 -5 -3 -4  1 -4  0 -1 -5 -4 -5    0   0  88   0   0   0   0   0   0   0   0   0   0   6   0   4   2   0   0   0  1.81 inf
  115 D    0  0  2  4 -4  0  2 -1 -1 -4 -3  3 -3 -4 -2  0  0 -4 -3 -3    7   1  10  28   0   1  11   2   1   0   1  27   0   0   1   5   3   0   0   1  0.46 inf
  116 K    0  1 -1 -1 -3  2  2 -3 -2 -1 -3  3  0 -4  1  0  1 -4 -3 -1    8   7   1   2   0   8  15   0   0   4   0  29   3   0   6   6   8   0   0   3  0.30 inf
  117 I   -3 -5 -5 -5 -3 -5 -5 -6 -5  6  1 -5 -1 -2 -5 -4 -2 -4 -3  3    0   0   0   0   0   0   0   0   0  72  11   0   0   0   0   0   0   0   0  17  1.19 inf
  118 K   -3  0 -3 -4 -4 -2 -3 -4 -3 -2  2  4  2 -2  1 -3 -3  8  0 -3    0   2   0   0   0   0   0   0   0   0  26  34   6   0   6   0   0  23   3   0  0.85 inf
  119 K    0  0  2  3 -3  1  1 -2 -1 -4 -4  2 -3 -4 -2  2  1 -4 -3 -3    5   5   8  21   0   4   8   0   1   0   0  18   0   0   0  21   8   0   0   0  0.41 inf
  120 V   -1  1 -2 -4  0 -2 -3 -3  0  2  1 -1  4  4 -4 -2 -1 -2  1  1    3  11   2   0   2   1   0   1   2  11   7   2  21  21   0   0   2   0   3  10  0.31 inf
  121 Y   -5 -5 -5 -6 -5 -4 -5 -6 -1 -4 -4 -5 -4  0  0 -5 -4 -1 10 -4    0   0   0   0   0   0   0   0   0   0   0   0   0   0   4   0   0   0  96   0  2.61 inf
  122 I   -2 -3 -3 -4 -3 -2 -2 -4  1  4  1 -2  0  3 -4 -3  1 -3 -1  2    0   0   0   0   0   2   2   0   4  31  11   2   1  19   0   0   9   0   0  18  0.44 inf
  123 E   -2  2  3  2 -1  1  3 -2  0 -4 -4  2 -3 -4 -3  0 -1 -4 -3 -4    0  11  21  12   2   4  22   2   2   0   0  18   0   0   0   5   1   0   0   0  0.50 inf
  124 K   -1 -1  2  3 -4  2  3 -3  3 -4 -4  2 -3 -4 -3  0  0 -4 -3 -3    2   1   9  19   0   9  27   0   8   0   0  13   0   0   0   6   4   0   0   2  0.50 inf
  125 I   -3 -4 -5 -5 -3 -4 -5 -5 -4  5  3 -4  1  2 -5 -4 -3 -3 -2  1    0   0   0   0   0   0   0   0   0  45  35   0   2  10   0   0   0   0   0   7  0.83 inf
  126 I   -3 -4 -5 -5 -3 -4 -5 -5 -5  3  4 -4  1 -2 -4 -4 -2 -4 -3  3    0   0   0   0   0   0   0   0   0  14  56   0   2   0   0   0   0   0   0  28  0.85 inf
  127 P   -4 -5 -5 -4 -6 -4 -4 -5 -5 -6 -6 -4 -5 -7  9 -4 -4 -7 -6 -5    0   0   0   0   0   0   0   0   0   0   0   0   0   0 100   0   0   0   0   0  3.05 inf
  128 L    1  3  0 -2 -3  1  0 -1 -1 -2  1  2  0 -3 -3  0 -2 -3 -2 -2   14  20   6   0   0   6   6   4   1   0  23  13   2   0   0   5   0   0   0   0  0.20 inf
  129 I    1 -4 -4 -4 -2 -3 -4 -4 -4  3  3 -3  1  2 -4 -3 -1 -3 -1  2   12   0   0   0   0   0   0   0   0  26  27   0   3  11   0   0   3   0   0  17  0.45 inf
  130 S    0 -4 -3 -4  8 -3 -4 -2 -4 -2 -3 -3 -2 -4 -4  2  2 -4 -4  2    7   0   0   0  37   0   0   2   0   0   0   0   0   0   0  19  15   0   0  20  0.92 inf
  131 K    0  1 -1 -2  2  1 -1 -2 -2 -2 -2  3 -1 -3  2  0  1 -3 -3 -1    8   6   1   0   5   5   2   1   0   2   4  33   1   0  11   4  12   0   0   4  0.29 inf
  132 R    0  1  1  2 -3  2  3  0 -1 -3 -3  2 -2 -3  0  0  0 -3 -1 -3    9   6   5  14   0   8  23   6   0   0   0  12   0   0   4   6   4   0   2   0  0.31 inf
  133 D   -1  3 -1  1 -4  0  1  4 -2 -2 -3  0 -3 -4 -2 -1 -1 -4 -3 -2    3  21   0   8   0   4  13  35   0   3   1   4   0   0   1   1   2   0   0   3  0.43 inf
  134 G    0 -2  1  0 -2 -2 -1  5 -2 -2 -3 -2 -2 -1 -2  1 -1 -2 -2 -2    4   1   5   4   1   1   3  53   1   3   2   2   1   4   1  10   2   0   1   2  0.56 inf
  135 D   -1 -1  1  4 -3  0  4 -1 -1 -1 -2 -1 -2 -3 -2 -1 -1 -3 -2 -1    3   1   5  30   0   1  33   4   1   3   2   1   1   1   1   2   3   0   1   4  0.49 inf
  136 D   -1 -1  0  5 -3  2  0 -1 -2 -3 -3 -1 -2 -3 -2  1  0 -3 -3 -3    5   2   2  52   0  11   1   2   0   1   2   1   0   1   1  11   6   0   0   1  0.62 inf
  137 K   -1 -1  0  5 -3  2  2 -2 -1 -3 -2  0 -2 -1  0  0 -1  2 -1 -3    3   1   1  40   0  15   9   1   0   1   2   5   0   3   4   4   3   4   1   1  0.44 inf
  138 N    0 -1  0  1 -3  0  4  4 -2 -3 -3 -1 -3 -2 -2 -1 -2 -3 -3 -3    5   3   4   5   0   1  35  37   0   1   1   1   0   2   1   1   1   0   0   1  0.52 inf
  139 N   -3 -2  7  0 -4  1 -1 -2  2 -4 -4 -2 -3 -4 -3  0 -1 -4 -3 -4    1   1  78   1   0   6   1   1   4   1   1   1   0   0   1   4   1   0   0   1  1.26 inf
  140 F   -2 -3 -3 -4  4 -3 -3 -4  2 -1  0 -3 -2  3 -4 -2 -3  0  7 -2    2   0   0   0  10   0   1   1   4   2   9   0   0   9   0   2   0   0  57   1  0.99 inf
  141 G    1 -3 -2 -2 -3 -3 -3  6 -3 -4 -4 -2 -3 -4 -2 -1 -2 -3 -4 -3   15   0   0   0   0   0   1  76   0   0   1   0   0   0   1   1   0   0   0   2  1.16 inf
  142 S    0 -2 -1 -2 -2  0 -1 -2 -2 -3 -3 -1 -2 -3  0  5  1 -4 -3 -2    4   0   0   0   0   5   2   1   0   0   2   0   0   0   3  74   4   0   0   2  0.77 inf
  143 V    2 -2 -1 -2  0 -2 -2 -2 -2 -1 -2 -2 -2 -3 -2  2  4 -3 -2  1   20   0   0   0   2   0   1   1   0   0   1   0   0   0   0  23  35   0   0  15  0.41 inf
  144 A    5 -2 -2 -3 -2 -2 -2 -1 -3 -1 -1 -2 -1 -3 -2  1  0 -3 -3  1   63   0   0   0   0   0   1   3   0   0   3   0   1   0   0   7   4   0   0  15  0.52 inf
  145 T    1 -2 -2 -1  1 -2 -2 -2 -3  1  0 -2  0 -2 -2  0  3 -3 -2  2   13   0   0   2   2   0   1   2   0   3   9   0   2   0   0   4  31   0   0  26  0.26 inf
  146 R    1  0 -1 -3  9 -2 -3 -3 -3 -1 -1 -2 -2 -3 -3  0 -1  0 -2 -2   11   8   3   0  52   1   1   1   0   3   6   0   0   0   0   5   4   1   1   1  0.96 inf
  147 D   -3 -3  0  8 -5 -2  0 -3 -3 -4 -5 -2 -4 -5 -3 -2 -3 -5 -4 -4    1   0   0  92   0   0   1   1   0   0   1   0   0   0   0   1   0   0   0   1  1.71 inf
  148 I   -1 -3 -3 -3 -2 -3 -3 -3 -3  4  1 -3  1  0 -3 -2  2 -3 -2  3    2   0   0   0   0   0   1   1   0  35  13   0   2   3   0   1  16   0   0  23  0.38 inf
  149 E    1 -1  1  0 -2  1  2 -2 -1  0  0 -1  0 -2 -1  1  0 -3 -2 -1   18   2   9   4   0   5  19   1   1  10   7   0   4   0   1  11   5   0   0   2  0.12 inf
  150 C    0 -4 -2 -4  9 -3 -4 -3 -4 -1  0 -3 -2 -3 -3 -2 -1 -3 -3  1    9   0   2   0  61   0   1   1   0   2   8   0   0   0   0   1   4   0   0   9  1.33 inf
  151 L   -3 -3 -4 -4 -2 -3 -4 -4 -4  1  5 -3  1 -1 -4 -3 -2 -3 -2  0    1   0   0   0   0   0   1   1   0   3  89   0   0   0   0   1   0   0   0   2  0.97 inf
  152 Q   -2 -1 -2 -2 -4  8  0 -2 -1 -4 -4  0 -2 -4 -3 -1 -2 -3 -3 -4    1   0   0   0   0  87   1   3   0   0   1   2   0   0   0   2   0   0   0   1  1.50 inf
  153 S    3 -2 -1 -2  1 -1 -1 -1 -2  0  1 -1  0 -1 -1  1  0 -2 -1  1   43   1   1   1   4   1   1   1   0   4  15   1   0   1   1   8   6   0   1  10  0.14 inf
  154 L   -1 -2 -2 -2 -1 -1 -2 -2 -2  2  3 -2  2  0 -2  0  0 -2 -1  1    1   1   1   1   0   1   1   1   0  17  44   1   5   1   1  15   1   0   1   6  0.17 inf
  155 S    1 -1  0 -1 -1  2  0 -1 -1 -2 -2  0 -1 -2 -1  4  1 -2 -2 -2    8   1   1   1   0  14   1   1   0   1   2   1   0   1   1  62   1   0   1   1  0.37 inf
  156 R   -1  4  1 -1 -3  2  0 -2 -1 -3 -2  3 -1 -3 -1 -1 -1 -2 -2 -2    1  38   6   1   0   8   1   1   0   1   2  34   0   1   1   1   1   0   1   1  0.43 inf
  157 R   -1  6  0 -1 -2  1  0 -2  0 -2 -2  2 -1 -2 -1 -1 -1 -2 -1 -2    2  74   1   1   1   1   2   2   1   1   2   2   1   1   1   2   2   0   1   2  0.54 inf
  158 I   -1 -2 -2 -2 -1 -2 -2 -2 -2  4  1 -2  1  0 -2 -2 -1 -2 -1  2    2   1   1   1   1   1   2   2   1  63   2   2   5   1   1   2   2   0   1   8  0.21 inf
  159 H   -1  0  1 -1 -2  0  0 -2  8 -2 -2 -1 -1 -1 -2 -1 -1 -2  1 -2    2   1   5   1   0   1   2   2  69   1   2   1   1   1   1   2   5   0   1   2  0.65 inf
  160 F   -1 -2 -2 -2 -2 -2 -2 -2  0  0  0 -2  0  4 -2 -1 -1  1  5 -1    2   1   1   1   0   1   2   2   1   6   5   1   1  27   1   2   1   0  43   2  0.42 inf
  161 G    0 -3 -1 -2 -3 -2 -3  6 -3 -4 -4 -2 -3 -4 -3 -1 -2 -3 -4 -4    0   0   0   0   0   0   0 100   0   0   0   0   0   0   0   0   0   0   0   0  1.22 inf
  162 K   -1  2  0 -1 -3  1  0 -2 -1 -2 -2  4  0 -3 -1  0  2 -3 -2 -2    0   4   0   0   0   0   2   0   0   0   0  64   6   0   0   0  24   0   0   0  0.39 inf
  163 F   -2 -3 -3 -4 -2 -2 -3 -4 -1  0  2 -3  1  6 -4 -3 -2  0  3 -1    0   0   0   0   0   2   0   0   0   0  24   0   3  60   0   0   0   0  10   0  0.58 inf
  164 V   -1 -2 -2 -3 -2  2 -1 -3 -2  2  0 -1  0 -2 -2 -2  0 -3 -2  4    0   0   0   0   0  24   0   0   0   2   0   0   0   0   0   0   0   0   0  73  0.31 inf
  165 A    4 -1 -1 -1 -1  0  2  0 -1 -2 -2 -1 -2 -3 -1  1  0 -3 -2 -1   63   0   0   0   0   0  24   5   0   0   0   0   0   0   0   8   0   0   0   0  0.36 inf
  166 E   -1 -1  0  4 -4  1  5 -2 -1 -4 -4  1 -3 -4 -2  0 -1 -4 -3 -3    0   0   0  24   0   0  73   0   0   0   0   2   0   0   0   0   0   0   0   0  0.77 inf
  167 A    3 -2 -1 -1  1 -1 -1 -1 -2 -1 -2 -1 -1 -2 -1  3  1 -3 -2  1   36   0   0   0   2   0   0   0   0   2   0   0   0   0   0  45   0   0   0  15  0.28 inf
  168 K   -1  1 -1 -2 -3  1  0 -2 -1 -1  1  5  0 -2 -2 -1 -1 -3 -2 -2    0   0   0   0   0   0   0   0   0   0  24  76   0   0   0   0   0   0   0   0  0.39 inf
  169 F   -4 -4 -5 -5 -4 -4 -5 -5 -2 -2 -1 -4 -2  7 -5 -4 -4  7  4 -3    0   0   0   0   0   0   0   0   0   0   0   0   0  71   0   0   0  17  12   0  1.58 inf
  170 Q   -2  4  0 -2 -4  5  0 -3 -1 -1  0  1  0 -3 -3 -2 -1 -3 -3 -2    0  30   4   0   0  46   0   0   0   4   9   5   1   0   0   0   1   0   0   1  0.64 inf
  171 S    1 -1  0  2 -2  0  2  0 -1 -2 -2  1 -1 -2 -1  2  0 -3 -2 -2   19   1   3  12   0   3  16   5   0   1   3   9   1   1   1  20   3   0   1   1  0.21 inf
  172 D    1 -1  1  3  0  1  2 -1  0 -3 -3  0 -2 -3 -1  1 -1 -3 -2 -2   12   2   7  25   3   4  17   1   2   1   2   3   0   1   1  16   1   0   1   1  0.29 inf
  173 I   -1  0 -2 -2 -3  0 -1 -1 -2 -1 -2  0 -1 -3  6  0  1 -3 -3 -2    1   6   1   1   0   4   3   3   0   4   2   7   1   1  50   4  10   0   1   1  0.86 inf
  174 P    1 -1  0  2 -3  2  3 -2  0 -3 -3  1 -2 -3  1  0 -1 -3 -2 -2   14   1   1  16   0  12  30   1   2   1   2   7   0   1   6   4   1   0   1   1  0.34 inf
  175 L    1  1  0  1 -2  0  1  0 -1 -1  0  1 -1 -2 -1  0  0 -2 -2 -1   20   9   2  10   0   2  10   6   0   1  10  12   1   1   1   4   5   0   1   5  0.09 inf
  176 Y   -2 -2 -3 -3 -3 -2 -3 -3  0 -1 -1 -3 -1  5 -3 -2 -2  1  7 -2    1   1   1   1   0   1   1   1   0   3   2   1   0  26   1   1   1   0  57   1  1.02 inf
  177 T   -1 -1  0 -1 -2  1  2 -1 -1  1 -1  0  0 -2 -1  1  2 -2 -2  1    1   2   5   1   0   4  19   2   0  11   2   5   3   1   1   8  22   0   1  13  0.13 inf
  178 K    1  1 -1  0 -1  1  1 -1 -1 -2 -2  2 -2 -3  4  0  0 -3 -2 -2   17   8   2   4   1   5   7   2   0   1   2  18   0   1  23   3   4   0   1   1  0.35 inf
  179 L    1 -2 -2 -2 -2 -1 -2 -2  3  0  3 -2  1  0 -1 -1  0 -2 -1  0   20   1   1   1   0   1   1   1  10   1  46   1   4   1   2   1   5   0   1   1  0.22 inf
  180 I   -2 -3 -3 -3 -2 -3 -3 -3 -3  6  0 -3  0 -1 -3 -3 -1 -3 -2  2    1   1   1   1   0   1   1   1   0  81   2   1   0   1   1   1   1   0   1   4  0.77 inf
  181 K   -1  3 -1  0 -2  1  0 -2  0  0  0  3  0 -2 -2  0 -1 -2 -2 -1    1  24   1   4   0   5   1   1   1   6  15  29   1   1   1   5   1   0   1   2  0.23 inf
  182 S    3 -1  1  0 -2  0  1 -1 -1 -2 -2  0 -2 -3 -1  1 -1 -3 -2 -1   49   2   9   4   0   3  13   1   0   1   2   5   0   1   1   6   1   0   1   2  0.28 inf
  183 K   -1  2  1 -1 -3  4  1  0 -1 -3 -2  3 -2 -3  1 -1 -1 -3 -2 -2    3  10   7   1   0  28   5   8   0   1   2  24   0   1   6   1   1   0   1   1  0.35 inf
  184 D   -3 -3  3  7 -5 -2  0 -3 -2 -5 -5 -2 -5 -5 -3 -2 -2 -6 -5 -5    0   0  13  87   0   0   0   0   0   0   0   0   0   0   0   0   0   0   0   0  1.55 inf
  185 V    1  4  0 -2 -1 -1 -1 -1 -2  0 -2  1 -2 -3 -2  2  0 -4 -2  0   12  32   4   0   1   0   0   3   0   7   1   4   0   0   1  23   5   0   0   7  0.26 inf
  186 E   -1 -1  1  5 -4  0  2 -2 -2 -4 -4  2 -3 -4 -2 -1 -1 -4 -3 -3    6   0   5  52   0   3  15   2   0   0   0  14   0   0   0   0   1   0   1   1  0.72 inf
  187 G    2  0 -1  0 -3  0 -1  4 -2 -4 -3  2 -3 -4 -2  0 -2 -4 -3 -3   22   5   0   4   0   5   2  38   0   0   0  22   0   0   0   3   0   0   0   0  0.47 inf
  188 I   -2 -4 -5 -5 -2 -4 -4 -5 -4  4  4 -4  1 -1 -4 -4 -2 -3 -2  1    0   0   0   0   0   0   0   0   0  33  62   0   0   0   0   0   0   0   0   5  0.77 inf
  189 M   -1 -2 -2  1 -3 -1  2 -1  0 -1  0 -2  7 -2 -3 -1 -1 -3 -1 -2    4   0   0  10   0   0  20   4   2   0   2   0  51   0   0   2   3   0   2   0  0.64 inf
  190 K    1  1  1  3 -3  1  2  0  0 -3 -3  2 -2 -4 -2  0 -1 -4 -3 -3   16   8   8  18   0   3  18   5   2   0   0  19   0   0   0   2   1   0   0   0  0.34 inf
  191 N    2 -2 -1 -2 -2 -2  0 -2  0  0  3 -2  2 -2 -3  0 -1 -3 -2 -1   25   0   3   0   0   0   9   0   3   2  42   0   7   0   0   9   0   0   0   0  0.26 inf
  192 I   -3 -4 -5 -5 -3 -4 -5 -5 -5  5  4 -4  0 -1 -4 -4 -2 -4 -3  1    0   0   0   0   0   0   0   0   0  54  46   0   0   0   0   0   0   0   0   0  0.90 inf
  193 T   -2 -3 -2 -3 -3 -3 -3 -4 -4 -2 -3 -3 -2 -4 -3  0  7 -4 -3  1    0   0   0   0   0   0   0   0   0   0   0   0   0   0   0   0  91   0   0   9  1.33 inf
  194 N   -3 -2  5  3 -4 -1 -1 -2 -1 -3 -3  1 -3  2 -3  0 -2 -2  4 -3    0   0  37  18   0   0   0   0   0   0   0  11   0  12   0   4   0   0  18   0  0.60 inf
  195 S    1  0 -1 -1 -3  1  2 -2 -2 -2 -2  2 -2 -3  3  2  0 -4 -3 -1   12   2   0   0   0   4  20   0   0   2   1  18   0   0  16  17   3   0   0   4  0.35 inf
  196 A    4  0  0 -2 -2  0  1 -2 -2 -2 -3  2 -2 -2 -2  0  1 -3 -2 -1   46   3   5   0   0   3   9   0   0   0   0  15   0   2   0   2   7   0   0   3  0.29 inf
  197 V   -2 -3 -4 -4 -3  2 -3 -4 -4  1 -1 -3 -1 -3 -4 -3 -2 -4 -3  6    0   0   0   0   0  12   0   0   0   4   0   0   0   0   0   0   0   0   0  80  0.87 inf
  198 E   -3 -2 -2  0 -5  0  7 -4 -2 -5 -5 -1 -4 -5 -3 -2 -3 -5 -4 -4    0   0   0   0   0   0  92   0   0   0   0   0   0   0   0   0   0   0   0   0  1.50 inf
  199 E    0  2 -1  3 -4  2  4 -3 -2 -3 -2  2 -2 -4 -2 -1 -2 -4 -3 -3    8  10   0  18   0   8  31   0   0   0   2  15   0   0   0   0   0   0   0   0  0.42 inf
  200 K    1  2 -1 -1 -3  1  0 -2 -2 -2 -2  4  1 -3 -2 -1 -1 -4 -3  0   16   9   2   2   0   4   1   0   0   0   2  38   4   0   0   1   2   0   0   9  0.25 inf
  201 I   -2 -4 -4 -4 -2 -4 -4 -5 -4  4  1 -4  0 -2 -4 -3 -2 -4 -3  5    0   0   0   0   0   0   0   0   0  28  10   0   0   0   0   0   0   0   0  53  0.68 inf
  202 L   -2  0 -3 -3 -3 -2 -1 -4 -3  0  4  3  0 -2 -3 -3 -2 -3 -2  0    0   4   0   0   0   0   4   0   0   3  51  25   0   0   0   0   0   0   0   4  0.36 inf
  203 E    0  3 -1  1 -2  1  3 -3  1 -3 -2  3 -1 -3 -2 -1 -1 -3 -2 -2    6  17   0   5   1   4  26   0   4   0   4  20   2   0   0   0   1   0   0   2  0.30 inf
  204 R   -3  7 -2 -3 -5 -1 -2 -4 -2 -5 -4  0 -3 -5 -4 -3 -1 -5 -4 -4    0  88   0   0   0   0   0   0   0   0   0   0   0   0   0   0   4   0   0   0  1.53 inf
  205 L   -1 -3 -4 -4 -2 -3 -4 -4 -4  1  4 -3  0 -1 -4 -3 -2 -3 -2  4    3   0   0   0   0   0   0   0   0   2  44   0   0   0   0   0   0   0   0  43  0.58 inf
  206 T    1  2 -1 -1 -1  1  3 -2  1 -1 -2  1  0 -3 -2 -1  0 -3 -2 -1   14  15   1   0   1   7  26   2   5   3   1   8   2   0   0   0   4   0   0   2  0.19 inf
  207 K    0  0  1 -2 -2  0  0 -2 -2  0  1  2  2 -1 -2 -1 -1 -2  0  0    9   2   8   0   0   2   6   0   0   3  23  18   8   0   0   2   3   0   5   5  0.05 inf
  208 K   -3  0  0 -3 -5 -1 -1 -3 -3 -5 -5  7 -3 -5 -3 -2 -3 -5 -4 -4    0   0   4   0   0   0   0   0   0   0   0  96   0   0   0   0   0   0   0   0  1.54 inf
  209 A    5 -3 -3 -3  0 -2 -3  0 -3 -2 -3 -2 -2 -4 -3  0  0 -4 -3  1   79   0   0   0   1   0   0   4   0   0   0   0   0   0   0   0   6   0   0  10  0.85 inf
  210 E    1  2 -1  0 -3  1  1 -2  0 -2 -1  2  1 -2 -2  0  0 -3 -2 -1   20  14   1   3   0   7  11   0   2   1   5  21   5   1   0   1   8   0   0   2  0.22 inf
  211 V    1 -3  0 -3 -2 -2 -2 -3 -3  1 -2 -2 -1 -3 -3  0  5 -4 -3  2   14   0   4   0   0   0   0   0   0   8   0   1   0   0   0   3  48   0   0  22  0.51 inf
  212 Y   -4 -4 -4 -5 -4 -4 -4 -5 -1 -3 -2 -4 -2  6 -5 -4 -2  0  8 -3    0   0   0   0   0   0   0   0   0   0   0   0   0  32   0   0   3   0  65   0  1.70 inf
  213 G    1 -4 -2 -3 -4 -3 -4  7 -4 -5 -5 -3 -4 -5 -4 -2 -3 -4 -5 -5    8   0   0   0   0   0   0  92   0   0   0   0   0   0   0   0   0   0   0   0  1.67 inf
  214 V   -2  2 -2 -2 -1  6  0 -3 -2 -3 -3  0 -2 -4 -1 -1  2 -4 -3  0    0  10   0   0   2  53   0   0   0   0   0   1   0   0   3   3  17   0   0  11  0.72 inf
  215 D   -3 -3  1  6 -5  0  4 -3 -2 -2 -4 -2 -4 -5 -3 -2 -1 -5 -4 -2    0   0   6  59   0   1  27   0   0   3   0   0   0   0   0   0   2   0   0   2  1.05 inf
  216 P   -1 -4 -1 -1 -3 -3 -3 -2 -4  1 -1 -3 -2 -3  6 -2 -2 -5 -3  3    3   0   4   3   0   0   0   3   0   7   2   0   0   0  44   0   0   0   0  34  0.91 inf
  217 T    1 -2  1 -1 -2 -1 -2  0 -1 -2 -2 -1 -1 -3  2  2  4 -4 -3 -1   14   0   6   2   0   1   0   5   1   1   3   2   1   0   9  23  31   0   0   2  0.36 inf
  218 E    0  0  2  1 -3  2  3 -1 -1 -1 -2  0 -1 -3 -1  1  0 -4 -3  0   10   2  10   5   0  12  24   4   1   3   2   6   2   0   1   8   2   0   0   8  0.20 inf
  219 R   -1  1  1  1  0 -1 -1  1  0 -3 -3 -1 -2  1  0  1 -1 -1  5 -3    2  11   8  10   3   1   1  10   1   0   1   0   1   4   5  14   1   0  28   0  0.31 inf
  220 R   -3  2 -2 -3 -5 -1  0 -4 -3 -5 -4  7 -1 -5 -3 -2 -3 -5 -4 -4    0   9   0   0   0   0   2   0   0   0   0  87   2   0   0   0   0   0   0   0  1.49 inf
  221 I   -3 -5 -5 -5 -3 -4 -5 -5 -5  6  0 -4  1 -1 -4 -4 -2 -4 -3  4    0   0   0   0   0   0   0   0   0  58   2   0   3   1   0   0   0   0   0  35  1.05 inf
  222 I   -1  0  3  4 -4  1  1 -2 -2 -3 -4  1 -3 -4 -1  0  1 -4 -3 -3    4   5  17  33   0   7   5   0   0   1   0  10   0   0   2   7   8   0   0   1  0.49 inf
  223 P    0 -4 -4 -4 -4 -3 -3 -4 -4 -2 -3 -3 -3 -3  7 -1 -2 -5 -4  2    7   0   0   0   0   0   0   0   0   0   2   0   0   1  67   3   2   0   0  18  1.60 inf
  224 E   -1 -1  0  4 -4  0  4 -3 -1 -3 -3  0 -3 -4 -2  2  0 -4 -3 -3    4   1   2  25   0   3  32   0   1   1   2   5   0   0   0  21   3   0   0   0  0.56 inf
  225 Y    2 -2 -3 -2  0 -2 -3 -1 -3  1  3 -2  0 -1 -3 -1 -1 -2  1  2   21   2   0   2   2   0   0   5   0   4  36   2   0   0   0   2   2   0   7  15  0.21 inf
  226 L    0 -4 -5 -5 -2 -4 -4 -5 -5  3  1 -4 -1 -2 -3 -3 -2 -4 -3  6    8   0   0   0   0   0   0   0   0  13  10   0   0   0   1   0   0   0   0  67  0.85 inf
  227 V    3 -3 -3 -3 -2 -2  0  0 -3 -1 -2 -2 -2 -3 -3  1 -1 -4 -1  4   33   0   0   0   0   1   7   7   0   0   0   1   0   0   0  11   0   0   3  38  0.38 inf
  228 K    1  3  0  2 -3  1  1  0 -1 -3 -2  2 -2 -4 -2  1 -1 -4 -3 -3   13  21   3  11   0   3   9   6   1   0   4  17   0   0   0  12   0   0   0   0  0.29 inf
  229 I   -2 -4 -5 -5 -3 -3 -4 -5 -4  3  4 -4  5  0 -4 -4 -2 -3 -2  1    1   0   0   0   0   0   0   0   0  19  52   0  18   1   0   0   0   0   0   9  0.77 inf
  230 Y   -4 -4 -5 -6 -5 -4 -5 -6 -1 -4 -4 -5 -4  1 -6 -4 -4  3  9 -4    0   0   0   0   0   0   0   0   0   0   0   0   0   2   0   0   0   3  95   0  2.54 inf
  231 K   -2  3 -1  2 -4  1  3  1 -2 -4 -4  4 -3 -4 -3  0 -2 -4  0 -4    0  15   0  11   0   4  20  11   0   0   0  32   0   0   0   5   0   0   3   0  0.51 inf
  232 E   -2 -1  1  5 -4  0  4 -3 -1 -4 -4  1 -3 -4 -3  0 -1 -4  0 -4    0   2   7  36   0   3  28   0   1   0   1   8   0   0   0   8   1   0   5   0  0.67 inf
  233 I   -2 -1 -3 -5 -2 -3 -4 -2 -1  2 -1 -4 -2  3 -5 -3 -3  9  4 -2    2   5   2   0   1   0   0   3   1  15   4   0   0  13   0   1   0  37  15   1  1.20 inf
  234 V   -2 -4 -5 -5 -3 -4 -4 -5 -5  5  0 -4  1 -1 -4 -4 -2 -4 -3  5    0   0   0   0   0   0   0   0   0  36   3   0   3   2   0   0   0   0   0  56  0.95 inf
  235 I   -3 -4 -5 -5 -3 -4 -5 -5 -5  6  0 -4  7 -2 -5 -4 -3 -4 -3  0    0   0   0   0   0   0   0   0   0  60   0   0  40   0   0   0   0   0   0   0  1.38 inf
  236 P   -3 -5 -5 -4 -5 -4 -4 -5 -5 -5 -5 -3 -5 -6  9 -3 -4 -6 -6 -5    0   0   0   0   0   0   0   0   0   0   0   0   0   0 100   0   0   0   0   0  2.94 inf
  237 I   -1 -4 -5 -5 -3 -3 -4 -5 -4  2  5 -4  4  0 -4 -4 -3 -3 -2  0    4   0   0   0   0   0   0   0   0   7  72   0  14   2   0   0   0   0   0   1  0.89 inf
  238 T   -2 -3 -2  0 -3 -3 -3 -4 -4 -3 -4 -3 -3 -4 -3 -1  7 -5 -4 -2    0   0   0   4   0   0   0   0   0   0   0   0   0   0   0   0  96   0   0   0  1.63 inf
  239 K   -3  1 -2 -3 -5 -1 -1 -4 -3 -5 -5  7 -4 -5 -3 -2 -3 -5 -4 -4    0   2   0   0   0   0   0   0   0   0   0  98   0   0   0   0   0   0   0   0  1.69 inf
  240 E   -1 -1 -1  2 -4  2  4 -3 -1 -1 -2  2 -2 -2 -2 -1 -2 -4 -3  0    3   1   1  13   0   8  42   0   1   4   3  13   0   1   0   0   0   0   0  11  0.44 inf
  241 V   -2 -5 -5 -5 -3 -4 -4 -5 -5  2 -1 -4 -1 -3 -4 -4 -2 -5 -3  7    0   0   0   0   0   0   0   0   0   6   0   0   0   0   0   0   0   0   0  94  1.34 inf
  242 E   -3 -2 -2 -1 -5  5  6 -4 -2 -5 -5 -1 -3 -5 -3 -2 -3 -5 -4 -4    0   0   0   0   0  28  72   0   0   0   0   0   0   0   0   0   0   0   0   0  1.40 inf
  243 V   -2 -4 -5 -5 -3 -4 -4 -2 -5  2 -1 -4 -1 -3 -4 -3 -2 -5 -3  6    0   0   0   0   0   0   0   3   0   6   0   0   0   0   0   0   0   0   0  91  1.22 inf
  244 E    1 -1 -1  4 -4  1  5 -3 -2 -1 -4  0 -3 -4 -2 -1 -1 -4 -3 -3   16   3   0  24   0   6  44   0   0   5   0   1   0   0   0   0   2   0   0   0  0.63 inf
  245 Y   -4 -4 -5 -6 -5 -4 -4 -6  0 -4 -3 -4 -3  1 -5 -4 -4  0  9 -4    0   0   0   0   0   0   0   0   0   0   0   0   0   0   0   0   0   0 100   0  2.53 inf
  246 L   -3 -4 -5 -6 -3 -4 -5 -6 -5  0  6 -4  0 -1 -5 -4 -3 -3 -3 -1    0   0   0   0   0   0   0   0   0   0 100   0   0   0   0   0   0   0   0   0  1.32 inf
  247 L   -3 -3 -4 -5 -3 -1 -4 -5 -4  1  5 -3  5  1 -4 -4 -3 -3 -2 -1    0   0   0   0   0   4   0   0   0   3  70   0  18   5   0   0   0   0   0   0  0.86 inf
  248 R   -2  6 -1 -3 -5  4  0 -4  3 -4 -3  1 -3 -4 -3 -2 -2 -4 -3 -4    2  58   1   0   0  22   2   0   8   0   2   4   0   0   0   0   1   0   0   0  0.98 inf
  249 R   -3  8 -2 -4 -6 -1 -2 -4 -2 -5 -4  1 -3 -5 -4 -3 -3 -5 -4 -5    0  98   0   0   0   0   0   0   0   0   0   2   0   0   0   0   0   0   0   0  1.90 inf
  250 L   -3 -4 -5 -5 -3 -4 -5 -5 -4  0  6 -4  1 -1 -5 -4 -3 -3 -3 -1    0   0   0   0   0   0   0   0   0   0 100   0   0   0   0   0   0   0   0   0  1.22 inf
  251 E   -3 -2  0  6 -5  1  3 -2 -2 -5 -5  1 -4 -5 -3 -1 -2 -5 -4 -4    0   0   0  62   0   3  24   1   0   0   0   9   0   0   0   0   0   0   0   0  1.07 inf
  252 E   -1 -1  1  4 -3  2  3 -2 -1 -3 -3  1 -2 -4 -2  1 -1 -4 -3 -3    0   0   5  39   0   9  24   0   0   0   0   5   0   0   0  18   0   0   0   0  0.52 inf

                      K         Lambda
Standard Ungapped    0.1384     0.3191
Standard Gapped      0.0514     0.2670
PSI Ungapped         0.1680     0.3128
PSI Gapped           0.0514     0.2670
