
Last position-specific scoring matrix computed, weighted observed percentages rounded down, information per position, and relative weight of gapless real matches to pseudocounts
           A  R  N  D  C  Q  E  G  H  I  L  K  M  F  P  S  T  W  Y  V   A   R   N   D   C   Q   E   G   H   I   L   K   M   F   P   S   T   W   Y   V
    1 G    0 -2  0 -1 -3 -2 -2  6 -2 -4 -4 -2 -3 -3 -2  0 -2 -3 -3 -3    0   0   0   0   0   0   0 100   0   0   0   0   0   0   0   0   0   0   0   0  1.04 inf
    2 A    4 -2 -2 -2 -1 -1 -2  2 -2 -2 -2 -1 -2 -3 -2  1 -1 -3 -2 -1   82   0   0   0   0   0   0  18   0   0   0   0   0   0   0   0   0   0   0   0  0.57 inf
    3 D   -3 -2  3  6 -4 -1  1 -2 -2 -4 -5 -1 -4 -4 -2 -1 -2 -5 -4 -4    0   0  20  80   0   0   0   0   0   0   0   0   0   0   0   0   0   0   0   0  1.18 inf
    4 R   -2  7 -1 -3 -4  0 -1 -3  2 -4 -3  1 -2 -4 -3 -2 -2 -4 -2 -4    0  93   0   0   0   0   0   0   7   0   0   0   0   0   0   0   0   0   0   0  1.27 inf
    5 V   -1 -3 -3 -4 -2 -3 -3 -4 -2  2  0 -3  3  0 -3 -2 -1 -2  3  4    0   0   0   0   0   0   0   0   0   6   0   0  11   0   0   0   0   0  18  65  0.53 inf
    6 T    0 -1  2 -1 -2  3  1 -2 -1 -2 -2  0 -1 -3 -2  1  2 -3 -2  0   10   0  17   0   0  24   8   0   0   0   0   3   0   0   0   8  23   0   0   7  0.29 inf
    7 E   -1  1 -1  0 -4  3  5 -3 -1 -1 -3  0 -2 -3 -2  0 -1 -3 -3 -2    0   8   0   0   0  18  60   0   0   8   0   0   0   0   0   6   0   0   0   0  0.63 inf
    8 I   -2 -3 -4 -4 -2 -3 -4 -4 -2  4  3 -3  1  2 -4 -3 -2 -2  2  1    0   0   0   0   0   0   0   0   0  50  32   0   0   7   0   0   0   0  11   0  0.49 inf
    9 D    0 -2  0  2 -2  0  1 -3 -2  2  0 -1  1  0 -2 -1  0 -3 -1  1    8   0   4  16   0   7  10   0   0  33   0   0   7   6   0   0   4   0   0   7  0.12 inf
   10 R    0  1  3  2 -3  0  2 -1 -1 -3 -3  0 -2 -3 -2  1  2 -4 -2 -2    7   9  25  15   0   0  15   0   0   0   0   0   0   0   0  11  19   0   0   0  0.35 inf
   11 L    0  3 -1 -2 -2  1 -1  2 -2 -1  0  0 -1 -2  1 -1  0 -3 -2  0    8  29   0   0   0  11   0  18   0   3   9   0   0   0   6   0   7   0   0   8  0.19 inf
   12 L   -2 -3 -4 -4 -2 -2 -3 -4 -2  3  3 -3  4  0 -3 -3 -2 -2  2  1    0   0   0   0   0   0   0   0   0  24  43   0  21   0   0   0   0   0  11   0  0.48 inf
   13 E   -2 -1 -1  3 -4  2  5  0 -1 -4 -4  1 -3 -4 -2 -1 -2 -4 -3 -3    0   0   0  16   0  11  57   7   0   0   0  10   0   0   0   0   0   0   0   0  0.68 inf
   14 Q    2 -1  1  1 -2  2  0  1 -1 -3 -3  1 -2 -3 -2  2  0 -3 -2 -2   31   0   6   7   0  13   0   8   0   0   0  10   0   0   0  25   0   0   0   0  0.29 inf
   15 K   -1  3 -1 -2 -3  2  0  2 -1 -3 -1  3 -1 -2 -2 -1 -2 -2  1 -2    0  25   0   0   0  10   0  18   0   0   8  33   0   0   0   0   0   0   7   0  0.36 inf
   16 P    0 -2  0  4 -3 -1  2  2 -2 -4 -4 -1 -3 -4  3 -1 -2 -4 -3 -3   10   0   0  40   0   0  15  20   0   0   0   0   0   0  15   0   0   0   0   0  0.59 inf
   17 R   -2  3  1  1 -3  0  0 -2 -1 -2 -1  4 -1 -3 -2 -1 -1 -4 -2 -1    0  15   8   8   0   0   0   0   0   0   7  54   0   0   0   0   0   0   0   7  0.42 inf
   18 L   -2 -2 -3 -4 -2 -2 -3 -4  0  1  2  0  0  4 -3 -2 -2 -1  1  2    0   0   0   0   0   0   0   0   4   3  29   8   0  32   0   0   0   0   0  24  0.33 inf
   19 T    0 -2  1  1 -2 -1 -1 -2 -2 -2 -3 -1 -2 -3 -2  3  5 -3 -3 -1    0   0   4   7   0   0   0   0   0   0   0   0   0   0   0  34  55   0   0   0  0.59 inf
   20 A    2 -2 -2 -2 -2  1 -1 -2 -2  0  1 -1  0 -2  3 -1  0 -3 -2  1   30   0   0   0   0  10   0   0   0   0  18   0   0   0  16   0   7   0   0  19  0.25 inf
   21 D    0 -1  1  4 -3  3  3 -2 -1 -3 -3  0 -2 -4 -2  0  0 -4 -3 -3    8   0   7  29   0  27  22   0   0   0   0   0   0   0   0   0   6   0   0   0  0.53 inf
   22 Q   -2 -1  2  4 -4  3  4 -2 -1 -4 -4  0 -3 -4 -2 -1 -1 -4 -3 -3    0   0   8  36   0  25  31   0   0   0   0   0   0   0   0   0   0   0   0   0  0.73 inf
   23 A    0 -3 -3 -4 -2 -2 -3 -3 -3  3  2 -3  5 -1 -3 -2 -1 -3 -2  1    9   0   0   0   0   0   0   0   0  35  20   0  36   0   0   0   0   0   0   0  0.49 inf
   24 W   -3 -3  3 -3 -3  1 -3 -3 -2 -3 -3 -3 -2 -1 -4 -3 -3 10  0 -1    0   0  18   0   0   8   0   0   0   0   0   0   0   0   0   0   0  66   0   8  1.87 inf
   25 D    0 -1  1  4 -3  0  4 -2 -1 -3 -3 -1 -3 -4 -2  0  0 -4 -3 -3   11   0   6  37   0   0  39   0   0   0   0   0   0   0   0   0   7   0   0   0  0.62 inf
   26 V   -2 -3 -4 -4 -2 -3 -4 -4 -3  4  2 -3  1  2 -3 -3 -1 -2 -1  2    0   0   0   0   0   0   0   0   0  56  24   0   0  11   0   0   0   0   0   9  0.53 inf
   27 I   -2 -2  5  0 -3  1 -1 -2 -1  2  1 -1 -1 -2 -3 -1 -1 -4 -2 -1    0   0  57   0   0   8   0   0   0  19  17   0   0   0   0   0   0   0   0   0  0.49 inf
   28 R   -2  4 -1 -2 -3  2  1 -3  0 -2 -2  2  2 -1 -2 -1 -2 -1  3 -2    0  32   0   0   0  10   8   0   0   0   0  17  14   0   0   0   0   0  18   0  0.41 inf
   29 Q   -1  0  0  2 -3  3  2 -2 -1 -3 -3  1 -2 -3 -2  0  3 -3 -2 -2    0   0   0  14   0  27  13   0   0   0   0  11   0   0   0   0  34   0   0   0  0.45 inf
   30 T    3 -2 -1 -2 -1  1 -1 -1 -2  0 -2 -1 -1  0 -2  1  3 -3 -2 -1   42   0   0   0   0   8   0   0   0   7   0   0   0   7   0   8  29   0   0   0  0.29 inf
   31 S    2 -2  0 -1 -2 -1 -1 -1 -2 -3 -3 -1 -2 -3 -2  5  2 -4 -2 -2   13   0   0   0   0   0   0   0   0   0   0   0   0   0   0  71  16   0   0   0  0.64 inf
   32 R   -2  2 -2 -3 -3 -2 -2 -3 -1 -1  0 -1 -1  5 -3 -2 -2  4  5 -2    1  16   0   0   0   0   1   1   0   0   4   0   0  39   0   1   0   7  27   1  0.63 inf
   33 Q    2  0 -1 -1 -1  0  0 -1 -2  0  0 -1 -1 -2 -1  1  0 -3 -2  1   36   4   0   0   0   6   7   1   0   7   7   0   0   0   0  18   0   0   0  11  0.15 inf
   34 D   -3 -2  0  6 -4  3  1 -2 -2 -4 -4 -1 -3 -4 -2 -1 -2 -5 -4 -4    0   0   0  82   0  18   0   0   0   0   0   0   0   0   0   0   0   0   0   0  1.20 inf
   35 L   -1 -3 -3 -3 -2 -2 -3 -1 -3  2  3 -3  1 -1  1 -2  0 -3 -2  2    0   0   0   0   0   0   0   7   0   7  52   0   0   0   6   0   8   0   0  20  0.31 inf
   36 N   -2  3  6  0 -4  0 -1 -2  0 -4 -4  0 -3 -4 -3  0 -1 -4 -3 -4    0  26  71   0   0   0   0   0   0   0   0   0   0   0   0   0   0   0   0   0  0.93 inf
   37 L    3  1 -2 -3 -2 -1 -2 -2  3 -1  1 -1 -1 -2 -2  0  0  5 -1 -1   45  10   0   0   0   0   0   0  10   0  17   0   0   0   0   0   7  11   0   0  0.30 inf
   38 R   -2  6  2 -2 -4  0 -1 -3  2 -4 -3  1 -2 -4  1 -1 -2 -4 -2 -3    0  74  11   0   0   0   0   0   7   0   0   0   0   0   8   0   0   0   0   0  0.90 inf
   39 L   -2 -2 -3 -3 -3 -2  0 -4  3 -1  2 -2  0  3 -3 -2 -2  0  5 -1    0   0   0   0   0   0   8   0  10   0  30   0   0  14   0   0   0   0  38   0  0.53 inf
   40 F   -3 -4 -4 -5 -3 -4 -4 -4 -2 -1  1 -4 -1  8 -5 -3 -3  0  2 -2    0   0   0   0   0   0   0   0   0   0   8   0   0  92   0   0   0   0   0   0  1.34 inf
   41 L   -1  1 -2 -3 -2 -1 -2 -3 -2  1  2  2  0 -1 -3 -1  1 -3 -2  2    0  11   0   0   0   0   0   0   0   0  40  18   0   0   0   0  10   0   0  21  0.21 inf
   42 P   -2 -3 -3 -3 -4 -2 -2 -3 -3 -4 -4 -2 -3 -5  8 -2  0 -5 -4 -3    0   0   0   0   0   0   0   0   0   0   0   0   0   0  92   0   8   0   0   0  2.21 inf
   43 T    0  0 -2 -3 -2 -2 -2 -3  3  1  1 -2  0  4 -3 -2  0 -1  3 -1   11   6   0   0   0   0   0   0  11   8  18   0   0  30   0   0   6   0  10   0  0.25 inf
   44 L   -2 -3 -4 -4 -2 -3 -4 -4 -3  2  4 -3  2  2 -4 -3 -2 -2 -1  1    0   0   0   0   0   0   0   0   0  17  68   0   6   8   0   0   0   0   0   0  0.58 inf
   45 Q   -1 -1  1 -1 -2  3  2 -3 -1  2  0  0  0 -2 -2 -1  0 -3 -2  1    3   0   8   0   0  23  18   0   0  22   7   3   0   0   0   0   3   0   0  13  0.18 inf
   46 A    0  3  0  3 -3  1  0 -2 -1 -3 -3  4 -2 -4 -2  0 -1 -4 -3 -3    6  21   0  21   0   7   0   0   0   0   0  39   0   0   0   7   0   0   0   0  0.48 inf
   47 A    4 -2 -2 -2 -1 -2 -2 -1 -2  0  0 -2 -1 -2 -2  0  1 -3 -2  2   57   0   0   0   0   0   0   0   0   0  11   0   0   0   0   0   8   0   0  19  0.31 inf
   48 T    2 -2 -2 -3 -1 -2 -2 -2 -3  1  2 -2  0 -1 -2 -1  2 -3 -2  2   24   0   0   0   0   0   0   0   0   7  34   0   0   0   0   0  19   0   0  16  0.24 inf
   49 S    1  1 -1 -1 -3  3  2  0 -1 -3 -3  2 -2 -3 -2  1  1 -3 -2 -2   16   4   0   0   0  27  15   7   0   0   0  18   0   0   0   6   8   0   0   0  0.33 inf
   50 G   -1 -1  2  2 -3  0  0  3 -1 -4 -4  0 -3 -4 -2  2 -1 -4 -3 -3    0   0  14  19   0   4   0  35   0   0   0   7   0   0   0  22   0   0   0   0  0.47 inf
   51 L    0 -1 -2 -3 -2 -1 -2 -3 -2  1  2  1  1  0  1 -1  0 -2  1  0    7   0   0   0   0   0   0   0   0   7  40  17   2   3   7   0   8   0   8   0  0.17 inf
   52 T    0 -1 -1  2 -3 -1  1 -2 -2 -3 -3  0 -3 -4  5  2  1 -4 -3 -3    3   0   0  14   0   0   8   0   0   0   0   7   0   0  36  25   7   0   0   0  0.69 inf
   53 Q    2 -2 -1  0 -2  1  1 -1 -2  0  0 -1 -1 -2  2  1  1 -3 -2 -1   34   0   0   6   0   7  10   0   0   7   8   0   0   0  10   6  11   0   0   0  0.20 inf
   54 S   -1 -1  5  2 -3  1  1 -2  2 -3 -3 -1 -2 -3 -2  1  2 -4 -2 -3    0   0  41  13   0   7   7   0   7   0   0   0   0   0   0   7  18   0   0   0  0.50 inf
   55 D    0 -2  0  4 -3 -1  1  2 -2 -3 -4  0 -3 -4  2  0 -1 -4 -3 -3    7   0   0  39   0   0   8  18   0   0   0   8   0   0  13   7   0   0   0   0  0.50 inf
   56 P    0 -1  2  0 -3  2  1 -1 -1 -3 -1  0 -2 -3  3  1 -1 -3 -2 -2   10   0  18   3   0  15   8   4   0   0   7   6   0   0  19  10   0   0   0   0  0.33 inf
   57 R    0  3 -1 -2 -2 -1  0 -1 -1 -1 -1  0 -1 -1 -2  0  0 -1  3  0   10  26   0   0   0   0   8   3   0   0   6   0   0   0   0  10   3   0  19  14  0.17 inf
   58 R    2  3 -1 -2 -2  2  0 -2 -1 -1 -2  2 -1 -3 -2  0  0 -3 -2  0   27  22   0   0   0  14   0   0   0   0   0  18   0   0   0   0   6   0   0  13  0.28 inf
   59 Q    0  1 -1  1 -3  3  2 -2  0 -3 -3  2 -2 -1 -2 -1 -1 -1  3 -2   10   6   0   7   0  19  21   0   0   0   0  17   0   0   0   0   0   0  19   0  0.36 inf
   60 L    3 -3 -3 -3 -2 -2 -3 -2 -3  0  3 -2  1 -1 -3 -1 -1 -3 -2  1   38   0   0   0   0   0   0   0   0   0  55   0   0   0   0   0   0   0   0   7  0.39 inf
   61 V    2 -3 -3 -3 -1 -2 -3 -3 -3  2  2 -2  1 -1 -3 -1 -1 -3 -2  3   23   0   0   0   0   0   0   0   0  12  25   0   2   0   0   0   0   0   0  39  0.32 inf
   62 E    1 -1  0  2 -3  2  3 -2 -1 -3 -3  0 -2 -3  1  1  0 -3 -2 -2   15   0   3  16   0  14  29   0   0   0   0   3   0   0   7   6   7   0   0   0  0.37 inf
   63 T    0  1 -1 -1 -2  1 -1  0 -2  1  1  1  1 -2 -2 -1  1 -3 -2  0    8   7   0   3   0   8   0   6   0  16  16  14   6   0   0   0  15   0   0   0  0.07 inf
   64 L   -2 -3 -4 -5 -2 -3 -4 -5 -4  1  5 -3  1  0 -4 -3 -2 -3 -2  0    0   0   0   0   0   0   0   0   0   0 100   0   0   0   0   0   0   0   0   0  0.89 inf
   65 T    0  1  1 -1 -2  2  1  1 -1 -1  0  0 -1 -2 -2  1  1 -3 -2  0    9   7  10   0   0  14  12   9   0   0  10   0   0   0   0  11  11   0   0   7  0.13 inf
   66 R    1  1  1  1 -3  2  2 -1  2 -3 -3  2 -2 -3 -2  1  0 -3 -2 -2   13   8   7   7   0   9  20   3   7   0   0  14   0   0   0   9   3   0   0   0  0.27 inf
   67 W   -4 -4 -5 -6 -4 -3 -4 -4 -4 -4 -3 -5 -3  0 -5 -4 -4 12  1 -4    0   0   0   0   0   0   0   0   0   0   0   0   0   0   0   0   0 100   0   0  3.51 inf
   68 D   -3 -2  3  6 -4 -1  0 -2 -2 -4 -5 -1 -4 -4 -3 -1 -2 -5 -4 -4    0   0  19  81   0   0   0   0   0   0   0   0   0   0   0   0   0   0   0   0  1.23 inf
   69 G   -1 -2  3 -1 -3 -2 -2  5 -1 -3 -1 -2 -2  1 -3 -1 -2 -2  1 -3    1   0  20   0   0   0   0  53   0   0   7   0   0   8   0   0   0   0   6   0  0.52 inf
   70 I   -1  1 -2 -2 -2  2  0 -3 -2  2  2  0  3 -1 -3 -2 -1 -3 -2  1    0   7   0   0   0  14   8   0   0  17  19   7  20   0   0   0   0   0   0   8  0.19 inf
   71 N    0  0  2  0 -3  1  2 -1 -1 -2 -1  2  0 -2 -2  0 -1  3 -2 -2    8   0  19   0   0   7  16   3   0   0   7  26   3   0   0   3   0   7   0   0  0.26 inf
   72 L   -1  3 -1  1 -2  1  2 -2  1  0  0  0 -1 -2 -2 -1  1 -3 -2 -1    4  23   0   8   0   6  20   0   3   8  11   0   0   0   0   0  13   0   0   0  0.18 inf
   73 L    0  0  0  3 -2 -1  0 -1 -1 -1  1 -1 -1 -2  1  0 -1 -2 -2  0    8   8   1  26   0   1   1   1   0   1  19   1   0   1   8  11   1   0   1  10  0.13 inf
   74 N    0 -1  2  3 -2  1  2 -1  1 -2 -1  1 -2 -2 -1  0  0 -3 -2 -2    8   1  11  27   0   4  15   1   4   1   7   9   0   0   1   7   4   0   0   1  0.26 inf
   75 D    0  0  3  3 -3  0  1  0 -1 -3 -3  1 -2 -3  1  1 -1 -3 -2 -2    7   3  26  21   0   0   8   3   0   0   1  10   0   0   7  11   0   0   0   1  0.34 inf
   76 D   -2  1  2  4 -3  3  2 -2 -1 -3 -3  1 -2 -3 -2  0 -1 -3 -2 -3    1   7  14  34   0  17  10   1   0   0   1  12   0   0   0   1   0   0   0   1  0.48 inf
   77 G    0 -2  1  3 -3 -1 -1  4 -2 -3 -3 -1 -3 -3  2  0 -1 -3 -3 -3   11   0   7  29   0   0   1  37   0   0   1   0   0   0  10   1   0   0   0   1  0.51 inf
   78 K   -1  1 -1 -2 -3 -1 -1  4 -2 -3 -1  2 -2 -3  1 -1 -2 -3 -3 -3    1   8   0   0   0   0   1  46   0   0   7  27   0   0   7   1   0   0   0   1  0.45 inf
   79 T    1 -2 -1 -2 -2  1 -1 -2  4 -2 -2 -1 -1  1 -2 -1  1  0  6 -2   14   0   0   0   0   7   0   1  12   0   1   0   0   0   0   1  11   0  49   1  0.53 inf
   80 W   -2 -1  1 -2 -3 -1 -1 -2  0 -2 -1  1 -1  1 -2 -1 -2  4  6 -2    1   1  11   1   0   1   1   1   0   1   3  15   0   1   1   1   1   7  53   1  0.59 inf
   81 Q    1 -1  0  4 -2  2  0 -2 -1  0 -2 -1 -2 -3 -2  0  1 -3 -2  0   14   0   0  44   0  16   0   1   0   6   1   0   0   0   0   0   9   0   0   7  0.35 inf
   82 Q    2 -1  1 -1 -2  2 -1  2  1 -2 -3 -1 -2 -3 -2  1  1 -3 -2 -2   35   0   9   0   0  14   0  17   6   0   0   0   0   0   0   7  13   0   0   0  0.28 inf
   83 P    1 -2 -2 -2 -2 -2 -2  2 -2 -3 -3 -2 -2 -4  6  1  0 -4 -3 -1   12   0   0   0   0   0   0  20   0   0   0   0   0   0  47  10   7   0   0   3  0.89 inf
   84 G    3 -2 -2 -2 -2  0 -2  3 -2  1 -2 -1 -1 -3 -2  0 -1 -3 -2  0   37   0   0   0   0   8   0  35   0  12   0   0   0   0   0   0   0   0   0   8  0.35 inf
   85 S    2  1 -1 -2 -2 -1 -1 -1 -2 -2 -2 -1 -2 -2  4  2  1 -3  1  0   27  10   0   0   0   0   0   0   0   0   0   0   0   0  21  22   6   0   7   7  0.35 inf
   86 A    3 -2 -2 -2 -1 -2 -2  1 -2 -1  0 -2 -1 -2  1  0  1 -3 -2  1   55   0   0   0   0   0   0   7   0   0   8   0   0   0   6   0  13   0   0  10  0.31 inf
   87 I   -2 -3 -4 -4 -2 -3 -4 -4 -3  4  2 -3  1  3 -4 -3 -1 -2  0  2    0   0   0   0   0   0   0   0   0  54  17   0   0  20   0   0   0   0   0   9  0.50 inf
   88 L   -1 -3 -3 -4 -2 -3 -3 -3 -2  0  2 -3  2  6 -4 -2  0 -1  1 -1    7   0   0   0   0   0   0   0   0   0  19   0   9  58   0   0   7   0   0   0  0.59 inf
   89 N   -1  2  2  4 -3  1  2 -2 -1 -3 -3  1 -2 -4 -2  0 -1 -4 -3 -3    7  13  11  38   0   7  15   0   0   0   0  10   0   0   0   0   0   0   0   0  0.50 inf
   90 V    2 -1 -1 -1 -2  0  2 -2  2  0 -1 -1 -1 -2 -2  0  2 -3 -2  0   31   0   0   0   0   0  27   0   8   9   0   0   0   0   0   0  17   0   0   9  0.22 inf
   91 W   -4 -4 -5 -6 -4 -3 -4 -4 -4 -4 -3 -4 -3  2 -5 -4 -4 12  1 -4    0   0   0   0   0   0   0   0   0   0   0   0   0   7   0   0   0  93   0   0  3.12 inf
   92 L   -2 -3 -4 -4 -2 -3 -4 -4 -3  0  4 -3  3  0 -4 -3 -2  7 -1  0    0   0   0   0   0   0   0   0   0   0  72   0   8   0   0   0   0  20   0   0  0.83 inf
   93 T    0  1  3  1 -3  2  1 -1 -1 -3 -3  1 -2 -3 -2  1  1 -3 -2 -2    7   9  27   7   0  14  10   0   0   0   0   9   0   0   0   7  11   0   0   0  0.33 inf
   94 S    2 -1  3  0 -2  1  3 -1  2 -2 -2  0 -2 -3 -2  1 -1 -3 -2 -1   23   0  20   0   0   7  26   0   6   0   0   0   0   0   0  11   0   0   0   7  0.28 inf
   95 M   -2 -2 -3 -3 -2 -1 -3 -3 -2  2  3 -2  7 -1 -3 -2 -1 -2 -2  0    1   0   0   0   0   0   1   1   0   8  26   0  59   0   0   1   0   0   0   1  0.62 inf
   96 L   -1 -2 -2 -3 -2  0 -2 -3  3  1  3 -2  1  0 -2 -2 -1 -1  2  1    1   0   0   0   0   8   1   1  12   7  42   0   0   0   0   1   0   0  10  14  0.22 inf
   97 K   -1  1  0  2 -3  2  2 -2 -1 -3 -3  3 -2 -3 -1  1  0 -3 -2 -2    1   7   0  12   0  14  15   1   0   0   1  33   0   0   0   8   7   0   0   1  0.35 inf
   98 R    0  2  0  2 -2  2  0 -2 -1 -2  0  1 -1 -2 -1  0  0 -3 -2 -1   13  14   0  14   0  17   1   1   0   0  14  12   0   0   0   4   8   0   0   1  0.16 inf
   99 T   -1 -2 -1 -2 -1 -2 -2 -2 -2  2  1 -2  0 -1 -2  0  3 -3 -2  2    1   0   0   0   0   0   1   1   0  15  13   0   0   0   0   7  36   0   0  25  0.24 inf
  100 V   -2 -2 -3 -3 -2 -2 -3 -3 -2  1  3 -3  1  3 -3 -2 -1 -1  2  2    1   0   0   0   0   0   1   1   0   0  49   0   0  19   0   1   0   0   8  18  0.35 inf
  101 V    0  1 -1 -2 -2  1 -1  2 -1 -1 -1  0  3 -1 -2 -1 -1 -2  1  0    9   8   0   0   0   8   1  22   0   0   1   7  22   0   0   1   0   0   7  11  0.13 inf
  102 A    0 -1  0  4 -3  2  0  0 -1 -3 -3 -1 -2 -3  4 -1 -1 -3 -3 -2   11   0   0  35   0  17   1   7   0   0   1   0   0   0  24   1   0   0   0   1  0.55 inf
  103 A    1 -1  1  2 -2  0  3 -2 -1  0 -2 -1 -1 -2 -1  0  1 -3 -2  0   14   0   7  15   0   0  29   1   0   7   1   0   0   0   0   1  13   0   0  11  0.21 inf
  104 V   -1 -2  0 -3 -1 -2 -2 -3 -2  3  2 -2  2 -1 -2 -2 -1 -2 -1  3    1   0   8   0   0   0   1   1   0  18  26   0   9   0   0   1   0   0   0  34  0.26 inf
  105 P   -1 -2 -2 -1 -2 -1 -1  0 -2 -3 -3 -1 -2 -3  7  0 -1 -3 -2 -2    2   1   1   1   0   1   1   8   0   1   2   1   0   1  67   8   1   0   1   1  1.28 inf
  106 M    3 -1 -1 -1 -1  1  2 -1 -1 -1 -1  1  1 -2 -1  0 -1 -2 -2 -1   41   1   1   1   0   9  18   1   0   1   2   8   9   1   1   1   1   0   1   1  0.21 inf
  107 P    0 -2  1  1 -2 -1  0 -1 -1 -2 -2 -1 -2 -3  5  1  0 -3 -2  0    9   1   7   9   0   1   7   1   0   1   1   1   0   0  34  18   1   0   0   9  0.51 inf
  108 F   -2 -2 -2 -2 -2  0 -2 -3  4  0  0 -2  1  4  1 -2 -2 -1  2 -1    1   1   1   1   0   7   1   1  19   7   1   1   8  35   8   1   1   0   7   1  0.34 inf
  109 D    0  2  1  3 -2 -1  0 -1 -1 -2 -2  0 -2  1 -2 -1  0  4  1 -2    8  18   9  25   0   1   1   3   0   1   1   1   0   9   1   1   7   7   7   1  0.21 inf
  110 K    0  1 -1 -1 -2  0  1  0  2 -1 -2  3 -1 -2 -1  0 -1 -3 -2 -1   11   1   1   1   0   1   9   7   7   8   1  44   0   0   1   7   1   0   0   1  0.22 inf
  111 W   -1  0 -3 -3 -2 -2 -2 -3 -2 -1  2 -2  2  0 -3 -2 -2  8  0 -1    7   7   1   1   0   1   1   1   0   1  31   1  10   0   1   1   1  35   0   1  0.73 inf
  112 Y   -2 -2 -2 -3 -3 -2 -2  0  0 -1 -1 -2 -1  5 -3 -2 -2  1  6 -2    1   1   1   1   0   1   1   7   0   1   1   1   0  30   1   1   1   0  53   1  0.79 inf
  113 S    0  0  2 -1 -2 -1 -1 -1 -1 -1  0 -1 -1 -2 -1  3  1 -3 -2 -1    1   7  16   1   0   1   1   1   0   1  16   1   0   0   1  45   7   0   0   1  0.24 inf
  114 A    2 -1  1  3 -2  1  0  1 -1 -2 -2 -1 -2 -3 -1  0  1 -3 -2 -2   36   0   7  22   0  10   0  12   0   0   1   0   0   0   0   1   8   0   0   0  0.27 inf
  115 S    0 -1  0  2 -2  1  0 -1 -1 -2 -2 -1 -2 -3 -1  3  3 -3 -2 -1    4   0   0  12   0   8   0   1   0   0   1   0   0   0   0  35  36   0   0   0  0.38 inf
  116 G   -1 -2 -1 -2 -2 -2 -2  4  2 -2  0 -2 -1  2 -2  0 -1 -1  1 -2    1   0   0   0   0   0   0  45   7   0  16   0   0  12   0   8   0   0   7   0  0.34 inf
  117 Y   -2 -2 -2 -2 -2  1 -2 -3  0 -2 -1 -2 -1  3 -2 -1  0  1  7 -1    1   1   1   1   0   9   1   1   0   1   1   1   0  11   1   1   7   0  60   1  0.70 inf
  118 E    1 -1  1 -1 -2  0  2  1 -1 -2 -2 -1  0 -3  4  1 -1 -3 -2 -2   17   0   9   0   0   0  20  12   0   0   1   0   6   0  23   8   0   0   0   0  0.37 inf
  119 T   -1 -2 -1 -2 -1 -2 -2 -2 -2  2 -1 -2 -1 -2 -2  0  5 -3 -2  1    1   0   0   0   0   0   0   1   0  19   1   0   0   0   0   1  68   0   0   7  0.51 inf
  120 T   -1 -1  1 -1 -2  1  1 -2 -1 -1 -2 -1 -1 -3  3  1  3 -3 -2  0    1   0   7   0   0  10   8   1   0   0   1   0   0   0  15   7  39   0   0   9  0.34 inf
  121 Q    0  0  2  0 -3  4  1  0  2 -3 -3  2 -1 -3 -2  1 -1 -3 -2 -2    7   0  15   0   0  32   7   7   7   0   1  12   0   0   0   9   0   0   0   0  0.33 inf
  122 D    0 -1  0  3 -2  0  3  1 -1 -2 -3  0 -2 -3 -1  1  0 -3 -2 -2   11   1   1  30   0   1  25  11   0   1   1   1   0   1   1   8   7   0   0   1  0.33 inf
  123 G   -1 -2 -1 -2 -2 -2 -2  3 -2  0  0 -2 -1  0  4  0 -1 -2 -1 -1    1   1   1   1   0   1   1  27   0  13  10   1   0   7  26   7   1   0   0   1  0.37 inf
  124 P    0 -1  1 -1 -2 -1 -1 -1 -1 -2 -2 -1 -1 -2  5  0  2 -2 -2 -1   11   1  11   1   0   1   1   2   0   1   2   1   0   1  34   2  28   0   1   1  0.55 inf
  125 T   -1  1  0  2 -1 -1  0 -1 -1 -1 -1  0 -1 -2  2  0  3 -2 -2  0    2  10   1  13   1   1   2   2   1   1   3   2   1   1  11   2  40   0   1   5  0.24 inf
  126 G    0  1  0 -1 -2  0  1  4  3 -2 -2 -1 -2 -2 -1  0 -1 -2 -1 -2    2   8   1   2   1   1  10  47  13   1   3   2   1   1   1   2   2   0   1   2  0.37 inf
  127 S    0  2  0 -1 -1  0 -1 -1 -1  0 -2  0 -1 -2 -1  4  0 -2 -2 -1    2  13   1   1   0   1   1   2   0   9   2   1   0   1   1  60   1   0   1   1  0.30 inf
  128 L    0 -1 -2 -2 -1  0 -1 -2 -1  2  2 -1  1  0 -2 -1  0 -1  2  0    8   1   1   1   0   7   1   2   0  18  30   1   0   1   1   2  10   0  13   1  0.10 inf
  129 N   -1  1  5  2 -2  1  0  2  0 -3 -3  0 -2 -3 -2  0 -1 -3 -2 -2    2   8  45   9   0   8   1  14   0   1   2   1   0   1   1   1   1   0   1   1  0.40 inf
  130 I    0 -2 -2 -2 -2 -1 -2 -2  2  3  2 -2  0 -1  3 -1 -1 -2 -1  1    8   1   1   1   0   1   1   1   9  34  21   1   0   1  15   1   1   0   1   1  0.20 inf
  131 S    2  1  0 -1 -1  0 -1 -1 -1 -2 -2  0 -1 -2 -1  3  1 -2 -2 -1   15   9   1   1   0   1   1   1   0   1   2   1   0   1   1  50  10   0   1   1  0.30 inf
  132 V   -1  0 -2 -2 -1 -1 -2 -2 -2  1  1 -1  4 -1  1  0  1 -2 -1  2    1   8   1   1   0   1   1   1   0   1   7   1  25   1   8   8  12   0   0  24  0.16 inf
  133 G    1 -2 -1 -2 -2 -2 -2  5 -2 -3 -3 -2 -3 -3 -2  0  0 -3 -3 -3   14   0   0   0   0   0   0  73   0   0   1   0   0   0   0   1   8   0   0   1  0.84 inf
  134 A    3 -2 -1 -2 -1 -1 -1 -1 -2 -1 -1 -1 -1 -2 -1  1  2 -2  1  1   48   0   0   0   0   0   0   1   0   0   1   0   0   0   0   7  23   0   6   9  0.29 inf
  135 K   -1  1 -1 -1 -3  2  0 -2 -1 -3 -3  5 -2 -3 -1  0  1 -3 -2 -2    1   0   0   0   0   8   0   1   0   0   1  71   0   0   0   6   9   0   0   1  0.57 inf
  136 I   -1 -3 -4 -4 -2 -3 -3 -4 -3  3  2 -3  2 -1 -3 -3 -1 -3 -2  3    0   0   0   0   0   0   0   0   0  33  27   0   7   0   0   0   0   0   0  33  0.46 inf
  137 L    1 -3 -3 -4 -2 -2 -3 -3 -3  2  4 -3  1 -1 -3 -2 -1 -2 -2  0   21   0   0   0   0   0   0   0   0  14  66   0   0   0   0   0   0   0   0   0  0.43 inf
  138 Y   -2  0 -2 -3 -3 -2 -2 -3  3 -1  0 -2 -1  3 -3 -2 -2  4  6  0    0   8   0   0   0   0   0   0   7   0  11   0   0   9   0   0   0   7  46   7  0.56 inf
  139 E   -1  3  3  0 -3  2  2 -2  0 -3 -3  2 -2 -2 -2  0 -1 -2  1 -3    0  17  23   0   0   6  20   0   0   0   1  22   0   0   0   0   0   0   7   0  0.38 inf
  140 A    4 -2  0 -2 -1 -1 -1  1  2 -1 -2 -1 -1 -2 -1  1  0 -3 -2  0   58   0   6   0   0   0   0   7   7   0   1   0   0   0   0   9   0   0   0   9  0.31 inf
  141 V    0 -2 -3 -3 -2 -2 -3 -3 -3  2  4 -2  2  0 -3 -2 -1 -2 -2  1    8   0   0   0   0   0   0   0   0   6  66   0   6   0   0   0   0   0   0   9  0.40 inf
  142 Q    2 -1 -1  1 -2  2  0 -1 -1 -1  0 -1 -1 -2 -1  2  0 -3 -2 -1   22   0   0   7   0  18   0   0   0   0  17   0   0   0   0  29   0   0   0   4  0.18 inf
  143 G    0 -2 -1 -2 -2 -2 -1  5 -2 -2 -1 -2 -2 -3 -2  0 -1 -3 -3 -1    0   0   0   0   0   0   6  66   0   0  11   0   0   0   0   7   0   0   0   7  0.62 inf
  144 D   -1  0 -1  2 -3  2  3 -2 -1 -2 -3  2 -2 -3  3  0 -1 -4 -3 -1    0   0   0  16   0  11  26   0   0   0   0  19   0   0  15   6   0   0   0   7  0.43 inf
  145 K    1  2  0  0 -3  2  2  0 -1 -3 -2  3 -2 -3 -1  0 -1 -3 -2 -2   13  11   3   4   0  14  12   7   0   0   1  31   0   0   0   1   0   0   0   1  0.29 inf
  146 S    2  1  0 -1 -1 -1 -1 -1  2 -2 -2 -1 -2 -3 -1  3  0 -3 -2 -2   30   7   4   0   0   0   1   1   7   0   1   0   0   0   0  46   0   0   0   1  0.35 inf
  147 P    0 -2 -1 -1 -2 -1 -1  2 -2 -2 -2 -1 -2 -3  4  2  1 -3 -2 -2    4   1   1   1   0   1   1  24   0   1   1   1   0   1  27  21  13   0   1   1  0.49 inf
  148 I   -1 -1  1  1 -1  0 -1 -2 -1  2  0 -1  0 -1 -2 -1  0 -2 -1  2    2   1  13  11   0   8   1   2   0  21   2   1   1   1   1   2   1   0   1  31  0.11 inf
  149 P   -1  0 -2 -2 -3 -1 -1 -2 -1  0 -2 -1 -2 -1  6 -1 -1 -2  2 -2    1   7   1   1   0   1   1   1   0   8   1   1   0   1  58   4   1   0  12   1  1.03 inf
  150 Q   -1  0 -1 -1 -3  5  1 -2 -1 -3 -3  3 -1 -3  1 -1  1 -3 -2 -2    0   0   0   0   0  57   0   0   0   0   1  22   0   0   7   0   9   0   0   0  0.62 inf
  151 A    1  1  2 -1 -2 -1 -1  0 -1 -3 -3 -1 -2 -2  1  1  1  7 -1 -2   14  13  15   0   0   0   0   6   0   0   0   0   0   0   6  13  14  20   0   0  0.41 inf
  152 V   -1 -3 -3 -4 -2 -2 -3 -4  2  2  0 -3  0  2 -3 -2 -1 -1  4  3    0   0   0   0   0   0   0   0   7  17   0   0   0   6   0   0   0   0  24  46  0.42 inf
  153 D   -2 -2  3  6 -4  1  2 -2 -1 -4 -4 -1 -3 -4 -2 -1 -1 -5 -3 -4    0   0  22  62   0   8   8   0   0   0   0   0   0   0   0   0   0   0   0   0  0.89 inf
  154 L   -2 -3 -3  0 -2 -3 -3 -4 -3  2  2 -3  0  4 -3 -3 -2  4  1  2    0   0   0   8   0   0   0   0   0  10  26   0   0  30   0   0   0   8   0  18  0.37 inf
  155 F   -2 -1 -2 -3 -2 -2 -2 -3 -2 -1  1  1  0  6 -3 -2 -2  0  1 -1    1   1   1   1   0   1   1   1   0   1  14  17   0  59   1   1   1   0   0   1  0.51 inf
  156 A    1 -1  3  0 -2  0 -1  2 -1 -2 -3  1 -2 -3 -1  1  1 -3 -2 -2   13   1  30   1   0   1   1  21   0   1   1  14   0   0   1   7   9   0   0   1  0.29 inf
  157 G    0 -2 -1 -1 -3 -1  1  5 -2 -3 -3  0 -3 -3 -2 -1 -2 -3 -3 -3    1   1   1   1   0   1  11  71   0   1   1   9   0   0   1   1   1   0   0   1  0.77 inf
  158 K    0  3 -1 -1 -2  2  2 -1 -1 -2 -2  2 -1 -2 -1  0 -1 -2 -2 -2   11  24   1   1   0  13  16   1   0   1   2  21   0   1   1   1   1   0   1   1  0.31 inf
  159 P   -1  1  0  3 -2  0  1 -2 -1 -3 -3  0 -2 -3  3  2  1 -3 -2 -2    1   9   0  26   0   0   9   1   0   0   1   0   0   0  17  27   7   0   0   1  0.42 inf
  160 Q    1  2 -1 -2 -2  3  0 -2 -1  1 -1  0 -1 -3  1  1 -1 -3 -2  0   18  16   0   0   0  27   2   0   0  15   0   0   0   0   6  10   0   0   0   6  0.21 inf
  161 Q   -1 -1  1  3 -4  3  3  0 -1 -4 -3  1 -2 -4  0 -1 -1 -4 -3 -3    0   0   6  25   0  17  34   7   0   0   0   7   0   0   4   0   0   0   0   0  0.53 inf
  162 E    0  0  0  2 -3  1  4 -2 -1 -2 -3  2 -2 -3 -2  1 -1 -4 -2 -1    6   0   0  15   0   0  38   0   0   0   0  20   0   0   0  13   0   0   0   8  0.39 inf
  163 V   -1 -3 -4 -4 -2 -3 -3 -4 -4  4  1 -3  0 -1 -3 -3 -1 -3 -2  4    0   0   0   0   0   0   0   0   0  37   6   0   0   0   0   0   0   0   0  56  0.59 inf
  164 V   -1 -3 -3 -4 -2 -2 -3 -4 -3  4  2 -3  4 -1 -3 -2  0 -3 -2  2    0   0   0   0   0   0   0   0   0  47   8   0  23   0   0   3   3   0   0  15  0.44 inf
  165 L    0  1 -2 -3 -2 -1 -2 -3  4  0  3  0  3 -1 -3 -2 -2 -2 -1 -1    7   9   0   0   0   0   0   0  18   0  42   7  18   0   0   0   0   0   0   0  0.28 inf
  166 A    2  1 -1  2 -2  1  2 -1 -1 -3 -3  1 -2 -3 -2  0  1 -3 -2 -2   33   7   0  16   0   3  18   0   0   0   0  13   0   0   0   0  10   0   0   0  0.29 inf
  167 A    4 -2 -1 -2 -1 -1 -1 -1 -2 -2 -2 -1 -2 -3 -1  3  0 -3 -2 -1   63   0   0   0   0   0   0   0   0   0   0   0   0   0   0  34   3   0   0   0  0.56 inf
  168 L    0 -3 -3 -4 -2 -2 -3 -3 -3  1  4 -3  1  1 -3 -2  1 -2 -1  0    8   0   0   0   0   0   0   0   0   0  73   0   0   7   0   0  12   0   0   0  0.44 inf
  169 E   -2  0  3  3 -4  3  3 -2 -1 -3 -3  0 -2 -4 -2  0 -1 -4 -3 -1    0   3  26  18   0  16  30   0   0   0   0   0   0   0   0   0   0   0   0   7  0.49 inf
  170 D    0 -1  3  2 -3  0  3 -2 -1 -3 -3  1 -2  0 -2  0  1 -3 -2 -2    9   0  28  13   0   0  26   0   0   0   0   7   0   6   0   0  10   0   0   0  0.35 inf
  171 T    4 -2 -2 -2 -1 -2 -2 -1 -2 -1 -2 -1 -1 -3 -2  0  3 -3 -2  1   63   0   0   0   0   0   0   0   0   0   0   0   0   0   0   0  25   0   0  12  0.45 inf
  172 W    0 -2 -3 -3 -2  1 -2 -3 -2  1  2 -2  2  0 -3 -2 -1  5  2  1    7   0   0   0   0  10   0   0   0   7  36   0   8   0   0   0   0  11   9  13  0.29 inf
  173 E    3 -1  1  1 -2  2  2 -1 -1 -2 -2 -1 -2 -3 -2  0  0 -3 -2 -1   53   0   6   7   0  11  17   0   0   0   0   0   0   0   0   0   7   0   0   0  0.35 inf
  174 T    0  3 -1  0 -3  1  1 -2 -1 -3 -3  4 -2 -3 -2  0  1 -3 -2 -2    6  24   0   6   0   3   7   0   0   0   0  40   0   0   0   0  14   0   0   0  0.43 inf
  175 L   -2 -3 -4 -4 -2 -3 -4 -4 -3  1  5 -3  3  0 -4 -3 -2 -2 -2  0    0   0   0   0   0   0   0   0   0   0  91   0   9   0   0   0   0   0   0   0  0.76 inf
  176 S    0  2  1 -1 -2  2  0 -2  2 -2 -2  0 -1 -3 -2  2  2 -3 -2 -2    7  12   6   0   0  18   0   0   8   3   0   0   0   0   0  28  17   0   0   0  0.28 inf
  177 K    1  0  1  1 -3  2  2 -2 -1 -3 -2  2 -2 -3 -2  1 -1 -3 -2 -2   13   0   7   7   0  13  19   0   0   0   3  26   0   0   0  12   0   0   0   0  0.31 inf
  178 R    0  3 -1  0 -3  2  3 -2 -1 -3 -3  2 -2 -3 -2  1  1 -3 -2 -2    6  24   0   0   0   7  30   0   0   0   0   9   0   0   0  13  11   0   0   0  0.39 inf
  179 Y   -2 -1 -2 -3 -3  2 -1 -3  0 -2 -2  2 -1  3 -3 -2 -2  4  6 -2    0   0   0   0   0  16   0   0   0   0   0  20   0  14   0   0   0   7  43   0  0.63 inf
  180 G   -1 -3 -1 -2 -3 -2 -3  6  2 -4 -4 -2 -3 -4 -3  0 -2 -3 -3 -4    0   0   0   0   0   0   0  86   7   0   0   0   0   0   0   7   0   0   0   0  1.15 inf
  181 N    0 -1  1  2 -2  2  1  0 -1 -2  0  0 -1 -3  1  1  1 -3 -2 -2   10   0  11  16   0  13   8   6   0   0  12   3   0   0   7   7   8   0   0   0  0.17 inf
  182 N    1  0  3  3 -3  2  1 -1 -1 -3 -3  2 -2 -3 -2  0  0 -4 -3 -2   15   0  17  26   0  10   7   0   0   0   0  18   0   0   0   0   7   0   0   0  0.36 inf
  183 V    1 -2 -2  0 -2 -1 -2 -2 -2  0  1 -2  3 -2  4  0 -1 -3 -2  1   20   0   0   7   0   0   0   0   0   0  11   0  23   0  22   7   0   0   0  11  0.32 inf
  184 S    2 -1  0  2 -2  0  2 -1 -1 -3 -3 -1 -2 -3  1  2  0 -3 -3 -2   28   0   0  15   0   0  19   0   0   0   0   0   0   0   7  30   2   0   0   0  0.37 inf
  185 N    1  2  3  1 -3  2  0  1 -1 -3 -3  1 -2 -3 -2  0 -1 -3 -2 -2   20  17  21   7   0  12   0   9   0   0   0  12   0   0   0   3   0   0   0   0  0.29 inf
  186 W   -4 -4 -5 -6 -4 -3 -4 -4 -4 -4 -3 -4 -3  0 -5 -4 -4 12  1 -4    0   0   0   0   0   0   0   0   0   0   0   0   0   0   0   0   0 100   0   0  3.41 inf
  187 K   -1  4 -1 -2 -3  3  0 -2 -1 -2 -1  3 -1 -3 -2 -1  1 -3 -2 -2    0  36   0   0   0  16   0   0   0   0   7  30   0   0   0   0  11   0   0   0  0.47 inf
  188 T   -1 -2 -2 -3 -2 -2 -3 -3 -3  3  1 -2  5 -1 -3 -1  3 -3 -2  1    0   0   0   0   0   0   0   0   0  35   0   0  35   0   0   0  30   0   0   0  0.42 inf
  189 P   -1 -2 -2 -2 -4 -2 -1 -3 -3 -3 -4  1 -3 -4  8 -1 -2 -4 -4 -3    0   0   0   0   0   0   0   0   0   0   0  10   0   0  90   0   0   0   0   0  1.99 inf
  190 A    4 -2 -2 -2 -1 -1 -1  0 -2 -2 -2 -1 -1 -2 -1  1  0 -3 -2  0  100   0   0   0   0   0   0   0   0   0   0   0   0   0   0   0   0   0   0   0  0.49 inf
  191 M   -1 -1 -2 -3 -1  0 -2 -3 -2  1  2 -1  6  0 -3 -2 -1 -1 -1  1    0   0   0   0   0   0   0   0   0   0   0   0 100   0   0   0   0   0   0   0  0.33 inf

                      K         Lambda
Standard Ungapped    0.1303     0.3144
Standard Gapped      0.0385     0.2670
PSI Ungapped         0.1275     0.3036
PSI Gapped           0.0385     0.2670
