
Last position-specific scoring matrix computed, weighted observed percentages rounded down, information per position, and relative weight of gapless real matches to pseudocounts
           A  R  N  D  C  Q  E  G  H  I  L  K  M  F  P  S  T  W  Y  V   A   R   N   D   C   Q   E   G   H   I   L   K   M   F   P   S   T   W   Y   V
    1 M   -2 -3 -4 -5 -3 -2 -4 -4 -3  1  0 -3  8  0 -4 -3 -2 -3 -2  3    0   0   0   0   0   0   0   0   0   2   0   0  73   3   0   0   0   0   0  22  1.17 inf
    2 I   -2 -4 -3 -5  1 -2 -4 -5 -4  3  2 -4  5 -1 -4 -3 -1 -4 -3  4    0   0   1   0   3   2   0   0   0  17  19   0  19   1   0   0   1   0   0  38  0.65 inf
    3 R   -4  7 -3 -4 -6  0 -2 -5 -1 -3 -4  1 -3 -2 -4 -3 -1 -1 -1 -4    0  83   0   0   0   4   0   0   1   2   0   4   0   1   0   0   3   1   2   0  1.57 inf
    4 G    4 -4 -3 -3 -3 -3 -3  5 -4 -4 -4 -3 -4 -2 -3  0 -3 -4 -4 -3   41   0   0   0   0   0   0  51   0   0   0   0   0   2   0   5   0   0   0   1  1.03 inf
    5 I   -3 -5 -5 -5 -3 -5 -5 -6 -5  6  2 -5 -1 -2 -5 -4 -3 -5 -3  3    0   0   0   0   0   0   0   0   0  63  16   0   0   0   0   0   0   0   0  21  1.13 inf
    6 R   -4  8 -3 -4 -6 -2 -3 -5 -3 -6 -5  0 -4 -6 -5 -4 -4 -6 -5 -5    0 100   0   0   0   0   0   0   0   0   0   0   0   0   0   0   0   0   0   0  2.33 inf
    7 G   -2 -5 -3 -4 -5 -4 -5  7 -5 -7 -6 -4 -5 -6 -5 -3 -4 -5 -6 -6    0   0   0   0   0   0   0 100   0   0   0   0   0   0   0   0   0   0   0   0  2.21 inf
    8 A    7 -4 -4 -4 -3 -3 -3 -1 -4 -4 -4 -3 -4 -5 -3 -1 -3 -5 -4 -3   98   0   0   0   0   0   0   2   0   0   0   0   0   0   0   0   0   0   0   0  1.64 inf
    9 T   -1 -4 -2 -4 -3 -3 -4 -4 -4  4 -2 -3 -2 -4 -4 -2  6 -5 -4  1    3   0   1   0   0   0   0   0   0  26   0   0   0   0   0   0  60   0   0  10  1.02 inf
   10 T   -2 -3 -1 -2  0  3 -3 -2 -4 -3 -4 -3 -3 -5 -4  0  7 -5 -4  0    0   0   1   1   2  13   0   2   0   0   0   0   0   0   0   3  72   0   0   5  1.16 inf
   11 V    1 -4 -4 -4  4 -4 -4 -4 -4  2  1 -4 -1 -2 -4 -1 -1 -4 -3  5   10   0   0   0  11   0   0   0   0  12  10   0   0   0   0   4   1   0   0  52  0.68 inf
   12 E    0 -1  1  3 -4  0  4 -1 -2 -4 -3  0 -3 -4  0  2  1 -4 -3 -2    7   1   6  15   0   2  34   2   0   0   1   3   0   0   4  16   7   0   0   3  0.45 inf
   13 R    1  2 -1  0 -2  2  4  0 -1 -3 -3  1 -3 -4 -2  0  0 -4 -3 -2   16  15   2   4   1   8  31   6   1   0   1   5   0   0   0   5   4   0   0   3  0.36 inf
   14 D   -4 -3  7  5 -6 -3 -2 -3 -2 -6 -6 -3 -5 -6 -4 -2 -3 -7 -5 -6    0   0  69  31   0   0   0   0   0   0   0   0   0   0   0   0   0   0   0   0  1.82 inf
   15 T   -1 -1  0  1 -2 -1  2 -3  1 -3 -4 -1 -2 -4 -3  3  4 -5 -3 -2    1   3   3   8   1   2  15   0   3   0   0   1   1   0   0  24  38   0   0   1  0.59 inf
   16 E    2  2 -2 -2 -2  1  1 -3 -2  0 -2  1 -2 -3  2  0  0 -4 -3  1   21  16   0   0   1   4  11   0   0   6   0  10   0   0  11   4   5   0   0  11  0.26 inf
   17 E    0 -1 -2  2 -3  1  5 -1 -2 -2 -4  1 -3 -5 -1 -1 -2 -5 -4 -2    7   2   0   8   1   4  55   5   0   2   0  10   0   0   2   1   1   0   0   2  0.72 inf
   18 E    3 -2 -1  1 -4  0  4 -3  3 -4 -2 -2 -3 -4 -2  0 -2 -4 -1 -3   35   0   2   5   0   2  35   0  10   0   3   0   0   0   1   4   0   0   2   0  0.61 inf
   19 I   -3 -5 -6 -6 -3 -5 -5 -6 -5  7  0 -5  3 -2 -5 -5 -3 -5 -4  2    0   0   0   0   0   0   0   0   0  79   5   0   8   0   0   0   0   0   0   8  1.43 inf
   20 L    0  1 -2  0 -3  0  1 -2 -1  1  2  0  0  0 -3 -1  0  2  0  0    6  11   0   4   0   2  12   2   1   8  26   4   0   3   0   3   5   4   3   7  0.08 inf
   21 Q    1  0  0  2 -3  2  4 -2 -2 -3 -2  0 -2 -4 -2  1  0 -4 -3 -2   17   4   3   9   0  10  30   1   0   1   4   4   0   0   0  11   4   0   0   1  0.37 inf
   22 K    5  1 -1 -2 -1  0 -1  0 -2 -4 -4  0 -3 -4 -3  0 -2 -5 -4 -2   70   7   2   1   1   4   2   5   1   0   0   4   0   0   0   3   0   0   0   1  0.78 inf
   23 T   -1 -4 -3 -4 -3 -3 -4 -4 -4 -1 -2 -3 -2 -4 -4  0  6 -5 -4  4    4   0   0   0   0   0   0   0   0   0   0   0   0   0   0   4  52   0   0  40  0.99 inf
   24 K    0  2  0 -1 -1  1  1 -1  0  0 -1  2 -1 -2 -2  1  1 -3 -1  0    5  17   2   2   1   6   9   2   3   4   5  13   0   1   0   9   8   0   1  10  0.13 inf
   25 Q    0 -1 -1  0 -5  1  6 -3 -2 -3 -3  0 -4 -5 -3 -1 -1 -2 -4 -4    6   3   1   2   0   5  68   1   0   1   2   4   0   0   0   3   4   1   0   0  0.98 inf
   26 L   -2 -4 -6 -6 -4 -4 -5 -6 -5 -1  6 -5  3 -2 -5 -5 -3 -4 -3 -1    3   0   0   0   0   0   0   0   0   0  89   0   8   0   0   0   0   0   0   0  1.37 inf
   27 L   -2 -4 -5 -5 -1 -4 -4 -5 -4  2  4 -4  3  2 -4 -4 -2  1  1  2    1   0   0   0   1   0   0   0   0   8  52   0   9   7   0   0   0   2   4  15  0.67 inf
   28 E    0  1  1  2 -2  2  2 -2  0 -3 -2  1 -1 -3 -2  1  1 -4 -3 -2    7   8   6  15   0   9  16   1   1   0   5   7   1   0   0   8  13   0   0   2  0.25 inf
   29 K    2  1 -2 -1 -3  1  4 -1 -2 -3 -2  1 -3 -4 -3  0 -1 -4 -3 -2   21   6   0   1   0   6  41   3   0   0   3   8   0   0   0   4   3   0   0   3  0.48 inf
   30 I   -3 -4 -5 -5 -3 -4 -5 -5 -4  5  3 -4  5  0 -5 -4 -3 -4 -3  2    0   0   0   0   0   0   0   0   0  37  28   0  21   3   0   0   0   0   0  12  0.87 inf
   31 I   -2 -3 -4 -3  0 -1  1 -4 -3  4  2 -3  3 -1 -4 -3 -1 -4 -2  3    1   0   0   0   2   3  12   0   0  26  25   0   9   1   0   0   1   0   0  19  0.43 inf
   32 E    0  2  1  1 -2  1  3 -2  0 -2 -3  2 -2 -4 -2  1  0 -4 -3 -2    6  16   5   6   1   4  25   1   1   3   1  13   0   0   0   9   7   0   0   0  0.32 inf
   33 E    1  5  0 -2 -4  2  2 -2  1 -3 -2  1 -2 -4 -3 -1 -1 -4 -3 -2   16  35   5   1   0  11  15   1   4   0   3   6   0   0   0   1   2   0   0   2  0.48 inf
   34 N   -4 -3  9 -1 -6 -3 -3 -3 -2 -6 -6 -3 -5 -6 -5 -2 -3 -7 -5 -6    0   0 100   0   0   0   0   0   0   0   0   0   0   0   0   0   0   0   0   0  2.40 inf
   35 H    0  0  2  2 -3  2  2  2  0 -4 -4  1 -3 -4 -2  1 -1 -4 -3 -3    9   3  11  14   0  11  14  18   2   0   0   8   0   0   1  10   0   0   0   1  0.34 inf
   36 T   -3 -4 -5 -5 -1 -4 -5 -5 -4  4  4 -4  0  1 -5 -4 -2 -3 -1  1    0   0   0   0   1   0   0   0   0  32  51   0   0   5   0   0   1   0   1   8  0.80 inf
   37 K   -1  0  1  3 -3  1  1 -1  1 -1 -3  1 -2 -3 -2  1  1 -4 -3 -1    4   3   7  19   0   8  10   3   4   4   0  12   0   0   1  11  11   0   0   5  0.24 inf
   38 P    1 -1 -2 -2 -3 -1  0 -1 -1 -1 -1  0 -2 -1  5  0  0 -4 -2  0   11   1   1   0   0   1   7   3   1   4   6   8   0   2  34   7   6   0   0   8  0.47 inf
   39 E    0 -2  0  4 -4  0  4 -2 -1 -4 -4  1 -3 -5 -3  0 -1 -5 -4 -4    8   0   3  27   0   3  40   1   1   0   0   7   0   0   0   7   4   0   0   0  0.70 inf
   40 D   -2  0  1  6 -3  3  2 -3 -2 -5 -5 -1 -4 -5 -3 -1 -3 -2 -3 -5    2   4   6  55   1  13  14   0   0   0   0   2   0   0   0   1   0   1   1   0  1.02 inf
   41 V   -3 -4 -5 -5 -3 -4 -5 -5 -5  5  2 -4  1 -1 -4 -4 -2 -4 -3  4    0   0   0   0   0   0   0   0   0  47  18   0   3   1   0   0   0   0   0  31  0.90 inf
   42 V    2 -4 -3 -4  0 -3 -3  0 -4  4  0 -3 -1 -2 -3  0 -1 -4 -3  3   19   0   0   0   2   0   0   6   0  28   7   0   0   0   0   6   2   0   0  30  0.41 inf
   43 Q    0 -3 -1 -3  3  1 -2 -2  0 -4 -4 -2 -3 -1 -3  6 -1  0 -3 -4    6   0   2   0   6   7   0   0   2   0   0   0   0   4   0  72   0   1   0   0  0.95 inf
   44 M    1 -4 -4 -5 -1 -4 -4 -4 -4  4  1 -4  1 -2 -4 -3 -1 -4 -3  4   12   0   0   0   1   0   0   0   0  31   9   0   3   0   0   0   1   0   0  43  0.68 inf
   45 L   -3 -3 -3 -4 -3 -1 -3 -4  0  3  2 -3  0  3 -4 -2  3  4 -1  0    0   0   0   0   0   2   0   0   4  28  19   0   1  15   0   0  22   8   1   1  0.48 inf
   46 L   -4 -5 -5 -6 -4 -5 -6 -6 -4  3  0 -5 -2  8 -6 -5 -4 -2  0 -2    0   0   0   0   0   0   0   0   0  16   4   0   0  79   0   0   0   0   0   1  1.75 inf
   47 S   -2 -3 -2 -3 -3 -3 -3 -3 -4 -3 -4 -3 -3 -4 -3  4  6 -5 -4 -3    0   0   0   0   0   0   0   0   0   0   0   0   0   0   0  42  58   0   0   0  1.22 inf
   48 A    3 -3 -3 -4  3 -2 -3 -3 -4  0  0 -3  1 -3 -3 -1  1 -4 -3  4   28   0   0   0   7   1   0   0   0   0   4   0   5   0   0   3   9   0   0  43  0.50 inf
   49 T   -2 -4 -2 -4 -3 -3 -3 -4 -4 -3 -4 -3 -3 -5 -4  0  8 -5 -4 -3    0   0   0   0   0   0   0   0   0   0   0   0   0   0   0   3  97   0   0   0  1.84 inf
   50 P    0  1  0  0 -4  0  1 -3  0 -4 -4  2 -3 -4  5  1 -1 -4 -3 -3    9   8   3   5   0   3   8   0   2   0   0  18   0   0  28  12   2   0   0   1  0.55 inf
   51 D   -4 -4  0  8 -6 -3 -1 -4 -4 -6 -6 -3 -6 -6 -4 -3 -4 -7 -6 -6    0   0   3  97   0   0   0   0   0   0   0   0   0   0   0   0   0   0   0   0  2.21 inf
   52 L   -3 -4 -5 -5 -3 -4 -5 -6 -5  4  5 -4  0 -1 -5 -4 -3 -4 -3  0    0   0   0   0   0   0   0   0   0  27  71   0   0   0   0   0   0   0   0   2  1.08 inf
   53 H   -3  1  4  5 -3 -1 -1 -3  3 -4 -4  0 -3 -2 -3 -1  2 -5 -3 -2    0   7  22  34   1   0   1   0   9   0   0   4   0   2   0   2  16   0   0   3  0.60 inf
   54 A    5 -2 -2 -2 -2  0 -2 -2 -3 -3 -4  0 -3 -4 -3  3 -1 -5 -4 -2   63   1   0   1   0   4   0   0   0   0   0   4   0   0   0  25   1   0   0   1  0.83 inf
   55 V    3 -2 -2  1  4  0  1  0 -3  0 -1 -2  0 -3 -3 -1  0 -4 -3  0   31   1   0  10  12   4  11   5   0   7   5   0   2   0   0   0   7   0   0   5  0.23 inf
   56 F   -4 -5  0 -5 -5 -5 -5 -5 -3 -3 -2 -5 -2  8 -6 -4 -4 -1  4 -2    0   0   6   0   0   0   0   0   0   0   0   0   0  79   0   0   0   0  13   2  1.81 inf
   57 P   -3 -5 -5 -4 -5 -4 -4 -5 -5 -5 -5 -4 -5 -6  9 -3 -4 -6 -5 -5    0   0   0   0   0   0   0   0   0   0   0   0   0   0  98   0   0   0   0   0  2.89 inf
   58 A    6 -4 -4 -4 -3 -3 -3  0 -4 -4 -4 -3 -3 -4  0  0 -1 -5 -4 -2   87   0   0   0   0   0   0   4   0   0   0   0   0   0   5   3   2   0   0   0  1.20 inf
   59 K    2  0 -2 -2 -2  0  0 -2 -2 -1  0  2 -1 -2 -2  1  0 -3 -1  1   29   3   0   0   0   4   6   0   0   1  11  18   0   1   0   7   7   0   2  10  0.18 inf
   60 A    5 -4 -4 -4 -2 -3 -3 -1 -4  3 -1 -3 -1 -1 -3 -1 -1 -4 -1  0   56   0   0   0   0   0   1   4   0  22   3   0   1   3   0   0   2   0   2   5  0.60 inf
   61 V    5 -4 -4 -4  0 -3 -3 -2 -4  0  2 -3  0 -3 -3 -1 -2 -4 -3  1   62   0   0   0   1   0   0   1   0   4  19   0   2   0   0   0   0   0   0  12  0.72 inf
   62 R   -3  8 -3 -4 -6 -2 -3 -5 -3 -6 -5 -1 -4 -6 -5 -4 -4 -6 -5 -5    2  98   0   0   0   0   0   0   0   0   0   0   0   0   0   0   0   0   0   0  2.27 inf
   63 E   -1  2 -1  0 -4  3  4 -2  1 -3 -3  2 -2 -3 -2  0 -1 -4 -3 -2    2  14   1   2   0  16  29   3   3   1   1  16   0   1   1   4   1   0   0   3  0.46 inf
   64 L   -1  2  0 -3  0  0 -2 -3  0  1  3  0  2  0 -3 -2 -1  0 -2  0    5  16   5   0   3   3   1   0   2   7  33   6   9   5   0   0   3   1   0   2  0.20 inf
   65 S    0  0  0  0 -2  0  0  0  0 -1 -1  0  0  0  3  0  0 -2  0 -1    9   4   5   5   1   2   7   7   3   4   7   5   3   4  18   6   4   0   3   2  0.15 inf
   66 G   -2 -3  1  0 -4 -3 -3  6  1 -5 -3 -3 -4  0 -4 -2 -3 -4 -4 -5    1   1   6   6   0   1   1  74   3   0   3   0   0   5   0   1   0   0   0   0  1.17 inf
   67 W   -1 -5 -5 -6 -4 -4 -5 -5 -4  1  2 -5  2  3 -5 -4 -4 10  1 -2    5   0   0   0   0   0   0   0   0   9  17   0   5  14   0   0   0  48   2   0  1.69 inf
   68 Q   -1 -1  1  3 -3  1  1 -1  1 -2 -2  1 -1 -3 -2  0  2 -4 -3 -1    1   1   8  23   0   8  10   4   4   1   4  10   1   0   0   4  15   0   0   7  0.26 inf
   69 Y   -1 -1  3  3 -3  0  1 -1  1 -3 -2  0 -1 -2 -3  0 -1  0  3 -3    4   2  19  23   0   2   6   5   3   0   5   5   2   0   0   8   3   1  13   0  0.29 inf
   70 V   -1 -4 -5 -5 -3 -4 -4 -5 -5  2 -1 -4 -1 -3 -4 -3  1 -5 -3  6    3   0   0   0   0   0   0   0   0   8   1   0   0   0   0   0   8   0   0  80  1.13 inf
   71 P    3 -4 -4 -4 -4 -3 -3 -2 -4 -4 -5 -3 -4 -5  8 -1 -3 -6 -5 -2   24   0   0   0   0   0   0   2   0   0   0   0   0   0  69   3   0   0   0   3  1.78 inf
   72 V   -2 -4 -5 -5 -3 -4 -4 -5 -4  1  5 -4  3  2 -4 -4 -2 -3 -2  2    2   0   0   0   0   0   0   0   0   6  64   0   8   7   0   0   0   0   0  13  0.78 inf
   73 T   -3 -4 -5 -5 -3 -3 -4 -5 -4  3  4 -4  7  2 -5 -4 -2 -3 -2  0    0   0   0   0   0   0   0   0   0  14  39   0  35   8   0   0   2   0   0   1  0.90 inf
   74 C   -3 -5  0  4  9 -4 -3 -1  1 -4 -4 -4 -4 -5 -4 -1 -3 -5 -4 -4    0   0   3  27  56   0   0   5   4   0   0   0   0   0   0   5   0   0   0   0  1.61 inf
   75 M    3 -3 -3 -3  5 -3 -3 -2 -3 -1  0 -3  3  2 -3  0  1 -3 -2  1   32   0   0   0  14   0   0   1   0   0   7   0  11   9   0   8   7   0   0  10  0.37 inf
   76 Q   -1  2  0 -2 -3  6  1 -3  2 -3 -2  0 -1 -4 -3 -1  1 -4 -1 -2    3  12   5   0   1  50   4   0   4   0   4   1   1   0   0   3   9   0   1   3  0.67 inf
   77 E   -3 -2 -2 -1 -6  5  7 -4  0 -5 -5 -1 -4 -6 -3 -2 -3 -5 -4 -5    0   0   0   0   0  25  73   0   1   0   0   0   0   0   0   0   0   0   0   0  1.51 inf
   78 M   -2 -4 -4 -5  0 -3 -4 -5 -4  4  1 -3  7 -2  1 -3 -2 -4 -3  1    3   0   0   0   2   0   0   0   0  27   9   1  45   0   8   0   0   0   0   5  0.92 inf
   79 D    1 -2  2  3 -2 -1  0 -1  2 -2 -3 -2 -2 -2  3  0 -2 -3  2 -2   12   1   9  24   1   0   6   4   7   2   0   0   1   1  14   6   0   0  10   3  0.33 inf
   80 V   -2 -3 -3 -5 -3 -4 -4 -5 -5  3 -1 -4  0 -1 -4 -4 -2  1 -3  6    0   2   1   0   0   0   0   0   0  13   1   0   2   3   0   0   0   2   0  76  1.05 inf
   81 T   -1 -2  0  1 -4  1  2 -3 -1 -2 -4  1 -3 -4  6  0  0 -5 -3 -1    3   0   4   7   0   5  17   0   1   2   0  10   0   0  37   5   4   0   0   5  0.70 inf
   82 G   -2 -3  3  1 -4 -2 -2  6  3 -5 -5 -2 -4 -5 -4 -1 -2 -5 -4 -5    0   0  16   7   0   1   1  63   8   0   0   1   0   0   0   2   1   0   0   0  1.08 inf
   83 G    3 -2 -1  2 -3 -2 -2  1 -3 -4 -4 -2 -3 -4 -3  5 -1 -5 -4 -3   26   1   0  15   0   0   0   8   0   0   0   0   0   0   0  50   1   0   0   0  0.69 inf
   84 L   -3 -2 -5 -5 -3 -2 -4 -5 -4  0  5 -4  4 -1  1 -4 -2 -4 -3  0    0   3   0   0   0   1   0   0   0   2  73   0  11   0   7   0   1   0   0   3  0.87 inf
   85 K   -1  0  0  0 -3  0  2 -1 -2 -4 -4  1 -2 -5  6  0 -2 -5 -4 -3    4   6   6   5   1   3  15   3   0   0   0   7   1   0  43   6   1   0   0   1  0.83 inf
   86 K   -3  5 -1 -3 -4  0 -2 -1  1 -3 -1  3  1  1 -3 -2 -3 -4 -1 -3    0  48   1   0   0   3   0   5   4   0   6  20   4   6   0   1   0   0   1   0  0.67 inf
   87 C   -3 -5 -5 -6 10 -5 -6 -5 -5  1 -3 -5 -3 -4 -5 -2  0 -5 -4  2    0   0   0   0  70   0   0   0   0   6   0   0   0   0   0   1   6   0   0  16  2.05 inf
   88 I   -3 -5 -5 -5 -3 -5 -5 -6 -5  7  0 -5 -1 -2 -5 -4 -3 -5 -3  3    0   0   0   0   0   0   0   0   0  79   3   0   0   0   0   0   0   0   0  18  1.36 inf
   89 R   -4  8 -3 -4 -6 -1 -3 -5 -3 -6 -5  0 -4 -5 -5 -3 -4 -5 -4 -5    0 100   0   0   0   0   0   0   0   0   0   0   0   0   0   0   0   0   0   0  2.20 inf
   90 V   -1 -4 -5 -5  0 -4 -4 -5 -4  3  2 -4  1  2 -4 -3 -2 -3 -2  5    2   0   0   0   2   0   0   0   0  16  14   0   4   9   0   0   0   0   0  53  0.69 inf
   91 M   -2 -4 -5 -2 -3 -3 -4 -5 -4  0  5 -4  6 -2 -5 -4 -3 -4 -3 -1    3   0   0   3   0   0   0   0   0   1  63   0  31   0   0   0   0   0   0   0  1.07 inf
   92 M    2 -3 -4 -4 -2 -3 -3 -3 -4  4  1 -3  3  0 -3 -2 -2 -3 -2  2   25   0   0   0   0   0   0   0   0  30  13   0  12   3   0   0   0   0   0  17  0.48 inf
   93 T   -3 -2 -1 -3 -4  1 -2 -4  8 -1  1 -3 -2  2 -4 -3  1 -3  3 -2    0   0   1   0   0   6   0   0  45   4  17   0   0   7   0   0   9   0   9   1  0.87 inf
   94 V    1 -4 -4 -4  1 -3 -4 -4 -3  2  0 -3 -1  0 -4 -2  1  4  2  4   13   0   0   0   3   0   0   0   0  11   6   0   0   3   0   0   8   7   7  43  0.47 inf
   95 Q   -3  0  5  2 -4  0  2 -3  0 -3 -2 -2 -3 -2 -3 -1 -2  4  2 -4    1   3  40  10   0   4  16   0   2   1   3   0   0   0   0   0   1   7  11   0  0.64 inf
   96 T    0 -1 -2 -2  0 -2 -2 -1 -3  0  1 -1  1 -2 -3  1  5 -3 -3  0    4   2   0   1   1   1   0   5   0   3  16   2   3   1   0  12  45   0   0   3  0.38 inf
   97 D   -1 -2  0  3 -4  0  2 -1  2 -4 -4  0 -3 -4  4  1  0 -4 -2 -3    3   0   3  24   0   2  14   4   7   0   1   5   0   0  21  10   5   0   1   0  0.50 inf
   98 V    0  2  0 -1 -1  0  0 -1 -1 -1  0  3 -1 -2 -2  0  0 -3 -2 -1    6  11   4   3   1   2   6   3   1   2  13  30   1   1   1   3   7   0   1   4  0.17 inf
   99 P    0  0 -1  1 -2  0  0 -1 -1 -3 -3  1 -3 -4  5  2  0 -4 -3 -3    9   3   1   8   1   3   3   3   1   0   2  10   0   0  30  20   5   0   0   0  0.54 inf
  100 Q   -2  2  2  0 -4  5  1 -1 -1 -4 -2  1 -2 -3  1 -2 -2 -4 -3 -3    2  13   9   6   0  40   4   4   1   0   4   8   0   1   6   0   1   0   0   1  0.56 inf
  101 D    0  1  0  1 -3  1  2 -1  2 -2 -2  2 -1 -1 -1  1  1 -3 -1 -2   10   6   4   6   0   6  13   2   6   1   2  14   1   2   2  14   8   0   1   1  0.18 inf
  102 Q   -1 -1  1  3 -4  1  4 -2 -2 -4 -3  1 -3 -4  2  0 -1 -4 -3 -3    5   1   5  15   0   6  39   2   0   0   1   6   0   0  11   3   3   0   0   1  0.55 inf
  103 I   -2 -4 -4 -4 -3 -4 -4 -5 -4  5  0 -4  1 -1  2 -3 -2 -4 -3  3    0   0   0   0   0   0   0   0   0  51   5   0   4   1  11   1   0   0   0  23  0.80 inf
  104 R   -1  2  1 -2  1  2  0 -3  4 -1 -3  3 -2 -3 -2  0 -1 -3  0 -1    4  12   8   0   3  13   3   0  12   3   1  23   0   1   0   6   2   0   2   5  0.30 inf
  105 H   -3 -3 -1 -4 -5 -2 -3 -5 11 -6 -5 -3 -4 -4 -3 -4 -4 -5  1 -5    1   0   1   0   0   0   0   0  90   0   0   0   0   0   1   0   0   0   3   0  2.74 inf
  106 V   -1 -4 -4 -5 -1 -2 -4 -5 -5  2 -1 -4 -1 -3  3 -3 -1 -5 -3  5    3   0   0   0   1   2   0   0   0  12   3   0   0   0  14   1   2   0   0  62  0.86 inf
  107 Y   -5 -5 -5 -6 -6 -5 -5 -6  0 -4 -4 -5 -4  1 -6 -5 -5 -1 10 -4    0   0   0   0   0   0   0   0   1   0   0   0   0   2   0   0   0   0  96   0  2.81 inf
  108 L   -4 -3 -5 -6 -4 -2 -5 -6 -2  0  6 -4  1 -2 -5 -5 -3 -4 -3 -1    0   1   0   0   0   2   0   0   1   3  90   0   2   0   0   0   0   0   0   0  1.32 inf
  109 E   -2  5  1 -1 -5 -1  0  3  3 -5 -5  2 -4 -5 -4 -1 -3 -5 -3 -4    0  39   7   3   0   0   5  24   8   0   0  14   0   0   0   1   0   0   0   0  0.74 inf
  110 K    0  1  0  1 -2  0  3  4 -1 -5 -4  1 -3 -5 -3 -1 -2 -4 -4 -4    9   6   4   8   1   3  20  39   1   0   0   8   0   0   0   0   1   0   0   0  0.56 inf
  111 A    7 -4 -4 -4 -3 -3 -3 -2 -4 -4 -4 -3 -3 -5 -3 -1  0 -5 -4 -3   95   0   0   0   0   0   0   0   0   0   0   0   0   0   0   0   5   0   0   0  1.58 inf
  112 V    1  2 -1 -2 -3  2  0 -1 -1 -1 -2  2 -2 -3 -2  1  1 -4 -2  1   16  10   1   0   0   9   5   2   1   3   0  20   0   0   0   8   8   0   1  17  0.21 inf
  113 V    1  2  2 -1  0  1 -1 -1  0 -2 -2  3 -1 -3 -3  0  0 -4 -3  1   13  15  12   1   2   4   1   2   2   0   1  21   2   0   0   5   5   0   0  14  0.20 inf
  114 L   -4 -5 -6 -2 -4 -5 -5 -6 -5 -1  6 -5  0 -2 -5 -5 -4 -4 -4 -2    0   0   0   3   0   0   0   0   0   0  97   0   0   0   0   0   0   0   0   0  1.53 inf
  115 R   -4  8 -3 -5 -6 -2 -3 -5 -3 -6 -5 -1 -4 -6 -5 -4 -4 -6 -5 -6    0 100   0   0   0   0   0   0   0   0   0   0   0   0   0   0   0   0   0   0  2.38 inf
  116 P   -2 -1 -4 -1 -5 -2 -1 -4 -4 -5 -3  1 -4 -6  8 -2 -1 -6 -5 -4    2   3   0   3   0   1   3   0   0   0   2   8   0   0  72   1   4   0   0   0  1.80 inf
  117 D   -5 -4 -1  8 -6 -3  0 -4 -4 -6 -7 -3 -6 -6 -4 -3 -4 -7 -6 -6    0   0   0  96   0   0   4   0   0   0   0   0   0   0   0   0   0   0   0   0  2.28 inf
  118 L   -3  3 -4 -5 -3 -3 -4 -5 -4  2  4 -3  0 -2 -5 -4 -3  5 -2 -1    0  19   0   0   0   0   0   0   0  15  55   0   1   0   0   0   0   9   0   1  0.82 inf
  119 S    4 -2  1 -2 -2 -2 -2 -2 -3 -3 -3 -2 -3 -4 -2  4  1 -4 -3 -2   40   0   6   0   0   0   0   0   0   0   0   0   0   0   0  45   9   0   0   0  0.70 inf

                      K         Lambda
Standard Ungapped    0.1335     0.3187
Standard Gapped      0.0569     0.2670
PSI Ungapped         0.1851     0.3137
PSI Gapped           0.0569     0.2670
