
Last position-specific scoring matrix computed, weighted observed percentages rounded down, information per position, and relative weight of gapless real matches to pseudocounts
           A  R  N  D  C  Q  E  G  H  I  L  K  M  F  P  S  T  W  Y  V   A   R   N   D   C   Q   E   G   H   I   L   K   M   F   P   S   T   W   Y   V
    1 E   -2 -2 -1  4 -5  1  6 -3 -2 -5 -5  1 -4 -5 -3 -1 -2 -5 -4 -4    0   0   0  30   0   3  60   0   0   0   0   6   0   0   0   0   0   0   0   0  1.07 inf
    2 I   -1 -2 -2 -1 -3 -1 -1 -3 -3  2  0 -1  0 -2  4 -1  0 -4 -3  2    3   0   2   4   0   2   4   0   0  16   9   4   1   0  26   4   7   0   0  17  0.35 inf
    3 S    1 -2  2  0 -2  1  2 -1 -1 -3 -4  0 -3 -4 -1  4  1 -4 -3 -3   11   0   9   4   1   4  18   1   1   1   0   3   0   0   1  39   6   0   0   0  0.42 inf
    4 G    0 -3 -2 -2 -4 -3 -2  6 -1 -4 -2 -1 -4 -4 -4 -1 -2  0  0 -4    4   0   0   2   0   0   2  73   1   0   5   5   0   0   0   1   1   1   4   0  1.07 inf
    5 H   -2 -1  2  1 -3  0  1 -3  7 -3 -4  1 -2 -2 -1 -1  1 -4  1 -3    2   1  13   7   0   2   9   0  36   2   0  10   0   1   3   2   9   0   4   1  0.60 inf
    6 I    1 -2 -2 -2 -2  0  0 -3 -3  1  0  0  0 -2  0 -1  3 -1 -2  2   17   1   0   0   0   5   6   0   0  10   6   5   1   1   4   1  23   1   1  17  0.18 inf
    7 V   -2 -5 -5 -5 -3 -4 -4 -5 -5  5  1 -4  0 -2 -5 -4 -2 -5 -3  5    0   0   0   0   0   0   1   0   0  41   6   0   0   0   0   0   0   0   0  49  1.05 inf
    8 R   -1  2  1 -2 -1 -1 -1 -3 -2 -1 -1  4 -2 -4 -1 -1  3 -4 -3  0    2  10   6   1   1   0   2   0   0   2   4  34   0   0   2   1  27   0   0   6  0.41 inf
    9 S    2 -3 -2 -3  1 -3 -3 -3 -3 -5 -5 -3 -4 -5 -3  6 -1 -5 -4 -4   19   0   0   0   3   0   0   0   0   0   0   0   0   0   0  78   0   0   0   0  1.29 inf
   10 P   -4 -5 -5 -4 -6 -4 -4 -5 -5 -6 -5 -4 -6 -7  9 -3 -3 -7 -6 -5    0   0   0   0   0   0   0   0   0   0   1   0   0   0  98   1   1   0   0   0  2.98 inf
   11 M   -4 -4 -5 -6 -4 -3 -5 -6 -5  3  1 -4  9 -1 -5 -4 -3 -4 -4 -1    0   0   0   0   0   0   0   0   0  17  11   0  70   1   0   0   1   0   0   1  1.75 inf
   12 V   -1 -5 -5 -6 -3 -5 -5 -5 -5  2 -1 -5 -1 -3 -4 -4 -2 -5 -4  7    4   0   0   0   0   0   0   1   0   6   1   0   0   0   0   0   1   0   0  87  1.39 inf
   13 G   -2 -3 -3 -4 -5 -4 -5  7 -5 -7 -6 -4 -5 -6 -5 -3 -4 -5 -6 -6    1   1   0   0   0   0   0  98   0   0   0   0   0   0   0   0   0   0   0   0  2.16 inf
   14 T   -3 -4 -3 -4 -4 -3 -4 -4 -5  0 -3 -3 -1 -5 -4 -1  7 -5 -4  0    0   0   0   0   0   0   0   0   0   4   0   0   1   0   0   1  88   0   0   6  1.63 inf
   15 F    0 -5 -5 -6 -3 -5 -5 -5 -3 -1 -2 -5 -2  8 -6 -4 -4 -2  2  1    8   0   0   0   0   0   0   0   0   2   0   0   0  77   0   0   0   0   3   9  1.69 inf
   16 Y   -5 -5 -5 -6 -6 -5 -5 -6 -1 -5 -4 -5 -4  0 -6 -5 -5 -1 10 -4    0   0   0   0   0   0   0   0   0   0   0   0   0   0   0   0   0   0 100   0  2.98 inf
   17 R    1  5 -2 -3 -2  0 -1 -2 -1 -2  1  0  0 -3 -3  0 -1 -2 -3 -2   13  42   1   0   1   2   3   1   1   1  16   3   2   0   0   8   4   1   0   1  0.42 inf
   18 T    4 -1 -2 -3  0  0 -2 -2 -3 -4 -4  0 -3 -4 -3  4 -1 -5 -4 -3   46   3   0   0   1   3   0   0   0   0   0   6   0   0   0  38   2   0   0   0  0.77 inf
   19 P    0 -4 -3 -4 -5 -3 -3 -3 -4 -5 -4 -3 -5 -6  8  1 -3 -6 -5 -5    9   1   0   0   0   1   0   1   0   0   1   1   0   0  76  11   0   0   0   0  2.01 inf
   20 S    3 -2  0 -2 -3 -1  1  0 -1 -4 -4 -1 -3 -4 -3  5  0 -5 -4 -3   23   0   3   1   0   1  11   6   1   0   0   1   0   0   0  52   2   0   0   0  0.68 inf
   21 P   -3 -5 -5 -4 -6 -4 -2 -5 -5 -4 -6 -4 -5 -7  9 -3 -4 -7 -6 -3    1   0   0   0   0   0   2   0   0   1   0   0   0   0  94   1   0   0   0   2  2.76 inf
   22 D   -2 -3  0  5 -5 -1  2  4 -3 -5 -5 -1 -4 -5 -3 -1 -1 -5 -5 -5    0   0   3  38   0   1  14  36   0   0   0   2   0   0   0   2   3   0   0   0  0.90 inf
   23 A    4 -2 -2  0 -3 -1  2 -2 -3 -3 -3  1 -3 -4 -2  2 -1 -4 -4 -2   45   0   1   5   0   1  16   1   0   0   1  12   0   0   0  15   2   0   0   0  0.52 inf
   24 K    2 -1 -1  2 -4 -1  1 -2 -3 -4 -4  2 -3 -5  5  0 -2 -5 -4 -3   17   1   2  11   0   1   9   1   0   0   0  18   0   0  33   4   1   0   0   1  0.70 inf
   25 A    2 -4 -1 -2 -4 -3 -2 -4 -3 -4 -4 -2 -3 -5  7  0 -2 -6 -5 -2   18   0   3   2   0   0   2   0   0   0   1   1   0   0  61   6   1   0   0   3  1.41 inf
   26 F   -5 -5 -6 -6 -5 -6 -6 -6 -3 -3 -1 -6 -3  8 -6 -5 -5 -1  5 -3    0   0   0   0   0   0   0   0   0   0   3   0   0  80   0   0   0   0  18   0  2.12 inf
   27 I    0 -5 -5 -5 -1 -4 -5 -5 -5  3 -1 -3 -1 -3 -5 -3 -2 -5 -3  6    7   0   0   0   1   0   0   0   0  11   0   1   0   0   0   0   0   0   0  78  1.21 inf
   28 E   -1  0  0  0 -4  2  4 -3 -1 -4 -4  3 -2 -5 -2  1  0 -4 -3 -3    2   3   4   4   0  10  34   0   1   0   0  25   0   0   1   9   6   0   0   0  0.59 inf
   29 V   -1 -4 -4 -4 -3 -3  0 -5 -5  2 -1 -2 -1 -3 -1 -3 -2 -5 -3  6    2   0   1   0   0   0   6   0   0  10   3   2   0   0   3   1   1   0   0  71  0.90 inf
   30 G   -2 -5 -1 -4 -5 -3 -4  7 -5 -7 -6 -4 -5 -6 -5 -2 -4 -5 -6 -6    0   0   2   0   0   1   1  96   0   0   0   0   0   0   0   1   0   0   0   0  2.06 inf
   31 Q   -1 -2 -1  6 -5  4  0 -3 -2 -5 -4 -1 -3 -5 -3  2 -1 -5 -4 -4    4   0   1  46   0  25   1   0   1   0   0   3   0   0   0  16   3   0   0   0  0.92 inf
   32 K   -1  2  0 -2 -3  2  1 -3  1 -1 -2  3 -1 -3 -2  1  2 -4 -2 -1    2  13   3   0   0   8   6   0   3   3   1  25   2   0   1   9  19   0   1   5  0.31 inf
   33 V   -2 -5 -5 -6 -3 -5 -5 -6 -6  3 -1 -5 -1 -3 -5 -4 -2 -5 -4  7    1   0   0   0   0   0   0   0   0  14   1   0   0   0   0   0   0   0   0  84  1.47 inf
   34 N    0  1  1 -1 -4  1  2 -1  0 -3 -3  4 -3 -4 -3  1  0 -4 -3 -3    5   4   7   1   0   6  12   3   2   0   1  37   0   0   0  13   6   0   0   1  0.43 inf
   35 V    1  0 -1 -2 -3  1  2 -3 -2 -1 -3  4 -2 -3  1  0 -1 -4 -3  1   14   1   3   0   0   4  16   0   0   3   0  35   0   0   6   4   1   0   0  13  0.37 inf
   36 G   -2 -4 -1 -1 -5 -3 -3  7 -4 -6 -6 -2 -5 -6 -5 -2 -3 -5 -6 -6    0   0   3   3   0   1   1  89   0   0   0   2   0   0   0   1   1   0   0   0  1.79 inf
   37 D   -3 -2 -1  5 -5  6  1 -4 -2 -5 -5  0 -4 -5 -3  0  0 -5 -4 -5    1   0   0  38   0  42   5   0   0   0   0   3   0   0   0   5   6   0   0   0  1.09 inf
   38 T   -1 -3 -3 -4 -2 -3 -3 -4 -4  1 -2 -2 -2 -4  0 -1  5 -5 -4  4    3   1   0   0   0   0   0   0   0   7   0   1   0   0   5   0  49   0   0  32  0.79 inf
   39 L   -3 -4 -5 -5 -3 -4 -5 -6 -5  3  4 -4  0 -2 -5 -4 -3 -4 -3  4    0   0   0   0   0   0   0   0   0  13  53   0   1   0   0   0   0   0   0  33  0.92 inf
   40 C   -1 -6 -5 -6 10 -5 -6  0 -6 -3  0 -5  0 -2 -5 -4 -4 -5 -5 -3    5   0   0   0  74   0   0   7   0   0  10   0   2   2   0   0   0   0   0   1  2.21 inf
   41 I   -4 -6 -6 -6 -4 -5 -6 -6 -6  8  0 -5  0 -3 -5 -5 -3 -5 -4  1    0   0   0   0   0   0   0   0   0  91   3   0   1   0   0   0   0   0   0   4  1.74 inf
   42 V   -3 -5 -5 -5 -3 -5 -5 -6 -5  6  1 -5 -1 -2 -5 -4 -3 -5 -3  4    0   0   0   0   0   0   0   0   0  59   6   0   0   0   0   0   0   0   0  35  1.24 inf
   43 E   -4 -3 -3 -1 -7 -1  8 -5 -3 -6 -6 -2 -5 -6 -4 -3 -4 -6 -5 -5    0   0   0   0   0   0 100   0   0   0   0   0   0   0   0   0   0   0   0   0  2.16 inf
   44 A    7 -4 -4 -4 -3 -3 -3 -2 -4 -4 -4 -3 -3 -5 -3  0 -2 -5 -4 -2   94   0   0   0   0   0   0   0   0   0   0   0   0   0   0   4   0   0   0   2  1.55 inf
   45 M   -4 -5 -6 -7 -5 -4 -5 -6 -5 -2 -1 -5 11 -3 -6 -5 -4 -5 -4 -2    0   0   0   0   0   0   0   0   0   0   1   0  99   0   0   0   0   0   0   0  2.93 inf
   46 K   -4  0 -3 -4 -6 -1 -2 -4 -4 -6 -5  8 -4 -6 -4 -3 -3 -6 -5 -5    0   0   0   0   0   0   0   0   0   0   0 100   0   0   0   0   0   0   0   0  2.08 inf
   47 M   -3 -4 -4 -5 -1 -3 -4 -5 -4  2  4 -4  5 -2 -4 -3  1 -4 -3  2    0   0   0   0   1   0   0   0   0  11  49   0  17   0   0   0  11   0   0  11  0.73 inf
   48 M   -4 -5 -5 -6 -4 -4 -5 -6 -4 -2  0 -5 10  4 -6 -5 -4 -4 -2 -2    0   0   0   0   0   0   0   0   0   0   5   0  78  16   0   0   0   0   1   0  2.14 inf
   49 N   -4 -3  9 -2 -6 -3 -3 -3 -2 -6 -6 -3 -5 -6 -5 -2 -1 -7 -5 -6    0   0  97   0   0   0   0   0   0   0   0   0   0   0   0   1   2   0   0   0  2.36 inf
   50 Q   -3 -1 -2  0 -6  3  6 -4  2 -5 -5 -1 -4 -5  0 -2 -2 -5 -3 -5    1   2   1   2   0  14  67   0   4   0   0   1   0   0   5   0   2   0   0   0  1.19 inf
   51 I   -4 -6 -6 -6 -4 -5 -6 -6 -6  7  0 -5 -1 -3 -5 -5 -3 -5 -4  2    0   0   0   0   0   0   0   0   0  89   4   0   0   0   0   0   0   0   0   7  1.69 inf
   52 E   -2 -2 -2  0 -5  1  6 -3 -1 -5 -4  1 -4 -5  2 -2  0 -5 -4 -2    1   0   1   2   0   5  61   1   1   0   0   9   0   0  10   1   5   0   0   3  0.94 inf
   53 A    5 -3 -2 -3  0 -3 -3 -2 -4 -4 -4 -3 -3 -5 -3  4 -1 -5 -4 -2   62   0   0   0   1   0   0   0   0   0   0   0   0   0   0  34   2   0   0   1  1.05 inf
   54 D   -3 -3 -1  5 -4 -1  5 -3 -1 -5 -5 -2 -4 -5  3 -2 -1 -5 -4 -5    0   0   1  30   0   0  46   1   1   0   0   1   0   0  15   1   3   0   0   0  1.04 inf
   55 K   -1  2 -2 -2 -1  1 -1 -3  0  1 -1  2 -1  2 -3 -2  0 -2  1  2    4  12   0   1   1   7   2   0   2   7   2  17   1  11   0   0   4   0   6  23  0.18 inf
   56 S    2 -1  1  3 -3 -1  0 -1 -2 -4 -4  0 -2 -4 -1  4  0 -5 -3 -3   20   3   5  19   0   0   5   3   1   0   0   4   1   0   1  35   3   0   0   0  0.46 inf
   57 G   -2 -5 -3 -4  4 -4 -5  7 -5 -6 -6 -4 -5 -6 -5 -3 -4 -5 -3 -5    1   0   0   0   8   0   0  90   0   0   0   0   0   0   0   0   0   0   1   0  1.94 inf
   58 T   -2  0 -2 -2 -3  0  2 -4 -3  1 -2  2 -2 -4 -3 -1  4 -4 -3  2    0   6   0   0   0   3  18   0   0   7   0  14   0   0   0   0  31   0   0  21  0.42 inf
   59 V   -3 -5 -5 -5 -3 -5 -5 -6 -6  6  0 -5 -1 -3 -5 -4 -3 -5 -3  5    0   0   0   0   0   0   0   0   0  52   2   0   1   0   0   0   0   0   0  46  1.27 inf
   60 K    0  0 -2 -2 -3 -1  0 -3 -3  0 -1  3  0 -3 -3 -1  1 -4 -3  3    6   3   0   1   0   0   7   0   0   4   3  24   2   0   0   3  12   0   0  34  0.31 inf
   61 A    2  1 -1  0 -4  1  5 -3 -2 -4 -4  2 -3 -5 -3  0 -2 -5 -4 -4   19   6   1   3   0   2  47   0   0   0   0  15   0   0   0   6   1   0   0   0  0.71 inf
   62 I   -3 -3 -5 -5 -2 -5 -5 -6 -5  7  0 -4 -1 -2 -5 -4 -3 -5 -3  3    1   1   0   0   1   0   0   0   0  72   2   1   0   1   0   0   0   0   0  21  1.28 inf
   63 L   -3 -4 -5 -5  2 -4 -3 -4 -3  0  5 -3  1  0 -4 -4 -3 -4 -1  0    1   0   0   0   5   0   1   1   1   1  79   1   3   2   0   1   0   0   1   3  0.98 inf
   64 V    1 -4 -5 -5  0 -4 -4 -3 -5  1 -1 -3 -1 -3 -3 -3 -2 -5 -3  6   12   0   0   0   2   0   0   2   0   3   2   1   0   0   1   1   1   0   0  75  1.01 inf
   65 E   -1 -1  1  2 -5  2  5 -2 -2 -5 -4  1 -3 -5 -3  0 -1 -5 -4 -4    5   1   5  11   0   6  52   2   0   0   0  10   1   0   0   5   3   0   0   0  0.76 inf
   66 S   -4 -3  7  5 -5 -2 -1 -3 -2 -6 -6 -3 -5 -6 -4 -1 -2 -6 -5 -5    0   0  54  40   0   0   1   0   0   0   0   0   0   0   0   3   1   0   0   0  1.54 inf
   67 G    1 -4 -2 -3 -4 -2  1  6 -4 -5 -5 -2 -2 -5 -4 -1 -3 -5 -5 -4   13   0   0   0   0   1  11  69   0   0   0   1   1   0   0   3   0   0   0   0  1.19 inf
   68 Q   -1 -1 -1  3 -5  6  3 -3  0 -4 -4  0 -2 -5 -3  0  0 -4 -4 -4    3   1   2  16   0  41  16   0   1   0   0   5   1   0   0   8   6   0   0   0  0.76 inf
   69 P    1 -3 -3 -4 -4 -2 -3 -3 -4 -1  0 -2  2 -4  7 -2 -1 -5 -4 -1   12   1   0   0   0   1   0   1   0   3   9   1   7   0  56   2   2   0   0   5  1.18 inf
   70 V   -3 -5 -6 -6 -3 -5 -5 -6 -6  1 -1 -5 -2 -2 -5 -4 -3 -5 -4  7    0   0   0   0   0   0   0   0   0   4   1   0   0   1   0   0   0   0   0  94  1.66 inf
   71 E   -3 -2 -3  0 -6  0  7 -3 -3 -6 -6 -1 -5 -6 -4 -1 -3 -6 -5 -5    0   1   0   2   0   2  88   1   0   0   0   1   0   0   0   4   0   0   0   0  1.69 inf
   72 F   -4 -5 -5 -6 -1 -5 -5 -6 -1 -2 -2 -3 -2  7 -6 -4 -4 -1  7 -1    1   0   0   0   1   0   0   0   1   1   1   1   0  43   0   0   0   0  48   4  1.70 inf
   73 D   -2 -4  0  4 -5 -3 -2  6 -4 -6 -6 -3 -5 -5 -4 -2 -4 -5 -3 -5    1   0   4  30   0   0   1  64   0   0   0   0   0   0   0   0   0   0   1   0  1.37 inf
   74 E   -2 -2 -2 -1 -5  7  3 -4 -2 -5 -4 -1  1 -5 -4 -1  0 -5 -4 -4    2   0   0   2   0  67  15   0   0   0   0   1   3   0   0   2   6   0   0   0  1.34 inf
   75 P    0 -3 -2 -3 -3 -3 -2 -3 -4 -3 -4 -1 -4 -5  7 -2  0 -6 -5  0    7   1   1   1   0   0   2   2   0   0   0   3   0   0  66   1   6   0   0   9  1.54 inf
   76 L   -4 -5 -6 -6 -4 -5 -5 -6 -5  1  6 -5  1 -2 -5 -5 -4 -4 -3 -1    0   0   0   0   0   0   0   0   0   5  92   0   2   0   0   0   0   0   0   1  1.45 inf
   77 V   -3 -5 -5 -6 -4 -5 -5 -5 -4  2  0 -5  5  7 -6 -4 -4 -2  0  1    1   0   0   0   0   0   0   0   0  10   4   0  16  58   0   0   0   0   0  11  1.30 inf
   78 V   -1  2 -2 -3 -3 -2 -1 -4 -3  3  1  1  0 -2 -3 -2  0  0 -1  3    3  18   1   0   0   0   3   0   0  20  12  10   1   0   0   1   4   1   2  24  0.28 inf
   79 I   -3 -5 -5 -5 -3 -5 -5 -6 -5  6  1 -5  0 -2 -5 -4 -3 -5 -2  4    0   0   0   0   0   0   0   0   0  59   7   0   0   0   0   0   0   0   1  32  1.20 inf
   80 E   -3 -1 -2  2 -5  1  5 -4 -2 -5 -5  4 -4 -5 -3 -2 -3 -5 -4 -4    0   0   0   9   0   5  53   0   0   0   0  33   0   0   0   0   0   0   0   0  1.09 inf

                      K         Lambda
Standard Ungapped    0.1344     0.3163
Standard Gapped      0.0625     0.2670
PSI Ungapped         0.2040     0.3151
PSI Gapped           0.0625     0.2670
