
Last position-specific scoring matrix computed, weighted observed percentages rounded down, information per position, and relative weight of gapless real matches to pseudocounts
           A  R  N  D  C  Q  E  G  H  I  L  K  M  F  P  S  T  W  Y  V   A   R   N   D   C   Q   E   G   H   I   L   K   M   F   P   S   T   W   Y   V
    1 S    1 -1  0 -1 -1 -1 -1  0 -2 -2 -2 -1 -1 -3 -1  3  4 -3 -2 -1   14   0   0   0   0   0   0   4   0   0   0   0   0   0   0  42  41   0   0   0  0.40 inf
    2 G    2 -2 -1  0 -2 -1  0  5 -2 -3 -3 -1 -3 -3 -2  0 -1 -3 -3 -3   22   0   0   6   0   0   8  64   0   0   0   0   0   0   0   0   0   0   0   0  0.68 inf
    3 T    0 -1  1  0 -2  0  2 -2 -1 -2 -2 -1 -2 -3 -1  2  4 -3 -2 -1    5   0   6   0   0   0  20   0   0   0   0   0   0   0   0  17  52   0   0   0  0.40 inf
    4 T    2  0  0  1 -2  0  0  1 -2 -2 -2 -1 -2 -3  1  2  2 -3 -2 -1   23   3   0   8   0   4   5   8   0   0   0   0   0   0   6  16  27   0   0   0  0.25 inf
    5 N    0 -1  2  3 -2  0  2 -1 -1 -3 -3 -1 -2 -2 -2  2  0 -3  1 -3    4   0  14  26   0   0  16   0   0   0   0   0   0   0   0  31   0   0   8   0  0.38 inf
    6 T   -1 -2 -2 -3 -2 -2 -2 -3 -2  1  1 -2  0  3 -3 -1  2 -1  3  1    0   0   0   0   0   0   0   0   0  12  12   0   0  21   0   0  29   0  13  14  0.25 inf
    7 V   -1 -3 -2 -2 -2 -2 -2  1 -3  0 -1 -2 -1 -3  6  0 -1 -4 -3  2    0   0   0   0   0   0   0  13   0   3   0   0   0   0  46   6   0   0   0  33  0.76 inf
    8 A    1  3 -1 -1 -2  0  1 -2 -1 -1 -1  3 -1 -3 -2  0  0 -3 -2  0   16  18   0   0   0   0   6   0   0   0   4  39   0   0   0   0   8   0   0   9  0.26 inf
    9 A    5 -2 -2 -2 -1 -1 -2 -1 -2 -2 -2 -1 -2 -3  2  0 -1 -3 -3 -1   92   0   0   0   0   0   0   0   0   0   0   0   0   0   8   0   0   0   0   0  0.66 inf
   10 Y   -1 -1 -2 -2 -2  0  0 -3  0  0 -1  0  1  2 -3 -1  0  0  5  1    0   0   0   0   0   6   9   0   0   0   0   6   6   6   0   0   8   0  43  18  0.35 inf
   11 N   -2 -1  7  2 -4 -1 -1 -1  0 -4 -4 -1 -3 -4 -3  0 -1 -5 -3 -4    0   0  94   6   0   0   0   0   0   0   0   0   0   0   0   0   0   0   0   0  1.14 inf
   12 L   -1 -3 -4 -4 -1 -3 -3 -4 -4  3  3 -3  1 -1 -3 -2 -1 -3 -2  4    0   0   0   0   0   0   0   0   0  17  34   0   0   0   0   0   0   0   0  49  0.44 inf
   13 T    0  0  0 -1 -2  1 -1 -2  2 -2 -2 -1 -1 -3 -2  2  5 -3 -2 -1    0   5   0   0   0   6   0   0   9   0   0   0   0   0   0  16  65   0   0   0  0.48 inf
   14 W   -4 -4 -5 -6 -3 -3 -4 -4 -4 -4 -3 -4 -3  0 -5 -4 -4 12  1 -4    0   0   0   0   0   0   0   0   0   0   0   0   0   0   0   0   0 100   0   0  3.20 inf
   15 K   -1  1 -1 -1 -2  0  0 -2 -2  0 -1  4  1 -3 -2  1  0 -3 -2  0    0   0   0   0   0   0   0   0   0   9   0  54   9   0   0  18   5   0   0   6  0.29 inf
   16 S    0 -2  0 -1 -2 -1 -1 -1 -2 -3 -3 -1 -2 -3 -2  5  1 -4 -2 -2    0   0   0   0   0   0   0   0   0   0   0   0   0   0   0 100   0   0   0   0  0.80 inf
   17 T   -1 -2  0 -2 -2 -2 -2 -3 -2  2  1 -2  0 -1 -2  0  4 -2  0  1    0   0   6   0   0   0   0   0   0  16  12   0   0   0   0   0  53   0   5   9  0.29 inf
   18 N   -2 -1  6  4 -4 -1  0 -1  0 -4 -4 -1 -3 -4 -3  0 -1 -5 -3 -4    0   0  76  24   0   0   0   0   0   0   0   0   0   0   0   0   0   0   0   0  0.97 inf
   19 F   -3 -4 -4 -4 -3 -4 -4 -1 -2 -1  0 -4 -1  7 -4 -3 -3  0  2 -2    0   0   0   0   0   0   0   5   0   0   0   0   0  95   0   0   0   0   0   0  1.15 inf
   20 K   -1  2 -1 -1 -4  1  0 -2 -1 -4 -3  6 -2 -4 -2 -1 -1 -4 -3 -3    0   0   0   0   0   0   0   0   0   0   0 100   0   0   0   0   0   0   0   0  0.92 inf
   21 T   -1 -2 -1 -2 -2 -1 -2 -2 -2 -2 -2 -1 -1 -3 -2  1  6 -3 -2 -1    0   0   0   0   0   0   0   0   0   0   0   0   0   0   0   6  94   0   0   0  0.83 inf
   22 I   -2 -3 -4 -4 -2 -3 -4 -4 -4  5  1 -3  2 -1 -3 -3 -1 -3 -2  3    0   0   0   0   0   0   0   0   0  78   0   0   6   0   0   0   0   0   0  17  0.61 inf
   23 L   -2 -3 -4 -4 -2 -3 -4 -4 -4  2  5 -3  2  0 -4 -3 -2 -2 -2  0    0   0   0   0   0   0   0   0   0   5  95   0   0   0   0   0   0   0   0   0  0.69 inf
   24 E   -1 -1 -1  0 -3  1  4 -2 -1  0 -2  0 -2 -3 -2  0  2 -3 -2 -1    0   0   0   0   0   0  58   0   0   9   0   4   0   0   0   5  25   0   0   0  0.47 inf
   25 W   -4 -4 -5 -6 -3 -3 -4 -4 -4 -4 -3 -4 -3  0 -5 -4 -4 12  1 -4    0   0   0   0   0   0   0   0   0   0   0   0   0   0   0   0   0 100   0   0  3.20 inf
   26 E   -1  0 -1  0 -3  3  4  1 -1 -3 -3  0 -2 -4 -2  0  0 -3 -2 -3    0   0   0   0   0  24  52  10   0   0   0   0   0   0   0   6   9   0   0   0  0.54 inf
   27 P   -1 -3 -2 -2 -3 -2 -2 -3 -3 -3 -4 -2 -3 -4  8  0  0 -4 -4 -3    0   0   0   0   0   0   0   0   0   0   0   0   0   0  86   5   9   0   0   0  1.90 inf
   28 K   -1  1 -1 -1 -3  1  1 -2 -1 -3 -3  5 -2 -4 -2  0  1 -4 -2 -3    0   0   0   0   0   0   6   0   0   0   0  81   0   0   0   0  14   0   0   0  0.65 inf
   29 P   -2 -3 -3 -2 -4 -2 -2 -3 -3 -3 -2 -2 -3 -4  8 -1 -2 -4 -4 -3    0   0   0   0   0   0   0   0   0   0   5   0   0   0  92   3   0   0   0   0  2.05 inf
   30 V    0 -2 -1 -2 -1 -1 -2 -2 -2  3  0  0  0 -2 -2  2  2 -3 -2  2    0   0   0   0   0   0   0   0   0  34   0   5   0   0   0  27  23   0   0  11  0.22 inf
   31 N   -2 -1  6  3 -4 -1  0  1  0 -4 -4 -1 -3 -4 -3  0 -1 -4 -3 -4    0   0  65  22   0   0   0  13   0   0   0   0   0   0   0   0   0   0   0   0  0.79 inf
   32 Q   -2 -1  1 -2 -3  1 -1 -3  5 -2 -2 -2 -2  2 -3 -2 -2  0  6 -2    0   0   8   0   0  12   0   0  22   0   0   0   0   6   0   0   0   0  52   0  0.72 inf
   33 V    0 -2 -1 -2 -1 -2 -2 -2 -3  1 -1 -2  0  0 -2  2  3 -3 -1  3    0   0   0   0   0   0   0   0   0   0   0   0   0   4   0  19  30   0   0  47  0.28 inf
   34 Y   -3 -3 -3 -4 -3 -2 -3 -4  1 -2 -2 -3 -2  2 -4 -3 -3  1  8 -2    0   0   0   0   0   0   0   0   0   0   0   0   0   0   0   0   0   0 100   0  1.52 inf
   35 T   -1 -2 -1 -2 -2 -1 -2 -2 -2 -2 -2 -1 -1 -3 -2  1  6 -3 -2 -1    0   0   0   0   0   0   0   0   0   0   0   0   0   0   0   4  96   0   0   0  0.84 inf
   36 V   -1 -3 -4 -4 -1 -3 -3 -4 -4  2  0 -3  0 -2 -3 -2 -1 -4 -2  5    0   0   0   0   0   0   0   0   0   0   0   0   0   0   0   0   0   0   0 100  0.71 inf
   37 Q   -1  2 -1  0 -4  4  5 -3  0 -4 -3  1 -2 -4 -2 -1 -1 -3 -2 -3    0  11   0   0   0  32  57   0   0   0   0   0   0   0   0   0   0   0   0   0  0.75 inf
   38 I   -2 -3 -4 -4 -2 -3 -4 -4 -2  4  1 -3  2  4 -4 -3 -2 -1  2  2    0   0   0   0   0   0   0   0   0  51   0   0   5  29   0   0   0   0   9   5  0.46 inf
   39 S    1  0  0 -1 -2 -1 -1 -1  1 -2 -2 -1 -2  2 -2  4  0 -2  1 -2    5   7   0   0   0   0   0   0   4   0   0   0   0  17   0  61   0   0   6   0  0.33 inf
   40 T   -1  2 -1  1 -3  0  2  1 -1 -2 -3  0 -2 -3  2  0  1 -3 -3 -1    0  18   0   5   0   0  25  13   0   0   0   0   0   0  11   4  15   0   0   8  0.27 inf
   41 K    1  3 -1 -2 -2  1  0 -2 -1 -1  1  2  0 -2 -2 -1  0 -3 -2  0   14  22   0   0   0  10   3   0   0   0  17  18   0   0   0   0   5   0   0  12  0.18 inf
   42 S    0 -1  0  1 -2 -1  1  2 -2 -2  0  0  0 -2 -2  1 -1  2 -2 -2    4   3   5   8   0   0  13  25   0   0  18   3   4   0   0  15   0   3   0   0  0.16 inf
   43 G    1  1  0 -1 -3  2  1  3 -1 -3 -3  1 -2 -3 -2  1  0 -3 -3 -3   11  10   4   0   0  14   6  32   0   0   0  12   0   0   0   7   3   0   0   0  0.34 inf
   44 D   -2  0  3  6 -4 -1  0 -2 -1 -4 -4 -1 -3 -4 -2 -1  1 -5 -3 -3    0   4  18  65   0   0   0   0   0   0   0   0   0   0   0   0  13   0   0   0  0.86 inf
   45 W   -2  3 -2 -3 -3 -1 -2 -3 -2 -3 -1  3 -2 -1 -3 -2 -1  9  0 -3    0  18   0   0   0   0   0   0   0   0   8  25   0   0   0   0   4  45   0   0  1.16 inf
   46 K   -2  2 -1 -1 -4  3  2 -3 -1 -3 -3  4 -2 -2 -2 -1 -1 -2  2 -3    0  10   0   0   0  16  12   0   0   0   0  49   0   0   0   0   0   0  13   0  0.53 inf
   47 S   -1  4  1  1  4  0 -1 -2 -1 -3 -3  2 -2 -3 -2  1  0 -3 -1 -3    0  37   9   8  13   0   0   0   0   0   0  14   0   0   0  14   2   0   3   0  0.39 inf
   48 K   -1  0 -1 -2 -3  0 -1 -2  4  1 -2  4 -1 -3 -2  1  1 -3 -1 -1    0   0   0   0   0   0   0   0  16  17   0  45   0   0   0  10  12   0   0   0  0.32 inf
   49 C   -2 -5 -4 -5 11 -4 -5 -4 -4 -3 -3 -4 -3 -4 -4 -2 -2 -4 -4 -2    0   0   0   0 100   0   0   0   0   0   0   0   0   0   0   0   0   0   0   0  2.37 inf
   50 F   -2 -3 -4 -4 -2 -3 -4 -4 -3  4  1 -3  3  4 -4 -3 -1 -2  0  2    0   0   0   0   0   0   0   0   0  42   0   0  13  28   0   0   3   0   0  14  0.47 inf
   51 Y   -2  4 -1 -2 -3  1 -1 -1  3 -3 -2  2  0 -1 -2  0 -1 -2  3 -2    0  35   0   0   0   3   0   3   9   0   3  21   4   0   0   6   0   0  17   0  0.38 inf
   52 T   -1 -2 -1 -2 -2 -2 -2 -2 -2  2 -1 -2 -1 -2 -2  3  4 -3 -2  0    0   0   0   0   0   0   0   0   0  22   0   0   0   0   0  26  52   0   0   0  0.47 inf
   53 T    1  1 -1 -2 -2 -1  0 -2 -2 -1  0  0  0 -2 -2  2  3 -3 -2 -1   15  10   0   0   0   0   3   0   0   0   8   3   4   0   0  18  38   0   0   0  0.26 inf
   54 D    1  0  1  3 -3  0  2 -2 -1 -2 -1  1 -2 -3 -2  0 -1 -4 -3 -2   21   4   8  24   0   0  22   0   0   0   8  13   0   0   0   0   0   0   0   0  0.30 inf
   55 T   -1 -2 -1 -2 -2 -2 -2 -2 -3 -2 -2 -2 -2 -3  2  1  6 -4 -3 -1    0   0   0   0   0   0   0   0   0   0   0   0   0   0   8   8  84   0   0   0  0.84 inf
   56 E   -2 -1  2  1 -4  2  5 -3 -1 -3 -3  0 -2 -4 -2 -1 -1 -4 -3 -1    0   0  13   0   0  10  69   0   0   0   0   0   0   0   0   0   0   0   0   8  0.74 inf
   57 C   -1 -4 -3 -4 10 -3 -4 -3 -3 -2 -2 -3 -2 -3 -3 -2 -2 -3 -3 -2    1   1   1   1  88   1   1   1   0   1   1   1   0   0   1   1   1   0   0   1  1.81 inf
   58 D   -2 -2  0  7 -4 -1  1 -2 -2 -3 -4 -1 -3 -4 -2 -1 -2 -4 -3 -3    1   1   1  88   0   1   1   1   0   1   1   1   0   0   1   1   1   0   0   1  1.16 inf
   59 L   -1 -2 -3 -3 -1 -2 -3 -3 -3  1  4 -2  1  0 -3 -2 -1 -2 -1  2    1   1   1   1   0   1   1   1   0   1  62   1   0   0   1   1   1   0   0  27  0.41 inf
   60 T    0 -2 -1 -2 -2 -1 -2 -2 -2 -2 -2 -1 -2 -3 -2  3  6 -3 -3 -1    0   0   0   0   0   0   0   0   0   0   0   0   0   0   0  26  74   0   0   0  0.78 inf
   61 D   -2 -2  3  5 -3 -1  0  1 -1 -4 -4 -1 -3 -4 -2  1 -1 -4 -3 -3    0   0  21  53   0   0   0  10   0   0   0   0   0   0   0  12   0   0   0   0  0.69 inf
   62 E    1 -1 -1  2 -2  2  4 -2 -1 -3 -3  0 -2 -3 -1  1 -1 -3 -2 -2   19   1   1   9   0   7  48   1   0   1   1   1   0   0   1   9   1   0   0   1  0.44 inf
   63 I   -2 -3 -4 -4 -2 -3 -3 -4 -3  3  3 -3  3  2 -3 -3 -2 -2 -1  1    0   0   0   0   0   0   0   0   0  20  47   0  11  13   0   0   0   0   0   9  0.45 inf
   64 V    0 -1 -2 -2 -1 -1 -1 -2 -2  1  2 -1  2  0 -1 -1  1 -1 -1  2    6   2   1   2   1   1   2   2   1   2  31   2   8   1   2   2  10   0   1  23  0.11 inf
   65 K   -1  2  0 -1 -2  2  1 -2 -1  0 -1  3 -1 -2  0  1 -1 -2 -2 -1    1  12   3   1   0  12   4   1   0  13   1  31   0   1   5  11   1   0   1   1  0.21 inf
   66 D   -2 -2  4  5 -4 -1  0 -2 -1 -4 -4 -1 -3 -4  1  1 -1 -5 -3 -4    0   0  28  55   0   0   0   0   0   0   0   0   0   0   8  10   0   0   0   0  0.82 inf
   67 V   -1 -3 -4 -4 -2 -3 -3 -4 -4  2  2 -3  1  1 -3 -3 -1 -3 -1  4    0   0   0   0   0   0   0   0   0   5  26   0   0   8   0   0   0   0   0  61  0.49 inf
   68 K   -2  0  4 -1 -3  2 -1 -1  1 -3 -3  2  1 -3 -2  0  2 -4 -2 -2    0   2  37   0   0   9   0   3   3   0   0  22   6   0   0   0  18   0   0   0  0.41 inf
   69 Q    0  1 -1  2 -3  3  3 -1 -1 -3 -3  0 -2 -3 -2  1 -1  4 -2 -3   10   8   0  16   0  20  26   4   0   0   0   0   0   0   0   8   0   7   0   0  0.41 inf
   70 T    0 -2 -1 -2 -2 -1 -2 -2 -2 -2 -2  0 -2 -2 -2  2  5 -2  2  0    3   0   0   0   0   0   0   0   0   0   0   6   0   0   0  16  59   0  10   5  0.49 inf
   71 Y   -3 -3 -4 -5 -4 -3 -3 -5  0 -3 -2 -3 -2  2 -4 -3 -3  1  9 -3    0   0   0   0   0   0   0   0   0   0   0   0   0   0   0   0   0   0 100   0  1.88 inf
   72 L   -1  1 -1 -2 -2  0  0 -2 -2  1  1 -1  1 -2 -2  1  2 -3 -2  0    0  11   0   0   0   3   7   0   0  12  14   0   7   0   0  20  22   0   0   4  0.15 inf
   73 A    5 -2 -2 -3 -1 -2 -2 -1 -3 -2 -3 -2 -2 -3 -2  0  0 -4 -3 -1   94   0   0   0   0   0   0   0   0   0   0   0   0   0   0   0   6   0   0   0  0.84 inf
   74 R   -2  5  0  4 -4  0  1 -3  1 -4 -4  1 -3 -4 -3 -1 -2 -4 -3 -4    0  56   0  31   0   0   5   0   4   0   0   3   0   0   0   0   0   0   0   0  0.79 inf
   75 V   -1 -4 -4 -4 -2 -3 -4 -4 -4  4  0 -3  0 -1 -3 -3 -1 -4 -2  5    0   0   0   0   0   0   0   0   0  30   0   0   0   0   0   0   0   0   0  70  0.74 inf
   76 F   -2 -3 -3 -4 -2  0 -3 -4 -3  3  4 -3  1  1 -3 -2 -2 -2 -1  0    0   0   0   0   0   8   0   0   0  21  60   0   0   7   0   4   0   0   0   0  0.43 inf
   77 S    0 -2 -1 -1 -2 -1 -1 -1 -2 -1 -3 -1 -2 -3 -2  5  2 -4 -3 -2    0   0   0   0   0   0   0   0   0   6   0   0   0   0   0  86   8   0   0   0  0.77 inf
   78 Y   -2 -2 -2 -1 -3  0  4 -3 -1 -2  0 -1 -1  0 -3 -1 -2 -1  4  0    0   0   0   0   0   0  50   0   0   0   9   0   0   0   0   4   0   0  26  11  0.48 inf
   79 P   -2 -2  0 -2 -3 -2 -2 -3 -3 -3 -1  1 -2 -4  7  0 -2 -4 -3 -1    0   0   4   0   0   0   0   0   0   0   8  10   0   0  66   8   0   0   0   4  1.30 inf
   80 A    2  0  0 -1 -2  2  1 -2 -1 -2 -1 -1  0 -3  3  1  0  2 -2 -2   26   3   5   0   0  14   8   0   0   0   4   0   4   0  18  10   4   4   0   0  0.30 inf
   81 G   -1  1  0  2 -2 -1  0  1 -2  0  1 -1  2 -2  0  0  0 -3 -2 -1    0  14   4  16   0   0   4  11   0   4  18   0  11   0   4   5   8   0   0   0  0.10 inf
   82 N    0  0  3  1 -3 -1 -1  3 -1 -3 -3  0 -2 -3 -2  0  1 -4 -3 -1    7   6  27  10   0   0   0  27   0   0   0   4   0   0   0   0  15   0   0   4  0.35 inf
   83 V    0 -2 -1  0 -2 -1  2  1 -1  1 -1 -1 -1 -1 -2  0  1 -2  1  1    6   0   0   3   0   0  24  12   0   9   0   0   0   0   0   2  16   0   8  20  0.13 inf
   84 E   -1 -2  1  3 -3  0  2 -2  2 -1 -2 -1 -2  0 -2  1  2 -3  0 -2    0   0   3  24   0   0  19   0   7   4   0   0   0   5   0  13  23   0   3   0  0.31 inf
   85 S    0 -2 -1  2 -2  0 -1  2 -2 -3 -2 -1 -2 -1  3  2  0 -3 -1 -2    7   0   0  14   0   5   0  15   0   0   5   0   0   4  15  28   4   0   3   0  0.28 inf
   86 T    0 -1 -1  2 -3  1  4  0 -1 -3 -3  0 -2 -4 -2  1  0 -4 -3 -1    4   0   0  15   0   4  49   8   0   0   0   0   0   0   0   8   7   0   0   5  0.46 inf
   87 E   -2 -1 -1  3 -5  1  6 -3 -1 -4 -4  0 -3 -4 -2 -1 -2 -4 -3 -4    0   0   0  19   0   0  81   0   0   0   0   0   0   0   0   0   0   0   0   0  1.11 inf
   88 P    1 -3 -3 -2 -3  1 -2 -3 -2 -3 -3 -2 -2  3  6  0 -2 -3 -1 -3   13   0   0   0   0   8   0   0   0   0   0   0   0  18  56   4   0   0   0   0  1.10 inf
   89 L   -2 -3 -3 -3 -3 -3 -3 -4 -3 -2  1 -2 -2 -3  7 -2 -2 -4 -3  0    0   0   0   0   0   0   0   0   0   0  19   0   0   0  72   0   0   0   0   9  1.52 inf
   90 Y   -3 -2  0 -3 -4 -2 -2 -4  6 -2 -2 -3 -2  5 -4 -2 -3  0  5 -3    0   0   4   0   0   0   0   0  31   0   0   0   0  38   0   0   0   0  26   0  0.93 inf
   91 E    1 -1 -1 -2 -2  1  0 -2 -2 -1 -2 -1 -1 -3 -2  1  4 -3 -2  1   12   3   0   0   0   8   5   0   0   0   0   0   0   0   0  10  49   0   0  13  0.36 inf
   92 N   -1  1  4  1 -3 -1 -1 -2 -1 -2 -1 -1 -2 -2 -2  2  0 -3  1  0    0  10  39   7   0   0   0   0   0   0   8   0   0   0   0  23   0   0   6   8  0.32 inf
   93 S    3 -2 -1 -2 -2 -1 -1 -1 -2 -3 -3 -1 -2 -3 -2  5  0 -4 -3 -2   25   0   0   0   0   0   0   0   0   0   0   0   0   0   0  75   0   0   0   0  0.73 inf
   94 P    0 -1 -3 -2 -4 -1  0 -1 -3 -4 -4  0 -3 -5  7 -1 -2 -4 -4 -3    6   4   0   0   0   0   8   4   0   0   0   5   0   0  72   0   0   0   0   0  1.54 inf
   95 E   -2  3  0  1 -4  0  3 -3 -1 -1 -3  2 -2 -4  4 -1 -1 -4 -3 -2    0  18   4   6   0   0  26   0   0   5   0  15   0   0  24   0   0   0   0   0  0.54 inf
   96 F   -4 -4 -4 -5 -4 -5 -5 -4 -2 -1 -1 -4 -1  8 -5 -4 -3  0  2 -2    0   0   0   0   0   0   0   0   0   0   0   0   0 100   0   0   0   0   0   0  1.64 inf
   97 T   -1  0  1 -2  4 -2 -2 -2 -2  0  0 -1 -1 -2 -2  1  4 -3 -2  0    0   5   8   0  14   0   0   0   0   7   7   0   0   0   0   9  46   0   0   4  0.36 inf
   98 P   -2 -4 -3 -3 -4 -3 -2 -4 -4 -4 -4 -2 -4 -5  8 -2 -2 -5 -4 -4    0   0   0   0   0   0   0   0   0   0   0   0   0   0 100   0   0   0   0   0  2.56 inf
   99 Y   -3 -3 -3 -4 -4 -3 -3 -4  0 -3 -2 -3 -2  3 -4 -1 -3  1  8 -2    0   0   0   0   0   0   0   0   0   0   0   0   0   4   0   4   0   0  92   0  1.64 inf
  100 L   -2  1  2  0 -3  1 -1 -2  1  0  2  2  0 -2 -2 -1  0 -3 -2 -1    0   7  12   5   0   5   0   0   4   3  30  22   0   0   0   0   8   0   0   3  0.14 inf
  101 E   -2 -1  0  5 -4  3  3 -2  1 -4 -4 -1 -3 -4 -2 -1 -2 -4 -3 -4    0   0   0  54   0  16  26   0   4   0   0   0   0   0   0   0   0   0   0   0  0.87 inf
  102 T   -1 -2 -1 -2 -2 -1 -2 -2 -2 -2 -2 -1 -2 -3 -2  2  6 -3 -2 -1    0   0   0   0   0   0   0   0   0   0   0   0   0   0   0  10  90   0   0   0  0.85 inf

                      K         Lambda
Standard Ungapped    0.1265     0.3103
Standard Gapped      0.0423     0.2670
PSI Ungapped         0.1345     0.3061
PSI Gapped           0.0423     0.2670
