
Last position-specific scoring matrix computed, weighted observed percentages rounded down, information per position, and relative weight of gapless real matches to pseudocounts
           A  R  N  D  C  Q  E  G  H  I  L  K  M  F  P  S  T  W  Y  V   A   R   N   D   C   Q   E   G   H   I   L   K   M   F   P   S   T   W   Y   V
    1 Y   -2 -2 -3 -3 -3 -2 -3 -3  1 -1  0 -2 -1  5 -3 -2 -2  2  6 -1    0   0   0   0   0   0   0   0   0   0   0   0   0  42   0   0   0   0  58   0  0.71 inf
    2 S    1  3  0 -1 -2  0  0 -1 -1 -3 -3  1 -2 -3 -1  3  1 -3 -2 -2    0  32   0   0   0   0   0   0   0   0   0   0   0   0   0  68   0   0   0   0  0.38 inf
    3 I    2 -2 -3 -3 -1 -2 -2 -2 -3  3  2 -2  1 -1 -2 -1 -1 -2 -1  2   32   0   0   0   0   0   0   0   0  43  25   0   0   0   0   0   0   0   0   0  0.19 inf
    4 E   -1  0  0  1 -3  1  5 -2  0 -3 -3  0 -2 -3 -1  0  2 -3 -2 -2    0   0   0   0   0   0  78   0   0   0   0   0   0   0   0   0  22   0   0   0  0.56 inf
    5 A    4  0 -1 -2 -1  0  0  0 -2 -2 -2  2 -1 -3 -1  1  0 -3 -2 -1   78   0   0   0   0   0   0   0   0   0   0  22   0   0   0   0   0   0   0   0  0.32 inf
    6 D   -2 -2  2  5 -3 -1  1 -1 -1 -3 -4 -1 -3 -4  4  0 -1 -4 -3 -3    0   0  13  65   0   0   0   0   0   0   0   0   0   0  22   0   0   0   0   0  0.78 inf
    7 K   -1  3  0 -1 -3  1  1 -2 -1 -3 -3  4 -1 -3 -1  0 -1 -3 -2 -3    0  22   0   0   0   0   0   0   0   0   0  78   0   0   0   0   0   0   0   0  0.54 inf
    8 K   -1  2 -1 -1  5  1  0 -2 -1 -2 -2  4 -2 -3 -1  0 -1 -3 -2 -2    0   0   0   0  22   0   0   0   0   0   0  78   0   0   0   0   0   0   0   0  0.44 inf
    9 F   -2 -3 -3 -4 -3 -3 -3 -3 -1  0  0 -3  0  7 -4 -3 -2  1  3 -1    0   0   0   0   0   0   0   0   0   0   0   0   0 100   0   0   0   0   0   0  0.81 inf
   10 K   -1  3  0 -1 -3  1  1 -2 -1 -3 -3  4 -1 -3 -1  0 -1 -3 -2 -3    0  22   0   0   0   0   0   0   0   0   0  78   0   0   0   0   0   0   0   0  0.54 inf
   11 Y   -2  0 -2 -3 -3 -1 -1 -3  1 -2 -1  1 -1  2 -3 -1 -2  2  6 -2    0   0   0   0   0   0   0   0   0   0   0  22   0   0   0   0   0   0  78   0  0.63 inf
   12 S    2 -1  0 -1 -1  0  0  0 -1 -2 -2  0 -1 -3 -1  4  1 -3 -2 -1   22   0   0   0   0   0   0   0   0   0   0   0   0   0   0  78   0   0   0   0  0.41 inf
   13 V    0 -2 -2 -2 -1 -2 -2 -2 -3  2  0 -2  0 -1 -2  1  0 -3 -1  4    0   0   0   0   0   0   0   0   0   0   0   0   0   0   0  22   0   0   0  78  0.23 inf
   14 K   -1  2 -1 -1 -3  1  0 -2  0 -3 -2  4 -1  0 -1 -1 -1 -1  3 -2    0   0   0   0   0   0   0   0   0   0   0  78   0   0   0   0   0   0  22   0  0.40 inf
   15 L   -2 -2 -4 -4 -1 -2 -3 -4 -3  2  4 -3  2  0 -3 -3 -1 -2 -1  1    0   0   0   0   0   0   0   0   0   0 100   0   0   0   0   0   0   0   0   0  0.49 inf
   16 S    1 -1  1  0 -1  0  0  0 -1 -3 -3  0 -2 -3 -1  4  1 -3 -2 -2    0   0   0   0   0   0   0   0   0   0   0   0   0   0   0 100   0   0   0   0  0.49 inf
   17 D   -2 -1  1  6 -4  2  2 -2 -1 -3 -3  0 -2 -4 -2  0 -1 -4 -3 -3    0   0   0  78   0  22   0   0   0   0   0   0   0   0   0   0   0   0   0   0  0.75 inf
   18 Y   -2 -2 -3 -4 -2 -2 -3 -3  0  0  1 -2  0  4 -3 -2 -2  1  5 -1    0   0   0   0   0   0   0   0   0   0  22   0   0  28   0   0   0   0  50   0  0.55 inf
   19 P    0 -2 -1 -1 -2 -1 -1  2 -2 -2 -3 -1 -2 -3  5  1  2 -3 -3 -2    0   0   0   0   0   0   0  22   0   0   0   0   0   0  37  13  28   0   0   0  0.65 inf
   20 T    0 -1  0 -1 -1 -1 -1 -2 -2 -1 -1 -1 -1 -2 -1  1  5 -3 -2  0    0   0   0   0   0   0   0   0   0   0   0   0   0   0   0   0 100   0   0   0  0.52 inf
   21 L   -2 -2 -4 -4 -1 -2 -3 -4 -3  2  4 -3  2  0 -3 -3 -1 -2 -1  1    0   0   0   0   0   0   0   0   0   0 100   0   0   0   0   0   0   0   0   0  0.49 inf
   22 Q   -1  1  0  0 -3  6  2 -2  0 -3 -2  1 -1 -3 -1  0 -1 -2 -2 -2    0   0   0   0   0 100   0   0   0   0   0   0   0   0   0   0   0   0   0   0  0.72 inf
   23 D   -2  0  3  5 -3  3  1 -1  0 -3 -3  0 -2 -4 -2  0 -1 -4 -2 -3    0   0  22  50   0  28   0   0   0   0   0   0   0   0   0   0   0   0   0   0  0.58 inf
   24 A    3 -2 -2 -3 -1 -2 -2 -1 -2  0  2 -2  1 -1 -2  0 -1 -2 -2  0   50   0   0   0   0   0   0   0   0   0  50   0   0   0   0   0   0   0   0   0  0.22 inf
   25 A    4 -2 -2 -2 -1 -1 -1  0 -2  0 -1 -1 -1 -2 -1  1  0 -3 -2  1   87   0   0   0   0   0   0   0   0   0   0   0   0   0   0   0   0   0   0  13  0.34 inf
   26 S    0 -1  3  3 -2  0  0 -1 -1 -3 -3  0 -2 -3 -1  2  2 -3 -2 -2    0   0  22  28   0   0   0   0   0   0   0   0   0   0   0  37  13   0   0   0  0.39 inf
   27 A    3 -1 -1  1 -1 -1  0  0 -2 -1 -2 -1 -1 -3 -1  1  2 -3 -2  0   65   0   0  13   0   0   0   0   0   0   0   0   0   0   0   0  22   0   0   0  0.29 inf
   28 A    4 -2 -1 -2 -1 -1 -1  3 -2 -2 -2 -1 -1 -3 -1  1  0 -3 -2 -1   78   0   0   0   0   0   0  22   0   0   0   0   0   0   0   0   0   0   0   0  0.41 inf
   29 V   -1 -2 -1  2 -1 -2 -1 -3 -3  2  0 -2  0 -1 -2 -1  0 -3 -2  3    0   0   0  22   0   0   0   0   0   0   0   0   0   0   0   0   0   0   0  78  0.24 inf
   30 D   -2 -2  1  6 -4  0  2 -1 -1 -3 -4 -1 -3 -4 -2  0 -1 -5 -3 -3    0   0   0 100   0   0   0   0   0   0   0   0   0   0   0   0   0   0   0   0  0.98 inf
   31 G    0 -2 -1 -1 -2 -1 -2  4 -2 -1 -2 -1 -1 -2 -2  2  0 -3 -2  0    0   0   0   0   0   0   0  50   0   0   0   0   0   0   0  28   0   0   0  22  0.38 inf
   32 L   -1 -2 -3 -4 -1 -2 -3 -4 -3  2  4 -3  2  0 -3 -2 -1 -2 -1  2    0   0   0   0   0   0   0   0   0   9  72   0   0   0   0   0   0   0   0  18  0.38 inf
   33 L   -1 -2 -3 -4 -1 -2 -3 -4 -3  2  4 -3  2  0 -3 -2 -1 -2 -1  2    0   0   0   0   0   0   0   0   0   0  78   0   0   0   0   0   0   0   0  22  0.39 inf
   34 I   -1 -3 -3 -3 -1 -3 -3 -4 -3  5  2 -3  1  0 -3 -3 -1 -3 -1  3    0   0   0   0   0   0   0   0   0 100   0   0   0   0   0   0   0   0   0   0  0.43 inf
   35 D   -2 -2  1  6 -4  0  2 -1 -1 -3 -4 -1 -3 -4 -2  0 -1 -5 -3 -3    0   0   0 100   0   0   0   0   0   0   0   0   0   0   0   0   0   0   0   0  0.98 inf
   36 R   -1  4 -1 -2 -2  0 -1 -3 -1  1  0  1  0 -2 -2 -1 -1 -3 -2  2    0  53   0   0   0   0   0   0   0  13   0   0   0   0   0   0   0   0   0  34  0.28 inf
   37 D   -2 -2  3  6 -4  0  1 -1 -1 -3 -4 -1 -3 -4 -2  0 -1 -4 -3 -3    0   0  13  87   0   0   0   0   0   0   0   0   0   0   0   0   0   0   0   0  0.86 inf
   38 Y   -2 -2 -2 -3 -3 -2 -2 -3  2 -2 -1 -2 -1  3 -3 -2 -2  2  7 -1    0   0   0   0   0   0   0   0   0   0   0   0   0   0   0   0   0   0 100   0  0.96 inf
   39 N   -1  0  4  0 -3  0  0 -1  3 -3 -3  1 -2 -3 -2  0  1 -3 -1 -2    0   0  52   0   0   0   0   0  13   0   0  17   0   0   0   0  18   0   0   0  0.40 inf
   40 F   -2 -3 -3 -4 -3 -3 -3 -3 -1  0  0 -3  0  7 -4 -3 -2  1  3 -1    0   0   0   0   0   0   0   0   0   0   0   0   0 100   0   0   0   0   0   0  0.82 inf
   41 Y   -1 -1  1 -1 -2 -1 -1 -2  0 -2 -2 -1 -1  1 -2  1  2  0  5 -1    0   0   9   0   0   0   0   0   0   0   0   0   0   0   0  18  29   0  44   0  0.33 inf
   42 G   -1 -1  5  2 -3 -1  0  3  0 -4 -4 -1 -3 -3 -2  0 -1 -4 -3 -3    0   0  57  12   0   0   0  31   0   0   0   0   0   0   0   0   0   0   0   0  0.57 inf
   43 G    0 -2  3  0 -3 -1 -2  5 -1 -4 -4 -1 -3 -3 -2  0 -1 -3 -3 -3    0   0  27   0   0   0   0  73   0   0   0   0   0   0   0   0   0   0   0   0  0.78 inf
   44 E   -1  0  0  1 -4  2  5 -2  0 -3 -3  1 -2 -3 -1  0 -1 -3 -2 -3    0   0   0   0   0   0 100   0   0   0   0   0   0   0   0   0   0   0   0   0  0.78 inf
   45 T    0  0  0 -1 -1  0 -1 -2 -2 -1 -2  1 -1 -2 -1  2  4 -3 -2 -1    0   0   0   0   0   0   0   0   0   0   0  13   0   0   0  12  74   0   0   0  0.39 inf
   46 V    0 -3 -3 -3 -1 -2 -3 -3 -3  3  1 -2  1 -1 -3 -2  0 -3 -1  4    0   0   0   0   0   0   0   0   0   0   0   0   0   0   0   0   0   0   0 100  0.39 inf
   47 D   -2 -1  3  5 -3  0  1 -1 -1 -3 -4 -1 -3 -4 -2  0 -1 -4 -3 -3    0   0  27  73   0   0   0   0   0   0   0   0   0   0   0   0   0   0   0   0  0.79 inf
   48 F   -2 -3 -3 -4 -3 -3 -3 -3 -1  0  0 -3  0  7 -4 -3 -2  1  3 -1    0   0   0   0   0   0   0   0   0   0   0   0   0 100   0   0   0   0   0   0  0.82 inf
   49 G    0 -1  0 -1 -2 -1 -1  5 -2 -3 -3  1 -2 -3 -2  1 -1 -3 -3 -3    0   0   0   0   0   0   0  65   0   0   0  17   0   0   0  18   0   0   0   0  0.61 inf
   50 G    0 -3 -1 -1 -3 -2 -2  6 -2 -4 -4 -2 -3 -3 -2  0 -2 -3 -3 -3    0   0   0   0   0   0   0 100   0   0   0   0   0   0   0   0   0   0   0   0  1.08 inf
   51 K   -1  3  0 -1 -3  1  1 -2 -1 -3 -3  5 -2 -3 -1  0 -1 -3 -2 -3    0  17   0   0   0   0   0   0   0   0   0  83   0   0   0   0   0   0   0   0  0.54 inf
   52 V    1 -2 -2 -2 -1 -2 -2 -2 -3  2  1 -2  1 -1 -2  0  2 -3 -1  2   13   0   0   0   0   0   0   0   0  12  17   0   0   0   0   0  27   0   0  31  0.18 inf
   53 L   -1 -2 -4 -4 -1 -2 -3 -4 -3  2  4 -3  2  0 -3 -2 -1 -2 -1  2    0   0   0   0   0   0   0   0   0   0  83   0   0   0   0   0   0   0   0  17  0.41 inf
   54 T    0  2  0 -1 -1  0 -1 -2 -2 -1 -1  0 -1 -2 -1  1  5 -3 -2  0    0  17   0   0   0   0   0   0   0   0   0   0   0   0   0   0  83   0   0   0  0.42 inf
   55 I   -1 -3 -3 -3 -1 -3 -3 -4 -4  5  2 -3  1  0 -3 -3 -1 -3 -1  3    0   0   0   0   0   0   0   0   0 100   0   0   0   0   0   0   0   0   0   0  0.44 inf
   56 E   -1 -1  2  4 -4  1  4 -2  0 -3 -3  0 -3 -4 -1  0 -1 -4 -3 -3    0   0  12  40   0   0  48   0   0   0   0   0   0   0   0   0   0   0   0   0  0.63 inf
   57 C   -1 -4 -3 -4  9 -3 -4 -3 -3 -1 -1 -3 -2 -3 -3 -1 -1 -3 -3 -1    0   0   0   0 100   0   0   0   0   0   0   0   0   0   0   0   0   0   0   0  1.34 inf
   58 K   -1  2  0  0 -3  1  2 -2 -1 -3 -3  5 -2 -3 -1  0 -1 -3 -2 -3    0   0   0   0   0   0  17   0   0   0   0  83   0   0   0   0   0   0   0   0  0.51 inf
   59 A    4 -2 -2 -2 -1 -1 -1  0 -2 -1 -2 -1 -1 -2 -1  1  0 -3 -2  0  100   0   0   0   0   0   0   0   0   0   0   0   0   0   0   0   0   0   0   0  0.44 inf
   60 K   -1  3  0 -1 -3  1  1 -2 -1 -3 -3  5 -2 -3 -1  0 -1 -3 -2 -3    0  17   0   0   0   0   0   0   0   0   0  83   0   0   0   0   0   0   0   0  0.54 inf
   61 F   -2 -3 -3 -4 -3 -3 -3 -3 -1  0  0 -3  0  7 -4 -3 -2  1  3 -1    0   0   0   0   0   0   0   0   0   0   0   0   0 100   0   0   0   0   0   0  0.82 inf
   62 I   -1 -3 -3 -3 -1 -3 -3 -4 -4  5  2 -3  1  0 -3 -3 -1 -3 -1  3    0   0   0   0   0   0   0   0   0 100   0   0   0   0   0   0   0   0   0   0  0.44 inf
   63 G    0 -3 -1 -1 -3 -2 -2  6 -2 -4 -4 -2 -3 -3 -2  0 -2 -3 -3 -3    0   0   0   0   0   0   0 100   0   0   0   0   0   0   0   0   0   0   0   0  1.08 inf
   64 D   -2 -2  1  6 -4  0  1 -1 -1 -3 -4 -1 -3 -4 -2  0 -1 -5 -3 -3    0   0   0 100   0   0   0   0   0   0   0   0   0   0   0   0   0   0   0   0  0.99 inf
   65 G    0 -3 -1 -1 -3 -2 -2  6 -2 -4 -4 -2 -3 -3 -2  0 -2 -3 -3 -3    0   0   0   0   0   0   0 100   0   0   0   0   0   0   0   0   0   0   0   0  1.08 inf
   66 N    1 -1  5  1 -2  0 -1  0  0 -3 -3  0 -2 -3 -2  1  0 -4 -2 -2   29   0  71   0   0   0   0   0   0   0   0   0   0   0   0   0   0   0   0   0  0.48 inf
   67 L   -2 -2 -4 -4 -1 -2 -3 -4 -3  2  4 -3  2  0 -3 -3 -1 -2 -1  1    0   0   0   0   0   0   0   0   0  13  87   0   0   0   0   0   0   0   0   0  0.45 inf
   68 I   -1 -3 -3 -3 -1 -2 -3 -3 -3  4  1 -2  1 -1 -3 -1  1 -3 -1  3    0   0   0   0   0   0   0   0   0  60   0   0   0   0   0   0  13   0   0  27  0.30 inf
   69 F   -2 -3 -3 -4 -3 -3 -3 -3 -1  0  0 -3  0  7 -4 -3 -2  1  3 -1    0   0   0   0   0   0   0   0   0   0   0   0   0 100   0   0   0   0   0   0  0.82 inf
   70 T    0 -1  2 -1 -1 -1 -1 -2 -1 -1 -2 -1 -1 -2 -1  1  5 -3 -2  0    0   0  12   0   0   0   0   0   0   0   0   0   0   0   0   0  88   0   0   0  0.46 inf
   71 K   -1  1  4  0 -3  3  1 -1  0 -3 -3  3 -1 -3 -2  0  0 -3 -2 -3    0   0  42   0   0  27   0   0   0   0   0  31   0   0   0   0   0   0   0   0  0.44 inf
   72 L   -1 -2 -3 -4 -1 -2 -3 -4 -3  1  4 -2  4  0 -3 -2 -1 -2 -1  1    0   0   0   0   0   0   0   0   0   0  71   0  29   0   0   0   0   0   0   0  0.41 inf
   73 G    1 -2 -1 -2 -2 -2 -2  5 -2 -3 -3 -2 -2 -3 -2  0 -1 -3 -3 -3   17   0   0   0   0   0   0  83   0   0   0   0   0   0   0   0   0   0   0   0  0.85 inf
   74 K    0  1  0 -1 -2  1  0 -1 -1 -2 -2  4 -2 -3  2  1  1 -3 -2 -2    0   0   0   0   0   0   0   0   0   0   0  58   0   0  12  17  13   0   0   0  0.38 inf
   75 G    0 -3 -1 -1 -3 -2 -2  6 -2 -4 -4 -2 -3 -3 -2  0 -2 -3 -3 -3    0   0   0   0   0   0   0 100   0   0   0   0   0   0   0   0   0   0   0   0  1.08 inf
   76 S    1 -1  1  0 -1  0  0  0 -1 -3 -3  0 -2 -3 -1  4  1 -3 -2 -2    0   0   0   0   0   0   0   0   0   0   0   0   0   0   0 100   0   0   0   0  0.50 inf
   77 R   -1  3 -2 -3 -2 -1 -2 -3 -2  2  1  0  1 -1 -3 -2 -1 -3 -1  2    0  31   0   0   0   0   0   0   0  27  13   0   0   0   0   0   0   0   0  29  0.20 inf
   78 I   -1 -3 -3 -3 -1 -3 -3 -4 -3  4  1 -3  1 -1 -3 -2  0 -3 -1  4    0   0   0   0   0   0   0   0   0  43   0   0   0   0   0   0   0   0   0  57  0.37 inf
   79 A    2 -1  1 -1 -2  0  1 -1 -1  1 -1  1 -1 -2 -2  0  0 -3 -2  1   31   0  12   0   0   0  17   0   0  18   0  13   0   0   0   0   0   0   0   9  0.10 inf
   80 G    2  0  0 -1 -2  1  0  3 -1 -3 -3  1 -2 -3 -1  1  0 -3 -2 -2   27   0   0   0   0  12   0  31   0   0   0  17   0   0   0  13   0   0   0   0  0.31 inf
   81 V   -1 -2 -2 -2 -2 -2 -2 -3 -3  0 -1 -2 -1 -3  7 -1 -1 -4 -2  1    0   0   0   0   0   0   0   0   0   0   0   0   0   0  69   0   0   0   0  31  1.21 inf
   82 F   -2 -3 -3 -4 -3 -3 -3 -3 -1  0  0 -3  0  6 -4 -2 -2  1  4 -1    0   0   0   0   0   0   0   0   0   0   0   0   0  87   0   0   0   0  13   0  0.76 inf
   83 M   -1 -2 -2 -3 -2 -1 -2 -3 -2  1  2 -2  6  0 -3 -2 -1 -2 -1  1    0   0   0   0   0   0   0   0   0   0   0   0 100   0   0   0   0   0   0   0  0.45 inf
   84 E   -1  0  0  1 -4  2  5 -2  0 -3 -3  1 -2 -3 -1  0 -1 -3 -2 -3    0   0   0   0   0   0 100   0   0   0   0   0   0   0   0   0   0   0   0   0  0.78 inf
   85 S    1 -1  1  0 -1  0  0  0 -1 -3 -3  0 -2 -3 -1  4  1 -3 -2 -2    0   0   0   0   0   0   0   0   0   0   0   0   0   0   0 100   0   0   0   0  0.50 inf
   86 T    2  0 -1 -1 -1  0  0 -1 -1 -2 -2  2 -1 -3 -1  1  2 -3 -2 -1   40   0   0   0   0   0   0   0   0   0   0  29   0   0   0   0  31   0   0   0  0.25 inf
   87 T    0 -1  0 -1 -1 -1 -1 -1 -2 -1 -2 -1 -1 -2 -1  2  5 -3 -2  0    0   0   0   0   0   0   0   0   0   0   0   0   0   0   0  17  83   0   0   0  0.46 inf
   88 T    0 -1  0 -1 -1 -1 -1 -2 -2 -1 -1 -1 -1 -2 -1  1  5 -3 -2  0    0   0   0   0   0   0   0   0   0   0   0   0   0   0   0   0 100   0   0   0  0.53 inf
   89 P   -1 -2 -2 -2 -3 -1 -1 -2 -2 -3 -3 -1 -3 -4  8 -1 -1 -4 -3 -3    0   0   0   0   0   0   0   0   0   0   0   0   0   0 100   0   0   0   0   0  2.09 inf
   90 W   -3 -3 -4 -5 -3 -2 -3 -3 -3 -3 -2 -3 -2  1 -4 -3 -3 11  2 -3    0   0   0   0   0   0   0   0   0   0   0   0   0   0   0   0   0 100   0   0  2.46 inf
   91 V    0 -3 -3 -3 -1 -2 -3 -3 -3  2  1 -2  2 -1 -3 -2  0 -3 -1  4    0   0   0   0   0   0   0   0   0   0   0   0  13   0   0   0   0   0   0  87  0.34 inf
   92 I   -1 -3 -3 -3 -1 -3 -3 -4 -4  5  2 -3  1  0 -3 -3 -1 -3 -1  3    0   0   0   0   0   0   0   0   0 100   0   0   0   0   0   0   0   0   0   0  0.44 inf
   93 K   -1  1 -1 -2 -3  0  0 -2  0 -2 -1  3 -1  3 -2 -1 -1  0  3 -2    0   0   0   0   0   0   0   0   0   0   0  58   0  26   0   0   0   0  17   0  0.30 inf
   94 P   -1 -2 -2 -2 -3 -1 -1 -2 -2 -3 -3 -1 -3 -4  8 -1 -1 -4 -3 -3    0   0   0   0   0   0   0   0   0   0   0   0   0   0 100   0   0   0   0   0  2.07 inf
   95 W   -3 -3 -4 -5 -3 -2 -3 -3 -3 -3 -2 -3 -2  1 -4 -3 -3 11  2 -3    0   0   0   0   0   0   0   0   0   0   0   0   0   0   0   0   0 100   0   0  2.41 inf
   96 T   -1 -1  0  3 -2 -1  0 -2 -2 -1 -2 -1 -1 -3 -1  1  4 -3 -2 -1    0   0   0  31   0   0   0   0   0   0   0   0   0   0   0   0  69   0   0   0  0.41 inf
   97 D    0 -1  1  5 -3  1  3 -1 -1 -3 -3  0 -2 -3 -1  0 -1 -4 -3 -2   14   0   0  54   0   0  32   0   0   0   0   0   0   0   0   0   0   0   0   0  0.58 inf
   98 D   -2 -2  2  6 -4  0  1 -1 -1 -3 -4 -1 -3 -4 -2  0 -1 -4 -3 -3    0   0  10  90   0   0   0   0   0   0   0   0   0   0   0   0   0   0   0   0  0.88 inf
   99 N   -1 -1  4  0 -3 -1 -1  4  0 -4 -4 -1 -3 -3 -2  0 -1 -3 -3 -3    0   0  54   0   0   0   0  46   0   0   0   0   0   0   0   0   0   0   0   0  0.62 inf
  100 Q   -1  1  2  0 -3  4  2 -2  0 -3 -3  3 -1 -3 -1  0 -1 -3 -2 -3    0   0  17   0   0  44  10   0   0   0   0  29   0   0   0   0   0   0   0   0  0.44 inf
  101 W   -3 -3 -4 -5 -3 -2 -3 -3 -3 -3 -2 -3 -2  1 -4 -3 -3 11  2 -3    0   0   0   0   0   0   0   0   0   0   0   0   0   0   0   0   0 100   0   0  2.41 inf
  102 L   -1 -3 -3 -3 -1 -3 -3 -4 -3  4  3 -3  1  0 -3 -3 -1 -2 -1  2    0   0   0   0   0   0   0   0   0  66  34   0   0   0   0   0   0   0   0   0  0.37 inf
  103 T    0 -1  0 -1 -1 -1 -1 -2 -2 -1 -1 -1 -1 -2 -1  1  5 -3 -2  0    0   0   0   0   0   0   0   0   0   0   0   0   0   0   0   0 100   0   0   0  0.50 inf
  104 D   -2 -2  1  6 -4  0  2 -1 -1 -3 -4 -1 -3 -4 -2  0 -1 -5 -3 -3    0   0   0 100   0   0   0   0   0   0   0   0   0   0   0   0   0   0   0   0  0.96 inf
  105 A    4 -2 -2 -2 -1 -1 -1  0 -2 -2 -2 -1 -1 -3  3  1  0 -3 -2 -1   80   0   0   0   0   0   0   0   0   0   0   0   0   0  20   0   0   0   0   0  0.48 inf
  106 A    3 -1 -1 -1 -1  2  2  0 -1 -2 -2  0 -1 -3 -1  1  0 -3 -2 -1   68   0   0   0   0  14  17   0   0   0   0   0   0   0   0   0   0   0   0   0  0.31 inf
  107 A    3 -1 -1 -2 -1 -1 -1  0 -2 -1  0 -1  0 -2 -1  2  0 -3 -2  0   69   0   0   0   0   0   0   0   0   0  14   0   0   0   0  17   0   0   0   0  0.27 inf
  108 V    0 -3 -3 -3 -1 -2 -3 -3 -3  3  1 -3  1 -1 -3 -2  0 -3 -1  4    0   0   0   0   0   0   0   0   0  20   0   0   0   0   0   0   0   0   0  80  0.36 inf
  109 V    2 -2 -3 -3 -1 -2 -2 -2 -3  2  0 -2  1 -1 -2 -1  0 -3 -1  3   27   0   0   0   0   0   0   0   0   0   0   0   8   0   0   0   0   0   0  65  0.22 inf
  110 A    4 -1 -1 -2 -1 -1 -1  0 -2 -2 -2 -1 -1 -2 -1  2  0 -3 -2  0   83   0   0   0   0   0   0   0   0   0   0   0   0   0   0  17   0   0   0   0  0.38 inf
  111 T    0 -1  0 -1 -1 -1 -1 -2 -2 -1 -1 -1 -1 -2 -1  1  5 -3 -2  0    0   0   0   0   0   0   0   0   0   0   0   0   0   0   0   0 100   0   0   0  0.50 inf
  112 L   -2 -2 -4 -4 -1 -2 -3 -4 -3  2  4 -3  2  0 -3 -3 -1 -2 -1  1    0   0   0   0   0   0   0   0   0   0 100   0   0   0   0   0   0   0   0   0  0.47 inf
  113 K    1  2  0 -1 -3  1  1 -1 -1 -3 -2  4 -1 -3 -1  0 -1 -3 -2 -2   17   0   0   0   0   0   0   0   0   0   0  83   0   0   0   0   0   0   0   0  0.41 inf
  114 Q   -1  1  0  0 -3  6  2 -2  0 -3 -2  1 -1 -3 -1  0 -1 -2 -2 -2    0   0   0   0   0 100   0   0   0   0   0   0   0   0   0   0   0   0   0   0  0.69 inf
  115 S    1 -1  0  0 -1  0  0 -1 -1 -2 -2  0 -1 -3 -1  4  2 -3 -2 -1    0   0   0   0   0   0   0   0   0   0   0   0   0   0   0  83  17   0   0   0  0.43 inf
  116 K   -1  3  0 -1 -3  1  1 -2 -1 -3 -3  5 -1 -3 -1  0 -1 -3 -2 -2    0  17   0   0   0   0   0   0   0   0   0  83   0   0   0   0   0   0   0   0  0.53 inf
  117 T    0 -2  0  2 -1 -1 -1 -2 -2  0 -1 -1 -1 -2 -1  1  4 -3 -2  0    0   0   0  17   0   0   0   0   0  14   0   0   0   0   0   0  69   0   0   0  0.30 inf
  118 D   -1  0  1  5 -4  1  3 -2 -1 -3 -3  1 -3 -4 -1  0 -1 -4 -3 -3    0   0   0  56   0   0  27   0   0   0   0  17   0   0   0   0   0   0   0   0  0.62 inf
  119 G    0 -2  0 -1 -3 -2 -2  6 -2 -4 -4 -2 -3 -3 -2  0 -2 -3 -3 -3    0   0   0   0   0   0   0 100   0   0   0   0   0   0   0   0   0   0   0   0  1.06 inf
  120 Y   -2 -2 -2 -3 -3 -2 -2 -3  2 -1 -1 -2 -1  3 -3 -2 -2  2  7 -1    0   0   0   0   0   0   0   0   0   0   0   0   0   0   0   0   0   0 100   0  0.91 inf
  121 Q   -1  1  0  0 -3  6  2 -2  0 -3 -2  1 -1 -3 -1  0 -1 -2 -2 -2    0   0   0   0   0 100   0   0   0   0   0   0   0   0   0   0   0   0   0   0  0.69 inf
  122 P   -1 -2 -2 -2 -3 -1 -1 -2 -2 -3 -3 -1 -3 -4  8 -1 -1 -4 -3 -3    0   0   0   0   0   0   0   0   0   0   0   0   0   0 100   0   0   0   0   0  2.07 inf
  123 T    0 -2  0 -1 -1 -1 -1  3 -2 -1 -2 -1 -1 -3 -1  1  4 -3 -2 -1    0   0   0   0   0   0   0  27   0   0   0   0   0   0   0   0  73   0   0   0  0.40 inf
  124 V    0 -3 -3 -3 -1 -2 -3 -3 -3  3  1 -2  1 -1 -3 -2  0 -3 -1  4    0   0   0   0   0   0   0   0   0   0   0   0   0   0   0   0   0   0   0 100  0.37 inf
  125 S    0 -1  5  1 -2  0  0  0  0 -3 -3  0 -2 -3 -2  2  0 -4 -2 -3    0   0  69   0   0   0   0   0   0   0   0   0   0   0   0  31   0   0   0   0  0.54 inf
  126 D   -2 -2  1  6 -4  0  2 -1 -1 -3 -4 -1 -3 -4 -2  0 -1 -5 -3 -3    0   0   0 100   0   0   0   0   0   0   0   0   0   0   0   0   0   0   0   0  0.96 inf
  127 Y   -2 -2 -3 -4 -3 -2 -2 -3  1 -2 -1 -2 -1  3 -3 -2 -2  8  6 -2    0   0   0   0   0   0   0   0   0   0   0   0   0   0   0   0   0  27  73   0  1.04 inf
  128 V    2 -2 -3 -3 -1 -2 -2 -2 -3  2  0 -2  0 -1 -2 -1  0 -3 -1  3   25   0   0   0   0   0   0   0   0   0   0   0   0   0   0   0   0   0   0  75  0.25 inf
  129 K   -1  2  0 -1 -3  1  1 -2 -1 -3 -3  5 -1 -3 -1  0 -1 -3 -2 -2    0   0   0   0   0   0   0   0   0   0   0 100   0   0   0   0   0   0   0   0  0.55 inf
  130 F   -2 -3 -3 -4 -3 -3 -3 -3 -1  0  0 -3  0  7 -4 -3 -2  1  3 -1    0   0   0   0   0   0   0   0   0   0   0   0   0 100   0   0   0   0   0   0  0.78 inf
  131 P   -1 -2 -2 -2 -3 -1 -1 -2 -2 -3 -3 -1 -3 -4  8 -1 -1 -4 -3 -3    0   0   0   0   0   0   0   0   0   0   0   0   0   0 100   0   0   0   0   0  2.07 inf
  132 G    0 -2  0 -1 -3 -2 -2  6 -2 -4 -4 -2 -3 -3 -2  0 -2 -3 -3 -3    0   0   0   0   0   0   0 100   0   0   0   0   0   0   0   0   0   0   0   0  1.06 inf
  133 I   -1 -3 -3 -3 -1 -3 -3 -4 -3  4  3 -3  1  0 -3 -3 -1 -2 -1  2    0   0   0   0   0   0   0   0   0  73  27   0   0   0   0   0   0   0   0   0  0.38 inf
  134 E   -1  0  0  2 -4  2  5 -2  0 -3 -3  1 -2 -3 -1  0 -1 -3 -2 -3    0   0   0   0   0   0 100   0   0   0   0   0   0   0   0   0   0   0   0   0  0.76 inf
  135 T    2 -1  0 -1 -1 -1 -1 -1 -1 -2 -2 -1 -1 -2 -1  3  3 -3 -2 -1   27   0   0   0   0   0   0   0   0   0   0   0   0   0   0  42  31   0   0   0  0.33 inf
  136 L   -2 -2 -4 -4 -1 -2 -3 -4 -3  2  4 -3  2  0 -3 -3 -1 -2 -1  1    0   0   0   0   0   0   0   0   0   0 100   0   0   0   0   0   0   0   0   0  0.47 inf
  137 L   -2 -2 -4 -4 -1 -2 -3 -4 -3  2  4 -3  2  0 -3 -3 -1 -2 -1  1    0   0   0   0   0   0   0   0   0  13  87   0   0   0   0   0   0   0   0   0  0.43 inf
  138 P   -1 -2 -2 -2 -3 -1 -1 -2 -2 -3 -3 -1 -3 -4  8 -1 -1 -4 -3 -3    0   0   0   0   0   0   0   0   0   0   0   0   0   0 100   0   0   0   0   0  2.07 inf
  139 P   -1 -1 -1  2 -3  2  0 -2 -1 -3 -3  0 -2 -4  6 -1 -1 -3 -3 -3    0   0   0  17   0  27   0   0   0   0   0   0   0   0  56   0   0   0   0   0  1.04 inf
  140 N   -1 -1  4  1 -3  1  3 -1  1 -3 -3  0 -2 -1 -2  0 -1 -1  2 -3    0   0  45   0   0   0  38   0   0   0   0   0   0   0   0   0   0   0  17   0  0.41 inf
  141 A    4 -2 -2 -2 -1 -1 -1  0 -2  0 -1 -1  0 -2 -1  1  0 -3 -2  2   73   0   0   0   0   0   0   0   0   0   0   0   0   0   0   0   0   0   0  27  0.27 inf
  142 K   -1  2  0 -1 -3  1  1 -2 -1 -3 -3  5 -1 -3 -1  0 -1 -3 -2 -2    0   0   0   0   0   0   0   0   0   0   0 100   0   0   0   0   0   0   0   0  0.55 inf
  143 G   -1 -2  2  4 -3 -1  0  4 -1 -4 -4 -1 -3 -3 -2  0 -1 -3 -3 -3    0   0  17  36   0   0   0  47   0   0   0   0   0   0   0   0   0   0   0   0  0.59 inf
  144 Q   -1  1  0  0 -3  6  2 -2  0 -3 -2  1 -1 -3 -1  0 -1 -2 -2 -2    0   0   0   0   0 100   0   0   0   0   0   0   0   0   0   0   0   0   0   0  0.69 inf
  145 N   -1 -1  4  0 -2  0 -1  2  3 -3 -3 -1 -2 -1 -2  1  0 -2  2 -3    0   0  39   0   0   0   0  17  14   0   0   0   0   0   0  16   0   0  13   0  0.33 inf
  146 I   -1 -3 -3 -3 -1 -3 -3 -4 -3  4  1 -3  1  0 -3 -2 -1 -3 -1  3    0   0   0   0   0   0   0   0   0  87   0   0   0   0   0   0   0   0   0  13  0.39 inf
  147 T    1 -1  2 -1 -1 -1 -1 -1 -1 -1 -1 -1 -1 -2 -1  2  3 -3 -2  0   14   0  17   0   0   0   0   0   0   0   0   0   0   0   0  25  31   0   0  13  0.23 inf
  148 S    2 -1  0  0 -1  0  0  0 -1 -2 -2  0 -2 -3 -1  4  1 -3 -2 -2   14   0   0   0   0   0   0   0   0   0   0   0   0   0   0  86   0   0   0   0  0.43 inf
  149 T    0 -1  0 -1 -1 -1 -1 -2 -2  0 -1 -1 -1 -2 -1  1  5 -3 -2  1    0   0   0   0   0   0   0   0   0   0   0   0   0   0   0   0  92   0   0   8  0.44 inf
  150 L   -2 -2 -4 -4 -1 -2 -3 -4 -3  2  4 -3  2  0 -3 -3 -1 -2 -1  1    0   0   0   0   0   0   0   0   0   0 100   0   0   0   0   0   0   0   0   0  0.47 inf
  151 E   -1  2  0  3 -4  1  4 -2  0 -3 -3  1 -2 -3 -1  0 -1 -3 -2 -3    0  17   0  27   0   0  56   0   0   0   0   0   0   0   0   0   0   0   0   0  0.57 inf
  152 I   -1 -3 -3 -3 -1 -3 -3 -4 -3  4  2 -3  1  0 -3 -3 -1 -3 -1  3    0   0   0   0   0   0   0   0   0 100   0   0   0   0   0   0   0   0   0   0  0.42 inf
  153 R   -2  5 -1 -2 -3  1 -1 -3  0 -2 -2  2 -1  2 -2 -1 -1 -2  0 -2    0  83   0   0   0   0   0   0   0   0   0   0   0  17   0   0   0   0   0   0  0.56 inf
  154 E   -1  0  0  3 -3  1  5 -2  0 -3 -3  0 -2 -3 -1  1 -1 -3 -2 -3    0   0   0  13   0   0  73   0   0   0   0   0   0   0   0  14   0   0   0   0  0.59 inf
  155 C    1 -3 -3 -3  9 -3 -3 -2 -3 -1 -1 -3 -1 -3 -3 -1 -1 -3 -3 -1   14   0   0   0  86   0   0   0   0   0   0   0   0   0   0   0   0   0   0   0  1.04 inf
  156 I    0 -2 -1 -2 -1 -1 -2 -2 -2  2  0 -1  0 -1 -2  1  3 -3 -2  2    0   0   0   0   0   0   0   0   0  31   0   0   0   0   0  14  42   0   0  13  0.21 inf
  157 G    0  1  0 -1 -3 -1 -2  5 -2 -4 -4 -1 -3 -3 -2  0 -2 -3 -3 -3    0  14   0   0   0   0   0  86   0   0   0   0   0   0   0   0   0   0   0   0  0.85 inf
  158 V    0 -3 -3 -3 -1 -2 -3 -3 -3  3  1 -2  1 -1 -3 -2  0 -3 -1  4    0   0   0   0   0   0   0   0   0   0   0   0   0   0   0   0   0   0   0 100  0.37 inf
  159 E   -1  0  2  2 -4  2  5 -2  0 -3 -3  1 -2 -3 -1  0 -1 -3 -2 -3    0   0  17   0   0   0  83   0   0   0   0   0   0   0   0   0   0   0   0   0  0.64 inf
  160 V    0 -3 -3 -3 -1 -2 -3 -3 -3  3  1 -3  1 -1 -3 -2  0 -3 -1  4    0   0   0   0   0   0   0   0   0  22   0   0   0   0   0   0   0   0   0  78  0.36 inf
  161 H   -2  3  0 -1 -3  1  2 -2  6 -3 -3  1 -2 -2 -2 -1 -1 -3  1 -3    0  27   0   0   0   0  17   0  56   0   0   0   0   0   0   0   0   0   0   0  0.56 inf
  162 R   -2  5  3  0 -3  1  0 -2  0 -3 -3  2 -2 -3 -2  0 -1 -3 -2 -3    0  69  31   0   0   0   0   0   0   0   0   0   0   0   0   0   0   0   0   0  0.57 inf
  163 A    4 -2 -2 -2  0 -1 -1  0 -2 -1 -2 -1 -1 -2 -1  1  0 -3 -2  0  100   0   0   0   0   0   0   0   0   0   0   0   0   0   0   0   0   0   0   0  0.42 inf
  164 S    1 -1  0 -1 -1 -1 -1  3 -1 -3 -3 -1 -2 -3 -1  3  1 -3 -2 -2    0   0   0   0   0   0   0  27   0   0   0   0   0   0   0  73   0   0   0   0  0.44 inf
  165 G    0 -2  0 -1 -3 -2 -2  6 -2 -4 -4 -2 -3 -3 -2  0 -2 -3 -3 -3    0   0   0   0   0   0   0 100   0   0   0   0   0   0   0   0   0   0   0   0  1.06 inf
  166 L   -1 -2 -2 -3 -1 -2 -2 -3 -3  1  4 -2  2  0 -3  0 -1 -2 -1  0    0   0   0   0   0   0   0   0   0   0  83   0   0   0   0  17   0   0   0   0  0.30 inf
  167 M   -1 -2 -2 -3 -1 -1 -2 -3 -2  1  2 -2  6  0 -3 -2 -1 -2 -1  2    0   0   0   0   0   0   0   0   0   0   0   0  83   0   0   0   0   0   0  17  0.34 inf
  168 A    4 -2 -2 -2  0 -1 -1  0 -2 -1 -2 -1 -1 -2 -1  1  0 -3 -2  0  100   0   0   0   0   0   0   0   0   0   0   0   0   0   0   0   0   0   0   0  0.42 inf
  169 G    2 -3 -2 -2  7 -2 -2  3 -2 -2 -2 -2 -2 -3 -2  0 -1 -3 -3 -1   27   0   0   0  42   0   0  31   0   0   0   0   0   0   0   0   0   0   0   0  0.54 inf
  170 F   -2 -2 -3 -4 -3 -2 -3 -3  0 -1  0 -3  0  5 -4 -2 -2  2  5 -1    0   0   0   0   0   0   0   0   0   0   0   0   0  56   0   0   0   0  44   0  0.71 inf
  171 L   -2 -2 -4 -4 -1 -2 -3 -4 -3  2  4 -3  2  0 -3 -3 -1 -2 -1  1    0   0   0   0   0   0   0   0   0   0 100   0   0   0   0   0   0   0   0   0  0.47 inf
  172 F   -2 -3 -3 -4 -3 -3 -3 -3 -1  0  0 -3  0  7 -4 -3 -2  1  3 -1    0   0   0   0   0   0   0   0   0   0   0   0   0 100   0   0   0   0   0   0  0.78 inf
  173 R   -1  5 -1 -2 -3  1  0 -3 -1 -1 -2  2 -1 -3 -2 -1 -1 -3 -2  0    0  83   0   0   0   0   0   0   0   0   0   0   0   0   0   0   0   0   0  17  0.53 inf
  174 G    0  0  2 -1 -2 -1 -1  5 -1 -4 -3 -1 -2 -3 -2  1 -1 -3 -3 -3    0   8  13   0   0   0   0  65   0   0   0   0   0   0   0  14   0   0   0   0  0.60 inf
  175 C   -1 -4 -3 -4  9 -3 -4 -3 -3 -1 -1 -3 -2 -3 -3 -1 -1 -3 -3 -1    0   0   0   0 100   0   0   0   0   0   0   0   0   0   0   0   0   0   0   0  1.29 inf
  176 H   -1  0  1 -1 -3  0  0 -2  8 -3 -3 -1 -2 -2 -2  1 -1 -3  1 -3    0   0   0   0   0   0   0   0  83   0   0   0   0   0   0  17   0   0   0   0  0.71 inf
  177 F   -2 -2 -2 -3 -3 -2 -2 -3  5 -1  0 -2 -1  5 -3 -2 -2  1  4 -1    0   0   0   0   0   0   0   0  27   0   0   0   0  56   0   0   0   0  17   0  0.54 inf
  178 C   -1 -4 -3 -4  9 -3 -4 -3 -3 -1 -1 -3 -2 -3 -3 -1 -1 -3 -3 -1    0   0   0   0 100   0   0   0   0   0   0   0   0   0   0   0   0   0   0   0  1.29 inf
  179 K   -1  3  0 -1 -3  1  1 -2 -1 -3 -3  5 -1 -3 -1  0 -1 -3 -2 -2    0   8   0   0   0   0   0   0   0   0   0  92   0   0   0   0   0   0   0   0  0.53 inf
  180 M   -1 -2 -3 -3 -1 -1 -2 -3 -2  2  2 -2  5  0 -3 -2 -1 -2 -1  2    0   0   0   0   0   0   0   0   0   0   0   0  73   0   0   0   0   0   0  27  0.31 inf
  181 V   -1 -3 -3 -3 -1 -3 -3 -4 -3  4  1 -3  1 -1 -3 -2  0 -3 -1  4    0   0   0   0   0   0   0   0   0  44   0   0   0   0   0   0   0   0   0  56  0.36 inf
  182 D   -2 -1  1  6 -4  0  3 -2 -1 -3 -4  0 -3 -4 -2  0 -1 -4 -3 -3    0   0   0  83   0   0  17   0   0   0   0   0   0   0   0   0   0   0   0   0  0.84 inf
  183 A    3 -1 -1 -1 -1 -1 -1  0 -2 -2 -2 -1 -1 -3  3  2  0 -3 -2 -1   56   0   0   0   0   0   0   0   0   0   0   0   0   0  17  27   0   0   0   0  0.41 inf
  184 N   -2 -1  4  5 -3  0  1 -1 -1 -3 -4 -1 -3 -4 -2  0 -1 -4 -3 -3    0   0  31  69   0   0   0   0   0   0   0   0   0   0   0   0   0   0   0   0  0.75 inf
  185 N    0 -1  5  1 -2  0  0 -1  0 -3 -3  0 -2 -3 -2  2  2 -3 -2 -2    0   0  56   0   0   0   0   0   0   0   0   0   0   0   0  31  13   0   0   0  0.45 inf
  186 P   -1 -3 -3 -2 -2 -2 -2 -3 -3  2  0 -2  0 -2  6 -2 -1 -3 -2  1    0   0   0   0   0   0   0   0   0  44   0   0   0   0  56   0   0   0   0   0  0.90 inf
  187 S    0 -2 -1 -1 -1 -1 -1 -1 -2  1  0 -1  0  2 -2  3  1 -2  0  0    0   0   0   0   0   0   0   0   0  27   0   0   0  17   0  56   0   0   0   0  0.15 inf
  188 G    0 -2  0 -1 -3 -2 -2  6 -2 -4 -4 -2 -3 -3 -2  0 -2 -3 -3 -3    0   0   0   0   0   0   0 100   0   0   0   0   0   0   0   0   0   0   0   0  1.06 inf
  189 G    0 -2  0 -1 -3 -2 -2  6 -2 -4 -4 -2 -3 -3 -2  0 -2 -3 -3 -3    0   0   0   0   0   0   0 100   0   0   0   0   0   0   0   0   0   0   0   0  1.06 inf
  190 K   -1  2  0 -1 -3  1  0 -2  0 -3 -2  4 -1 -1 -1  0 -1 -1  2 -2    0   0   0   0   0   0   0   0   0   0   0  83   0   0   0   0   0   0  17   0  0.41 inf
  191 D   -2 -2  1  6 -3 -1  1 -2  0 -3 -3 -1 -3 -1 -2 -1 -1 -2  2 -3    0   0   0  83   0   0   0   0   0   0   0   0   0   0   0   0   0   0  17   0  0.71 inf
  192 G    0 -2  0 -1 -3 -2 -2  6 -2 -4 -4 -2 -3 -3 -2  0 -2 -3 -3 -3    0   0   0   0   0   0   0 100   0   0   0   0   0   0   0   0   0   0   0   0  1.06 inf
  193 I   -1 -3 -3 -3 -1 -3 -3 -4 -3  4  1 -3  1  0 -3 -2  0 -3 -1  3    0   0   0   0   0   0   0   0   0  58   0   0   0   0   0   0   0   0   0  42  0.36 inf
  194 I   -1 -3 -3 -3 -1 -3 -3 -4 -3  4  2 -3  1  0 -3 -3 -1 -3 -1  3    0   0   0   0   0   0   0   0   0 100   0   0   0   0   0   0   0   0   0   0  0.42 inf
  195 T    0 -1  0 -1 -1 -1 -1 -2 -2 -1 -1 -1 -1 -2 -1  1  5 -3 -2  0    0   0   0   0   0   0   0   0   0   0   0   0   0   0   0   0 100   0   0   0  0.50 inf
  196 F   -2 -3 -3 -4 -3 -3 -3 -3 -1  0  0 -3  0  7 -4 -3 -2  1  3 -1    0   0   0   0   0   0   0   0   0   0   0   0   0 100   0   0   0   0   0   0  0.78 inf
  197 E   -1  0  0  2 -4  2  5 -2  0 -3 -3  1 -2 -3 -1  0 -1 -3 -2 -3    0   0   0   0   0   0 100   0   0   0   0   0   0   0   0   0   0   0   0   0  0.76 inf
  198 N   -2 -1  6  1 -3  0  0 -1  1 -3 -4  0 -2 -3 -2  1  0 -4 -2 -3    0   0 100   0   0   0   0   0   0   0   0   0   0   0   0   0   0   0   0   0  0.76 inf
  199 L   -2 -2 -4 -4 -1 -2 -3 -4 -3  2  4 -3  2  0 -3 -3 -1 -2 -1  1    0   0   0   0   0   0   0   0   0   0 100   0   0   0   0   0   0   0   0   0  0.47 inf
  200 S    1 -1  0  0 -1  0  0  2 -1 -3 -3  0 -2 -3 -1  4  1 -3 -2 -2    0   0   0   0   0   0   0  13   0   0   0   0   0   0   0  87   0   0   0   0  0.43 inf
  201 G    0 -2  0 -1 -3 -2 -2  6 -2 -4 -4 -2 -3 -3 -2  0 -2 -3 -3 -3    0   0   0   0   0   0   0 100   0   0   0   0   0   0   0   0   0   0   0   0  1.06 inf
  202 D   -1 -1  1  5 -3  0  2 -1 -1 -3 -3  0 -3 -3 -1  1 -1 -4 -3 -3    0   0   0  70   0   0  13   0   0   0   0   0   0   0   0  17   0   0   0   0  0.67 inf
  203 W   -2 -1 -3 -4 -3 -1 -2 -3 -2 -3 -2  0 -2  0 -3 -2 -2 11  2 -3    0   0   0   0   0   0   0   0   0   0   0  17   0   0   0   0   0  83   0   0  1.82 inf
  204 G    0 -2  0 -1 -3 -2 -2  6 -2 -4 -4 -2 -3 -3 -2  0 -2 -3 -3 -3    0   0   0   0   0   0   0 100   0   0   0   0   0   0   0   0   0   0   0   0  1.06 inf
  205 K   -1  1 -1 -2 -2  0  0 -2 -2  2  1  3  0 -1 -2 -1 -1 -3 -2  0    0   0   0   0   0   0   0   0   0  30  14  56   0   0   0   0   0   0   0   0  0.17 inf
  206 G    0 -2  0 -1 -3 -2 -2  6 -2 -4 -4 -2 -3 -3 -2  0 -2 -3 -3 -3    0   0   0   0   0   0   0 100   0   0   0   0   0   0   0   0   0   0   0   0  1.06 inf
  207 N   -2 -1  6  1 -3  0  0 -1  1 -3 -4  0 -2 -3 -2  1  0 -4 -2 -3    0   0 100   0   0   0   0   0   0   0   0   0   0   0   0   0   0   0   0   0  0.76 inf
  208 Y   -2 -2 -2 -3 -3 -2 -2 -3  2 -1 -1 -2 -1  3 -3 -2 -2  2  7 -1    0   0   0   0   0   0   0   0   0   0   0   0   0   0   0   0   0   0 100   0  0.91 inf
  209 V    1 -3 -3 -3  4 -2 -2 -2 -3  2  0 -2  0 -1 -2 -1  0 -3 -2  3   13   0   0   0  17   0   0   0   0   0   0   0   0   0   0   0   0   0   0  70  0.28 inf
  210 I   -1 -3 -3 -3 -1 -3 -3 -4 -3  4  2 -3  1  0 -3 -3 -1 -3 -1  3    0   0   0   0   0   0   0   0   0 100   0   0   0   0   0   0   0   0   0   0  0.42 inf
  211 G    0 -2  0 -1 -3 -2 -2  6 -2 -4 -4 -2 -3 -3 -2  0 -2 -3 -3 -3    0   0   0   0   0   0   0 100   0   0   0   0   0   0   0   0   0   0   0   0  1.06 inf
  212 G    0 -2  0 -1 -3 -2 -2  6 -2 -4 -4 -2 -3 -3 -2  0 -2 -3 -3 -3    0   0   0   0   0   0   0 100   0   0   0   0   0   0   0   0   0   0   0   0  1.06 inf
  213 R   -2  6 -1 -2 -4  1  0 -2  0 -3 -2  2 -2 -3 -2 -1 -1 -3 -2 -3    0 100   0   0   0   0   0   0   0   0   0   0   0   0   0   0   0   0   0   0  0.78 inf
  214 T    0 -2 -1 -2 -1 -1 -1 -2 -2  1 -1 -1  0 -2 -1  1  4 -3 -2  2    0   0   0   0   0   0   0   0   0   0   0   0   0   0   0   0  73   0   0  27  0.33 inf
  215 S    0 -1  2  0 -2  0  0 -1  4 -3 -3  0 -2 -2 -1  3  1 -3  0 -2    0   0  17   0   0   0   0   0  27   0   0   0   0   0   0  56   0   0   0   0  0.38 inf
  216 Y   -2 -2 -2 -3 -3 -2 -2 -3  2 -1 -1 -2 -1  3 -3 -2 -2  2  7 -1    0   0   0   0   0   0   0   0   0   0   0   0   0   0   0   0   0   0 100   0  0.91 inf
  217 G    0 -2  0 -1 -3 -2 -2  6 -2 -4 -4 -2 -3 -3 -2  0 -2 -3 -3 -3    0   0   0   0   0   0   0 100   0   0   0   0   0   0   0   0   0   0   0   0  1.06 inf
  218 S    1 -1  1  0 -1  0  0  0 -1 -3 -3  0 -2 -3 -1  4  1 -3 -2 -2    0   0   0   0   0   0   0   0   0   0   0   0   0   0   0 100   0   0   0   0  0.48 inf
  219 V    0 -3 -3 -3  4 -2 -3  1 -3  2  0 -2  0 -1 -3 -1  0 -3 -2  3    0   0   0   0  13   0   0  14   0   0   0   0   0   0   0   0   0   0   0  73  0.24 inf
  220 S    1 -1  1  0 -1  0  0  0 -1 -3 -3  0 -2 -3 -1  4  1 -3 -2 -2    0   0   0   0   0   0   0   0   0   0   0   0   0   0   0 100   0   0   0   0  0.48 inf
  221 S    1 -1  0 -1 -1 -1 -1  3 -1 -3 -3 -1 -2 -3 -1  3  1 -3 -2 -2    0   0   0   0   0   0   0  27   0   0   0   0   0   0   0  73   0   0   0   0  0.44 inf
  222 A    3 -2 -2 -2 -1 -1 -2 -1 -2  1  0 -1  0 -2 -2  0  0 -3 -2  2   56   0   0   0   0   0   0   0   0   0   0   0   0   0   0   0   0   0   0  44  0.23 inf
  223 Q   -1  1  0  0 -3  6  2 -2  0 -3 -2  1 -1 -3 -1  0 -1 -2 -2 -2    0   0   0   0   0 100   0   0   0   0   0   0   0   0   0   0   0   0   0   0  0.69 inf
  224 F   -2 -3 -3 -4 -3 -3 -3 -3 -1  0  0 -3  0  7 -4 -3 -2  1  3 -1    0   0   0   0   0   0   0   0   0   0   0   0   0 100   0   0   0   0   0   0  0.78 inf
  225 L   -2 -2 -4 -4 -1 -2 -3 -4 -3  2  4 -3  2  0 -3 -3 -1 -2 -1  1    0   0   0   0   0   0   0   0   0   0 100   0   0   0   0   0   0   0   0   0  0.47 inf
  226 R   -2  6 -1 -2 -4  1  0 -2  0 -3 -2  2 -2 -3 -2 -1 -1 -3 -2 -3    0 100   0   0   0   0   0   0   0   0   0   0   0   0   0   0   0   0   0   0  0.78 inf
  227 N   -2  0  6  1 -3  2  0 -1  1 -3 -3  0 -2 -3 -2  0  0 -4 -2 -3    0   0  83   0   0  17   0   0   0   0   0   0   0   0   0   0   0   0   0   0  0.63 inf
  228 N   -2 -1  6  3 -3  0  0 -1  0 -3 -4  0 -2 -3 -2  0  0 -4 -2 -3    0   0  83  17   0   0   0   0   0   0   0   0   0   0   0   0   0   0   0   0  0.69 inf
  229 G    0 -2  0 -1 -3 -2 -2  6 -2 -4 -4 -2 -3 -3 -2  0 -2 -3 -3 -3    0   0   0   0   0   0   0 100   0   0   0   0   0   0   0   0   0   0   0   0  1.06 inf
  230 G    0 -2  0 -1 -3 -2 -2  6 -2 -4 -4 -2 -3 -3 -2  0 -2 -3 -3 -3    0   0   0   0   0   0   0 100   0   0   0   0   0   0   0   0   0   0   0   0  1.06 inf
  231 F    0 -2  1 -1 -2 -1  1 -2 -1 -1 -1 -1 -1  5 -3 -1 -1  0  2 -1   13   0  17   0   0   0  14   0   0   0   0   0   0  56   0   0   0   0   0   0  0.26 inf
  232 E    2 -1  0  0 -2  0  2  2 -1 -3 -3  0 -2 -3 -1  2  0 -3 -2 -2   25   0   0   0   0   0  31  17   0   0   0   0   0   0   0  27   0   0   0   0  0.31 inf
  233 R   -2  4  0 -2 -3  1  0 -2  6 -3 -3  1 -2 -2 -2 -1 -1 -3  0 -3    0  56   0   0   0   0   0   0  44   0   0   0   0   0   0   0   0   0   0   0  0.60 inf
  234 D   -2 -1  3  5 -3  0  1 -1 -1 -3 -4 -1 -3 -4 -2  0 -1 -4 -3 -3    0   0  27  73   0   0   0   0   0   0   0   0   0   0   0   0   0   0   0   0  0.77 inf
  235 G    0 -2  0 -1 -3 -2 -2  6 -2 -4 -4 -2 -3 -3 -2  0 -2 -3 -3 -3    0   0   0   0   0   0   0 100   0   0   0   0   0   0   0   0   0   0   0   0  1.06 inf
  236 G    0 -2  0 -1 -3 -2 -2  6 -2 -4 -4 -2 -3 -3 -2  0 -2 -3 -3 -3    0   0   0   0   0   0   0 100   0   0   0   0   0   0   0   0   0   0   0   0  1.06 inf
  237 V    0 -3 -3 -3 -1 -2 -3 -3 -3  3  1 -2  1 -1 -3 -2  0 -3 -1  4    0   0   0   0   0   0   0   0   0   0   0   0   0   0   0   0   0   0   0 100  0.37 inf
  238 I   -1 -3 -3 -3 -1 -3 -3 -4 -3  4  2 -3  1  0 -3 -3 -1 -3 -1  3    0   0   0   0   0   0   0   0   0 100   0   0   0   0   0   0   0   0   0   0  0.42 inf
  239 G    0 -2  0 -1 -3 -2 -2  6 -2 -4 -4 -2 -3 -3 -2  0 -2 -3 -3 -3    0   0   0   0   0   0   0 100   0   0   0   0   0   0   0   0   0   0   0   0  1.06 inf
  240 F   -2 -3 -3 -4 -2 -3 -3 -3 -2  1  1 -3  0  6 -3 -2 -2  0  2  1    0   0   0   0   0   0   0   0   0   0   0   0   0  73   0   0   0   0   0  27  0.50 inf
  241 T    0 -1  0 -1 -1 -1 -1 -2 -2 -1 -1 -1 -1 -2 -1  1  5 -3 -2  0    0   0   0   0   0   0   0   0   0   0   0   0   0   0   0   0 100   0   0   0  0.50 inf
  242 S    1 -1  1  0 -1  0  0  0 -1 -3 -3  0 -2 -3 -1  4  1 -3 -2 -2    0   0   0   0   0   0   0   0   0   0   0   0   0   0   0 100   0   0   0   0  0.48 inf
  243 Y   -2 -2 -3 -4 -3 -2 -2 -3  1 -2 -1 -2 -1  3 -3 -2 -2  8  6 -2    0   0   0   0   0   0   0   0   0   0   0   0   0   0   0   0   0  27  73   0  1.04 inf
  244 R   -2  6 -1 -2 -4  1  0 -2  0 -3 -2  2 -2 -3 -2 -1 -1 -3 -2 -3    0 100   0   0   0   0   0   0   0   0   0   0   0   0   0   0   0   0   0   0  0.78 inf
  245 A    4 -2 -2 -2 -1 -1 -1  0 -2 -2 -2 -1 -1 -3  3  1  0 -3 -2 -1   83   0   0   0   0   0   0   0   0   0   0   0   0   0  17   0   0   0   0   0  0.46 inf
  246 G    0 -2  0 -1 -3 -2 -2  6 -2 -4 -4 -2 -3 -3 -2  0 -2 -3 -3 -3    0   0   0   0   0   0   0 100   0   0   0   0   0   0   0   0   0   0   0   0  1.06 inf
  247 E   -1  0  0  2 -4  2  5 -2  0 -3 -3  1 -2 -3 -1  0 -1 -3 -2 -3    0   0   0   0   0   0 100   0   0   0   0   0   0   0   0   0   0   0   0   0  0.76 inf
  248 S    1 -1  1  0 -1  0  0  0 -1 -3 -3  0 -2 -3 -1  4  1 -3 -2 -2    0   0   0   0   0   0   0   0   0   0   0   0   0   0   0 100   0   0   0   0  0.48 inf
  249 G    0 -2  0 -1 -3 -2 -2  6 -2 -4 -4 -2 -3 -3 -2  0 -2 -3 -3 -3    0   0   0   0   0   0   0 100   0   0   0   0   0   0   0   0   0   0   0   0  1.06 inf
  250 V   -1 -3 -3 -3 -1 -3 -3 -3 -3  2  1 -3  1  3 -3 -2 -1 -1  1  3    0   0   0   0   0   0   0   0   0   0   0   0   0  27   0   0   0   0   0  73  0.30 inf
  251 K   -1  2  0 -1 -3  1  1 -2 -1 -3 -3  5 -1 -3 -1  0 -1 -3 -2 -2    0   0   0   0   0   0   0   0   0   0   0 100   0   0   0   0   0   0   0   0  0.55 inf
  252 T    0 -1  0 -1 -1 -1 -1 -2 -2 -1 -1 -1 -1 -2 -1  1  5 -3 -2  0    0   0   0   0   0   0   0   0   0   0   0   0   0   0   0   0 100   0   0   0  0.50 inf
  253 W   -3 -3 -4 -4 -3 -2 -3 -3 -2 -3 -2 -3 -2  1 -4 -3 -3 11  4 -3    0   0   0   0   0   0   0   0   0   0   0   0   0   0   0   0   0  86  14   0  2.06 inf
  254 Q   -1  1  0  0 -3  6  2 -2  0 -3 -2  1 -1 -3 -1  0 -1 -2 -2 -2    0   0   0   0   0 100   0   0   0   0   0   0   0   0   0   0   0   0   0   0  0.69 inf
  255 G    0 -2  0 -1 -3 -2 -2  6 -2 -4 -4 -2 -3 -3 -2  0 -2 -3 -3 -3    0   0   0   0   0   0   0 100   0   0   0   0   0   0   0   0   0   0   0   0  1.06 inf
  256 T    0 -1  0 -1 -1 -1 -1 -1 -2 -1 -2 -1 -1 -2 -1  2  4 -3 -2  0    0   0   0   0   0   0   0   0   0   0   0   0   0   0   0  27  73   0   0   0  0.42 inf
  257 V    0 -3 -3 -3 -1 -2 -3 -3 -3  3  1 -2  1 -1 -3 -2  0 -3 -1  4    0   0   0   0   0   0   0   0   0   0   0   0   0   0   0   0   0   0   0 100  0.37 inf
  258 G    0 -2  0 -1 -3 -2 -2  6 -2 -4 -4 -2 -3 -3 -2  0 -2 -3 -3 -3    0   0   0   0   0   0   0 100   0   0   0   0   0   0   0   0   0   0   0   0  1.06 inf
  259 S    2 -1  0 -1 -1 -1 -1  3 -1 -3 -3 -1 -2 -3 -1  3  1 -3 -2 -2   13   0   0   0   0   0   0  31   0   0   0   0   0   0   0  56   0   0   0   0  0.41 inf
  260 T    0 -2  0 -1 -1 -1 -1  3 -2 -1 -2 -1 -1 -3 -1  1  4 -3 -2 -1    0   0   0   0   0   0   0  27   0   0   0   0   0   0   0   0  73   0   0   0  0.40 inf
  261 T    0 -1  0 -1 -1 -1 -1 -1 -2 -1 -2 -1 -1 -2 -1  2  5 -3 -2  0    0   0   0   0   0   0   0   0   0   0   0   0   0   0   0  17  83   0   0   0  0.44 inf
  262 S    2 -1  0  0 -1  0  0  0 -1 -2 -2  0 -2 -3 -1  4  1 -3 -2 -2   14   0   0   0   0   0   0   0   0   0   0   0   0   0   0  86   0   0   0   0  0.43 inf
  263 R   -2  6 -1 -2 -4  1  0 -2  0 -3 -2  2 -2 -3 -2 -1 -1 -3 -2 -3    0 100   0   0   0   0   0   0   0   0   0   0   0   0   0   0   0   0   0   0  0.78 inf
  264 N   -1 -1  6  1  4  0 -1 -1  0 -3 -3 -1 -2 -3 -2  0  0 -4 -2 -3    0   0  83   0  17   0   0   0   0   0   0   0   0   0   0   0   0   0   0   0  0.61 inf
  265 Y   -2 -2 -2 -3 -3 -2 -2 -3  2 -1 -1 -2 -1  3 -3 -2 -2  2  7 -1    0   0   0   0   0   0   0   0   0   0   0   0   0   0   0   0   0   0 100   0  0.91 inf
  266 N   -2 -1  6  1 -3  0  0 -1  1 -3 -4  0 -2 -3 -2  1  0 -4 -2 -3    0   0 100   0   0   0   0   0   0   0   0   0   0   0   0   0   0   0   0   0  0.76 inf
  267 L   -2 -2 -4 -4 -1 -2 -3 -4 -3  2  4 -3  2  0 -3 -3 -1 -2 -1  1    0   0   0   0   0   0   0   0   0   0 100   0   0   0   0   0   0   0   0   0  0.47 inf
  268 Q   -1  1  0  0 -3  6  2 -2  0 -3 -2  1 -1 -3 -1  0 -1 -2 -2 -2    0   0   0   0   0 100   0   0   0   0   0   0   0   0   0   0   0   0   0   0  0.69 inf
  269 F   -2 -3 -3 -4 -3 -3 -3 -3 -1  0  0 -3  0  7 -4 -3 -2  1  3 -1    0   0   0   0   0   0   0   0   0   0   0   0   0 100   0   0   0   0   0   0  0.78 inf
  270 R   -2  6 -1 -2 -4  1  0 -2  0 -3 -2  2 -2 -3 -2 -1 -1 -3 -2 -3    0 100   0   0   0   0   0   0   0   0   0   0   0   0   0   0   0   0   0   0  0.78 inf
  271 D   -2 -1  1  6 -4  0  1 -1 -1 -3 -4  1 -3 -4 -2  0 -1 -4 -3 -3    0   0   0  83   0   0   0   0   0   0   0  17   0   0   0   0   0   0   0   0  0.76 inf
  272 S    1 -1  1  0 -1  0  0  0 -1 -3 -3  0 -2 -3 -1  4  1 -3 -2 -2    0   0   0   0   0   0   0   0   0   0   0   0   0   0   0 100   0   0   0   0  0.48 inf
  273 V    1 -2 -3 -3 -1 -2 -2 -2 -3  2  1 -2  1 -1 -2 -1  0 -3 -1  3   25   0   0   0   0   0   0   0   0   0  17   0   0   0   0   0   0   0   0  58  0.21 inf
  274 V    2 -2 -2 -2 -1 -1 -2 -1 -2  1  0 -1  0 -1 -2  1  0 -3 -2  3   27   0   0   0   0   0   0   0   0   0   0   0   0   0   0  17   0   0   0  56  0.18 inf
  275 I   -1 -3 -4 -4 -1 -3 -3 -4 -3  3  3 -3  2  0 -3 -3 -1 -2 -1  2    0   0   0   0   0   0   0   0   0  48  52   0   0   0   0   0   0   0   0   0  0.38 inf
  276 Y    0 -1 -1 -2 -2 -1 -1 -2  1 -2 -2 -1 -1  2 -2  2  0  1  5 -2    0   0   0   0   0   0   0   0   0   0   0   0   0   0   0  44   0   0  56   0  0.42 inf
  277 P   -1 -2 -2 -2 -3 -1 -1 -2 -2 -2 -3 -1 -2 -4  7  0  1 -4 -3 -2    0   0   0   0   0   0   0   0   0   0   0   0   0   0  83   0  17   0   0   0  1.60 inf
  278 V    0 -3 -3 -3 -1 -2 -3 -3 -3  3  1 -2  1 -1 -3 -2  0 -3 -1  4    0   0   0   0   0   0   0   0   0   0   0   0   0   0   0   0   0   0   0 100  0.37 inf
  279 W   -3 -3 -4 -5 -3 -2 -3 -3 -3 -3 -2 -3 -2  1 -4 -3 -3 11  2 -3    0   0   0   0   0   0   0   0   0   0   0   0   0   0   0   0   0 100   0   0  2.40 inf
  280 D   -2 -2  1  6 -4  0  2 -1 -1 -3 -4 -1 -3 -4 -2  0 -1 -5 -3 -3    0   0   0 100   0   0   0   0   0   0   0   0   0   0   0   0   0   0   0   0  0.96 inf
  281 G    0 -2  0 -1 -3 -2 -2  6 -2 -4 -4 -2 -3 -3 -2  0 -2 -3 -3 -3    0   0   0   0   0   0   0 100   0   0   0   0   0   0   0   0   0   0   0   0  1.06 inf
  282 F   -2 -3 -3 -4 -3 -3 -3 -3 -1  0  0 -3  0  7 -4 -3 -2  1  3 -1    0   0   0   0   0   0   0   0   0   0   0   0   0 100   0   0   0   0   0   0  0.78 inf
  283 D   -2 -2  1  6 -4  0  2 -1 -1 -3 -4 -1 -3 -4 -2  0 -1 -5 -3 -3    0   0   0 100   0   0   0   0   0   0   0   0   0   0   0   0   0   0   0   0  0.96 inf
  284 L   -2 -2 -3 -4 -1 -2 -3 -4 -3  2  4 -2  3  0 -3 -2 -1 -2 -1  1    0   0   0   0   0   0   0   0   0   0  89   0  11   0   0   0   0   0   0   0  0.44 inf
  285 G    0 -2  1 -1 -3 -2 -2  6 -2 -4 -4 -1 -3 -3 -2  0 -1 -3 -3 -3    0   0  11   0   0   0   0  89   0   0   0   0   0   0   0   0   0   0   0   0  0.93 inf
  286 A    3 -1 -1 -1 -1 -1 -1  0 -2 -2 -2 -1 -1 -3  2  2  0 -3 -2 -1   66   0   0   0   0   0   0   0   0   0   0   0   0   0  11  24   0   0   0   0  0.38 inf
  287 D   -2 -2  1  6 -4  0  2 -2 -1 -3 -4 -1 -3 -4 -2  0 -1 -4 -3 -3    0   0   0  89   0   0  11   0   0   0   0   0   0   0   0   0   0   0   0   0  0.88 inf
  288 T    0 -1  0  1 -2  0  1 -2 -2 -1 -2 -1 -1 -3  2  1  4 -3 -2 -1    0   0   0  11   0   0  12   0   0   0   0   0   0   0  12   0  66   0   0   0  0.38 inf
  289 D   -2 -2  1  6 -4  0  2 -1 -1 -3 -4 -1 -3 -4 -2  0 -1 -5 -3 -3    0   0   0 100   0   0   0   0   0   0   0   0   0   0   0   0   0   0   0   0  0.97 inf
  290 R   -2  6 -1 -2 -4  1  0 -3  0 -3 -2  2 -2 -3 -2 -1 -1 -3 -2 -3    0 100   0   0   0   0   0   0   0   0   0   0   0   0   0   0   0   0   0   0  0.79 inf
  291 P   -1 -2 -2 -2 -3 -1 -1 -2 -2 -3 -3 -1 -3 -4  8 -1 -1 -4 -3 -3    0   0   0   0   0   0   0   0   0   0   0   0   0   0 100   0   0   0   0   0  2.07 inf
  292 G    0 -2 -1 -1 -3 -2 -2  6 -2 -4 -4 -2 -3 -3 -2  0 -2 -3 -3 -3    0   0   0   0   0   0   0 100   0   0   0   0   0   0   0   0   0   0   0   0  1.07 inf
  293 D   -2 -2  1  6 -4  0  2 -1 -1 -3 -4 -1 -3 -4 -2  0 -1 -5 -3 -3    0   0   0 100   0   0   0   0   0   0   0   0   0   0   0   0   0   0   0   0  0.97 inf
  294 Y   -2 -2 -3 -4 -2 -2 -3 -3  0  0  2 -3  0  5 -3 -2 -2  1  5 -1    0   0   0   0   0   0   0   0   0   0  24   0   0  47   0   0   0   0  29   0  0.51 inf
  295 P   -1 -2 -2 -2 -3 -1 -1 -2 -2 -3 -3 -1 -3 -4  8 -1 -1 -4 -3 -3    0   0   0   0   0   0   0   0   0   0   0   0   0   0 100   0   0   0   0   0  2.07 inf
  296 I   -1 -3 -3 -3 -1 -2 -3 -4 -2  3  2 -3  1  1 -3 -2 -1 -1  2  3    0   0   0   0   0   0   0   0   0  47  14   0   0   0   0   0   0   0  15  24  0.29 inf
  297 T    2 -1  0 -1 -1  0  0 -1 -1 -2 -2  0 -1 -2 -1  3  3 -3 -2 -1   14   0   0   0   0   0   0   0   0   0   0   0   0   0   0  57  29   0   0   0  0.36 inf
  298 Q   -1  1  0  0 -3  5  3 -2  0 -3 -2  1 -1 -3 -1  0 -1 -2 -2 -2    0   0   0   0   0  74  26   0   0   0   0   0   0   0   0   0   0   0   0   0  0.63 inf
  299 Y   -2 -2 -2 -3 -3 -2 -2 -3  2 -1 -1 -2 -1  3 -3 -2 -2  2  7 -1    0   0   0   0   0   0   0   0   0   0   0   0   0   0   0   0   0   0 100   0  0.92 inf
  300 P   -1 -2 -2 -2 -3 -1 -1 -2 -2 -3 -3 -1 -3 -4  8 -1 -1 -4 -3 -3    0   0   0   0   0   0   0   0   0   0   0   0   0   0 100   0   0   0   0   0  2.07 inf
  301 L   -1 -2 -3 -4 -1 -2 -3 -3 -3  2  2 -2  2  2 -3 -2 -1 -2  0  3    0   0   0   0   0   0   0   0   0   0  29   0  12  12   0   0   0   0   0  47  0.27 inf
  302 H   -2  0  1 -1 -3  0  0 -2  8 -4 -3 -1 -2 -1 -2 -1 -2 -3  2 -3    0   0   0   0   0   0   0   0 100   0   0   0   0   0   0   0   0   0   0   0  0.94 inf
  303 Q   -1  0 -1 -1 -3  5  1 -2  0 -1  0  1  3 -2 -2 -1 -1 -2 -1 -1    0   0   0   0   0  67   0   0   0   0   0   0  33   0   0   0   0   0   0   0  0.38 inf
  304 L   -2 -2 -4 -4 -1 -2 -3 -4 -3  2  4 -3  2  0 -3 -3 -1 -2 -1  1    0   0   0   0   0   0   0   0   0   0 100   0   0   0   0   0   0   0   0   0  0.48 inf
  305 P   -1 -2 -2 -2 -3 -1 -1 -2 -2 -3 -3 -1 -3 -4  8 -1 -1 -4 -3 -3    0   0   0   0   0   0   0   0   0   0   0   0   0   0 100   0   0   0   0   0  2.07 inf
  306 L   -1 -2  2 -1 -2 -1 -2 -2 -2  1  3 -2  1  0 -2 -1  1 -2 -1  0    0   0  24   0   0   0   0   0   0   0  62   0   0   0   0   0  14   0   0   0  0.20 inf
  307 N   -2 -1  6  1 -3  0  0 -1  1 -3 -4  0 -2 -3 -2  1  0 -4 -2 -3    0   0 100   0   0   0   0   0   0   0   0   0   0   0   0   0   0   0   0   0  0.77 inf
  308 H   -2  0  1 -1 -3  0  0 -2  8 -4 -3 -1 -2 -1 -2 -1 -2 -3  2 -3    0   0   0   0   0   0   0   0 100   0   0   0   0   0   0   0   0   0   0   0  0.94 inf
  309 L   -2 -2 -3 -4 -1 -2 -3 -4 -3  2  4 -2  3  0 -3 -2 -1 -2 -1  1    0   0   0   0   0   0   0   0   0   0  88   0  12   0   0   0   0   0   0   0  0.44 inf
  310 I   -1 -3 -3 -3 -1 -3 -3 -4 -3  4  1 -3  1  0 -3 -2 -1 -3 -1  3    0   0   0   0   0   0   0   0   0  76   0   0   0   0   0   0   0   0   0  24  0.38 inf
  311 D   -2 -2  1  6 -4  0  2 -1 -1 -3 -4 -1 -3 -4 -2  0 -1 -5 -3 -3    0   0   0 100   0   0   0   0   0   0   0   0   0   0   0   0   0   0   0   0  0.97 inf
  312 N   -2 -1  6  3 -3  0  0 -1  0 -3 -4  0 -2 -3 -2  0  0 -4 -2 -3    0   0  86  14   0   0   0   0   0   0   0   0   0   0   0   0   0   0   0   0  0.70 inf
  313 L   -2 -2 -4 -4 -1 -2 -3 -4 -3  3  4 -3  2  0 -3 -3 -1 -2 -1  1    0   0   0   0   0   0   0   0   0  24  76   0   0   0   0   0   0   0   0   0  0.41 inf
  314 L   -1 -2 -3 -4 -1 -2 -3 -4 -3  2  3 -3  2  3 -3 -2 -1 -1  0  1    0   0   0   0   0   0   0   0   0   0  68   0   0  18   0   0   0   0   0  14  0.36 inf
  315 V    0 -2 -2 -3 -1 -2 -2 -3 -3  2  0 -2  0 -1 -2  0  0 -3 -1  4    0   0   0   0   0   0   0   0   0   0   0   0   0   0   0  14   0   0   0  86  0.27 inf
  316 R   -1  5 -1 -2 -3  0 -1 -3 -1  0  0  1  3 -2 -2 -1 -1 -2 -2  0    0  62   0   0   0   0   0   0   0  14   0   0  24   0   0   0   0   0   0   0  0.35 inf
  317 G    0 -2  3 -1 -3 -1 -2  5 -1 -4 -4 -1 -3 -3 -2  0 -1 -3 -3 -3    0   0  24   0   0   0   0  76   0   0   0   0   0   0   0   0   0   0   0   0  0.79 inf
  318 A    2 -1  0 -1 -1  0  0  0 -1 -2 -2  0 -1 -2 -1  4  1 -3 -2 -1   29   0   0   0   0   0   0   0   0   0   0   0   0   0   0  71   0   0   0   0  0.39 inf
  319 L   -2 -2 -4 -4 -1 -2 -3 -4 -3  2  4 -3  2  0 -3 -3 -1 -2 -1  1    0   0   0   0   0   0   0   0   0   0 100   0   0   0   0   0   0   0   0   0  0.48 inf
  320 G    0 -2 -1 -1 -3 -2 -2  6 -2 -4 -4 -2 -3 -3 -2  0 -2 -3 -3 -3    0   0   0   0   0   0   0 100   0   0   0   0   0   0   0   0   0   0   0   0  1.07 inf
  321 V    0 -3 -3 -3 -1 -2 -3 -3 -3  3  1 -2  1 -1 -3 -2  0 -3 -1  4    0   0   0   0   0   0   0   0   0   0   0   0   0   0   0   0   0   0   0 100  0.38 inf
  322 G    0 -2 -1 -1 -3 -2 -2  6 -2 -4 -4 -2 -3 -3 -2  0 -2 -3 -3 -3    0   0   0   0   0   0   0 100   0   0   0   0   0   0   0   0   0   0   0   0  1.07 inf
  323 F   -2 -3 -3 -4 -2 -3 -3 -4 -2  1  2 -3  1  5 -3 -3 -2  0  2  0    0   0   0   0   0   0   0   0   0  14  31   0   0  55   0   0   0   0   0   0  0.43 inf
  324 G    0 -2 -1 -1 -3 -2 -2  6 -2 -4 -4 -2 -3 -3 -2  0 -2 -3 -3 -3    0   0   0   0   0   0   0 100   0   0   0   0   0   0   0   0   0   0   0   0  1.07 inf
  325 M   -1 -2 -2 -3 -2 -1 -2 -3 -2  1  2 -2  6  0 -3 -2 -1 -2 -1  1    0   0   0   0   0   0   0   0   0   0   0   0 100   0   0   0   0   0   0   0  0.42 inf
  326 D   -2 -2  1  6 -4  0  2 -1 -1 -3 -4 -1 -3 -4 -2  0 -1 -5 -3 -3    0   0   0 100   0   0   0   0   0   0   0   0   0   0   0   0   0   0   0   0  0.97 inf
  327 G    0 -2 -1 -1 -3 -2 -2  6 -2 -4 -4 -2 -3 -3 -2  0 -2 -3 -3 -3    0   0   0   0   0   0   0 100   0   0   0   0   0   0   0   0   0   0   0   0  1.07 inf
  328 K   -1  3  0 -1 -3  3  1 -2  0 -3 -2  4 -1 -3 -1  1  0 -3 -2 -2    0  12   0   0   0  26   0   0   0   0   0  50   0   0   0  12   0   0   0   0  0.42 inf
  329 G    0 -2 -1 -1 -3 -2 -2  6 -2 -4 -4 -2 -3 -3 -2  0 -2 -3 -3 -3    0   0   0   0   0   0   0 100   0   0   0   0   0   0   0   0   0   0   0   0  1.07 inf
  330 M   -1 -2 -2 -3 -2 -2 -2  3 -2  0  2 -2  3 -1 -3 -1 -1 -2 -2  0    0   0   0   0   0   0   0  38   0   0  33   0  29   0   0   0   0   0   0   0  0.27 inf
  331 Y   -2 -2 -2 -3 -3 -2 -2 -3  2 -1 -1 -2 -1  3 -3 -2 -2  2  7 -1    0   0   0   0   0   0   0   0   0   0   0   0   0   0   0   0   0   0 100   0  0.92 inf
  332 V    0 -3 -3 -3 -1 -2 -3 -3 -3  3  1 -2  1 -1 -3 -2  0 -3 -1  4    0   0   0   0   0   0   0   0   0   0   0   0   0   0   0   0   0   0   0 100  0.38 inf
  333 S    1 -1  1  0 -1  0  0  0 -1 -3 -3  0 -2 -3 -1  4  1 -3 -2 -2    0   0   0   0   0   0   0   0   0   0   0   0   0   0   0 100   0   0   0   0  0.48 inf
  334 N   -2 -1  6  1 -3  0  0 -1  1 -3 -4  0 -2 -3 -2  1  0 -4 -2 -3    0   0 100   0   0   0   0   0   0   0   0   0   0   0   0   0   0   0   0   0  0.77 inf
  335 I   -1 -3 -3 -3 -1 -3 -3 -4 -3  4  1 -3  1  0 -3 -2 -1 -3 -1  3    0   0   0   0   0   0   0   0   0  76   0   0   0   0   0   0   0   0   0  24  0.38 inf
  336 T    0 -1  0 -1 -1 -1 -1 -2 -2  0  0 -1  0 -2 -1  1  5 -2 -2  0    0   0   0   0   0   0   0   0   0   0  14   0   0   0   0   0  86   0   0   0  0.39 inf
  337 V    0 -2 -3 -3 -1 -2 -3 -3 -3  2  1 -2  2 -1 -3 -2  0 -3 -1  4    0   0   0   0   0   0   0   0   0   0   0   0  14   0   0   0   0   0   0  86  0.33 inf
  338 E   -1  0  0  1 -4  4  4 -2  0 -3 -3  1 -1 -3 -1  0 -1 -3 -2 -3    0   0   0   0   0  38  62   0   0   0   0   0   0   0   0   0   0   0   0   0  0.64 inf
  339 D   -2 -2  1  6 -4  0  2 -1 -1 -3 -4 -1 -3 -4 -2  0 -1 -5 -3 -3    0   0   0 100   0   0   0   0   0   0   0   0   0   0   0   0   0   0   0   0  0.97 inf
  340 C   -1 -4 -3 -4  9 -3 -4 -3 -3 -1 -1 -3 -2 -3 -3 -1 -1 -3 -3 -1    0   0   0   0 100   0   0   0   0   0   0   0   0   0   0   0   0   0   0   0  1.30 inf
  341 A    4 -2 -2 -2  0 -1 -1  0 -2 -1 -2 -1 -1 -2 -1  1  0 -3 -2  0  100   0   0   0   0   0   0   0   0   0   0   0   0   0   0   0   0   0   0   0  0.43 inf
  342 G    0 -2 -1 -1 -3 -2 -2  6 -2 -4 -4 -2 -3 -3 -2  0 -2 -3 -3 -3    0   0   0   0   0   0   0 100   0   0   0   0   0   0   0   0   0   0   0   0  1.07 inf
  343 S    2 -1  0 -1 -1  0  0  0 -1 -2 -2  0 -1 -3 -1  4  1 -3 -2 -1   24   0   0   0   0   0   0   0   0   0   0   0   0   0   0  76   0   0   0   0  0.40 inf
  344 G    0 -2 -1 -1 -3 -2 -2  6 -2 -4 -4 -2 -3 -3 -2  0 -2 -3 -3 -3    0   0   0   0   0   0   0 100   0   0   0   0   0   0   0   0   0   0   0   0  1.07 inf
  345 A    3 -2 -2 -2 -1 -1 -1  2 -2  0 -1 -1  1 -2 -1  0  0 -3 -2  0   62   0   0   0   0   0   0  14   0  12   0   0  12   0   0   0   0   0   0   0  0.22 inf
  346 Y   -2 -2 -3 -3 -2 -2 -2 -3  1  0  2 -2  0  2 -3 -2 -2  1  6  0    0   0   0   0   0   0   0   0   0   0  38   0   0   0   0   0   0   0  62   0  0.51 inf
  347 L    1 -3 -3 -3 -1 -2 -3 -2 -3  2  2 -2  0  0 -3 -1 -1  7  0  1   25   0   0   0   0   0   0   0   0  25  25   0   0   0   0   0   0  25   0   0  0.44 inf
  348 L   -2 -2 -2 -3 -2 -1 -2 -3  5  0  3 -2  1  1 -3 -2 -2 -1  3  0    0   0   0   0   0   0   0   0  29   0  54   0   0   0   0   0   0   0  17   0  0.30 inf
  349 T    2 -1  0 -1 -1 -1 -1 -1 -2 -1 -1 -1 -1 -2 -1  1  4 -3 -2  0   22   0   0   0   0   0   0   0   0   0   0   0   0   0   0   0  78   0   0   0  0.39 inf
  350 H   -2 -1 -1 -2 -3  0 -1 -3  6 -2 -2 -1 -1  3 -3 -1 -2  0  5 -2    0   0   0   0   0   0   0   0  54   0   0   0   0  14   0   0   0   0  32   0  0.61 inf
  351 E   -1 -1  3  1 -3  1  4  2  0 -4 -3  0 -2 -3 -2  0 -1 -3 -2 -3    0   0  29   0   0   0  54  17   0   0   0   0   0   0   0   0   0   0   0   0  0.47 inf
  352 S    0  3  0 -1 -2  0  0 -1 -1 -2 -2  2 -1 -3 -1  2  2 -3 -2 -2    0  29   0   0   0   0   0   0   0   0   0  17   0   0   0  32  21   0   0   0  0.32 inf
  353 V    0 -2 -2 -2 -1 -2 -2 -3 -3  2  0 -2  0 -1 -2  0  2 -3 -1  3    0   0   0   0   0   0   0   0   0   0   0   0   0   0   0   0  32   0   0  68  0.26 inf
  354 F   -2 -3 -3 -4 -3 -3 -3 -3 -1  0  0 -3  0  7 -4 -3 -2  1  3 -1    0   0   0   0   0   0   0   0   0   0   0   0   0 100   0   0   0   0   0   0  0.79 inf
  355 T    0 -1  0 -1 -1 -1 -1 -1 -2 -1 -2 -1 -1 -2 -1  3  4 -3 -2 -1    0   0   0   0   0   0   0   0   0   0   0   0   0   0   0  29  71   0   0   0  0.42 inf
  356 N   -2 -1  6  1 -3  0  0 -1  1 -3 -4  0 -2 -3 -2  1  0 -4 -2 -3    0   0 100   0   0   0   0   0   0   0   0   0   0   0   0   0   0   0   0   0  0.77 inf
  357 I   -1 -3 -3 -3 -1 -3 -3 -4 -3  4  1 -3  1  0 -3 -2 -1 -3 -1  3    0   0   0   0   0   0   0   0   0  83   0   0   0   0   0   0   0   0   0  17  0.39 inf
  358 A    3 -1 -1 -1 -1 -1 -1  0 -2 -1 -2 -1 -1 -2 -1  2  2 -3 -2  0   54   0   0   0   0   0   0   0   0   0   0   0   0   0   0  17  29   0   0   0  0.32 inf
  359 I   -1 -3 -3 -3 -1 -3 -3 -4 -3  4  1 -3  1 -1 -3 -2  0 -3 -1  3    0   0   0   0   0   0   0   0   0  54   0   0   0   0   0   0   0   0   0  46  0.37 inf
  360 I   -1 -3 -3 -3 -1 -3 -3 -4 -3  4  2 -3  1  0 -3 -3 -1 -3 -1  3    0   0   0   0   0   0   0   0   0 100   0   0   0   0   0   0   0   0   0   0  0.42 inf
  361 D   -2 -2  1  6 -4  0  2 -1 -1 -3 -4 -1 -3 -4 -2  0 -1 -5 -3 -3    0   0   0 100   0   0   0   0   0   0   0   0   0   0   0   0   0   0   0   0  0.97 inf
  362 T    0 -2 -1 -2  6 -1 -2 -2 -2 -1 -1 -1 -1 -2 -2  1  4 -3 -2  0    0   0   0   0  29   0   0   0   0   0   0   0   0   0   0   0  71   0   0   0  0.48 inf
  363 N   -2 -1  6  1 -3  0  0 -1  1 -3 -4  0 -2 -3 -2  1  0 -4 -2 -3    0   0 100   0   0   0   0   0   0   0   0   0   0   0   0   0   0   0   0   0  0.77 inf
  364 T   -1 -1 -1 -2 -1 -1 -1 -2  0 -1 -1 -1 -1  0 -2  1  4  0  4  0    0   0   0   0   0   0   0   0   0   0   0   0   0   0   0   0  71   0  29   0  0.37 inf
  365 K   -1  1 -1 -2 -2  0  0 -2 -1  0  2  3  2 -1 -2 -1 -1 -2 -2 -1    0   0   0   0   0   0   0   0   0   0  32  54  14   0   0   0   0   0   0   0  0.20 inf
  366 D   -2 -1  5  4 -3  0  1 -1  0 -3 -4  0 -3 -3 -2  0 -1 -4 -3 -3    0   0  54  46   0   0   0   0   0   0   0   0   0   0   0   0   0   0   0   0  0.68 inf
  367 F   -2 -3 -3 -4 -3 -3 -3 -3 -1  0  0 -3  0  7 -4 -3 -2  1  3 -1    0   0   0   0   0   0   0   0   0   0   0   0   0 100   0   0   0   0   0   0  0.79 inf
  368 Q   -1  0  2  3 -3  3  1 -2  0 -3 -3  0 -2 -4  4  0 -1 -3 -2 -3    0   0  17  29   0  32   0   0   0   0   0   0   0   0  21   0   0   0   0   0  0.55 inf
  369 A    4 -1 -1 -1 -1 -1 -1  0 -2 -2 -2 -1 -1 -2 -1  2  0 -3 -2 -1   71   0   0   0   0   0   0   0   0   0   0   0   0   0   0  29   0   0   0   0  0.37 inf
  370 N   -2 -1  5  4 -3  0  0 -1  0 -3 -4  0 -3 -3 -2  0  0 -4 -3 -3    0   0  71  29   0   0   0   0   0   0   0   0   0   0   0   0   0   0   0   0  0.68 inf
  371 Q   -1  1  0  0 -3  6  2 -2  0 -3 -2  1 -1 -3 -1  0 -1 -2 -2 -2    0   0   0   0   0 100   0   0   0   0   0   0   0   0   0   0   0   0   0   0  0.71 inf
  372 I   -1 -3 -3 -3 -1 -3 -3 -4 -3  4  2 -3  1  0 -3 -3 -1 -3 -1  2    0   0   0   0   0   0   0   0   0  83  17   0   0   0   0   0   0   0   0   0  0.39 inf
  373 Y   -2 -2 -3 -3 -2 -2 -3 -3  1  2  0 -2  0  2 -3 -2 -1  1  6  0    0   0   0   0   0   0   0   0   0  29   0   0   0   0   0   0   0   0  71   0  0.56 inf
  374 I   -1 -3 -3 -3 -1 -3 -3 -4 -3  4  2 -3  1  0 -3 -3 -1 -3 -1  3    0   0   0   0   0   0   0   0   0 100   0   0   0   0   0   0   0   0   0   0  0.42 inf
  375 S    0 -1  0 -1 -1  2  0 -1 -1  1 -1 -1  0  0 -2  2  0 -2 -1  0    0   0   0   0   0  17   0   0   0  29   0   0   0   7   0  47   0   0   0   0  0.13 inf
  376 G    0 -2 -1 -1 -3 -2 -2  6 -2 -4 -4 -2 -3 -3 -2  0 -2 -3 -3 -3    0   0   0   0   0   0   0 100   0   0   0   0   0   0   0   0   0   0   0   0  1.07 inf
  377 A    3 -2  0  4 -2 -1  0  0 -1 -2 -2 -1 -2 -3 -1  1 -1 -3 -2 -1   54   0   0  46   0   0   0   0   0   0   0   0   0   0   0   0   0   0   0   0  0.40 inf
  378 C   -1 -4 -3 -4  9 -3 -4 -3 -3 -1 -1 -3 -2 -3 -3 -1 -1 -3 -3 -1    0   0   0   0 100   0   0   0   0   0   0   0   0   0   0   0   0   0   0   0  1.31 inf
  379 R   -1  4 -2 -2 -2  0 -1 -3 -1  2  0  1  0 -1 -3 -2 -1 -3 -2  1    0  54   0   0   0   0   0   0   0  46   0   0   0   0   0   0   0   0   0   0  0.28 inf
  380 V    0 -3 -3 -3 -1 -2 -3 -3 -3  3  1 -2  1 -1 -3 -2  0 -3 -1  4    0   0   0   0   0   0   0   0   0   0   0   0   0   0   0   0   0   0   0 100  0.38 inf
  381 N   -2 -1  6  1 -3  0  0 -1  1 -3 -4  0 -2 -3 -2  1  0 -4 -2 -3    0   0 100   0   0   0   0   0   0   0   0   0   0   0   0   0   0   0   0   0  0.77 inf
  382 G    0 -2 -1 -1 -3 -2 -2  6 -2 -4 -4 -2 -3 -3 -2  0 -2 -3 -3 -3    0   0   0   0   0   0   0 100   0   0   0   0   0   0   0   0   0   0   0   0  1.07 inf
  383 L   -2 -3 -4 -4 -1 -2 -3 -4 -3  3  4 -3  2  0 -3 -3 -1 -2 -1  1    0   0   0   0   0   0   0   0   0  28  72   0   0   0   0   0   0   0   0   0  0.41 inf
  384 R   -2  6 -1 -2 -4  1  0 -3  0 -3 -2  2 -2 -3 -2 -1 -1 -3 -2 -3    0 100   0   0   0   0   0   0   0   0   0   0   0   0   0   0   0   0   0   0  0.79 inf
  385 L    1 -2 -3 -3 -1 -2 -2 -2 -3  1  3 -2  1  0 -2 -1 -1 -2 -1  1   28   0   0   0   0   0   0   0   0   0  72   0   0   0   0   0   0   0   0   0  0.27 inf
  386 I    2 -2 -3 -3 -1 -2 -2 -2 -3  3  1 -2  0 -1 -2 -1  0 -3 -1  3   28   0   0   0   0   0   0   0   0  29   0   0   0   0   0   0   0   0   0  43  0.22 inf
  387 G    0 -2 -1 -1 -3 -2 -2  6 -2 -4 -4 -2 -3 -3 -2  0 -2 -3 -3 -3    0   0   0   0   0   0   0 100   0   0   0   0   0   0   0   0   0   0   0   0  1.07 inf
  388 I   -1 -3 -3 -3 -1 -3 -3 -4 -3  4  2 -3  1  0 -3 -3 -1 -3 -1  3    0   0   0   0   0   0   0   0   0 100   0   0   0   0   0   0   0   0   0   0  0.43 inf
  389 R   -1  5  0 -1 -3  1  0 -2 -1 -3 -2  4 -1 -3 -2 -1 -1 -3 -2 -3    0  55   0   0   0   0   0   0   0   0   0  45   0   0   0   0   0   0   0   0  0.59 inf
  390 S    0 -1  2  0 -2  0  0 -1 -1 -3 -3  0 -2 -3  4  3  1 -3 -2 -2    0   0  15   0   0   0   0   0   0   0   0   0   0   0  30  55   0   0   0   0  0.59 inf
  391 S    0 -1  0 -1 -1  1  0  1 -1 -1 -2  0 -1 -3 -1  1  4 -3 -2 -1    0   0   0   0   0  13   0  15   0   0   0   0   0   0   0   6  66   0   0   0  0.33 inf
  392 L   -1 -2 -3 -4 -1 -2 -3 -4 -3  1  4 -2  4  0 -3 -2 -1 -2 -1  1    0   0   0   0   0   0   0   0   0   0  68   0  32   0   0   0   0   0   0   0  0.39 inf
  393 T   -1 -2 -1 -2 -1  0 -1 -2 -2  2  0 -1  0 -1 -2  0  3 -3 -2  2    0   0   0   0   0   7   0   0   0  30   0   0   0   0   0   0  48   0   0  15  0.21 inf
  394 I   -1 -3 -3 -3 -1 -3 -3 -4 -3  4  1 -3  1  0 -3 -2 -1 -3 -1  3    0   0   0   0   0   0   0   0   0  76   0   0   0   0   0   0   0   0   0  24  0.38 inf
  395 D   -1 -1  1  5 -3  0  1 -1 -1 -3 -3 -1 -3 -3 -1  2  0 -4 -3 -3    0   0   0  72   0   0   0   0   0   0   0   0   0   0   0  28   0   0   0   0  0.66 inf
  396 A    4 -2 -2 -2  0 -1 -1  0 -2 -1 -2 -1 -1 -2 -1  1  0 -3 -2  0  100   0   0   0   0   0   0   0   0   0   0   0   0   0   0   0   0   0   0   0  0.43 inf
  397 P   -1 -2 -2 -2 -3 -1 -1 -2 -2 -3 -3 -1 -3 -4  8 -1 -1 -4 -3 -3    0   0   0   0   0   0   0   0   0   0   0   0   0   0 100   0   0   0   0   0  2.08 inf
  398 N   -2  0  6  1 -3  0  0 -1  4 -3 -4  0 -2 -3 -2  0  0 -4 -1 -3    0   0  80   0   0   0   0   0  20   0   0   0   0   0   0   0   0   0   0   0  0.65 inf
  399 S    1 -1  0  0 -1  0  0 -1 -1 -2 -2  0 -1 -3 -1  4  2 -3 -2 -1    0   0   0   0   0   0   0   0   0   0   0   0   0   0   0  83  17   0   0   0  0.43 inf
  400 T    0 -1  0 -1 -1 -1 -1 -2 -2 -1 -1 -1 -1 -2 -1  1  5 -3 -2  0    0   0   0   0   0   0   0   0   0   0   0   0   0   0   0   0 100   0   0   0  0.51 inf
  401 V   -1 -3 -3 -3 -1 -3 -3 -4 -3  3  2 -3  1  0 -3 -2  0 -3 -1  3    0   0   0   0   0   0   0   0   0  32  13   0   0   0   0   0   0   0   0  55  0.34 inf
  402 S    1 -1  1  0 -1  0  0  0 -1 -3 -3  0 -2 -3 -1  4  1 -3 -2 -2    0   0   0   0   0   0   0   0   0   0   0   0   0   0   0 100   0   0   0   0  0.48 inf
  403 G    0 -2 -1 -1 -3 -2 -2  6 -2 -4 -4 -2 -3 -3 -2  0 -2 -3 -3 -3    0   0   0   0   0   0   0 100   0   0   0   0   0   0   0   0   0   0   0   0  1.07 inf
  404 I   -1 -3 -3 -3 -1 -3 -3 -4 -3  4  2 -3  1  0 -3 -3 -1 -3 -1  2    0   0   0   0   0   0   0   0   0  85  15   0   0   0   0   0   0   0   0   0  0.39 inf
  405 T    0 -2 -1 -2 -1 -1 -1 -2 -2  1 -1 -1  0 -2 -2  1  4 -3 -2  2    0   0   0   0   0   0   0   0   0   0   0   0   0   0   0   0  72   0   0  28  0.33 inf
  406 G    0 -2 -1 -1 -3 -2 -2  6 -2 -4 -4 -2 -3 -3 -2  0 -2 -3 -3 -3    0   0   0   0   0   0   0 100   0   0   0   0   0   0   0   0   0   0   0   0  1.07 inf
  407 M   -2 -1  4  0 -2 -1 -1 -2 -1  0  1 -1  3  2 -3 -1 -1 -2  0 -1    0   0  45   0   0   0   0   0   0   0  13   0  29  13   0   0   0   0   0   0  0.21 inf
  408 V    0 -3 -3 -3 -1 -2 -3 -3 -3  3  1 -2  1 -1 -3 -2  0 -3 -1  4    0   0   0   0   0   0   0   0   0   0   0   0   0   0   0   0   0   0   0 100  0.38 inf
  409 D   -2 -2  1  5 -4 -1  1 -2 -2 -3 -4 -1 -3 -4  4  0 -1 -4 -3 -3    0   0   0  72   0   0   0   0   0   0   0   0   0   0  28   0   0   0   0   0  0.90 inf
  410 P    0 -2 -1 -1 -3 -1 -1 -2 -2 -3 -3 -1 -2 -4  7  1 -1 -4 -3 -2    0   0   0   0   0   0   0   0   0   0   0   0   0   0  83  17   0   0   0   0  1.61 inf
  411 S    1 -1  1  3 -2  0  0 -1 -1 -3 -3  0 -2 -3 -1  4  1 -3 -2 -2    0   0   0  28   0   0   0   0   0   0   0   0   0   0   0  72   0   0   0   0  0.43 inf
  412 R   -1  6  0 -2 -4  1  0 -2  0 -3 -2  3 -2 -3 -2 -1 -1 -3 -2 -3    0  85   0   0   0   0   0   0   0   0   0  15   0   0   0   0   0   0   0   0  0.71 inf
  413 I   -1 -3 -3 -3 -1 -3 -3 -4 -3  4  1 -3  1  0 -3 -2 -1 -3 -1  3    0   0   0   0   0   0   0   0   0  83   0   0   0   0   0   0   0   0   0  17  0.39 inf
  414 N   -2 -1  5  1 -2 -1 -1 -1  0 -1  1 -1  0 -2 -2  0  0 -3 -2 -1    0   0  72   0   0   0   0   0   0   0  28   0   0   0   0   0   0   0   0   0  0.39 inf
  415 V    2 -2 -3 -3 -1 -2 -2 -2 -3  2  0 -2  0 -1 -2 -1  0 -3 -1  3   30   0   0   0   0   0   0   0   0   0   0   0   0   0   0   0   0   0   0  70  0.24 inf
  416 A    4 -2 -1 -2 -1 -1 -1  3 -2 -2 -2 -1 -1 -3 -1  1  0 -3 -2 -1   72   0   0   0   0   0   0  28   0   0   0   0   0   0   0   0   0   0   0   0  0.42 inf
  417 N   -2 -1  6  1 -3  0  0 -1  1 -3 -4  0 -2 -3 -2  1  0 -4 -2 -3    0   0 100   0   0   0   0   0   0   0   0   0   0   0   0   0   0   0   0   0  0.77 inf
  418 L   -2 -3 -4 -4 -1 -2 -3 -4 -3  3  4 -3  2  0 -3 -3 -1 -2 -1  1    0   0   0   0   0   0   0   0   0  30  70   0   0   0   0   0   0   0   0   0  0.40 inf
  419 A    2 -2 -2 -3 -1 -1 -2 -1 -2  1  2 -2  2 -1 -2  0 -1 -2 -1  1   42   0   0   0   0   0   0   0   0  17  28   0  13   0   0   0   0   0   0   0  0.17 inf
  420 E   -1 -1  1  4 -4  1  4 -2 -1 -3 -3  0 -3 -4 -1  0 -1 -4 -3 -3    0   0   0  45   0   0  55   0   0   0   0   0   0   0   0   0   0   0   0   0  0.70 inf
  421 E   -1 -1 -1  0 -3  1  4 -2 -1 -3 -3  0 -2 -4  6 -1 -1 -3 -3 -3    0   0   0   0   0   0  55   0   0   0   0   0   0   0  45   0   0   0   0   0  0.95 inf
  422 G    0 -2 -1 -2 -2 -2 -2  4 -2  0  0 -2  2 -2 -2 -1 -1 -3 -2  1    0   0   0   0   0   0   0  55   0   0   0   0  17   0   0   0   0   0   0  28  0.37 inf
  423 L   -2 -2 -4 -4 -1 -2 -3 -4 -3  2  4 -3  2  0 -3 -3 -1 -2 -1  1    0   0   0   0   0   0   0   0   0   0 100   0   0   0   0   0   0   0   0   0  0.48 inf
  424 G    0 -2 -1 -1 -3 -2 -2  6 -2 -4 -4 -2 -3 -3 -2  0 -2 -3 -3 -3    0   0   0   0   0   0   0 100   0   0   0   0   0   0   0   0   0   0   0   0  1.07 inf
  425 N   -2  0  5  1 -3  2  0 -1  3 -3 -3  0 -2 -3 -2  0  0 -3 -1 -3    0   0  72   0   0  15   0   0  13   0   0   0   0   0   0   0   0   0   0   0  0.57 inf
  426 I    1 -2 -1 -1 -1 -1 -1 -1 -2  1  0 -1  0 -2 -1  2  2 -3 -2  1   17   0   0   0   0   0   0   0   0  29   0   0   0   0   0  34  19   0   0   0  0.17 inf
  427 R   -2  5 -1 -2 -3  1 -1 -3 -1  0 -1  2 -1 -2 -2 -1 -1 -3 -2 -1    0  83   0   0   0   0   0   0   0  17   0   0   0   0   0   0   0   0   0   0  0.53 inf
  428 A    2 -3 -3 -3 -1 -2 -2 -2 -3  3  1 -2  1 -1 -2 -1  0 -3 -2  2   29   0   0   0   0   0   0   0   0  56   0   0   0   0   0   0   0   0   0  15  0.22 inf
  429 N   -2 -1  6  1 -3  0 -1 -1  0  0 -2 -1 -2 -3 -2  0  0 -4 -2 -1    0   0  85   0   0   0   0   0   0  15   0   0   0   0   0   0   0   0   0   0  0.53 inf
  430 S    1 -1  0 -1 -1 -1 -1  3 -1 -3 -3 -1 -2 -3 -1  3  1 -3 -2 -2    0   0   0   0   0   0   0  28   0   0   0   0   0   0   0  72   0   0   0   0  0.44 inf
  431 F   -2 -3 -3 -4 -3 -3 -3 -3 -1  0  0 -3  0  6 -4 -2 -2  1  4 -1    0   0   0   0   0   0   0   0   0   0   0   0   0  83   0   0   0   0  17   0  0.73 inf
  432 G   -1 -1  4  1 -2  0 -1  3  0 -3 -3 -1 -2 -2 -2  0  0 -2 -2 -2    1   1  54   1   0   1   1  31   0   1   2   1   0   1   1   1   1   0   1   1  0.44 inf
  433 Y    0 -1  2  0 -2  2  0 -1  1 -2 -2  0 -1  0 -2  2  0  0  4 -2    0   0  20   0   0  17   0   0   0   0   0   0   0   0   0  34   0   0  29   0  0.28 inf
  434 D   -2 -2  1  6 -4  0  2 -1 -1 -3 -4 -1 -3 -4 -2  0 -1 -5 -3 -3    0   0   0 100   0   0   0   0   0   0   0   0   0   0   0   0   0   0   0   0  0.97 inf
  435 S    1 -1  0 -1 -1  0  0 -1 -1 -2 -2  0 -1 -2 -1  4  3 -3 -2 -1    0   0   0   0   0   0   0   0   0   0   0   0   0   0   0  68  32   0   0   0  0.41 inf
  436 A    4 -2 -1 -2 -1 -1 -1  2 -2 -2 -2 -1 -1 -3 -1  1  0 -3 -2 -1   83   0   0   0   0   0   0  17   0   0   0   0   0   0   0   0   0   0   0   0  0.40 inf
  437 A    3 -1 -1  0 -1  0  2  0 -1 -2 -2  0 -1 -3 -1  2  0 -3 -2 -1   55   0   0   0   0   0  28   0   0   0   0   0   0   0   0  17   0   0   0   0  0.31 inf
  438 I   -2 -3 -4 -4 -1 -2 -3 -4 -3  3  4 -3  2  0 -3 -3 -1 -2 -1  1    0   0   0   0   0   0   0   0   0  29  71   0   0   0   0   0   0   0   0   0  0.40 inf
  439 K    1  3  0  2 -2  1  0 -1 -1 -3 -3  3 -2 -3 -1  1  0 -3 -2 -2   15  26   0  17   0   0   0   0   0   0   0  29   0   0   0  13   0   0   0   0  0.30 inf
  440 L   -2 -3 -3 -4 -2 -3 -3 -4 -3  2  3 -3  2  3 -3 -3 -1 -1  0  1    0   0   0   0   0   0   0   0   0  17  63   0   0  20   0   0   0   0   0   0  0.36 inf
  441 R   -2  6 -1 -2 -4  1  0 -3  0 -3 -2  2 -2 -3 -2 -1 -1 -3 -2 -3    0 100   0   0   0   0   0   0   0   0   0   0   0   0   0   0   0   0   0   0  0.79 inf
  442 I   -1 -3 -3 -3 -1 -3 -3 -4 -3  4  2 -3  1  0 -3 -3 -1 -3 -1  2    0   0   0   0   0   0   0   0   0  83  17   0   0   0   0   0   0   0   0   0  0.39 inf
  443 H   -2  0  2 -1 -3  0  0 -2  8 -4 -3 -1 -2 -2 -2 -1 -2 -3  1 -3    0   0  15   0   0   0   0   0  85   0   0   0   0   0   0   0   0   0   0   0  0.80 inf
  444 K   -1  2  0 -1 -3  1  1 -2 -1 -3 -3  5 -2 -3 -1  0 -1 -3 -2 -2    0   0   0   0   0   0   0   0   0   0   0 100   0   0   0   0   0   0   0   0  0.55 inf
  445 L   -2 -2 -4 -4 -1 -2 -3 -4 -3  2  4 -3  2  0 -3 -3 -1 -2 -1  1    0   0   0   0   0   0   0   0   0   0 100   0   0   0   0   0   0   0   0   0  0.48 inf
  446 S    1 -1  0  0 -1  0  0 -1 -1 -2 -2  0 -1 -3 -1  4  2 -3 -2 -1    0   0   0   0   0   0   0   0   0   0   0   0   0   0   0  81  19   0   0   0  0.43 inf
  447 K    1  1 -1 -1 -3  1  0 -1 -1 -3 -3  4 -2 -3  3  0 -1 -3 -2 -2   15   0   0   0   0   0   0   0   0   0   0  68   0   0  17   0   0   0   0   0  0.45 inf
  448 T    0 -1  0 -1 -1 -1 -1 -1 -2 -1 -2 -1 -1 -2 -1  2  5 -3 -2  0    0   0   0   0   0   0   0   0   0   0   0   0   0   0   0  17  83   0   0   0  0.45 inf
  449 L   -2 -2 -4 -4 -1 -2 -3 -4 -3  2  4 -3  2  0 -3 -3 -1 -2 -1  1    0   0   0   0   0   0   0   0   0   0 100   0   0   0   0   0   0   0   0   0  0.48 inf
  450 D   -2 -2  1  6 -4  0  2 -1 -1 -3 -4 -1 -3 -4 -2  0 -1 -5 -3 -3    0   0   0 100   0   0   0   0   0   0   0   0   0   0   0   0   0   0   0   0  0.97 inf
  451 S    2 -1  0 -1 -1  0  0  0 -1 -2 -2  0 -2 -3 -1  4  1 -3 -2 -1   17   0   0   0   0   0   0   0   0   0   0   0   0   0   0  83   0   0   0   0  0.42 inf
  452 G    0 -2 -1 -2 -2 -2 -2  5 -2 -2  0 -2 -1 -2 -2 -1 -2 -3 -3 -2    0   0   0   0   0   0   0  83   0   0  17   0   0   0   0   0   0   0   0   0  0.73 inf
  453 A    3 -1  0 -1 -1 -1 -1  0 -1 -2 -2 -1 -1 -2 -1  3  1 -3 -2 -1   57   0   0   0   0   0   0   0   0   0   0   0   0   0   0  43   0   0   0   0  0.36 inf
  454 L   -1 -3 -3 -4 -1 -2 -3 -4 -3  3  3 -3  2  0 -3 -2 -1 -2 -1  3    0   0   0   0   0   0   0   0   0  30  44   0   0   0   0   0   0   0   0  26  0.34 inf
  455 Y   -2  3 -1 -2 -3  0 -1 -3  1 -2 -2  2 -1  2 -2 -1 -1  1  5 -2    0  27   0   0   0   0   0   0   0   0   0  19   0   0   0   0   0   0  55   0  0.46 inf
  456 S    2 -1  0 -1 -1  0  0  0 -1 -2 -2  0 -2 -3 -1  4  1 -3 -2 -1   19   0   0   0   0   0   0   0   0   0   0   0   0   0   0  81   0   0   0   0  0.42 inf
  457 H   -2  1  0 -1 -3  0  0 -2  7 -3 -3  0 -2 -2 -2 -1  0 -3  1 -3    0   7   0   0   0   0   0   0  80   0   0   0   0   0   0   0  13   0   0   0  0.68 inf
  458 I   -1 -2 -2 -3 -1 -2 -2 -3 -3  3  2 -2  1  0 -2  0  0 -2 -1  2    0   0   0   0   0   0   0   0   0  55  27   0   0   0   0  19   0   0   0   0  0.22 inf
  459 N   -2 -1  6  1 -3  0  0 -1  1 -3 -4  0 -2 -3 -2  1  0 -4 -2 -3    0   0 100   0   0   0   0   0   0   0   0   0   0   0   0   0   0   0   0   0  0.78 inf
  460 G    0 -2  0 -1 -2 -1 -2  5 -2 -3 -3 -1 -2 -2 -2  0 -1 -2 -2 -2    1   1   1   1   0   1   1  83   0   1   2   1   0   1   1   1   1   0   1   1  0.75 inf
  461 G    0 -2 -1 -2 -3 -2 -2  5 -1 -3 -3 -2 -3 -1 -2 -1 -2 -1  2 -3    0   0   0   0   0   0   0  86   0   0   0   0   0   0   0   0   0   0  14   0  0.83 inf
  462 A    2 -2 -1 -1 -2 -1 -1 -1 -2 -2 -2 -1 -2 -3  6  1  0 -3 -2 -1   34   0   0   0   0   0   0   0   0   0   0   0   0   0  48  19   0   0   0   0  0.83 inf
  463 G    0 -3 -1 -1 -3 -2 -2  6 -2 -4 -4 -2 -3 -3 -2  0 -2 -3 -3 -3    0   0   0   0   0   0   0 100   0   0   0   0   0   0   0   0   0   0   0   0  1.07 inf
  464 S    1 -1  0  0 -1  0  0 -1 -1 -2 -2  0 -2 -3 -1  4  2 -3 -2 -2    0   0   0   0   0   0   0   0   0   0   0   0   0   0   0  87  13   0   0   0  0.44 inf
  465 G    0 -3 -1 -1 -3 -2 -2  6 -2 -4 -4 -2 -3 -3 -2  0 -2 -3 -3 -3    0   0   0   0   0   0   0 100   0   0   0   0   0   0   0   0   0   0   0   0  1.07 inf
  466 S    1 -1  1  0 -1  0  0  0 -1 -3 -3  0 -2 -3 -1  4  1 -3 -2 -2    0   0   0   0   0   0   0   0   0   0   0   0   0   0   0 100   0   0   0   0  0.48 inf
  467 A    4 -2 -2 -2  0 -1 -1  0 -2 -1 -2 -1 -1 -2 -1  1  0 -3 -2  0  100   0   0   0   0   0   0   0   0   0   0   0   0   0   0   0   0   0   0   0  0.43 inf
  468 Y   -3 -3 -3 -4 -3 -2 -3 -3 -1 -2 -2 -3 -1  2 -4 -3 -2 10  4 -3    0   0   0   0   0   0   0   0   0   0   0   0   0   0   0   0   0  74  26   0  1.79 inf
  469 T    0 -2  0 -2  5 -1 -1 -2 -2 -1 -1 -1 -1 -2 -1  1  4 -3 -2  0    0   0   0   0  19   0   0   0   0   0   0   0   0   0   0   0  81   0   0   0  0.45 inf
  470 Q    0  0  0  1 -3  3  4 -2  0 -3 -3  1 -2 -3 -1  1  0 -3 -2 -2    0   0   0   0   0  26  55   0   0   0   0   0   0   0   0  19   0   0   0   0  0.52 inf
  471 L   -1 -2 -3 -4 -1 -2 -3 -4 -3  2  3 -2  3  0 -3 -2 -1 -2 -1  2    0   0   0   0   0   0   0   0   0  22  59   0  13   0   0   0   0   0   0   7  0.36 inf
  472 T    0 -1  0 -1 -1 -1 -1  2 -2 -1 -2 -1 -1 -2 -1  1  4 -3 -2 -1    0   0   0   0   0   0   0  19   0   0   0   0   0   0   0   0  81   0   0   0  0.41 inf
  473 A    4 -2 -2 -2  0 -1 -1  0 -2 -1 -2 -1 -1 -2 -1  1  0 -3 -2  0  100   0   0   0   0   0   0   0   0   0   0   0   0   0   0   0   0   0   0   0  0.43 inf
  474 I    1 -3 -3 -3 -1 -2 -3 -3 -3  4  2 -2  1  0 -2 -1 -1 -3 -1  2   19   0   0   0   0   0   0   0   0  67  14   0   0   0   0   0   0   0   0   0  0.25 inf
  475 S    1 -1  0  0 -1  0  0  0 -1 -2 -3  0 -2 -3 -1  4  1 -3 -2 -2    7   0   0   0   0   0   0   0   0   0   0   0   0   0   0  93   0   0   0   0  0.45 inf
  476 G    0 -3 -1 -1 -3 -2 -2  6 -2 -4 -4 -2 -3 -3 -2  0 -2 -3 -3 -3    0   0   0   0   0   0   0 100   0   0   0   0   0   0   0   0   0   0   0   0  1.07 inf
  477 S    1 -1  1  0 -1  0  0  0 -1 -3 -3  0 -2 -3 -1  4  1 -3 -2 -2    0   0   0   0   0   0   0   0   0   0   0   0   0   0   0 100   0   0   0   0  0.48 inf
  478 T    1 -2 -1 -2 -1 -1 -1 -2 -2  1  1 -1  0 -1 -2  1  3 -2 -2  1   13   0   0   0   0   0   0   0   0   0  21   0   0   0   0   7  40   0   0  19  0.18 inf
  479 P    0 -2 -1 -1 -3 -1 -1 -2 -2 -3 -3 -1 -2 -4  7  1 -1 -4 -3 -2    0   0   0   0   0   0   0   0   0   0   0   0   0   0  81  19   0   0   0   0  1.58 inf
  480 D   -2 -1  3  5 -3  0  1 -1 -1 -3 -4 -1 -3 -4 -2  0 -1 -4 -3 -3    0   0  27  73   0   0   0   0   0   0   0   0   0   0   0   0   0   0   0   0  0.78 inf
  481 A    4 -2 -2 -2 -1 -1 -1  0 -2  0 -1 -1 -1 -2 -1  1  0 -3 -2  1   81   0   0   0   0   0   0   0   0   0   0   0   0   0   0   0   0   0   0  19  0.31 inf
  482 V    0 -3 -3 -3 -1 -2 -3 -3 -3  3  1 -2  1 -1 -3 -2  0 -3 -1  4    0   0   0   0   0   0   0   0   0   0   0   0   0   0   0   0   0   0   0 100  0.38 inf
  483 S    1 -1  1  0 -1  0  0  0 -1 -3 -3  0 -2 -3 -1  4  1 -3 -2 -2    0   0   0   0   0   0   0   0   0   0   0   0   0   0   0 100   0   0   0   0  0.48 inf
  484 L   -2 -2 -4 -4 -1 -2 -3 -4 -3  2  4 -3  2  0 -3 -3 -1 -2 -1  1    0   0   0   0   0   0   0   0   0  17  83   0   0   0   0   0   0   0   0   0  0.43 inf
  485 K   -1  2  0 -1 -3  1  1 -2 -1 -3 -3  5 -1 -3 -1  0 -1 -3 -2 -2    0   0   0   0   0   0   0   0   0   0   0 100   0   0   0   0   0   0   0   0  0.55 inf
  486 V   -1 -3 -3 -3 -1 -3 -3 -4 -3  3  1 -3  1 -1 -3 -2  0 -3 -1  4    0   0   0   0   0   0   0   0   0  41   0   0   0   0   0   0   0   0   0  59  0.36 inf
  487 N   -2 -1  6  1 -3  0  0 -1  1 -3 -4  0 -2 -3 -2  1  0 -4 -2 -3    0   0 100   0   0   0   0   0   0   0   0   0   0   0   0   0   0   0   0   0  0.77 inf
  488 H   -2  4  0 -2 -3  1  0 -3  5 -3 -2  1 -1  0 -2 -1 -1 -1  3 -3    0  56   0   0   0   0   0   0  27   0   0   0   0   0   0   0   0   0  17   0  0.49 inf
  489 K    0  0  0 -1 -2 -1 -1  4 -2 -3 -3  2 -2 -3 -2  0  1 -3 -3 -2    0   0   0   0   0   0   0  56   0   0   0  27   0   0   0   0  17   0   0   0  0.48 inf
  490 D   -2 -2  1  6 -4  0  2 -1 -1 -3 -4 -1 -3 -4 -2  0 -1 -5 -3 -3    0   0   0 100   0   0   0   0   0   0   0   0   0   0   0   0   0   0   0   0  0.97 inf
  491 C   -1 -2  1 -2  5 -2 -2 -2  0 -1 -1 -2 -1  3 -3 -1 -1  1  5 -1    0   0  17   0  27   0   0   0   0   0   0   0   0  14   0   0   0   0  42   0  0.44 inf
  492 R   -1  5  0 -1 -4  1  0 -2  0 -3 -2  3 -1 -3 -2 -1 -1 -3 -2 -3    0  71   0   0   0   0   0   0   0   0   0  29   0   0   0   0   0   0   0   0  0.64 inf
  493 G    3 -2 -1 -2 -1 -1 -1  3 -2 -2 -2 -1 -1 -3 -1  1  1 -3 -2 -1   58   0   0   0   0   0   0  27   0   0   0   0   0   0   0   0  15   0   0   0  0.35 inf
  494 A    3 -2 -1 -2 -1 -1 -1 -1 -2  0 -1 -1  0 -2 -1  1  2 -3 -2  2   44   0   0   0   0   0   0   0   0   0   0   0   0   0   0   0  29   0   0  27  0.21 inf
  495 E   -1  0  0  2 -4  2  5 -2  0 -3 -3  1 -2 -3 -1  0 -1 -3 -2 -3    0   0   0   0   0   0 100   0   0   0   0   0   0   0   0   0   0   0   0   0  0.77 inf
  496 I   -1 -3 -3 -3 -1 -3 -3 -4 -3  4  2 -3  1  0 -3 -3 -1 -3 -1  3    0   0   0   0   0   0   0   0   0 100   0   0   0   0   0   0   0   0   0   0  0.42 inf
  497 P   -1 -2 -2 -2 -3 -1 -1 -2 -2 -3 -3 -1 -3 -4  8 -1 -1 -4 -3 -3    0   0   0   0   0   0   0   0   0   0   0   0   0   0 100   0   0   0   0   0  2.07 inf
  498 F   -1 -3 -3 -4 -2 -3 -3 -3 -2  2  1 -3  0  4 -3 -2 -1 -1  1  2    0   0   0   0   0   0   0   0   0  15   0   0   0  44   0   0   0   0   0  41  0.34 inf
  499 V    3 -2 -1 -2 -1 -1 -1 -1 -2  0 -1 -1 -1 -2 -1  2  0 -3 -2  1   41   0   0   0   0   0   0   0   0   0   0   0   0   0   0  32   0   0   0  27  0.21 inf
  500 P   -1 -2 -2 -2 -2 -1 -2  1 -2 -1 -1 -1  2 -2  6 -1 -1 -3 -2 -1    0   0   0   0   0   0   0  15   0   0   0   0  27   0  58   0   0   0   0   0  0.94 inf
  501 D    0 -2  0  3 -2 -1  0 -2 -2  0 -1 -1 -1 -2 -1  2  3 -3 -2  0    0   0   0  27   0   0   0   0   0  17   0   0   0   0   0  18  38   0   0   0  0.24 inf
  502 I    1 -3 -3 -3 -1 -2 -2 -2 -3  3  1 -2  1 -1 -2 -1  0 -3 -1  3   18   0   0   0   0   0   0   0   0  27   0   0   0   0   0   0   0   0   0  55  0.25 inf
  503 A    1 -2 -3 -3 -1 -2 -2 -2 -3  1  3 -2  1  0 -2 -1 -1 -2 -1  1   27   0   0   0   0   0   0   0   0   0  56   0   0   0   0   0   0   0   0  17  0.22 inf
  504 S    0 -2 -1 -1 -2 -1 -1 -1 -2 -3 -3 -1 -2 -3  6  2  0 -3 -2 -2    0   0   0   0   0   0   0   0   0   0   0   0   0   0  56  44   0   0   0   0  1.03 inf
  505 D   -2 -2  1  6 -4  0  2 -1 -1 -3 -4 -1 -3 -4 -2  0 -1 -5 -3 -3    0   0   0 100   0   0   0   0   0   0   0   0   0   0   0   0   0   0   0   0  0.97 inf
  506 D   -1 -1  3  3 -3  0  3  2  0 -3 -4  0 -3 -3 -2  0 -1 -4 -3 -3    0   0  27  27   0   0  29  17   0   0   0   0   0   0   0   0   0   0   0   0  0.47 inf
  507 F    3 -2 -2 -2 -1 -2 -2  2 -2 -1 -1 -1 -1  3 -2  0 -1 -1  0 -1   58   0   0   0   0   0   0  15   0   0   0   0   0  27   0   0   0   0   0   0  0.25 inf
  508 I   -1 -3 -3 -3 -1 -3 -3 -4 -3  3  1 -3  1 -1 -3 -2  0 -3 -1  4    0   0   0   0   0   0   0   0   0  27   0   0   0   0   0   0   0   0   0  73  0.36 inf
  509 K   -1  4 -1 -1 -3  1  0 -2 -1 -2  0  3 -1 -2 -2 -1 -1 -3 -2 -2    0  41   0   0   0   0   0   0   0   0  15  44   0   0   0   0   0   0   0   0  0.39 inf
  510 D   -2 -2  1  6 -4  0  2 -1 -1 -3 -4 -1 -3 -4 -2  0 -1 -5 -3 -3    0   0   0 100   0   0   0   0   0   0   0   0   0   0   0   0   0   0   0   0  0.97 inf
  511 S   -1 -1  3  0 -2  0 -1 -1  3  1 -1 -1 -1 -2 -2  2  0 -3 -1  0    0   0  35   0   0   0   0   0  14  24   0   0   0   0   0  27   0   0   0   0  0.20 inf
  512 S    1 -1  2  0 -2 -1 -1  3 -1 -3 -3 -1 -2 -3 -1  3  1 -3 -2 -2    0   0  15   0   0   0   0  27   0   0   0   0   0   0   0  58   0   0   0   0  0.41 inf
  513 C    0 -2 -1 -2  7 -1 -1 -1 -2 -2 -2 -1 -1 -3 -2  2  2 -3 -2 -1    0   0   0   0  44   0   0   0   0   0   0   0   0   0   0  41  15   0   0   0  0.51 inf
  514 F   -2 -3 -3 -3 -2 -3 -3 -3 -2  3  1 -3  2  4 -3 -2 -1  0  1  1    0   0   0   0   0   0   0   0   0  41   0   0  15  44   0   0   0   0   0   0  0.35 inf
  515 L    1 -2 -1 -2 -1 -1 -1 -1 -2  0  1 -1  0 -1 -2  2  0 -3 -2  1   14   0   0   0   0   0   0   0   0   0  27   0   0   0   0  42   0   0   0  17  0.14 inf
  516 P   -1 -2 -3 -3 -2 -2 -2 -3 -3  0  2 -2  2 -1  5 -2 -1 -2 -2  0    0   0   0   0   0   0   0   0   0   0  47   0   9   0  44   0   0   0   0   0  0.70 inf
  517 Y   -2 -2 -2 -3 -3 -2 -2 -3  2 -1 -1 -2 -1  3 -3 -2 -2  2  7 -1    0   0   0   0   0   0   0   0   0   0   0   0   0   0   0   0   0   0 100   0  0.92 inf
  518 W   -2 -3 -4 -4 -2 -2 -3 -3 -3  0  2 -3  1  2 -4 -3 -2  9  1 -1    0   0   0   0   0   0   0   0   0   0  42   0   0  14   0   0   0  44   0   0  0.92 inf
  519 E   -1 -1  0  4 -4  1  5 -2  0 -3 -3  0 -2 -4 -1  0 -1 -3 -2 -3    0   0   0  29   0   0  71   0   0   0   0   0   0   0   0   0   0   0   0   0  0.69 inf
  520 N   -1  0  3  0 -2  2  2  3  0 -3 -3  0 -2 -3 -1  0 -1 -2 -2 -2    1   1  27   1   0  14  18  29   0   1   1   1   0   1   1   1   1   0   0   1  0.32 inf
  521 N   -1 -1  4  3 -3  0  2 -1  0 -3 -3  0 -2 -3 -1  0  0 -3 -2 -2    1   1  45  28   0   1  15   1   0   1   1   1   0   1   1   1   1   0   0   1  0.45 inf
  522 S    1  0  0  0 -1  0  0  0 -1 -1 -1  0 -1 -1  0  2  1 -1 -1 -1   19   3   3   3   1   2   4   4   1   3   5   3   1   2   3  31   3   1   2   4  0.10 inf
  523 T    0 -1  0  0 -1  0  0  2 -1 -1 -1  0 -1 -1  0  1  2 -1 -1  0    5   3   3   3   1   2   4  19   1   3   5   3   1   2   3   4  30   1   2   4  0.10 inf
  524 S    2 -1  0 -1 -1  0  0  0 -1 -2 -2  0 -1 -2 -1  4  1 -3 -2 -1   29   0   0   0   0   0   0   0   0   0   0   0   0   0   0  71   0   0   0   0  0.39 inf
  525 L   -2 -2 -4 -4 -1 -2 -3 -4 -3  2  4 -3  2  0 -3 -3 -1 -2 -1  1    0   0   0   0   0   0   0   0   0   0 100   0   0   0   0   0   0   0   0   0  0.48 inf
  526 K   -1  1 -1 -1 -3  1  0 -2 -1 -3 -2  4 -2 -1 -2 -1 -1  7  0 -3    0   0   0   0   0   0   0   0   0   0   0  71   0   0   0   0   0  29   0   0  0.67 inf
  527 A    4 -2 -2 -2  0 -1 -1  0 -2 -1 -2 -1 -1 -2 -1  1  0 -3 -2  0  100   0   0   0   0   0   0   0   0   0   0   0   0   0   0   0   0   0   0   0  0.43 inf
  528 L   -2 -2 -4 -4 -1 -2 -3 -4 -3  2  4 -3  2  0 -3 -3 -1 -2 -1  1    0   0   0   0   0   0   0   0   0   0 100   0   0   0   0   0   0   0   0   0  0.48 inf
  529 V    0 -3 -3 -3 -1 -2 -3 -3 -3  3  1 -2  1 -1 -3 -2  0 -3 -1  4    0   0   0   0   0   0   0   0   0  15   0   0   0   0   0   0   0   0   0  85  0.36 inf
  530 K   -1  4  0 -1 -3  1  1 -2 -1 -3 -3  4 -1 -3 -1  0 -1 -3 -2 -2    0  24   0   0   0   0   0   0   0   0   0  76   0   0   0   0   0   0   0   0  0.53 inf
  531 K   -1  3 -1 -1 -3  1  0 -2 -1 -2  0  4 -1 -2 -2 -1 -1 -3 -2 -2    0  27   0   0   0   0   0   0   0   0  15  58   0   0   0   0   0   0   0   0  0.37 inf
  532 P    2 -2 -2 -2 -2 -1 -1 -1 -2 -2 -2 -1 -2 -3  6  0 -1 -3 -3 -1   45   0   0   0   0   0   0   0   0   0   0   0   0   0  55   0   0   0   0   0  1.00 inf
  533 N   -2 -1  4  5 -3  0  1 -1  0 -3 -4 -1 -3 -4 -2  0 -1 -4 -3 -3    0   0  41  59   0   0   0   0   0   0   0   0   0   0   0   0   0   0   0   0  0.71 inf
  534 G    0 -2 -1 -1 -3 -2 -2  6 -2 -4 -4 -2 -3 -3 -2  0 -2 -3 -3 -3    0   0   0   0   0   0   0 100   0   0   0   0   0   0   0   0   0   0   0   0  1.07 inf
  535 E    1 -1  0  0 -2  1  2 -1 -1 -3 -3  0 -2 -3 -1  4  1 -3 -2 -2    0   0   0   0   0   0  27   0   0   0   0   0   0   0   0  73   0   0   0   0  0.41 inf
  536 L   -2 -1 -2 -3 -2 -1 -2 -3 -1  1  3  0  1  1 -3 -2 -1  0  4  0    0   0   0   0   0   0   0   0   0   0  58  15   0   0   0   0   0   0  27   0  0.25 inf
  537 V    0 -2 -1 -2 -1 -1 -2 -2 -2  1  0 -1  0 -2 -2  0  4 -3 -2  2    0   0   0   0   0   0   0   0   0   0   0   0   0   0   0   0  56   0   0  44  0.28 inf
  538 R   -2  6 -1 -2 -4  1  0 -3  0 -3 -2  2 -2 -3 -2 -1 -1 -3 -2 -3    0 100   0   0   0   0   0   0   0   0   0   0   0   0   0   0   0   0   0   0  0.79 inf
  539 L   -1 -2 -3 -4 -1 -2 -3 -4 -3  2  3 -2  4  0 -3 -2 -1 -2 -1  1    0   0   0   0   0   0   0   0   0  17  54   0  29   0   0   0   0   0   0   0  0.35 inf
  540 T    0  0  0 -1 -1  0  0 -2 -2 -1 -2  2 -1 -3 -1  1  4 -3 -2 -1    0   0   0   0   0   0   0   0   0   0   0  29   0   0   0   0  71   0   0   0  0.36 inf
  541 L   -2 -2 -4 -4 -1 -2 -3 -4 -3  2  4 -3  2  0 -3 -3 -1 -2 -1  1    0   0   0   0   0   0   0   0   0  17  83   0   0   0   0   0   0   0   0   0  0.43 inf
  542 A    4 -1 -1 -2 -1 -1 -1  0 -2 -2 -2 -1 -1 -2 -1  2  0 -3 -2  0   85   0   0   0   0   0   0   0   0   0   0   0   0   0   0  15   0   0   0   0  0.39 inf
  543 T    0 -2 -1 -2 -1 -1 -1 -2 -2  1 -1 -1  0 -2 -1  1  4 -3 -2  2    0   0   0   0   0   0   0   0   0   0   0   0   0   0   0   0  74   0   0  26  0.33 inf
  544 L   -1 -2 -3 -4 -1 -2 -3 -4 -3  2  3 -3  2  0 -3 -2 -1 -2 -1  2    0   0   0   0   0   0   0   0   0   0  66   0   0   0   0   0   0   0   0  34  0.35 inf

                      K         Lambda
Standard Ungapped    0.1362     0.3170
Standard Gapped      0.0410     0.2670
PSI Ungapped         0.1362     0.3170
PSI Gapped           0.0410     0.2670
