
Last position-specific scoring matrix computed, weighted observed percentages rounded down, information per position, and relative weight of gapless real matches to pseudocounts
           A  R  N  D  C  Q  E  G  H  I  L  K  M  F  P  S  T  W  Y  V   A   R   N   D   C   Q   E   G   H   I   L   K   M   F   P   S   T   W   Y   V
    1 M   -6 -6 -7 -8 -6 -5 -7 -7 -6 -3 -2 -6 11 -5 -7 -6 -5 -6 -6 -4    0   0   0   0   0   0   0   0   0   0   0   0 100   0   0   0   0   0   0   0  3.75 inf
    2 K   -4  3  0 -2 -6  2  2 -5  0 -6 -5  6 -4 -6 -3 -3 -4 -6 -4 -5    0  11   4   1   0   8  11   0   2   0   1  61   0   0   1   0   0   0   0   0  1.31 inf
    3 F   -4 -6 -7 -7 -5 -6 -7 -7 -5  3  2 -6 -2  8 -7 -6 -5 -3 -1  0    1   0   0   0   0   0   0   0   0  15  20   0   0  58   0   0   0   0   0   5  1.64 inf
    4 T   -2  2  0 -2 -2  0 -1 -4 -2  2 -2  1 -3 -3 -4  2  4 -3 -3  0    1  12   5   1   0   3   3   0   1  13   1   9   0   1   0  16  29   0   0   5  0.40 inf
    5 V   -1 -6 -6 -6  3 -5 -6 -6 -6  6  0 -5 -2 -1 -5 -3 -1 -5 -4  4    4   0   0   0   6   0   0   0   0  46   7   0   0   2   0   2   3   0   0  30  1.10 inf
    6 E   -1 -2  2  3 -4  2  3 -2 -1 -3 -3  0 -3 -5 -2  2  1 -5 -4 -2    5   1  12  14   0   8  22   1   1   1   2   3   0   0   2  19   7   0   0   2  0.45 inf
    7 R   -4  7  0 -5 -7  2 -3 -5 -3 -6 -6  3 -5 -6 -5 -1 -3 -6 -5 -4    1  63   4   0   0   8   0   0   0   0   0  17   0   0   0   5   1   0   0   1  1.58 inf
    8 E    1 -3  1  4 -5  0  3 -1 -3 -5 -5  0 -3 -4 -3  1 -1 -6 -5 -4   11   0   7  27   0   4  24   3   0   0   0   5   0   0   0  13   4   0   0   0  0.64 inf
    9 H    1 -1  0  2 -3  1  2 -2  0  0 -1  0 -2 -2 -2  0  1 -3  0  0   14   2   4  12   0   6  12   1   3   7   4   4   0   0   1   7  10   0   5   8  0.13 inf
   10 L   -5 -6 -7 -7 -5 -6 -6 -7 -6  0  6 -6  0  5 -6 -6 -5 -4 -3 -2    0   0   0   0   0   0   0   0   0   4  69   0   1  24   0   0   0   0   0   1  1.53 inf
   11 L    1 -4 -2 -5 -4 -1 -3 -4 -4  1  4 -3  0  0 -5 -2  0 -4 -1  0   12   0   2   0   0   4   1   1   0   7  53   1   1   3   0   3   5   0   2   5  0.58 inf
   12 K   -2  1  1  2 -5  2  2 -3 -1 -5 -5  5 -4 -5 -1 -1 -1 -5 -3 -5    3   7   7  10   0   9  11   1   1   0   0  41   0   0   2   4   3   0   1   0  0.71 inf
   13 P    4 -3 -1 -3 -2  0 -1  0  0 -3 -2 -2 -3 -4  4  1 -1 -5 -3 -2   34   1   3   0   0   3   3   7   2   1   5   1   0   0  21  13   1   0   0   3  0.52 inf
   14 L   -4 -6 -7 -7 -4 -5 -6 -7 -6  1  6 -6  1 -3 -6 -5 -4 -5 -4  3    1   0   0   0   0   0   0   0   0   7  70   0   2   0   0   0   0   0   0  20  1.39 inf
   15 Q    1 -1  2 -3 -5  5 -1  1 -2 -4 -4  0 -4 -4 -3  2  0 -5 -3 -3   14   2   9   0   0  35   1  10   0   0   1   6   0   0   0  14   6   0   0   1  0.65 inf
   16 Q    0  0 -1 -1 -3  2 -2 -4  4  0  0  1 -1 -2 -3 -1  0  6  0  0    7   4   3   4   0  12   0   0  12   5   9  12   1   1   0   4   6  12   2   6  0.33 inf
   17 V    1 -5 -5 -6 -2 -5 -5 -4 -6  3 -1 -5 -1 -3 -5 -3  0 -6 -4  6   13   0   0   0   1   0   0   1   0  12   4   0   1   0   0   1   7   0   0  59  1.06 inf
   18 S    2 -2  1 -3  1  3 -2 -1  1 -1 -2 -2  0 -3 -3  2  0 -4  0 -1   18   1   6   0   4  19   0   4   4   4   4   0   3   1   1  17   6   0   3   4  0.27 inf
   19 G   -2  4  1 -3 -5 -2 -2  4 -3 -6 -4  2 -4 -5 -4  2 -2 -5 -5 -5    2  27   6   0   0   0   2  34   0   0   1  10   0   0   0  15   1   0   0   0  0.81 inf
   20 P    3 -3 -3 -5 -3 -4 -4 -1 -3  3 -1 -4 -2 -1 -2  0 -1 -5 -3  4   23   1   1   0   0   0   0   4   1  21   2   0   0   2   2   7   2   0   0  34  0.58 inf
   21 L    0 -5 -5 -6 -2 -5 -5 -6 -6  3  2 -5 -2 -3 -5 -3 -1 -5 -4  5    9   0   0   0   1   0   0   0   0  18  19   0   0   0   0   1   3   0   0  50  0.97 inf
   22 G   -1 -3  0  1 -5 -2  5 -1 -3 -5 -5 -2 -5 -6  3  2  0 -6 -5 -4    5   0   5   6   0   0  42   5   0   0   0   1   0   0  16  15   4   0   0   1  0.80 inf
   23 G   -1  5  0 -3 -5  0 -2 -1 -3 -5 -4  3 -4 -4 -1  3  0 -5 -3 -3    4  33   3   0   0   2   0   5   0   0   1  18   0   0   3  21   6   0   1   1  0.67 inf
   24 R   -4  7  1 -5 -7 -3 -3 -6 -4 -7 -5  4 -5 -7 -5 -1 -4 -7 -5 -6    1  64   6   0   0   0   0   0   0   0   0  25   0   0   0   3   0   0   0   0  1.79 inf
   25 P   -1 -3  4 -3 -5  1 -3 -3  5 -2 -4 -3 -4 -5  4  2  3 -6 -4 -3    4   0  20   0   0   7   0   0  14   3   1   0   0   0  19  13  18   0   0   1  0.76 inf
   26 T    0 -3  0 -4 -4 -3 -4 -5 -5 -2 -4 -3 -3 -6  1  1  7 -6 -5 -2    6   1   3   0   0   1   0   0   0   2   1   0   0   0   6   9  68   0   0   2  1.36 inf
   27 L   -3 -4 -1 -5 -4 -1 -5 -6 -1  4  4 -4  4  0 -5 -4 -3 -4 -3  1    1   1   3   0   0   2   0   0   2  27  40   1  12   3   0   1   0   0   0   7  0.82 inf
   28 P   -3 -6 -4 -3 -7 -2 -5 -6 -6 -7 -7 -5 -7 -3  9 -4 -3 -8 -7 -3    2   0   1   1   0   2   0   0   0   0   0   0   0   2  88   1   2   0   0   2  2.78 inf
   29 I   -4 -6 -7 -7 -5 -6 -6 -7 -7  7 -2 -6 -1 -4 -6 -3 -4 -6 -5  4    1   0   0   0   0   0   0   0   0  70   1   0   1   0   0   2   0   0   0  26  1.83 inf
   30 L   -5 -6 -7 -7  0 -6 -7 -7 -7 -1  7 -6 -1 -3 -7 -4 -4 -5 -5 -3    0   0   0   0   2   0   0   0   0   2  94   0   0   0   0   1   0   0   0   0  1.95 inf
   31 G    3 -2  0  0 -1 -1  0  2 -2 -4 -4 -2 -3 -4 -3  4  1 -5 -3 -3   24   1   4   4   1   1   6  13   1   0   0   1   0   0   0  33   9   0   1   0  0.54 inf
   32 N   -4 -4  8 -3  2 -4 -4  3  4 -7 -7 -2 -6 -7 -6 -3 -4 -7 -5 -7    1   0  64   0   4   0   0  21   8   0   0   2   0   0   0   0   0   0   0   0  1.82 inf
   33 L   -2 -5 -6 -6 -2 -5 -6 -6 -6  4  2 -5  1  2 -6 -5 -3 -5 -3  5    2   0   0   0   0   0   0   0   0  22  16   0   2   9   0   0   1   0   0  47  1.06 inf
   34 L   -5  0 -4 -6 -5 -5 -5 -7 -3 -2  6  1  0 -2 -6 -5 -4 -5 -2 -2    0   5   1   0   0   0   0   0   1   0  79  10   1   1   0   0   0   0   1   1  1.37 inf
   35 L   -4 -6 -6 -7 -4 -5 -6 -7 -6  5  4 -6  2  2 -6 -5 -4 -5 -4  1    0   0   0   0   0   0   0   0   0  36  47   0   4   7   0   0   0   0   0   6  1.23 inf
   36 Q   -2  2 -1  1 -5  2  4 -3 -2 -3 -4  2 -4 -5 -4  1  1 -5 -4 -1    1   9   2   8   0  10  34   1   0   1   1  10   0   0   0   9   9   0   0   5  0.57 inf
   37 V    5 -2 -3 -4 -3 -3 -4 -2 -4  1  0  0 -2 -4 -2 -1  0 -5 -4  2   47   1   1   1   0   0   0   2   0   7   8   5   0   0   1   2   7   0   0  18  0.58 inf
   38 A    0  0  2  2 -1  1  3 -2  0 -4 -4  2 -3 -5 -3  1  1 -5 -3 -3    6   4   8  11   1   4  21   3   2   0   1  14   0   0   0  12  12   0   1   0  0.39 inf
   39 D    0 -3  3  4 -5  0  2  3  0 -6 -5 -1 -5 -5 -2 -1 -2 -6 -4 -5    6   1  14  28   0   4  14  24   2   0   0   2   0   0   1   2   1   0   0   0  0.71 inf
   40 G   -2 -3  3  3 -5  0  1  4 -1 -6 -6 -2 -5 -6 -3  0 -1 -6 -5 -5    2   1  16  20   0   4   8  35   1   0   0   2   0   0   1   7   3   0   0   0  0.76 inf
   41 T    0  2  0 -2 -2  2  0  1 -1 -1 -1  1 -2 -2 -3  1  1 -4 -2 -1    5  12   3   1   1  12   6  13   1   5   4  10   0   1   0  10  10   0   1   4  0.16 inf
   42 L   -3 -6 -7 -7 -2 -6 -6 -7 -6  3  6 -6  0 -2 -6 -6 -2 -5 -4  2    1   0   0   0   1   0   0   0   0  14  67   0   1   0   0   0   2   0   0  13  1.33 inf
   43 S   -1  2 -1 -3 -2  0  0 -3 -1 -1 -2  1 -2 -1 -4  3  3 -3 -3  0    2  10   2   0   1   4   5   1   1   4   2  11   1   3   0  23  23   0   0   7  0.35 inf
   44 L   -3 -5 -6 -6 -1 -5 -6 -6 -6  3  4 -5  3  3 -6 -5 -4 -4 -3  2    1   0   0   0   1   0   0   0   0  18  48   0   6  14   0   0   0   0   0  12  1.04 inf
   45 T   -1  0 -2 -3 -1 -1 -3 -4 -4 -1 -1  0 -1 -3 -4  2  5 -5 -3  0    5   5   1   1   1   2   1   0   0   3   5   7   2   1   0  14  47   0   1   5  0.70 inf
   46 G    5 -3 -4 -5 -2 -4 -4  4 -5 -5 -5 -4 -5 -4 -5  0  1 -6 -3 -4   51   1   0   0   1   0   0  31   0   0   0   0   0   1   0   6   8   0   1   1  1.13 inf
   47 T   -4 -5 -2 -5 -5 -5 -5 -5 -5 -5 -3 -4 -4  3 -4  3  7 -6 -2 -4    0   0   1   0   0   0   0   0   0   0   2   1   0  11   1  18  65   0   1   0  1.57 inf
   48 D   -6 -6  3  8 -8 -5 -3 -3 -5 -8 -8 -5 -8 -8 -6 -5 -5 -9 -8 -8    0   0  11  87   0   0   0   1   0   0   0   0   0   0   0   0   0   0   0   0  2.63 inf
   49 L   -2 -4 -5 -6 -5 -5 -6 -6 -3  0  5 -5  4 -1 -3 -1 -2 -4  3 -3    2   1   0   0   0   0   0   0   1   4  65   0   9   1   1   5   2   0   9   0  1.11 inf
   50 E   -5 -4 -2  5 -7 -1  7 -6 -4 -7 -7 -2 -3 -7 -5 -3 -2 -7 -6 -7    0   0   1  27   0   2  64   0   0   0   0   2   1   0   0   1   3   0   0   0  1.76 inf
   51 M   -3 -3 -2 -6 -4 -4 -5 -6 -6  5  2 -5  3 -3 -5 -4  1 -5 -4  4    1   1   2   0   0   1   0   0   0  36  16   0   6   0   0   1   7   0   0  28  0.96 inf
   52 E    0 -3 -3 -2 -5  3  5  1 -2 -3 -5 -3 -4 -3 -4  3  0 -5 -3 -4    8   1   0   1   0  12  34   9   1   2   0   0   0   1   0  23   5   0   1   1  0.72 inf
   53 M    0 -5 -5 -6 -2 -4 -5 -5 -5  5  2 -5  3  0 -5 -3 -2 -1 -3  2    8   0   0   0   1   0   0   1   0  41  21   0   8   3   0   2   2   1   1  12  0.87 inf
   54 V   -2  2 -1 -2 -3  1  2 -4 -1  2 -2  0 -1 -2 -4  0  2 -2 -3  2    1  13   2   1   0   6  13   0   1  11   1   5   1   1   0   8  16   0   0  18  0.30 inf
   55 A    2 -2 -3  0  2 -2  1  0  1 -1 -2 -2 -2 -3 -4  1  4 -5 -2  0   20   1   0   4   5   1   9   6   4   3   3   1   0   1   0  10  27   0   1   5  0.36 inf
   56 R   -1  2  0 -1 -1  2  2 -2  2 -3 -4  1 -3 -1 -3  2  2  0  0 -2    3  10   4   2   1   9  11   2   4   1   1  10   0   3   1  17  15   1   3   2  0.29 inf
   57 V    1 -4 -5 -5  0 -3 -4 -2 -3  4  1 -3 -1 -1 -4 -2  0 -4 -1  4   14   0   0   0   2   1   0   3   0  27  13   1   1   2   0   2   5   0   2  26  0.55 inf
   58 A    1 -1  0  1 -2  0  2 -2  0 -3 -3  1 -3 -3  4  0  1 -5 -3 -2   16   2   4   8   1   4  14   1   2   1   3   8   0   1  19   5   8   0   1   3  0.35 inf
   59 L    0 -1 -1  0  1 -1 -1  0 -1  1  2 -1  0  0  0 -1 -1 -2 -1  1    6   2   3   5   4   3   5   7   2  10  25   3   2   3   4   4   3   0   1   8  0.04 inf
   60 V    4 -3 -2 -1 -1 -1  1  0 -1  0 -2 -2 -1 -3 -1  0 -1 -5 -4  1   38   0   2   3   1   2   8   8   1   6   3   1   2   1   3   7   3   0   0  11  0.33 inf
   61 Q   -1 -1  1  2 -4  2  3  0  0 -2 -3  1 -1 -4 -3  0  1 -5 -2 -2    3   1   7   9   0  10  25   6   2   2   2  10   1   0   0   8   8   0   1   3  0.34 inf
   62 P    0 -3 -1  1  0 -2 -2 -1 -2  3 -2 -2 -2 -3  0  0  0 -5 -4  4    6   0   3   9   2   1   2   5   1  15   1   2   0   1   4   7   5   0   0  35  0.34 inf
   63 H    0 -1 -1  1 -2  0  2  1  1 -1 -1  1 -2 -2 -2  0  0 -3  0 -1   10   1   2  10   0   3  18   9   4   4   6   8   0   1   1   6   5   0   5   5  0.12 inf
   64 E   -1  1 -1  1 -5  2  4 -1 -1 -2 -4  1 -3 -3 -3  0  1 -5 -4 -2    3   7   2   7   0  11  35   6   1   3   0   6   0   1   1   7   8   0   0   3  0.50 inf
   65 P    1 -3  0  2 -2 -1  4 -1 -3 -2 -4 -2 -4 -4  3  1  0 -5 -3 -3   10   1   3  12   1   2  26   5   0   3   1   2   0   0  16  11   6   0   1   2  0.47 inf
   66 G   -2 -5 -2 -5 -2 -5 -4  7 -3 -2 -5 -5 -6  0 -6 -2 -4 -6 -4 -4    3   0   2   0   1   0   1  80   1   3   1   0   0   5   0   2   1   0   1   1  1.78 inf
   67 A    2  1 -1 -2 -2  0  1 -1 -2 -2 -4  1 -1 -5 -2  3  1 -5 -4 -2   20   8   3   1   1   3   8   4   0   2   1   8   2   0   1  29   8   0   0   3  0.38 inf
   68 T   -2 -5 -5 -5  1 -5 -5 -4 -6  5  0 -5 -1  0 -5 -3  4 -5 -3  3    3   0   0   0   3   0   0   1   0  31   7   0   1   4   0   1  27   0   1  21  0.88 inf
   69 T    0 -5 -4 -5  0 -5 -5 -5 -6 -2  0 -4 -1 -5 -5 -2  7 -6 -5  2    8   0   0   0   2   0   0   0   0   1   8   1   1   0   0   1  66   0   0  11  1.42 inf
   70 V   -1 -6 -6 -6 -4 -5 -6 -6 -6  3  2 -6  0 -4 -6 -5  0 -6 -5  6    5   0   0   0   0   0   0   0   0  15  20   0   2   0   0   0   4   0   0  54  1.19 inf
   71 P   -1 -4  1 -3 -1  0 -3 -1 -2 -6 -5 -4 -3 -3  7  3 -2 -7 -3 -5    5   1   6   1   1   4   1   4   1   0   1   0   1   1  48  24   2   0   1   0  1.26 inf
   72 A    6 -5 -5 -5  1 -3 -4  2 -5 -3 -4 -4 -3 -6 -5  1 -3 -6 -4 -1   68   0   0   0   3   1   1  13   0   1   1   0   1   0   0   8   1   0   1   4  1.26 inf
   73 R   -3  6 -3 -1 -7  0 -2 -4  4 -6 -6  5 -5 -6 -5 -2 -3 -6 -3 -3    2  41   1   3   0   3   1   1   8   0   0  35   0   0   0   2   2   0   1   2  1.28 inf
   74 K   -3  0 -4 -3 -5 -3 -2 -5 -2  0  1  6  2  1 -5 -3  0 -5  0 -2    1   3   0   1   0   0   1   0   1   5  17  47   5   5   0   1   7   0   3   3  0.74 inf
   75 F   -5 -6 -7 -7 -5 -6 -7 -7 -6  0  5 -6  0  6 -7 -6 -5  0 -3 -2    0   0   0   0   0   0   0   0   0   5  63   0   2  28   0   0   0   1   0   2  1.57 inf
   76 F    1 -3 -2 -4 -2  1 -3 -2  1  0  2 -3  0  3 -3  1 -1 -3  4 -1   11   1   1   0   0   7   0   3   4   6  23   1   2  12   1  11   3   0  15   2  0.32 inf
   77 D   -5 -5  1  7 -7 -1  4 -4 -5 -7 -7 -4 -7 -8 -5 -2 -3 -8 -7 -7    0   0   5  64   0   2  24   1   0   0   0   0   0   0   0   3   1   0   0   0  1.85 inf
   78 I   -5 -7 -7 -7 -5 -7 -7 -8 -7  8 -1 -7 -1 -1 -7 -6 -1 -7 -2  0    0   0   0   0   0   0   0   0   0  86   3   0   1   2   0   0   4   0   1   3  2.24 inf
   79 C   -1 -6 -6 -6  6 -5 -6 -6 -6  2  2 -6 -1 -4 -6 -3  0 -1 -5  5    4   0   0   0  19   0   0   0   0  10  16   0   1   0   0   2   5   1   0  41  1.10 inf
   80 R   -3  7 -3 -5 -7  0 -4 -6 -3 -7 -5  5 -5 -7 -6 -2 -5 -7 -6 -6    2  58   1   0   0   3   0   0   0   0   1  31   0   0   0   3   0   0   0   0  1.79 inf
   81 G    1  1  2 -3 -4 -2  1  0 -1 -4 -3  4 -3 -5 -4  2  0 -5 -3 -3   14   6  10   0   0   0   8   5   1   0   3  26   0   0   0  19   6   0   0   1  0.46 inf
   82 L   -3 -6 -7 -7 -1 -4 -6 -7 -6  0  6 -6  2  1 -7 -1 -5 -5 -4 -2    2   0   0   0   1   1   0   0   0   3  79   0   4   5   0   5   0   0   0   1  1.52 inf
   83 P   -4 -6 -4 -2 -6 -2 -4 -4 -6 -6 -3 -4 -6 -3  8  1 -3 -7 -6 -6    1   0   1   3   0   2   1   1   0   0   2   1   0   1  77   9   1   0   0   0  2.28 inf
   84 E   -1 -3  2  5 -5  0  4 -2 -2 -5 -4 -1 -3 -5 -1  0 -1 -5 -3 -3    6   1  10  31   0   3  27   2   1   0   1   2   1   0   3   6   3   0   1   2  0.74 inf
   85 G   -1 -2  2  3 -5  2  1  4 -1 -5 -4  0 -3 -5 -3  0 -2 -5 -4 -4    5   1  10  15   0   9   7  31   1   0   2   7   0   0   1   8   1   0   0   1  0.55 inf
   86 A    3 -2 -1 -1 -1  0  0 -1 -1 -2 -2  0 -2 -3  0  3  1 -4 -3 -1   28   1   2   4   1   4   4   3   1   2   3   5   1   1   4  24   9   0   1   3  0.32 inf
   87 E   -2 -2  0  2 -4  1  3 -4 -3  0  0  0  0 -3  3 -1  0 -4 -3  0    2   1   4  10   0   7  19   0   0   7  10   5   3   1  14   3   6   0   1   7  0.27 inf
   88 I   -4 -4 -4 -5 -4 -5 -4 -6 -4  5  0 -5 -1 -2 -4 -3  1 -6 -3  5    0   1   1   0   0   0   1   0   1  36   6   0   1   1   1   2   7   0   1  42  1.14 inf
   89 A   -1 -1  0  1 -4  0  2 -3  0  0 -1  0  0  0 -3  2  2 -2  0 -1    2   2   5   7   0   4  17   1   3   5   5   6   2   5   0  15  15   0   3   5  0.18 inf
   90 V   -2 -3 -4 -4  0 -4 -2 -6 -5  3  3 -2  1  3 -5 -3 -2 -4 -3  2    3   1   0   1   2   0   4   0   0  19  35   3   2  14   0   2   2   0   0  13  0.59 inf
   91 Q    0 -1 -1  1 -4  1  3 -3 -1 -1 -2 -1 -2 -1 -3  2  2 -5 -2  0    9   2   1   6   0   5  25   1   2   3   2   3   1   3   0  15  13   0   1   7  0.31 inf
   92 L   -1 -2 -2 -2 -1  1 -1 -3  0  0  2 -1  0  1 -3 -1  1  0 -1  2    5   1   2   1   1   7   3   2   3   5  24   3   1   6   1   5  10   2   1  18  0.16 inf
   93 E   -1 -3  2  5 -3  1  3 -2  0 -4 -5  0 -4 -6 -3  0 -2 -6 -5 -4    5   0   8  35   1   6  23   2   2   1   1   6   0   0   1   7   2   0   0   1  0.79 inf
   94 G   -1 -3  4  4 -6  0  2  3 -2 -6 -6 -1 -4 -6 -3 -1 -2 -6 -5 -5    4   1  19  26   0   4  13  25   1   0   0   3   0   0   1   2   1   0   0   0  0.82 inf
   95 E   -2 -2  4  3 -4  1  1  1  2 -5 -4  0 -3 -2 -3  1  0 -5 -3 -4    3   1  23  14   0   5   9  12   4   0   1   4   0   2   1  11   6   0   1   1  0.47 inf
   96 R   -4  5 -1 -3 -6  4 -2 -5  1 -4 -4  4 -2 -2 -4 -2  0  4 -1 -3    1  30   3   1   0  16   1   0   4   1   1  24   1   2   0   2   6   5   2   2  0.83 inf
   97 M    1 -5 -5 -6  1 -5 -5 -5 -5  2  4 -5  4  0 -5 -4 -1 -1 -4  3   14   0   0   0   3   0   0   0   0  12  34   0  11   3   0   0   4   1   0  19  0.73 inf
   98 L   -1 -2  0 -1 -3  1  1 -4  2  0  1  0 -1 -2 -3  0  3 -4 -1  0    5   1   3   2   0   8   9   0   7   7  13   5   1   1   0   6  23   0   2   7  0.22 inf
   99 V   -3 -6 -7 -7 -5 -6 -7 -7 -7  6  3 -6 -1 -4 -6 -6 -4 -6 -5  4    1   0   0   0   0   0   0   0   0  51  22   0   1   0   0   0   0   0   0  25  1.50 inf
  100 R   -1  3 -2 -3 -3  1 -1 -3 -1  0 -3  3 -2 -2 -4  1  3 -5 -3  0    4  20   1   1   0   4   3   1   2   6   2  19   0   1   0  13  18   0   0   6  0.42 inf
  101 S    3 -5 -4 -5  6 -2 -4 -1 -3 -4 -5 -4 -3 -4 -5  5 -2 -3 -1 -3   22   0   0   0  19   1   0   4   0   0   1   1   0   1   0  47   1   0   2   1  1.19 inf
  102 G   -1 -4  0  1 -6 -3 -1  7 -3 -7 -5 -2 -6 -7 -4 -3 -4 -6 -7 -6    4   1   4   7   0   1   4  73   1   0   1   2   0   0   0   1   0   0   0   0  1.57 inf
  103 R   -2  5  2 -2 -1 -1 -3 -2  0 -6 -5  4 -4 -5 -3  2 -1 -6 -5 -5    3  32   9   2   1   2   0   2   3   0   0  28   0   0   1  14   4   0   0   0  0.85 inf
  104 S    2 -5 -2 -4 -3 -4 -4  1 -5 -5 -6 -4 -5 -4 -5  6 -1 -6 -1 -3   17   0   1   0   0   0   0   9   0   0   0   0   0   1   0  65   3   0   2   2  1.32 inf
  105 R   -2  5  2 -2 -2  0  1 -4  2 -3 -4  3 -4 -3 -4  0 -1 -6 -4 -3    3  37   9   1   1   3   8   0   5   1   1  17   0   1   0   8   3   0   0   2  0.73 inf
  106 F   -4 -7 -7 -8 -3 -7 -7 -8 -5 -4 -4 -7 -5  9 -8 -5 -2 -3  5 -4    1   0   0   0   1   0   0   0   0   0   0   0   0  76   0   1   3   0  16   1  2.56 inf
  107 S    0  1  3 -2 -4  1 -1 -3 -1 -1 -3  2 -3 -3 -4  2  3 -2 -2 -1    5   7  15   1   0   5   2   1   1   4   1  13   0   1   0  18  21   1   1   3  0.39 inf
  108 L   -5 -6 -7 -8 -5 -6 -7 -8 -7  3  6 -6  2 -3 -7 -6 -5 -6 -5 -1    0   0   0   0   0   0   0   0   0  15  78   0   4   0   0   0   0   0   0   3  1.73 inf
  109 S    2 -1  3 -2 -2  3 -2 -2  1 -2 -2 -1  0 -4  2  2  0 -5 -4  0   17   3  14   0   0  15   0   2   3   2   5   3   3   0   9  15   4   0   0   6  0.31 inf
  110 T   -2 -5 -2 -5  2 -4 -4  4 -3 -2 -3 -4 -2 -5 -5  0  5 -5  0  0    2   0   1   0   4   0   0  28   1   2   2   0   1   0   0   6  44   0   3   7  0.96 inf
  111 L   -2 -5 -5 -6 -5 -2 -3 -6 -6  1  5 -5  5  1 -5 -4 -3 -5 -3 -1    3   0   1   0   0   2   1   0   0   7  62   0  15   4   0   1   1   0   0   2  1.15 inf
  112 P   -1 -4  0  3 -6 -3 -2 -3 -3 -5 -7 -4 -6 -7  7  2 -4 -7 -6 -4    5   1   4  14   0   1   2   2   1   0   0   0   0   0  56  13   0   0   0   1  1.57 inf
  113 A    5 -1 -3 -2 -4 -3 -1  0 -1 -2 -3 -1 -3 -5  2  0 -2 -5 -3  1   47   3   0   2   0   0   5   6   1   2   2   4   0   0   9   7   2   0   1   9  0.55 inf
  114 A    0 -2  1  4 -5  0  5 -2 -3 -4 -4 -1 -4 -4 -4  0 -1 -6 -5 -4   10   1   7  25   0   3  35   2   0   0   1   2   0   1   0   7   3   0   0   1  0.77 inf
  115 D   -5 -5  2  7 -7 -1  4 -3 -2 -5 -7 -2 -6 -7 -5 -2 -4 -7 -5 -7    0   0  10  54   0   2  28   1   1   1   0   1   0   0   0   2   1   0   0   0  1.58 inf
  116 F   -7 -7 -7 -8 -7 -7 -8 -8 -5 -5 -4 -7 -5  9 -8 -7 -7  0  6 -6    0   0   0   0   0   0   0   0   0   0   0   0   0  71   0   0   0   1  29   0  2.80 inf
  117 P   -6 -7 -7 -7 -8 -4 -6 -7 -7 -8 -8 -6 -8 -9  9 -6 -6 -9 -8 -5    0   0   0   0   0   1   0   0   0   0   0   0   0   0  98   0   0   0   0   1  3.44 inf
  118 N    0  0  3  1 -3  1  1 -2  1 -2 -1  1 -1 -3 -1  1  1 -4 -1 -1   10   4  15   6   0   5   9   0   4   2   8   8   1   0   2   9   9   0   1   5  0.16 inf
  119 L   -3 -5 -5 -6 -4 -5 -5 -6  1  2  4 -5  4  2 -5 -3 -2 -4 -2  1    2   0   0   0   0   0   0   0   4  11  49   0  11   9   0   1   2   0   0  10  0.89 inf
  120 D   -1 -4  0  1 -5  0  2 -4 -2 -5 -5 -2 -2 -6  7 -2  1 -6 -5 -1    5   0   5   7   0   4  14   1   1   0   0   1   1   0  48   2   8   0   0   4  1.14 inf
  121 D   -2 -2  1  3 -5  0  5 -3 -1 -3 -3  1 -4 -3 -4  0 -1 -5 -4 -2    2   1   8  19   0   3  42   1   1   2   2   8   0   1   0   5   3   0   0   3  0.72 inf
  122 W   -3 -4 -4 -4 -4 -4 -5  0 -4  2  0 -4  0  4 -5 -1 -2  8  1  2    1   0   0   1   0   0   0   8   0  15   6   1   2  20   0   5   1  21   5  15  0.79 inf
  123 Q   -3 -1  2 -2 -6  4  5 -4  3 -6 -5  2 -4 -6 -4 -3 -3 -5 -4 -5    0   2   8   0   0  23  47   0   7   0   0  13   0   0   0   0   0   0   0   0  1.13 inf

                      K         Lambda
Standard Ungapped    0.1380     0.3197
Standard Gapped      0.0595     0.2670
PSI Ungapped         0.1950     0.3127
PSI Gapped           0.0595     0.2670
