
Last position-specific scoring matrix computed, weighted observed percentages rounded down, information per position, and relative weight of gapless real matches to pseudocounts
           A  R  N  D  C  Q  E  G  H  I  L  K  M  F  P  S  T  W  Y  V   A   R   N   D   C   Q   E   G   H   I   L   K   M   F   P   S   T   W   Y   V
    1 S    1 -2  0 -1 -2 -1 -1 -1 -2 -3 -4 -1 -3 -3 -2  6  1 -4 -3 -3    5   0   0   0   0   0   0   0   0   0   0   0   0   0   0  93   1   0   0   0  0.89 inf
    2 G   -1 -1  5  2 -3  0  0 -1 -1 -3 -4 -1 -3 -4 -2  2  1 -4 -3 -3    0   0  47  12   0   4   5   2   0   1   0   1   0   0   0  22   7   0   0   0  0.60 inf
    3 K   -1  2 -1 -2 -3  1 -1 -3 -2 -2 -2  5  2 -3 -2  0  2 -4 -3 -2    1  11   0   0   0   4   0   0   0   1   1  53   8   0   1   3  16   0   0   1  0.49 inf
    4 M    0 -2 -2 -3 -2  1 -1 -3 -2  1  0 -1  5 -2 -3 -1  2 -3 -2  2    6   0   1   0   0  11   2   0   0   9   3   2  30   0   0   2  20   0   0  15  0.32 inf
    5 T   -2 -1  1 -2 -3  3 -1 -3 -1 -2 -3  0 -2 -4 -3  0  5 -4 -3 -2    0   1   7   0   0  20   1   0   1   1   1   5   0   0   0   2  60   0   0   0  0.74 inf
    6 G   -2 -4 -2 -3 -4 -4 -4  7 -4 -6 -6 -3 -5 -5 -4 -2 -3 -4 -5 -5    0   0   0   0   0   0   0 100   0   0   0   0   0   0   0   0   0   0   0   0  1.89 inf
    7 I   -1 -2 -1 -2 -2 -1 -2 -3 -2  0 -1  1 -2 -3 -3  1  6 -4 -3 -1    0   1   1   0   0   2   0   0   1   5   6   9   0   0   0   7  66   0   0   2  0.67 inf
    8 V   -2 -4 -5 -5 -3 -4 -4 -5 -5  1 -1 -4 -1 -3 -4 -3 -2 -5 -3  7    0   0   0   0   0   0   0   0   0   0   0   0   0   0   0   0   0   0   0 100  1.37 inf
    9 K   -3  0 -2 -3 -5  0 -1 -3 -3 -5 -4  7 -3 -5 -3 -2 -3 -5 -4 -4    0   0   0   0   0   0   0   0   0   0   0 100   0   0   0   0   0   0   0   0  1.59 inf
   10 W   -5 -5 -6 -7 -5 -5 -5 -5 -5 -5 -4 -6 -4  0 -6 -5 -5 13  0 -5    0   0   0   0   0   0   0   0   0   0   0   0   0   2   0   0   0  98   0   0  4.02 inf
   11 F   -4 -5 -5 -6 -4 -5 -5 -5 -3 -2 -1 -5 -2  9 -6 -4 -4 -1  1 -3    0   0   0   0   0   0   0   0   0   0   0   0   0 100   0   0   0   0   0   0  2.13 inf
   12 N   -3 -2  8  1 -5 -2 -2 -2 -1 -5 -5 -2 -4 -5 -4 -1 -2 -6 -4 -5    1   0  95   4   0   0   0   0   0   0   0   1   0   0   0   1   0   0   0   0  1.80 inf
   13 A    3 -2  0  3 -3 -1  3  0 -2 -3 -3 -1 -3 -4 -1  1 -1 -4 -3 -3   36   0   3  22   0   0  24   4   0   0   0   0   0   0   2   9   0   0   0   0  0.48 inf
   14 D    1 -2 -1  2 -3  0  4 -1 -2 -3 -4  0 -3 -4 -2  2  1 -4 -3 -3   15   0   1  14   0   1  41   2   0   0   0   3   0   0   0  15  10   0   0   0  0.51 inf
   15 K   -3  0 -2 -3 -5  0 -1 -3 -3 -5 -4  7 -3 -5 -3 -2 -3 -5 -4 -4    0   0   0   0   0   0   0   0   0   0   0 100   0   0   0   0   0   0   0   0  1.59 inf
   16 G   -2 -4 -2 -3 -4 -4 -4  7 -4 -6 -6 -3 -5 -5 -4 -2 -3 -4 -5 -5    0   0   0   0   0   0   0 100   0   0   0   0   0   0   0   0   0   0   0   0  1.89 inf
   17 F   -4 -5 -5 -5 -4 -5 -5 -5 -2 -2 -1 -5 -2  8 -5 -4 -4 -1  4 -3    0   0   0   0   0   0   0   0   0   0   1   0   0  85   0   0   0   0  14   0  1.80 inf
   18 G   -2 -4 -2 -3 -4 -4 -4  7 -4 -6 -6 -3 -5 -5 -4 -2 -3 -4 -5 -5    0   0   0   0   0   0   0 100   0   0   0   0   0   0   0   0   0   0   0   0  1.89 inf
   19 F   -4 -5 -5 -6 -4 -5 -5 -5 -3 -2 -1 -5 -2  9 -6 -4 -4 -1  1 -3    0   0   0   0   0   0   0   0   0   0   0   0   0 100   0   0   0   0   0   0  2.13 inf
   20 I   -2 -5 -5 -5 -3 -5 -5 -6 -5  7  1 -4  0 -2 -5 -4 -2 -4 -3  1    1   0   0   0   0   0   0   0   0  95   3   0   0   0   0   0   0   0   0   1  1.37 inf
   21 T    1 -2 -1 -1 -2  0  3 -2 -2 -3 -3 -1 -2 -4 -2  2  5 -4 -3 -2   14   0   0   0   0   3  21   0   0   0   0   1   0   0   0  14  47   0   0   0  0.57 inf
   22 P   -2  1 -2 -3 -4  4 -1 -1 -2 -3 -3 -1 -2 -4  6 -2 -1 -4 -3  0    1  10   0   0   0  26   0   4   0   1   1   1   1   0  46   1   2   0   0   9  0.97 inf
   23 D   -1 -2  0  5 -4  0  4 -3 -2 -4 -4 -1 -4 -5 -2 -1 -1 -5 -4 -4    6   0   1  49   0   1  36   0   0   0   0   1   0   0   1   3   1   0   0   0  0.94 inf
   24 D   -1 -2  3  5 -3 -1  1  2 -1 -3 -4 -1 -3 -4 -2  0 -1 -4 -3 -3    3   1  21  39   0   2   7  15   0   1   1   1   0   0   1   7   1   0   0   1  0.58 inf
   25 G   -1 -4 -1 -2 -4 -2 -4  7 -3 -5 -5 -3 -4 -5 -4 -2 -3 -4 -5 -5    1   0   2   1   0   1   0  95   0   0   0   0   0   0   0   1   0   0   0   0  1.68 inf
   26 S    0 -2  0 -1 -2 -1 -1  5 -2 -3 -3 -1 -3 -3 -2  2 -1 -3 -3 -3    2   1   4   3   0   3   2  53   0   1   1   1   0   1   1  23   2   0   0   1  0.64 inf
   27 K    1 -1  0  2 -3  0  2 -1 -2 -3 -3  2 -2 -4  3  0 -1 -4 -3 -2   13   0   5  16   0   3  14   3   0   0   1  22   0   0  17   3   1   0   0   1  0.40 inf
   28 D   -4 -3  0  8 -5 -2  0 -3 -3 -5 -6 -3 -5 -5 -3 -2 -3 -6 -5 -5    0   0   0  98   0   0   1   0   0   0   0   0   0   0   0   0   0   0   0   0  1.93 inf
   29 V   -2 -4 -5 -5 -1 -4 -4 -5 -5  2  2 -4  0 -2 -4 -3 -2 -4 -2  6    0   0   0   0   1   0   0   0   0   3  19   0   0   0   0   0   0   0   0  76  0.89 inf
   30 F   -4 -5 -5 -6 -4 -5 -5 -5 -3 -2 -1 -5 -2  9 -6 -4 -4 -1  1 -3    0   0   0   0   0   0   0   0   0   0   0   0   0 100   0   0   0   0   0   0  2.13 inf
   31 V    3 -4 -4 -4  1 -3 -3 -3 -4  1 -1 -3 -1 -3 -3 -2 -1 -4 -3  5   31   0   0   0   3   0   0   0   0   0   0   0   0   0   0   0   0   0   0  66  0.76 inf
   32 H   -4 -2 -2 -3 -5 -2 -2 -4 10 -6 -5 -3 -4 -3 -4 -3 -4 -5  0 -6    0   0   0   0   0   0   0   0 100   0   0   0   0   0   0   0   0   0   0   0  2.72 inf
   33 F   -4 -4 -4 -5 -4 -4 -4 -5  2 -2 -1 -4 -2  8 -5 -4 -4  1  5 -3    0   0   0   0   0   0   0   0   6   0   1   0   0  73   0   0   0   1  20   0  1.55 inf
   34 S    0  0  0 -2 -3 -1 -2 -2 -2 -4 -4 -1 -3 -4 -3  6  1 -4 -3 -3    0   6   3   0   0   1   0   0   0   0   0   1   0   0   0  83   6   0   0   0  0.98 inf
   35 A    5 -2 -1 -2 -2  0  2 -1 -3 -3 -3 -1 -2 -4 -2  1 -1 -4 -3 -2   72   0   2   0   0   2  16   0   0   0   0   1   0   0   0   7   0   0   0   0  0.74 inf
   36 I   -3 -5 -5 -5 -3 -5 -5 -6 -5  7  0 -5 -1 -2 -5 -4 -2 -4 -3  1    0   0   0   0   0   0   0   0   0  99   0   0   0   0   0   0   0   0   0   1  1.49 inf
   37 Q    0  0  2  0 -4  6  0 -2 -1 -3 -3  0 -2 -4 -3  0  0 -4 -3 -1    8   4  12   2   0  54   2   0   0   0   0   1   0   0   0   4   5   0   0   5  0.66 inf
   38 N    1 -2 -1 -1 -2 -1 -1  4 -2 -2 -3 -1  1 -3 -2  3  1 -4 -3 -1    8   0   1   1   0   2   2  33   0   1   0   1   6   0   0  30  12   0   0   2  0.43 inf
   39 D   -1 -1  3  4 -4  1  3  0 -1 -4 -4 -1 -3 -4 -2  2  0 -4 -3 -3    1   2  15  31   0   3  20   5   0   0   0   1   0   0   0  18   4   0   0   0  0.54 inf
   40 G   -1 -4 -1 -1 -4 -3 -3  7 -4 -5 -5 -3 -4 -5 -4 -1 -3 -4 -5 -5    0   0   1   4   0   0   1  93   0   0   0   0   0   0   0   1   0   0   0   0  1.64 inf
   41 Y   -4 -4 -5 -5 -4 -5 -5 -5 -2 -2 -1 -5 -2  8 -5 -4 -4  0  5 -2    0   1   0   0   0   0   0   0   0   0   0   0   0  80   0   0   0   0  19   1  1.71 inf
   42 K   -2  4 -2 -2 -5  0 -1 -3 -2 -4 -4  6 -3 -5 -3 -2 -2 -5 -3 -4    1  25   0   0   0   0   0   0   0   0   0  74   0   0   0   0   0   0   0   0  1.22 inf
   43 S   -1 -2  0 -2 -2 -2 -1 -3 -3 -3 -3 -2 -2 -4 -2  4  6 -4 -3 -2    1   0   2   0   0   0   4   0   0   0   0   0   0   0   0  34  60   0   0   0  0.90 inf
   44 L   -3 -4 -5 -5 -3 -4 -5 -5 -5  0  6 -4  1 -1 -5 -4 -3 -3 -3 -1    0   0   0   0   0   0   0   0   0   0 100   0   0   0   0   0   0   0   0   0  1.26 inf
   45 D    2 -1  0  3 -3  2  3 -2 -1 -3 -3  1 -2 -2 -2  0  0 -4 -2 -2   22   1   2  18   0   8  29   0   0   0   0   9   1   1   0   2   5   0   0   1  0.38 inf
   46 E   -3 -2 -2  1 -6  0  7 -4 -2 -5 -5 -1 -4 -5 -3 -2 -3 -5 -4 -4    0   0   0   3   0   0  96   0   0   0   0   0   0   0   0   0   0   0   0   1  1.61 inf
   47 G   -1 -3  3 -2 -4 -3 -3  6 -3 -5 -5 -3 -4 -5 -4 -2 -3 -4 -4 -5    1   0  18   1   0   0   0  80   0   0   0   0   0   0   0   0   0   0   0   0  1.40 inf
   48 Q   -2 -1 -2 -1 -5  8  0 -4 -2 -5 -4 -1 -2 -5 -3 -2 -3 -4 -4 -4    1   0   0   1   0  96   2   0   0   0   0   0   0   0   0   0   0   0   0   0  1.81 inf
   49 K    0  4 -1 -1 -4  1  1 -3 -1 -4 -3  5 -2 -4 -2 -1 -1 -4 -3 -3    6  27   2   1   0   5   7   0   1   0   0  46   0   0   0   2   2   0   0   0  0.64 inf
   50 V   -2 -4 -5 -5 -3 -4 -4 -5 -5  1 -1 -4 -1 -3 -4 -3 -2 -5 -3  7    0   0   0   0   0   0   0   0   0   2   0   0   0   0   0   0   0   0   0  98  1.32 inf
   51 S   -1 -1  0  0 -3  1  4 -2 -2 -4 -4 -1 -3 -4 -2  3  1 -4 -3 -3    1   1   3   1   0   4  44   0   0   0   0   1   0   0   0  35  10   0   0   0  0.66 inf
   52 F   -4 -5 -5 -5 -4 -5 -5 -5 -3 -2 -1 -5 -1  8 -6 -4 -4 -1  3 -3    0   0   0   0   0   0   0   0   0   0   1   0   1  91   0   0   0   0   7   0  1.89 inf
   53 T   -2 -2  0  4 -4  0  4 -2 -2 -2 -4 -1 -3 -4 -2  0  1 -4 -3 -2    0   0   3  33   0   1  42   1   0   2   0   0   0   0   0   6   9   0   0   3  0.71 inf
   54 I   -1 -4 -4 -4 -2 -4 -3 -5 -4  4  0 -3  0 -2 -4 -3  0 -4 -3  5    1   0   0   0   0   0   1   0   0  36   2   0   1   0   0   1   4   0   0  54  0.77 inf
   55 E    0 -1 -1 -1 -3  1  3  0 -2 -2 -2  0 -2 -3 -2  0  3 -4 -3  1    4   0   0   0   0   5  31   9   0   0   0   6   0   0   0   2  29   0   0  14  0.34 inf
   56 S   -2  0  1  2 -4  6  3 -3 -1 -4 -4  0 -2 -4 -2  0 -1 -4 -3 -3    1   3   8  10   0  52  17   0   0   0   0   3   0   0   0   3   2   0   0   1  0.77 inf
   57 G   -1 -4 -2 -2 -4 -3 -3  7 -4 -6 -5 -3 -4 -5 -4 -1 -3 -4 -5 -5    0   0   0   1   0   0   1  96   0   0   0   0   0   0   0   2   0   0   0   0  1.73 inf
   58 A    1 -1  1  0 -4  5  0 -2 -1 -4 -4  0 -2 -4  5  0 -1 -4 -3 -3   12   0   7   5   0  36   2   0   0   0   0   4   1   0  28   3   1   0   0   0  0.72 inf
   59 K   -2  4 -2 -2 -5  0 -1 -3 -2 -4 -4  6 -3 -5 -3 -2 -2 -5 -3 -4    0  21   0   0   0   0   0   0   0   0   0  79   0   0   0   0   0   0   0   0  1.27 inf
   60 G   -2 -4 -2 -3 -4 -4 -4  7 -4 -6 -6 -3 -5 -5 -4 -2 -3 -4 -5 -5    0   0   0   0   0   0   0 100   0   0   0   0   0   0   0   0   0   0   0   0  1.89 inf
   61 P   -2 -2 -3 -3 -4 -2 -2 -4 -4 -3  0  1 -1 -4  7 -2 -3 -5 -4 -3    1   1   0   0   0   1   1   0   0   0  14   9   1   0  71   1   0   0   0   0  1.58 inf
   62 A    0 -1 -1 -2 -1  8  0 -3 -2 -5 -4  0 -2 -5 -3  0 -2 -4 -3 -4    9   1   1   0   1  82   0   0   0   0   0   1   0   0   0   5   0   0   0   0  1.37 inf
   63 A    6 -3 -3 -4 -2 -3 -3 -2 -3 -3 -3 -3 -3 -4 -3  0 -2 -4 -4 -2   99   0   0   0   0   0   0   0   0   0   0   0   0   0   0   1   0   0   0   0  1.31 inf
   64 G    3 -2 -1  0 -2  1  2 -1 -2 -2 -2 -1 -2 -3 -2  2  1 -4 -3  0   35   0   1   2   0   5  19   3   0   1   0   2   0   0   0  14  11   0   0   7  0.30 inf
   65 N   -3 -2  7  0 -4  0 -1 -1  0 -5 -5 -1 -4 -5 -4 -1 -2 -5 -4 -4    1   1  81   2   0   3   3   3   1   0   0   2   0   0   0   2   0   0   0   0  1.36 inf
   66 V   -2 -4 -5 -5 -2 -4 -4 -5 -5  4  0 -4 -1 -2 -4 -3 -2 -4 -3  6    0   0   0   0   0   0   0   0   0  31   1   0   0   0   0   0   0   0   0  68  1.02 inf
   67 T   -1  2  0 -2 -1  2 -1 -3 -2  0 -2  0 -1 -3 -3  0  3 -4 -2  2    1  15   3   0   1  11   2   0   0   4   0   5   1   0   0   4  26   0   0  26  0.26 inf
   68 S    2 -1 -2 -3 -2 -1 -2 -1 -3 -1 -2  2 -2 -3  4 -1 -1 -4 -3  1   28   2   0   0   0   0   0   2   0   3   1  22   0   0  26   2   1   0   0  12  0.49 inf
   69 L   -2 -4 -4 -5 -2 -3 -4 -5 -4  3  4 -4  2 -1 -4 -3 -2 -3 -2  2    0   0   0   0   0   0   0   0   0  22  58   0   3   0   0   0   0   0   0  17  0.71 inf

                      K         Lambda
Standard Ungapped    0.1345     0.3139
Standard Gapped      0.0612     0.2670
PSI Ungapped         0.1998     0.3133
PSI Gapped           0.0612     0.2670
