
Last position-specific scoring matrix computed, weighted observed percentages rounded down, information per position, and relative weight of gapless real matches to pseudocounts
           A  R  N  D  C  Q  E  G  H  I  L  K  M  F  P  S  T  W  Y  V   A   R   N   D   C   Q   E   G   H   I   L   K   M   F   P   S   T   W   Y   V
    1 M   -3 -4 -5 -6 -4 -3 -5 -5 -4 -1  0 -4 10 -2 -5 -4 -3 -4 -4 -2    0   0   0   0   0   0   0   0   0   0   0   0 100   0   0   0   0   0   0   0  2.47 inf
    2 I   -3 -5 -5 -5 -3 -5 -5 -6 -5  7  0 -5 -1 -2 -5 -4 -3 -5 -3  2    0   0   0   0   0   0   0   0   0  94   2   0   0   0   0   0   0   0   0   4  1.49 inf
    3 Q   -3 -1 -2 -3 -5  8  0 -4 -1 -4 -4  0 -1 -5 -4 -2 -3 -4 -3 -4    0   1   0   0   0  95   0   0   0   1   0   1   1   0   0   0   0   0   1   0  1.88 inf
    4 Q   -1 -2  0 -2 -3  4  0 -3 -1 -1 -1 -1  4 -3  3 -1  1 -4 -3  0    2   0   3   0   0  30   3   1   1   1   3   1  19   0  14   3   9   0   0   9  0.42 inf
    5 E   -3  0 -2 -1 -5  6  5 -4 -1 -4 -3 -1 -1 -1 -2 -2 -2 -4 -2 -4    0   3   0   0   0  46  42   0   0   0   2   0   1   3   1   1   0   0   1   0  1.01 inf
    6 S   -1 -3 -1 -2 -3 -2 -2 -3 -3 -3 -4 -2 -3 -4 -3  4  6 -5 -4 -2    0   0   0   0   0   0   0   0   0   0   0   0   0   0   0  45  55   0   0   0  1.07 inf
    7 R   -2  4  0 -3 -2  0 -1 -3  0  0 -1  0  2  0 -3 -2 -1 -1  3  0    0  38   6   0   1   2   2   0   1   8   2   3   7   2   0   1   3   1  16   6  0.36 inf
    8 L   -3 -4 -5 -5 -2 -4 -5 -5 -5  0  6 -4  2 -1 -5 -4 -3 -3 -3  0    0   0   0   0   0   0   0   0   0   1  94   0   3   0   0   0   0   0   0   2  1.17 inf
    9 K   -1  2  4  2 -4  1  1 -2  0 -3 -3  3 -2 -4 -2  0  0 -4 -3 -2    2   9  29  12   0   4   9   1   1   1   0  22   0   0   0   2   6   0   0   3  0.42 inf
   10 V   -1 -4 -5 -5 -3 -4 -4 -5 -5  1 -1 -4 -1 -3 -4 -3 -2 -5 -3  7    3   0   0   0   0   0   0   0   0   2   0   0   0   0   0   0   0   0   0  94  1.26 inf
   11 A    6 -3 -3 -4 -1 -3 -3 -1 -4 -3 -3 -3 -3 -4 -3 -1 -2 -5 -4 -2   96   0   0   0   1   0   0   2   0   0   0   0   0   0   0   0   1   0   0   1  1.26 inf
   12 D   -4 -4 -1  8 -3 -2  0 -3 -3 -5 -6 -3 -5 -6 -4 -2 -3 -7 -5 -5    0   0   0  99   1   0   0   0   0   0   0   0   0   0   0   0   0   0   0   0  2.04 inf
   13 N   -4 -3  8 -1 -5 -2 -2 -3 -1 -6 -6 -2 -4 -5 -4 -1 -2 -6 -4 -5    0   0 100   0   0   0   0   0   0   0   0   0   0   0   0   0   0   0   0   0  2.07 inf
   14 S   -1 -3 -1 -2 -3 -2 -2 -2 -3 -4 -4 -2 -3 -4 -3  6  4 -5 -3 -3    0   0   0   0   0   0   0   0   0   0   0   0   0   0   0  71  29   0   0   0  1.06 inf
   15 G   -2 -4 -2 -3 -5 -4 -4  7 -4 -6 -6 -4 -5 -5 -4 -2 -4 -5 -5 -5    0   0   0   0   0   0   0 100   0   0   0   0   0   0   0   0   0   0   0   0  1.95 inf
   16 A    6 -3 -3 -4 -2 -3 -3 -1 -4 -2 -3 -3 -3 -4 -3 -1 -2 -5 -4 -1   96   0   0   0   0   0   0   2   0   1   0   0   0   0   0   0   0   0   0   1  1.24 inf
   17 R   -3  6 -2 -3 -5  0 -1 -4 -2 -4 -4  6 -3 -5 -3 -2 -3 -5 -3 -4    0  45   0   0   0   1   0   0   0   0   0  54   0   0   0   0   0   0   0   1  1.20 inf
   18 E   -2  3 -1 -1 -4  1  4 -3 -1 -3 -3  4 -2 -4 -3  0 -2 -4 -3 -3    0  16   0   0   0   3  39   0   0   1   2  32   0   0   0   5   0   0   0   1  0.66 inf
   19 V    0 -4 -4 -5 -2 -3 -4 -4 -4  3  3 -4  0 -1 -4 -3 -2 -4 -2  4    6   0   0   0   0   0   0   0   0  23  30   0   0   0   0   0   0   0   0  42  0.62 inf
   20 L   -2  0 -3 -4 -2  2 -2 -3 -3 -1  3  0  7 -1 -4 -2 -2 -3 -2 -1    2   4   0   0   0  12   1   2   0   0  26   5  44   1   0   1   0   0   1   1  0.63 inf
   21 V   -2 -5 -5 -6 11 -5 -6 -5 -5 -2 -3 -5 -3 -4 -5 -3  0 -5 -4  1    1   0   0   0  82   0   0   0   0   1   0   0   0   0   0   0   5   0   0  11  2.33 inf
   22 I   -3 -5 -5 -5 -3 -5 -5 -6 -5  7  0 -5  0  0 -5 -4 -3 -4 -3  1    0   0   0   0   0   0   0   0   0  92   2   0   1   4   0   0   0   0   0   2  1.37 inf
   23 K   -3  6 -1 -3 -4  1 -1 -4  0 -5 -4  5 -3 -5 -3 -2 -2 -5 -3 -4    0  48   1   0   0   3   0   0   2   0   0  46   0   0   0   0   1   0   0   0  1.11 inf
   24 V   -2 -4 -3 -5  0 -4 -4 -5 -5  2 -1 -4 -1 -3 -4 -3 -2 -5 -3  6    0   0   2   0   1   0   0   0   0   5   0   0   0   0   0   0   0   0   0  91  1.18 inf
   25 L   -3 -3 -5 -5 -3 -4 -4 -5 -4  1  6 -4  2 -1 -5 -4 -2 -3 -3  0    0   1   0   0   0   0   0   0   0   2  91   0   3   1   0   0   1   0   0   1  1.08 inf
   26 G   -2 -4 -2 -3 -4 -4 -4  7 -4 -6 -6 -3 -5 -5 -4 -2 -3 -4 -5 -5    0   0   1   0   0   0   0  97   0   0   0   1   0   0   0   0   0   0   0   0  1.84 inf
   27 G   -1 -4 -2 -3 -4 -3 -3  7 -3 -5 -5 -2 -4 -4 -3 -1 -1 -4 -4 -4    2   0   1   0   0   0   0  87   0   0   0   1   0   0   0   4   3   0   0   0  1.45 inf
   28 S    0 -2  0 -2 -2 -1 -2  0 -1 -3 -3 -2 -3 -3 -2  5  2 -4 -3 -3    3   1   1   0   0   1   0   7   1   1   1   0   0   1   1  69  14   0   0   0  0.76 inf
   29 G   -2  3  3 -1 -3  0 -1  1  3 -3 -3  3 -2 -2 -3 -1 -1 -1  0 -2    0  16  15   1   0   2   0  12  10   0   0  31   0   1   0   1   3   1   3   3  0.38 inf
   30 R   -3  7 -2 -3 -1  0 -2 -3 -1 -4 -4  3 -2 -4 -3 -2 -3 -4 -3 -3    0  77   1   0   2   1   0   1   1   0   0  14   1   0   1   0   0   0   0   1  1.30 inf
   31 R   -3  7 -2 -2 -5  1 -1 -4 -1 -4 -3  4 -2 -4 -3 -2 -2 -4 -3 -4    0  66   0   1   0   5   1   0   0   0   1  23   1   0   0   1   1   0   0   0  1.16 inf
   32 Y   -3 -3 -4 -5 -4 -3 -4 -5  0 -2 -2 -4 -3  3 -5 -1  0  2  8 -2    0   1   0   0   0   0   0   0   0   2   1   0   0   7   0   4   7   1  75   2  1.51 inf
   33 A    6 -3 -3 -3 -2 -3 -3  2 -3 -3 -3 -2 -3 -4 -3  0 -1 -4 -4 -2   85   0   0   0   0   0   0  12   0   0   0   0   0   0   0   2   1   0   0   0  1.04 inf
   34 N    0  0  3 -1 -3  0 -1  2  2 -4 -4  0 -3 -3 -2  3  1 -4 -2 -3    3   5  21   1   0   2   0  20   6   0   0   5   0   1   0  28   9   0   0   0  0.40 inf
   35 I   -2 -4 -5 -5 -3 -4 -4 -5 -5  6  1 -4  0 -2 -4 -4 -2 -4 -3  4    0   0   0   0   0   0   0   0   0  56   9   0   0   0   0   0   0   0   0  34  0.91 inf
   36 G   -1 -4 -2 -3 -5 -4 -4  7 -4 -6 -6 -3 -5 -5 -4 -2 -3 -5 -5 -5    1   0   0   0   0   0   0  99   0   0   0   0   0   0   0   0   0   0   0   0  1.90 inf
   37 D   -4 -4  0  8 -6 -2  0 -3 -3 -5 -6 -3 -5 -6 -4 -2 -3 -7 -5 -5    0   0   1  99   0   0   0   0   0   0   0   0   0   0   0   0   0   0   0   0  2.03 inf
   38 V   -2 -2 -4 -4 -2 -2 -2 -5 -4  5  0 -1  0 -2 -4 -3  0 -4 -3  4    0   1   0   0   0   2   1   0   0  40   2   3   1   0   0   0   6   0   0  43  0.62 inf
   39 V   -3 -5 -5 -5 -3 -5 -5 -6 -5  7  0 -5  0 -1 -5 -4 -2 -4 -3  3    0   0   0   0   0   0   0   0   0  85   0   0   0   1   0   0   0   0   0  14  1.28 inf
   40 V   -2 -2 -4 -4 -3 -3 -3 -4 -3  3 -1  1  0 -2 -4 -3 -1 -4 -3  5    0   1   0   0   0   0   0   0   1  20   0  14   2   0   0   1   1   0   0  62  0.68 inf
   41 A    4 -3 -3 -4  5 -3 -3  0 -4  0 -2 -3 -2 -3 -3 -1 -1 -4 -3  3   41   0   0   0  15   0   0   6   0   3   0   0   0   0   0   0   0   0   0  35  0.58 inf
   42 T    1 -3 -1 -2 -2 -2 -2 -2 -3 -2 -3 -2 -2 -3 -2  4  3 -4 -3  2   11   0   0   0   0   0   0   0   0   0   0   0   0   0   0  49  22   0   0  17  0.57 inf
   43 V   -2 -4 -5 -5 -2 -4 -4 -5 -5  3 -1 -4 -1 -2 -4 -4 -2 -5 -3  6    0   0   0   0   0   0   0   0   0  12   0   0   0   0   0   0   0   0   0  88  1.21 inf
   44 K   -3  2 -2 -3 -5  1 -1 -4 -3 -5 -4  7 -3 -5 -3 -2 -2 -5 -4 -4    0   4   0   0   0   4   0   0   0   0   0  91   0   0   0   0   1   0   0   0  1.43 inf
   45 D   -2 -1  0  4 -4  2  4 -3 -1 -4 -4  1 -3 -5 -2  1 -1 -5 -3 -3    1   1   1  30   0   6  41   0   1   0   0   7   0   0   0  11   1   0   0   1  0.73 inf
   46 A    6 -3 -3 -4 -2 -3 -3 -1 -3 -2 -3 -3 -3 -4 -3  0 -1 -4 -4  0   91   0   0   0   0   0   0   0   0   1   0   0   0   0   0   2   1   0   0   5  1.11 inf
   47 T    0 -3 -2 -3 -2 -1 -2 -3 -2  4  1 -3  1 -2 -3  0  2 -4 -2  2    9   0   1   0   0   2   1   0   1  40  12   0   2   0   0   4  20   0   0   8  0.35 inf
   48 P   -3 -4 -4 -4 -5 -3 -3 -4 -3 -5 -5 -3 -5 -6  9 -2 -3 -6 -5 -5    1   0   0   0   0   0   0   0   1   0   0   0   0   0  97   1   0   0   0   0  2.73 inf
   49 G   -1  3  4  0 -4 -1 -1  3  1 -4 -4  0 -3 -4 -3  0  0 -4 -3 -4    1  19  30   3   0   1   1  31   3   0   0   1   0   0   0   5   5   0   0   0  0.57 inf
   50 G    1 -3 -2 -3 -1 -2 -3  5 -3 -3 -3 -2  4 -4 -3  1 -1 -4 -4 -3    9   0   0   0   1   0   0  56   0   0   0   1  16   0   0  14   3   0   0   0  0.78 inf
   51 V    0  1  2  0 -3  0 -1 -1 -2 -1 -2  2 -1 -3  2  0  0 -4 -3  1    6   9  11   5   0   1   1   3   0   1   1  22   1   0  12   8   5   0   0  14  0.20 inf
   52 V   -2 -4 -5 -5 -2 -4 -4 -5 -5  3  1 -4  0 -1 -4 -3 -1 -4 -3  6    1   0   0   0   0   0   0   0   0  14   8   0   1   1   0   0   1   0   0  74  0.92 inf
   53 K   -2  0 -2 -3 -5  0  0 -4 -1 -5 -5  7 -3 -5 -3 -2 -3 -5 -4 -4    1   0   0   0   0   0   2   0   1   0   0  95   0   0   0   0   0   0   0   0  1.48 inf
   54 K   -2  2 -1 -2 -5  0  0 -3 -2 -5 -4  7 -3 -5 -3 -2 -2 -5 -4 -4    1   7   1   0   0   0   3   0   0   0   0  87   0   0   0   0   0   0   0   0  1.33 inf
   55 G   -1 -3 -2 -3 -4 -3 -3  6 -3 -5 -5 -1 -4 -5 -3  2 -2 -4 -4 -4    1   0   0   0   0   0   0  77   0   0   0   4   0   0   0  18   0   0   0   0  1.27 inf
   56 Q    0 -2 -1  6 -4  2  3 -3 -2 -4 -4 -1 -3 -5 -3  0 -1 -5 -4 -4    7   0   0  56   0  10  18   0   0   1   0   2   0   0   0   4   2   0   0   0  0.90 inf
   57 V   -2 -4 -5 -5 -3 -4 -4 -5 -5  3 -1 -4  0 -2 -4 -3 -1 -5 -3  6    0   0   0   0   0   0   0   0   0  12   0   0   0   0   0   0   1   0   0  87  1.17 inf
   58 V   -1 -2 -3 -4  0 -2 -3 -4  0  1  0 -3  2 -1 -4 -1 -1 -1  2  5    3   2   0   0   2   1   1   0   3   2   5   0   5   0   0   6   0   1   7  61  0.47 inf
   59 K   -2  4  1 -1 -5  0 -1 -3 -1 -4 -4  5 -3 -4 -3 -1 -1 -4 -2 -4    0  28   7   2   0   1   1   0   1   0   0  57   0   0   0   1   3   0   1   0  0.88 inf
   60 A    6 -3 -3 -4  1 -3 -3 -1 -4 -3 -3 -3 -3 -4 -3 -1 -2 -4 -4 -2   95   0   0   0   2   0   0   2   0   0   0   0   0   0   0   0   0   0   0   1  1.22 inf
   61 V   -2 -4 -5 -5 -3 -4 -4 -5 -5  2  0 -4 -1 -3 -4 -4 -2 -5 -3  7    0   0   0   0   0   0   0   0   0   3   3   0   0   0   0   0   0   0   0  94  1.29 inf
   62 V   -2 -4 -5 -5 -3 -4 -4 -5 -5  5  0 -4  0 -2 -4 -4 -2 -4 -3  5    0   0   0   0   0   0   0   0   0  47   0   0   0   0   0   0   0   0   0  53  1.03 inf
   63 V   -2 -5 -5 -5 -3 -4 -4 -5 -5  1 -1 -4 -1 -3 -4 -4 -2 -5 -3  7    1   0   0   0   0   0   0   0   0   2   0   0   0   0   0   0   0   0   0  97  1.36 inf
   64 R   -4  8 -3 -4 -6 -1 -2 -5 -2 -5 -4  0 -4 -5 -4 -3 -3 -5 -4 -5    0 100   0   0   0   0   0   0   0   0   0   0   0   0   0   0   0   0   0   0  1.98 inf
   65 T   -1 -3 -2 -3 -2 -2 -3 -3 -4 -2 -3 -2 -2 -4 -3  1  7 -4 -3  0    2   0   0   0   1   1   0   0   0   0   0   0   0   0   0   7  84   0   0   6  1.18 inf
   66 K    2  3 -1 -2  0  0 -1 -2 -2 -3 -3  4 -2 -4 -2  0  0 -4 -3  0   18  18   0   0   2   0   0   0   0   0   0  42   0   0   0   6   5   0   0   8  0.46 inf
   67 R   -1  2 -1 -2 -4  1 -1 -3  1 -4 -4  6 -3 -3 -3  0 -2 -4 -1 -4    3   6   2   1   0   4   0   0   4   0   0  72   0   0   0   4   1   0   2   0  0.89 inf
   68 G   -1 -1 -1  1 -4  0  4  4 -2 -4 -4 -1 -3 -4  0  0 -1 -4 -3 -4    2   1   1   5   0   1  38  36   0   0   0   2   0   0   5   3   4   0   1   0  0.61 inf
   69 V   -1 -2 -3 -4 -2 -2 -3 -4 -3  4  2 -2  0 -1 -3 -2  0 -3 -1  4    3   2   0   0   0   2   0   0   0  30  15   1   1   1   0   1   6   0   2  35  0.41 inf
   70 R   -2  7 -1 -3 -4  1 -1 -2  1 -5 -4  3 -3 -4 -3 -2 -2 -4 -3 -4    1  70   2   0   0   5   0   3   3   0   0  13   0   0   0   1   1   0   0   1  1.09 inf
   71 R   -4  8 -3 -4 -6 -1 -2 -5 -2 -5 -4  0 -4 -5 -4 -3 -3 -5 -4 -5    0 100   0   0   0   0   0   0   0   0   0   0   0   0   0   0   0   0   0   0  1.98 inf
   72 P    1  0  0  1 -3  1  2 -2 -2 -3 -3  2 -2 -4  5  0 -1 -4 -3 -2   13   2   5   6   0   4  13   1   0   1   1  17   0   0  27   6   2   0   0   1  0.48 inf
   73 D   -3 -3  3  7 -5 -2  0 -3 -3 -5 -5 -2 -5 -5 -3  0 -2 -6 -5 -5    0   0  16  79   0   0   0   0   0   0   0   0   0   0   0   4   1   0   0   0  1.51 inf
   74 G   -2 -4 -2 -2 -5 -4 -4  7 -4 -6 -6 -3 -5 -5 -4 -2 -4 -5 -5 -5    0   0   0   1   0   0   0  99   0   0   0   0   0   0   0   0   0   0   0   0  1.91 inf
   75 S   -1 -3 -1 -2 -3 -2 -2 -2 -3 -2 -2 -2  3 -3 -3  5  3 -4 -3 -2    1   0   1   0   0   0   0   0   0   1   1   0  12   0   0  69  15   0   0   0  0.83 inf
   76 Y   -1 -2 -2 -4 -1 -2 -3 -4  1  0  0 -2 -1  1 -4  0  0  0  7  0    3   2   1   0   1   1   0   0   2   4  11   1   1   2   0   8   5   0  50   8  0.65 inf
   77 I   -3 -5 -5 -5 -3 -5 -5 -6 -5  7  1 -5  0 -2 -5 -4 -2 -4 -3  2    0   0   0   0   0   0   0   0   0  87   7   0   0   0   0   0   0   0   0   7  1.27 inf
   78 R   -2  7 -2 -3 -2  0 -1 -3 -2 -5 -4  4 -3 -5 -3 -1 -3 -5 -3 -4    2  70   1   0   1   1   0   0   0   0   0  23   0   0   0   2   0   0   0   0  1.22 inf
   79 F   -4 -5 -5 -6 -5 -5 -6 -5 -3 -2 -2 -5 -2  9 -6 -5 -4 -1  2 -3    0   0   0   0   0   0   0   0   0   0   0   0   0  99   0   0   0   0   1   0  2.18 inf
   80 D   -3 -4  0  8 -6 -2  0 -3 -3 -5 -6 -3 -5 -6 -4 -1 -3 -6 -5 -5    0   0   0  96   0   0   1   0   0   0   0   0   0   0   0   2   0   0   0   0  1.92 inf
   81 E   -2  0  0  5 -4  0  4  0 -2 -4 -4  0 -4 -5 -3  0 -1 -5 -4 -4    0   4   3  41   0   2  31   5   0   0   0   4   0   0   0   6   4   0   0   0  0.73 inf
   82 N   -4 -3  8 -1 -5 -2 -2 -2 -1 -6 -6 -2 -4 -5 -4 -1 -2 -6 -4 -5    0   0  99   0   0   0   0   0   0   0   0   0   0   0   0   0   0   0   0   0  2.03 inf
   83 A    6 -3 -3 -4 -2 -3 -3 -2 -3 -3 -3 -2 -3 -4 -3  1 -2 -5 -4 -2   94   0   0   0   0   0   0   0   0   0   0   0   0   0   0   6   0   0   0   0  1.22 inf
   84 C    5 -3 -3 -4  5 -3 -3 -1 -4 -2 -2 -3 -2 -4 -3 -1 -1 -4 -3  0   74   0   0   0  14   0   0   1   0   1   1   0   0   0   0   0   1   0   0   8  0.90 inf
   85 V   -2 -5 -5 -5 -2 -4 -4 -5 -5  1 -1 -4 -1 -3 -4 -4 -2 -5 -3  7    1   0   0   0   1   0   0   0   0   1   0   0   0   0   0   0   0   0   0  98  1.36 inf
   86 I   -3 -4 -5 -5 -3 -4 -4 -5 -4  5  4 -4  1 -1 -4 -4 -2 -4 -3  2    0   0   0   0   0   0   0   0   0  47  41   0   1   0   0   0   0   0   0  11  0.80 inf
   87 I   -3 -4 -5 -5 -3 -4 -5 -5 -5  5  3 -4  0 -1 -4 -4 -2 -4 -3  2    0   0   0   0   0   0   0   0   0  56  33   0   0   0   0   0   0   0   0  10  0.86 inf
   88 R   -3  0  6  3 -4 -1 -1 -1 -1 -5 -5  3 -3 -5 -3 -1 -1 -5 -4 -4    0   4  56  16   0   1   0   2   0   0   0  19   0   0   0   1   1   0   0   0  0.94 inf
   89 D    1 -1  4  3 -3  1  1 -1 -1 -4 -3  2 -2 -4 -1  0 -1 -4 -3 -3   14   0  23  21   0   6   8   1   0   0   1  18   1   0   3   2   2   0   0   0  0.41 inf
   90 D   -1 -1  3  4 -4  3  2 -2 -1 -4 -4  2 -3 -4 -2  0 -1 -4 -3 -4    4   0  15  32   0  14  14   1   0   0   0  13   0   1   0   3   3   0   0   0  0.56 inf
   91 K   -1  0  2  0 -4 -1 -1  4 -1 -3 -1  2 -1 -3 -3 -1 -1 -4 -3 -3    0   3  14   4   0   1   2  36   1   0  10  23   2   1   0   2   1   0   0   0  0.38 inf
   92 S   -1 -1  4  1 -4  2  4 -2 -1 -4 -4 -1 -3 -4 -3  1  0 -4 -3 -4    3   0  30   6   0   9  38   0   0   0   0   0   0   0   0   8   6   0   0   0  0.67 inf
   93 P   -3 -4 -4 -4 -5 -3 -3 -4 -4 -3 -2 -3 -2 -5  8 -3 -3 -6 -5 -4    0   0   0   0   0   0   0   0   0   1   3   0   1   0  93   0   0   0   0   0  2.53 inf
   94 R   -2  5 -2 -3 -4 -1 -2 -4 -2  3 -1  2 -1 -3 -3 -2 -2 -4 -3  1    1  47   0   0   0   1   0   0   0  22   2  15   1   0   0   0   0   0   0  11  0.63 inf
   95 G   -1 -4 -2 -3 -4 -4 -4  7 -4 -6 -6 -3 -5 -5 -4 -2 -3 -5 -5 -5    2   0   0   0   0   0   0  98   0   0   0   0   0   0   0   0   0   0   0   0  1.87 inf
   96 T   -2 -3 -2 -3 -3 -3 -3 -4 -4 -3 -3 -1 -3 -4 -3  0  7 -5 -4 -2    0   0   0   0   0   0   0   0   0   0   0   2   0   0   0   4  94   0   0   0  1.49 inf
   97 R   -4  8 -3 -4 -6 -1 -2 -5 -2 -5 -4  0 -4 -5 -4 -3 -3 -5 -4 -5    0 100   0   0   0   0   0   0   0   0   0   0   0   0   0   0   0   0   0   0  1.98 inf
   98 I   -3 -5 -5 -5 -3 -4 -5 -5 -5  7  0 -4  0 -2 -4 -4 -2 -4 -3  4    0   0   0   0   0   0   0   0   0  75   0   0   0   0   0   0   0   0   0  25  1.17 inf
   99 F   -4 -5 -5 -6 -5 -5 -5 -5 -3 -2 -2 -5 -2  9 -6 -4 -4 -1  1 -3    0   0   0   0   0   0   0   0   0   0   0   0   0  99   0   1   0   0   0   0  2.18 inf
  100 G   -2 -4 -2 -3 -5 -4 -4  7 -4 -6 -6 -4 -5 -5 -4 -2 -4 -5 -5 -5    0   0   0   0   0   0   0 100   0   0   0   0   0   0   0   0   0   0   0   0  1.95 inf
  101 P   -2 -4 -4 -4 -5 -3 -3 -4 -4 -5 -5 -3 -5 -6  9 -3 -3 -6 -5 -5    3   0   0   0   0   0   0   0   0   0   0   0   0   0  97   1   0   0   0   0  2.70 inf
  102 V   -2 -4 -5 -5 -3 -4 -4 -5 -5  3 -1 -4 -1 -3 -4 -4 -2 -5 -3  6    0   0   0   0   0   0   0   0   0  11   0   0   0   0   0   0   0   0   0  89  1.23 inf
  103 A    5 -3 -3 -3 -2 -2 -2  0 -3 -3 -3 -2 -2 -4  0  0  2 -4 -3 -1   71   0   0   0   0   0   0   5   0   0   0   0   0   0   4   1  17   0   0   2  0.78 inf
  104 R   -4  8 -2 -4 -6 -1 -2 -4 -2 -5 -4  1 -3 -5 -4 -3 -3 -5 -4 -5    0  98   0   0   0   0   0   0   0   0   0   2   0   0   0   0   0   0   0   0  1.91 inf
  105 E   -3 -2 -2  0 -6  0  7 -4 -2 -5 -5 -1 -4 -5 -3 -2 -3 -5 -4 -5    0   0   0   0   0   0 100   0   0   0   0   0   0   0   0   0   0   0   0   0  1.79 inf
  106 L   -3 -4 -5 -5 -3 -4 -5 -5 -5  1  6 -4  1 -1 -5 -4 -3 -3 -3  0    0   0   0   0   0   0   0   0   0   4  92   0   0   0   0   0   0   0   0   4  1.14 inf
  107 R   -4  8 -2 -4 -6 -1 -2 -4 -2 -5 -4  1 -3 -5 -4 -3 -3 -5 -4 -5    0  98   0   0   0   0   0   0   0   0   0   2   0   0   0   0   0   0   0   0  1.93 inf
  108 D    1 -2  1  5 -4  0  3 -1 -2 -3 -4 -1 -3 -4 -2  0  0 -2 -1 -3   13   0   4  39   0   1  23   4   0   0   0   0   0   0   0   4   6   1   3   1  0.54 inf
  109 K    0  3  0 -1 -3  1  2 -2  0 -3 -3  5 -2 -4 -2 -1 -2 -4 -2 -2    8  13   3   2   0   2  11   2   2   0   2  49   0   0   0   1   0   0   1   2  0.49 inf
  110 D   -2  1  4  2 -4  1  0  1 -1 -4 -4  3 -3 -4 -3  0 -2 -4 -3 -4    0   8  31  12   0   7   4  13   1   0   0  22   0   0   0   2   0   0   0   0  0.52 inf
  111 F   -4 -4 -4 -5 -4 -3 -4 -5  1 -2 -1 -4 -2  8 -5 -4 -4  0  5 -3    0   0   0   0   0   1   0   0   3   0   1   0   0  74   0   0   0   0  18   0  1.52 inf
  112 M   -2 -3 -3 -4 -3 -2 -4 -4 -4 -1  1 -3  9 -2 -4 -1  2 -4 -3  0    2   0   1   0   0   0   0   0   0   1   5   0  70   0   0   3  15   0   0   3  1.24 inf
  113 K   -3  2 -2 -3 -5  0 -1 -4 -3 -5 -4  7 -3 -5 -3 -2 -3 -5 -4 -4    0   9   0   0   0   0   0   0   0   0   0  91   0   0   0   0   0   0   0   0  1.48 inf
  114 I   -3 -5 -5 -5 -3 -5 -5 -6 -5  7  0 -5 -1 -2 -5 -4 -3 -5 -3  2    0   0   0   0   0   0   0   0   0  95   1   0   0   0   0   0   0   0   0   4  1.48 inf
  115 I   -1 -4 -4 -5 -2 -4 -4 -5 -5  4  1 -4  0 -2 -4 -3 -1 -4 -3  5    3   0   0   0   0   0   0   0   0  30   5   0   1   0   0   1   0   0   0  59  0.81 inf
  116 S   -1 -3 -1 -2 -3 -2 -2 -2 -3 -5 -5 -2 -4 -5 -3  7  0 -5 -4 -4    0   0   1   0   0   0   0   0   0   0   0   0   0   0   0  99   0   0   0   0  1.45 inf
  117 L   -3 -4 -5 -6 -3 -4 -5 -6 -5  0  6 -4  1 -1 -5 -4 -3 -3 -3 -1    0   0   0   0   0   0   0   0   0   0  98   0   2   0   0   0   0   0   0   0  1.28 inf
  118 A    6 -3 -4 -4 -2 -3 -3 -2 -4 -3 -3 -3 -3 -4 -3 -1 -2 -5 -4 -2  100   0   0   0   0   0   0   0   0   0   0   0   0   0   0   0   0   0   0   0  1.37 inf
  119 P   -2 -4 -3 -4 -5 -3 -3 -4 -4 -5 -5 -3 -5 -6  9 -2 -3 -6 -5 -5    1   0   1   0   0   0   1   0   0   0   0   0   0   0  94   2   0   0   0   0  2.58 inf
  120 E   -3 -2 -2  0 -6  0  7 -4 -2 -5 -5 -1 -4 -5 -3 -2 -3 -5 -4 -5    0   0   0   0   0   0 100   0   0   0   0   0   0   0   0   0   0   0   0   0  1.79 inf
  121 V   -2 -4 -5 -5 -3 -4 -4 -5 -5  1 -1 -4 -1 -3 -4 -3 -1 -5 -3  7    0   0   0   0   0   0   0   0   0   0   0   0   0   0   0   1   2   0   0  98  1.34 inf
  122 I   -3 -4 -5 -5 -3 -4 -4 -5 -4  3  5 -4  1 -1 -4 -4 -2 -3 -3  1    0   0   0   0   0   0   0   0   0  14  79   0   0   0   0   0   0   0   0   6  0.94 inf

                      K         Lambda
Standard Ungapped    0.1396     0.3208
Standard Gapped      0.0642     0.2670
PSI Ungapped         0.2101     0.3185
PSI Gapped           0.0642     0.2670
