
Last position-specific scoring matrix computed, weighted observed percentages rounded down, information per position, and relative weight of gapless real matches to pseudocounts
           A  R  N  D  C  Q  E  G  H  I  L  K  M  F  P  S  T  W  Y  V   A   R   N   D   C   Q   E   G   H   I   L   K   M   F   P   S   T   W   Y   V
    1 R   -6  8 -5 -6 -8 -2 -4 -7 -5 -8 -7  3 -6 -7 -6 -5 -6 -7 -6 -7    0  84   0   0   0   1   0   0   0   0   0  14   0   0   0   0   0   0   0   0  2.52 inf
    2 V   -4 -2 -6 -7  3 -6 -6 -5 -3  6 -1 -2 -1 -1 -6 -5 -2 -6 -3  4    0   3   0   0   6   0   0   1   1  46   4   3   1   2   0   0   2   0   1  30  1.20 inf
    3 A    1 -3  0 -4  1 -5 -5 -3 -3 -1  5 -3  4  0 -6 -4 -4 -5 -3  0   15   1   5   1   3   0   0   2   1   1  52   1   9   4   0   0   0   0   1   5  0.79 inf
    4 N    2 -5 -1 -4  2 -4 -4 -4 -4 -4 -4 -4 -1  0 -5  6  0  0  1 -3   15   0   2   0   4   0   0   0   0   1   1   0   2   4   0  57   6   1   4   1  1.06 inf
    5 C   -7 -7 -8 -8 -2 -8 -8 -8 -6  2  0 -8  0  9 -8 -7 -6 -1  2 -1    0   0   0   0   1   0   0   0   0  12   7   0   2  68   0   0   0   1   4   4  2.16 inf
    6 D   -7 -7 -4  9 -9 -6 -4 -7 -7 -9 -9 -6 -9 -9 -7 -6 -7-10 -9 -9    0   0   0 100   0   0   0   0   0   0   0   0   0   0   0   0   0   0   0   0  3.34 inf
    7 I   -7 -8 -9 -9 -7 -8 -9 -9 -9  9 -2 -8 -4 -5 -8 -8 -6 -8 -7 -2    0   0   0   0   0   0   0   0   0  96   3   0   0   0   0   0   0   0   0   1  2.93 inf
    8 E   -6 -6 -6 -4 -9 -4  8 -5 -6 -9 -9 -5 -8 -9 -4 -6 -6 -9 -8 -8    0   0   0   0   0   0  98   1   0   0   0   0   0   0   1   0   0   0   0   0  2.94 inf
    9 V   -5 -8 -7 -8 10 -7 -5 -8 -8 -5 -4 -7 -6 -2 -7 -4  3 -7 -7  4    0   0   0   0  56   0   1   0   0   0   1   0   0   2   0   1  16   0   0  23  2.46 inf
   10 T    2 -2 -1  1 -2  0  0 -2 -1  0 -1  1  1 -1 -1 -1  0 -3  2  0   20   1   2   7   1   4   6   2   1   6   6  11   5   2   2   4   7   0   9   5  0.11 inf
   11 G    0 -3  0  1 -1 -4 -4  5 -4 -4 -4 -3 -5 -6 -1  3  2 -6 -5 -5    8   1   4   7   1   0   0  36   0   1   1   1   0   0   3  23  12   0   0   0  0.76 inf
   12 D   -3  4  2  3 -6 -3  3  2  0 -5 -3 -2 -5 -6  3 -3 -4 -6 -5 -5    1  21   8  14   0   0  18  17   2   0   2   1   0   0  13   1   0   0   0   0  0.72 inf
   13 K   -1  3  0 -1 -5 -1  1  3 -4 -4 -4  4 -4 -3 -1 -2 -2 -6 -5 -3    3  15   5   3   0   2  10  24   0   1   2  24   0   1   3   2   2   0   0   2  0.53 inf
   14 F   -5 -5  0 -6 -6 -1 -4  2 -3  1 -3 -3  0  8 -3 -3 -5 -4 -2 -1    0   0   4   0   0   4   1  15   1   6   2   2   2  55   1   2   0   0   0   4  1.34 inf
   15 P   -3 -2 -5 -6  0 -2 -5  1 -1  1 -5 -4 -6 -6  7 -2 -4 -7 -5 -1    2   2   0   0   2   2   0   9   2   8   1   1   0   0  61   4   1   0   0   4  1.61 inf
   16 D   -2 -2  1  4  1 -2  2 -5 -2 -3 -3 -2 -1  5 -3 -2 -1 -4 -2 -1    3   2   7  22   3   1  13   0   1   1   2   2   2  28   1   2   4   0   1   5  0.65 inf
   17 P    4 -6 -6 -3 -2 -5 -5 -5 -6 -4 -5 -5 -6 -7  7  0 -2 -7 -6 -3   30   0   0   1   1   0   0   0   0   1   1   0   0   0  53   7   2   0   0   2  1.70 inf
   18 M   -1 -2  2 -1 -5  0  5 -4 -2 -3 -5  0 -1 -5 -4  1  2 -1 -3 -3    5   2   9   3   0   3  38   1   1   2   0   5   2   0   0  12  13   1   1   2  0.65 inf
   19 K    2  2  3  0 -4  0  0 -2  1 -1 -3  1 -2 -3  1  0  0 -4 -1 -2   19  12  15   5   0   4   5   1   4   4   2   8   1   1   7   4   5   0   2   2  0.25 inf
   20 A    2 -2  0  4  1 -1  1  0 -2 -2 -2  0 -2 -4 -1  0 -2 -5 -4 -1   19   1   4  26   3   2  10   7   1   2   5   5   1   0   3   5   2   0   0   4  0.35 inf
   21 E    0  0  0  2 -2  0  3  0  1 -1 -1  1 -1 -3  0  0 -1 -3 -2  0    6   3   4  12   1   3  22   6   3   4   5   8   1   1   4   5   3   0   1   8  0.18 inf
   22 Y   -3 -2 -2  6  0 -1  1 -1 -2 -3 -3 -3 -4  1 -4 -2 -3 -2  3 -1    2   2   1  48   2   2   8   5   1   1   2   1   0   6   1   3   1   1   9   4  0.88 inf
   23 E   -2 -1 -5 -3 -3 -2  2 -5 -1  1  0 -2  1 -3  7 -4 -4 -6 -3 -1    3   4   0   1   1   2  13   0   1   7   8   2   4   1  46   0   1   0   1   5  1.06 inf
   24 I   -5 -6 -6 -5 -5 -4 -6 -7 -6  7 -2 -6  0 -4 -6 -6 -4 -6 -5  5    0   0   0   1   0   1   0   0   0  49   1   0   2   0   0   0   0   0   0  43  1.77 inf
   25 D   -4 -6 -3 -1 -5 -6 -3 -7 -6  7  0 -6 -2 -3 -6 -3 -2 -6 -2  1    1   0   2   5   0   0   2   0   0  69   9   0   1   1   0   2   2   0   1   7  1.57 inf
   26 A    0 -4 -4 -4  4  7 -3 -4 -4 -3 -3 -3  3 -6 -3  3  0 -6 -5 -4    6   0   0   0   9  45   0   1   0   2   2   1   6   0   1  19   5   0   0   1  1.20 inf
   27 I   -4 -6 -5 -7 -5 -6 -6 -7 -7  8  0 -6 -1 -4 -6 -3 -5 -6 -5  0    1   0   1   0   0   0   0   0   0  79   7   0   1   0   0   2   0   0   0   5  2.08 inf
   28 T    3 -3 -2 -1  0  0 -2 -1 -3 -4 -4 -3 -3 -4 -3  5  2 -4 -4 -2   21   1   2   4   2   4   2   4   0   1   2   1   1   1   1  42  10   0   0   2  0.71 inf
   29 H   -1 -3  2 -3  7 -2 -3 -3  3  1  0 -3  0  0 -3  1 -1 -3  1  0    4   1  11   1  24   1   1   1   7   7   9   1   2   4   1   9   3   0   5   6  0.56 inf
   30 Y    0 -1 -1 -1 -2  0  0 -1  3  0 -1  0  0  0 -1 -1  0  1  3  1    9   3   2   2   1   3   5   4   9   4   5   6   2   3   2   4   6   2  14  14  0.12 inf
   31 D   -1 -1  0  4  0 -1  0  0  0 -1 -1 -1  0 -2  0  0 -1 -2 -1  1    4   4   3  26   3   2   4   6   3   3   6   4   2   2   4   7   3   1   2  11  0.18 inf
   32 S    0  0  1 -1 -2  0  0 -1 -1 -1  0  0  1 -2 -1  3  1 -2  0 -1    6   4   6   2   1   3   5   3   1   4   8   7   3   2   3  26   8   1   3   4  0.14 inf
   33 I    0  0  0  0 -1  0  0  0  0  0  0  0  0  1 -1  0 -1 -1  2  0    6   6   4   4   1   4   5   7   3   8   7   5   2   9   2   6   3   1   9   7  0.02 inf
   34 D   -1  1  1  2 -2  1  1  0  1 -2 -1  0 -1 -2 -1  0  1 -2 -1 -1    4   7   6  12   1   5  11   8   5   2   5   5   1   2   2   6  11   1   2   4  0.11 inf
   35 D    0  0  2  3 -2  0  0  2 -1 -1 -2  0 -1 -2  0  0  0 -2 -1 -2    6   4   9  19   1   4   4  14   1   3   4   7   1   2   5   4   6   1   3   3  0.17 inf
   36 R    0  2  0  1 -1  1  2 -1  1 -1 -1  2 -1 -2 -1  0  0 -2 -1 -1    7  10   4   6   1   6  13   5   3   2   7  12   1   2   3   5   7   1   2   5  0.10 inf
   37 F    0  0  0 -1 -1  0 -1 -1  1  0  0  0  0  1  0  0  0  1  3  0    6   6   4   4   1   3   4   4   4   6   8   4   2   8   4   6   5   2  13   8  0.05 inf
   38 Y   -1 -1 -2 -2 -1 -1 -1 -2 -1  1  0 -1  1  1 -1 -1  1 -1  3  2    3   3   2   2   2   2   4   3   1   9   8   4   3   6   3   5   9   1  13  18  0.13 inf
   39 V    0 -1 -2 -1  1  0 -1 -1 -2  2  1 -1  0 -1  0  0  1 -2 -2  2    5   4   2   3   3   3   3   4   1  12  13   4   2   1   4   6   9   0   1  19  0.10 inf
   40 F   -2 -1 -2 -2 -2 -1 -2 -2 -2  0  1 -2  0  4 -1 -2 -1  7  1  0    3   4   2   2   1   3   2   3   1   5  15   2   2  19   3   3   4  15   5   7  0.50 inf
   41 D    0 -1  0  0  2  0 -1  1  0  0  0  0 -1 -1  0  0  0  1  0  0    8   3   3   7   5   2   3  12   2   5  12   7   1   2   4   6   5   2   4   5  0.02 inf
   42 L    0  0 -1 -1  0  0 -1 -2 -1  1  2 -1  1 -1 -1 -1  0 -2  0  1    6   4   3   3   2   5   3   3   1   6  29   4   3   2   3   5   6   1   3   8  0.08 inf
   43 L    0 -1  0 -1  0  0  0  0  0  1  0 -1  0 -1  0  0  0 -2  1  1    6   3   5   3   2   4   5   7   2   8   9   4   2   2   5   7   4   0   6  15  0.02 inf
   44 N    0 -1  1  1  1 -1  0  1  2  0 -1  0 -1 -1  0  0  0 -2  1  0    8   3   7   8   3   2   6  10   6   6   5   4   1   2   4   6   5   0   5   9  0.04 inf
   45 S    0  0  1  1  1  0  0  0 -1 -1 -1  0  0 -1  0  1  1 -2  0 -1    7   4   9   8   4   5   6   5   1   4   6   6   3   3   3   9  10   0   3   5  0.05 inf
   46 M    0  0  0  0  0  0  0 -1  0  0  0  0  0 -1  2  0  1 -2 -1  0    5   7   5   4   2   3   6   5   3   8  11   6   3   3  11   7   8   0   1   5  0.06 inf
   47 Y    0  0 -1  0 -1  0  0  0  0  0  0  0  0  0 -1  0  0  0  3  0    7   5   3   6   1   3   6   7   2   4   9   5   2   3   3   6   4   1  14   9  0.05 inf
   48 G    0  0  1  0 -2 -1  0  3 -1 -1 -1  0 -1  0 -1  1  0 -2 -1 -1    5   5   8   6   1   2   5  22   2   5   4   4   1   5   3   9   6   0   2   5  0.12 inf
   49 S    0  1  0 -1 -2  0  1  0  0  0 -1  0 -1 -2 -1  1  1 -2 -2  0    9   7   4   3   0   4  10   6   3   8   6   4   1   2   2  11  12   0   1   7  0.07 inf
   50 V    0 -1 -1  0  1  0 -1  0 -1  0  0  0 -1 -1  1  0  1 -2  0  1    5   3   3   4   4   5   3   7   2   6  11   4   1   2   8   5   8   0   4  15  0.04 inf
   51 S    0  1  0  1  0 -1  1  1  0 -1 -1  0 -1  0 -1  0  0 -2 -1 -1   10   7   3   7   2   1  10  14   2   4   8   6   1   5   3   6   6   0   1   4  0.05 inf
   52 K   -1  1  0  0 -2  0  2  0  1 -1 -1  0 -2  0  3  0  0 -3 -1 -2    5   9   4   4   1   4  13   7   4   4   6   6   0   4  13   7   4   0   2   2  0.14 inf
   53 W   -1 -1  0 -1  2  0  0  0 -1  0 -1 -1 -1  2  0  0  1  6  1 -2    4   3   4   3   4   4   5   7   1   5   6   4   1  11   4   6  10  11   5   2  0.19 inf
   54 D   -2 -1  0  4  0 -1  1  0  0  0 -1  0 -2 -2 -2 -1  0 -3 -3  0    3   4   5  27   2   3   8   8   2   6   6   5   0   2   2   4   6   0   1   6  0.23 inf
   55 A    1  0 -1  0 -1 -1  0  1 -2 -1  0  0 -2 -1  3  0  0 -3 -1  0   12   6   3   4   1   2   4  11   1   4   9   6   0   3  15   8   4   0   2   5  0.13 inf
   56 K    0  0  1 -1  0  0  1  0 -1  0  0  0 -1  0  2  0  0 -2 -1 -1    5   4   8   3   2   5   9   7   1   5   8   6   2   5  11   7   7   0   2   4  0.07 inf
   57 L    0  0  0  0  0  0  1 -1 -1  0 -1  1  0 -2  0 -1  0 -3 -2  1    5   6   5   6   3   4  10   5   1   6   6  13   2   2   5   3   7   0   1  12  0.06 inf
   58 A    1  1  0 -1 -1  0 -1  0 -1 -1 -1  0 -1  1  1  1  0 -2  0 -1   11   7   5   3   1   5   3   7   1   4   5   6   2   9   6  12   5   0   4   5  0.05 inf
   59 A    0 -1  1 -1  1  0  0 -1  1  1 -1 -1  0  1 -1  0  1 -2 -1  1    8   2   7   2   4   3   7   5   3  12   5   3   1   6   2   4   9   0   2  15  0.05 inf
   60 K   -1  0  0 -1  0 -1 -1 -1  0  0  1  0  0  0  1 -1 -1 -2  0  1    4   4   4   3   2   1   5   6   2   6  21   8   2   3   8   4   3   0   3  10  0.04 inf
   61 L    0  0  0  0 -1  1  0 -1 -1  0  0  0  0  1 -1  0  0 -2  0  0    7   7   5   6   1   6   5   5   1   6  13   6   3  10   2   5   4   0   2   5  0.02 inf
   62 D   -1 -1  1  1 -2 -1  1  0 -1 -1  0  0  0 -1  0  1  2 -3 -2  0    4   2   7  10   0   2   8   6   1   3  10   5   2   2   5   9  15   0   1   7  0.08 inf
   63 C   -1  0  0  0  3  0 -1  0 -2  0  1 -1 -1  0 -2 -1  0 -2 -1  1    4   5   5   7   8   3   3   8   0   5  19   4   1   4   1   4   4   0   2  11  0.05 inf
   64 E   -1  0  1  1 -1  0  1  0  2 -1 -1  0 -1  0 -1  0  0 -2 -1 -1    5   6   5   9   1   3  13   8   6   4   5   7   1   5   2   9   5   0   1   4  0.08 inf
   65 G    0 -1  0 -1  1  0 -1  2 -1  0  1 -1  0 -1  0  0  1 -2 -1  0    6   3   3   3   4   3   4  16   1   4  14   3   2   3   5   9   9   0   2   5  0.05 inf
   66 G    0 -1  0  0  4 -1  0  1 -1 -1  0 -1  0  2 -1  0 -1 -2  1  0    6   3   4   7  11   2   5  12   2   2   8   2   2   9   3   5   3   0   6   8  0.09 inf
   67 D    0  0  0  3  0  0  0  0 -1 -1 -1  0 -1 -1 -2  1  1 -2 -1 -1    6   4   4  18   3   3   4   7   1   4   7   4   1   4   1  10  12   0   2   5  0.10 inf
   68 E    0 -1  0  0  0 -1  2 -1  0  0  0 -1  1  0  3  0  0 -2  0 -1    7   2   4   5   2   2  14   4   2   6   9   3   4   3  14   5   5   0   4   5  0.12 inf
   69 V   -1 -1 -1 -2  0 -1 -1  0 -2  3  1 -1  1 -1  1 -1  0 -2 -2  2    5   3   2   2   2   2   4   9   1  20  13   3   3   2   8   2   5   0   1  13  0.14 inf
   70 P    0  0 -1  0 -2  0  1  0 -1 -2 -2  0 -2 -1  3  1  1 -1 -2 -1    7   5   2   5   1   3  10   7   1   2   4   5   1   3  16  10  10   1   1   5  0.18 inf
   71 Q    0 -1  0  2  3  0  1  2 -2 -2 -1  0 -2 -2  2  0 -1 -1 -1 -2    6   2   4  12   7   4  11  14   1   3   5   5   1   2   9   8   3   1   2   2  0.16 inf
   72 E    0  0  0  2  1  0  2  0  0  0 -1  0 -1 -1 -1  0  0 -2 -1 -1    8   4   4  11   3   4  16   6   2   7   6   6   1   2   3   7   4   0   2   5  0.08 inf
   73 I    0 -1 -1  0  0  0  0 -1 -1  1  0  0 -1  0  2  0  0 -2 -1  1    6   2   2   5   2   5   5   5   1   9   7   5   1   3  11   8   5   0   2  14  0.07 inf
   74 L    0 -2  0  1  0  0  0 -1 -1  2  1 -1 -1 -1  0  0  0 -1 -1  0    6   1   4   8   2   4   6   5   1  16  18   3   1   2   5   5   5   1   2   5  0.05 inf
   75 D    0 -2  0  3 -3  0  2  0  0 -2 -2  0 -1 -2  2  0  0 -3 -1  0    9   1   3  17   0   3  16   8   2   2   3   5   1   1   9   4   6   0   2   7  0.20 inf
   76 R   -1  0  2  2 -2  1  1  2  0 -3 -3  1 -2 -2 -2 -1 -1 -3 -1 -2    5   5  11  14   1   6   8  18   3   1   3  11   1   2   2   4   3   0   2   2  0.23 inf
   77 V    1 -1 -3 -3 -1 -2 -2 -2  0  3 -1 -3 -1 -3  0  0  2 -4 -2  4   10   3   1   1   1   1   2   3   2  14   5   1   1   1   5   5  12   0   1  31  0.35 inf
   78 I   -1 -1  0  2 -1  2  2 -2  1  0  0  0 -1 -2 -2 -1  0 -2 -1  0    4   2   3  13   1  12  15   3   4   7   8   4   1   2   1   4   6   0   2   8  0.14 inf
   79 Y   -1 -4 -4 -5 -4 -4 -4 -5  1  3 -2 -3 -2 -1 -3 -3 -3  1  4  5    4   1   1   1   0   1   1   1   3  16   3   2   0   2   1   1   1   2  15  45  0.91 inf
   80 M   -2  1 -2 -3  1  0  0 -4  1  2  1 -1  2  1 -3 -2 -2 -1  3  1    2   9   1   1   3   3   9   1   3  13  15   3   6   5   1   2   2   0  13   7  0.21 inf
   81 P   -1  0 -2 -2  2  0  3 -2  1 -1 -2 -1 -2  0  1  2  1  2 -1 -1    3   6   1   1   4   4  21   2   3   5   3   3   1   4   7  15   7   3   1   5  0.20 inf
   82 F   -4 -6 -3 -6  5 -6 -6 -4  1 -4 -4 -4 -2  8 -6 -4 -5  2  4 -2    1   0   2   0  10   0   0   1   4   0   1   1   1  59   0   1   0   2  11   4  1.83 inf
   83 D    0  0  1  4 -3  0  2 -1 -2 -5 -4  1 -3 -5  3  0 -2 -3 -4 -3    7   4   7  24   0   4  14   4   1   0   1   7   0   0  16   5   1   0   1   1  0.52 inf
   84 N   -3 -2  3  3 -6 -2 -2 -4 -2 -6 -6  0 -5 -7 -5  4  4 -7 -6 -5    1   2  14  17   0   1   2   1   1   0   0   6   0   0   0  33  21   0   0   0  0.95 inf
   85 E   -6 -2 -6 -3 -9 -2  8 -8 -6 -5 -8 -4 -8 -9 -7 -6 -6 -9 -8 -5    0   2   0   0   0   1  95   0   0   1   0   0   0   0   0   0   0   0   0   1  2.79 inf
   86 R   -1  4 -3 -3 -4  0  2 -2  0 -2 -1  3 -2  2 -4 -2 -2 -2  3 -2    6  20   1   1   0   3  12   3   2   2   5  21   1   7   0   2   2   0   9   2  0.41 inf
   87 D    1 -2 -2  4 -6  0  5 -4 -2 -6 -6  0 -6 -7 -5  0 -1 -7 -6 -4   13   1   2  25   0   4  38   1   1   0   0   4   0   0   0   5   3   0   0   1  1.00 inf
   88 M   -6 -7 -8 -9 -1 -6 -8 -8 -7 -1  5 -7  9 -5 -8 -7 -6 -7 -6 -3    0   0   0   0   1   0   0   0   0   2  52   0  43   0   0   0   0   0   0   1  2.22 inf
   89 L   -6 -7 -8 -8 -6 -7 -8 -8 -5  4  6 -7 -1 -1 -8 -7 -6 -6 -6 -3    0   0   0   0   0   0   0   0   0  19  78   0   1   2   0   0   0   0   0   1  1.91 inf
   90 M    0  0  0 -1 -3  1  2 -3  1  0  2  1  1 -2 -4  0 -1 -2  1  0    6   6   4   3   0   5  13   0   3   7  21   9   5   1   0   5   2   1   6   4  0.13 inf
   91 E    4  2 -1 -1 -1 -1  1  1 -1 -5 -4  0 -4 -4 -4  0 -2 -6 -2 -4   41  12   2   2   1   2  10  10   2   0   1   6   0   0   0   7   2   0   2   0  0.58 inf
   92 Y   -2 -7 -8 -8 -7 -7 -8 -8 -6 -5  2 -8 -1  8 -8 -5 -5  8  1 -6    4   0   0   0   0   0   0   0   0   0  18   0   1  52   0   1   0  20   4   0  2.15 inf
   93 I   -1  1 -1 -5  0 -1 -2 -3 -2  2  1 -2  2  4 -5 -2 -3  0 -1  1    5   9   4   0   2   3   2   1   1  15  15   3   5  22   0   3   0   1   0   9  0.37 inf
   94 N    0  1  1  3 -5  1  2 -4 -1 -2 -3  2 -4 -5 -4  0  2 -6 -3 -3    9   7   6  18   0   6  12   0   1   2   2  11   0   0   0   7  16   0   1   1  0.40 inf
   95 L   -5 -4 -6 -5  0 -6 -6 -7 -4  1  2 -5  3  6 -7 -4 -3  7  3  0    0   1   0   1   2   0   0   0   0   7  17   1   6  34   0   1   2  13   8   5  1.17 inf
   96 W   -5 -6 -7 -7 -5 -5 -7 -7 -6  5  3 -6  0  4 -7 -6 -4  4 -2  3    0   0   0   0   0   0   0   0   0  34  23   0   2  18   0   0   0   5   1  16  1.21 inf
   97 E    0  4 -1 -1 -1  1  1 -2 -1 -1 -1  3 -1 -3 -1  0 -1  0 -3 -1    6  22   3   2   2   6  10   2   1   4   5  17   2   1   2   5   4   1   1   4  0.27 inf
   98 Q    0  1 -2  3 -2  3  4 -3 -1 -3 -2  0 -4 -5 -2  0 -2 -2 -3 -4    8   8   1  16   1  15  25   1   1   1   5   6   0   0   2   6   2   0   1   1  0.49 inf
   99 K   -2  0  0 -4 -2 -2 -1 -3  1 -1  0  1  1  2 -4 -1  0  0  5  2    2   5   6   0   1   1   3   2   3   3   8  10   3   9   0   4   6   1  19  15  0.30 inf
  100 R   -2 -4  3  7 -7 -3 -2 -2 -5 -7 -7 -1 -6 -4 -4  0 -1 -7  2 -7    3   1  13  55   0   1   1   3   0   0   0   3   0   1   1   8   3   0   7   0  1.34 inf
  101 P   -3 -8 -8 -7 -8 -7 -7 -6 -8 -2 -7 -7 -2 -3  8 -5 -5 -9 -8  0    2   0   0   0   0   0   0   1   0   3   0   0   1   2  83   1   1   0   0   7  2.69 inf
  102 A   -4 -6 -3  7 -4 -2  3 -6 -2 -3 -4 -5 -2 -5 -6 -5 -4 -8 -7 -1    2   0   1  67   1   1  17   0   1   2   2   0   1   0   0   0   1   0   0   4  1.81 inf
  103 I   -3 -6 -7 -5  0 -6 -4 -5 -6  5  0 -6 -1  4 -7 -6 -3 -5 -1  4    2   0   0   1   2   0   1   1   0  30   8   0   1  19   0   0   1   0   2  32  1.11 inf
  104 F   -3 -7 -5 -7 -4 -6 -7 -7 -7  6  3 -7  1  0 -7 -6 -4 -2 -5  3    2   0   1   0   0   0   0   0   0  46  22   0   2   4   0   0   0   1   0  21  1.33 inf
  105 T   -3 -6 -5 -6 -1 -5 -2 -6 -6  4  0 -5 -4 -3 -6  0  6 -7 -6 -1    1   0   0   0   1   0   3   0   0  26  10   0   0   1   0   6  48   0   0   4  1.22 inf
  106 G   -2 -6 -4  0 -6 -5 -5  7 -6 -7 -7 -5 -6 -6 -6 -4 -2 -6 -6 -6    2   0   0   6   0   0   0  84   0   0   1   0   0   0   0   0   3   0   0   0  2.16 inf
  107 W   -8 -8 -8 -9 -8 -7 -8 -9  2 -7 -7 -8 -7  2 -9 -8 -8 10  9 -7    0   0   0   0   0   0   0   0   4   0   0   0   0   7   0   0   0  30  59   0  3.17 inf
  108 N   -4 -6  9 -4 -8 -6 -6 -6 -5 -9 -9 -6 -8 -9 -8 -2 -6-10 -8 -9    2   0  95   0   0   0   0   0   0   0   0   0   0   0   0   3   0   0   0   0  3.22 inf
  109 I   -4 -6 -6 -6  0 -6 -6  2 -3  6 -1 -6 -2 -1 -6  0 -2 -6 -5  3    0   0   0   0   2   0   0  16   1  45   3   0   1   3   0   7   3   0   0  20  1.06 inf
  110 E    1 -3  2  3  2  0  0 -3 -3  2 -2 -2 -1 -1 -3  0 -1 -5 -2  2   10   1  11  19   4   4   5   1   0  11   3   2   1   3   1   6   2   0   1  14  0.26 inf
  111 G   -4 -1  7  3 -6  0 -3  2 -4 -7 -4  1 -4 -7 -6  0  0 -7 -6 -5    1   3  44  13   0   4   1  15   0   0   2   7   0   0   0   5   5   0   0   1  1.07 inf
  112 F   -8 -9 -9 -9 -8 -9 -9 -9 -7 -6 -5 -9 -6 10 -9 -5 -8 -5  1 -7    0   0   0   0   0   0   0   0   0   0   0   0   0  96   0   1   0   0   3   0  3.53 inf
  113 D   -7 -7 -4  9 -9 -6 -4 -7 -7 -9-10 -6 -9 -9 -7 -4 -7-10 -9 -9    0   0   0  99   0   0   0   0   0   0   0   0   0   0   0   1   0   0   0   0  3.29 inf
  114 V   -3 -6 -6 -7 -3 -6 -7 -7 -6  4  4 -6  3  5 -7 -5 -3  4 -1 -1    2   0   0   0   1   0   0   0   0  19  35   0   8  23   0   1   1   6   1   3  1.12 inf
  115 P    0  2 -3 -3 -7 -3 -2 -6 -6 -7 -6  0 -2 -6  8 -2 -3 -3 -7 -7    8  10   1   2   0   1   3   0   0   0   1   5   1   0  64   2   2   1   0   0  1.81 inf
  116 Y   -7 -7 -7 -8 -7 -7 -7 -8 -4 -3  0 -5 -5  3 -8 -7 -7 -2  9 -1    0   0   0   0   0   0   0   0   0   1  10   1   0   9   0   0   0   0  73   4  2.57 inf
  117 I   -5 -4 -7 -8 -5 -6 -7 -8 -7  5  5 -7  1 -2 -7 -6 -4 -2 -5  0    1   1   0   0   0   0   0   0   0  32  56   0   2   2   0   0   0   1   0   5  1.50 inf
  118 M   -2 -3 -4 -4  0  1 -3 -6  2  4  3 -3  0  0 -5 -3 -1  0  2  1    3   1   0   1   2   7   1   0   4  21  32   2   2   3   0   2   3   1   9   6  0.52 inf
  119 N   -2  2  4  3 -6  1  1 -1  0 -3 -5  2 -4 -2 -4 -2  1 -6 -3 -4    3  13  17  17   0   5  10   4   2   1   0  15   0   2   0   1   8   0   1   1  0.52 inf
  120 R   -7  9 -6 -7 -9 -4 -5 -8 -1 -8 -6  1 -7 -8 -7 -6 -5 -8 -7 -6    0  89   0   0   0   0   0   0   1   0   1   7   0   0   0   0   1   0   0   1  2.81 inf
  121 V    5 -5 -5 -6  3 -5 -5 -1 -5  0  1 -5  4 -3 -5 -1 -2 -3  1  0   44   0   0   0   7   0   0   4   0   5  15   0  10   1   0   3   1   0   4   5  0.78 inf
  122 K   -1  1  1  1  0  1  3 -2 -1 -2 -1  3 -3 -3 -3 -1  1 -5 -3 -2    3   6   5   8   2   4  20   3   1   2   6  21   0   1   1   4   9   0   1   2  0.33 inf
  123 M    0  3  1 -2 -4  2  0 -4  4 -1 -2  3 -1 -3 -3 -1 -1 -3 -2 -2    8  17   7   1   0   9   5   1  10   5   5  21   1   1   1   3   2   0   1   3  0.39 inf
  124 I   -2 -1 -3 -5 -3 -2 -4 -4 -1  3  4 -2 -1 -2 -4 -4 -2 -3  0  3    3   3   1   0   0   2   1   2   2  16  40   3   1   1   1   1   2   0   3  20  0.62 inf
  125 L   -1 -1  0  0 -2 -1 -1  1 -2  0  2  0  1  1 -2 -1 -2 -1  3 -1    4   2   4   6   1   3   3  10   0   6  25   5   4   6   1   3   2   1  12   2  0.14 inf
  126 G   -1 -1  1  1 -1 -1 -1  4 -1  1 -1 -1  0 -2 -2  0 -2  0 -3 -1    3   4   8   7   2   2   3  35   2   8   5   3   2   1   2   5   2   1   1   4  0.32 inf
  127 E   -1  1  0  1 -2  0  1 -1  0  0 -1  0  0  1  1  0 -1  0 -1 -1    4  10   4   7   1   5  11   5   2   5   7   5   3   7   8   6   3   2   2   4  0.06 inf
  128 R   -1  1  1 -1 -1 -1  0  0 -1 -1  1  2 -1  0 -1  0 -1 -3 -1 -1    5  10   8   3   1   2   4   9   1   4  17  16   1   4   2   5   4   0   2   4  0.07 inf
  129 S   -1  0  0  0 -1 -1  1  0 -1  0 -1  0 -1  2 -1  0  0  0  1  0    5   7   4   6   1   2  10   8   1   6   5   6   1  11   2   7   6   1   6   6  0.04 inf
  130 M    0  0 -1 -1 -1 -1 -1 -1 -1  1  1  0  0  1  0  0  0 -1  0  1   10   5   3   2   1   1   4   5   1  13  14   4   3   8   4   5   6   1   3   8  0.02 inf
  131 K   -1  2  1  0 -3  0  0  2 -2 -1 -2  2  0 -1  1  0  0 -4 -2 -1    3  10   9   5   0   2   5  16   1   3   4  14   2   2   6   7   6   0   1   3  0.15 inf
  132 R   -2  5 -1 -2 -2  1  0 -1 -1 -3 -3  2 -4 -3 -1 -1 -2 -1  1 -3    4  38   3   2   1   6   6   4   1   2   3  13   0   1   4   4   2   1   4   2  0.58 inf
  133 F   -1 -3 -1  1 -2  0 -2 -3 -1  1  3 -3  0  4 -1 -1 -2  0  0 -1    4   1   2   9   1   4   3   2   1   7  30   1   2  17   4   4   2   1   3   2  0.28 inf
  134 S   -1  0  0  1 -2  0 -1  0  0 -1 -3  0 -2 -3 -1  4  1 -3 -2 -3    3   5   4   7   1   3   4   8   2   3   2   6   1   1   2  37   7   0   1   2  0.37 inf
  135 P   -2  3 -1  0 -2 -1  0 -1  1 -3 -4  0 -3  0  5  1 -1 -4 -1 -1    2  15   2   5   1   3   6   5   3   2   1   5   0   4  25  10   3   0   2   5  0.42 inf
  136 I   -2 -2 -4 -3 -1 -2 -1 -2  0  2  1 -3 -1  4 -3 -2 -2  7  3  0    3   2   0   1   1   1   5   3   2  10  11   1   1  16   1   3   3  16  10   7  0.55 inf
  137 G   -1  2  1  0 -2 -1 -1  3 -2 -3 -3  1 -3 -1 -1  1  0  2 -3 -4    3  13   6   6   1   1   3  26   0   1   2   8   1   4   3  13   4   3   0   0  0.33 inf
  138 R   -2  4  0 -2 -3  0  1 -2 -2  0 -1  3 -1 -1 -3  0 -1 -5 -3 -1    1  23   3   2   0   4   9   2   1   6   7  22   1   3   1   8   4   0   0   4  0.37 inf
  139 V    1 -2 -1 -2 -3  0 -2 -2  0  2 -1 -1  2  0 -1  0  0 -4 -2  3   14   1   2   2   0   5   1   3   3  13   4   3   6   3   2   8   6   0   0  23  0.20 inf
  140 K   -1  3  1 -1 -3  1  1 -1 -1 -2 -2  2  0 -1  2  0  0 -4  1 -3    6  15   8   3   0   6   8   5   1   3   2  12   3   3   9   6   6   0   5   1  0.19 inf
  141 S   -1  1  0  1 -3  1  0  2 -3 -2 -2  1 -2  0 -2  1  0  2 -3 -1    4   8   3   7   0   6   6  19   0   2   4   8   1   4   1  12   5   3   0   6  0.16 inf
  142 K   -2  3  1  0 -4  1 -1  1 -1  0 -3  2  0 -3  0  0  0 -1 -1 -2    2  18   7   5   0   7   2  10   1   6   2  12   3   1   4   8   7   1   2   2  0.21 inf
  143 L   -1  3 -1 -2 -4 -1 -1  2 -1  1 -2 -1 -1  1 -1  0  1  0  0 -1    4  17   3   1   0   3   3  16   1  11   3   3   1   5   2   8  10   1   3   5  0.15 inf
  144 S   -1  0  1  2 -3  1  2  1 -2 -2 -2  0  2 -1 -1  0  0 -4 -2 -1    3   4   6  12   0   6  14  13   0   2   3   5   6   3   3   7   6   0   1   6  0.15 inf
  145 K   -2  3  2 -2 -4  1 -2 -1  1 -4 -3  1 -1  2 -1  1  1  2  3 -3    2  17   9   2   0   6   1   5   3   0   1   7   1  10   3  10   9   2   9   1  0.29 inf
  146 E   -2  0  1  0 -2  1  2  0 -2 -2 -2  3 -3 -1 -2  0  1 -4  0 -3    2   5   6   5   1   6  14   8   0   2   3  24   0   4   2   7   8   0   4   1  0.26 inf
  147 I    1 -1  0 -1 -3 -1  0  0 -1  0 -1  0 -1  3 -3  0  1 -3  0  1   11   3   5   2   0   3   6   8   1   3   5   7   1  14   1   5  10   0   2  13  0.09 inf
  148 Y   -1 -3 -2 -5 -1 -3 -4 -3  2  2  0 -2  0  2  0 -2  0  4  4  2    4   1   2   0   1   1   0   1   5  13   9   2   2   9   5   2   7   6  16  16  0.39 inf
  149 S   -1  0  3  3 -3  0  1 -1 -1 -4 -4  1 -4 -3 -2  1  2 -5 -3 -3    4   5  17  18   0   3   8   4   1   1   1   8   0   1   2  12  13   0   0   2  0.39 inf
  150 I   -4 -5 -4 -6 -1 -5 -6 -6 -6  6  1 -4  3  1 -3 -3  0  2 -3  2    1   0   1   0   1   0   0   0   0  47  13   1   6   5   1   2   5   3   0  12  0.99 inf
  151 D    0 -1  2  0 -5 -1  2 -3  2 -4 -3  1 -3  0  3  1  0 -1 -1 -2    6   3  10   5   0   1  13   1   6   1   2  10   0   4  17  11   4   1   2   3  0.33 inf
  152 G   -4 -4 -4 -5 -6 -4 -4  7 -3 -7 -7 -5 -6 -4 -6 -3 -4 -6 -3 -7    0   1   1   0   0   1   1  87   1   0   0   1   0   1   0   2   1   0   1   0  2.23 inf
  153 V   -5  7 -4 -6 -1 -4 -5 -6 -1  2 -1 -2  0 -1 -6 -2 -1 -6 -5  1    0  54   1   0   1   0   0   0   1  12   5   1   2   3   0   2   4   0   0  11  1.19 inf
  154 S   -1 -5 -2 -5  0 -3 -4 -4  2  3  0 -2  1 -2 -2 -1 -2 -5 -2  5    4   0   2   0   2   1   1   1   5  15   9   2   3   2   2   6   2   0   1  43  0.64 inf
  155 I   -1 -2 -1 -3  1  3 -3 -5  1  2 -1 -3  1 -2  0 -1  0 -4  0  4    5   2   3   1   3  14   1   0   4  10   5   0   3   1   6   3   5   0   4  29  0.37 inf
  156 L   -4 -4 -4 -4 -4 -5 -4 -6 -2  4  4 -5  2  5 -5 -4 -4 -2  0  1    0   1   1   1   0   0   1   0   1  19  34   0   4  23   0   1   0   1   2   9  0.89 inf
  157 D   -4 -6 -1  8 -7 -4 -3 -6 -5 -5 -6 -5 -7 -4 -6 -5 -4 -7 -2 -7    1   0   3  88   0   1   0   0   0   1   1   0   0   1   0   0   1   0   2   0  2.57 inf
  158 Y   -2 -4 -4 -4 -4 -4 -4  2  2 -1  3 -3  5 -1 -4 -3  0 -3  4 -1    3   0   0   1   0   0   1  18   6   3  25   1  13   2   1   1   6   0  16   4  0.58 inf
  159 L   -4 -3 -4 -6 -5 -5 -6 -6 -2  4  4 -4  5  0 -3 -3 -4  3  4 -2    1   1   1   0   0   0   0   0   1  23  32   1  15   3   1   2   1   3  13   1  0.94 inf
  160 D   -2 -2 -1  5 -5  3  0 -2  2 -2 -4 -3 -4  0  2 -3 -2  1  2 -1    3   2   2  30   0  16   4   3   4   2   1   1   0   4  11   1   2   2   8   5  0.59 inf
  161 L    2 -4 -3 -3  0 -2 -3 -3 -3  2  3 -3  0  0 -2 -2  0 -4 -1  3   19   0   1   1   2   1   1   1   0  10  26   1   2   4   2   2   6   0   1  19  0.36 inf
  162 Y   -3 -3 -6 -6  3 -5 -6 -6 -2  2  1 -4  2  1 -6 -4 -2  3  6  3    1   1   0   0   7   0   0   0   1  13  14   1   4   4   0   1   2   4  30  17  0.94 inf
  163 K   -2  3 -2 -1  1  4  0 -5 -1 -3 -2  5  0 -5 -4 -2 -3 -5 -5 -3    2  15   2   3   3  19   4   0   1   2   5  37   2   0   0   2   1   0   0   2  0.82 inf
  164 K   -1  4  0 -2 -4 -2 -3 -3 -3 -4 -3  5 -3  1 -4  0  0 -4 -3 -3    5  25   4   2   0   1   1   1   0   1   3  32   1   8   1   8   6   0   0   2  0.68 inf
  165 F    2 -2 -1  1 -3 -2  0 -2  0 -1  1 -2  3  3 -3 -1  1 -2  1 -1   17   1   2  10   0   1   6   2   2   3  13   1   8  14   1   4   8   0   6   2  0.20 inf
  166 A    1 -1  0  1 -3  0 -1 -1  3 -3 -2  1 -1 -3 -3  2  2 -4  1 -2   15   2   3   9   0   4   3   4   7   1   3  10   1   1   0  16  13   0   5   2  0.25 inf
  167 F   -2 -2  0 -2 -3 -1 -2 -2  1 -1  1  0 -1  4 -2 -1 -2  2  4 -1    3   2   4   3   0   2   2   3   4   3  12   7   1  21   2   5   2   3  17   4  0.35 inf
  168 T    0  0  0 -2 -2 -1 -1 -2  1  0 -1  1 -1 -2  0  2  2 -1  1  0    6   4   4   1   1   1   4   2   4   5   5  12   1   1   3  21  12   1   6   6  0.16 inf
  169 N    0  1  3  0 -3  1  0 -1  2 -3 -1  3 -2  0 -1  0  0 -3 -2 -2    7   5  15   3   0   8   6   4   4   1   7  20   0   4   3   5   5   0   1   2  0.22 inf
  170 L   -2  3 -4 -5 -4  1 -4 -4 -2 -1  4  0  1  3 -5 -2 -4 -4 -3 -1    4  16   0   0   0   6   0   1   1   2  40   5   3  14   0   2   0   0   0   3  0.61 inf
  171 P   -2  2 -2  2 -3  1  3 -3 -3 -4 -4  0 -3 -3  3  1 -2 -4 -1 -3    3  12   2  13   1   5  23   1   0   1   1   6   0   1  16   9   2   0   3   2  0.51 inf
  172 S   -3  0  4  1 -5 -2 -4 -3 -5 -6 -6 -4 -6 -6 -5  6  0 -7 -6 -3    1   4  16   8   0   1   0   2   0   0   0   0   0   0   0  60   5   0   0   2  1.33 inf
  173 F   -7 -7 -7 -8 -7 -6 -7 -6 -2 -6 -4 -4  0  4 -8 -7 -6  3  9 -6    0   0   0   0   0   0   0   1   1   0   2   1   2  13   0   0   0   4  75   0  2.81 inf
  174 S    0  2 -1 -4 -5 -1 -3 -2 -4 -6 -6  4 -5 -6 -5  4  3 -6 -5 -5    6  10   2   0   0   3   0   3   0   0   0  28   0   0   0  31  17   0   0   0  0.88 inf
  175 L   -7 -7 -9 -9 -7 -7 -8 -9 -8 -3  7 -8 -3 -5 -8 -8 -6 -7 -6 -4    0   0   0   0   0   0   0   0   0   0 100   0   0   0   0   0   0   0   0   0  2.55 inf
  176 E   -5 -2  6  6 -8 -2  3 -3 -5 -8 -8 -1 -7 -8 -6 -4 -5 -8 -7 -7    0   2  36  36   0   2  17   2   0   0   0   4   0   0   0   0   0   0   0   0  1.58 inf
  177 S    3 -4  1 -3 -5 -4 -4 -5  0 -5 -5 -4 -5  1 -5  3  4 -1  3 -3   26   1   7   2   0   0   0   0   2   0   0   0   0   6   0  19  26   1   9   1  0.81 inf
  178 V   -1 -7 -8 -8 -6 -7 -7 -8 -8  3 -3 -7  2 -6 -7 -6 -5 -8 -6  7    4   0   0   0   0   0   0   0   0  11   1   0   4   0   0   0   0   0   0  79  2.09 inf
  179 A    5 -6 -5 -6  3 -5 -5 -1 -6 -6 -6 -5 -6 -6 -5  4 -2 -7  0 -3   52   0   0   0   6   0   0   5   0   0   0   0   0   0   0  31   1   0   3   2  1.35 inf
  180 Q    0  2  0 -2 -4  3  3 -2  1 -5 -4  2  0  0 -4  0 -1 -5  1 -5    9  10   3   1   0  15  23   2   3   0   1  10   2   4   0   8   3   0   5   0  0.45 inf
  181 H    2 -1 -2 -3 -2  1  3 -5  7 -3 -2 -1  0 -1 -5 -2 -1 -5  0 -1   15   3   2   1   1   6  21   0  23   1   4   2   3   3   0   2   4   0   4   4  0.62 inf
  182 E   -3 -6 -6 -6  4 -5  2 -7 -5  0  3 -6 -2  6 -6 -5 -5 -4  4 -1    3   0   0   0   8   0  13   0   0   4  29   0   1  28   0   0   0   0  11   4  1.00 inf
  183 T   -6 -7 -7 -8 -6 -6 -7 -6 -7  0  6 -7 -1  0 -4 -7 -2 -6 -5 -1    0   0   0   0   0   0   0   1   0   4  83   0   1   3   1   0   2   0   0   4  1.78 inf
  184 K   -3 -2  1  0 -5  0 -3  6 -6 -8 -8  2 -7 -5 -6 -2 -5 -7 -7 -7    1   2   7   5   0   3   1  64   0   0   0  13   0   1   0   3   0   0   0   0  1.46 inf
  185 K   -1  1 -3  0 -6  2  6 -5 -4 -1 -4  1 -2 -6 -5 -1 -2 -7 -6  0    4   6   1   5   0   7  50   0   0   4   1   7   1   0   0   5   2   0   0   7  0.91 inf
  186 G   -2  1  0 -1 -6  5 -1  4  0 -6 -6  2 -3 -6 -3  0 -1 -6 -4 -5    2   6   4   3   0  25   3  29   3   0   0  12   1   0   1   5   5   0   1   0  0.73 inf
  187 K   -6 -2 -6 -6 -9 -4 -3 -7 -6 -8 -8  8 -7 -9 -7 -6 -6 -9 -3 -8    0   1   0   0   0   0   1   0   0   0   0  97   0   0   0   0   0   0   1   0  2.95 inf
  188 L   -1 -2 -4  1 -5 -2  4 -5 -2  1  1 -2 -1 -5 -5 -3 -2 -6 -5  3    6   2   0   8   0   1  33   0   1   8  13   2   2   0   0   1   1   0   0  21  0.60 inf
  189 P   -5  0  0  7 -7 -3  2 -3 -4  1 -4  1 -6 -5 -2 -2 -3 -8 -6 -6    0   5   3  54   0   0  10   2   0   8   2   7   0   0   3   3   2   0   0   0  1.17 inf
  190 Y   -5 -1 -4 -6 -6 -4 -3 -7  7  0  2 -4  0  0 -4 -5 -4 -4  5  2    0   3   1   0   0   0   1   0  29   4  20   0   2   3   1   0   1   0  20  15  1.15 inf
  191 D   -1 -2  1  3 -5 -1  0 -1  4 -4 -5  0 -4 -4  2  2  0 -5  0 -4    4   1   5  19   0   3   6   4  11   1   1   6   0   0  11  18   5   0   4   1  0.46 inf
  192 G    0  0 -1  1 -4  1  2  2  1 -4 -4  3 -2 -4 -1  2  0 -2 -3 -3    6   5   1   8   0   5  13  13   3   0   1  19   1   0   2  15   5   1   0   1  0.34 inf
  193 P   -1 -3  0  3 -4 -1  3 -3 -1  2 -2 -2  2 -3  0  0  0 -5 -3 -1    3   1   3  18   0   2  23   2   1  14   3   2   7   1   5   7   7   0   1   3  0.37 inf
  194 I   -4 -5 -6 -5 -5 -5 -4 -6 -6  7  0 -5  4  0  0 -5 -3 -5 -1 -1    1   1   0   1   0   0   1   0   0  64   6   0   9   4   5   0   1   0   2   2  1.48 inf
  195 N    0 -2  2  0 -3 -1  0  0  0 -2 -2  0  1 -1  2  2  2 -2 -1 -2    8   2   9   4   0   1   5   6   2   1   3   4   4   3  12  14  16   1   2   2  0.20 inf
  196 K    0  3 -2  4 -5  0  3 -2  1 -2 -3  0 -2 -3 -1 -1 -1 -5 -3 -3    7  18   0  23   0   4  18   3   4   2   2   6   1   1   3   3   3   0   1   1  0.45 inf
  197 L   -2 -3 -6 -6 -5 -3 -2 -6 -1 -1  5 -5  3  3 -6 -4 -5 -4  2 -3    4   1   0   0   0   1   3   0   1   2  60   0   7  12   0   1   0   0   7   0  1.11 inf
  198 R   -2  1 -3 -5 -5  3 -4 -4  0 -4 -3 -3 -2  5 -4 -1 -5  7  6 -5    3   7   1   0   0  13   1   1   2   1   2   1   1  21   1   4   0  16  24   0  1.18 inf
  199 E    1  3  3  0 -4  1  3 -2  2 -4 -3  2 -2 -2 -4 -1  0 -3 -3 -4   11  14  16   5   0   5  17   2   5   0   3  11   1   2   0   2   5   0   1   0  0.39 inf
  200 T    0 -1  2  1 -4  1  2  3  1 -3 -3  1 -3 -3 -3  1  0 -5 -4 -4    6   3   9   8   0   6  13  21   3   1   3   8   0   1   0  10   7   0   0   0  0.31 inf
  201 N   -3 -1  4  5 -5 -1  1  2 -4 -1 -5 -2 -3 -6 -3 -2  0 -7 -6 -5    1   3  19  35   0   2   8  15   0   4   1   2   1   0   1   2   6   0   0   0  0.84 inf
  202 H   -2  1 -2 -2 -3 -2  0 -3  2 -2 -1  3  0 -1  5 -2 -3  0  0 -2    3   9   1   2   1   1   6   2   6   2   5  16   3   3  29   3   1   1   4   3  0.55 inf
  203 Q    2  2 -1  0 -4  3  3 -1  0 -3 -2  1 -1 -5  0 -1 -2 -5 -4 -3   16   9   2   3   0  16  22   4   2   1   4   7   1   0   5   3   2   0   0   2  0.38 inf
  204 R    1  6 -2 -1 -3 -1 -1 -4 -1 -6 -4  4 -5 -6 -5 -1 -1 -6 -5 -5   11  41   1   3   1   2   4   0   1   0   2  26   0   0   0   4   3   0   0   0  1.03 inf
  205 Y   -3 -6 -6 -7 -5 -6 -5 -2 -1  2  5 -6 -1  3 -6 -6 -5 -5  1  2    1   0   0   0   0   0   0   3   1  12  55   0   1  10   0   0   0   0   5  11  1.05 inf
  206 I    4 -5 -5 -6 -4 -5 -5  2 -6  3  0 -4 -3 -3 -5 -3 -2 -6 -5  3   40   0   0   0   0   0   0  13   0  16   8   1   0   1   0   0   1   0   0  20  0.84 inf
  207 S    0  2  0  0 -4  0  3 -4  2 -1 -1  2 -1 -3 -4 -1 -1 -5 -3  1    7  12   4   6   0   3  21   0   5   3   5  12   1   0   0   4   3   0   0  14  0.28 inf
  208 Y   -8 -8 -8 -9 -9 -7 -8 -9 -4 -7 -7 -8 -7 -3 -9 -8 -8 -4 10 -7    0   0   0   0   0   0   0   0   0   0   0   0   0   0   0   0   0   0 100   0  3.99 inf
  209 N   -1 -7  7 -5 10 -5 -7 -5 -6 -7 -6 -6 -7 -8 -7 -1 -5 -8 -7 -7    5   0  41   0  48   0   0   1   0   0   0   0   0   0   0   5   0   0   0   0  2.57 inf
  210 I   -2 -2 -6 -7 -5 -5 -6 -7 -6  4  4 -4  1  0 -6 -4 -3 -5  0  3    3   3   0   0   0   0   0   0   0  20  42   1   3   3   0   1   1   0   3  19  0.92 inf
  211 I   -5  3 -2 -1 -7  5  0 -5 -1 -1 -5  5 -2 -6 -5 -3 -1 -6 -2 -2    0  16   1   4   0  26   5   0   2   4   0  32   1   0   0   0   3   0   1   4  0.95 inf
  212 D   -7 -7 -2  9 -9 -6 -3 -7 -7 -9 -9 -6 -9 -9 -7 -6 -7-10 -9 -9    0   0   1  98   0   0   1   0   0   0   0   0   0   0   0   0   0   0   0   0  3.22 inf
  213 V    4 -6 -5 -4  6 -5 -5 -4 -6 -3 -5 -5 -5 -6 -5  3  0 -7 -6  2   38   0   0   1  15   0   0   1   0   1   0   0   0   0   0  23   5   0   0  17  1.11 inf
  214 E   -1  2 -3  0 -5  1  3 -5 -3  1 -1  0 -1 -1 -4 -2 -3 -1  4  2    4  12   0   5   0   5  22   0   0   7   7   4   1   2   0   2   0   1  14  16  0.38 inf
  215 S   -4 -3 -8 -8 -4 -6 -2 -8 -7  1  6 -7 -2 -4 -7 -4 -5 -6 -6 -2    1   2   0   0   0   0   3   0   0   6  85   0   0   0   0   1   0   0   0   1  1.80 inf
  216 V   -2 -6 -6 -6  4 -6 -6 -6 -7  1 -3 -6 -1 -4  4 -4  3 -7 -5  5    2   0   0   0   8   0   0   0   0   5   1   0   1   1  23   0  15   0   0  43  1.21 inf
  217 Q   -3 -1  0 -3 -3  2 -2 -1 -1  0  3  0  2 -3 -5 -3 -1  5 -1  1    0   4   4   2   0   9   2   5   2   5  33   6   5   0   0   1   3   8   2  10  0.38 inf
  218 A   -3  5 -2  4 -7  1  2 -2 -4 -6 -3  3 -2 -6 -5 -3 -4 -6 -4 -6    2  32   1  20   0   5  14   3   0   0   2  18   1   0   0   1   0   0   1   0  0.94 inf
  219 I   -6 -7 -8 -8 -5 -7 -7 -8 -7  5  6 -7  0 -4 -7 -7 -5 -6 -5 -1    0   0   0   0   0   0   0   0   0  32  63   0   1   0   0   0   0   0   0   3  1.72 inf
  220 D   -2 -3  0  4 -4 -1  2 -1 -3 -3  1 -3  3  4 -4 -2 -3 -3  0 -3    2   0   4  25   0   2  12   4   0   0  12   0  10  24   0   2   0   0   2   0  0.53 inf
  221 K   -1  3  0  1 -5  2  4 -1 -2 -5 -4  3 -2 -5 -3 -2 -3 -5 -4 -4    5  17   3   7   0   9  33   4   0   0   1  19   1   0   0   1   0   0   0   0  0.67 inf
  222 I   -4  1 -3 -4 -6  0  1 -5 -4 -3  0  7 -4 -6 -4 -3 -4 -6 -5 -5    0   4   0   0   0   3   7   0   0   1   9  75   0   0   0   0   0   0   0   0  1.45 inf
  223 R   -2  3  1 -3 -3  2 -2 -4 -2  1  2 -1  4 -2 -3 -2  2 -3 -3 -1    2  22   7   0   0  12   0   0   0   8  20   0  14   0   0   0  15   0   0   0  0.33 inf
  224 G   -2 -2  4 -2  7  4 -2  1 -2 -4 -3 -1  2 -4 -4 -2 -2 -4 -4 -3    0   0  25   0  26  24   0  13   0   0   0   3   8   0   0   0   0   0   0   0  0.80 inf
  225 F   -4 -4 -5 -5 -4 -4 -5 -5 -2 -1  2 -4 -1  7 -5 -4 -3 -1  4 -2    0   0   0   0   0   0   0   0   0   0  17   0   0  69   0   0   0   0  14   0  1.33 inf

                      K         Lambda
Standard Ungapped    0.1394     0.3203
Standard Gapped      0.0434     0.2670
PSI Ungapped         0.1399     0.3105
PSI Gapped           0.0434     0.2670
