
Last position-specific scoring matrix computed, weighted observed percentages rounded down, information per position, and relative weight of gapless real matches to pseudocounts
           A  R  N  D  C  Q  E  G  H  I  L  K  M  F  P  S  T  W  Y  V   A   R   N   D   C   Q   E   G   H   I   L   K   M   F   P   S   T   W   Y   V
    1 A    4 -2 -2 -2 -1 -1 -1  0 -2 -1 -2 -1 -1 -2 -1  1  0 -3 -2  0  100   0   0   0   0   0   0   0   0   0   0   0   0   0   0   0   0   0   0   0  0.43 inf
    2 H   -2  2  1  3 -3  0  0 -2  6 -3 -3  0 -2 -2 -2 -1 -2 -3  0 -3    0  21   0  26   0   0   0   0  54   0   0   0   0   0   0   0   0   0   0   0  0.54 inf
    3 M   -1 -2 -3 -3 -2 -1 -2 -3 -2  1  2 -2  6  3 -3 -2 -1 -1  0  0    0   0   0   0   0   0   0   0   0   0   0   0  81  19   0   0   0   0   0   0  0.40 inf
    4 V    0 -3 -3 -4 -1 -2 -3 -4 -3  2  2 -3  1 -1 -3 -2  0 -3 -1  4    0   0   0   0   0   0   0   0   0   0  17   0   0   0   0   0   0   0   0  83  0.36 inf
    5 P    0 -2 -1 -1 -3 -1 -1 -2 -2 -3 -3 -1 -3 -4  7  1 -1 -4 -3 -2    0   0   0   0   0   0   0   0   0   0   0   0   0   0  79  21   0   0   0   0  1.54 inf
    6 M   -1 -2 -3 -4 -2 -2 -3 -4 -3  1  4 -2  4  0 -3 -2 -1 -2 -1  1    0   0   0   0   0   0   0   0   0   0  62   0  38   0   0   0   0   0   0   0  0.41 inf
    7 D   -2  2  0  4 -3  2  2 -2  0 -3 -3  0 -2 -1 -2 -1 -1 -1  3 -3    0  17   0  38   0  15  10   0   0   0   0   0   0   0   0   0   0   0  20   0  0.38 inf
    8 K   -1  2  0 -1 -3  3  1 -2 -1 -2 -2  4 -1 -3 -1  0  1 -3 -2 -2    0   0   0   0   0  20   0   0   0   0   0  63   0   0   0   0  17   0   0   0  0.41 inf
    9 T    0 -1  3 -1 -1 -1 -1 -2 -1 -1 -2 -1 -1 -3 -1  1  5 -3 -2 -1    0   0  20   0   0   0   0   0   0   0   0   0   0   0   0   0  80   0   0   0  0.45 inf
   10 L   -2 -2 -3 -4 -1 -2 -3 -4 -3  1  4 -2  3  0 -3 -2 -1 -2 -1  1    0   0   0   0   0   0   0   0   0   0  80   0  20   0   0   0   0   0   0   0  0.44 inf
   11 K    1  1  0  0 -2  2  3 -1 -1 -3 -3  2 -2 -3 -1  1  0 -3 -2 -2    9   0   0   0   0  10  33   0   0   0   0  28   0   0   0  20   0   0   0   0  0.35 inf
   12 E   -1 -1  0  4 -4  1  4  2 -1 -4 -4  0 -3 -4 -2  0 -1 -3 -3 -3    0   0   0  35   0   0  48  17   0   0   0   0   0   0   0   0   0   0   0   0  0.56 inf
   13 F   -2 -2 -2 -3 -3  1 -2 -3 -1 -1  0 -2  0  6 -3 -2 -2  0  2 -1    0   0   0   0   0  20   0   0   0   0   0   0   0  80   0   0   0   0   0   0  0.57 inf
   14 G    0 -3 -1 -2 -3 -2 -2  6 -2 -4 -4 -2 -3 -3 -2  0 -2 -3 -3 -3    0   0   0   0   0   0   0 100   0   0   0   0   0   0   0   0   0   0   0   0  1.11 inf
   15 A    4 -2 -2 -2 -1 -1 -1  0 -2 -2 -2 -1 -1 -2 -1  1  0 -3 -2  0  100   0   0   0   0   0   0   0   0   0   0   0   0   0   0   0   0   0   0   0  0.46 inf
   16 D   -1  0  0  4 -2  0  1 -2 -1 -1 -2  1 -1 -3 -2  0  1 -4 -2  0    0   0   0  38   0   0   9   0   0   0   0  20   0   0   0   0  15   0   0  17  0.28 inf
   17 V    0 -3 -3 -3 -1 -2 -3 -3 -3  3  1 -3  1 -1 -3 -2  0 -3 -1  4    0   0   0   0   0   0   0   0   0   0   0   0   0   0   0   0   0   0   0 100  0.41 inf
   18 Q   -1  2 -1 -1 -3  4  1 -2  0 -1 -1  2 -1 -3 -2 -1 -1 -3 -2  0    0  15   0   0   0  48   0   0   0   0   0  17   0   0   0   0   0   0   0  20  0.33 inf
   19 W   -2 -1 -3 -4 -3 -1 -2 -3 -2 -3 -2  1 -2  0 -3 -2 -2 11  2 -3    0   0   0   0   0   0   0   0   0   0   0  20   0   0   0   0   0  80   0   0  1.83 inf
   20 D   -2 -2  1  6 -4  0  1 -2 -1 -3 -4 -1 -3 -4 -2  0 -1 -5 -3 -4    0   0   0 100   0   0   0   0   0   0   0   0   0   0   0   0   0   0   0   0  1.02 inf
   21 D    1 -2  1  5 -2  0  1 -1 -1 -3 -3 -1 -3 -3 -1  1  0 -4 -3 -2   15   0   0  67   0   0   0   0   0   0   0   0   0   0   0  17   0   0   0   0  0.59 inf
   22 Y   -2 -2 -3 -4 -3 -2 -3 -3  1 -1 -1 -3 -1  5 -3 -2 -2  2  6 -1    0   0   0   0   0   0   0   0   0   0   0   0   0  37   0   0   0   0  63   0  0.79 inf
   23 A    4 -2 -1 -2 -1 -1 -1  0 -2 -1 -2 -1 -1 -2 -1  1  2 -3 -2  0   80   0   0   0   0   0   0   0   0   0   0   0   0   0   0   0  20   0   0   0  0.37 inf
   24 Q   -1  0  4  0 -3  4  1  2  0 -3 -3  0 -1 -3 -2  0 -1 -3 -2 -3    0   0  35   0   0  48   0  17   0   0   0   0   0   0   0   0   0   0   0   0  0.46 inf
   25 L   -1 -2 -2 -2 -1 -1 -2 -3 -2  1  2 -2  3 -1 -2  0  3 -2 -1  1    0   0   0   0   0   0   0   0   0   0  18   0  30   0   0   0  37   0   0  15  0.22 inf
   26 F   -2 -3 -3 -4 -2 -3 -3 -3  0  1  0 -3  0  5 -3 -2 -2  1  5  0    0   0   0   0   0   0   0   0   0  17   0   0   0  48   0   0   0   0  35   0  0.57 inf
   27 T    1 -1  0 -1 -1 -1 -1 -1 -2 -1 -1 -1 -1 -2 -1  1  5 -3 -2  0   17   0   0   0   0   0   0   0   0   0   0   0   0   0   0   0  83   0   0   0  0.44 inf
   28 L   -2 -3 -4 -4 -1 -3 -3 -4 -3  4  3 -3  2  0 -3 -3 -1 -2 -1  2    0   0   0   0   0   0   0   0   0  62  38   0   0   0   0   0   0   0   0   0  0.39 inf
   29 I    2 -2 -1 -2 -1 -1 -1 -1 -2  2  0 -1  0 -2 -1  1  3 -3 -2  1   24   0   0   0   0   0   0   0   0  28   0   0   0   0   0  10  37   0   0   0  0.19 inf
   30 K   -1  3  0 -1 -3  1  1 -2 -1 -3 -3  5 -2 -3 -1  0 -1 -3 -2 -3    0  15   0   0   0   0   0   0   0   0   0  85   0   0   0   0   0   0   0   0  0.56 inf
   31 D   -1 -1  4  4 -3 -1  0  2 -1 -4 -4 -1 -3 -4 -2  0 -1 -4 -3 -3    0   0  33  48   0   0   0  20   0   0   0   0   0   0   0   0   0   0   0   0  0.60 inf
   32 G    1 -2  0 -1 -2 -1 -1  4 -2 -3 -3 -1 -2 -3 -2  3  0 -3 -2 -3    0   0   0   0   0   0   0  48   0   0   0   0   0   0   0  52   0   0   0   0  0.54 inf
   33 A    3 -2 -1 -2 -1 -1 -1 -1 -2  1 -1 -1  0 -2 -1  1  3 -3 -2  1   48   0   0   0   0   0   0   0   0  20   0   0   0   0   0   0  33   0   0   0  0.22 inf
   34 Y   -1 -2 -3 -4 -2 -2 -3 -3 -1  1  1 -3  0  3 -3 -2 -1  0  4  2    0   0   0   0   0   0   0   0   0   0  17   0   0  20   0   0   0   0  28  35  0.32 inf
   35 V    0 -3 -3 -3 -1 -2 -3 -3 -3  3  1 -3  1 -1 -3 -2  0 -3 -1  4    0   0   0   0   0   0   0   0   0   0   0   0   0   0   0   0   0   0   0 100  0.41 inf
   36 K   -1  4  0 -1 -3  1  0 -2 -1 -3 -3  4 -2 -3 -2 -1 -1 -3 -2 -3    0  35   0   0   0   0   0   0   0   0   0  65   0   0   0   0   0   0   0   0  0.57 inf
   37 V    1 -3 -3 -3 -1 -2 -2 -2 -3  2  0 -2  0 -1 -2 -1  0 -3 -1  4   20   0   0   0   0   0   0   0   0   0   0   0   0   0   0   0   0   0   0  80  0.29 inf
   38 K   -1  3  0 -1 -3  1  1 -2 -1 -3 -3  5 -2 -3 -1  0 -1 -3 -2 -3    0  15   0   0   0   0   0   0   0   0   0  85   0   0   0   0   0   0   0   0  0.56 inf
   39 P   -1 -2 -2 -2 -3 -2 -1 -2 -2 -3 -3 -1 -3 -4  8 -1 -1 -4 -3 -3    0   0   0   0   0   0   0   0   0   0   0   0   0   0 100   0   0   0   0   0  2.11 inf
   40 G    0 -2  4  0 -3 -1 -1  5 -1 -4 -4 -1 -3 -3 -2  0 -1 -3 -3 -3    0   0  37   0   0   0   0  63   0   0   0   0   0   0   0   0   0   0   0   0  0.72 inf
   41 A    4 -1 -1 -1 -1 -1 -1  0 -2 -2 -2 -1 -1 -3 -1  3  1 -3 -2 -1   63   0   0   0   0   0   0   0   0   0   0   0   0   0   0  37   0   0   0   0  0.38 inf
   42 Q   -1  1  4  0 -3  2  0 -1  3 -3 -3  2 -2 -3 -2  0 -1 -3 -1 -3    0   0  47   0   0  18   0   0  15   0   0  20   0   0   0   0   0   0   0   0  0.44 inf
   43 T   -1 -1 -1 -1 -2  2  1 -2 -1  1 -1  0  0 -2 -2  0  3 -3 -2  0    0   0   0   0   0  20  15   0   0  17   0   0   0   0   0   0  48   0   0   0  0.24 inf
   44 A    4 -2 -2 -2 -1 -1 -1  0 -2  0 -1 -1 -1 -2 -1  1  0 -3 -2  1   80   0   0   0   0   0   0   0   0   0   0   0   0   0   0   0   0   0   0  20  0.32 inf
   45 I   -2 -3 -4 -4 -1 -3 -3 -4 -3  3  3 -3  2  0 -3 -3 -1 -2 -1  2    0   0   0   0   0   0   0   0   0  48  52   0   0   0   0   0   0   0   0   0  0.40 inf
   46 V    0 -3 -3 -3 -1 -2 -3 -3 -3  3  1 -3  1 -1 -3 -2  0 -3 -1  4    0   0   0   0   0   0   0   0   0   0   0   0   0   0   0   0   0   0   0 100  0.41 inf
   47 N   -2 -1  6  1 -3  0  0 -1  0 -4 -4  0 -2 -3 -2  0  0 -4 -2 -3    0   0 100   0   0   0   0   0   0   0   0   0   0   0   0   0   0   0   0   0  0.83 inf
   48 G    0 -3 -1 -2 -3 -2 -2  6 -2 -4 -4 -2 -3 -3 -2  0 -2 -3 -3 -3    0   0   0   0   0   0   0 100   0   0   0   0   0   0   0   0   0   0   0   0  1.11 inf
   49 Q   -1  2  0 -1 -3  4  1 -2  0 -3 -3  4 -1 -3 -1  0 -1 -3 -2 -2    0   0   0   0   0  51   0   0   0   0   0  49   0   0   0   0   0   0   0   0  0.54 inf
   50 P   -1  2 -2 -2 -3 -1 -1 -2 -2 -3 -3  0 -2 -4  7  0 -1 -4 -3 -3    0  17   0   0   0   0   0   0   0   0   0   0   0   0  72  10   0   0   0   0  1.37 inf
   51 L   -2 -2 -4 -4 -1 -2 -3 -4 -3  2  4 -3  2  0 -3 -3 -1 -2 -1  1    0   0   0   0   0   0   0   0   0   0 100   0   0   0   0   0   0   0   0   0  0.51 inf
   52 A    1  2  0  1 -2  1  2 -1 -1 -2 -2  2 -2 -3 -1  0  1 -3 -2 -2   28  15   0  10   0   0  17   0   0   0   0  20   0   0   0   0  10   0   0   0  0.24 inf
   53 L   -2 -2 -3 -4 -1 -2 -3 -4 -3  1  4 -2  3  0 -3 -2 -1 -2 -1  1    0   0   0   0   0   0   0   0   0   0  83   0  17   0   0   0   0   0   0   0  0.45 inf
   54 Q    0  0  0  0 -2  3  2 -1  0 -3 -3  0 -1 -3  2  3  0 -3 -2 -2    0   0   0   0   0  28  17   0   0   0   0   0   0   0  10  44   0   0   0   0  0.40 inf
   55 V    1 -3 -3 -3 -1 -2 -2 -2 -3  2  0 -2  0 -1 -2 -1  0 -3 -1  4   17   0   0   0   0   0   0   0   0   0   0   0   0   0   0   0   0   0   0  83  0.30 inf
   56 P   -1 -2 -2 -2 -3 -2 -1 -2 -2 -3 -3 -1 -3 -4  8 -1 -1 -4 -3 -3    0   0   0   0   0   0   0   0   0   0   0   0   0   0 100   0   0   0   0   0  2.11 inf
   57 V   -1 -3 -3 -4 -1 -2 -3 -4 -3  2  2 -3  1 -1 -3 -2  0 -3 -1  4    0   0   0   0   0   0   0   0   0   0  20   0   0   0   0   0   0   0   0  80  0.36 inf
   58 V   -1 -3 -3 -4 -1 -3 -3 -4 -3  3  2 -3  1 -1 -3 -2  0 -3 -1  4    0   0   0   0   0   0   0   0   0  17  20   0   0   0   0   0   0   0   0  63  0.34 inf
   59 M   -1 -2 -3 -3 -2 -1 -3 -3 -2  2  2 -2  5  0 -3 -2 -1 -2 -1  1    0   0   0   0   0   0   0   0   0  20  15   0  65   0   0   0   0   0   0   0  0.37 inf
   60 K   -1  3  0 -1 -3  1  1 -2 -1 -3 -3  5 -2 -3 -1  0 -1 -3 -2 -3    0  15   0   0   0   0   0   0   0   0   0  85   0   0   0   0   0   0   0   0  0.56 inf
   61 D   -1  0  2  4 -3  0  2  1 -1 -3 -4  1 -3 -4 -2  0 -1 -4 -3 -3    0   0  10  47   0   0  10  15   0   0   0  17   0   0   0   0   0   0   0   0  0.48 inf
   62 N   -1 -1  5  0 -3 -1 -1  4  0 -4 -4 -1 -3 -3 -2  0 -1 -3 -3 -3    0   0  55   0   0   0   0  45   0   0   0   0   0   0   0   0   0   0   0   0  0.65 inf
   63 K   -1  1 -1 -1 -3  3  1 -2 -1 -2  0  4  0 -2 -2 -1 -1 -3 -2 -2    0   0   0   0   0  25   0   0   0   0  17  57   0   0   0   0   0   0   0   0  0.33 inf
   64 A    3 -2 -2 -2 -1 -1 -1 -1 -2 -2 -2 -1 -2 -3  5  1  0 -3 -2 -1   65   0   0   0   0   0   0   0   0   0   0   0   0   0  35   0   0   0   0   0  0.67 inf
   65 W   -2 -3 -3 -4 -2 -3 -3 -3 -1  0  0 -3  0  4 -4 -2 -2  8  4  1    0   0   0   0   0   0   0   0   0   0   0   0   0  35   0   0   0  28  17  20  0.74 inf
   66 V   -1 -3 -3 -3 -1 -3 -3 -4 -3  4  1 -3  1 -1 -3 -2  0 -3 -1  4    0   0   0   0   0   0   0   0   0  39   0   0   0   0   0   0   0   0   0  61  0.38 inf
   67 S    2 -1  0 -1 -1 -1 -1  2 -1 -3 -3 -1 -2 -3  2  3  1 -3 -2 -2   15   0   0   0   0   0   0  20   0   0   0   0   0   0  10  55   0   0   0   0  0.39 inf
   68 D   -1  0  1  4 -4  1  3 -2  4 -3 -3  2 -2 -3 -2  0 -1 -3 -1 -3    0   0   0  38   0   0  25   0  17   0   0  20   0   0   0   0   0   0   0   0  0.48 inf
   69 T    0 -1  0  2 -2  0  0 -2  3 -2 -2 -1 -1 -2 -1  2  3 -3 -1 -1    0   0   0  20   0   0   0   0  17   0   0   0   0   0   0  15  48   0   0   0  0.32 inf
   70 F   -3 -3 -3 -4 -3 -4 -4 -3 -1  0  0 -3  0  7 -4 -3 -2  1  3 -1    0   0   0   0   0   0   0   0   0   0   0   0   0 100   0   0   0   0   0   0  0.85 inf
   71 I   -2 -3 -3 -4 -2 -3 -4 -4 -3  4  1 -3  1  3 -3 -3 -1 -2  0  2    0   0   0   0   0   0   0   0   0  80   0   0   0  20   0   0   0   0   0   0  0.38 inf
   72 N   -1 -1  6  1 -3  0  0 -1  0 -3 -4  0 -2 -3 -2  2  0 -4 -2 -3    0   0  83   0   0   0   0   0   0   0   0   0   0   0   0  17   0   0   0   0  0.67 inf
   73 D   -1 -1  2  4 -4  1  4 -2  0 -3 -3  0 -3 -4 -2  0 -1 -4 -3 -3    0   0   9  39   0   0  52   0   0   0   0   0   0   0   0   0   0   0   0   0  0.65 inf
   74 V    0 -3 -3 -3 -1 -2 -3 -3 -3  3  1 -3  1 -1 -3 -2  0 -3 -1  4    0   0   0   0   0   0   0   0   0   0   0   0   0   0   0   0   0   0   0 100  0.41 inf
   75 F   -3 -3 -3 -4 -3 -4 -4 -3 -1  0  0 -3  0  7 -4 -3 -2  1  3 -1    0   0   0   0   0   0   0   0   0   0   0   0   0 100   0   0   0   0   0   0  0.85 inf
   76 Q   -1  1  0 -1 -3  6  2 -2  0 -3 -2  1 -1 -4 -2  0 -1 -2 -2 -3    0   0   0   0   0 100   0   0   0   0   0   0   0   0   0   0   0   0   0   0  0.76 inf
   77 S    1 -1  0  0 -1  0  0  0 -1 -3 -3  0 -2 -3 -1  4  1 -3 -2 -2    0   0   0   0   0   0   0   0   0   0   0   0   0   0   0 100   0   0   0   0  0.52 inf
   78 G    0 -3 -1 -2 -3 -2 -2  6 -2 -4 -4 -2 -3 -3 -2  0 -2 -3 -3 -3    0   0   0   0   0   0   0 100   0   0   0   0   0   0   0   0   0   0   0   0  1.11 inf
   79 L   -2 -2 -4 -4 -1 -2 -3 -4 -3  2  4 -3  2  0 -3 -3 -1 -2 -1  1    0   0   0   0   0   0   0   0   0   0 100   0   0   0   0   0   0   0   0   0  0.51 inf
   80 D   -2 -2  1  6 -4  0  1 -2 -1 -3 -4 -1 -3 -4 -2  0 -1 -5 -3 -4    0   0   0 100   0   0   0   0   0   0   0   0   0   0   0   0   0   0   0   0  1.02 inf
   81 Q   -1  1  0 -1 -3  6  2 -2  0 -3 -2  1 -1 -4 -2  0 -1 -2 -2 -3    0   0   0   0   0 100   0   0   0   0   0   0   0   0   0   0   0   0   0   0  0.76 inf
   82 T    0 -1  0 -1 -1 -1 -1 -2 -2 -1 -1 -1 -1 -2 -1  1  5 -3 -2  0    0   0   0   0   0   0   0   0   0   0   0   0   0   0   0   0 100   0   0   0  0.55 inf

                      K         Lambda
Standard Ungapped    0.1341     0.3186
Standard Gapped      0.0410     0.2670
PSI Ungapped         0.1341     0.3186
PSI Gapped           0.0410     0.2670
