
Last position-specific scoring matrix computed, weighted observed percentages rounded down, information per position, and relative weight of gapless real matches to pseudocounts
           A  R  N  D  C  Q  E  G  H  I  L  K  M  F  P  S  T  W  Y  V   A   R   N   D   C   Q   E   G   H   I   L   K   M   F   P   S   T   W   Y   V
    1 D   -2 -2  1  6 -4 -1  1 -2 -1 -4 -4 -1 -4 -4 -2 -1 -1 -5 -4 -4    0   0   0 100   0   0   0   0   0   0   0   0   0   0   0   0   0   0   0   0  1.07 inf
    2 V   -1 -2  0 -3 -1 -2 -2 -3 -3  2  2 -2  1 -1 -3 -1  1 -3 -2  3    0   0   7   0   0   0   0   0   0   7  29   0   0   0   0   0  14   0   0  43  0.25 inf
    3 S    0 -2  0 -2 -2  0 -1 -2 -2  0  1 -1  4 -2  0  2  1 -3 -2  0    8   0   5   0   0   4   0   0   0   0   9   0  28   0   4  28   5   0   0   8  0.18 inf
    4 G    3 -3 -2 -2 -2 -2 -1  5 -3 -4 -4 -2 -3 -4 -1  0 -2 -3 -3 -3   33   0   0   0   0   0   3  57   0   0   0   0   0   0   2   4   0   0   0   0  0.77 inf
    5 T    1 -2 -1  1 -2 -1 -1 -2 -1 -2 -2 -2 -2 -3 -2  2  5 -4 -3 -1   12   1   0   7   0   1   0   0   2   1   0   0   0   0   0  15  57   0   0   3  0.55 inf
    6 V   -1 -4 -4 -5  6 -4 -4 -4 -4  4  0 -4 -1 -2 -4 -3 -1 -4 -3  4    1   0   0   0  25   0   0   0   0  36   0   0   0   0   0   0   1   0   0  37  0.87 inf
    7 C    3  0  0 -1  4  0 -1 -1 -2 -3 -3  0 -2 -3  2  1  1 -4 -3 -2   34   5   5   2  14   5   1   1   0   0   0   3   0   0  10  11   8   0   0   1  0.35 inf
    8 L    1 -1 -2 -2 -2 -1  0 -3 -2  1  1  0  1 -1 -1 -1  0 -2  1  2   14   2   0   0   0   0  10   0   0   3  19   5   4   1   3   2   3   0   7  27  0.12 inf
    9 S    3 -1  1  2 -2  0  0  0 -1 -3 -3 -1 -2 -4 -2  3  1 -4 -3 -2   34   2   5  14   0   3   2   4   1   0   0   0   0   0   0  28   6   0   0   1  0.38 inf
   10 A    1  0 -1  2 -3  3  2 -1 -1 -3 -3  0 -2 -1 -2  1  0 -3 -2 -2   19   4   0  15   0  18  15   2   0   0   0   4   0   4   0  14   6   0   0   0  0.31 inf
   11 L   -3 -4 -5 -5 -3 -4 -4 -5 -4  2  6 -4  1 -1 -4 -4 -3 -3 -3  0    0   0   0   0   0   0   0   0   0   6  91   0   0   0   0   0   0   0   0   2  1.09 inf
   12 P   -3 -4 -4 -4 -5 -3 -3 -4 -4 -5 -5 -3 -5 -6  8 -2 -3 -6 -5 -5    0   0   0   0   0   0   0   0   0   0   0   0   0   0  98   2   0   0   0   0  2.77 inf
   13 P    2  2  0  0 -3  0 -1 -1 -2 -2 -3  1 -2 -4  4  1  0 -4 -3 -1   27  13   4   4   0   4   2   1   0   1   0   6   0   0  20  10   5   0   0   4  0.37 inf
   14 E   -3 -1 -2 -1 -5  5  6 -4 -2 -5 -4  1 -3 -5 -3 -2 -3 -4 -4 -4    0   0   0   0   0  27  68   0   0   0   0   5   0   0   0   0   0   0   0   0  1.28 inf
   15 A    5 -3 -3 -3 -2 -2 -3  1 -3 -1 -1 -2  0 -3 -3 -1 -1 -4 -3 -1   75   0   0   0   0   0   0  11   0   2   6   0   3   0   0   0   1   0   0   3  0.76 inf
   16 T    0  4 -1  0 -3  3  0 -3  2 -2 -2  1  0 -2 -3 -1  0  1  1 -1    7  34   1   4   0  15   4   0   6   1   0   4   4   0   0   1   5   2   7   5  0.34 inf
   17 D    1  1  1  3 -3  2  3 -2 -1 -3 -3  0 -2 -4 -2  0  0 -4 -3 -2   16   8   5  24   0  14  19   1   0   0   1   1   0   0   1   2   7   0   0   2  0.39 inf
   18 T    0 -3 -2 -3 -3 -1 -3 -3 -3 -1 -1 -2  0 -3 -3  0  6 -4 -3  1    5   0   0   0   0   3   0   0   0   1   5   0   2   0   0   0  75   0   0   9  0.93 inf
   19 L   -1 -2 -4 -4 -2 -1 -3 -4 -3  3  4 -3  1  0 -1 -3 -2  2  1  1    4   1   0   0   0   3   0   0   0  23  47   0   1   1   2   0   0   3   7   8  0.44 inf
   20 N    1  2  1  3 -3  0  2 -1  0 -3 -3  1 -2 -4 -2  0 -1 -4 -3 -1   16  15   5  25   0   2  11   2   1   0   1  12   0   0   0   2   3   0   0   5  0.30 inf
   21 L   -1  2 -1  1 -3 -1 -2 -3 -3 -1  4  0  0 -2 -3 -1 -1 -3 -3 -1    4  17   2  12   0   1   0   0   0   0  53   5   1   0   0   2   3   0   0   0  0.34 inf
   22 I   -3 -5 -5 -5 -3 -5 -5 -6 -5  7  0 -5 -1 -2 -5 -4 -3 -5 -3  1    0   0   0   0   0   0   0   0   0  98   0   0   0   0   0   0   0   0   0   2  1.56 inf
   23 A    1  1 -1  2 -3  2  2 -2  1 -2  0  2 -1 -3 -2  0 -1 -3 -2 -2   13   6   0  17   0  11  16   0   3   0  13  14   0   0   0   2   2   0   1   0  0.25 inf
   24 S    3  2  0 -1 -2  2  0 -1  1 -3 -2  1 -2 -3 -2  2  0 -3 -2 -2   31  10   2   3   0  15   3   1   3   0   3   9   0   0   0  15   5   0   0   0  0.29 inf
   25 D   -1 -4  1  0 -4 -3 -3  6 -3 -5 -5 -3 -4 -5 -4 -2 -3 -4 -5 -5    3   0   8   6   0   0   0  84   0   0   0   0   0   0   0   0   0   0   0   0  1.45 inf
   26 G   -1 -2  0 -3 -4 -2 -1  6 -3 -5 -5 -1 -4 -5 -4 -2 -3 -4 -4 -3    3   2   3   0   0   2   3  82   0   0   0   3   0   0   0   0   0   0   0   2  1.29 inf
   27 P   -1 -1 -3 -2 -5 -1 -1 -4 -4 -5 -5  0 -4 -5  8 -2 -2 -5 -5 -4    5   3   0   2   0   2   3   0   0   0   0   4   0   0  80   0   1   0   0   0  1.98 inf
   28 F   -3 -3 -3 -2 -3 -1 -3 -4  0 -2 -1 -3 -1  7 -4 -2 -3  0  5 -2    1   1   0   2   0   3   1   1   2   1   4   1   0  53   1   2   1   0  28   1  1.02 inf
   29 P    0  1 -3  1 -4 -1 -1 -3 -3 -3 -4 -1 -4 -5  7 -1 -1 -5 -4 -3    9   9   0   8   0   1   4   0   0   2   0   1   0   0  63   2   2   0   0   0  1.36 inf
   30 Y   -3 -3 -2 -4 -4 -3 -4  0  4 -3 -3 -4 -3  3 -5 -2 -3  0  8 -3    0   0   1   0   0   0   0   8  10   0   0   0   0  13   0   2   0   0  66   0  1.40 inf
   31 S   -1  2 -1  2 -3 -1  1 -2 -2 -4 -4 -1 -3 -4  5  2  0 -4 -3 -3    3  16   1  11   0   1   9   1   0   0   0   0   0   0  35  18   5   0   1   0  0.70 inf
   32 Q   -2  4  2  0 -4  3  1 -3  0 -4 -4  4 -2 -4 -3 -1 -2 -4 -3 -4    1  23  14   2   0  20   7   0   1   0   0  29   1   0   0   0   0   0   0   0  0.64 inf
   33 D   -4 -4 -1  8 -6 -2  0 -1 -3 -5 -6 -3 -5 -6 -4 -2 -3 -6 -5 -5    0   0   0  95   0   0   0   5   0   0   0   0   0   0   0   0   0   0   0   0  1.89 inf
   34 G   -2 -4  1  0 -4 -3 -3  7 -3 -6 -5 -3 -4 -5 -4 -2 -3 -4 -5 -5    0   0   7   5   0   0   0  89   0   0   0   0   0   0   0   0   0   0   0   0  1.59 inf
   35 V    0 -1 -2 -2 -2 -1 -2 -2 -3  2 -1  0 -1 -2 -2  2  3 -4 -2  2    7   3   0   0   0   1   0   1   0  14   0   8   0   0   0  17  25   0   0  24  0.28 inf
   36 V   -1  1 -2 -3 -2 -2 -3 -4  3  1  0 -2 -1 -2  1 -2  1 -4 -2  4    2  10   2   0   0   0   0   0   9   3   4   1   0   0   8   0  11   0   0  51  0.40 inf
   37 F   -4 -5 -5 -6 -4 -5 -5 -5 -3 -2 -1 -5 -2  8 -6 -4 -4  4  2 -3    0   0   0   0   0   0   0   0   0   0   3   0   0  90   0   0   0   5   2   0  1.92 inf
   38 Q   -1  1  0  0 -4  3 -1  5  0 -4 -4  0 -3 -4 -3  0 -2 -3 -2 -4    3   7   3   4   0  23   1  47   2   0   0   3   0   0   0   4   1   0   2   0  0.63 inf
   39 N   -4 -3  8 -1 -5 -2 -2 -3 -1 -6 -6 -2 -4 -5 -4 -1 -2 -6 -4 -5    0   0 100   0   0   0   0   0   0   0   0   0   0   0   0   0   0   0   0   0  2.08 inf
   40 R   -3  5  1 -1 -4 -1 -2 -4  0 -3 -2  0 -2  2 -4 -1 -2 -2  4 -3    0  49   7   4   0   0   0   0   2   0   3   0   0   8   0   5   1   0  22   0  0.70 inf
   41 E    0 -2 -2  1 -5  0  6 -4 -2 -5 -4 -1 -4 -1 -3  0 -2 -4 -3 -4    6   0   0   3   0   1  81   0   0   0   0   0   0   4   0   5   0   0   0   0  1.18 inf
   42 S   -1  4  1 -2 -4  1 -1  4  0 -4 -4  1 -3 -4 -3 -1 -2 -4 -3 -4    4  29   6   0   0   6   1  40   3   0   0   8   0   0   0   3   0   0   0   0  0.62 inf
   43 V   -1  3 -2 -3 -3  0 -2 -3 -1  2  2  1  0 -2 -3 -1 -2 -3 -2  1    6  28   0   0   0   2   0   0   1  14  28   7   0   0   0   2   0   0   0  12  0.29 inf
   44 L   -3 -4 -5 -5 -3 -4 -4 -5 -4  0  6 -4  0 -1 -5 -2 -3 -3 -3 -1    0   0   0   0   0   0   0   0   0   0  96   0   0   0   0   4   0   0   0   0  1.18 inf
   45 P   -3 -4 -4 -3 -5 -2 -3 -4 -4 -5 -5 -3 -4 -5  8 -3 -3 -5 -5 -4    0   0   0   0   0   2   0   0   0   0   0   0   0   0  96   0   0   0   0   0  2.66 inf
   46 T    1  1 -1  1 -3  3  1 -1  1 -3 -2  2 -2 -3  1  1  0 -3 -2 -2   19   6   0  11   0  17   6   1   4   0   3  14   0   0   5  10   4   0   0   0  0.26 inf
   47 Q   -1  3 -1 -1 -1  4  2 -1  4 -3 -3  2 -1 -4 -3 -1 -1 -4 -2 -3    3  17   1   0   2  26  16   4  14   2   0  11   1   0   0   1   3   0   0   0  0.47 inf
   48 S    0  2 -1  0 -3  1  0  0 -1 -4 -4  2 -3 -4  5  1 -1 -4 -3 -3    5  13   1   3   0   7   5   6   1   0   0  14   0   0  28  15   1   0   0   0  0.54 inf
   49 Y    0  5  0 -1 -4  0 -1 -1 -1 -4 -3  1 -3 -4 -1  1  0 -4 -1 -3    7  53   2   2   0   2   1   3   1   0   1   3   0   0   3  15   4   0   2   0  0.60 inf
   50 G   -2 -4  1 -1 -4 -2 -3  6 -3 -1 -5 -3 -4 -5 -4 -1 -3 -4 -4 -4    0   0   7   3   0   1   1  81   0   5   0   0   0   0   0   2   0   0   0   0  1.29 inf
   51 Y   -3 -4 -4 -5 -4 -3 -4 -5  2 -3 -3 -4 -3  2  1 -3 -3  2  8 -1    0   0   0   0   0   0   0   0   3   0   0   0   0   3   7   2   0   2  78   5  1.65 inf
   52 Y   -4 -4 -4 -6 -5 -4 -4 -5  0 -4 -3 -4 -3  1 -5 -4 -4  0  9 -4    0   0   0   0   0   0   0   0   0   0   0   0   0   0   0   0   0   0 100   0  2.51 inf
   53 H   -2  6 -2 -3 -5  0 -2 -4  7 -5 -4  1 -3 -4 -4 -1 -2 -4 -2 -4    1  54   0   0   0   1   0   0  33   0   0   5   0   0   0   4   2   0   0   0  1.19 inf
   54 E   -2 -2 -2  0 -5  0  7 -4 -2 -5 -5 -1 -4 -5 -3 -2 -1 -5 -4 -3    2   0   0   0   0   0  93   0   0   0   0   0   0   0   0   0   4   0   0   1  1.55 inf
   55 Y   -4 -4 -4 -5 -5 -4 -4 -5 -1 -3 -3 -4 -3  3 -5 -4 -4  7  9 -3    0   0   0   0   0   0   0   0   0   0   0   0   0   6   0   0   0  15  78   0  2.10 inf
   56 T   -2 -3 -2  0 -3 -3 -3 -4 -4 -2 -3 -3 -3 -4 -3 -1  7 -5 -4  0    0   0   0   5   0   0   0   0   0   0   0   0   0   0   0   0  89   0   0   6  1.34 inf
   57 V   -2 -4 -5 -5 -3 -4 -4 -5  0  2 -1 -4 -1 -3 -4 -3 -2 -5 -3  6    0   0   0   0   0   0   0   0   4   3   0   0   0   0   0   0   0   0   0  93  1.26 inf
   58 I   -1  3 -1  2 -4 -1  1 -3 -2 -1 -3  2 -2 -4  4 -1 -1 -4 -3 -1    4  19   0  16   0   1   6   0   0   6   0  17   0   0  26   0   1   0   0   3  0.54 inf
   59 T   -2 -3 -1 -3 -3 -2 -2 -3 -3 -3 -3  0 -3 -4 -3  0  7 -4 -4 -2    0   0   1   0   0   0   2   0   0   0   0   5   0   0   0   2  90   0   0   0  1.35 inf
   60 P   -2 -2 -4 -2 -5 -2 -3 -4 -4 -1 -4 -3 -4 -5  8 -2 -3 -6 -5 -4    3   2   0   2   0   1   0   0   0   5   0   0   0   0  87   1   0   0   0   0  2.24 inf
   61 G   -1  0  0 -1 -4  0 -1  6 -2 -5 -5 -1 -4 -4 -3  0 -2 -1 -4 -4    1   7   5   3   0   5   2  68   1   0   0   2   0   0   0   4   1   1   0   0  0.95 inf
   62 A    1 -2 -1 -2 -2 -1  0  0 -2  0  1 -2 -1 -2  0  3  0 -3 -2  1   16   1   1   0   0   0   8   5   0   2  14   0   0   0   3  32   3   0   0  15  0.19 inf
   63 R    0  4  1  1 -3  0 -1  1  0 -4 -3  1 -2 -4  1  1  0 -4 -3 -3    6  30   7   7   0   3   0  14   2   0   0   4   0   0   6  15   6   0   0   0  0.34 inf
   64 T   -1 -2  4  4 -4 -1  0  0  4 -4 -4 -2 -3 -4 -3 -1  1 -5 -2 -4    4   0  23  35   0   0   3   8  16   0   0   0   0   0   0   2  11   0   0   0  0.66 inf
   65 R   -3  8 -1 -3 -5 -1 -2 -4 -2 -5 -4  0 -3 -5 -1 -3 -3 -5 -4 -3    0  92   3   0   0   0   0   0   0   0   0   0   0   0   4   0   0   0   0   2  1.65 inf
   66 G   -2 -4 -2  0 -4 -4 -4  7 -4 -6 -6 -3 -5 -5 -4 -2 -3 -4 -5 -5    0   0   0   5   0   0   0  95   0   0   0   0   0   0   0   0   0   0   0   0  1.78 inf
   67 T    4 -2 -2 -2 -2  1  1 -2 -3 -3 -3 -1 -2 -4  3  0  1 -4 -3 -2   58   0   0   0   0   6  10   0   0   0   0   2   0   0  14   3   8   0   0   0  0.61 inf
   68 R   -2  7 -2 -3 -5  1  1 -4 -2 -5 -3  1 -3 -5 -4 -2 -3 -4 -3 -4    2  79   0   0   0   6   8   0   0   0   1   5   0   0   0   0   0   0   0   0  1.32 inf
   69 R   -4  8 -2 -4 -6 -1 -2 -4 -2 -5 -4  0 -3 -5 -4 -3 -3 -5 -4 -5    0 100   0   0   0   0   0   0   0   0   0   0   0   0   0   0   0   0   0   0  1.99 inf
   70 I   -3 -5 -5 -5 -3 -5 -5 -6 -5  7  1 -4  0 -1 -5 -4 -2 -4 -3  1    0   0   0   0   0   0   0   0   0  87   9   0   0   1   0   0   0   0   0   3  1.27 inf
   71 I   -2 -4 -5 -5 -3 -4 -4 -5 -5  4  0 -4 -1 -2 -4 -3 -2 -4 -3  6    0   0   0   0   0   0   0   0   0  27   0   0   0   0   0   0   0   0   0  73  1.09 inf
   72 C   -1 -3 -2 -3  7 -3 -3 -3 -4 -2 -2 -3 -2 -3 -3  0  5 -4 -3  2    2   0   0   0  28   0   0   0   0   0   1   0   0   0   0   3  51   0   0  14  0.95 inf
   73 G   -2 -4 -2  1 -4 -3 -3  7 -4 -6 -5 -3 -5 -5 -4 -2 -2 -4 -5 -5    0   0   0   7   0   0   0  92   0   0   0   0   0   0   0   0   2   0   0   0  1.66 inf
   74 E   -1 -1 -1  0 -3  1  0  5 -1 -3 -4  1 -3 -4 -1  0 -2 -3 -3 -3    2   2   0   4   0   8   7  53   1   1   0  10   0   0   2   8   0   0   0   0  0.61 inf
   75 A    1 -1  0  1 -2  0  0  2  0 -2 -3  0 -2 -3  3  1 -1 -3 -2 -1   10   2   2  10   0   5   4  19   2   1   1   7   0   0  18  12   2   0   0   4  0.30 inf
   76 T    0 -1  1  1 -3 -1 -1 -2  1 -2 -3 -1 -2 -3  5  1  2 -2 -1 -1    7   4   8   8   0   0   0   1   5   1   1   1   0   0  29  12  18   1   2   3  0.48 inf
   77 Q   -1 -1  1  3 -3  1  2  4 -1 -4 -4 -1 -3 -4  1  0 -2 -4 -3 -3    3   1   5  18   0   7  16  33   1   0   1   1   0   0   6   8   0   0   0   0  0.47 inf
   78 E    1  1  1  2 -3  0  4 -2 -1 -3 -3  0 -3 -4 -2  0  1 -4 -3 -1   15   7   7  10   0   1  41   0   1   0   0   1   0   0   0   1  12   0   0   5  0.43 inf
   79 D    0 -1 -3  1  7 -2 -3 -4 -3  0 -1 -2 -2  0 -4 -2 -2  8  2 -1    7   3   0   9  27   1   0   0   0   9   3   2   1   2   0   0   0  27   6   3  0.91 inf
   80 Y   -4 -4 -4 -5 -5 -4 -4 -5  0 -3 -2 -4 -3  3 -5 -4 -4  2  9 -3    0   0   0   0   0   0   0   0   0   0   2   0   0   7   0   0   0   1  90   0  2.17 inf
   81 Y   -4 -4 -4 -5 -4 -3 -4 -5  0 -3 -3 -4 -3  2 -5 -4 -3  5  9 -3    0   0   0   0   0   0   0   0   0   0   0   0   0   3   0   0   0   7  86   0  2.03 inf
   82 T   -2 -3 -2 -3 -3 -2 -3 -3 -3 -3 -3 -2 -3 -4 -3  3  7 -4 -3 -2    0   0   0   0   0   0   0   0   0   0   0   0   0   0   0  19  81   0   0   0  1.27 inf
   83 G    1 -2 -1  4 -3  0  1  2  2 -3 -3 -1 -3 -4  2  0 -1 -4 -3 -2   17   0   0  29   0   2   7  16   7   0   2   1   0   0   9   7   0   0   0   3  0.37 inf
   84 D   -4 -4  1  8 -6 -2  0 -3 -3 -5 -6 -3 -5 -6 -4 -2 -3 -6 -5 -5    0   0   4  96   0   0   0   0   0   0   0   0   0   0   0   0   0   0   0   0  1.96 inf
   85 H   -4 -3 -2 -4 -5 -2 -2 -4 10 -6 -5 -3 -4 -3 -5 -3 -4 -4  2 -5    0   0   0   0   0   0   0   0  94   0   0   0   0   0   0   0   0   0   6   0  2.60 inf
   86 Y   -4 -4 -4 -2 -5 -4 -4 -5  0 -3 -2 -4 -3  1 -5 -4 -4  0  9 -3    0   0   0   3   0   0   0   0   0   0   3   0   0   2   0   0   0   0  93   0  2.15 inf
   87 A    2  1  1  1 -3  2  2 -1 -1 -3 -3  0 -2 -4 -2  0  0 -4 -3 -1   29  11   8   7   0   9  19   2   0   0   0   3   0   0   0   5   4   0   0   3  0.29 inf
   88 T   -1 -2 -1 -2 -2 -2 -2 -2 -3 -3 -4 -2 -3 -4 -2  6  3 -4 -3 -3    0   0   1   0   0   0   0   0   0   0   0   0   0   0   0  75  21   0   0   0  1.02 inf
   89 F   -4 -5 -5 -6 -5 -5 -5 -5 -3 -2 -2 -5 -2  9 -6 -5 -4 -1  1 -3    0   0   0   0   0   0   0   0   0   0   0   0   0 100   0   0   0   0   0   0  2.23 inf
   90 S   -2  3  0  0  5  1  0 -3 -2 -1 -2  3 -2 -3 -3 -1 -1 -2 -3 -1    0  22   3   5  16   8   5   0   0   4   2  25   0   0   0   3   2   1   0   5  0.37 inf
   91 L   -1  4  0 -2 -4  0  2 -3 -2 -2  0  2 -2 -1 -1 -1 -2  0 -2 -1    4  37   3   0   0   2  20   0   0   0  10   9   0   2   2   4   0   1   0   5  0.37 inf
   92 I   -2 -4 -4 -4 -2 -4 -4 -5 -4  5  1 -4  2  0 -4 -2 -2 -4 -2  3    0   0   0   0   0   0   0   0   0  60   6   0   7   3   0   4   0   0   0  22  0.78 inf
   93 D    1  2  0  4 -3  2  1 -1 -2 -1 -2  0 -1 -3 -2  0 -1 -4 -3  0   13  13   1  30   0  14   5   3   0   2   1   3   1   0   0   4   1   0   0  10  0.28 inf
   94 Q   -2  2 -1 -1 -4  1  3 -2  2 -3 -1  0 -2  0  3  0 -2 -3  0 -3    0  14   0   0   0   6  36   3   5   0  10   0   0   4  14   5   0   0   2   0  0.36 inf
   95 T    1  0 -1  1 -2 -1 -1  4 -2 -3 -3 -1 -2 -3 -2  1  1 -3 -3 -2   15   7   0  12   0   0   0  43   0   0   0   0   0   0   0   7  16   0   0   0  0.44 inf
   96 C   -1 -4 -3 -4 10 -4 -4 -3 -4 -2 -2 -4 -2 -3 -3 -1 -1 -3 -3 -1    0   0   0   0 100   0   0   0   0   0   0   0   0   0   0   0   0   0   0   0  1.60 inf

                      K         Lambda
Standard Ungapped    0.1351     0.3171
Standard Gapped      0.0543     0.2670
PSI Ungapped         0.1769     0.3127
PSI Gapped           0.0543     0.2670
