
Last position-specific scoring matrix computed, weighted observed percentages rounded down, information per position, and relative weight of gapless real matches to pseudocounts
           A  R  N  D  C  Q  E  G  H  I  L  K  M  F  P  S  T  W  Y  V   A   R   N   D   C   Q   E   G   H   I   L   K   M   F   P   S   T   W   Y   V
    1 F   -5 -6 -6 -7 -5 -6 -6 -6 -4 -3 -2 -6 -3  9 -7 -5 -5 -2  0 -4    0   0   0   0   0   0   0   0   0   0   0   0   0 100   0   0   0   0   0   0  2.68 inf
    2 G   -2 -5 -3 -4 -5 -4 -5  7 -5 -6 -4 -4 -5 -6 -5 -1 -3 -5 -6 -5    0   0   0   0   0   0   0  94   0   0   2   0   0   0   0   3   1   0   0   0  1.97 inf
    3 P   -4 -5 -5 -5 -6 -4 -4 -5 -5 -6 -6 -4 -6 -7  9 -4 -4 -7 -6 -5    0   0   0   0   0   0   0   0   0   0   0   0   0   0 100   0   0   0   0   0  3.12 inf
    4 K    1  1  0  2 -3 -1 -1 -2  2 -2 -3  3 -1 -4 -2  1  1 -4 -2 -2   15   9   3  13   0   0   0   1   5   1   0  29   2   0   1   9   9   0   1   2  0.32 inf
    5 D   -5 -4  0  8 -6 -3 -1 -4 -4 -6 -7 -3 -6 -6 -4 -2 -3 -7 -6 -6    0   0   3  94   0   0   0   0   0   0   0   0   0   0   0   2   1   0   0   0  2.23 inf
    6 L   -4 -5 -6 -6 -4 -5 -5 -6 -5  0  6 -5  0 -2 -5 -5 -4 -4 -3  0    0   0   0   0   0   0   0   0   0   2  93   0   0   0   0   0   0   0   0   5  1.49 inf
    7 E   -1 -2  4  1 -4  0  0  3  0 -3  1 -2 -1 -3 -3 -1 -1 -4 -3 -3    5   0  27   9   0   5   6  24   1   0  16   0   1   0   0   1   3   0   0   0  0.40 inf
    8 I   -3 -2  0  2 -3 -3 -3 -2  0  5 -1 -1  0 -3  1 -2 -2 -5 -3  1    0   2   6  12   0   0   0   3   3  51   2   3   1   0   6   2   0   0   0   8  0.52 inf
    9 K    0 -1 -1  1 -4  2  3 -3 -1 -3 -4  3 -2 -4 -2  0  3 -4 -3 -2    7   1   1   8   0   8  20   0   1   0   0  22   1   0   1   6  23   0   0   2  0.44 inf
   10 T    0  0  0  1 -3 -1  0 -1  1 -3 -2  0 -2 -1  2  2  3 -4 -1 -2    5   4   4  10   0   1   5   4   5   0   2   3   0   2  10  18  22   0   2   1  0.26 inf
   11 L    0 -1 -1 -2 -3 -1 -3  1  0 -1  3 -3  0  1  2 -1 -2 -3 -2  1    6   3   2   1   0   2   0  11   3   0  41   0   0   5  10   6   0   0   0  11  0.24 inf
   12 L   -3 -5 -6 -6 -4 -5 -5 -6 -5  0  6 -5  0 -1 -1 -5 -4 -4 -3  0    1   0   0   0   0   0   0   0   0   1  91   0   0   1   3   0   0   0   0   3  1.39 inf
   13 M   -3 -4 -1 -4 -4 -4 -5 -5 -4 -1  4 -3  7  3 -5 -4 -2 -3 -2 -2    0   0   3   1   0   0   0   0   0   0  49   1  31  12   0   0   2   0   0   0  1.03 inf
   14 D    0 -1  1  5 -1 -1  3 -2 -2 -3 -4 -2 -1 -4 -3  1  0 -5 -4  0    9   2   4  34   1   1  19   1   0   0   0   0   1   0   0  13   7   0   0   8  0.50 inf
   15 E    0  0  0  1 -4  2  2 -2 -2 -3 -2  2 -3 -4  4  0  0 -4 -3 -3    8   4   4   7   0   8  16   1   0   0   4  16   0   0  20   7   5   0   0   0  0.41 inf
   16 Q    0  1 -2 -3 -3  4  1 -3  3  0 -2  0 -1 -3 -3 -1 -1 -4 -2  3    7   9   0   0   0  25   8   1   8   5   2   3   1   0   0   3   2   0   0  25  0.35 inf
   17 D    0 -2  3  4 -4  1  0 -3  3 -3 -4 -1 -3 -2  3  0 -1 -4 -2 -4    7   0  18  29   0   7   4   0   9   1   0   2   0   2  13   6   2   0   1   0  0.55 inf
   18 H   -4  0  4 -3 -5  1 -2 -4  9 -3 -4 -3 -2 -1 -4 -2 -1 -5 -2 -3    0   4  25   0   0   5   0   0  53   1   1   0   1   2   0   1   3   0   0   2  1.47 inf
   19 G    1 -2  1  1  1  1  1  4  0 -4 -2 -1 -3 -4 -2  0 -2 -4 -3 -2   10   1   5   7   4   7  10  40   3   0   3   3   0   0   1   3   1   0   0   2  0.43 inf
   20 Y   -2 -2 -1 -4  1 -3 -3 -4 -1  0  3 -2  1  4 -4 -2 -3 -2  4  0    2   2   4   0   4   0   1   0   2   4  38   3   4  17   0   2   0   0  15   3  0.46 inf
   21 A    2 -1  0 -1 -1  0  0 -2 -2 -1 -1  0 -1 -3  1  2  3  0 -3  0   18   1   4   1   1   5   3   1   0   1   4   7   1   0   5  16  21   2   0   9  0.21 inf
   22 L   -1 -3 -2  0  1 -1 -1 -4  0  1  3 -2  0  1 -1 -2 -1  0  0  1    2   0   1   6   4   3   2   0   3   8  42   1   0   6   3   2   2   1   2  10  0.23 inf
   23 T    0  0  0  2 -3  1  2 -1  2 -2 -3 -1 -2 -1 -1  2  1 -2 -2 -2    4   5   4  12   0   5  12   3   5   3   1   2   0   2   2  26  10   1   0   3  0.22 inf
   24 G   -1 -1  2  3  0  0  2  3 -2 -4 -3 -1 -3 -4 -3  0  1 -4 -4 -3    2   2  12  18   2   3  18  23   0   0   1   0   0   0   0   5  13   0   0   0  0.45 inf
   25 D   -2 -3  2  7 -2 -2  1 -3 -3 -5 -5 -2 -5 -5  0  1 -1 -6 -5 -5    2   0   7  65   1   0   5   1   0   0   0   0   0   0   4  13   3   0   0   0  1.19 inf
   26 A    2 -1 -2  2 -3  0  2 -3  2 -3 -3 -1 -3 -1  4  0  0 -4 -3 -2   20   3   0  11   0   2  18   0   5   1   1   2   0   3  24   4   4   0   0   2  0.46 inf
   27 L   -1 -3 -4 -5 -3 -1 -3 -3 -4  1  5 -2  3  0 -4 -3 -3 -3 -3  1    5   0   0   0   0   2   1   2   0   3  64   3   9   2   0   0   0   0   0   9  0.68 inf
   28 S    0 -1 -1 -2 -1  0 -1 -3 -3  2  0  1  0 -2 -3 -1  1  1 -2  2    7   2   2   0   1   5   4   0   0  18   7  11   1   0   0   4  12   2   0  23  0.16 inf
   29 Q    0  1  1 -2  3  4  0 -3 -2  0  0  0 -1 -3  0 -1 -1 -4 -2 -1    9   7   6   0   7  33   4   0   0   9  10   3   1   0   4   2   2   0   1   2  0.30 inf
   30 A    3  1  0 -2 -3  3  2 -2 -2 -2 -1  0 -2 -4 -3  0  0 -4 -3 -2   38  10   4   0   0  15  16   0   0   1   6   4   0   0   0   2   4   0   0   0  0.40 inf
   31 A    6 -4 -4 -4 -3 -3 -3  0 -4 -3 -1 -3 -3 -4 -3 -1 -1 -5 -4 -2   86   0   0   0   0   0   0   4   0   0   6   0   0   0   0   0   3   0   0   0  1.22 inf
   32 I   -1 -2 -4 -4  0 -3 -3 -4 -4  3  4 -3  0  2 -4 -3 -2 -3 -2  1    4   2   0   0   2   0   2   0   0  17  52   0   0  10   0   1   1   0   0   9  0.56 inf
   33 A    2 -1  0  3 -3  0  2 -2 -1 -3 -2  1 -2 -2 -2  0  0 -4 -3 -1   29   1   4  17   0   4  17   0   1   0   4   8   0   1   0   6   3   0   0   3  0.30 inf
   34 A    6 -3 -3 -3 -1 -1 -1 -1  4 -4 -4 -3 -1 -4 -3 -1 -2 -4 -1 -3   74   0   0   1   1   1   2   2  12   0   0   0   2   0   0   0   1   0   2   0  0.99 inf
   35 A    6 -4 -4 -4 -3 -3 -3 -1 -4 -2  0 -3  2 -4 -3 -1 -1 -5 -4 -2   81   0   0   0   0   0   0   3   0   1   8   0   5   0   0   0   1   0   0   0  1.10 inf
   36 N   -2  0  7  0 -5  0  0  0 -2 -5 -3 -1 -4 -5 -4  0 -1 -5 -4 -4    3   5  65   3   0   3   7   5   0   0   2   1   0   0   0   3   2   0   0   0  1.09 inf
   37 R    0  3  0 -2 -3  3 -1 -2  1 -1  0  2  0 -3 -3 -1 -1 -4 -2 -2   10  23   3   1   0  19   0   1   4   4  12  17   2   0   0   3   1   0   0   0  0.33 inf
   38 S    2 -2 -1 -2  3 -2 -1 -2 -2 -4 -4 -2 -3 -4 -2  6  0 -4 -3 -3   14   0   0   0   7   0   2   0   0   0   0   0   0   0   0  78   0   0   0   0  0.89 inf
   39 H   -3 -2 -2 -3 -4 -2 -2 -4  8 -4 -3 -3 -3  1 -4 -1 -1 -1  7 -4    0   0   0   0   0   0   0   0  47   0   0   0   0   3   0   3   3   0  44   0  1.44 inf
   40 M    5 -1 -3 -3  2 -2 -2 -1 -3 -2 -2 -2  1 -3 -2  1  0 -4 -3  0   70   3   0   0   6   0   0   0   0   0   0   0   4   0   0   8   3   0   0   7  0.61 inf
   41 P   -3 -4 -4 -4 -5 -1 -3 -4 -4 -5 -5 -3 -4 -6  8 -3 -3 -6 -5 -2    0   0   0   0   0   3   0   0   0   0   0   0   0   0  94   0   0   0   0   3  2.58 inf
   42 Y   -4 -4 -4 -2 -5 -4 -4 -5  0 -4 -3 -4 -3  2 -5 -4 -4  0  9 -3    0   0   0   3   0   0   0   0   0   0   0   0   0   3   0   0   0   0  94   0  2.23 inf
   43 S    0 -1 -1 -2 -2 -2 -2 -2 -3 -3 -4 -2 -3 -4 -3  5  4 -4 -3 -3    2   3   0   0   0   0   0   0   0   0   0   0   0   0   0  65  30   0   0   0  0.93 inf
   44 K   -1  2  3 -1 -4  3  1 -1  2 -4 -2  3 -2 -4 -2  0 -1 -4 -2 -3    5   8  17   0   0  18   5   4   7   0   3  30   0   0   0   2   1   0   1   0  0.41 inf
   45 S    2 -3  3 -2  6 -2 -2 -1 -2 -3 -3 -2 -3 -4 -3  3  0 -4 -3 -3   19   0  22   0  25   0   0   2   0   0   0   0   0   0   0  30   2   0   0   0  0.70 inf
   46 P   -3 -1 -2 -3 -2 -2 -3 -4  3 -2  0 -2 -2  3  5 -3 -3  1  4 -2    0   4   1   0   1   0   0   0  11   2   9   0   0  13  37   0   0   1  20   1  0.80 inf
   47 S    3 -1 -1 -2 -2 -2 -2 -2  2 -4 -4 -2 -3 -4 -2  5  0 -4 -3 -3   23   3   0   0   0   0   0   0   6   0   0   0   0   0   0  68   0   0   0   0  0.84 inf
   48 G    1 -4 -2 -3 -4 -3 -3  6 -4 -5 -5 -3 -4 -5 -3  0 -3 -4 -4 -4   14   0   0   0   0   0   0  81   0   0   0   0   0   0   0   5   0   0   0   0  1.37 inf
   49 V    0 -4 -4 -4  2 -4 -4 -4 -4  3  0 -4 -1  0 -4 -3 -1 -4 -2  5    6   0   0   0   4   0   0   0   0  16   4   0   0   4   0   0   2   0   0  65  0.71 inf
   50 A    5 -3 -3 -3  0 -2 -2 -2 -3 -2 -2 -1  1 -3 -2  0 -1 -4 -3  1   78   0   0   0   2   0   0   0   0   0   0   3   4   0   0   4   0   0   0  10  0.81 inf
   51 L   -3 -4 -5 -5 -3 -4 -4 -5 -4  3  5 -4  1 -1 -4 -4 -2 -3 -2  2    0   0   0   0   0   0   0   0   0  18  73   0   0   0   0   0   0   0   0  10  0.87 inf
   52 E   -1  1 -2 -1 -3  3  3 -3 -1  0  0  1  1 -2 -2 -1 -1 -3 -2  1    4   7   0   0   0  18  28   0   0   8   7   7   5   0   0   2   2   0   1  10  0.26 inf
   53 C   -1 -3 -1  2  4 -2 -2  0 -3 -1  0 -2  1  1 -3  0  4 -3 -2 -1    3   0   0  17  13   0   0   6   0   0  10   0   5   7   0   1  35   0   0   2  0.33 inf
   54 K    0  2  0  0  3  1  0  0  1 -2 -2  2 -2 -1 -1  0  0 -3 -2 -1   10  14   4   5   8   8   3   8   4   0   0  17   0   4   1   5   5   0   0   4  0.15 inf
   55 D   -1  0  2  5  0  0  2 -1  0 -4 -4  0 -3 -4 -3  1 -1 -5 -4 -4    3   4  12  43   2   3  13   3   2   0   0   3   0   0   0  11   2   0   0   0  0.63 inf
   56 G   -2 -2  0 -2 -4  0 -3  6 -3 -5 -5 -1 -4 -4 -3 -1 -3 -4 -4 -4    0   1   4   2   0   6   0  80   0   0   0   3   0   0   0   2   0   0   0   0  1.32 inf
   57 R    1  3  1  0 -2  2  1  0 -1 -2 -3  2 -2 -3 -2  1  0 -3 -3 -2   15  18   6   2   1  10  11   6   1   1   1  14   0   0   0   7   7   0   0   2  0.25 inf
   58 I   -2 -2 -4 -1 -3 -2 -3 -4 -4  4  0 -2 -1 -1 -4 -2  0  0 -3  4    0   1   0   4   0   1   1   0   0  37   3   3   0   1   0   1   7   2   0  39  0.56 inf
   59 F   -4 -4 -4 -5 -2 -4 -4 -5  1 -1 -1 -4 -2  5 -5 -4 -3  3  7 -1    0   0   0   0   1   0   0   0   2   3   3   0   0  26   0   0   1   3  55   4  1.38 inf
   60 S    1  1 -2 -3  5  0 -2 -1  1 -2 -2 -1 -2 -2 -1  1  2 -3  1 -1   16  11   0   0  15   4   0   2   3   0   3   3   0   0   2  10  20   0   7   2  0.28 inf
   61 G   -1 -5 -3 -4 -5 -4 -4  7 -4 -6 -6 -4 -5 -5 -4 -2 -4 -5 -5 -5    3   0   0   0   0   0   0  97   0   0   0   0   0   0   0   0   0   0   0   0  1.97 inf
   62 S    0  5 -2 -3 -3 -1 -2  0 -2 -4 -3  0  0 -2 -3  2 -2  7 -2 -3    7  38   0   0   0   0   0   6   0   0   0   2   2   1   0  24   0  19   0   0  0.73 inf
   63 Y   -1 -4 -4 -5  2 -3 -4 -5  0 -3 -3 -4 -3  1 -5 -1 -2  0  9 -2    4   0   0   0   5   0   0   0   0   0   0   0   0   0   0   5   2   0  82   2  1.67 inf
   64 A    5 -3 -3 -4 -2 -2 -3 -2 -3  2  0 -2  3 -3 -3 -1 -1 -4 -3  0   62   0   0   0   0   0   0   0   0  17   7   0  11   0   0   0   2   0   0   2  0.59 inf
   65 E   -3 -2 -2  0 -6  0  7 -4 -2 -5 -5 -1 -4 -5 -3 -2 -3 -5 -4 -5    0   0   0   0   0   0 100   0   0   0   0   0   0   0   0   0   0   0   0   0  1.77 inf
   66 N   -2 -2  7 -1  1 -2 -2 -2 -1 -4 -5 -2 -3 -4 -3  3  0 -5 -4 -4    0   0  63   0   3   0   0   0   0   0   0   0   0   0   0  29   5   0   0   0  1.11 inf
   67 A    6 -3 -3 -4 -2 -3 -3 -2 -3 -2 -3 -3 -2 -4 -3 -1 -2 -4 -3  2   84   0   0   0   0   0   0   0   0   0   0   0   0   0   0   0   0   0   0  16  0.99 inf
   68 A    6 -3 -3  0 -2 -3 -2 -2 -3 -3 -3 -2 -3 -4 -3 -1 -2 -4 -4 -2   95   0   0   5   0   0   0   0   0   0   0   0   0   0   0   0   0   0   0   0  1.20 inf
   69 F   -3 -1 -4 -5 -4 -4 -4 -5  1 -2 -2 -4 -2  7 -5 -2 -3  0  6 -3    0   5   0   0   0   0   0   0   3   0   0   0   0  60   0   2   0   0  29   0  1.33 inf
   70 N   -3 -2  8  0 -4 -2 -2 -2  0 -5 -5 -2 -4 -5 -4  1  0 -5 -4 -4    0   0  86   0   0   0   0   0   1   0   0   0   0   0   0   7   5   0   0   0  1.50 inf
   71 P   -3 -4 -4 -3 -4 -3 -3 -4 -4 -1 -3 -3 -4 -5  8 -1 -1 -5 -5 -3    0   0   0   0   0   0   0   0   0   5   2   0   0   0  87   3   3   0   0   0  2.18 inf
   72 T    0 -2 -1 -2 -2 -2 -2  0 -3 -2 -4 -2 -3 -4 -2  6  2 -4 -3 -3    0   0   0   0   0   0   0   6   0   2   0   0   0   0   0  81  10   0   0   0  0.95 inf
   73 L   -3 -3 -4 -5 -3 -3 -4 -5 -4  1  5 -4  4  1 -4 -4 -2 -3 -2  1    0   0   0   0   0   0   0   0   0   2  72   0  17   4   0   0   0   0   0   5  0.85 inf
   74 P   -1 -3 -2 -2 -3 -1 -2  3 -3 -3  0 -2 -2 -4  6  1 -1 -4 -4 -3    2   0   0   0   0   2   0  24   0   0  11   0   0   0  42  15   3   0   0   0  0.85 inf
   75 P    1 -4 -3 -3 -4 -3 -3 -3 -4 -4 -4 -3 -4 -5  8 -1 -2 -5 -4 -4   15   0   0   0   0   0   0   0   0   0   0   0   0   0  82   3   0   0   0   0  2.04 inf
   76 L    0 -3 -4 -4 -2 -3 -3 -4 -4  1  4 -3  4  0 -4 -3 -2 -3 -2  3    8   0   0   0   0   0   0   0   0   0  53   0  15   2   0   0   0   0   0  23  0.55 inf
   77 Q   -3 -1 -2 -2 -5  8  1 -4  1 -2 -4  0 -2 -5 -3 -2 -2 -4 -3 -4    0   0   0   0   0  89   4   0   4   3   0   0   0   0   0   0   0   0   0   0  1.51 inf
   78 G    3 -2 -2 -3  2 -2 -2  0 -3 -1 -1 -2  2 -3 -2  2  0 -3 -3  2   44   0   0   0   4   0   0   5   0   0   1   0   8   0   0  17   4   0   0  17  0.34 inf
   79 A    6 -3 -3 -3 -2 -2 -2 -1 -3 -2 -3 -2 -2 -4 -2  0 -1 -4 -3  0   96   0   0   0   0   0   0   0   0   0   0   0   0   0   0   0   0   0   0   4  1.09 inf
   80 L   -3 -3 -5 -5  0 -3 -4 -5 -4  2  5 -4  1  0 -4 -4 -2 -3  0  0    0   0   0   0   2   0   0   0   0  12  79   0   1   2   0   0   0   0   2   1  0.80 inf
   81 I   -1 -3  4 -2 -3 -3 -3 -3 -3  3 -1 -3 -1 -3 -3  1  0 -4 -3  3    4   0  24   0   0   0   0   0   0  25   2   0   0   0   0  11   5   0   0  29  0.47 inf
   82 L    1 -1  0 -3 -2  2 -2 -2  1  0  1 -1  1  1 -3 -1 -1 -2  2  0   13   3   5   0   0  14   0   2   5   6  21   0   4   7   0   4   3   0   9   6  0.12 inf
   83 L    2  0 -3 -4  0 -1 -3 -3 -3  1  3 -2  5 -1 -3 -2 -1 -3 -1  0   19   8   0   0   2   2   0   0   0   6  29   0  21   1   1   0   3   0   2   5  0.33 inf
   84 N   -1  2  5 -1  1 -1 -2 -3  0  0  0  0 -1 -1 -3  0  0 -4 -1  1    4  15  35   0   4   0   0   0   2   4   8   3   1   2   0   3   3   0   1  12  0.30 inf
   85 L    0  0 -3 -3 -3 -2 -3  1 -1  0  3 -2  4 -1 -3 -2 -1 -3 -2 -1    9   7   0   0   0   1   0  15   2   4  36   0  18   2   0   2   2   0   0   1  0.32 inf
   86 K    2  0  2  1  0  0  0  1  2 -3 -2 -1  0 -3 -2  2 -1 -4 -2 -3   18   4  13   8   2   3   5  13   6   0   3   2   3   0   0  20   1   0   0   0  0.24 inf
   87 G   -1 -1  1 -1 -5 -3 -4  6 -4 -6 -5 -2 -3 -5 -4 -2 -3 -5 -5 -5    4   4   7   3   0   0   0  81   0   0   0   1   1   0   0   0   0   0   0   0  1.47 inf
   88 Y   -1  1 -1  0 -3  1  2  1  1 -3 -1  2 -2 -1 -3  0 -1 -2  2 -2    1   8   1   4   0   5  17  15   3   0   7  17   0   2   0   6   1   0  11   3  0.20 inf
   89 D    0  0  1  4 -3  0  2  2 -2 -3 -3  0 -2 -3 -1  2 -1 -4 -3 -3    7   7   5  27   0   2  11  15   0   1   1   2   1   1   2  17   2   0   0   0  0.37 inf
   90 Y   -2 -3 -3  1  3 -1 -3 -3 -1 -1  1 -3  0  5 -2 -2 -1  1  4 -1    1   0   0   9   7   3   0   1   1   2  15   0   2  31   2   3   4   2  15   4  0.41 inf
   91 P    0  0  1  2 -1  1  2 -1  0 -2 -2  0 -1 -2  0  1  0 -3  0 -1    8   3   5  12   1   4  18   4   2   1   2   2   1   1   3  17   6   0   4   5  0.16 inf
   92 D    1  0  2  3 -1  0  2 -2 -2 -3 -3  1 -1 -4 -1  0  2 -4 -3 -3   11   5   9  25   1   2  13   0   0   0   0   9   2   0   2   6  14   0   0   0  0.35 inf
   93 I   -3 -5 -5 -5 -3 -5 -5 -6 -5  7  0 -5 -1 -2 -5 -4 -3 -5 -3  3    0   0   0   0   0   0   0   0   0  80   1   0   0   0   0   0   0   0   0  19  1.46 inf
   94 Q   -1  2  1  0  1  1  2 -3 -1 -2 -2  2 -2 -3 -2  1  1 -4 -3  1    4  12   6   3   3   8  15   0   0   0   1  13   0   0   0   8  12   0   0  15  0.21 inf
   95 R    1  5 -2  0 -4  1  1  1  1 -4 -3  0 -3 -4 -3  1 -1 -4 -2 -2   16  40   0   4   0   5   8  10   3   0   1   1   0   0   0   9   3   0   0   2  0.45 inf
   96 A    5 -4 -4 -4  2 -3 -3 -1 -4  0 -2 -3 -1 -4 -3 -1 -2 -4 -4  2   69   0   0   0   5   0   0   2   0   6   0   0   1   0   0   0   1   0   0  16  0.84 inf
   97 V    2 -4 -4 -4 -2 -3 -4 -4 -4  2 -1 -3  1 -1 -4 -2  0 -4 -1  5   17   0   0   0   0   0   0   0   0   8   2   1   4   2   0   0   5   0   2  59  0.68 inf
   98 L   -3 -4 -5 -5 -3 -1 -4 -5 -4  0  6 -4  3 -1 -5 -4 -3 -4 -3 -1    0   0   0   0   0   4   0   0   0   1  84   0   8   1   0   0   0   0   0   1  1.15 inf
   99 A    2 -2 -4 -4 -1 -3 -3 -3 -4  2  0 -3 -1 -1 -3 -2  0 -4 -3  5   23   2   0   0   1   0   0   1   0   6   6   0   0   3   0   0   4   0   0  55  0.60 inf
  100 E   -3  0 -3 -1 -2  1  7 -4 -2 -6 -5 -1 -4 -6 -4 -2 -3 -5 -4 -5    0   4   0   0   1   2  91   0   0   0   0   1   0   0   0   0   0   0   0   0  1.74 inf
  101 K   -1  2 -1 -1  0  0 -1 -1 -2 -2 -1  3  2 -2 -1  1  1 -3 -2 -1    2  11   2   1   2   2   0   5   0   1   6  29   8   2   3  13   9   0   0   3  0.20 inf
  102 A    2  1  0  0  0  1  0 -1  0 -1 -3  2 -2 -3  1  1 -1 -3 -2 -1   22   9   5   3   2   7   6   2   2   3   0  14   0   0   5  13   1   0   1   5  0.18 inf
  103 D   -1 -1  2  4 -1  1  1  1  1 -3 -4  1 -3 -4 -2  0  0 -4 -3 -3    2   2  11  27   2   9   8  14   3   0   1  11   0   0   0   3   6   0   0   1  0.37 inf
  104 A    4 -3 -2 -3 -2 -2 -3  4 -3 -3 -2 -2 -3 -3 -1  1  0 -4 -3 -2   46   0   0   0   0   0   0  29   0   0   4   0   0   1   3   9   4   0   0   2  0.60 inf
  105 P    1  0 -1 -1 -2  0  0 -2  1  0 -1  2 -1 -3  2  0  1 -3 -2  1   10   4   1   2   0   4   3   1   5   6   2  22   1   0   9   6  10   0   0  14  0.15 inf
  106 L   -1 -3 -1 -4 -2 -3 -2 -4 -4  4  3 -2  1 -1 -3 -3 -1 -3 -2  3    2   0   4   0   0   0   3   0   0  26  28   2   4   0   0   0   1   0   0  30  0.48 inf
  107 I    0  1  1 -2 -3  1 -2 -1 -1 -2 -4  0 -3 -4 -3  5  1 -4 -3 -2    2   7   4   1   0   5   0   3   1   3   0   4   0   0   0  61   6   0   0   1  0.64 inf
  108 Q   -3 -2 -2 -3 -5  6 -1 -4  7 -4 -1 -2 -3 -3 -4 -2 -3 -3  3 -4    0   0   0   0   0  53   0   0  27   0   7   0   0   0   0   2   0   0   9   0  1.24 inf
  109 W    0  1 -2  0  1  0  2 -2 -2 -1  1  0 -1 -1 -3 -2 -1  6  0  0    9  11   0   4   4   3  19   1   0   1  14   4   0   1   0   1   2  15   3   8  0.30 inf
  110 D    2 -1  0  2  1  1  0  2  0 -3 -3 -1 -3 -3  0  1 -1 -4 -2 -2   27   2   2  17   3   7   6  14   2   0   0   1   0   1   4   9   2   0   1   1  0.28 inf
  111 A    3 -2 -1  1 -1 -2 -2 -2 -3  0 -1 -2  3 -3 -3  0  3  0 -3  1   28   1   2   8   1   0   0   0   0   4   5   0  11   0   0   3  28   1   0   8  0.33 inf
  112 T    3 -3 -2 -3  0 -2 -3 -2 -3 -1 -3 -2 -2 -4 -3  1  5 -4 -3  0   32   0   0   0   1   0   0   2   0   3   0   0   0   0   0   7  46   0   0   7  0.70 inf
  113 S    0  5 -2 -2 -4  4  2 -3 -1 -4 -3  2  2 -4 -3 -1 -2 -4 -3 -3    7  33   1   0   0  23  16   0   1   0   1  10   7   0   0   1   1   0   0   0  0.68 inf
  114 A    2 -2 -1  0  1  0  0 -2 -2  1  1 -1  2 -2 -2  1  0 -3 -3 -1   29   0   2   7   4   3   5   0   0   8  16   4   7   0   1  11   2   0   0   1  0.16 inf
  115 T    1 -3 -3 -4 -2 -3 -3 -2 -4  1  3 -3  2  1 -3 -1  3 -3 -2  1   13   0   0   0   0   0   0   1   0   7  30   0   5   6   0   0  31   0   0   7  0.40 inf
  116 L   -1 -4 -5 -6 -3 -4 -5 -5 -5  0  6 -4  2 -2 -5 -4 -3  0 -3  1    4   0   0   0   0   0   0   0   0   2  82   0   4   0   0   0   0   1   0   6  1.10 inf
  117 K    1 -1  1  1 -3  2  3 -1  3 -4 -4  2 -3 -4 -2  1 -1 -4 -2 -3   16   1   6   8   0  11  20   4  11   0   0  14   0   0   0   8   2   0   0   0  0.38 inf
  118 A    3 -2  0 -2 -2 -1  0 -2 -2 -3 -3  1 -2 -4 -2  2  2 -4 -2 -1   38   0   5   1   0   0   6   0   0   0   1  12   1   0   0  18  14   0   1   3  0.41 inf
  119 L   -3 -4 -5 -5 -3 -4 -4 -5 -2  4  4 -4  2 -1 -4 -4 -2 -4 -2  3    0   0   0   0   0   0   0   0   1  35  39   0   5   2   0   0   0   0   0  19  0.77 inf
  120 G    4 -3  2 -3 -3 -2 -3  4 -3 -3 -2 -2 -3 -2 -3  0  0 -4 -3 -3   41   0  11   0   0   0   0  36   0   0   4   0   0   2   0   2   6   0   0   0  0.64 inf
  121 C    1 -4 -1  0  7 -3 -3  0 -3 -2 -3 -3 -3 -2  3  0  0 -4 -3 -2   15   0   3   7  36   0   0   7   0   2   0   0   0   2  18   4   5   0   0   2  0.75 inf
  122 H    0  0  0 -1  0  2  0 -3  3  0 -1 -1 -1 -2  2  0  1 -3 -2  1    5   3   4   3   2  17   2   0  13   4   7   0   0   1  11   6   9   0   0  15  0.17 inf
  123 S    1 -1  3  3 -3  0  2 -2 -1 -4 -4  2 -3 -4 -1  0  0 -4 -3 -3   16   0  19  18   0   3  19   1   1   0   0  14   0   0   3   3   4   0   0   0  0.42 inf
  124 I   -1 -3 -2 -4  4 -3 -3 -4 -3  3  3 -3  1  1 -3 -1  0 -3  0  2    2   0   2   0  10   0   0   0   0  20  32   1   1   6   0   4   5   0   2  15  0.35 inf
  125 D   -2 -1 -1  2 -4  3  4 -3  0 -3 -3  0 -3  2 -3 -1 -1 -3 -2 -3    2   2   1  14   0  15  39   1   2   1   0   4   0  15   0   3   2   0   0   1  0.53 inf
  126 R   -3  4 -2 -3 -4 -1 -2 -4  7 -2 -2  1  0 -1 -4 -2 -1 -2  4 -3    0  25   0   0   0   0   0   0  36   2   3   8   2   0   0   0   4   0  20   0  0.90 inf
  127 V   -1 -3 -3 -4 -2 -2 -3 -4  3  4  1 -3  1  0 -4 -3  0 -3  1  4    3   0   0   0   0   1   1   0  10  29   6   0   3   4   0   0   4   0   4  35  0.44 inf
  128 L    0 -3 -2 -3 -2 -1 -2 -3 -2  0  1 -2  0  2  0  0  2  2  4  1    6   0   0   0   0   2   0   0   0   1  16   0   1   9   5   8  19   2  18  13  0.25 inf
  129 L   -2 -3 -4 -4 -2 -3 -1 -4 -3  2  3 -3  0  3 -4 -3 -2 -2 -1  2    0   0   0   0   0   0   7   0   0  15  45   0   0  14   0   0   0   0   0  19  0.49 inf
  130 A    4 -2 -1 -2 -1 -1 -1  2 -2 -2 -2 -1 -2 -3 -1  2  0 -3 -2 -1   61   0   0   0   0   0   0  17   0   0   0   0   0   0   0  22   0   0   0   0  0.46 inf

                      K         Lambda
Standard Ungapped    0.1334     0.3168
Standard Gapped      0.0549     0.2670
PSI Ungapped         0.1793     0.3139
PSI Gapped           0.0549     0.2670
