
Last position-specific scoring matrix computed, weighted observed percentages rounded down, information per position, and relative weight of gapless real matches to pseudocounts
           A  R  N  D  C  Q  E  G  H  I  L  K  M  F  P  S  T  W  Y  V   A   R   N   D   C   Q   E   G   H   I   L   K   M   F   P   S   T   W   Y   V
    1 A    2 -2  0 -1 -2 -1 -1  1 -2 -3 -3 -1 -2 -3 -2  5  1 -3 -2 -2   17   0   0   0   0   0   0   7   0   0   0   0   0   0   0  72   3   0   0   0  0.56 inf
    2 H    0  0  1 -1 -3  2 -1 -2  5 -2 -3  0 -2 -1 -1  2  0 -2  2 -1    6   3   7   1   0  12   0   0  29   2   0   3   0   1   1  21   3   0  10   4  0.34 inf
    3 K   -2  0  3  3 -4  0  3 -2 -1 -4 -4  3 -3 -4 -2  0 -1 -4 -3 -4    0   3  15  19   0   1  23   2   0   0   0  30   0   0   0   7   1   0   0   0  0.55 inf
    4 Q   -1  2  1  2 -4  4  3 -1  0 -4 -4  1 -2 -4 -2  0 -2 -4 -3 -4    2  11   7  12   0  33  18   2   1   0   0   9   0   0   0   4   0   0   0   0  0.57 inf
    5 I   -3 -5 -5 -5 -3 -4 -5 -5 -5  7  0 -4  0  1 -4 -4  0 -4 -2  2    0   0   0   0   0   0   0   0   0  81   0   0   1   6   0   0   4   0   0   7  1.11 inf
    6 Y   -3 -2 -1 -2  2  3  2 -4  5 -2 -2 -1 -2  2 -4 -2 -3 -1  5 -2    0   1   2   0   5  15  14   0  21   2   2   2   0   7   0   0   0   0  29   1  0.65 inf
    7 Y   -4 -4 -4 -5 -5 -4 -1 -5 -1 -4 -3 -4 -3  1 -5 -4 -4  0  9 -4    0   0   0   0   0   0   4   0   0   0   0   0   0   0   0   0   0   0  96   0  2.38 inf
    8 S   -1 -3 -1 -2 -3 -2 -2 -1 -3 -4 -4 -2 -3  1 -3  6 -1 -4 -3 -4    0   0   0   0   0   0   0   2   0   0   0   0   0   7   0  91   0   0   0   0  1.28 inf
    9 D    0 -1  0  4 -4  1  3 -3 -2 -1 -4 -1 -3 -4  2  0  0 -5 -4 -3    6   2   3  34   0   5  27   0   0   5   0   0   0   0  11   4   4   0   0   1  0.57 inf
   10 K   -3  4 -2  0 -5 -1 -1 -4 -2 -4 -4  6 -3 -5 -3 -2 -1 -5 -4 -3    0  22   0   5   0   0   0   0   0   1   0  69   0   0   0   0   3   0   0   1  1.12 inf
   11 Y   -4 -4 -5 -6 -5 -4 -4 -5 -1 -4 -3 -4 -3  2 -5 -2 -4  4  9 -4    0   0   0   0   0   0   0   0   0   0   0   0   0   3   0   3   0   5  90   0  2.29 inf
   12 F   -1 -2  1  2 -3 -1  2 -3 -1 -3 -3 -1 -2  3 -3  1 -1 -1  4 -2    3   0   9  11   0   1  16   0   0   0   0   1   0  17   0  15   2   0  23   2  0.40 inf
   13 D   -3 -4  1  8 -2 -2 -1 -3 -3 -5 -5 -3 -1 -6 -4 -2 -3 -6 -5 -5    1   0   5  90   1   0   0   0   0   0   0   0   3   0   0   0   0   0   0   0  1.84 inf
   14 E   -2 -3  0  6 -2 -1  3 -1 -2 -5 -5 -1 -4 -5 -3  1 -2 -5 -4 -4    1   0   2  60   1   0  19   3   0   0   0   2   0   0   0  12   0   0   0   0  1.09 inf
   15 H   -1  0  0  0 -3  1  3 -3  1 -1 -2  1 -1 -2 -2  0  2 -3  0  1    3   5   3   2   0   6  27   0   4   1   1   9   1   1   0   5  16   0   3  12  0.23 inf
   16 Y   -4 -4 -1 -5 -4 -3 -4 -5  4 -3 -3 -4 -3  5 -5 -4 -4  5  7 -3    0   0   4   0   0   0   0   0  10   0   0   0   0  29   0   0   0   9  48   0  1.47 inf
   17 E   -3 -2 -3 -1 -5  0  7 -4 -2 -3 -4 -1 -4 -2 -3 -2 -3 -5 -4  0    0   0   0   0   0   0  87   0   0   1   0   0   0   2   0   0   0   0   0   9  1.43 inf
   18 Y   -4 -4 -5 -6  0 -4 -5 -6 -1 -1 -3 -4 -3  2 -5 -4 -4  0  9 -3    0   0   0   0   2   0   0   0   0   4   0   0   0   4   0   0   0   0  90   0  2.24 inf
   19 R   -4  8 -3 -4 -6  0 -2 -5 -2 -5 -2  0 -3 -5 -4 -3 -3  0 -4 -5    0  91   0   0   0   3   0   0   0   0   4   0   0   0   0   0   0   2   0   0  1.79 inf
   20 H   -4  0 -1 -4 -5  0 -2 -5 10 -1 -5 -3 -4 -1 -5 -3 -4 -5 -1 -5    0   6   2   0   0   4   0   0  81   5   0   0   0   2   0   0   0   0   0   0  2.10 inf
   21 V   -2 -5 -5 -5 -3 -4 -4 -5 -5  2 -1 -4 -1  0 -4 -3 -2 -5 -3  6    1   0   0   0   0   0   0   0   0   5   0   0   0   4   0   2   0   0   0  88  1.27 inf
   22 M   -2  0 -3 -4 -3  0 -2 -4  0  4  1 -2  4  0 -4 -3 -1 -3 -2  2    0   6   0   0   0   5   1   0   3  40   6   2  17   3   0   0   3   0   0  13  0.48 inf
   23 L   -3 -4 -5 -6 -3 -4 -5 -6 -5  1  6 -4  1  1 -5 -4 -3 -3 -3  0    0   0   0   0   0   0   0   0   0   5  85   0   2   4   0   0   0   0   0   4  1.14 inf
   24 P   -3 -4 -4 -4 -5 -4 -3 -1 -4 -5 -3 -3 -4 -6  8  0 -1 -6 -5 -4    0   0   0   0   0   0   0   4   0   0   3   0   0   0  84   6   3   0   0   0  2.22 inf
   25 R   -2  2 -1 -1 -5  1  1 -3 -1 -4 -4  5 -3 -5  2 -1 -1 -5 -3 -4    2   9   1   3   0   3  10   0   1   0   1  58   0   0   9   2   2   0   0   0  0.79 inf
   26 E    0 -1  0  4 -4  2  4 -2  0 -4 -4  0 -3 -5  1 -1 -2 -5 -3 -3    7   1   4  24   0   8  39   1   2   0   0   3   0   0   7   1   0   0   0   1  0.67 inf
   27 L   -2 -3 -4 -5 -3 -3 -4 -4 -4  3  3 -3  5  1 -4 -1 -2  3 -2  1    0   0   0   0   0   0   0   0   0  24  28   1  26   4   0   4   1   4   0   8  0.62 inf
   28 S    3 -3 -3 -3  0 -2 -2  0 -3 -1  1 -2 -1  0 -3  1 -1 -3 -1  2   38   0   0   1   1   1   0   5   0   0  18   0   0   4   0  12   2   0   2  16  0.27 inf
   29 K   -3  3  0 -3 -5  0  0 -4 -1 -4 -4  6  1 -5 -3 -1 -3 -5 -4 -4    0  14   3   0   0   1   2   0   1   0   0  72   4   0   0   3   0   0   0   0  1.14 inf
   30 Q   -1  1 -2 -3 -1  1 -1 -3  2 -1  2  2  1  0 -2 -1 -1 -3 -1 -1    4   8   1   0   1   9   2   0   8   0  35  16   3   5   1   2   2   0   1   3  0.20 inf
   31 V   -2 -4 -4 -3 -2 -3 -4 -5  2  4  2 -3  3 -1 -4 -3 -1 -4 -1  4    1   0   0   1   0   0   0   0   6  30  17   0   8   0   0   0   2   0   2  33  0.57 inf
   32 P   -2 -3 -2 -3 -4  1 -3 -4 -4 -4 -4 -2  0 -2  8  0 -1 -5 -4 -4    0   1   1   0   0   7   0   0   0   0   1   2   3   2  73   8   2   0   0   0  1.73 inf
   33 K   -2  2 -1  0 -4  1  1 -3 -2 -3 -4  5 -3 -3  1 -1 -1 -4 -3 -3    1  13   1   5   0   4  10   0   0   1   0  50   0   1   8   3   3   0   0   0  0.61 inf
   34 T   -1  0  2  3 -3 -1  0  1  0 -3 -3 -1 -3 -3 -2  1  2 -3  1 -2    1   5  14  21   0   1   4  13   1   0   0   1   0   0   1  10  22   0   6   1  0.34 inf
   35 H   -2  2 -1 -3 -4 -1 -1  1  6 -2 -3  2 -2 -1 -1 -2 -2 -2  4 -2    0  16   0   0   0   0   1  13  27   4   0  13   0   0   3   0   2   0  18   2  0.51 inf
   36 L   -3 -4 -5 -5 -3 -4 -4 -5 -4  2  5 -4  0  2 -4 -4 -3  0 -1  1    0   0   0   0   0   0   0   0   0  12  69   0   0  10   0   0   0   1   1   6  0.82 inf
   37 M   -2 -3 -4 -2  2 -3 -4 -4 -4  0  4 -3  6 -1 -4 -3 -2 -3 -2 -1    0   0   0   3   4   0   0   0   0   0  56   0  36   0   0   0   0   0   0   0  0.84 inf
   38 S    1 -1  0 -1 -2 -1 -1 -2 -1 -3 -2  0 -2 -3  0  4  2  3 -2 -2   10   2   2   1   0   1   2   0   1   0   2   6   0   0   3  49  17   5   0   0  0.43 inf
   39 E   -2 -2 -2  1 -5  0  7 -4 -2 -4 -4 -1 -3 -5 -3 -2 -2 -5 -4 -2    0   0   0   5   0   0  91   0   0   0   0   0   0   0   0   0   0   0   0   4  1.36 inf
   40 E    0  0  0  2 -3  1  3 -2  0 -3 -3  1  0 -3 -2  1  0 -4 -3 -2    7   2   3  14   0   3  33   1   1   1   0  11   3   0   0  13   7   0   0   0  0.37 inf
   41 E   -2 -1 -2  0 -5  3  6 -4 -2 -4 -4 -1 -3 -5 -3 -2 -2 -4 -3 -1    0   0   0   0   0  14  80   0   0   0   0   0   0   0   0   0   0   0   0   6  1.16 inf
   42 W   -5 -5 -6 -6  2 -4 -5 -5 -4 -4 -3 -5 -3  2 -6 -5 -4 12  0 -5    0   0   0   0   4   0   0   0   0   0   0   0   0   8   0   0   0  88   0   0  3.35 inf
   43 R   -3  7 -2 -3 -5 -1 -2 -1 -2 -4 -4  0 -3 -3 -4 -2 -3 -3  2 -4    0  88   0   0   0   0   0   4   0   0   0   0   0   0   0   0   0   0   8   0  1.40 inf
   44 R    0  1  1 -1 -3  2 -1  3 -1 -3 -2  2  0 -3 -2  0 -1 -3 -3 -3    8  10   9   2   0  14   0  27   1   0   4  14   3   0   0   7   0   0   0   0  0.29 inf
   45 L   -2 -3 -4 -4 -2 -3 -4 -4 -3  3  4 -3  3  0 -4 -3 -2 -2  0  1    2   0   0   0   0   0   0   0   0  20  61   0   9   0   0   0   0   0   5   4  0.62 inf
   46 G   -1 -3 -2 -3 -4 -3 -3  7 -3 -5 -5  0 -4 -5 -4 -2 -3 -4 -5 -5    0   0   0   0   0   0   0  94   0   0   0   6   0   0   0   0   0   0   0   0  1.60 inf
   47 V   -1 -4 -4 -4 -2 -3 -4 -4 -4  5  1 -3  0 -1 -4 -3 -1 -4 -2  4    2   0   0   0   0   0   0   0   0  51   3   0   0   0   0   0   0   0   0  44  0.70 inf
   48 Q   -2  1 -1  1 -4  6  1 -3 -1 -3 -3  1 -2 -4 -2 -1  2 -3 -3 -3    0   7   0   9   0  59   2   0   0   0   0   6   0   0   0   0  17   0   0   0  0.73 inf
   49 Q   -2 -1 -1 -2 -4  7  0 -3 -1 -3  0  0  3 -3 -3 -1 -2 -3 -3 -3    0   0   0   0   0  75   0   0   0   0   9   2  10   0   0   4   0   0   0   0  0.94 inf
   50 S    0 -2  1 -2 -2 -1 -2 -2 -2 -4 -4 -2 -3 -4 -2  6  1 -4 -3 -3    0   0   7   0   0   0   0   0   0   0   0   0   0   0   0  91   3   0   0   0  1.04 inf
   51 L   -1  3 -2 -1 -3  3  0 -3 -1 -2  1  1  0 -2  3 -1 -1 -3 -2 -1    2  20   0   2   0  18   2   0   1   0  22   7   3   0  18   3   1   0   0   2  0.34 inf
   52 G   -1 -3 -1 -2 -4 -3 -1  7 -3 -5 -5 -3 -4 -4 -3 -1 -3 -4 -2 -4    0   0   1   0   0   0   4  92   0   0   0   0   0   0   0   1   0   0   1   0  1.46 inf
   53 W   -5 -5 -6 -7 -5 -4 -5 -5 -5 -5 -4 -6 -4 -1 -6 -5 -5 12  0 -5    0   0   0   0   0   0   0   0   0   0   0   0   0   0   0   0   0 100   0   0  4.12 inf
   54 V   -1 -1 -3 -2 -2  2  2 -4 -2  2  0 -1  1 -2 -3 -2 -1 -3 -1  4    2   2   0   0   1  13  17   0   0  11   4   1   3   0   0   0   0   0   3  43  0.32 inf
   55 H   -4 -1 -1 -3 -5 -1 -2 -4 10 -5 -4 -3  1 -3 -4 -3 -4 -4  0 -5    0   1   1   0   0   1   0   0  91   0   1   0   4   0   0   0   0   0   0   0  2.28 inf
   56 Y   -4 -4 -4 -3 -4 -4 -4 -5  0 -3 -3 -4 -3  4 -5 -4 -4  0  9 -3    0   0   0   2   0   0   0   0   0   0   0   0   0  15   0   0   0   0  84   0  1.92 inf
   57 M    1 -3 -3 -2 -3 -1  2 -1 -1 -1  0 -2  7 -2 -3 -2 -2 -3  0 -1   12   0   0   2   0   0  16   5   1   0   5   0  54   0   0   1   0   0   3   1  0.67 inf
   58 I   -2  1 -1 -1  0 -2 -2 -4 -1  4  0 -1  0 -1 -3 -1  0 -3  0  2    1  13   3   3   2   0   0   0   1  41   3   2   2   1   0   3   3   0   3  18  0.26 inf
   59 H   -3 -2 -2 -3 -2 -1 -2 -4  9 -4 -4 -3 -3  2 -4 -1 -3  2  2 -5    0   0   0   0   1   1   0   0  77   0   0   0   0  10   0   3   0   3   5   0  1.79 inf
   60 E    1  1  0  0 -1  1  3 -1  0 -3 -3  3 -2 -4  1  0 -1 -4 -3 -2   11   7   3   3   2   2  32   2   2   0   0  23   0   0   6   3   1   0   0   3  0.36 inf
   61 P   -2 -3 -3 -3 -4 -3 -3  0 -4 -5 -5  0 -4 -5  8 -1 -3 -5 -5 -4    0   0   0   0   0   0   0   6   0   0   0   7   0   0  82   5   0   0   0   0  2.05 inf
   62 E   -3  1 -2  0 -5  0  7 -4 -2 -5 -5  0 -4 -5 -3 -2 -3 -5 -4 -4    0   7   0   2   0   0  90   0   0   0   0   2   0   0   0   0   0   0   0   0  1.40 inf
   63 P   -2 -2 -3 -3 -3 -1 -1 -4 -1 -4 -1 -2 -3 -2  8 -2 -3 -5 -4 -4    0   2   0   0   1   2   2   0   2   0   8   1   0   2  80   1   0   0   0   0  1.87 inf
   64 H   -3  1  0 -3 -5 -1 -2 -4  9 -5 -4 -1 -3  0 -4 -3 -3  2  2 -5    0   8   2   0   0   1   0   0  76   0   0   2   0   3   0   0   0   3   4   0  1.67 inf
   65 I   -2 -4 -4 -4  1 -3  0 -5 -4  6  0 -3  0 -2 -4 -2 -2 -4 -3  3    0   0   0   0   3   0   8   0   0  67   0   0   0   0   0   2   0   0   0  20  0.76 inf
   66 L   -3 -3 -4 -5 -2 -3 -4 -5 -4  1  5 -4  3 -1 -4 -3 -1 -3 -2  0    0   0   0   0   0   0   0   0   0   6  82   0   6   0   0   0   4   0   0   3  0.84 inf
   67 L   -2 -3 -1 -4  1 -3 -4 -4 -4  2  5 -3  3 -1 -1 -3 -2 -3 -2  0    0   0   4   0   3   0   0   0   0   8  75   0   6   0   3   1   0   0   0   0  0.69 inf
   68 F   -4 -4 -5 -5 -4 -5 -5 -5 -3 -1  1 -5 -1  8 -5 -3 -3 -1  2 -2    0   0   0   0   0   0   0   0   0   0  15   0   0  82   0   1   0   0   2   0  1.46 inf
   69 R   -3  6 -2 -3 -5  1 -1 -4 -2 -4 -4  3 -3 -4 -3 -2 -2  3 -1 -4    0  72   0   0   0   3   0   0   0   0   0  18   0   0   0   0   0   5   2   0  1.14 inf
   70 R   -3  7 -2 -3 -5  1 -1 -4  0 -4 -3  1 -3 -4 -4 -2 -3 -1 -3 -4    0  86   0   0   0   5   0   0   2   0   2   4   0   0   0   0   0   1   0   0  1.34 inf
   71 P   -2 -3 -3 -2 -4 -1  0 -1 -2 -4 -4  0 -4 -5  8 -1 -2 -5 -4 -3    1   0   0   1   0   1   5   4   1   0   0   6   0   0  78   2   0   0   0   1  1.80 inf
   72 L   -2  0 -3 -3 -2  0 -2 -4 -3  2  3  1  1  0  1 -2 -2 -3 -2  1    0   6   0   0   0   4   0   0   0  15  44  11   1   3   8   1   0   0   0   8  0.26 inf
   73 P    0 -2  3  0 -3 -1 -1  1 -2 -3 -3 -1 -3 -4  5  1  3 -4 -3 -2    5   0  19   3   0   1   0  10   0   0   0   1   0   0  28   6  25   0   0   0  0.59 inf
   74 K   -1  0  0  0 -3  1  0 -1 -1 -2 -2  3 -2  1 -1 -1  1 -2  3  0    2   0   2   6   0   8   2   5   0   1   0  29   0   5   1   2  12   0  17   8  0.19 inf
   75 D   -1  0  2  2 -3  2  2 -1 -1 -2 -2  2 -1 -3  0  0  1 -4 -3 -2    1   0  15  11   0  14  15   4   0   2   2  18   2   0   3   3   9   0   0   1  0.27 inf
   76 Q   -1  0  2  1 -4  3  0 -2 -2 -3 -3  0 -1 -4  5 -1  0 -4 -3 -3    3   3  12   9   0  19   3   0   0   0   2   3   1   0  38   2   4   0   0   0  0.74 inf
   77 Q   -1  1  0  0 -4  4  3 -2 -1 -3 -3  3 -2 -4  1  0 -1 -3 -3 -3    3   4   4   1   0  25  19   0   0   0   0  29   0   0   7   5   1   0   0   0  0.48 inf
   78 K   -1  1  3 -1 -3  3  1 -2 -1 -3 -3  4 -2 -4 -2  1 -1 -4 -2 -3    0   0  17   0   0  17   3   0   0   0   0  52   0   0   0  11   0   0   0   0  0.52 inf

                      K         Lambda
Standard Ungapped    0.1376     0.3215
Standard Gapped      0.0537     0.2670
PSI Ungapped         0.1759     0.3137
PSI Gapped           0.0537     0.2670
