
Last position-specific scoring matrix computed, weighted observed percentages rounded down, information per position, and relative weight of gapless real matches to pseudocounts
           A  R  N  D  C  Q  E  G  H  I  L  K  M  F  P  S  T  W  Y  V   A   R   N   D   C   Q   E   G   H   I   L   K   M   F   P   S   T   W   Y   V
    1 L   -4 -5 -6 -7 -4 -5 -6 -7 -6  3  6 -6  2  3 -6 -5 -4 -4 -3 -2    0   0   0   0   0   0   0   0   0  14  73   0   4  10   0   0   0   0   0   0  1.38 inf
    2 C    2 -5 -1 -4  5 -4 -4  5 -5 -6 -5 -4 -5 -6 -5  2 -2 -6 -5 -5   14   0   3   0  13   0   0  48   0   0   1   0   0   0   0  19   1   0   0   0  1.15 inf
    3 T   -3 -5 -2 -5 -4 -3 -4 -5 -5  1 -2 -4 -3 -5 -5  1  7 -6 -5  1    0   0   2   0   0   0   0   0   0   7   3   0   0   0   0  11  65   0   0  10  1.35 inf
    4 Y   -2 -2 -5 -5 -3 -2 -4 -3 -2 -2 -4 -5 -4  4 -6 -3 -3  3  9 -3    3   2   0   0   0   2   1   2   1   2   1   0   0  13   0   2   2   3  63   2  1.79 inf
    5 Y   -4 -6 -5 -6 -6 -5 -6 -7 -3 -2 -3 -6 -1  5 -7 -5 -4  3  9 -4    1   0   0   0   0   0   0   0   0   2   2   0   2  22   0   1   1   3  65   1  2.26 inf
    6 Y   -5 -6 -6 -7 -6 -5 -6 -7 -3  1  2 -6  1  2 -7 -4 -4 -1  8 -1    0   0   0   0   0   0   0   0   0   7  20   0   4   8   0   1   0   0  55   5  1.64 inf
    7 E    1  1 -1  0 -1  1  2  0 -1 -1 -2  0  0 -2 -2  1  0 -2  0  0   14   9   2   4   2   5  15   7   1   3   3   4   3   1   1  12   4   0   3   8  0.11 inf
    8 I   -4 -6 -6 -7 -1 -6 -6 -7 -5  2  2 -6  3  7 -2 -5 -5 -3  1  0    0   0   0   0   1   0   0   0   0  11  20   0   6  49   3   0   0   0   3   7  1.30 inf
    9 N   -6 -3  9 -2 -7 -3 -5 -5 -4 -8 -6 -2 -7 -7 -6 -4 -4 -8 -7 -6    0   1  93   1   0   1   0   0   0   0   1   2   0   0   0   0   0   0   0   0  2.81 inf
   10 N   -3 -4  3 -3  0  1 -2 -4  0 -1  1 -3  1 -4 -3 -2  5 -5 -4  2    1   0  13   0   2   7   2   1   2   3  11   0   3   0   1   1  38   0   0  15  0.60 inf
   11 Q   -1  1  1 -1 -5  3  2 -3 -1 -5 -4  3 -3 -5 -4  0  3 -5 -4 -3    3   7   8   3   0  14  14   0   1   0   1  20   0   0   0   5  23   0   0   1  0.57 inf
   12 K   -1  3  2  1 -5  1  0 -3 -1 -1 -3  5 -2 -5 -4 -2 -3 -5 -4 -1    4  17  11   8   0   4   4   1   1   4   2  36   1   0   0   2   1   0   0   5  0.60 inf
   13 A    2 -1 -2  0 -5 -2  3 -1 -4 -5 -5  3 -5 -6  5 -1 -3 -6 -5 -5   17   2   1   4   0   1  22   5   0   0   0  20   0   0  25   3   0   0   0   0  0.79 inf
   14 P    0 -6 -6 -5 -6 -3 -3 -6 -4 -2 -3 -3 -2 -3  8 -4 -3 -3 -1 -1    9   0   0   0   0   1   2   0   0   3   2   1   1   1  69   0   2   0   2   5  1.86 inf
   15 F   -5 -6 -7 -7 -5 -6 -7 -7 -5 -3  4 -6  0  7 -7 -6  0  2  0 -3    0   0   0   0   0   0   0   0   0   0  34   0   1  54   0   0   6   2   1   1  1.68 inf
   16 N   -1  0  4  4 -5  1 -2 -3 -3 -5 -5  3 -5 -6 -4  0  1 -6 -5 -5    6   3  19  28   0   7   0   1   0   0   0  20   0   0   0   6   8   0   0   0  0.77 inf
   17 D   -6 -4  7  7 -7 -4 -2 -5 -2 -7 -8 -4 -7 -7 -6 -3 -5 -8 -7 -7    0   0  45  51   0   0   1   0   1   0   0   0   0   0   0   1   0   0   0   0  2.09 inf
   18 V    2 -1 -4 -4 -4 -1 -1 -4 -4  0 -1  2 -2 -4  3 -1 -2 -5 -4  3   17   3   0   0   0   3   4   0   0   4   4  15   0   0  17   3   1   0   0  29  0.50 inf
   19 R   -4  6  3 -1 -6 -2 -2 -4 -1 -6 -2  4 -5 -6 -5 -3 -3 -6 -4 -6    0  45  15   4   0   0   2   1   1   0   4  27   0   0   0   0   0   0   1   0  1.25 inf
   20 V   -3 -6 -7 -7 -5 -6 -6 -7 -7  4  0 -6 -2 -3 -6 -5 -4 -6 -5  7    1   0   0   0   0   0   0   0   0  19   8   0   1   1   0   0   0   0   0  71  1.67 inf
   21 R   -6  9 -5 -6 -8 -4 -5 -7 -5 -8 -7 -2 -6 -8 -7 -5 -6 -8 -6 -7    0 100   0   0   0   0   0   0   0   0   0   0   0   0   0   0   0   0   0   0  3.09 inf
   22 T   -3  4 -3 -4 -6  5  1 -5 -4 -6 -3  5 -2 -6 -5 -3 -1 -3 -5 -5    1  18   1   0   0  25   9   0   0   0   2  40   1   0   0   0   3   0   0   0  1.17 inf
   23 A    7 -6 -6 -6 -5 -5 -5 -3 -6 -6 -6 -5 -5 -7 -5 -3 -4 -7 -6 -5   99   0   0   0   0   0   0   1   0   0   0   0   0   0   0   0   0   0   0   0  2.36 inf
   24 L   -5 -6 -7 -7 -5 -6 -6 -7 -6  3  5 -6  0  4 -6 -6 -5 -5 -3  0    0   0   0   0   0   0   0   0   0  16  64   0   1  15   0   0   0   0   0   3  1.38 inf
   25 K    3 -3  3 -1 -3 -2 -3 -2 -4 -5 -5 -1 -4 -5 -4  5  1 -6 -3 -4   23   0  12   2   0   1   0   1   0   0   1   4   0   0   0  45   8   0   1   0  0.87 inf
   26 L   -4 -4 -6 -7 -3 -4 -6 -7 -4 -1  5 -4  6 -1 -6 -5 -4  1  5 -2    1   1   0   0   0   0   0   0   0   2  48   1  24   1   0   0   0   2  19   1  1.38 inf
   27 A    6 -5 -5 -5 -4 -4 -5  0 -5 -4 -4 -4 -4 -6 -5  1  0 -6 -5 -1   76   0   0   0   0   0   0   5   0   0   1   0   0   0   0  10   5   0   0   4  1.45 inf
   28 L   -4 -6 -7 -7 -5 -6 -6 -7 -6  7  2 -6  0 -2 -6 -6 -3 -6 -1  3    1   0   0   0   0   0   0   0   0  61  15   0   2   1   0   0   1   0   2  18  1.49 inf
   29 D   -6 -5  3  8 -8 -3 -3 -5 -5 -7 -8 -5 -3 -8 -6 -4 -4 -9 -7 -7    0   0  15  82   0   1   0   0   0   0   0   0   1   0   0   0   0   0   0   0  2.43 inf
   30 R   -6  8 -5 -6 -8 -1 -4 -7 -5 -7 -7  2 -6 -7 -5 -5 -4 -7 -6 -6    0  86   0   0   0   2   0   0   0   0   0  11   0   0   0   0   1   0   0   0  2.47 inf
   31 D   -2  0  3  4 -6  3  4 -4 -1 -6 -5  3 -4 -6 -3 -1 -1 -6 -4 -4    2   4  12  20   0  13  26   1   1   0   0  16   0   0   1   2   3   0   0   0  0.76 inf
   32 I    1 -2 -2 -1 -3  0  0 -1 -2  2 -1 -1 -1  1 -3  0  1 -2  3  1   16   1   1   4   0   3   6   4   0  14   4   2   0   7   1   5   9   0  12  10  0.15 inf
   33 I   -5 -6 -7 -7 -5 -6 -6 -7 -6  7  3 -6  1  0 -6 -6 -4 -5  0  0    0   0   0   0   0   0   0   0   0  56  30   0   3   3   0   0   0   0   3   4  1.43 inf
   34 V    3 -5 -1 -5  1 -4 -4 -3 -5  1 -3 -4 -2 -3 -4 -1  3 -6 -4  4   25   0   3   0   3   0   0   2   0   6   1   0   0   1   0   4  19   0   0  37  0.74 inf
   35 N   -3  0  3  4 -6  0  4 -3 -2 -5 -5  2 -5 -5 -3  0 -1 -5 -1 -4    1   4  16  22   0   3  27   1   0   0   0  13   0   0   0   6   3   0   3   1  0.75 inf
   36 K    0  1  3 -1 -4  1  0 -2 -1 -2 -3  4 -1 -3 -3  0  1 -5 -1 -2    7   6  17   3   0   6   4   2   1   2   2  31   1   1   0   5   8   0   3   2  0.42 inf
   37 V   -4 -6 -6 -7 -4 -6 -6 -7 -5  6  0 -6 -2 -2 -6 -5 -3 -6 -5  6    0   0   0   0   0   0   0   0   0  38   6   0   0   1   0   0   0   0   0  53  1.56 inf
   38 K   -2 -2 -3 -5 -4 -4 -4 -3 -4  0  4 -1  3  0 -5 -2  3  3  0  1    2   2   1   0   0   0   0   2   0   3  39   3   7   4   0   1  20   4   4   8  0.55 inf
   39 N    0  2  1 -1 -4  3 -2  3 -3 -5 -4  4 -2 -4 -2 -2 -3 -5 -3 -4    8   9   7   3   0  16   1  24   0   0   1  24   1   1   1   2   0   0   1   0  0.57 inf
   40 Q    1 -2  3  1 -3  3 -2  4 -3 -4 -4 -2 -3 -4 -3  0  0 -5 -3 -3   10   2  13   9   0  13   1  35   0   0   2   1   1   0   0   5   6   0   1   1  0.59 inf
   41 G   -1 -2  0 -3 -5 -2 -2  6 -5 -5 -4 -2 -2 -5 -5  0  1 -6 -4 -3    4   3   4   1   0   2   3  61   0   0   1   3   1   0   0   6   9   0   1   2  1.07 inf
   42 D   -1 -1 -1  0 -5  5  3  0 -2 -4 -4 -1  2 -1 -2  1 -1 -4  0 -2    5   3   2   3   0  26  21   7   0   0   1   2   5   2   1  13   3   0   4   2  0.48 inf
   43 L   -1  0 -2 -2 -4  1  0 -4 -2  2  0  3 -1 -3 -2 -1  2 -4 -3  1    3   5   0   1   0   6   7   0   1  15  11  21   1   0   2   4  13   0   0  10  0.25 inf
   44 P    0 -6 -6 -5 -7 -5 -2 -6 -6 -6 -6 -4 -6 -8  8 -3 -5 -8 -7 -2    9   0   0   0   0   0   2   0   0   0   1   1   0   0  82   1   0   0   0   3  2.52 inf
   45 A    6 -5 -4 -5 -2 -5 -5 -2 -5 -5 -3 -5  0 -6 -4  0  1 -4 -6 -3   79   0   1   0   1   0   0   2   0   0   2   0   3   0   1   5   8   0   0   1  1.52 inf
   46 Y   -2  1 -1 -2 -5 -2 -3 -2  0 -4 -3  0  0  2 -4 -2  1  4  7 -3    4   7   4   3   0   1   1   4   1   0   2   6   2   6   0   3  10   5  41   1  0.83 inf
   47 S    2  0  2 -2 -4 -2 -3  3  1 -4 -4 -2 -4 -1 -4  3  1 -5 -2 -2   15   4  11   1   0   1   1  26   3   0   1   1   0   4   0  22   9   0   1   2  0.48 inf
   48 Y   -3 -5 -5 -6 -5 -5 -6 -6 -2  2  2 -5  2  6 -1 -5 -3  3  2  0    2   0   0   0   0   0   0   0   1  10  21   0   6  40   3   0   1   4   6   7  1.00 inf
   49 T   -3 -5 -5 -6 -2 -5 -5 -5 -6  2 -1 -5  0 -4 -5 -2  4 -6 -5  6    1   0   0   0   1   0   0   0   0  10   4   0   2   0   0   3  28   0   0  51  1.17 inf
   50 P   -2 -6 -6 -6 -7 -3 -5 -2 -1 -7 -5 -5 -7 -8  8 -1 -5 -8 -5 -5    3   0   0   0   0   1   0   4   2   0   1   0   0   0  83   5   0   0   0   1  2.55 inf
   51 P   -1 -3 -1  2 -5 -1  1 -4 -2 -5 -4  0 -4 -3  6 -1 -1  0  2 -3    4   1   3  10   0   2   8   1   1   0   1   6   0   1  45   3   4   1   7   2  0.98 inf
   52 Y   -1 -3  0 -1 -4 -1 -2  5 -2 -1 -3 -2 -3  1 -4  0 -1 -4  1 -1    5   1   4   3   0   2   3  47   1   4   1   2   0   6   0   6   4   0   6   5  0.59 inf
   53 T   -1 -4 -2 -4 -3 -4 -3 -3 -4  4  0 -3  5 -2 -2 -2  3 -4 -3  2    3   0   2   0   0   0   2   2   0  24   8   1  15   1   2   1  22   0   0  16  0.58 inf
   54 D    2 -2  1  2 -3  0  0  1 -1 -3 -3  1 -2 -3  2  0 -1  3 -3 -3   18   1   8  14   0   3   6   9   1   1   2   9   1   0  12   6   3   4   0   1  0.28 inf
   55 G   -3 -4  2  3 -5 -3 -3  6 -2 -5 -5 -3 -5 -2 -4 -1 -3 -5  0 -4    1   0  10  15   0   1   1  57   1   1   1   1   0   1   0   4   1   0   4   1  1.11 inf
   56 A    0 -3 -2 -3 -4 -3 -2 -1  1 -2 -2  0  0  5 -1 -1 -3 -1  5 -1    8   1   2   2   0   0   3   5   3   1   2   6   2  28   3   4   1   0  25   5  0.64 inf
   57 K   -2  3  2  2 -4  0  1 -2 -1 -3 -3  2 -3 -3  0 -1  1 -4 -1 -3    3  15  13  14   0   4   9   2   1   1   2  14   0   1   5   3   9   0   3   2  0.35 inf
   58 L    0 -2 -2  1 -4 -2  1  0 -2 -1 -1  0 -2  2  4 -1 -1 -1 -1 -1    7   1   1  10   0   0  10   9   0   3   7   5   1  10  21   5   4   1   1   4  0.25 inf
   59 V    1 -1  2  1 -3  1  1 -1  0 -2 -2  1 -2  0  2  0  0 -2  0 -1   11   3  10   6   0   6   9   4   3   1   1   8   0   6  10   5   7   0   3   6  0.14 inf
   60 E    0  0  1  1 -3  0  1  1 -1 -1 -1  1 -1  0  1  0  1 -3 -1 -1    8   5   6   7   0   5   8  10   1   2   4   9   1   4   8   7   8   0   2   4  0.10 inf
   61 P   -1 -1 -1 -2 -4 -2 -1  2 -2 -2 -1  1 -1 -1  5 -1 -1  0  1 -1    5   3   2   2   0   1   4  15   0   2   6  11   1   3  27   4   3   1   5   5  0.39 inf
   62 E    0 -1  0  4 -4  0  4  0 -2 -4 -3  0 -3 -2  0 -1 -2 -4 -1 -2    9   2   4  23   0   2  27   8   0   1   2   4   0   1   4   4   1   0   3   3  0.44 inf
   63 W   -1 -4 -2 -1 -4 -3 -1  0 -1 -2  0 -2 -1  3 -4 -3 -3  7  6 -2    4   0   1   5   0   1   3   7   1   2   9   2   1  11   0   1   1  15  32   2  0.86 inf
   64 F    2 -1 -1 -1 -1  0 -1  1 -2  0 -1  0 -1  3 -2  0 -1 -2  1  0   21   3   2   3   1   3   4  11   0   6   3   5   0  16   1   5   2   0   6   6  0.13 inf
   65 K   -1 -1  1  3 -4  1  1  1 -2 -3 -3  3 -3 -2 -2  2  0 -4 -2 -3    4   2   5  16   0   5   6  11   1   1   2  20   0   1   2  15   6   0   1   1  0.31 inf
   66 W   -1 -2 -1  0 -3 -1  0 -2  0 -1  1 -1  2  1 -2 -1 -1  6  3 -1    3   2   3   5   0   3   8   3   2   4  12   5   7   6   1   3   4  14  11   4  0.29 inf
   67 S   -1 -2  1  4 -2 -2 -1 -1 -1 -3 -2 -1 -3 -1  2  2  2 -4 -1 -3    3   1   7  23   1   1   1   4   1   1   5   3   0   4  12  16  12   0   3   1  0.34 inf
   68 Q   -1  0 -2 -1 -3  4 -1 -2 -1 -1 -1  1  2  0  2 -1 -1 -3  2  0    5   4   1   3   0  21   2   2   1   3   6   7   5   4  12   3   2   0   9   9  0.25 inf
   69 Q    1 -1  0  2 -4  2  3 -2 -1 -2 -1  2 -2 -4 -1  0 -1 -4 -3 -2   13   2   3  12   0   8  23   2   1   3   6  12   0   0   3   4   4   0   1   3  0.27 inf
   70 K    0 -1  0  1 -4  2  3 -2 -1 -4 -4  3 -3  0 -1 -2 -2 -3  3 -3    8   2   4   6   0  10  20   3   1   0   1  20   0   5   2   1   1   0  12   1  0.40 inf
   71 R    1  5  5  3 -5 -2 -2 -4 -2 -5 -2 -1 -4 -5 -3 -2 -3 -5 -4 -4   12  32  26  16   0   1   1   0   1   0   4   2   0   0   1   1   1   0   0   1  0.86 inf
   72 N   -2 -2  2  0 -3 -1  0 -4 -3  1  0  1 -1 -3  4 -2 -2 -5 -3  2    3   2  12   6   0   1   6   0   0  10   8  10   1   1  19   1   1   0   1  18  0.33 inf
   73 E    2 -1 -3  2 -5  1  5 -4 -4 -5 -5  1 -4 -6 -4 -2 -1 -6 -5 -4   20   3   0   9   0   7  46   1   0   0   0   8   0   0   0   1   3   0   0   1  0.93 inf
   74 E   -1  1 -2 -2 -5  2  4 -4 -1 -4 -1  4  1 -4 -4 -3 -1 -5  1 -3    5   6   1   0   0  10  28   0   1   1   7  26   4   0   0   0   3   0   5   1  0.60 inf
   75 A    7 -6 -6 -6 -4 -5 -5 -4 -6 -5  0 -5 -5 -5 -5 -2 -4  2 -5 -4   87   0   0   0   0   0   0   0   0   0   8   0   0   0   0   1   0   3   0   0  1.84 inf
   76 K   -2  4 -3 -2 -6  1  0 -5 -4 -3 -4  6 -3 -6 -5 -3 -3 -6 -5 -3    3  20   0   2   0   4   5   0   0   2   1  58   0   0   0   0   1   0   0   2  1.28 inf
   77 K    2  2 -2 -2 -5  3  2 -4 -3 -5 -5  5 -4 -6 -4 -2 -2 -6 -5 -4   15  10   1   1   0  13  15   0   0   0   0  39   0   0   0   2   2   0   0   1  0.83 inf
   78 L   -2 -6 -6 -7 -5 -6 -5  0 -6 -1  6 -6 -1 -2 -6 -5 -4 -1 -4 -2    3   0   0   0   0   0   0   9   0   1  81   0   1   1   0   0   1   1   0   1  1.46 inf
   79 L   -5 -5 -7 -7 -5 -5 -6 -7 -6 -1  6 -3  5 -1 -6 -6 -5  2 -2 -3    0   0   0   0   0   0   0   0   0   1  75   2  14   2   0   0   0   3   1   0  1.57 inf
   80 A    5 -1 -1 -4 -4  0  2 -4 -1 -4 -5  4 -3 -5 -4 -1 -1 -6 -5 -4   46   3   3   0   0   4  12   0   1   0   0  23   0   0   0   3   3   0   0   0  0.80 inf
   81 E   -1 -3 -3  1 -7  2  7 -5 -4 -6 -4 -1 -6 -7 -3 -3 -4 -7 -6 -6    5   1   0   5   0   8  74   0   0   0   1   2   0   0   1   1   0   0   0   0  1.70 inf
   82 A    6 -5 -5 -5 -3 -3 -1 -1 -3 -4  0 -2 -3 -5 -4 -3 -3 -6 -5 -3   76   0   0   0   0   1   3   3   0   0   9   2   0   0   0   0   1   0   0   1  1.35 inf
   83 G   -4 -6 -2 -6 -7 -6 -6  7 -4 -6 -6 -2 -2 -7 -6 -4 -6 -7 -7 -7    0   0   1   0   0   0   0  92   0   0   1   3   1   0   0   0   0   0   0   0  2.38 inf
   84 F   -4 -5 -6 -6 -6 -3 -4 -6 -3 -1 -1 -2  0  4 -6 -5 -5  1  8 -1    1   0   0   0   0   1   1   0   0   3   6   3   2  13   0   0   0   2  60   5  1.74 inf
   85 T   -2 -3  1  0 -4 -2  1  2 -3 -5 -5  0 -4 -5  5  2  1 -5 -5 -4    2   0   8   5   0   1   8  14   0   0   0   6   0   0  32  14   8   0   0   0  0.73 inf
   86 A    0 -2  4  3 -4 -1  2  0 -2 -3 -3  1 -2 -4  3 -1 -1 -5 -4 -3    7   2  20  17   0   1  12   7   0   1   2   9   1   0  13   3   3   0   0   1  0.44 inf
   87 D    0 -2  0  2 -3 -1  0  5 -2 -4 -2 -1 -2 -4 -2  0 -2 -4 -4 -4    6   1   4  12   0   3   5  46   1   1   4   3   1   0   2   7   2   0   0   1  0.64 inf
   88 K   -2  1  4 -1 -5  0  2 -3  2 -4 -4  4 -4 -4  0 -1 -3  1 -4 -4    3   7  20   1   0   3  14   2   5   1   1  30   0   1   5   4   0   2   0   1  0.61 inf
   89 P   -1 -3  1 -1 -4 -3 -2  3 -3 -4 -2  0 -3 -2  6 -1 -1 -1 -4 -4    3   1   8   2   0   0   2  26   0   1   5   5   0   2  36   3   3   1   0   0  0.84 inf
   90 L   -4 -5 -6 -6 -4 -5 -5 -6 -5  0  4 -5  1  5  2 -5 -3  0 -1  0    0   0   0   0   0   0   0   0   0   3  47   0   3  27  10   0   1   1   1   4  1.03 inf
   91 T   -2 -1 -2 -1 -5 -1  1 -4 -2 -5 -5  3 -4 -6  5  1  3 -6 -5 -4    2   3   2   2   0   2  11   0   1   0   0  16   0   0  32   8  20   0   0   1  0.87 inf
   92 F   -3 -5 -6 -6 -4 -5 -5 -6 -5  3  3 -5  1  5 -5 -4 -2 -4 -2  3    1   0   0   0   0   0   0   0   0  18  26   0   2  25   0   0   1   0   0  24  0.93 inf
   93 D   -2 -2  1  1 -4  0  3 -4 -3 -2 -2  1 -2 -4 -2  1  5 -5 -4 -2    2   1   5   6   0   4  23   0   0   1   5   7   1   1   1   8  35   0   0   2  0.58 inf
   94 L   -4 -2 -6 -5 -3 -4 -1 -6 -5  3  5 -5  0  1 -6 -5 -3 -4  3 -1    0   2   0   0   0   1   6   0   0  16  56   0   1   5   0   0   1   0   9   2  0.94 inf
   95 L   -3  0 -2 -4 -3 -1 -3 -4 -3  0  4  0  2  1 -2  0  1  0 -1  0    0   5   1   0   0   3   0   1   0   5  40   7   5   5   2   9   9   1   2   5  0.34 inf
   96 Y   -2 -3 -2 -6 -6 -5 -5 -4  0 -1 -3 -1 -2  3 -6 -1  0 -2  8 -2    2   1   2   0   0   0   0   2   1   3   2   5   1   8   0   4   7   0  60   2  1.54 inf
   97 N   -2 -2  7  2 -6 -3 -4 -3 -3 -6 -5 -2 -3 -4 -1  0  1 -7 -1 -3    3   2  61   9   0   0   0   1   0   0   1   2   1   1   3   6   7   0   2   2  1.34 inf
   98 T   -2 -4  2  3 -5 -2 -2 -4 -5 -3 -5 -2 -4 -6  0  1  6 -6 -5 -3    2   0   8  17   0   1   1   1   0   1   0   1   0   0   5   9  52   0   0   1  1.07 inf
   99 S   -1 -2  3  2 -4 -1 -2 -1 -1 -5 -3 -2 -3 -2  0  4  2 -5 -3 -4    4   1  16  10   0   2   2   5   1   0   2   1   0   2   4  37  11   0   1   1  0.56 inf
  100 D   -1 -4 -2  4 -6  0  5  2 -4 -5 -5 -3 -5 -6  1 -1 -1 -6 -5 -4    4   0   1  26   0   2  38  14   0   0   0   0   0   0   6   4   3   0   0   1  0.88 inf
  101 L    0  0  4  0 -3  0 -1  1 -2 -2  0 -1 -1 -2 -2  1  1 -4  0 -1    9   5  24   5   0   4   3  11   0   1  10   1   1   1   1   9   8   0   3   3  0.22 inf
  102 H    0 -2  4 -1 -6 -1 -2 -2  9 -5 -5 -3 -5 -3 -4 -1 -3 -6 -1 -5   10   2  19   3   0   2   2   3  50   0   1   1   0   1   1   4   1   0   1   0  1.55 inf
  103 K   -2  3 -3 -4 -6  2 -1 -4 -4 -1 -4  6 -4 -6 -2 -3 -3 -6 -2 -1    4  14   1   0   0   8   2   1   0   4   1  56   0   0   2   1   1   0   1   5  1.07 inf
  104 K    0  2  1  0 -5  1 -1 -3 -3 -3 -3  5 -3 -4 -1 -1  0 -6 -4 -3    7  11   6   4   0   6   3   1   0   2   2  46   1   0   2   3   6   0   0   2  0.68 inf
  105 L   -3 -4 -5 -6 -4 -1 -4 -5 -4  6  1 -4  2 -3 -5 -1  1 -5 -3  3    0   0   0   0   0   3   0   0   0  47   8   0   6   0   0   4   9   0   0  19  0.94 inf
  106 A    6 -5 -5 -5 -1 -5 -5  0 -5 -3 -4 -5  2 -1 -4 -1 -1 -6 -5 -2   76   0   0   0   1   0   0   5   0   1   1   0   5   3   0   3   3   0   0   2  1.39 inf
  107 I   -2 -4 -3 -2 -5  2  5 -5 -4  3 -2 -2 -3 -5 -3 -3  0 -6 -5  2    2   0   1   1   0  10  44   0   0  19   3   1   0   0   1   1   5   0   0  13  0.83 inf
  108 A    6 -5 -5 -6 -3 -4 -4 -4 -4 -3 -3 -4 -2  3 -5 -2 -2 -1  3  0   63   0   0   0   0   0   1   0   0   1   1   0   1  12   0   2   2   1   9   7  1.14 inf
  109 V    1 -5 -6 -6 -4 -5 -5 -6 -6  5  2 -5  2 -1 -5 -4 -3 -5 -4  3   11   0   0   0   0   0   0   0   0  38  21   0   6   2   0   0   0   0   0  21  0.96 inf
  110 A    3 -3 -4 -5 -6  8 -3 -3 -4 -3 -5 -1 -4 -7 -5  0 -2 -6 -5 -5   24   1   0   0   0  60   0   2   0   1   0   3   0   0   0   6   2   0   0   0  1.57 inf
  111 S    1 -3  1  2 -5  4  2  0 -3 -5 -5 -2 -4 -6 -4  4 -2 -6 -5 -5   12   0   7  11   0  20  13   6   0   0   0   1   0   0   0  28   0   0   0   0  0.69 inf
  112 I   -2 -4 -2  0 -4  4 -1 -6 -5 -1 -2 -2  9 -2 -6 -3 -2 -6 -5 -2    4   0   1   6   0  19   4   0   0   3   2   2  54   1   0   1   2   0   0   1  1.56 inf
  113 W   -7 -7 -8 -9 -7 -7 -8 -8 -7 -2  2 -8 -2  1 -8 -7 -7 12 -1 -5    0   0   0   0   0   0   0   0   0   2  22   0   1   6   0   0   0  67   1   1  3.22 inf
  114 K   -2  1 -2 -3 -6  2  1 -2 -3 -5 -5  7 -4 -6 -4 -1 -3 -6 -5 -5    3   7   1   1   0   7   8   2   0   0   1  63   0   0   0   5   1   0   0   0  1.29 inf
  115 K   -1  0  0  0 -5  3  3 -4 -2 -5 -4  5 -3 -5  0 -1  0 -5 -4 -3    3   3   5   5   0  13  16   0   1   0   1  39   0   0   4   4   5   0   0   1  0.70 inf
  116 N    0 -2  6 -1 -3 -2 -1 -2  1  0 -3  1 -3 -4 -3 -1  1 -2 -3  0    7   2  44   2   0   1   3   2   3   5   3   8   0   1   1   3   8   1   0   6  0.65 inf
  117 L   -4 -6 -7 -6 -5 -6 -6 -5 -6  2  6 -6 -1 -1 -3 -6 -4 -5 -4  0    1   0   0   0   0   0   0   1   0   9  80   0   0   2   1   0   1   0   0   4  1.52 inf
  118 G   -4 -6  3 -3 -7 -5 -4  7 -4 -8 -6 -5 -3 -7 -4 -4 -5 -7 -5 -7    0   0  15   1   0   0   1  80   0   0   0   0   1   0   1   0   0   0   0   0  2.02 inf
  119 V    0 -6 -6 -6 -4 -6 -6 -6 -6  5  1 -6 -1 -4 -6 -5 -3 -6 -3  5    8   0   0   0   0   0   0   0   0  36   9   0   1   0   0   0   0   0   1  44  1.27 inf
  120 N   -3 -1  3  5 -6  2  2 -4 -2 -5 -6  3 -5 -6 -4 -1  1 -6 -5 -4    0   3  16  30   0   7  14   0   1   0   0  16   0   0   0   3   8   0   0   1  0.82 inf
  121 V    1 -5 -6 -6 -3 -5 -5 -6 -6  3 -1 -5  1 -3 -2 -3  0 -6 -4  6   12   0   0   0   0   0   0   0   0  12   4   0   4   0   2   1   5   0   0  58  1.08 inf
  122 N   -2  0  1  0 -5  0  3 -3 -1 -3 -4  4 -2 -5 -4  0  3 -5 -4 -1    2   5   6   3   0   2  17   1   1   1   0  26   1   0   0   7  24   0   0   4  0.56 inf
  123 L   -5 -6 -5 -7 -3 -4 -6 -7 -6  4  5 -6  0 -1 -5 -4 -3 -5 -4  0    0   0   1   0   0   0   0   0   0  25  63   0   2   1   0   1   1   0   0   5  1.30 inf
  124 E    0  1  0  0 -4  3  3 -3 -2 -2 -2  1 -1 -3 -3  0  1 -4 -2  1    6   6   5   5   0  12  21   0   0   2   2  10   1   1   0   7   8   0   1  12  0.28 inf
  125 N   -3 -3  7 -3 -6  2 -1 -2 -3 -1 -6 -2 -3 -6  0  1  0 -6 -3 -2    2   0  55   0   0   8   4   2   0   4   0   2   0   0   5   9   6   0   1   3  1.12 inf
  126 Q   -2 -2 -3 -3 -3  6  2 -5 -3 -1 -1  0  3 -2 -2 -1 -1 -5  0  2    2   1   1   0   0  36  14   0   0   2   6   4   8   1   1   4   3   0   3  14  0.62 inf
  127 E   -4 -4 -3  2 -8 -2  7 -6 -4 -7 -7 -3 -6 -7  2 -4 -3 -7 -6 -7    1   0   1  10   0   0  75   0   0   0   0   0   0   0  11   0   2   0   0   0  1.88 inf
  128 W   -3 -4 -4 -8 -7 -3 -6 -3 -4 -5 -4 -7 -4  4 -2 -3 -2 12  0 -3    3   1   1   0   0   1   0   3   0   0   2   0   0  15   3   2   2  62   2   2  2.73 inf
  129 K    1 -1  1 -3 -5  0 -3 -1 -4 -6 -6  6 -5 -6 -2  1 -1 -6 -5 -5   13   1   5   0   0   4   0   5   0   0   0  55   0   0   2   9   4   0   0   0  1.00 inf
  130 T    0 -4 -2 -3 -4 -1 -2 -5 -5  0 -2 -4 -3 -4 -4  0  5 -6 -4  4    7   0   2   1   0   3   3   0   0   4   1   0   0   0   0   8  34   0   0  36  0.78 inf
  131 F   -5  2 -3 -6 -6 -3 -5 -6  4 -3  0 -2  1  6 -6 -3 -2 -1  6 -3    0  10   1   0   0   0   0   0   8   0   7   2   4  29   0   1   2   1  32   2  1.18 inf
  132 L   -2 -3 -4 -6 -4  0 -5 -5 -4  2  5 -4  0  0 -5 -3 -1 -1  2  0    2   1   1   0   0   6   0   0   0  12  56   0   1   3   0   2   4   1   8   3  0.80 inf
  133 D    1 -3  1  5 -5  2  2 -2  0 -5 -4  0 -4 -4 -2  0 -1 -6 -4 -3   11   0   7  33   0   9  14   2   2   0   1   6   0   1   2   8   3   0   0   1  0.61 inf
  134 T    0  2  2  0 -4  0  0 -3 -3 -3  0  0  1 -2 -3  2  3 -4 -1 -2    7  11  10   5   0   5   4   0   0   0   9   5   4   1   0  16  21   0   2   1  0.28 inf
  135 R   -3  5 -3 -3 -2  2 -1 -4 -3 -1  0  1  3 -2 -4 -1 -1 -4  0 -1    1  38   0   1   1   9   3   0   0   4  11   7   8   2   0   5   4   0   3   4  0.55 inf
  136 H   -1  3  3  1 -5  3  0 -2  4 -4 -3  2 -2 -3 -4  0  0 -5 -2 -3    3  17  13   8   0  12   5   2  11   0   3  12   1   1   0   6   5   0   1   1  0.43 inf
  137 Q    1  0  3  1 -4  4  1 -2 -2 -4 -4  2 -3 -5 -3  1  1 -5 -3 -4   11   5  15   8   0  20   7   2   1   0   0  11   0   0   1  10   9   0   0   0  0.48 inf
  138 G   -3  0 -2 -4 -6  0 -4  6  0 -5 -1  2  0 -3 -5 -2 -4 -5 -4 -5    1   6   1   0   0   5   0  59   2   0   6  11   3   1   0   3   0   0   0   0  1.07 inf
  139 T   -2 -2  6  4 -6  2  1 -4  0 -6 -5  1 -2 -6 -1 -2 -1 -6 -5 -5    2   1  34  26   0   9   7   0   2   0   0   8   1   0   2   2   4   0   0   0  0.93 inf
  140 F   -5 -6 -6 -6 -6 -5 -6 -7  1 -3 -3 -6 -1  7 -4 -6 -3 -2  7 -3    0   0   0   0   0   0   0   0   3   1   2   0   2  48   1   0   2   0  40   2  2.05 inf
  141 D   -3 -3 -1  6 -6  5  3 -3 -2 -5 -5 -2  0 -6 -3 -2 -1 -6 -5 -3    1   0   2  40   0  27  15   1   1   0   0   1   3   0   1   1   4   0   0   2  1.13 inf
  142 V   -2 -5 -6 -6 -4 -5 -6 -6 -6  5  1 -5  5  1 -4 -5 -2 -2 -4  4    3   0   0   0   0   0   0   0   0  29  13   0  13   6   1   0   2   0   0  32  0.96 inf
  143 A    4 -4 -3 -4  2 -3 -4  1 -2  0 -2 -4 -2  0 -4  2 -1 -5 -2  2   41   0   0   0   4   1   0   9   1   5   1   0   1   4   0  14   3   0   1  13  0.53 inf
  144 R   -4  7 -3 -3 -6 -1 -4 -5 -2 -2 -1 -2  0  1 -6 -2 -3 -1  1 -2    1  64   1   1   0   2   0   1   0   3   7   1   3   5   0   2   1   1   4   4  1.29 inf
  145 A    3 -1  0  0 -3 -1 -2  0  1 -2  0 -3  4 -1 -4  2 -1 -3  1 -2   28   3   4   5   0   2   1   8   4   1   7   0  11   2   0  15   3   0   4   1  0.29 inf
  146 G    2 -3 -2 -2 -5 -3 -5  6 -5 -5 -3 -4 -5 -5 -5  2 -1 -2 -4 -5   14   1   2   1   0   1   0  58   0   0   2   0   0   0   0  15   3   1   0   0  1.17 inf
  147 W   -6 -3 -9-10 -8 -7 -8 -8 -8 -6 -6 -8 -7 -1 -9 -6 -6 13 -1 -8    0   2   0   0   0   0   0   0   0   0   1   0   0   2   0   1   0  92   1   0  4.68 inf
  148 C   -2 -4  0 -3  5 -2 -4  1 -4  4  0 -4 -1  0 -4  0  1 -4 -1  2    1   0   5   0  12   1   0  11   0  24   7   0   1   3   0   7  11   0   2  13  0.38 inf
  149 A    4 -5 -3 -5 -5 -5 -5  5 -5 -5 -6 -5 -3 -5  1 -2 -4 -2 -3 -2   41   0   1   0   0   0   0  46   0   0   0   0   1   0   6   2   0   1   1   3  1.25 inf
  150 D   -4 -6 -3  8 -8 -3 -2 -5 -6 -6 -8 -5 -7 -8 -6 -2 -3 -9 -7 -6    1   0   0  92   0   1   1   0   0   0   0   0   0   0   0   3   1   0   0   0  2.63 inf
  151 Y   -6 -6 -1 -7 -7 -6 -6 -7 -3 -4 -4 -6 -5  4 -6 -5 -5  1  9 -4    0   0   3   0   0   0   0   0   0   1   1   0   0  14   0   0   1   1  78   1  2.73 inf
  152 N    1 -3  6  0 -5 -1 -3 -1 -2 -2  0 -3 -1 -2  1  0 -2 -6 -3 -1   12   0  43   5   0   2   0   3   0   2   9   1   1   2   8   6   0   0   1   5  0.67 inf
  153 E   -5 -5 -2  8 -7 -2  3 -5 -1 -4 -6 -4 -6 -5 -5 -3 -5 -8 -4 -7    1   0   1  73   0   2  18   0   1   1   1   0   0   1   0   1   0   0   1   0  1.98 inf
  154 P    3 -6 -6 -6 -7 -6 -5 -5 -6 -7 -7 -5 -2 -8  8 -4 -5 -8 -7 -6   21   0   0   0   0   0   0   0   0   0   0   0   1   0  77   0   0   0   0   0  2.56 inf
  155 T   -1 -3  0  1 -4  0 -1 -3 -1  2 -1 -3  5 -3 -4  3  0 -5  0 -1    4   0   5   9   0   5   3   1   1  12   4   0  17   0   0  28   5   0   3   3  0.42 inf
  156 S    0 -3  5 -2 -5 -4 -4 -2 -4 -4 -5 -3 -5 -5 -4  3  5 -6 -5 -3    7   1  26   1   0   0   0   2   0   0   0   0   0   0   0  18  42   0   0   1  1.12 inf
  157 F   -6 -6 -4 -7 -6 -5 -7 -7 -5 -3 -2 -5  4  9 -7 -6 -6  2  3 -4    0   0   1   0   0   0   0   0   0   1   2   1   9  73   0   0   0   3   9   1  2.27 inf
  158 L   -4 -6 -7 -7 -5 -6 -6 -5 -6  0  6 -6  2  0 -6 -6 -3 -5 -4 -1    1   0   0   0   0   0   0   1   0   3  84   0   4   4   0   0   1   0   0   2  1.64 inf
  159 N   -2 -3  3  5 -5 -1  3 -2 -3 -5 -5 -2 -5  0 -3  1  0 -1  0 -5    2   0  16  33   0   2  16   2   0   0   0   2   0   4   1  11   6   1   3   0  0.71 inf
  160 T   -3 -4 -3 -5 -2 -4 -5 -5 -5  2  4 -4  4 -2 -2 -1  0 -4  0  0    1   0   2   0   1   0   0   0   0  12  50   0  12   0   2   4   5   0   3   6  0.77 inf
  161 M   -4 -6 -5 -7 -2 -5 -6 -5 -3 -2  2 -6  4  7 -7 -4 -4  6  3 -2    1   0   0   0   1   0   0   1   1   2  21   0  11  43   0   1   0   9   8   2  1.35 inf
  162 L   -1  1 -2 -3 -2  1  0 -3  0  0  2  0  0 -1 -4 -1  3 -4 -1  1    2  10   0   0   1   7   7   2   2   4  19   5   2   2   0   2  19   0   2  13  0.20 inf
  163 S   -1 -2 -3 -3  2 -2 -3 -1 -2 -5 -4 -1 -5 -6 -4  5  4 -6 -5 -4    2   2   0   1   3   1   0   5   1   0   1   4   0   0   0  50  29   0   0   0  1.10 inf
  164 D   -1 -2  3  4 -3 -1  0  3 -2 -5 -5  0 -4 -4 -4  0  2 -5  1 -4    3   1  12  23   1   2   5  23   1   0   0   6   0   0   0   5  12   0   6   0  0.54 inf
  165 S   -1 -2  5  0 -5 -2 -1  2  2 -4 -5 -3 -5 -4 -4  4 -1 -6 -2 -2    4   1  25   5   0   1   3  18   6   1   0   0   0   0   0  31   2   0   1   2  0.73 inf
  166 S    0 -3  0 -1 -4 -3 -1  4 -4 -4 -4 -2 -4 -4  2  3  1 -3 -1 -2    6   0   4   2   0   1   3  32   0   0   2   1   0   0  11  26   8   0   2   2  0.59 inf
  167 N   -2 -2  5 -1 -5  2 -1  1  2 -3 -3 -2  2  1 -4  0 -2 -2  2 -3    2   1  34   2   0  12   3  10   4   1   2   1   5   7   0   5   2   0   7   1  0.58 inf
  168 N   -5 -4  9 -3 -7 -5 -5 -3 -4 -7 -5 -4 -6 -1 -7 -4 -3 -8 -6 -6    1   0  91   0   0   0   0   2   0   0   1   0   0   3   0   0   1   0   0   0  2.68 inf
  169 T   -2  2  2  2 -1  0 -1 -2  2 -1 -3 -1 -2 -1 -3  0  1  0  3 -2    3  13   9  15   1   3   3   2   5   4   2   2   1   2   0   6  12   1  14   2  0.26 inf
  170 A    2 -4 -1 -4 -1 -2 -3  3 -4 -2 -4 -3 -1 -2  0  3  3 -5 -4 -1   16   0   2   0   1   2   0  20   0   2   0   0   2   1   4  24  21   0   0   5  0.54 inf
  171 H   -2  2  0 -2 -4  0 -2  4  3 -5 -3  3 -3  1 -4 -1 -3 -5 -2 -4    2  13   3   2   0   4   1  34   8   0   2  19   0   6   0   3   0   0   1   1  0.61 inf
  172 Y   -6 -7 -6 -8 -7 -6 -7 -6 -4 -5 -4 -7 -5  4 -8 -7 -6  9  8 -5    0   0   0   0   0   0   0   0   0   0   1   0   0  14   0   0   0  29  54   1  2.74 inf
  173 K    0 -1  2 -1  2 -1  0 -1  1 -4 -4  2 -4 -2 -4  4  0 -5 -3 -3    7   2  11   2   5   1   6   3   3   0   1  13   0   2   0  38   3   0   1   2  0.50 inf
  174 S   -5 -4  8  1 -7 -3 -4 -4 -1 -6 -7 -4 -6 -7 -6  2 -4 -8 -6 -6    0   0  74   7   0   1   0   0   1   0   0   0   0   0   0  15   0   0   0   0  2.10 inf
  175 P    3 -3 -3 -1 -5 -2  0 -4 -4 -5 -4  3 -5 -6  6 -1 -3 -6 -5 -4   22   1   1   4   0   1   6   0   0   0   1  18   0   0  39   4   1   0   0   1  1.06 inf
  176 A    1  1 -1  2 -5  2  5 -3 -2 -4 -5  2 -4 -6 -4 -3 -2 -6 -5 -3   14   6   2  11   0   8  41   1   0   1   0  11   0   0   0   0   2   0   0   1  0.77 inf
  177 F   -4 -6 -7 -8 -6 -6 -7 -7 -3 -4 -3 -6 -5  6 -7 -6 -6 -2  9  0    1   0   0   0   0   0   0   0   0   0   2   0   0  27   0   0   0   0  63   6  2.35 inf
  178 D   -5 -4 -1  8 -8 -3 -1 -5 -3 -7 -7 -2 -7 -8 -6 -4 -4 -9 -7 -6    0   1   2  89   0   1   2   0   0   0   0   2   0   0   0   0   0   0   0   0  2.47 inf
  179 K    3  2  0  1 -4  1  3 -2 -2 -4 -5  3 -4 -5 -4  0 -2 -5 -3 -4   24  10   5   8   0   5  18   1   0   1   0  20   0   0   0   5   2   0   1   0  0.50 inf
  180 L    0 -5 -6 -6 -5 -3 -5 -6 -3  1  6 -3  1 -2 -6 -5 -4  0  0 -1    8   0   0   0   0   1   1   0   0   6  72   1   2   1   0   0   0   1   3   2  1.16 inf
  181 I   -4 -6 -5 -6 -4 -5 -6 -7 -6  5  3 -5  6 -3 -6 -5 -3 -5 -3  2    1   0   0   0   0   0   0   0   0  40  24   0  19   0   0   0   1   0   1  14  1.23 inf
  182 A    2  1  2  2 -4  1  1 -2 -1 -2 -2  2 -2 -4 -3 -1  0 -5 -3 -2   17   6  11  13   0   6  10   1   1   2   4  17   1   0   0   3   4   0   0   2  0.29 inf
  183 D    1  0 -1  2 -5  4  3 -3 -3 -3 -3  3 -3 -3 -4 -1 -1 -5 -4 -4   11   4   2  10   0  19  19   1   0   1   2  22   0   1   0   4   2   0   0   0  0.56 inf
  184 T    6 -5 -4 -5 -2 -4 -4 -2 -5 -3 -5 -4 -5 -6 -5  3 -1 -6 -5 -3   67   0   0   0   1   0   0   3   0   1   0   0   0   0   0  23   4   0   0   1  1.37 inf
  185 L    1  2  1  0 -4  0 -1 -2 -2 -2  0  3  1 -3 -2  0 -1 -4  0 -2   14  11   8   4   0   3   3   2   0   2  11  20   4   0   1   8   1   0   4   2  0.18 inf
  186 K    0  0  1 -1 -3  1  0 -1  0 -1 -1  1 -1 -1 -2  0  2 -4 -1  0    9   5   7   2   0   7   3   3   2   2   7  11   2   3   1   7  18   0   1   9  0.12 inf
  187 V    1 -3 -1 -2 -4  0  4 -4 -4 -1 -2 -2 -1 -5 -4  1  3 -5 -4 -1   14   0   2   1   0   3  35   0   0   4   3   1   2   0   0   9  23   0   0   4  0.62 inf
  188 A    0 -1  0 -2 -3  1 -1  0 -2 -1 -1  1 -1 -3  1  0  3 -4 -3  0    9   2   5   1   0   7   3   6   1   4   7   9   1   0   6   7  23   0   0   7  0.16 inf
  189 D   -5 -5  3  7 -7 -4 -2 -4 -3 -6 -6 -4 -6 -7 -5  0 -1 -7 -6 -6    0   0  12  72   0   0   1   0   0   0   1   1   0   0   0   6   5   0   0   0  1.87 inf
  190 D    1 -1  1  1 -4  1  2 -2 -2 -2 -1  0 -1 -2  4 -1 -1  0 -4 -2   11   3   7   9   0   7  13   3   0   1   7   5   1   1  22   2   2   1   0   3  0.33 inf
  191 T    2 -2  1  1 -4  1  2 -1 -3 -1 -3  2 -3 -4 -2  0  1 -4 -4 -2   22   1   7   6   0   6  16   3   0   3   1  14   0   1   1   7   8   0   0   2  0.30 inf
  192 Q    1  0 -2 -1 -4  1  3 -2 -2  0 -2  4 -3 -4 -3 -1 -1 -5 -4 -1   14   3   1   3   0   5  19   2   1   5   3  34   0   1   1   2   3   0   0   4  0.47 inf
  193 R   -4  8 -4 -5 -6 -2 -4 -6 -1 -5 -4 -1 -5 -3 -5 -4 -5 -6 -4 -5    1  88   0   0   0   1   0   0   1   1   2   1   0   1   0   1   0   0   0   1  2.34 inf
  194 S    2 -2  1 -2 -3  1 -1 -2 -2 -1 -1  0  4  1 -4 -1  0  5  1 -1   17   1   8   1   0   7   2   2   1   4   4   5  16   6   0   4   4   8   5   3  0.27 inf
  195 E    2  0  0  2 -3  2  3 -2 -2 -4 -4  2 -2 -5 -1 -1 -2 -5 -4 -3   21   4   3  13   0  10  25   2   1   1   1  12   1   0   2   2   1   0   0   1  0.50 inf
  196 L    0 -2 -1  1 -4 -1 -2 -4 -2  2  3 -2  1  0 -4 -3 -1 -3  2 -1   10   2   4   8   0   2   2   0   1  15  36   1   4   3   0   1   3   0   7   2  0.33 inf
  197 Y   -4 -5 -6 -7 -5 -5 -6 -7 -4 -3  4 -4  6  3 -6 -5 -5  0  7 -3    0   0   0   0   0   0   0   0   0   0  35   1  20   9   0   0   0   1  34   0  1.49 inf
  198 A    1  2  0 -2 -4  3  0 -3  6 -1 -1  1 -2 -2 -4 -2  0 -4  0 -1   11   9   5   1   0  15   4   1  20   3   6  10   1   2   0   1   4   0   3   4  0.40 inf
  199 K   -2  1 -2  1 -6  5  4 -4 -3 -5 -5  4 -3 -6 -4 -3 -4 -6 -4 -5    4   5   1   6   0  28  25   0   0   1   0  28   1   0   0   1   0   0   0   0  1.03 inf
  200 A    7 -6 -6 -6 -5 -4 -4 -3 -6 -5 -4 -4 -3 -6 -5 -3 -4 -7 -6 -2   93   0   0   0   0   0   1   1   0   0   1   0   1   0   0   0   0   0   0   2  2.07 inf
  201 E   -4 -4 -2 -1 -8  2  8 -6 -1 -7 -6 -3 -3 -7 -5 -3 -5 -7 -6 -6    1   0   1   2   0   7  86   0   1   0   0   0   1   0   0   1   0   0   0   0  2.19 inf
  202 Q    1  1 -1  2 -5  3  2 -3 -2 -3 -4  4 -3 -5 -4  0  0 -5 -4 -2   14   7   2  10   0  14  12   0   0   1   1  25   0   0   0   5   5   0   0   2  0.49 inf
  203 Q   -3 -2 -6 -6 -4  0 -5 -7 -4  6  3 -4  3 -3 -6 -5 -3 -5 -3  0    2   2   0   0   0   5   0   0   0  54  21   1   8   0   0   0   1   0   1   4  1.14 inf
  204 L    0 -5 -6 -6 -4 -4 -6 -6 -6  3  5 -5  2  1 -6 -5 -4 -3 -4  0    7   0   0   0   0   1   0   0   0  16  62   0   4   5   0   0   0   0   0   5  1.11 inf
  205 D    2 -3 -1  0 -4 -1 -2 -2 -2  2  2 -2  6  0 -4 -2 -1 -3 -3  0   16   1   3   6   0   2   2   3   1  11  16   2  24   5   0   1   3   0   0   6  0.39 inf
  206 K    0  0  1  4 -6  1  4 -3 -3 -6 -5  2 -4 -6 -4 -1 -2 -6 -4 -4    7   5   8  23   0   6  32   1   0   0   0  14   0   0   0   2   2   0   0   1  0.78 inf
  207 D   -3 -4 -1  7 -7  2  4 -3 -2 -7 -7 -3 -6 -7 -5 -3 -3 -7 -6 -6    2   0   1  55   0   8  28   2   1   0   0   1   0   0   0   1   1   0   0   0  1.58 inf
  208 S    2 -4 -2 -3  0  0 -3 -3 -2 -2  0 -4  7  1 -5  0 -1 -4  2  0   20   0   1   1   2   4   1   1   1   1   5   0  32   5   0   8   3   0   6   7  0.66 inf
  209 A    2 -6 -6 -6 -4 -5 -5  0 -6 -6 -5 -5 -6 -6  8 -3 -4 -7 -3 -2   18   0   0   0   0   0   0   8   0   0   1   0   0   0  67   1   0   0   1   3  1.96 inf
  210 I   -1 -5 -4 -6 -1 -4 -6 -5 -5  6  1 -5  1  1 -5 -4 -2  4 -2  3    6   0   1   0   1   0   0   0   0  43   9   0   3   5   0   0   1   5   1  23  0.94 inf
  211 V    2 -5 -5 -6 -2 -4 -5 -3 -5  6  0 -5  2 -2 -5 -2 -2 -5 -3  2   22   0   0   0   1   0   0   2   0  45   7   0   5   1   0   2   1   0   0  14  0.91 inf
  212 P   -5 -7 -4 -6 -7 -6 -6 -6 -7 -7 -6 -6 -3 -2  9 -4 -3 -8 -7 -6    0   0   1   0   0   0   0   0   0   0   0   0   1   2  93   1   2   0   0   0  3.06 inf
  213 V   -4 -6 -6 -7 -4 -6 -6 -7 -6  6  4 -6  1 -2 -6 -5 -3 -5 -4  3    0   0   0   0   0   0   0   0   0  40  38   0   3   1   0   0   0   0   0  17  1.25 inf
  214 Y   -1 -5 -4 -7 -6 -5 -6 -7  1 -3 -2 -6  1  3 -7 -5 -4  0  9 -2    6   0   1   0   0   0   0   0   2   1   4   0   3  11   0   0   1   1  68   2  2.09 inf
  215 Y   -5 -4 -2 -5 -6  4 -4 -6  5 -2 -4 -4 -4  5 -6 -4 -2 -1  7 -5    0   0   2   0   0  19   0   0  14   2   0   0   0  22   0   1   2   0  35   0  1.44 inf
  216 Y   -6 -6 -6 -7 -7 -6 -6 -7 -2 -5 -5 -6 -5  1 -7 -6 -6 -2 10 -5    0   0   0   0   0   0   0   0   0   0   0   0   0   4   0   0   0   0  96   0  3.27 inf

                      K         Lambda
Standard Ungapped    0.1307     0.3151
Standard Gapped      0.0579     0.2670
PSI Ungapped         0.1893     0.3139
PSI Gapped           0.0579     0.2670
