
Last position-specific scoring matrix computed, weighted observed percentages rounded down, information per position, and relative weight of gapless real matches to pseudocounts
           A  R  N  D  C  Q  E  G  H  I  L  K  M  F  P  S  T  W  Y  V   A   R   N   D   C   Q   E   G   H   I   L   K   M   F   P   S   T   W   Y   V
    1 A    5 -2 -1 -2 -1 -1 -1  0 -2 -2 -2 -1 -2 -3 -1  3  0 -3 -2 -1   74   0   0   0   0   0   0   0   0   0   0   0   0   0   0  26   0   0   0   0  0.56 inf
    2 S    3  1 -1 -2 -2 -1 -1  1 -2 -3 -3 -1 -2 -3 -2  3  0 -3 -3 -2   37  12   0   0   0   0   0  10   0   0   0   0   0   0   0  38   3   0   0   0  0.41 inf
    3 T    0 -2 -1 -2 -2  1 -2  0 -2  2 -1 -2 -1  1  2 -1  2 -3 -2  0    4   0   2   0   0  11   0   9   0  28   0   0   0   7  12   0  25   0   0   2  0.19 inf
    4 D   -2 -2  5  4 -4 -1 -1 -2 -1 -4 -4 -1 -3  0 -3  0 -1 -3  2 -3    0   0  48  29   0   0   0   0   0   0   0   0   0   4   0   4   2   0  13   0  0.69 inf
    5 Y   -3 -5 -5 -6 -5 -5 -5 -6  2 -4 -3 -5 -3  6 -6 -5 -5 -1  8 -4    2   0   0   0   0   0   0   0   4   0   0   0   0  31   0   0   0   0  63   0  2.07 inf
    6 W   -5 -5 -1 -2 -6 -5 -5 -6 -1 -3 -4 -3 -4  2 -6 -4 -5  5  9 -1    0   0   3   2   0   0   0   0   1   1   0   1   0   6   0   1   0   8  71   5  2.09 inf
    7 Q   -2 -3 -3 -2 -5  4  4 -4 -1 -6 -5 -2 -4 -6 -4  4  0 -5 -2 -5    1   0   0   0   0  21  33   0   1   0   0   0   0   0   0  40   4   0   2   0  1.10 inf
    8 N   -4 -4  3 -1 -4 -4 -4 -5  0  0  2 -4  1  5 -5 -4 -3  6  1 -2    0   0  14   4   0   0   0   0   2   5  25   0   4  26   0   0   1  13   5   2  0.83 inf
    9 W   -7 -7 -8 -9 -7 -6 -7 -7 -6 -7 -6 -7 -6 -2 -8 -7 -7 12  5 -7    0   0   0   0   0   0   0   0   0   0   0   0   0   1   0   0   0  83  16   0  4.24 inf
   10 T    0 -1  2 -2 -4 -2 -3 -2 -3 -2 -3  3  0 -4 -4  1  4 -5  0 -2    6   1  12   0   0   1   0   3   0   2   2  20   3   0   0  12  33   0   3   2  0.53 inf
   11 D   -3 -4  2  7 -6  1  0 -1 -4 -6 -6 -3 -6 -6 -5 -1  0 -7 -6 -5    2   0   9  63   0   6   5   5   0   0   0   0   0   0   0   4   6   0   0   1  1.39 inf
   12 G   -1 -2  3 -2 -1 -3 -2  5 -3 -4 -5 -2 -5 -5 -4  2  1 -5 -1 -5    3   2  15   1   1   1   2  50   0   1   0   1   0   0   0  13   7   0   3   0  0.88 inf
   13 G   -1 -3 -1 -3 -5  1 -3  6  0 -5 -3 -2 -5 -3  0 -1 -3 -5 -3 -4    4   1   2   1   0   7   1  64   2   0   3   2   0   1   5   4   1   0   1   1  1.09 inf
   14 G    1 -3  3 -1 -4 -2 -2  5 -3 -4 -5 -3 -4 -5 -2  0  1 -5 -5 -3   11   1  17   2   0   2   2  46   0   1   0   1   0   0   1   6   8   0   0   1  0.81 inf
   15 I    0 -2  2  2 -1  1  0  1 -3 -2 -4 -1 -3 -4 -2  2  3 -4 -2 -1    6   1  10  10   1   7   3  10   0   1   0   3   0   0   1  18  25   0   2   4  0.35 inf
   16 V    2 -3  0 -3  0 -2 -2  0 -2  1 -2 -3 -2  0 -3  1  0 -4 -2  3   18   1   5   0   2   2   1   7   1   6   1   0   0   5   0  13   6   0   1  29  0.25 inf
   17 N   -2  0  2 -1  3  0 -1 -2 -3 -2 -2 -1  4 -1 -3  2  3 -2 -1 -1    1   4   9   2   6   3   2   3   0   1   3   3  12   3   0  19  23   1   1   2  0.33 inf
   18 A    0 -4 -3 -4  1 -2 -4 -5 -2 -2 -1 -3  5  1 -5 -1  2 -1  7 -2    7   0   1   1   3   2   0   0   0   1   3   1  16   4   0   4  15   1  38   2  0.89 inf
   19 V   -2 -2  0 -2  0 -1 -2 -3 -3  0  1 -2  0 -1 -2  0  5 -1  0  0    2   1   5   1   1   2   2   1   0   5  12   2   1   2   1   7  42   1   4   7  0.43 inf
   20 N   -3 -3  5  0 -3  0 -2 -2  1 -2  1 -1  3  0 -2 -1  0 -4  0 -2    1   0  37   5   0   5   1   2   3   1  16   3   8   4   2   2   5   0   4   1  0.46 inf
   21 G    0 -2  1 -2 -2  0  1  5 -2 -4 -1 -1 -2 -2  1 -1 -2 -4  1 -4    6   1   6   1   1   5   9  42   1   0   7   2   1   1   9   2   1   0   6   0  0.51 inf
   22 S    2 -2  1  1 -1  0  1  2 -1 -3 -4 -1 -3 -4  1  2  0 -4 -3 -2   17   0   8   9   1   3   9  14   1   0   1   3   0   0   6  19   5   0   0   1  0.30 inf
   23 G    1 -3  2  1 -5 -4 -3  6 -4 -6 -6 -4 -5 -6 -4 -1 -2 -5 -5 -5   11   1  10  10   0   0   1  60   0   0   0   0   0   0   0   4   2   0   0   0  1.17 inf
   24 G    0 -3  0 -4  0 -4 -5  7 -5 -6 -6 -4 -5 -6 -5  0 -3 -5 -6 -5    7   1   4   0   2   0   0  77   0   0   0   0   0   0   0   7   1   0   0   0  1.61 inf
   25 N    1  2  2 -2 -1  1  1 -1  1 -4 -4  1 -3 -4 -3  2  2 -4 -1 -3   11  11   9   0   1   7   9   3   3   0   0   8   0   0   0  19  15   0   2   0  0.32 inf
   26 Y   -6 -6 -6 -7 -6 -6 -6 -7 -3 -4 -4 -6 -1  7 -7 -3 -5 -2  8 -5    0   0   0   0   0   0   0   0   0   0   0   0   1  50   0   2   0   0  47   0  2.33 inf
   27 S   -1  0  0 -1 -4  1 -1 -2 -1 -5 -5  1 -4 -5 -4  5  1 -5 -3 -4    3   6   3   3   0   6   3   1   1   0   0   7   0   0   0  56   9   0   1   0  0.82 inf
   28 V    2 -4 -4 -5  6 -4 -4 -3 -5  0  0 -4  1  0 -4  0  1 -4 -3  4   15   0   0   0  18   0   0   1   0   4   5   0   4   3   0   6   9   0   0  33  0.63 inf
   29 N   -2 -1  2  0 -3  2  2 -1  0 -4 -4  0 -3 -3 -3  3  2  1  0 -2    1   3  12   4   0  13  11   3   2   0   1   3   0   0   0  24  14   2   4   2  0.38 inf
   30 W   -6 -6 -2 -6 -6 -5 -6 -6 -5 -6 -5 -6 -5  2 -6 -6 -6 12  0 -6    0   0   2   0   0   0   0   0   0   0   1   0   0   7   0   0   0  84   2   0  3.92 inf
   31 S   -2  1  4  0 -4  1  0 -1 -2 -4 -4 -1 -3 -4 -3  4  0  0 -3 -3    1   8  23   4   0   7   4   3   0   0   1   3   0   0   0  37   5   2   1   1  0.61 inf
   32 N   -2 -2  7  1 -4 -2 -2  1 -2 -5 -4 -2 -4 -5 -4  1  0 -5 -4 -3    2   1  55   8   0   1   1  11   0   0   1   2   0   0   0   9   6   0   0   2  1.05 inf
   33 T    0 -2  1 -2  4 -1 -2  1 -2  2 -2 -1 -2 -3  0  0  2 -4 -3  0    7   2   6   1  11   3   1  12   1  16   1   3   0   0   4   6  17   0   0   7  0.22 inf
   34 G   -2 -3  4  0 -2 -2 -1  5 -2 -5 -5 -1 -4 -5 -3  0 -2 -5 -4 -5    2   0  21   4   1   1   5  52   1   0   1   3   0   0   1   5   1   0   0   0  0.98 inf
   35 N   -3 -4  7  5 -5 -3 -1 -2 -3 -5 -6 -3 -5 -5 -4 -2 -3 -6 -5 -5    1   0  56  31   0   0   3   3   0   0   1   0   0   0   0   1   1   0   0   0  1.57 inf
   36 F   -1 -5 -5 -6 -1 -5 -5 -5 -2 -1  1 -5 -1  7 -5 -4 -4  3  4 -2    7   0   0   0   1   0   0   0   1   3  11   0   1  55   0   0   0   4  13   2  1.36 inf
   37 V   -3  1 -5 -5 -4 -4 -4 -5 -5  0  4 -1 -1 -3 -5 -2 -1 -5 -4  5    0   7   0   0   0   0   0   0   0   2  36   4   0   0   0   2   4   0   0  43  0.80 inf
   38 V    2 -4 -3 -4  5 -3 -4  3 -4  1 -1 -3 -2  2 -3 -1 -1 -3 -2  1   19   0   0   0  13   0   0  26   0  10   3   0   0  11   0   3   3   0   0  10  0.47 inf
   39 G   -3  5 -3 -4 -5  0 -4  6 -4 -5 -5 -2 -4 -5 -4 -3 -4 -5 -5 -5    1  34   0   0   0   4   0  56   0   0   1   0   0   0   0   0   0   0   0   0  1.44 inf
   40 K   -1  1 -3 -3 -4 -2 -1 -4  2 -2 -2  6  0 -4 -2 -1 -1 -5 -3  1    4   6   0   0   0   0   2   1   4   2   4  54   2   0   2   3   3   0   0  10  0.75 inf
   41 G   -3 -4 -3 -2 -5 -4 -4  7 -5 -6 -6  1 -5 -5 -5 -3 -4 -5 -5 -5    1   0   0   2   0   0   0  81   0   0   1  11   0   0   0   0   0   0   0   0  1.82 inf
   42 W   -4  1 -5 -5 -5 -1 -1 -5 -4 -2 -1  1 -4  1 -5 -4 -4 11  2 -3    1   8   0   0   0   2   5   1   0   2   6   9   0   5   0   1   1  49   7   1  1.85 inf
   43 T   -1  1  4  0 -3  1 -1  0  0 -4 -4  2 -2 -4 -2  2  1 -4 -2 -3    3   7  27   5   0   6   2   5   2   1   1  15   1   0   1  14   7   0   2   1  0.43 inf
   44 T   -1 -2  0 -1  2 -2 -2 -2 -2 -2 -2  0 -3  3  4 -1  1  0  3 -2    5   1   4   4   4   1   2   3   0   2   3   5   0  13  23   3  12   1  12   2  0.40 inf
   45 G   -2 -4  1  2 -4 -2 -3  6 -4 -2 -1 -3 -4 -4 -4 -2 -1 -5 -3 -4    2   0   7  14   0   2   0  56   0   2   8   0   0   0   0   2   4   0   1   0  0.93 inf
   46 S    0 -1  1 -1  1  0  0  2 -3 -3 -3  0 -3 -3 -3  4  1 -4 -1 -3    6   2   7   3   3   3   6  13   0   2   2   5   0   1   0  32  10   0   2   1  0.36 inf
   47 P    1  0  0  1 -1  0  0 -1 -1 -3 -3  0 -3 -2  2  2  3 -4 -2 -2   10   6   4   7   1   3   4   3   1   0   1   5   0   2  11  14  25   0   1   2  0.32 inf
   48 F   -1  1  2  0 -1  0 -1  0  2 -2 -2  2 -1  0 -1  0  0  3  1 -1    5   7  13   4   1   2   2   6   5   2   3  14   2   4   2   8   7   4   7   3  0.13 inf
   49 R   -1  4 -1  0 -3  1  0 -1 -2 -2 -2  2 -1 -2  0 -1  1  0 -3 -3    4  30   2   5   0   5   3   5   0   2   4  16   2   2   4   3  10   2   0   1  0.35 inf
   50 T    0 -2  1  1 -3  0  0 -2  0  1 -1  0 -1 -2  0  0  3  1 -1  1    7   0   6   8   0   5   4   2   3  11   3   4   1   0   3   8  21   2   2  10  0.12 inf
   51 I   -1 -3 -4 -4  0 -3 -4 -4 -4  4  0  0  1  1 -4 -3  2 -3  0  3    5   0   0   0   2   0   0   0   0  30   5   6   4   6   0   0  13   0   4  24  0.49 inf
   52 N    0 -1  3  2 -1  0 -1  1  0 -3 -2  0 -3 -3 -3  1  2 -4  1 -3    9   2  19  11   1   4   3   9   2   0   3   6   0   0   0  10  16   0   5   0  0.29 inf
   53 Y   -4 -4 -1 -5 -5 -4 -4 -5  2 -1 -1 -4 -3  3  0 -1 -4  3  8 -2    0   0   4   0   0   0   0   0   4   4   4   0   0  12   5   6   0   3  52   3  1.28 inf
   54 N    0  0  2  1 -2  0  1  0 -1 -1 -2  0 -1 -2 -1  1  1 -2 -1 -1    7   4  16   9   1   2   7   8   1   3   3   6   1   2   2  10  12   0   2   4  0.13 inf
   55 A    2 -2 -1 -2 -1 -2 -2  1 -2 -1 -2 -1 -2 -1 -2  3  0 -2  2  0   17   1   1   1   1   1   1  13   0   3   2   4   0   2   1  31   2   0  11   6  0.27 inf
   56 G    0 -2  1  1 -3  0 -2  5 -2 -3 -4  0 -3 -3 -3  0 -1  0 -1 -3    4   1   7   6   0   5   1  49   0   1   1   5   0   1   1   8   4   1   2   1  0.58 inf
   57 V   -1 -1  0 -1 -2  1  0 -2  0 -1 -2 -1 -2  0 -2  1  3  3  2  0    3   2   4   2   0   6   4   2   2   2   2   3   0   5   1  14  29   4   8   5  0.21 inf
   58 W   -1 -3  0 -3 -4 -2 -1 -1 -1 -2 -1 -3 -1  5 -4  0 -2  3  5 -2    4   0   6   1   0   1   3   5   0   2   3   1   1  30   0   7   1   4  28   2  0.62 inf
   59 A    0  0  4  0 -3  2  0  0 -1 -3 -3  0 -2 -4 -1  2  1 -4 -3 -1    6   2  24   2   0  13   6   5   0   1   0   6   0   0   1  16  11   0   0   3  0.32 inf
   60 P    1 -3 -1 -1  0 -2 -2  1 -3 -3 -4 -3 -3 -4  6  0  0 -5 -3 -1   11   0   3   3   2   1   1  11   0   1   0   0   0   0  46   7   5   0   1   5  0.88 inf
   61 N    0  0  4  1 -3  1  0  1 -2 -3 -3 -1 -3 -4 -2  3  0 -4 -2 -1    4   4  25   5   0   5   4   9   0   0   2   2   0   0   0  28   5   0   1   4  0.38 inf
   62 G   -1 -4 -2  0 -4 -2 -4  6 -4 -5 -5 -3 -4 -5 -4  0 -2 -5 -3 -3    2   0   1   5   0   2   0  77   0   0   0   0   0   0   0   6   1   0   1   2  1.35 inf
   63 N   -2 -2  7  0 -4 -2 -3 -2  0 -4 -3 -3 -4 -3  0 -1  0  2  3 -2    2   1  59   3   0   0   0   2   1   0   2   0   0   0   4   3   5   3  10   3  0.97 inf
   64 G    2 -2 -1 -3  4 -2 -2  2 -3 -4 -4 -1 -3 -1 -3  4 -1 -1 -2 -2   17   1   1   0   9   0   0  17   0   0   0   2   0   3   0  44   1   1   1   1  0.56 inf
   65 Y   -4  0 -5 -5 -5 -4 -4 -6 -1 -2  0 -4 -1  1 -5 -3 -1 -1  9 -3    0   5   0   1   0   0   0   0   0   1   7   0   1   3   0   1   4   0  76   0  1.81 inf
   66 L   -3 -4 -5 -5 -3 -3 -5 -5 -5  2  5 -4  2 -1 -5 -4 -3 -4 -3  2    1   0   0   0   0   1   0   1   0  12  69   0   5   1   0   0   0   0   0  11  0.99 inf
   67 T    4 -4 -3 -3  5 -3 -3  3 -4 -4 -4 -3 -3 -4 -2  2  1 -1 -4 -3   39   0   0   0  16   0   0  20   0   0   0   0   0   0   1  14   8   1   0   0  0.72 inf
   68 L   -3 -4 -5 -5 -1 -4 -5 -5 -5  3  3 -4  1  0 -5 -3 -2 -4 -3  5    0   0   0   0   1   0   0   0   0  17  27   0   2   3   0   1   0   0   0  49  0.84 inf
   69 Y   -5 -5 -5 -6 -5 -4 -5 -6  0 -4 -4 -5 -4  0 -6 -4 -2 -1 10 -4    0   0   0   0   0   0   0   0   1   0   0   0   0   0   0   1   3   0  93   0  2.64 inf
   70 G   -2 -4 -3 -4 -5 -4 -4  7 -4 -5 -5 -4 -5 -5 -4 -3 -2 -5 -5 -4    1   0   0   0   0   0   0  92   0   0   0   0   0   0   0   0   2   0   0   1  1.90 inf
   71 W   -5 -6 -6 -7 -5 -5 -6 -4 -5 -6 -5 -6 -5 -1 -6 -6 -5 13 -1 -6    0   0   0   0   0   0   0   1   0   0   0   0   0   2   0   0   0  93   0   0  4.23 inf
   72 T   -1 -2 -2 -3 -3 -3 -3 -3 -4 -2 -2 -2  1 -1 -3  2  6 -4 -3 -1    4   1   0   0   0   0   0   0   0   1   2   2   3   3   0  13  66   0   0   3  0.97 inf
   73 R   -1  4  0 -1 -1  1 -1 -3 -2 -3 -3  1 -1 -2 -3  0  3 -4 -3 -1    3  32   3   2   2   8   2   0   0   1   1   7   1   2   0   4  28   0   0   3  0.49 inf
   74 S   -2 -3  7  2 -5 -1 -2 -1 -2 -5 -6 -3 -4 -5 -4  3 -2 -6 -1 -5    3   0  58  11   0   2   1   2   0   0   0   0   0   0   0  20   0   0   2   0  1.21 inf
   75 P   -2 -5 -3 -4 -6 -3 -4 -3 -2 -5 -5 -3 -5 -6  8 -2 -2 -7 -6 -3    3   0   1   0   0   0   0   1   1   0   0   1   0   0  86   2   1   0   0   2  2.43 inf
   76 L   -3  0 -3 -5 -3  0 -2 -5 -4 -1  5 -3  1 -2 -3 -3 -2 -4 -3  0    0   5   1   0   0   5   2   0   0   0  76   0   2   0   1   2   1   0   0   5  0.90 inf
   77 I   -1 -3 -4 -4 -3 -2 -4 -4 -4  5 -1 -4  0 -2 -4 -2  0 -4 -3  5    3   1   0   0   0   2   0   0   0  34   0   0   2   0   0   3   5   0   0  48  0.83 inf
   78 E   -3 -3 -3 -1 -6  0  7 -5 -3 -5 -5 -2 -4 -5 -4 -3 -3 -5 -4 -5    0   0   0   0   0   1  94   0   0   0   0   0   0   0   0   0   0   0   0   0  1.99 inf
   79 Y   -4 -4 -2 -5 -5 -4 -4 -5  0 -4 -3 -4 -4  2 -5 -4 -4  5  9 -4    0   0   2   0   0   0   0   0   1   0   1   0   0   7   0   1   0   7  78   0  2.16 inf
   80 Y   -5 -5 -2 -4 -5 -4 -5 -6 -1 -2 -4 -5 -4  0 -6 -3 -5 -1 10 -4    0   0   2   1   0   0   0   0   0   2   0   0   0   0   0   2   0   0  92   0  2.67 inf
   81 V   -3 -5 -5 -5 -3 -5 -5 -6 -5  7 -1 -5  0 -3 -5 -4 -2 -5 -4  4    1   0   0   0   0   0   0   0   0  66   2   0   1   0   0   0   1   0   0  28  1.37 inf
   82 V   -2 -4 -5 -5 -2 -2 -4 -5 -5  4  1 -4  2 -2 -4 -3 -2 -4 -3  5    2   0   0   0   1   1   0   0   0  24  10   0   4   0   0   2   1   0   0  55  0.90 inf
   83 D   -4 -3 -2  5 -6  1  6 -4 -3 -6 -5 -2 -5 -6 -4 -3 -3 -6 -5 -5    0   0   0  29   0   6  63   1   0   0   0   0   0   0   0   0   0   0   0   0  1.48 inf
   84 S    0 -1  4  4 -4 -1 -1 -1 -2 -4 -4 -1 -3 -4 -3  4 -1 -5 -2 -3    6   2  22  24   0   1   1   3   0   0   1   3   0   0   0  33   2   0   1   1  0.62 inf
   85 W   -5 -2 -3 -6 -5 -4 -4 -3  3 -4 -4 -5 -1  4 -6 -4 -4 10  6 -3    0   2   1   0   0   0   1   2   7   0   0   0   1  16   0   1   0  43  24   2  1.95 inf
   86 G    0 -4 -2 -2 -4 -3 -2  6 -2 -4 -3 -2 -2 -1 -4 -1 -3 -4 -2 -1    6   0   0   2   0   0   2  68   1   0   2   2   1   3   0   4   1   0   1   5  1.04 inf
   87 T   -1 -3  3  2 -3 -2 -1 -1 -1 -1 -4 -1 -3 -4 -2  3  4 -5 -4 -1    1   0  14  14   0   0   3   3   1   3   0   3   0   0   1  22  31   0   0   5  0.50 inf
   88 Y   -3 -3 -1 -5 -5 -3 -4 -1  2 -3  0 -4 -2  2 -2 -4 -4  8  7 -3    1   1   3   0   0   1   0   6   4   0   8   0   1   5   2   1   0  19  48   1  1.34 inf
   89 R   -1  4  5  2 -1 -1 -1 -2 -1 -4 -4  0 -3 -5 -1  0  0 -5 -4 -2    4  25  36  10   1   2   1   1   1   0   0   3   0   0   3   4   7   0   0   3  0.63 inf
   90 P   -2 -5 -3 -4 -6 -2 -4 -4 -5 -6 -5 -4 -5 -7  8 -2  0 -7 -6 -5    2   0   1   0   0   2   0   1   0   0   1   0   0   0  86   3   6   0   0   0  2.46 inf
   91 T    0 -3  1 -1 -1  0 -2  3 -3 -4 -4 -2 -3 -3  2  4  2 -4 -4 -3    7   0   7   2   1   4   1  20   0   0   0   0   0   1  12  34  11   0   0   0  0.52 inf
   92 G    3 -4 -2 -1 -1 -3 -1  5 -4 -4 -4 -3 -2 -3 -3  1 -1 -5 -4 -4   28   0   1   2   1   0   5  49   0   0   0   0   1   1   0   9   3   0   0   0  0.84 inf
   93 T   -1 -2  1  1 -4  3  1  0  1 -2 -4 -1 -3 -4 -2  0  4 -4 -1 -3    2   0   7   6   0  17   7   6   4   1   0   2   0   0   2   6  38   0   2   0  0.51 inf
   94 Y   -1  1  0 -1 -2  0  0 -1  2 -1 -1  1 -2  1  0  0 -1  1  3 -1    4  11   4   2   1   2   5   4   7   5   4  12   0   6   4   9   2   2  16   3  0.13 inf
   95 K   -3  2 -3 -3 -4  0 -2 -2 -1 -2  1  4  3  1 -4 -3 -2 -3  1 -1    0   8   0   0   0   4   1   3   1   1  18  39  11   5   0   0   0   0   5   4  0.48 inf
   96 G   -2 -3 -1 -4 -5 -2 -3  7 -4 -6 -6 -1 -5 -5 -4 -2 -4 -5 -5 -5    2   1   2   0   0   2   1  85   0   0   0   4   0   0   0   2   0   0   0   0  1.73 inf
   97 T   -2 -1  1 -1 -4  2  1 -3 -3 -4 -4 -2 -1 -4 -3  2  5 -5 -2 -2    0   2   6   3   0  10  10   0   0   0   0   0   2   0   1  17  46   0   2   1  0.70 inf
   98 V   -1 -4 -5 -5 -2 -4 -5 -5  0  2  0 -4  0  4 -5 -4 -1 -3  0  5    5   0   0   0   0   0   0   0   3  12   5   0   1  18   0   0   3   0   2  52  0.79 inf
   99 K   -2 -3  1 -1 -4  1  0 -4 -2 -2 -4 -2 -3 -3 -4  1  6 -2  2 -1    0   0   8   2   0   5   6   0   1   1   0   1   0   0   0   8  54   1   9   5  0.76 inf
  100 S    1 -3 -2 -2  3 -2 -3 -3 -2  2 -2 -3 -2 -3 -3  4  2 -5 -3  2    8   0   0   1   7   1   0   0   1  16   2   0   0   0   0  39  10   0   0  15  0.50 inf
  101 D   -3 -4  2  8 -6 -3 -1 -2 -4 -6 -7 -4 -6 -7 -2 -3 -4 -7 -6 -6    1   0   9  84   0   0   1   2   0   0   0   0   0   0   2   0   0   0   0   0  2.01 inf
  102 G   -3 -3 -1 -1 -6 -4 -1  7 -5 -7 -7 -4 -6 -6 -5 -3 -4 -6 -6 -6    0   1   2   3   0   0   4  90   0   0   0   0   0   0   0   0   0   0   0   0  1.94 inf
  103 G    3 -3 -1 -2 -3 -3 -2  4 -2 -2 -4 -2 -3 -4 -3  2 -2 -5 -4 -1   27   1   2   1   0   0   1  40   1   2   0   1   0   0   0  19   0   0   0   5  0.70 inf
  104 T   -1 -2 -1 -1 -3  1  0 -4 -3  0 -3  0 -2 -3 -3  0  5 -2 -2  1    2   1   2   3   0   7   7   0   0   5   1   4   0   1   0   3  52   0   1  10  0.63 inf
  105 Y   -5 -5 -6 -7 -6 -5 -6 -7 -2 -5 -5 -5 -5  1 -7 -5 -5 -1 10 -5    0   0   0   0   0   0   0   0   0   0   0   0   0   3   0   0   0   0  97   0  3.05 inf
  106 D   -2 -2  1  6 -5  1  2 -3 -1 -5 -5  1 -4 -5 -3  0  0 -6 -4 -4    1   1   7  48   0   5  13   0   1   0   0  10   0   0   0   6   7   0   0   1  0.87 inf
  107 I   -3 -5 -5 -5 -3 -5 -5 -6 -5  6  1 -5  0  0 -5 -3 -1 -5 -3  4    0   0   0   0   0   0   0   0   0  53  11   0   2   3   0   1   2   0   0  28  1.06 inf
  108 Y   -2 -1 -5 -5  1 -4 -5 -2  0 -3 -2 -3 -2  3 -5 -3 -4  5  8 -3    4   4   0   0   4   0   0   4   2   1   3   1   1  10   0   2   0   7  58   1  1.38 inf
  109 T   -2  3  0 -2 -4  2  1 -3 -1 -2 -2  2  0 -4 -3  0  2 -1 -3  0    1  22   2   0   0  11  11   0   1   0   1  13   3   0   0   6  18   1   0   7  0.38 inf
  110 T    0 -2  2 -1  1 -1 -2 -2  2 -1 -1 -1  0 -2 -3  2  4 -4 -3 -1    4   0   9   2   4   1   0   2   6   3   4   3   2   1   0  21  34   0   0   4  0.39 inf
  111 T   -2 -1 -2  2 -4  3 -1 -4 -3 -1 -2 -1  1 -2  0  0  4  4 -3 -1    0   3   0  13   0  18   2   0   0   3   2   1   5   1   5   4  34   6   0   3  0.48 inf
  112 R   -4  8 -3 -4 -5  1 -2 -4 -3 -5 -4  0 -4 -4 -4 -3 -3 -4  0 -5    1  81   0   0   0   6   0   1   0   0   1   3   0   0   0   0   0   0   3   0  1.76 inf
  113 Y   -2 -1  0 -2 -3 -1 -1 -3  2  1 -1 -2 -2 -1  0 -2  2 -2  4  3    0   3   4   1   0   1   5   1   6   5   2   2   0   1   4   1  14   0  17  31  0.30 inf
  114 N   -2 -2  7  1 -2  1 -1  1 -2 -5 -5 -2 -4 -5 -4 -1  0 -5 -4 -5    2   2  60   7   1   8   2   9   0   0   0   0   0   0   0   3   5   0   0   0  1.13 inf
  115 A    2 -1 -2 -3 -4  5  0  1 -2 -3 -3  2 -3 -4 -1 -1 -2 -4 -3 -1   18   1   0   0   0  38   4  10   0   0   2  12   0   0   3   4   0   0   1   6  0.54 inf
  116 P   -2 -4 -4 -2 -5 -4 -4 -2 -4 -3 -5 -4 -5 -5  8 -1 -3 -5 -1 -5    2   0   0   3   0   0   0   3   0   2   0   0   0   0  80   5   0   0   3   0  2.15 inf
  117 S   -1 -3 -1 -3  1 -2 -1 -2 -3 -3 -4 -1  0 -4 -3  6  1 -5 -4 -3    2   0   2   0   3   0   3   2   0   2   1   2   2   0   0  72   8   0   0   0  1.04 inf
  118 I   -3 -4 -5 -5 -4 -4 -5 -5 -5  7  0 -2 -1 -1 -2 -4 -3 -1 -1  1    0   0   0   0   0   0   0   0   0  80   4   3   0   1   2   0   0   1   2   3  1.38 inf
  119 D   -1 -2  2  3 -3  2  3 -2 -2  0 -1 -1 -2 -2 -3 -1  0 -3  1 -1    3   0   9  20   0   9  24   2   0   8   5   2   0   2   0   2   6   0   5   3  0.30 inf
  120 G   -1 -4 -1 -3 -4 -4 -4  7 -4 -5 -5 -3 -4 -2 -4 -1 -2 -4 -4 -4    3   0   3   0   0   0   1  82   0   0   1   0   0   2   0   2   3   0   0   1  1.57 inf
  121 D   -2 -2  2  2 -3 -2 -1  0 -3 -2 -3 -2 -3 -4  0  1  5 -4 -3 -1    1   2  12  13   0   1   2   6   0   2   1   1   0   0   3   7  46   0   0   2  0.58 inf
  122 R    0  2  1 -1 -1  1  0 -1  0 -1 -2  1 -1 -2  0  0  1 -2 -1 -1    7  14   8   2   1   9   4   4   3   5   3  10   1   1   3   6  13   0   2   5  0.11 inf
  123 T    0  1 -1  1  3  1  1  0 -1 -2 -2  1 -2 -3 -2  1  1 -3 -2  0    9   9   0   9   8   9   9   9   0   0   1   9   0   0   0   9   9   0   0   9  0.14 inf
  124 T   -2 -2  3  0 -3 -2 -1 -1  3  0 -3 -2 -2 -3 -1  0  5 -4 -3 -2    1   0  15   4   0   0   3   3   8   7   1   1   0   0   3   4  48   0   0   1  0.57 inf
  125 F   -3 -4 -4 -4 -4 -4 -4 -4 -3  0  1 -4 -2  7 -4  0 -3 -1  3 -1    1   0   0   0   0   0   0   1   0   3  10   0   0  64   0   8   0   0   6   3  1.16 inf
  126 T   -1  0  1  1 -3  2  0 -2  2 -2 -1  1 -1 -1  1  1  0 -2  1 -1    1   3   7   9   0  16   2   1   8   1   7   9   1   1   7  11   6   0   6   4  0.15 inf
  127 Q   -3  1 -2 -3 -5  8 -1 -4 -2 -5 -4  1 -3 -5  0 -2 -3 -4 -4 -4    0   7   0   0   0  76   0   0   0   0   1   8   0   0   4   0   0   0   0   0  1.56 inf
  128 Y   -4 -4  0 -5 -5 -4 -5 -5  1 -1 -1 -4 -3  5 -5 -4 -4 -1  8 -3    0   0   6   0   0   0   0   0   3   4   3   0   0  23   0   0   0   0  61   0  1.61 inf
  129 W   -4 -5 -6 -6  0 -4 -5 -5 -4 -1 -2 -5 -3  4 -6 -5 -4 11  2 -4    0   0   0   0   2   0   0   0   0   5   3   0   0  17   0   0   0  70   4   0  2.60 inf
  130 S    1 -2 -1 -2 -3  1  1 -2 -2 -4 -4 -1 -3 -4 -2  6  0 -4 -3 -3    9   0   0   0   0   6   9   0   0   0   0   0   0   0   0  75   0   0   0   0  0.88 inf
  131 V   -2 -3 -2 -4 -2 -3 -4 -4 -3  3  1 -2  0 -1 -4 -3 -1 -3  1  5    0   0   2   0   0   0   0   0   0  15  10   2   0   0   0   0   2   0   6  63  0.62 inf
  132 R   -3  7 -2 -3  0  0 -1 -4 -2 -4 -4  2 -3 -4  0 -2 -2 -4 -3 -4    0  81   0   0   2   0   0   0   0   0   0   9   0   0   4   0   0   0   0   0  1.27 inf
  133 Q   -1  3  0  1 -3  4  0 -2 -1 -2 -3  1 -1 -3 -2  0  2 -3 -2 -1    3  23   2  10   0  25   2   1   1   1   0   6   2   0   0   3  15   0   1   4  0.37 inf
  134 S   -1 -1  3  0 -3  2  1 -2 -2 -3 -4  0 -3 -4  2  3  2 -4 -3 -2    2   2  18   3   0  12   7   1   0   0   0   3   0   0  10  29  13   0   0   1  0.44 inf
  135 K   -1  1  1 -2 -4  0 -1 -1  2 -4 -4  5 -2 -4  2 -1 -1 -4 -3 -4    3   4   5   0   0   2   1   5   6   0   1  51   1   0  12   3   4   0   0   0  0.64 inf
  136 R   -1  6 -2 -3 -4  0 -2 -3  1 -3 -4  2 -1 -4  0  0 -2 -3 -3 -2    3  60   0   0   0   2   0   2   4   1   0  10   2   0   5   5   2   0   0   2  0.90 inf
  137 P    0 -2  0 -1 -1  0 -2 -1 -2 -1 -2 -1 -2 -3  2  2  3 -4 -3  1    6   1   3   2   1   3   0   4   1   2   1   3   0   0  10  22  25   0   0  13  0.29 inf
  138 T    0 -2  0 -2  2 -2 -2  3  0 -1 -2 -1 -2 -1  0  3  2 -3 -3 -2    4   2   5   0   5   1   1  24   2   3   3   2   0   2   4  27  13   0   0   1  0.29 inf
  139 G   -1 -2  0 -2 -4 -3 -3  6 -3 -5 -4 -2 -4 -4 -2 -2 -2 -4 -2 -4    4   2   4   1   0   0   0  78   0   0   1   2   0   0   2   0   1   0   2   0  1.33 inf
  140 S    0  0  0  0 -1  1  0  1  0 -1 -1  0  0 -1 -1  2  1 -1 -1 -1    6   5   5   3   1   6   7   9   3   2   5   4   4   2   2  22   6   1   2   5  0.08 inf
  141 N    0  0  2  1  0  0  0  0  0 -1 -1  0 -1 -1  0  1  0 -1 -1 -1    5   5  16   6   3   3   6   5   1   5   5   6   1   2   3  16   3   1   2   4  0.08 inf
  142 A    0  1  0  0 -1  0  0  3  1 -1 -1  0 -1 -1  0  0  0 -1 -1 -1    7  12   3   5   1   3   4  25   4   3   5   3   1   2   3   5   5   1   2   5  0.11 inf
  143 T   -1 -1  0 -2 -2 -1 -2 -2 -2 -1 -1  0 -2 -3 -2  1  6 -3 -3 -1    4   3   3   1   0   2   1   1   0   2   4   4   0   1   1  10  59   0   1   2  0.66 inf
  144 I   -3 -2 -4 -5 -3 -4 -4 -3 -5  6 -1 -4  1 -2 -4 -4 -2 -4 -3  4    0   3   0   0   0   0   0   2   0  57   0   0   2   0   0   0   0   0   0  33  1.01 inf
  145 T   -1 -2  3  2 -3  0 -1 -3  0 -1 -3 -2 -3 -4 -3  2  5 -4 -3 -2    2   1  19  13   0   2   2   0   2   3   0   0   0   0   0  13  41   0   0   0  0.60 inf
  146 F   -1 -3 -3 -4 -3 -3 -3 -4 -1  1 -1 -3  3  3 -3 -2  3 -3 -1  3    3   0   0   0   0   0   0   0   2   8   2   0  10  18   0   1  27   0   0  27  0.49 inf
  147 T    2 -1  0 -2 -2  1 -1  3 -2 -3 -3  0 -3 -4 -2  3  1 -4 -3 -2   21   2   3   0   0   6   1  23   0   0   0   3   0   0   1  26  11   0   0   2  0.40 inf
  148 N    1 -2  6  2  4 -1  1 -2  0 -4 -4  0 -3 -4 -1 -1 -1 -5 -3 -3   12   1  45   9   9   1   7   1   2   0   1   7   0   0   2   0   2   0   0   1  0.66 inf
  149 H   -4 -3 -2 -4 -6 -2 -3 -5 11 -4 -5 -4 -4  0 -5 -4 -4 -5  0 -5    0   0   0   0   0   0   0   0  91   1   0   0   0   3   0   0   0   0   2   0  2.82 inf
  150 V   -2 -4 -5 -5 -4 -5 -5 -3 -3  1  0 -5  0  7 -5 -4 -3 -2  2  1    4   0   0   0   0   0   0   2   0   6   4   0   1  65   0   0   0   0   4  11  1.23 inf
  151 N    0  0  4  4 -4  0  0 -2 -1 -4 -4  2 -3 -4 -3 -1 -1 -4 -1 -4   10   5  26  30   0   3   5   0   1   0   0  14   0   0   0   1   1   0   2   0  0.60 inf
  152 A    5  0  0 -3 -2  0 -1 -2 -3 -4 -4  0 -3 -2 -3 -1 -2 -4  0 -3   72   4   5   0   1   4   2   1   0   0   0   5   0   2   0   0   0   0   4   0  0.82 inf
  153 W   -6 -6 -7 -8 -6 -6 -6 -6 -6 -6 -5 -7 -5 -1 -7 -6 -6 13  1 -6    0   0   0   0   0   0   0   0   0   0   0   0   0   2   0   0   0  96   2   0  4.38 inf
  154 K    2  2 -1  0 -3  1  2 -1 -1 -3 -3  2 -2 -4 -2  1  0 -4 -3 -3   26  16   2   6   0   6  16   2   1   1   0  13   0   0   0   7   5   0   0   0  0.34 inf
  155 S    0  2  2  0 -3  2  0 -2 -2 -4 -4  3 -3 -4 -2  3  0 -4 -3 -3    8  12  11   3   0   8   4   1   0   0   0  18   0   0   0  31   2   0   0   0  0.44 inf
  156 H    1  0 -1 -3 -1  0 -2 -3  3  0  2  0  2 -1 -3  0 -1 -3  0  0   17   6   2   0   1   5   0   0   9   3  25   7   6   2   0   7   2   0   2   7  0.12 inf
  157 G   -2 -5 -2  0 -5 -4 -4  7 -4 -6 -6 -4 -5 -5 -4 -2 -4 -5 -5 -5    0   0   1   4   0   0   0  92   0   0   0   0   0   0   0   1   0   0   0   0  1.92 inf
  158 M   -3 -4 -5 -5 -4 -3 -4 -2 -4 -1  4 -4  8  0 -5 -4 -3  3 -1 -2    0   0   0   0   0   1   0   4   0   0  42   0  43   3   0   0   0   5   1   0  1.12 inf
  159 N   -1  1  4  0 -4  1  1 -1  1 -2 -3  2 -3 -3  1 -1  1 -4 -1 -3    2   7  23   5   0   8   7   5   3   2   0  18   0   0   7   1   8   0   2   1  0.33 inf
  160 L   -1 -3 -3 -4 -2 -3 -4 -2 -4  0  4 -3  5  0  0 -3 -3 -3 -2  0    4   0   1   0   0   0   0   4   0   2  56   0  20   3   5   0   0   0   0   3  0.69 inf
  161 G   -2 -4 -1 -1 -4 -3 -4  6 -4 -5 -3 -3 -4  0 -4  0 -3 -4 -4 -5    0   0   2   3   0   0   0  79   0   0   3   0   0   4   0   6   1   0   0   0  1.37 inf
  162 S    0 -1  2  1 -3  0 -1  1 -2 -3 -2  1 -2 -3 -2  2  3 -2 -2 -2    8   2  10   6   0   2   2  11   0   0   3  10   0   0   0  23  22   0   1   0  0.30 inf
  163 N   -1 -1  1  1 -3  1 -1 -3  5 -1  0 -2  3  1 -1  1  0 -3 -1 -1    2   1   8   9   0   6   1   1  22   2   8   1  11   6   3  13   4   0   0   3  0.29 inf
  164 W   -1 -1 -2 -2 -2 -1 -1 -2  2 -1  1 -1  0  2  1 -1  0  4  4 -1    5   3   2   1   0   3   3   3   6   1  15   3   1   7   6   4   5   7  22   1  0.26 inf
  165 A   -1 -2  4  3 -4  0  2 -1 -1 -3 -4 -2 -2 -2 -1  0  0 -3  3 -1    3   0  23  19   0   2  18   4   0   1   0   0   1   0   2   6   4   0  12   6  0.41 inf
  166 Y    0 -2 -2 -3 -4 -2  1 -4  0 -3 -3 -2 -3  2 -4 -2 -3  2  7 -1    9   1   2   0   0   1  11   1   1   1   1   1   0   6   0   1   1   3  54   5  1.01 inf
  167 Q   -1 -2 -2 -3 -4  6 -1 -4 -3 -2 -2  0  5 -4 -3  0 -1 -4 -4  2    3   0   1   0   0  45   0   0   0   1   0   5  21   0   1   6   2   0   0  14  0.85 inf
  168 V    1 -3 -4 -4 -2 -3 -4 -4 -4  5  0 -2  1  1 -3 -1  0 -3 -1  3   12   0   0   0   0   0   0   0   0  42   4   2   3   6   0   3   4   0   1  20  0.51 inf
  169 M   -3 -3 -5 -5 -3 -3 -4 -5 -1  1  4 -4  6  1 -5 -4 -3 -3 -2  3    0   1   0   0   0   0   0   0   2   4  45   0  23   5   0   0   0   0   0  20  0.81 inf
  170 A    5 -3  2 -3  0 -2 -2 -1 -1 -2 -2 -1 -2 -4 -3  1  1 -4 -3  1   54   0  10   0   2   0   1   3   1   0   2   2   0   0   0   7   7   0   0   9  0.52 inf
  171 T   -1 -3 -3 -2 -3 -3  0 -4 -4  2 -1 -3 -2 -3 -3 -1  5 -4 -3  4    4   1   0   1   0   0   7   0   0  10   5   0   0   0   0   1  41   0   0  31  0.62 inf
  172 C    0 -3 -3 -1 -3 -1  7 -5 -3 -6 -4 -2 -5 -6 -4 -2 -3 -6 -5 -5    7   0   0   1   0   0  89   0   0   0   2   0   0   0   0   1   0   0   0   0  1.72 inf
  173 G    1 -5 -3 -4 -4 -4 -4  7 -4 -3 -5 -4 -4 -5 -4 -1 -3 -5 -5 -2   11   0   0   0   0   0   0  80   0   2   0   0   0   0   0   4   0   0   0   3  1.52 inf
  174 Y   -4 -2 -3 -5 -5  0 -4 -2  1 -4 -3 -4 -3  3 -5 -3 -4  6  8 -4    0   2   1   0   0   4   0   3   2   0   0   0   0  12   0   2   0  12  60   0  1.56 inf
  175 Q   -1  1  0 -2 -4  5  0  2 -1 -4 -3  0 -2  2 -3  0 -2 -3 -1 -3    3   8   5   1   0  38   5  17   1   0   1   2   1  12   1   4   0   0   1   2  0.50 inf
  176 S   -1 -3  0 -3 -4 -3 -2  3  0 -5 -5 -3 -4 -5 -1  6 -1 -5 -4 -4    1   0   4   0   0   0   2  24   2   0   0   0   0   0   2  65   0   0   0   0  1.04 inf
  177 S    1 -1  2 -2 -3 -1 -2 -2 -3 -4 -5 -1 -4 -5 -3  6  1 -5 -4 -4    7   3   8   1   0   1   0   1   0   0   0   3   0   0   0  69   6   0   0   0  0.95 inf
  178 G   -2 -5 -3 -4 -5 -5 -5  7 -5 -7 -7 -4 -6 -6 -5 -3 -4 -5 -6 -6    0   0   0   0   0   0   0 100   0   0   0   0   0   0   0   0   0   0   0   0  2.26 inf
  179 S    0  0  2 -1 -2 -1 -1 -2  0 -3 -4  0 -3  0 -3  4  1  1  1 -2    4   6  13   1   1   2   2   0   2   0   0   6   0   4   0  45   6   2   7   2  0.43 inf
  180 S    5 -3 -3 -3 -1 -3 -3 -2 -3  0 -2 -3 -3 -3 -3  4 -1 -4 -3 -1   53   0   0   0   1   0   0   1   0   6   4   0   0   1   0  31   0   0   0   2  0.73 inf
  181 N   -1 -2  4  3 -3 -1  1 -2 -1 -4 -4 -1 -3 -4 -3  2  2 -5 -3 -3    3   1  27  21   0   2   6   0   0   0   0   1   0   0   0  20  16   0   1   1  0.59 inf
  182 V   -1 -4 -4 -4 -1 -2 -4 -2 -4  5  0 -4  1  1 -4 -3 -2 -3  0  4    3   0   0   0   1   2   0   4   0  43   3   0   3   6   0   0   0   0   4  29  0.61 inf
  183 T   -2 -2  1 -3 -3 -2 -1 -4 -3 -3 -4 -1 -3 -4 -3  0  7 -2 -1 -3    1   2   8   0   0   0   4   0   0   0   0   2   0   0   0   4  77   1   2   0  1.16 inf
  184 V   -2 -4 -5 -5 -3 -4 -4 -5 -4  2  1 -4 -1 -2 -4 -4 -2 -4  1  6    0   0   0   0   0   0   0   0   0   5  13   0   0   0   0   0   0   0   5  77  1.01 inf
  185 W   -4 -4 -5 -6 -4 -3 -4 -4 -3 -3 -2 -4 -2  3 -5 -4 -4 11  3 -4    0   0   0   0   0   0   0   0   0   0   0   0   0  15   0   0   0  77   8   0  2.56 inf

                      K         Lambda
Standard Ungapped    0.1302     0.3131
Standard Gapped      0.0527     0.2670
PSI Ungapped         0.1705     0.3110
PSI Gapped           0.0527     0.2670
