
Last position-specific scoring matrix computed, weighted observed percentages rounded down, information per position, and relative weight of gapless real matches to pseudocounts
           A  R  N  D  C  Q  E  G  H  I  L  K  M  F  P  S  T  W  Y  V   A   R   N   D   C   Q   E   G   H   I   L   K   M   F   P   S   T   W   Y   V
    1 L   -3 -4 -5 -5 -3 -4 -4 -5 -4  0  5 -4  2  3 -5 -4 -3 -3 -2 -1    0   0   0   0   0   0   0   0   0   0  85   0   2  13   0   0   0   0   0   0  1.02 inf
    2 D    1 -2  2  4 -3  0  0 -1 -2 -3 -4 -1 -3 -4 -2  3  1 -4 -3 -3   14   0   8  30   0   3   3   1   0   0   0   2   0   0   0  31   8   0   0   0  0.50 inf
    3 D    1 -2 -1  6 -4  2  0 -2 -2 -4 -4  0 -4 -4 -3  0 -2 -5  0 -4   12   0   0  65   0  10   1   1   0   0   0   4   0   0   0   3   0   0   3   0  0.95 inf
    4 A   -1  0 -1 -2 -4 -1 -2 -2  2 -3 -4  1 -2 -4  6  1  1 -5 -3 -3    2   4   1   1   0   1   0   1   6   1   0  13   1   0  50  10   9   0   0   0  0.98 inf
    5 V    3 -3 -3 -3 -2 -2 -3 -2 -3  1 -1 -2 -1 -3  2  0  0 -4 -3  3   35   0   0   0   0   0   0   0   0   7   2   0   0   0  10   4   6   0   0  36  0.41 inf
    6 T    2 -2 -1  1 -2  0 -1  1 -2 -3 -3 -1  0 -3 -2  3  2 -4 -3 -2   21   0   1   7   0   3   2  10   0   0   0   3   4   0   0  38  12   0   0   0  0.38 inf
    7 R   -1  4 -1  0 -4  2  0 -2  2 -4 -3  4 -2 -4 -2 -1  0 -4 -2 -3    3  28   0   6   0  10   4   1   7   0   1  32   0   0   0   3   6   0   0   0  0.52 inf
    8 Y   -3 -3 -3 -5 -4 -2 -3 -5  4 -3 -2 -3 -3  2 -5 -2 -3  1  8 -1    0   0   0   0   0   1   0   0  11   0   1   0   0   4   0   2   0   1  74   5  1.57 inf
    9 W   -1 -3 -4 -4 -1 -1 -3 -4 -1  2  3 -3  1  1 -4 -2 -2  7 -1  1    4   0   0   0   1   4   0   0   2   9  43   0   3   4   0   1   0  20   0  10  0.61 inf
   10 P   -2 -3 -3 -3 -4 -1 -2 -4 -3 -4 -4 -1 -4 -5  8 -2 -1 -5 -4 -4    1   0   0   0   0   3   0   0   0   0   1   3   0   0  86   1   2   0   0   0  2.14 inf
   11 Q    2  0 -1 -1 -3  2  3  0 -1 -3 -3  0 -2 -3 -1  0 -1  3  0 -2   27   2   1   0   0  13  31   5   0   0   0   3   0   0   2   4   1   4   5   1  0.34 inf
   12 L   -3 -4 -5 -5 -3 -3 -4 -5 -4  0  5 -4  3  0 -4 -4 -3  3 -2  0    0   0   0   0   0   0   0   0   0   0  87   0   5   2   0   0   0   4   0   1  0.98 inf
   13 T    0  3  0 -1 -3  2  1 -2 -1 -3 -3  3 -2 -4 -2  0  1 -4 -3 -2   10  17   5   0   0  11   9   1   0   0   0  31   0   0   0   2  13   0   0   1  0.40 inf
   14 G   -1 -3  2 -1 -4 -2 -1  6 -2 -4 -4 -2 -4 -4 -3 -1 -2 -4 -4 -4    3   0  13   3   0   0   5  74   1   1   1   0   0   0   0   0   0   0   0   0  1.08 inf
   15 K    0  0 -1 -1 -2 -1 -1  0 -1 -3 -3  2 -2 -4  1  3  3 -4 -3 -2    3   5   0   1   0   1   0   5   1   0   0  16   0   0   5  36  26   0   0   2  0.40 inf
   16 Q    2  0 -2 -1 -3  3  0 -2  0 -3 -3 -1 -2 -4  5  1 -1 -4 -3 -2   29   4   0   1   0  19   3   1   2   0   0   1   0   0  28  10   0   0   0   2  0.56 inf
   17 W   -2 -4 -4 -5 -3 -4 -4 -4 -3  2  1 -4 -1  6 -4 -3 -3  7  1  0    3   0   0   0   0   0   0   0   0  17  10   0   0  47   0   0   0  18   1   3  0.92 inf
   18 Q   -1 -1  1  4 -4  2  0  4 -1 -4 -4 -1 -3 -4 -3  0 -2 -4 -4 -4    2   2   5  35   0  12   1  37   1   0   0   1   0   0   0   5   0   0   0   0  0.64 inf
   19 G    0  2  2  1 -2  1  0  1  2 -3 -3  2 -2 -3 -2  1 -1 -3 -2 -2    8  10  15   7   1   9   4  14   6   0   0  17   0   0   0   8   1   0   0   1  0.26 inf
   20 I    0 -3 -1 -3 -2 -3 -3 -3 -3  4  1 -3  0 -2 -1 -2  1 -4 -2  3    9   0   5   0   0   0   0   0   0  38   6   0   0   0   3   0   9   0   0  29  0.36 inf
   21 R    0  1  1 -1  2 -1 -1 -2 -1 -2 -3  1 -2 -3  0  3  4 -4 -3 -1    2   7   5   1   5   0   1   0   1   0   0  11   0   0   3  27  35   0   0   1  0.37 inf
   22 M   -2 -3 -4 -4 -2 -3 -3 -3 -3  2  4 -3  3  1 -2 -3 -2 -2 -1  2    0   0   0   0   0   0   0   2   0   5  58   0  11   5   2   0   0   0   0  17  0.45 inf
   23 L   -1 -1 -3 -2 -2  0 -1 -3 -3  2  3 -2  2  1 -3 -2 -1 -2 -1  1    2   2   0   2   0   6   3   1   0  19  49   0   6   4   0   0   1   0   0   4  0.29 inf
   24 D   -2 -1  4  3 -4  2  2 -2  4 -4 -4 -1 -3 -4 -2  0 -1 -4 -2 -4    0   0  36  21   0   8  12   0  15   0   0   0   0   0   0   7   0   0   0   0  0.60 inf
   25 L   -2 -3 -4 -4 -2 -3 -4 -4 -3  1  5 -3  2  0 -4 -3 -2 -2 -2  1    2   0   0   0   0   0   0   0   0   2  86   0   5   2   0   0   0   0   0   3  0.66 inf
   26 A    3 -2 -2 -2 -2 -2 -2  4 -3 -2 -2 -2 -2 -3 -2  0 -1 -3 -3  0   50   0   0   0   0   0   0  38   0   0   2   0   0   0   0   3   0   0   0   7  0.52 inf
   27 T    1 -2 -1 -2 -2 -2 -2 -2 -3 -2 -2 -2 -2 -3 -2  1  6 -3 -3 -1   10   0   0   0   0   0   0   0   0   0   0   0   0   0   0   0  90   0   0   0  0.86 inf
   28 Y   -3 -2 -1 -3 -4  0 -2 -4  7 -3 -3 -2 -2  1 -4 -2 -3  0  7 -3    0   0   0   0   0   5   0   0  43   0   0   0   0   0   0   0   0   0  52   0  1.16 inf
   29 T    0 -2  0 -2 -2 -1 -1 -2  0 -2 -2 -1 -2 -3 -2  2  5 -3 -2  0    4   0   1   0   0   2   0   0   2   0   0   0   0   0   0  18  69   0   0   3  0.59 inf
   30 A    3 -2  0 -2 -1 -1 -1  0 -2 -2 -1 -1 -1 -3  2  2  1 -3 -2 -1   44   0   3   0   0   0   0   4   0   0   6   0   0   0   9  23  10   0   0   0  0.33 inf
   31 G   -1 -3 -1  1 -3 -2 -2  6 -3 -4 -4 -2 -3 -4 -3 -1  0 -4 -4 -4    0   0   0   8   0   0   0  86   0   0   0   0   0   0   0   0   6   0   0   0  1.14 inf
   32 G    0 -2  0  0  3 -2 -1  5 -2 -3 -2 -2 -2  0 -2 -1 -1 -2 -2 -2    8   1   4   4   8   1   2  57   0   1   2   1   0   6   1   1   1   0   1   1  0.51 inf
   33 L   -2  0 -3 -4 -2 -2 -3 -4 -2  1  4 -2  3  2 -3 -3 -1 -1  1  0    0   6   0   0   0   0   0   0   0   0  62   0  10   9   0   0   2   0   7   4  0.41 inf
   34 P    0  0 -2 -2 -3 -1 -2 -2  2 -4 -4 -1 -3 -4  7  0 -2 -4 -3 -3    8   5   0   0   0   2   0   2   7   0   0   0   0   0  71   5   0   0   0   0  1.46 inf
   35 L   -1 -3 -4 -4 -2 -1 -3 -4 -3  1  4 -3  2  0 -3 -3 -2 -2  1  1    4   0   0   0   0   3   0   0   0   2  75   0   4   0   0   0   0   0   7   5  0.49 inf
   36 Q   -1  1 -1 -2 -3  6  0 -3 -1 -3 -2  0 -1  3 -2 -1 -2 -2 -1 -2    5   7   0   0   0  64   0   0   0   0   0   2   0  19   0   0   0   0   0   0  0.62 inf
   37 V   -2 -4 -4 -5  1 -4 -4 -5 -4  2  0 -4  0  5 -4 -3 -1 -2  0  4    0   0   0   0   4   0   0   0   0   8   6   0   1  32   0   0   2   0   0  46  0.74 inf
   38 P   -3 -4 -4 -4 -5 -4 -3 -4 -5 -5 -2 -3 -4 -6  8 -1 -3 -6 -5 -5    0   0   0   0   0   0   0   0   0   0   4   0   0   0  91   5   0   0   0   0  2.51 inf
   39 D   -2 -3  0  7 -5  0  2 -2 -3 -5 -5  0 -4 -5 -1  0 -2 -5 -4 -4    2   0   1  68   0   3  10   2   0   0   0   4   0   0   3   4   1   0   0   0  1.13 inf
   40 E    1 -1  1  3 -3  0  3 -1  0 -4 -4  0 -3 -4 -2  2  0 -4 -3 -3   14   1   5  18   0   3  28   3   2   0   0   3   0   0   0  17   6   0   0   0  0.43 inf
   41 V    0 -2 -4 -5 -2 -4 -4 -4 -4  3  1 -4 -1 -2 -4 -1 -2 -4 -3  5    5   2   0   0   0   0   0   0   0  16   7   0   0   0   0   4   0   0   0  66  0.78 inf
   42 T    0  1 -1  1 -3  1  1 -1  1 -3 -3  2 -2 -4 -2  0  4 -4 -3 -1    5   5   0   8   0   7   7   4   4   0   0  19   0   0   0   4  34   0   0   3  0.33 inf
   43 D   -2 -2  4  5 -4 -2  0 -1 -2 -2 -4 -1 -3 -4  0  2  2 -5 -4 -3    0   0  21  38   0   0   1   3   0   2   0   1   0   0   3  15  15   0   0   0  0.66 inf
   44 N   -1  0  2  3 -3  2  2 -2  1 -3 -3  0 -1 -3  0  0  1 -3 -1 -1    3   3  15  17   0  12  15   0   3   0   1   4   1   0   3   5  10   0   3   5  0.28 inf
   45 A    3 -1 -1  3 -3  1  2  0 -2 -3 -3  1 -2 -4 -2  0  0 -4 -3 -2   35   2   1  18   0   7  13   4   0   0   0   8   0   0   0   4   5   0   0   1  0.35 inf
   46 S    0  0 -1  1 -2  5  2  0 -1 -4 -3  1 -2 -4 -2  1  0 -4 -3 -3   10   3   0   9   1  34  14   6   0   0   1   7   0   0   0  10   4   0   0   0  0.45 inf
   47 L   -2 -4 -5 -5 -3 -3 -4 -5 -4  1  5 -4  6 -1 -4 -4 -2 -3 -3  0    1   0   0   0   0   0   0   0   0   3  63   0  28   0   0   0   2   0   0   3  1.00 inf
   48 L   -2  0 -4 -4 -3 -1 -3 -4 -3  3  3 -2  4 -1 -4 -3 -1  2 -2  2    1   5   0   0   0   3   0   0   0  17  35   1  19   1   0   0   2   3   0  11  0.46 inf
   49 R    2  2  0  2 -3  2  1  0  1 -3 -3  0 -2 -4 -2  0  0 -4 -3 -3   23  18   3  14   0  13   5   6   4   0   0   3   0   0   0   4   6   0   0   0  0.30 inf
   50 F   -4 -4 -5 -6 -5 -4 -5 -5 -1 -3 -3 -4 -3  4 -5 -4 -4  6  8 -4    0   0   0   0   0   0   0   0   0   0   0   0   0  18   0   0   0  11  71   0  2.00 inf
   51 Y   -2 -4 -4 -5 -4 -4 -4 -5 -1 -2  2 -4 -1  6 -5 -4 -3  0  7 -2    3   0   0   0   0   0   0   0   0   0  20   0   0  33   0   0   0   0  44   0  1.22 inf
   52 Q    0  3  0 -1 -4  5  0 -1  0 -4 -4  3 -2 -4 -3 -1 -2 -4 -3 -4    6  19   4   2   0  35   3   3   1   0   0  24   0   0   0   1   1   0   0   0  0.66 inf
   53 N    1 -1  3  1 -3  3  0 -1  3 -3 -3  0 -2 -4 -2  1  1 -4 -2 -3   18   1  15   7   0  17   4   3  10   0   0   5   0   0   0  11   9   0   0   0  0.33 inf
   54 W   -6 -6 -7 -7 -5 -5 -6 -6 -5 -6 -5 -6 -4  1 -7 -6 -5 13 -1 -6    0   0   0   0   0   0   0   0   0   0   0   0   0   4   0   0   0  96   0   0  4.17 inf
   55 Q   -1  2 -2 -2 -4  6  0 -3  3 -4 -3  3 -2 -4 -3 -1  0 -4 -3 -4    3  12   0   0   0  44   1   0   8   0   1  20   0   0   0   3   7   0   0   0  0.76 inf
   56 P   -2 -3 -5 -4 -5 -4 -4 -5 -5 -5 -6 -4 -5 -6  8 -2 -2 -6 -6 -5    2   1   0   0   0   0   0   0   0   0   0   0   0   0  93   2   1   0   0   0  2.68 inf
   57 Q    1  0 -1  1 -3  2  1 -1 -2 -2 -2  1 -2 -3  1  1  1 -4 -3 -1   13   5   0   8   0  14  10   3   0   2   2  10   0   0   6   9  12   0   0   5  0.20 inf
   58 W    0 -2  0 -1 -1 -1 -2 -3  1 -3 -2 -1 -1  3 -2 -1  0  7  5 -2   12   1   4   4   1   1   1   0   4   0   0   2   1  11   1   3   5  16  27   3  0.57 inf
   59 K    3 -2 -2 -2 -3  0  0 -2 -2 -3 -2  0 -3 -4  4  1  0 -4 -3 -2   39   0   0   1   0   4   6   0   1   0   2   7   0   0  25  10   4   0   0   2  0.58 inf
   60 P    2 -4 -4 -4 -4 -2 -3 -3  0  1 -3 -3 -3 -4  7 -1 -2 -5 -4  0   22   0   0   0   0   2   0   0   3  10   0   0   0   0  55   2   0   0   0   7  1.24 inf
   61 G   -2 -3  0 -2 -5 -2 -4  7 -4 -6 -6 -3 -5 -5 -4 -2 -4 -5 -5 -5    0   1   4   2   0   1   0  90   0   0   0   0   0   0   0   1   0   0   0   0  1.74 inf
   62 T    1 -1 -2 -2 -3  0  1 -2 -3 -2 -3  0 -1 -4 -3  2  5 -4 -3 -1   10   1   0   1   0   3   8   2   0   1   0   4   1   0   0  12  55   0   0   2  0.64 inf
   63 T   -1  1 -1 -2 -1  3  0 -3  5  0 -2  1  1 -1 -3 -1  0 -2  3 -1    6   6   1   0   1  15   3   0  20   5   0  11   5   1   0   2   8   0  11   3  0.31 inf
   64 R   -4  8 -3 -4 -6 -1 -3 -5 -3 -6 -5  0 -4 -5 -5 -3 -4 -5  0 -5    0  97   0   0   0   0   0   0   0   0   0   0   0   0   0   0   0   0   3   0  2.11 inf
   65 L   -1 -1  1 -2  1  2  0 -3 -1 -1  2 -1  0 -2 -3  1  2 -3 -2  0    1   3   6   0   3  15   5   0   1   1  23   1   2   1   0  13  18   0   1   8  0.18 inf
   66 Y   -5 -5 -5 -6 -5 -4 -5 -6 -1 -4 -4 -5 -4  0 -6 -5 -5  0 10 -4    0   0   0   0   0   0   0   0   0   0   0   0   0   0   0   0   0   0 100   0  2.81 inf
   67 A    3 -3 -2 -3 -3 -2 -2 -2 -3 -4 -4 -2 -3 -5 -3  6  0 -5 -4 -3   28   0   0   0   0   0   0   0   0   0   0   0   0   0   0  71   2   0   0   0  1.13 inf
   68 N   -4 -3  9 -1 -5 -3 -3 -3 -2 -6 -6 -3 -5 -6 -5 -2 -3 -7 -5 -6    0   0 100   0   0   0   0   0   0   0   0   0   0   0   0   0   0   0   0   0  2.35 inf
   69 A    1 -4 -3 -3 -3 -3 -3 -3 -4  0  0 -3 -2 -1  6  0 -2 -4 -3  1   13   0   0   0   0   0   0   0   0   6  12   0   0   3  48   8   1   0   0   9  0.93 inf
   70 S    0 -3 -2 -3 -3 -2 -3  3 -3 -5 -5 -3 -4 -5 -3  6  0 -5 -4 -4    3   0   0   0   0   0   0  23   0   0   0   0   0   0   0  72   2   0   0   0  1.12 inf
   71 I   -3 -5 -5 -5 -3 -4 -5 -6 -5  6  1 -4 -1  0 -5 -4 -1 -4 -1  2    0   0   0   0   0   0   0   0   0  73   9   0   0   3   0   0   3   0   2   9  1.08 inf
   72 G   -2 -5 -3 -4 -5 -4 -5  7 -4 -6 -6 -4 -5 -6 -5 -3 -4 -5 -6 -6    0   0   0   0   0   0   0 100   0   0   0   0   0   0   0   0   0   0   0   0  2.12 inf
   73 L   -3 -4 -5 -5 -3 -4 -5 -5 -4  1  5 -4  5 -1 -5 -4 -3 -3 -3 -1    0   0   0   0   0   0   0   0   0   4  80   0  16   0   0   0   0   0   0   0  1.13 inf

                      K         Lambda
Standard Ungapped    0.1354     0.3184
Standard Gapped      0.0540     0.2670
PSI Ungapped         0.1719     0.3051
PSI Gapped           0.0540     0.2670
