
Last position-specific scoring matrix computed, weighted observed percentages rounded down, information per position, and relative weight of gapless real matches to pseudocounts
           A  R  N  D  C  Q  E  G  H  I  L  K  M  F  P  S  T  W  Y  V   A   R   N   D   C   Q   E   G   H   I   L   K   M   F   P   S   T   W   Y   V
    1 F   -2 -3 -4 -4 -2 -3 -4 -4 -2  0  2 -3  0  6 -4 -3 -2  0  2  0    0   0   0   0   0   0   0   0   0   0  22   0   0  72   0   0   0   0   0   5  0.70 inf
    2 K   -1  1 -1  0 -3  2  3 -2 -1 -1 -2  3 -1 -3 -1  0  0 -3 -2 -2    0   5   0   0   0   5  31   0   0   7   0  45   0   0   0   0   8   0   0   0  0.39 inf
    3 I   -1 -3 -3 -4 -1 -2 -3 -4 -3  3  1 -3  3 -1 -3 -2 -1 -3 -2  4    0   0   0   0   0   0   0   0   0  31   0   0  21   0   0   0   0   0   0  48  0.40 inf
    4 E   -1 -1  0  3 -4  1  5 -2 -1 -4 -3  1 -3 -4 -2 -1 -1 -4 -3 -3    0   0   0  12   0   0  85   0   0   0   0   3   0   0   0   0   0   0   0   0  0.84 inf
    5 T   -1 -3 -3 -3 -1 -3 -3 -4 -3  4  2 -3  1 -1 -3 -2  1 -3 -2  2    0   0   0   0   0   0   0   0   0  64  17   0   0   0   0   0  14   0   0   5  0.37 inf
    6 T    0 -1 -1 -1 -2  2 -1 -2 -1  0 -1 -1 -1  3 -2  2  2 -1  0 -1    0   0   0   0   0  17   0   0   0   6   0   0   0  24   0  27  25   0   0   0  0.22 inf
    7 P   -1 -3 -3 -2 -3 -2 -2 -3 -3 -3 -2 -2 -3 -4  8 -1 -2 -4 -3 -3    0   0   0   0   0   0   0   0   0   0   4   0   0   0  96   0   0   0   0   0  2.12 inf
    8 E    1 -1  2  0 -3  0  3  3 -1 -3 -3  0 -2 -3 -2  0 -1 -3 -3 -3   14   0  17   0   0   0  43  26   0   0   0   0   0   0   0   0   0   0   0   0  0.42 inf
    9 S    0 -2  0  2 -2 -1  0  2  0 -3 -3 -1 -2 -2  4  2  0 -2  1 -3    0   0   0  13   0   0   6  17   3   0   0   0   0   0  23  31   0   0   8   0  0.41 inf
   10 R   -1  4  0 -1 -3  2  0 -2 -1 -3 -2  3 -1 -3 -2  0  1 -3 -2 -2    0  36   0   0   0  11   0   0   0   0   0  36   0   0   0   0  17   0   0   0  0.48 inf
   11 Y   -1 -2 -2 -3 -1 -2 -2 -3 -2  3  1 -2  1 -1 -2  0  1 -2  1  3    0   0   0   0   0   0   0   0   0  30   0   0   5   0   0   9  12   0   6  39  0.23 inf
   12 L    2 -2 -3 -3 -1 -2 -2 -2 -3  2  2 -2  1  0 -2 -1 -1 -2 -1  2   30   0   0   0   0   0   0   0   0   9  22   0   0   5   0   0   0   0   0  34  0.21 inf
   13 A    4 -2 -1 -1 -1 -1  0  0 -2 -2 -2 -1 -1 -3 -1  2  0 -3 -2 -1   75   0   0   0   0   0   8   0   0   0   0   0   0   0   0  17   0   0   0   0  0.44 inf
   14 Q   -1  2  0  2 -4  6  1 -2  0 -3 -3  1 -1 -4 -2 -1 -1 -3 -2 -3    0   8   0  17   0  75   0   0   0   0   0   0   0   0   0   0   0   0   0   0  0.73 inf
   15 I   -2  1 -3 -3 -2 -2 -3 -4 -3  4  1 -1  1 -1 -3 -2 -1 -3 -2  2    0  17   0   0   0   0   0   0   0  72   0   0   0   0   0   0   0   0   0  11  0.37 inf
   16 G    0 -3 -1 -2 -3 -2 -3  6 -3 -4 -4 -2 -3 -4 -3 -1 -2 -3 -4 -4    0   0   0   0   0   0   0 100   0   0   0   0   0   0   0   0   0   0   0   0  1.26 inf
   17 D    0 -2  2  6 -3 -1  1 -1 -1 -3 -4 -1 -3 -4 -2  1 -1 -4 -3 -3    8   0   6  69   0   0   0   0   0   0   0   0   0   0   0  17   0   0   0   0  0.72 inf
   18 S    1 -1  0 -1 -1 -1 -1 -1 -2 -1 -2 -1 -1 -3 -1  4  2 -3 -2  0    6   0   0   0   0   0   0   0   0   0   0   0   0   0   0  73   8   0   0  13  0.40 inf
   19 V    0 -2 -3 -3 -1 -2 -3 -3 -3  2  2 -2  2 -1 -3 -2  0 -3 -1  3    5   0   0   0   0   0   0   0   0  12  31   0   8   0   0   0   6   0   0  39  0.28 inf
   20 S    0 -2 -1 -2 -1 -1 -2 -2 -2  2  0 -2  1 -1 -2  2  0 -3 -2  3    4   0   0   0   0   0   0   0   0  14   3   0   4   0   0  36   0   0   0  39  0.20 inf
   21 L   -2 -3 -4 -4 -2 -3 -3 -4 -3  1  5 -3  2  0 -3 -3 -2 -2 -1  0    0   0   0   0   0   0   0   0   0   0 100   0   0   0   0   0   0   0   0   0  0.64 inf
   22 T    0 -2  0 -1 -1 -1 -1 -2 -2 -1 -2 -1 -1 -3 -1  2  5 -3 -2 -1    0   0   0   0   0   0   0   0   0   0   0   0   0   0   0  17  83   0   0   0  0.61 inf
   23 C   -1 -4 -3 -4 10 -4 -4 -3 -3 -2 -2 -4 -2 -2 -4 -2 -2 -3  0 -1    0   0   0   0  95   0   0   0   0   0   0   0   0   0   0   0   0   0   5   0  1.66 inf
   24 S    1 -1  2  0 -2  2  0 -1 -1 -1 -2  0 -1 -3 -1  3  1 -3 -2 -1    7   0  14   4   0  17   0   0   0   6   0   0   0   0   0  44   8   0   0   0  0.28 inf
   25 T    2 -2 -1 -2 -1 -1 -1 -1 -2 -1 -1 -1  0 -2 -1  1  4 -3 -2  1   35   0   0   0   0   0   0   0   0   0   0   0   5   0   0   0  52   0   0   8  0.34 inf
   26 T    0  0 -1 -1 -1 -1 -1 -2 -2  0 -1 -1  1 -2  1  2  4 -3 -2  0    0   4   0   0   0   0   0   0   0   7   0   0   8   0   5  17  58   0   0   0  0.34 inf
   27 G    0 -3 -1  1 -3 -2 -2  6 -2 -4 -4 -2 -3 -4 -3 -1 -2 -3 -4 -4    0   0   0   9   0   0   0  91   0   0   0   0   0   0   0   0   0   0   0   0  1.09 inf
   28 C   -1 -4 -3 -4 10 -4 -4 -3 -4 -2 -2 -4 -2 -3 -4 -2 -2 -3 -3 -1    0   0   0   0 100   0   0   0   0   0   0   0   0   0   0   0   0   0   0   0  1.81 inf
   29 E    1 -1 -1  2 -3  1  4 -2 -1 -3 -3  0 -2 -3  3  0 -1 -3 -3 -2   23   0   0  15   0   0  45   0   0   0   0   0   0   0  17   0   0   0   0   0  0.52 inf
   30 S    1 -1  0 -1 -1  0 -1 -1  4 -2 -1 -1 -1 -2 -1  4  1 -3 -1 -2   11   0   0   0   0   0   0   0  17   0   8   0   0   0   0  60   4   0   0   0  0.34 inf
   31 P   -1 -3 -2 -2 -3 -2 -2 -3 -3 -3 -3 -2 -3 -4  8  0 -1 -4 -3 -3    0   0   0   0   0   0   0   0   0   0   0   0   0   0  95   5   0   0   0   0  2.10 inf
   32 F    0 -1  0  0 -2  0  2 -1 -1 -2 -1  1 -1  1 -1  3  1 -2 -1 -2    0   0   0   0   0   0  17   0   0   0   4   8   0  10   0  51   9   0   0   0  0.26 inf
   33 F   -3 -3 -4 -4 -3 -4 -4 -4 -2 -1  0 -4  0  7 -4 -3 -3  0  3 -1    0   0   0   0   0   0   0   0   0   0   5   0   0  95   0   0   0   0   0   0  1.03 inf
   34 S    1 -1  0 -1 -1 -1 -1 -1 -1 -3 -3 -1 -2 -3 -1  5  1 -3 -2 -2    0   0   0   0   0   0   0   0   0   0   0   0   0   0   0 100   0   0   0   0  0.68 inf
   35 W   -3 -4 -5 -5 -3 -3 -4 -3 -3 -3 -2 -4 -2  0 -5 -4 -3 12  2 -4    0   0   0   0   0   0   0   0   0   0   0   0   0   0   0   0   0 100   0   0  2.94 inf
   36 R   -2  6 -1 -2 -4  1  0 -3 -1 -3 -3  3 -2 -3 -2 -1 -1 -3 -2 -3    0  81   0   0   0   0   0   0   0   0   0  19   0   0   0   0   0   0   0   0  0.85 inf
   37 T   -1 -1  3 -1 -2 -1 -1 -2 -2 -1 -2 -1 -1 -3 -2  1  5 -3 -2 -1    0   0  19   0   0   0   0   0   0   0   0   0   0   0   0   0  81   0   0   0  0.58 inf
   38 Q   -1  0 -1 -1 -3  6  1 -3  0 -2  1  0  0 -3 -2 -1 -1 -2 -2 -2    0   0   0   0   0  81   0   0   0   0  19   0   0   0   0   0   0   0   0   0  0.63 inf
   39 I   -1 -2 -2 -2 -1 -2 -2 -3 -3  4  1 -2  2 -1 -2  1  1 -3 -2  2    0   0   0   0   0   0   0   0   0  60   0   0  13   0   0  19   8   0   0   0  0.26 inf
   40 D   -2 -2  3  6 -4 -1  1 -2 -1 -4 -4 -1 -3 -4 -2  0 -1 -5 -3 -4    0   0  19  81   0   0   0   0   0   0   0   0   0   0   0   0   0   0   0   0  0.97 inf
   41 S    0 -1  0 -1 -1 -1 -1 -1 -1 -2 -1 -1  3 -1 -2  4  1 -2  1 -1    0   0   0   0   0   0   0   0   0   0   0   0  19   0   0  74   0   0   7   0  0.37 inf
   42 P   -1 -2 -2 -2 -3 -1 -1 -2 -2 -3 -3 -1 -3 -4  7  1 -1 -4 -3 -3    0   0   0   0   0   0   0   0   0   0   0   0   0   0  81  19   0   0   0   0  1.68 inf
   43 L   -1 -3 -4 -4 -2 -3 -3 -4 -3  2  4 -3  2  0 -3 -3 -1 -2 -1  2    0   0   0   0   0   0   0   0   0   0  81   0   0   0   0   0   0   0   0  19  0.50 inf
   44 N   -1 -1  5  0 -3 -1 -1  3  4 -4 -4 -1 -3 -3 -2  0 -1 -3 -1 -3    0   0  53   0   0   0   0  25  19   0   0   0   0   0   0   3   0   0   0   0  0.59 inf
   45 G    0  2 -1 -2 -3 -1 -2  5 -2 -4 -4 -1 -3 -3 -2 -1 -2 -3 -3 -3    4  19   0   0   0   0   0  77   0   0   0   0   0   0   0   0   0   0   0   0  0.83 inf
   46 K   -1  1  0  1 -3  3  1 -2 -1 -2 -2  4 -1 -3 -2 -1 -1 -3 -2 -1    0   0   0   7   0  19   0   0   0   0   0  66   0   0   0   0   0   0   0   8  0.46 inf
   47 V   -1 -3 -3 -3 -1 -2 -3 -3 -3  2  1 -2  0 -1  3 -2 -1 -3 -2  4    0   0   0   0   0   0   0   0   0   0   7   0   0   0  19   0   0   0   0  74  0.46 inf
   48 T   -1  4 -1 -1 -3  1  1 -2 -1 -1 -2  3 -1 -2 -2  1  0 -2  1 -2    0  32   0   0   0   0   7   0   0   5   0  33   0   0   0  11   5   0   7   0  0.33 inf
   49 N   -1  0  4  0 -2  1  0 -1  0 -2 -3  0 -2 -3 -2  1  3 -3 -2 -2    0   3  46   0   0   7   0   0   0   0   0   0   0   0   0   9  35   0   0   0  0.45 inf
   50 E   -1 -1  2  3 -4  1  4  0  2 -4 -3  0 -3 -3 -2  0 -1 -3 -2 -3    0   0  11  19   0   0  57   7   6   0   0   0   0   0   0   0   0   0   0   0  0.57 inf
   51 G    0  0 -1 -2 -3 -2 -2  5 -2 -3 -3  0 -2 -3 -2 -1 -2 -3 -3 -1    0   6   0   0   0   0   0  80   0   0   0   7   0   0   0   0   0   0   0   7  0.80 inf
   52 T    1 -1  2 -1 -1 -1 -1 -1 -1 -2 -2 -1 -1 -3 -1  3  4 -3 -2 -1   11   0  10   0   0   0   0   0   0   0   0   0   0   0   0  27  53   0   0   0  0.40 inf
   53 T   -1  1  1 -1 -2  0  0 -2  2 -1  0  3  0 -1 -2  0  1 -2  1 -1    3   4   6   0   0   0   0   0   7   0  19  38   0   0   0   0  17   0   6   0  0.15 inf
   54 S    1 -1  0 -1 -1 -1 -1 -1 -1 -3 -3 -1 -2 -3 -1  5  1 -3 -2 -2    0   0   0   0   0   0   0   0   0   0   0   0   0   0   0 100   0   0   0   0  0.66 inf
   55 T   -1 -1 -1 -2 -2  2 -1 -2 -2  0 -1 -1  1 -2 -2  0  4 -3 -2  1    0   0   0   0   0  19   0   0   0   7   0   0   4   0   0   0  62   0   0   7  0.35 inf
   56 L   -2 -3 -4 -4 -2 -3 -3 -4 -3  1  5 -3  2  0 -3 -3 -2 -2 -1  1    0   0   0   0   0   0   0   0   0   0 100   0   0   0   0   0   0   0   0   0  0.63 inf
   57 T   -1 -2 -1 -2 -1 -2 -2 -3 -2  1  1 -2  0 -1 -2  0  4 -3 -2  1    0   0   0   0   0   0   0   0   0   9  19   0   0   0   0   0  61   0   0  12  0.33 inf
   58 M   -2 -2 -3 -4 -2 -2 -3 -3 -2  1  2 -2  6  3 -3 -2 -1 -1  0  0    0   0   0   0   0   0   0   0   0   6  19   0  55  19   0   0   0   0   0   0  0.45 inf
   59 N   -1 -1  4  4 -3  0  1 -1  0 -3 -4 -1 -3 -3 -2  1  0 -4 -3 -3    0   0  39  38   0   0   9   0   0   0   0   0   0   0   0  14   0   0   0   0  0.60 inf
   60 P   -1 -3 -2 -2 -3 -2 -2 -2 -3 -3 -3 -1 -3 -4  8  0 -1 -4 -3 -3    0   0   0   0   0   0   0   0   0   0   0   0   0   0  92   8   0   0   0   0  2.00 inf
   61 V   -1 -3 -3 -4 -1 -3 -3 -4 -4  3  1 -3  0 -1 -3 -2  0 -3 -2  5    0   0   0   0   0   0   0   0   0   4   0   0   0   0   0   0   0   0   0  96  0.54 inf
   62 S    0 -1  0  1 -2  0  2  2 -1 -3 -3  0 -2 -3 -1  3  0 -3 -2 -2    0   0   0   7   0   0  19  17   0   0   0   0   0   0   0  57   0   0   0   0  0.40 inf
   63 F   -1 -3 -3 -4 -2 -3 -3 -3 -2  1  0 -3  0  6 -3 -2 -2  0  2  1    7   0   0   0   0   0   0   0   0   6   0   0   0  67   0   0   0   0   0  19  0.56 inf
   64 G    0  0  1  1 -3  1  4  1 -1 -2 -3  1 -2 -3 -2  0 -1 -3 -2 -1    5   0   6   0   0   0  62  10   0   0   0  11   0   0   0   0   0   0   0   6  0.44 inf
   65 N   -2 -1  5  4 -3  0  0 -1  2 -4 -4 -1 -3 -4 -2  0 -1 -4 -2 -3    0   0  64  31   0   0   0   0   5   0   0   0   0   0   0   0   0   0   0   0  0.77 inf
   66 E   -1 -1 -1  1 -4  1  5 -2  0 -3 -3  0 -2 -2 -2  0 -1 -2  1 -3    0   0   0   0   0   0  87   0   0   0   0   0   0   0   0   6   0   0   7   0  0.75 inf
   67 H   -2 -1  1 -1 -3  0 -1  2  8 -4 -3 -1 -2 -2 -3 -1 -2 -3  1 -4    0   0   7   0   0   0   0  19  71   0   0   0   0   0   0   0   0   0   0   0  0.82 inf
   68 S    1 -1  0  1 -1  0  0 -1 -1 -2 -2 -1 -2 -1 -1  4  2 -3 -2 -2    6   0   0   7   0   4   0   0   0   0   0   0   0   3   0  60  19   0   0   0  0.37 inf
   69 Y   -2 -2 -3 -4 -3 -2 -3 -4  1 -2 -2 -2 -2  3 -4 -2 -2  2  8 -2    0   0   0   0   0   0   0   0   0   0   0   0   0   0   0   0   0   0 100   0  1.28 inf
   70 L   -1 -3 -4 -4 -1 -3 -3 -4 -3  2  4 -3  2  0 -3 -3 -1 -2 -1  2    0   0   0   0   0   0   0   0   0   0  78   0   0   0   0   0   0   0   0  22  0.48 inf
   71 C   -1 -4 -3 -4 10 -4 -4 -3 -4 -2 -2 -4 -2 -3 -4 -1 -1 -3 -3 -1    0   0   0   0 100   0   0   0   0   0   0   0   0   0   0   0   0   0   0   0  1.77 inf
   72 T    0 -1 -1 -1 -2  0  2 -2 -2 -1 -2 -1 -1 -3 -1  1  5 -3 -2 -1    8   0   0   0   0   0  19   0   0   0   0   0   0   0   0   0  73   0   0   0  0.47 inf
   73 A    3 -2 -3 -3 -1 -2 -2 -1 -3  1  0 -2  0 -2 -2  0  0 -3 -2  3   49   0   0   0   0   0   0   0   0   0   0   0   0   0   0   0   0   0   0  51  0.31 inf
   74 T    0 -2 -1 -2 -1 -1 -1 -2 -2  2 -1 -1 -1 -2 -2  2  4 -3 -2  0    0   0   0   0   0   0   0   0   0  24   0   0   0   0   0  15  61   0   0   0  0.37 inf
   75 C   -1 -4 -3 -4 10 -4 -4 -3 -4 -2 -2 -4 -2 -3 -4 -1 -1 -3 -3 -1    0   0   0   0 100   0   0   0   0   0   0   0   0   0   0   0   0   0   0   0  1.77 inf
   76 E   -1 -1  1  2 -3 -1  0  4 -2 -3 -2  0 -2 -3 -2  0 -1 -3 -3 -3    0   0  10  13   0   0   8  54   0   0   8   7   0   0   0   0   0   0   0   0  0.48 inf
   77 S    0  0  1  1 -2  2  1 -1  2 -3 -3  1 -2 -3 -1  3  1 -3 -2 -2    0   0   4   9   0  11   6   0   8   0   0   7   0   0   0  48   7   0   0   0  0.32 inf
   78 R   -1  3 -1  0 -3  0  1  0 -1  1 -1  2  0 -2 -2 -1 -1 -3 -2 -1    0  26   0   5   0   0   7   7   0  19   4  26   3   0   0   3   0   0   0   0  0.17 inf
   79 K   -1  2 -1 -1 -3  1  0 -2 -1 -3 -3  5 -2 -4 -1  0  0 -3 -2 -3    0   0   0   0   0   0   0   0   0   0   0  92   0   0   0   0   8   0   0   0  0.66 inf
   80 L   -1  0 -2 -2 -2  0 -1 -1 -2  0  3  2  2 -1 -2 -1 -1 -2 -2  0    0   0   0   0   0   5   0   4   0   0  48  33   7   0   0   0   0   0   0   4  0.19 inf
   81 E   -1 -1  0  1 -3  1  5 -2 -1 -4 -3  0 -2 -4 -1  1 -1 -3 -2 -3    0   0   0   0   0   0  81   0   0   0   0   0   0   0   0  19   0   0   0   0  0.72 inf
   82 K   -1  4 -1 -1 -4  1  0 -2 -1 -3 -3  5 -2 -4 -2 -1 -1 -3 -2 -3    0  23   0   0   0   0   0   0   0   0   0  77   0   0   0   0   0   0   0   0  0.67 inf
   83 G    1  1  0 -1 -2  2 -1  4 -1 -3 -3  0 -2 -3 -2  1 -1 -3 -2 -2   11   8   0   0   0  19   0  44   0   0   0   0   0   0   0  18   0   0   0   0  0.44 inf
   84 I   -1 -3 -2 -3 -1 -2 -3 -3 -3  4  1 -2  0 -1 -2 -1  2 -3 -2  3    0   0   0   0   0   0   0   0   0  52   0   0   0   0   0   0  27   0   0  21  0.33 inf
   85 Q   -1  1  0  0 -4  5  3 -2  1 -3 -3  2 -1 -3 -2  0 -1 -3 -2 -3    0   4   0   0   0  59  19   0   4   0   0  13   0   0   0   0   0   0   0   0  0.62 inf
   86 V   -1 -3 -3 -4 -1 -3 -3 -4 -4  2  0 -3  0 -1 -3 -2  0 -3 -2  5    0   0   0   0   0   0   0   0   0   0   0   0   0   0   0   0   0   0   0 100  0.56 inf
   87 E   -1  0  0  2 -4  1  5 -2 -1 -4 -3  2 -2 -4 -1  0 -1 -3 -2 -3    0   0   0  12   0   0  69   0   0   0   0  19   0   0   0   0   0   0   0   0  0.68 inf
   88 I   -1 -3 -4 -4 -1 -3 -3 -4 -3  3  3 -3  1  0 -3 -2 -1 -3 -1  3    0   0   0   0   0   0   0   0   0  37  36   0   0   0   0   0   0   0   0  27  0.40 inf
   89 Y   -2 -2 -3 -4 -3 -2 -3 -4  1 -2 -1 -3 -1  4 -4 -2 -2  2  7 -2    0   0   0   0   0   0   0   0   0   0   0   0   0  19   0   0   0   0  81   0  1.07 inf

                      K         Lambda
Standard Ungapped    0.1279     0.3132
Standard Gapped      0.0413     0.2670
PSI Ungapped         0.1346     0.3075
PSI Gapped           0.0413     0.2670
