
Last position-specific scoring matrix computed, weighted observed percentages rounded down, information per position, and relative weight of gapless real matches to pseudocounts
           A  R  N  D  C  Q  E  G  H  I  L  K  M  F  P  S  T  W  Y  V   A   R   N   D   C   Q   E   G   H   I   L   K   M   F   P   S   T   W   Y   V
    1 G   -2 -4 -2 -3 -5 -4 -4  7 -4 -6 -6 -4 -5 -5 -4 -2 -4 -5 -5 -5    0   0   0   0   0   0   0 100   0   0   0   0   0   0   0   0   0   0   0   0  2.00 inf
    2 S   -1 -3  1 -2 -3 -2 -2 -2 -3 -5 -5 -2 -4 -5 -3  7  0 -5 -4 -4    0   0   6   0   0   0   0   0   0   0   0   0   0   0   0  91   3   0   0   0  1.38 inf
    3 K   -3  2 -2 -3 -5 -1 -1 -4 -3 -5 -5  7 -4 -5 -3 -2 -1 -5 -4 -5    0   6   0   0   0   0   0   0   0   0   0  92   0   0   0   0   2   0   0   0  1.64 inf
    4 P   -3 -1 -4 -4 -5 -4 -4 -5 -5 -5 -5 -3 -5 -6  8 -2  0 -6 -5 -5    0   3   0   0   0   0   0   0   0   0   0   0   0   0  90   2   6   0   0   0  2.51 inf
    5 R   -3  6 -2 -3 -6  0 -2 -4 -3 -5 -5  5 -4 -5 -4 -3 -3 -5 -4 -5    0  57   0   0   0   2   0   0   0   0   0  41   0   0   0   0   0   0   0   0  1.46 inf
    6 I   -2 -4 -3  0 -3 -3 -4 -2 -5  1  0 -2  0 -3 -4 -3 -2 -5 -3  6    0   0   1   6   0   1   0   4   0   5   6   3   1   0   0   0   1   0   0  73  0.89 inf
    7 A    5 -3 -3 -3 -2 -3 -3 -2 -4 -1 -2 -2 -2 -4  0  0  3 -4 -3  0   56   0   0   0   0   0   0   0   0   3   2   1   0   0   4   5  23   0   0   6  0.68 inf
    8 T   -2 -3 -2 -3 -3  0 -3 -4 -4 -2 -2 -3 -1 -4 -4  1  7 -5 -4 -2    1   0   1   0   0   4   0   0   0   1   3   0   1   0   0   7  82   0   0   0  1.39 inf
    9 P   -2 -4 -2 -4 -5 -2 -2 -3 -3 -5 -4 -3 -3 -6  8 -1 -2 -6 -5 -3    3   0   2   0   0   1   1   1   1   0   1   0   1   0  83   4   1   0   0   1  2.19 inf
   10 E    0  0  0  3 -3  1  4 -2 -1 -4 -3  1 -2 -3  1  0  0 -1 -3 -3    7   2   3  18   0   4  34   2   1   0   2   9   1   1   5   5   5   1   0   0  0.42 inf
   11 I   -2 -5 -5 -5 -3 -5 -5 -5 -5  4 -1 -5 -1  0 -5 -4 -2 -5 -3  6    2   0   0   0   0   0   0   0   0  21   0   0   0   3   0   0   0   0   0  74  1.26 inf
   12 E   -2 -3 -4 -2 -1 -2  4 -5 -4  1 -1 -3 -2 -3 -4 -3 -2 -5 -3  5    0   0   0   1   1   0  33   0   0   5   2   0   0   0   0   0   0   0   0  58  0.85 inf
   13 N    1  0  4  1 -2  1  1 -1 -1 -3 -3  2 -2 -4 -2  1  0 -4 -2 -3   12   2  23   6   1   6  10   3   0   0   1  16   1   0   0  12   6   0   1   1  0.32 inf
   14 R    0  4 -2 -3 -3  0 -1 -3  1 -2 -3  5 -2 -4 -3 -2 -2 -4  0 -3    6  26   0   0   1   1   0   0   4   2   1  53   1   0   0   1   1   0   3   1  0.84 inf
   15 I   -3 -5 -6 -6 -3 -5 -6 -6 -6  7 -1 -5 -1 -1 -5 -5 -3 -5 -3  2    0   0   0   0   0   0   0   0   0  89   0   0   0   2   0   0   0   0   0   9  1.60 inf
   16 E    2  1 -2  0 -1  0  4 -2 -1 -2  0  1 -1 -3 -2  0 -1 -4 -2 -1   24   9   0   3   2   1  33   1   1   1  10   6   1   0   0   4   2   0   0   3  0.31 inf
   17 E   -1  0 -1  2 -4  3  4 -2  0 -1 -2  0 -1 -3 -2  0 -1 -4 -3 -2    4   4   1  12   0  21  38   2   1   6   2   3   1   1   0   4   1   0   0   0  0.48 inf
   18 Y   -3 -3 -4 -5  0 -3 -4 -5  1 -1  2 -4  1  2 -4 -3 -3  0  7 -2    0   0   0   0   3   0   0   0   2   3  22   0   3   6   0   0   0   0  61   0  1.12 inf
   19 K   -2  2 -2 -2  2  1 -1 -3 -2 -4 -4  6 -3 -5 -3 -1 -2 -5 -3 -2    0   6   0   0   5   3   0   0   0   0   0  81   0   0   0   4   0   0   0   2  1.10 inf
   20 R   -1  4  1  0 -3  2  0 -1  1 -1 -1  2 -1 -2 -3  0 -1 -3 -2 -2    4  36   7   4   0   9   3   3   5   6   4  11   1   2   0   4   1   0   0   1  0.31 inf
   21 S   -1  0  1  2  1  2  4 -2  0 -3 -3  1 -1 -4 -2  0 -1 -4 -3 -3    4   3   7  10   4   7  48   1   1   0   1  10   1   0   0   2   1   0   0   0  0.47 inf
   22 S   -2  0  5  1  4  2  0 -2  0 -3 -3  0 -2 -3 -3  0 -1 -3  0 -3    0   4  53   5  14  11   1   0   1   0   0   4   0   0   0   2   1   0   4   0  0.52 inf
   23 P   -1 -3 -2 -2 -3 -2 -2 -3  0 -4 -4 -2 -3 -4  8  0 -1 -4 -3 -3    2   0   0   0   0   0   0   0   3   0   0   0   0   0  85   7   2   0   0   0  1.87 inf
   24 G    1 -2  0  0  0  1 -1  4 -2 -3 -3 -1 -2 -3 -2  2  1 -3 -3 -2    8   0   2   4   2   8   0  45   0   0   0   0   0   0   0  19  12   0   0   0  0.45 inf
   25 M   -1 -3 -3 -3 -1 -2 -3 -4 -3  4  2 -3  3  0 -3 -2 -1 -2 -1  2    0   0   0   0   0   0   0   0   0  56   9   0  24   0   0   0   0   0   0  10  0.34 inf
   26 F   -3 -3 -3 -4 -3 -3 -3 -4 -1  0  0 -3  0  7 -4 -3 -2  1  4 -1    0   0   0   0   0   0   0   0   0   0   0   0   0  92   0   0   0   0   8   0  0.84 inf
   27 S    3 -1  0 -1 -1 -1 -1  1 -1 -2 -2 -1 -2 -3 -1  3  0 -3 -2 -1   48   0   4   0   0   0   0  11   0   0   0   0   0   0   0  37   0   0   0   0  0.34 inf
   28 W   -3 -3 -4 -5  2 -2 -3 -3 -2 -3 -2 -3 -2  1 -4 -3 -3 11  3 -3    0   0   0   0   7   0   0   0   0   0   0   0   0   0   0   0   0  82  11   0  2.03 inf
   29 E   -1  0  0  1 -4  2  6 -2  0 -4 -3  1 -2 -4 -1  0 -1 -3 -2 -3    0   0   0   0   0   0 100   0   0   0   0   0   0   0   0   0   0   0   0   0  0.83 inf
   30 I   -1 -3 -4 -4 -1 -3 -3 -4 -4  4  2 -3  1  0 -3 -3 -1 -3 -2  3    0   0   0   0   0   0   0   0   0  84   5   0   0   0   0   0   0   0   0  11  0.43 inf
   31 R   -1  6 -1 -2 -4  2  0 -2  0 -3 -3  3 -2 -3 -2 -1 -1 -3 -2 -3    0  79   0   0   0   7   0   0   0   0   0  13   0   0   0   0   0   0   0   0  0.71 inf
   32 E   -1  1  1  5 -4  1  3 -2  0 -3 -3  0 -3 -4 -2  0 -1 -4 -3 -3    2   8   2  50   0   8  24   0   2   0   0   0   0   0   0   5   0   0   0   0  0.58 inf
   33 K   -1  4  0  0 -1  2  1 -2 -1 -3 -2  3  0 -3 -2 -1 -1 -3 -2 -3    0  42   2   6   2  14   8   0   0   0   1  20   4   0   0   1   1   0   0   0  0.45 inf
   34 L   -2 -3 -4 -4 -2 -3 -3 -4 -3  1  5 -3  2  0 -3 -3  0 -2 -2  0    0   0   0   0   0   0   0   0   0   0  94   0   0   0   0   0   6   0   0   0  0.66 inf
   35 I   -1 -3 -4 -4  3 -2 -3 -4 -3  3  3 -3  1  0 -3 -2 -1 -3 -2  2    3   0   0   0   9   2   0   0   0  37  43   0   2   0   0   0   0   0   0   6  0.38 inf
   36 R    1  2  0 -1 -3  1  1 -1 -1 -2 -2  3 -1 -3 -2  1  0 -3 -2 -2   19   9   3   2   0   6   6   1   1   1   1  33   1   0   0  14   3   0   0   1  0.28 inf
   37 E   -1 -1  1  4 -4  1  5 -3 -1 -4 -4  0 -3 -4 -2 -1 -2 -4 -3 -4    2   0   5  30   0   4  56   0   0   0   0   0   0   0   0   2   0   0   0   0  0.83 inf
   38 G    0  0  1 -1 -1  0 -1  6 -2 -4 -4  0 -3 -4 -3 -1 -2 -4 -4 -4    3   7   6   2   2   5   2  69   0   0   0   5   0   0   0   2   0   0   0   0  0.85 inf
   39 V   -1 -3 -3 -1 -2 -2 -3 -4 -2  4  1 -3  1  0 -3 -2 -1 -3 -2  4    3   0   0   4   0   1   0   0   1  34   9   0   2   2   0   0   1   0   0  42  0.43 inf
   40 C   -1 -5 -5 -5 11 -5 -5 -4 -5 -3 -3 -5  0 -4 -5 -3 -1 -4 -4  0    2   0   0   0  87   0   0   0   0   0   0   0   3   0   0   0   2   0   0   5  2.37 inf
   41 D   -2 -1  2  5 -2 -1  1 -2 -2 -3 -3 -1 -3 -3 -1  1  2 -4 -3 -3    1   2   8  50   1   0   5   1   0   1   2   1   0   1   3  10  15   0   0   1  0.60 inf
   42 R   -1  3  1 -1 -3  2  1 -1 -1 -3 -3  3 -2 -4  2  0 -1 -3 -3 -2    4  17  10   1   0  11   8   3   1   0   0  25   0   0   9   4   3   0   0   3  0.35 inf
   43 S    0 -1  2  3 -1  1  2 -1 -1 -3 -2  0 -2 -2 -2  1  0 -3  0 -2   10   1  13  21   1   5  13   2   1   0   3   2   0   1   0  14   6   0   3   1  0.24 inf
   44 T    0 -1  5 -1 -3  0 -1 -1 -1 -3 -3  0 -2 -4 -3  2  3 -4 -3 -3    5   2  40   1   0   2   1   2   0   0   2   6   1   0   0  15  22   0   0   0  0.56 inf
   45 A    2 -4 -4 -4  1 -3 -3 -3 -4  3  0 -3 -1 -2  0 -2  0 -4 -3  4   24   0   0   0   3   0   0   0   0  15   5   0   0   0   4   0   4   0   0  45  0.49 inf
   46 P   -3 -4 -4 -4 -5 -3 -3 -4 -4 -5 -5 -3 -5 -6  9 -3 -3 -6 -5 -5    0   0   0   0   0   0   0   0   0   0   0   0   0   0  97   0   0   0   0   0  2.78 inf
   47 S   -1 -3  0 -2 -3  0 -2 -2 -3 -4 -4 -2 -3 -4 -3  6  1 -5 -4 -4    0   0   3   0   0   4   0   0   0   0   0   0   0   0   0  88   4   0   0   0  1.22 inf
   48 V   -1 -4  0 -4 -2 -3 -4 -4 -4  2  1 -3 -1 -2 -4 -3 -1 -4 -3  5    3   0   6   0   0   0   0   0   0   9   8   0   0   0   0   0   3   0   0  72  0.75 inf
   49 S    0 -3 -1 -2 -3 -2 -1  0 -3 -4 -4 -2 -3  0 -3  6  0 -4 -3 -3    1   0   0   0   0   0   1   4   0   0   0   0   0   4   0  89   1   0   0   0  1.11 inf
   50 A    1  0 -1  0  0 -2 -2 -2 -3 -4 -4 -2 -3 -4 -3  6  1 -1 -3 -3    8   4   0   4   2   0   0   0   0   0   0   0   0   0   0  77   5   1   0   0  0.88 inf
   51 I   -3 -5 -5 -5 -3 -5 -5 -6 -5  7  0 -4  0 -2 -5 -4 -2 -4 -3  2    0   0   0   0   0   0   0   0   0  94   0   0   0   0   0   0   0   0   0   6  1.39 inf
   52 S   -2 -2  6 -1 -3 -2 -2 -2 -2 -1 -4 -2 -3 -4 -3  4  0 -5 -3 -3    0   0  53   0   0   0   0   0   0   5   0   0   0   0   0  38   4   0   0   0  0.92 inf
   53 R   -3  7 -1 -3 -5  2 -2 -4 -2 -5 -4  1 -3 -5 -4 -2 -3 -4 -3 -4    0  91   3   0   0   7   0   0   0   0   0   0   0   0   0   0   0   0   0   0  1.58 inf
   54 L   -2 -4 -4 -4 -2 -4 -4 -5 -4  5  2 -4  0 -1 -4 -3 -1 -4 -2  3    0   0   0   0   0   0   0   0   0  51  18   0   0   0   0   0   3   0   0  28  0.69 inf
   55 V   -2 -3 -5 -5 -2 -3 -4 -5 -4  2  5 -4  1 -1 -4 -3 -2 -3 -2  2    0   0   0   0   0   0   0   0   0  11  74   0   2   0   0   0   0   0   0  13  0.77 inf

                      K         Lambda
Standard Ungapped    0.1305     0.3139
Standard Gapped      0.0578     0.2670
PSI Ungapped         0.1825     0.3043
PSI Gapped           0.0578     0.2670
