
Last position-specific scoring matrix computed, weighted observed percentages rounded down, information per position, and relative weight of gapless real matches to pseudocounts
           A  R  N  D  C  Q  E  G  H  I  L  K  M  F  P  S  T  W  Y  V   A   R   N   D   C   Q   E   G   H   I   L   K   M   F   P   S   T   W   Y   V
    1 S    2 -2 -1 -2 -2 -1 -1 -1 -2 -2 -3 -1 -2 -3 -2  4  4 -3 -3 -1   14   0   0   0   0   0   0   0   0   0   0   0   0   0   0  41  45   0   0   0  0.57 inf
    2 I   -1 -3 -2 -3 -2 -2 -1 -3 -3  2  2 -2  0 -1  0  1  1 -3 -2  2    3   0   0   0   0   0   4   0   0  16  31   0   0   0   4  16   7   0   0  19  0.24 inf
    3 D   -3 -2  1  6 -5  0  2 -2 -3 -5 -6 -1 -5 -6 -4  1 -3 -6 -5 -5    0   2   6  59   0   2  15   1   0   0   0   2   0   0   0  12   0   0   0   0  1.21 inf
    4 N   -3 -3  5  0 -5  1 -2 -3  7 -1 -1 -3 -3 -1 -5 -2 -2 -5  1 -4    2   0  30   4   0   6   1   1  34   4   8   0   0   3   0   2   2   0   5   0  1.01 inf
    5 C   -2 -5 -5 -6  4 -2 -5 -6 -5  0  4 -5  5  1  2 -3 -3 -4 -2  0    2   0   0   0   8   1   0   0   0   5  41   0  18   6  10   2   1   0   1   5  0.80 inf
    6 A    0  2 -3 -1 -4  2  1 -2 -3 -3  0  3 -3 -4  2  0  1 -4 -2 -2    7   9   0   2   0   8  10   2   0   0  11  24   0   0  10   6   8   0   1   2  0.33 inf
    7 V   -4 -5 -4 -3 -5 -5 -4 -3  0 -1  2 -3  2  4 -6 -3 -4  2  7  0    0   0   1   1   0   0   1   2   2   3  24   1   6  14   0   2   0   2  35   6  0.98 inf
    8 G   -3 -6 -4 -5 -6 -5  0  7 -6 -7 -7 -3 -6 -2  1 -2 -3 -6 -6 -4    1   0   0   0   0   0   7  74   0   0   0   1   0   2   8   2   2   0   0   2  1.66 inf
    9 C   -2  0  2 -3  2 -4 -4 -4 -4  1  2 -4  0  4 -5 -2 -1 -2 -1  2    3   7  12   1   4   0   1   0   0   9  19   0   2  21   0   3   3   0   1  13  0.43 inf
   10 P   -3 -7 -5 -7 -8 -6 -6 -7 -7 -3 -8 -5 -2 -9  9 -3 -2 -9 -8 -7    2   0   1   0   0   0   0   0   0   2   0   0   1   0  90   2   3   0   0   0  2.99 inf
   11 T    1  0 -1 -1 -2  0 -1 -1 -1 -1 -1  1 -2 -2 -1  2  2 -3 -2 -1   12   5   1   2   0   4   4   4   2   3   6  10   0   1   3  21  15   0   1   4  0.18 inf
   12 G    0 -1  0 -1 -2  0 -1  2  0 -1  0  0  0 -1  1  0  0 -1  1  0    6   3   5   2   0   3   3  21   2   2   8   5   3   2   8   6   6   1   6   7  0.10 inf
   13 G    2  0  1 -1 -3  0 -2  4 -2 -2 -1  0 -3 -3 -1  1 -1 -4 -1 -3   21   4   6   2   0   3   1  28   1   2   7   6   0   0   2   8   4   0   2   1  0.33 inf
   14 S    0 -1  0  0 -4  1 -1 -1 -2 -4 -2 -2  0 -2  2  3  2 -5 -4 -2    9   3   4   6   0   8   4   5   1   0   5   1   2   2  11  20  16   0   0   3  0.29 inf
   15 S    0  0  2  2 -1  0  0  0 -1 -1 -2  0 -2 -4 -1  2  1 -1 -3 -1    8   4  10  12   2   3   5   6   1   5   3   6   1   0   2  16  11   1   0   4  0.17 inf
   16 N   -1 -1  3  2 -4  0  2  1  1 -4 -4 -1 -4 -4 -1  1  2 -5 -1 -2    5   3  17  12   0   4  11   9   4   0   1   3   0   0   2  10  14   0   3   3  0.36 inf
   17 V   -2  1  2  1  0  2  0 -1  1 -1  0  0 -1  0 -1 -1 -1 -3  2 -1    1   9  11   9   2   9   5   5   4   4   9   3   1   3   3   4   3   0   9   5  0.11 inf
   18 S   -2 -1 -2 -2 -1  0  1 -5  1  3  2 -2 -1 -1 -2 -1  1 -4  0  1    1   4   2   1   1   3  12   0   3  16  26   2   1   2   2   5   9   0   3   9  0.24 inf
   19 I   -3 -1 -5 -5 -2 -3 -4 -5 -2  4  4 -3  2 -2 -5 -4 -2 -1  1  1    2   4   0   0   1   1   1   0   1  21  45   2   4   1   0   0   3   1   6   7  0.77 inf
   20 V   -3  0  0  0  6  0  0 -4  0  1 -2  0 -2 -1 -2 -1  1 -4  3  1    1   5   4   5  17   5   6   0   2   8   2   6   1   2   2   3  10   0  10  11  0.34 inf
   21 R   -5  5  1 -4 -4  1 -4 -5  5 -6 -4  2 -3  1 -5 -1 -3 -4  4 -5    0  29   6   1   0   5   0   1  15   0   1  14   1   6   0   5   2   0  15   0  0.98 inf
   22 H   -2 -1  1  2 -5  0  1 -2  5 -4 -4  1 -4 -1  0  0  1 -5 -1 -2    2   2   6  12   0   4  10   3  17   0   1  11   0   3   5   7  11   0   2   3  0.40 inf
   23 A    1 -2  2  1 -4  1 -1  3  4 -2 -4 -2 -4 -1 -3  0 -1 -4  2 -2   12   1   9   9   0   8   3  20  11   2   1   1   0   2   1   6   4   0   7   2  0.35 inf
   24 Y   -6 -7 -7 -8 -7 -7 -5 -8 -1 -3 -4 -7 -4  7 -8 -6 -7 -4  8 -5    0   0   0   0   0   0   1   0   1   1   1   0   0  38   0   1   0   0  55   1  2.65 inf
   25 T    3 -3 -3 -4 -2 -3 -2 -3 -5  1 -2 -3  0 -4 -5  3  2 -6 -4  3   21   1   1   1   1   1   2   1   0   7   2   1   2   0   0  23  11   0   0  24  0.60 inf
   26 L   -1 -6 -3 -6 -3 -5 -4 -6 -3  2  3 -5  1 -2 -6  1  2 -6 -1  4    4   0   1   0   0   0   1   0   1  10  29   0   3   1   0   9  11   0   2  29  0.72 inf
   27 N    0 -2 -1 -3  4 -3  1  1 -3 -3  1 -2  0 -4 -5  4 -2 -6 -3 -1    6   2   3   1   8   1  11  11   0   1  16   1   2   0   0  31   2   0   1   5  0.45 inf
   28 N   -4 -7 -2 -8 -8  0 -7 -8  3 -5 -3 -7  3  2 -8 -6 -5  5  9 -4    1   0   2   0   0   4   0   0   6   0   3   0   6   7   0   0   0   6  62   1  2.25 inf
   29 N   -3 -3  5  6 -4 -4 -4 -6  0 -5 -8 -5 -7 -8 -7  4 -5 -9 -7 -6    2   1  21  44   0   1   0   0   2   1   0   0   0   0   0  27   0   0   0   0  1.64 inf
   30 S    0  3 -1  0  2  0  0  1  0 -2 -3  0 -1 -2  0  0  1 -2  2 -2    7  19   2   4   5   4   7  10   2   2   2   6   2   1   5   5   8   0   7   2  0.19 inf
   31 T    0  3  0  2 -2  1  1 -2  0 -1 -3  1 -2 -3 -2  1  1 -5 -2  0    6  18   5  10   1   6   8   2   2   4   2   7   0   1   1  12   8   0   2   6  0.23 inf
   32 T   -2  3  2 -2 -5 -2 -4 -5  1 -1  0  2  0 -1 -5 -1  3 -1  1 -4    4  17  11   2   0   1   0   0   3   3  10  13   2   2   0   4  20   1   5   0  0.46 inf
   33 K   -4  6  0 -5 -7 -2 -1  0  3 -5 -3  5 -1 -7 -6 -2 -4 -3 -3 -5    1  38   5   0   0   1   3   6   6   0   3  30   2   0   0   3   0   0   1   1  1.14 inf
   34 F   -1 -3  2 -3 -1  0 -2 -1  2  3  0 -3  2 -1 -5  1  2 -5 -4  0    6   0  10   1   1   5   2   5   4  16   9   0   6   3   0   9  15   0   0   7  0.27 inf
   35 A    4 -7 -1 -7 -3 -1 -6 -6 -7 -3 -5 -6 -7 -8  7 -1 -3 -9 -8 -5   29   0   3   0   1   3   0   0   0   2   1   0   0   0  54   5   2   0   0   1  1.80 inf
   36 N   -2  2  2 -1 -5 -1 -1 -5  3  0  2  0 -1 -1 -5 -1 -2 -1  1  1    3  13  13   2   0   3   3   0   8   4  20   5   1   2   0   4   1   1   5  11  0.29 inf
   37 W   -3 -2-10-11 -3 -9 -9 -9 -8 -5 -4 -9 -8  2-10 -9 -9 12  4 -3    3   2   0   0   1   0   0   0   0   1   2   0   0   8   0   0   0  70  12   2  3.72 inf
   38 V   -1 -7 -6 -7 -2 -6 -7 -7 -7  0 -4 -6  0 -4 -7  2  2 -8 -2  6    5   0   0   0   1   0   0   0   0   4   1   0   3   1   0  17  12   0   1  55  1.35 inf
   39 A    5 -6 -6 -7  6 -6 -4 -1 -7 -1 -2 -4 -1 -1 -6  1 -3 -7 -4 -1   49   0   0   0  16   0   1   5   0   3   3   1   1   3   0  11   1   0   1   4  1.17 inf
   40 Y   -3 -5 -7 -6 -4 -2  5 -8 -1 -7 -5 -6 -6  1 -7 -5 -5  6  7 -1    2   1   0   0   0   2  32   0   1   0   1   0   0   4   0   0   1  10  40   5  1.78 inf
   41 H   -4  2  2 -3 -3  1  1 -6  7 -3 -4  1 -1 -4  0 -2  1 -1  0 -2    1  10   8   1   1   7  10   0  27   2   1  10   2   1   5   3   8   1   3   3  0.76 inf
   42 I   -4 -6 -7 -7 -5 -3 -6 -7 -6  4  5 -6  4  0 -6 -5 -4 -5  0  2    1   0   0   0   0   1   0   0   0  20  48   0   8   4   0   1   1   0   3  11  1.16 inf
   43 T   -3 -1  1  3 -1 -1  0 -3  1 -3 -4  0 -5 -2 -5  1  5 -3  1 -4    2   3   8  15   1   3   5   1   3   2   2   6   0   2   0  10  31   0   5   1  0.59 inf
   44 K    1  3 -1  0 -2  0 -2  1 -3 -4 -4  3 -3 -4  3 -1 -2  1 -2 -3   14  15   3   5   1   4   2  10   1   1   1  19   1   0  12   5   2   2   2   2  0.41 inf
   45 D    1 -2  2  2 -1  2  3 -1 -3 -3 -4  0 -2 -3 -2  2  0  0 -2 -3   10   2  10  12   1   8  17   5   0   1   1   6   1   1   2  14   4   1   1   2  0.33 inf
   46 T   -1  1  2  1 -1  1  0 -2  2 -3 -3  1  0 -3 -3  2  1  1  1 -3    5   9   9   7   1   5   7   3   5   1   2   7   2   1   1  19   9   2   5   1  0.25 inf
   47 P   -1 -1 -1 -2 -2  0 -1 -1 -1  1  2  0  1 -1  0 -1  0 -1 -1  1    5   3   2   2   0   4   3   4   1   9  26   6   2   2   5   4   7   1   2  12  0.13 inf
   48 A    1  0  0 -1 -3  0  0  1 -1 -1 -1  2 -1 -1 -1  1  0 -4 -2  0   15   3   5   2   0   5   4  13   1   3   5  13   2   3   2  10   7   0   1   6  0.11 inf
   49 S    0  0  2  2 -2  0 -1  2 -1 -2 -2  1 -2 -4  0  2 -1 -5 -2 -3    5   5   8  12   1   4   3  15   1   2   3   8   1   0   5  19   3   0   2   2  0.25 inf
   50 G    0  3  2  0 -4 -1 -1  1  0 -2 -4  2 -4 -4  0  0  1 -5 -4 -1    8  19   9   5   0   2   4  11   2   3   1  13   0   1   6   5   7   0   0   4  0.29 inf
   51 K   -1  4  0  0 -5  0  0 -3  0 -1 -1  3 -3 -2 -1 -1  0 -1 -1 -1    5  24   4   5   0   4   6   1   2   4   6  17   0   1   3   5   5   1   2   6  0.30 inf
   52 T    0  2  0  1 -3 -1 -1 -1  1 -3 -3  2 -4 -2  2  0  2 -5 -2 -3    6  12   3   9   1   2   4   6   4   1   1  12   0   2  12   8  13   0   1   2  0.28 inf
   53 R   -2  5  1  2  2 -1  0 -2  0 -3 -2  1 -2 -3 -2  2 -3 -6 -3 -2    2  27   7  12   4   3   5   3   2   1   4   7   1   1   2  14   1   0   1   3  0.46 inf
   54 N    0  2  2  1 -1  0  0 -1  1 -3 -4  2 -2 -3  0  1  0 -4 -1 -2    8  12  12   8   2   4   5   3   4   1   1  14   1   1   4  11   6   0   2   2  0.26 inf
   55 W   -5 -4 -3 -7 -7 -6 -4 -7 -6 -5 -3 -3 -5  8 -3 -4 -6  8  4 -1    1   1   2   0   0   0   1   0   0   0   2   2   0  54   2   2   0  16  12   4  2.07 inf
   56 K   -1  3 -1 -1 -3  1 -1 -2  3  0 -2  2 -1  2 -3 -1  0 -4  3 -1    6  18   3   3   1   6   3   2   8   5   3  11   2   9   1   3   5   0   9   4  0.29 inf
   57 T    1 -1 -2 -1 -4  0  3 -2  0 -1 -3 -1 -2  1  3  1  1 -1  1 -2   10   4   2   3   0   4  19   2   2   4   2   2   1   5  13  11   7   1   5   3  0.25 inf
   58 D   -6 -6 -1  7 -7 -5  2 -3 -5 -7 -3 -3 -6 -3 -2 -3 -2 -7  0 -7    0   0   2  67   0   0  11   3   0   0   3   2   0   1   3   2   2   0   3   0  1.74 inf
   59 P   -1 -1  0  1 -4  0  0 -2 -1 -2 -2 -1 -2  0  5  1  2 -1 -2 -2    4   3   3   8   0   3   6   3   1   2   4   3   1   4  27   9  12   1   1   3  0.41 inf
   60 A   -1  3  2  2 -4  1  1 -1 -3 -2 -2  0 -1 -1 -2  2  0 -4  0 -1    5  16   8  10   0   5   9   3   0   1   3   3   2   2   2  15   5   0   4   4  0.22 inf
   61 L   -3 -2 -5 -5  1  1 -2 -4 -5  4  3 -5  0 -2 -2 -5 -2  2 -2  3    2   3   0   0   2   7   2   1   0  22  28   0   2   1   2   0   2   3   1  22  0.65 inf
   62 N   -2  1 -1  1 -5 -2 -1 -2  2  0 -3 -1 -1 -5  6  0 -1 -5  0 -2    3   7   3   9   0   1   4   2   5   5   2   4   2   0  37   7   3   0   4   2  0.71 inf
   63 P    0  0  0  1 -2  0  1 -1 -1 -2 -2  0 -2  0  3  0  0 -1 -2 -1    7   5   5   8   1   4  12   5   2   2   3   7   1   5  15   8   5   1   1   3  0.18 inf
   64 A   -1  0  0  0 -3  0  0 -1  2  0 -1  0  1  0  0  0  0  3  1  0    5   5   5   5   0   5   5   5   5   5   5   5   5   5   5   5   5   5   5   5  0.06 inf
   65 D   -1 -3  0  1  1  0  1 -2  2 -2 -2 -1 -1  4  0 -1 -1  1  3 -1    6   1   4  10   3   5   8   2   6   2   4   4   1  17   5   4   4   2  10   4  0.22 inf
   66 T   -1  4 -2 -4 -4  4 -1 -2  0 -2 -2 -1 -2 -3  0  2  1 -5 -2 -2    5  23   1   0   0  22   3   2   2   2   4   3   1   1   4  13   7   0   1   3  0.52 inf
   67 L    2  0 -1 -2 -1  1 -2 -1 -2  0  1 -1 -2 -2 -1  0  1  0 -2  1   23   5   3   1   1   6   1   3   1   5  13   2   0   1   3   8   9   1   1  11  0.16 inf
   68 A   -1 -1  1 -1 -3  1  0  1  0 -1 -1  1 -1 -2 -1  1  2 -3 -1  0    4   3   8   3   0   7   7  10   3   2   5   7   1   1   3  10  13   0   2   9  0.10 inf
   69 P   -1 -2  2  1  4  0 -1 -2  0 -1  0 -1  0 -1  3  0 -1  1 -1 -2    3   2  13   7   9   3   3   3   2   3  13   2   3   3  15   8   3   2   2   2  0.24 inf
   70 A    1  0  0  1 -3  0  1 -1 -1 -2 -2  0 -2 -3 -2  3  0  0 -1 -2   12   5   5   8   0   4   9   5   1   2   3   6   1   1   1  27   5   1   2   2  0.25 inf
   71 D    0 -3  0  6 -2  0  0 -3  0 -3 -2 -3 -2 -1 -2 -1 -1 -5 -2 -2    8   1   4  49   1   4   4   1   2   1   5   1   1   3   2   4   3   0   1   3  0.84 inf
   72 Y   -3 -6 -4 -6 -6 -6 -6 -6 -1 -3 -3 -4 -2  3 -6 -6 -6  2  9 -5    3   0   1   0   0   0   0   0   1   2   3   1   1   9   0   0   0   2  73   0  2.50 inf
   73 T   -1  3 -1 -1 -3  1 -1 -1 -1 -2 -2  3 -2  0 -1  1  1  1  0  0    3  16   1   3   0   6   3   3   1   2   3  19   1   5   2  12   9   2   3   6  0.22 inf
   74 G   -1  2  4  0 -2 -1 -1  3  0 -3 -2  1 -3 -2 -3  0 -1 -1  0 -3    4  10  19   5   1   3   3  24   2   1   4   8   0   2   1   6   3   1   4   2  0.35 inf
   75 A    1  0 -1  1 -1 -1 -1 -2 -1 -2 -2 -1 -3 -3 -1  4  0 -3  1 -2   12   4   2   8   1   2   3   3   1   2   4   3   0   1   3  38   5   0   5   2  0.37 inf
   76 N   -1 -1  2  0  0 -1 -1  4  1 -3 -3  0 -3 -2 -1  1 -1 -1  2 -3    3   2  12   6   3   1   3  30   4   1   2   6   0   1   2   9   4   1   7   1  0.35 inf
   77 A    0  0  1  1 -2  2  0  0  2 -1 -1  0 -1 -1 -1  0  1  4  0 -1    8   6   6   8   1  10   4   6   6   2   5   4   1   3   3   5   8   6   2   4  0.10 inf
   78 A    0  0  0  1 -2  0  0  0  0  0 -1  1  0  0  1  1  0  0 -1  0    6   3   4   7   1   4   6   6   2   6   6  12   3   4   7  11   5   1   2   6  0.05 inf
   79 L    0 -1  0 -1 -1 -1 -1  0 -1  0  1  0  0  0 -1  0  1 -1  0  0    9   4   6   3   1   2   3   8   1   5  20   4   2   3   3   9   9   0   4   6  0.02 inf
   80 K   -1  0  1  1 -2  0  0  1  0 -1 -1  0  1  0  0  0  0  0  2 -1    5   5   6  11   1   3   4  13   2   4   7   4   5   3   4   5   3   1  10   4  0.05 inf
   81 V   -2 -3 -3 -3 -1 -3 -1 -1 -1  0  1 -3  0  4 -3 -1 -2  1  6 -1    3   1   1   1   1   1   5   4   0   5  12   1   2  16   1   6   2   1  33   5  0.55 inf
   82 D   -1 -2  1  6  0 -1  0 -3  1 -3 -4 -2 -3 -4 -3  0  1 -4 -3 -3    4   2   4  52   2   2   3   1   4   1   2   1   0   1   1   7  10   0   1   1  0.84 inf
   83 R   -1  6 -2  0  0  0 -2 -3  2 -2 -2  1 -2 -2 -3 -2 -1 -3 -2 -3    6  52   1   6   2   2   1   1   6   3   4   8   0   2   1   1   3   0   0   1  0.70 inf
   84 G   -2 -4 -3 -3 -4 -4 -4  6 -4 -4 -2 -4 -4 -4 -4 -1 -3  4 -4 -1    1   1   0   1   0   0   1  73   0   1   4   1   0   0   1   5   1   5   0   6  1.36 inf
   85 H   -2 -1 -3 -4 -5 -3 -3 -1 10 -5 -4 -3 -4  2 -4 -3 -4 -4  1 -5    4   4   0   1   0   0   1   6  69   0   1   1   0   7   0   1   1   0   4   1  2.03 inf
   86 Q   -3 -1 -1 -4 -3  1 -4 -4 -4  1  4 -3  6  0 -4 -3 -1 -3  0  0    1   3   3   0   0   7   0   1   0   5  45   0  21   3   0   1   4   0   3   4  0.72 inf
   87 A    3 -3 -1 -3  3 -2 -3 -1  0 -1 -1 -1  0  0 -3  1  1 -3  0  1   28   0   3   0   8   0   0   3   2   3   5   3   3   4   0  12   8   0   3  13  0.24 inf
   88 P    0  1  0 -1  2  0 -3 -1  1 -5 -5 -1  1 -5  6  0  0 -5 -4 -4    7   9   5   4   4   4   0   4   4   0   1   4   4   0  37   7   7   0   0   0  0.76 inf
   89 L    0  0  0  0  2  1  0 -3  2  0 -1  0  1  0  0  0  0 -2  1  0    6   6   5   6   5   5   6   0   5   6   6   6   5   5   6   6   6   0   5   6  0.05 inf
   90 A    4 -2  1 -2  0  0 -1  3 -1 -5 -3 -2 -2 -2 -4 -1 -3  2 -1 -3   33   2   8   2   2   5   5  23   2   0   3   2   1   1   0   5   1   3   2   1  0.54 inf
   91 S   -2 -2  3  6 -6 -2 -2 -1  3 -3 -2 -3 -5 -5 -5 -1 -2 -1  1 -3    3   2  13  41   0   2   2   5   7   2   5   1   0   0   0   5   3   1   5   2  0.86 inf
   92 L    0  4  1 -2 -1  0 -2 -3  3 -2 -1  0  4  2  0 -1 -2 -5 -1 -2    7  23   6   2   1   3   2   2   8   1   5   5  11   8   4   4   2   0   2   3  0.40 inf
   93 A    0  0  0  1  2 -1 -1 -1  0 -1 -1  1 -1 -1  1  0  1  1  1  0    8   5   4   7   6   2   3   3   3   2   5  11   2   3   7   9   8   2   5   6  0.08 inf
   94 G   -1 -1  2  2  0 -1 -2  0  1 -2 -3 -2 -3  2 -2  1  1  6  1 -2    5   3  11  11   3   2   2   8   3   2   2   2   0   8   2  10   8  11   5   2  0.29 inf
   95 V    0  1  0  1 -3  2  1 -1  1 -2 -2  0 -1 -2  0  2  1 -4 -1 -1    7   6   4   7   0  10   7   5   3   3   3   5   2   2   5  17   9   0   2   4  0.14 inf
   96 S    0  0  0  0 -2  1  0  0  1  0 -1  0  1  0  1  0  0 -2  1  0    6   6   5   6   0   5   6   6   5   6   6   6   5   5   6   6   6   0   5   6  0.03 inf
   97 D    3 -2 -2  2 -2  0  2 -1  0 -3 -3  1  0 -2 -3  1  0 -1  0 -1   23   2   1  13   1   4  16   3   2   1   1   7   2   1   1   8   4   1   4   3  0.29 inf
   98 W    2 -1  2 -1 -1  3 -2 -3 -1 -2 -2 -1  4 -1 -2  0 -2  4  1 -1   17   2  10   3   1  14   2   2   1   2   3   4  13   2   2   8   2   5   4   4  0.32 inf
   99 E    0  0  2  2 -1  1  0 -2  0 -1  0  0  3 -1 -1  0 -2  1  0 -2    8   5   9  12   1   7   6   2   3   3  10   5  10   3   2   6   1   2   4   2  0.12 inf
  100 S    1 -1 -1  4  0  2  3 -2  0 -5 -3 -1 -1 -5 -4  1  0 -5 -4 -3   11   4   3  20   2   9  21   3   2   0   2   3   1   0   0  11   7   0   0   1  0.47 inf
  101 L    0 -2 -2 -3  2  0 -2 -3 -1 -2 -1 -4  0 -2 -4  2  5 -5 -5 -1    8   3   1   1   4   4   3   2   1   2   5   0   2   2   0  15  42   0   0   5  0.69 inf
  102 N   -2 -5  2 -5 -1 -5 -2 -3  2 -4 -1 -5 -1  7 -6 -3  2 -4  2 -2    3   0   9   0   1   0   3   2   5   0   4   0   2  47   0   2  12   0   6   3  1.15 inf
  103 Y   -2 -3 -2 -5 -4 -2 -3 -5  3 -1  2 -2  1  3 -5  0  0 -3  5 -1    2   1   2   0   0   1   1   0   6   3  18   3   3  13   0   8   7   0  24   4  0.59 inf
  104 L   -2 -4 -3 -5 -4 -3 -4 -5 -4 -1  4 -4  6  2 -3 -3 -1  1  3 -1    2   0   1   0   0   1   1   1   0   3  40   0  20   8   1   2   4   2   9   3  0.82 inf
  105 S    1 -3 -3 -4 -2 -3 -3 -3 -2  0 -4 -3 -4 -5 -1  4  5 -5 -4 -2   11   1   0   0   1   0   1   1   1   5   1   1   0   0   3  37  32   0   0   3  0.87 inf
  106 N   -5 -1  9 -3 -6 -4 -4 -4 -4 -6 -6 -4 -5 -6 -5 -4 -4 -6 -5 -6    1   3  89   0   0   0   1   1   0   0   1   1   0   0   0   1   1   0   0   1  2.67 inf
  107 I    0 -5 -5 -5  2 -3 -5 -5 -5  6 -1 -5  6 -2 -5 -3 -1 -5 -4  2    7   0   0   0   4   1   0   0   0  43   2   0  19   1   0   1   4   0   0  14  1.08 inf
  108 T    2 -4 -3 -4  5 -2 -3 -3 -4  1 -1 -2  0 -3 -4  1  1 -4 -3  3   17   0   1   0  11   2   0   1   0   8   3   2   2   1   0  12  10   0   1  27  0.47 inf
  109 P   -2 -5 -5 -5 -5 -4 -4 -5 -5 -5 -2 -4 -5 -2  8 -4 -4 -5 -5 -5    4   1   1   1   0   0   1   1   0   1   4   1   0   2  82   1   1   0   0   1  2.48 inf
  110 Q   -4 -3 -4 -4 -5  8 -1 -5 -2 -1 -3 -3  2 -2 -5 -4 -4 -5 -4 -2    1   1   0   1   0  75   3   1   1   3   2   1   6   2   1   1   1   0   0   3  2.00 inf
  111 K    0  0  2  2 -3 -1 -1 -3  3  0 -1  0  0  0 -3  0 -1  1  2  1    7   4  10  11   0   3   2   1  10   5   4   7   3   4   0   6   2   2   9  11  0.16 inf
  112 S    1  1 -1 -3 -5  2 -1  0  3 -2 -3  0  1 -2  5  0 -3  0 -2 -3   11   8   2   1   0   9   3   7   8   2   2   4   4   2  24   6   1   1   2   1  0.45 inf
  113 D    1  0  1  1 -1  1  0  2  0 -3 -2  1 -2 -3 -2  1  0 -1 -2 -2   10   5   7   8   2   6   7  15   2   1   3   9   1   1   1  10   7   1   2   3  0.15 inf
  114 L   -6 -6  3 -6  0 -2 -6 -6  0  0  2 -6  2  7 -7 -2 -2 -5 -1 -2    0   0  12   0   2   2   0   0   3   5  21   0   5  40   0   3   2   0   2   2  1.13 inf
  115 N   -6 -6  9 -4 -7 -1 -5 -6 -5 -2 -7  0 -7  1 -7 -2 -5 -8 -6 -7    0   0  78   0   0   3   0   0   0   3   0   5   0   5   0   3   0   0   0   0  2.45 inf
  116 Q    1  5  1 -3 -1  4 -1  0 -4 -3 -3 -1 -2 -6 -5  0  0 -6 -6 -4   10  29   7   1   1  20   2   8   0   1   3   3   1   0   0   6   5   0   0   1  0.66 inf
  117 G   -3  0  0  1 -1 -2 -2  5  1 -3 -4  0 -5 -3 -3  0 -1 -6 -2 -1    1   5   3   9   1   2   3  43   4   2   1   7   0   1   1   6   4   0   2   4  0.64 inf
  118 A    1 -2 -1  0 -3 -2 -1 -2  0  3  0 -2 -1  0  1 -1  0 -3  1  2   11   1   3   7   0   1   3   3   2  19   8   2   1   3   6   3   5   0   7  15  0.15 inf
  119 W   -7 -8 -8 -8 -7 -7 -8 -7 -7 -7 -2 -8 -7 -5 -8 -8 -7 13 -4 -7    0   0   0   0   0   0   0   0   0   0   5   0   0   0   0   0   0  92   0   0  4.84 inf
  120 A    2  2  3 -1 -2  0  0 -1  0 -3  0  1 -2 -2 -4  0  0 -4  0 -2   17  11  17   3   1   4   5   5   2   1  10   7   1   1   0   5   6   0   3   3  0.20 inf
  121 R   -2  4  3  0 -5  0  0  0  2 -3 -4  2 -4 -4 -2 -1 -1 -1  2 -3    3  23  14   5   0   2   6   7   5   1   1  12   0   0   1   4   4   1   7   2  0.43 inf
  122 L   -2 -6 -4 -7 -5 -6 -6 -5 -1  2  5 -4  3  2 -6 -6 -3  0 -1  0    4   0   1   0   0   0   0   1   2  11  55   1   6   9   0   0   2   1   2   6  1.01 inf
  123 E   -6 -5 -5 -2 -8  0  8 -7  0 -7 -3  0 -6 -7 -6 -5 -6 -7 -6 -7    0   0   0   1   0   3  83   0   3   0   3   5   0   0   0   0   0   0   0   0  2.22 inf
  124 D   -2  0  3  2 -2  2  1 -1  1 -2 -3  1  2 -2 -3  0  0 -4  1 -3    3   5  13  14   1   9  10   3   3   3   2   9   6   1   0   7   5   0   5   1  0.25 inf
  125 Q    0  0 -2 -1 -3  1 -2 -3  3 -1  0  1 -2  1 -3 -1 -1  2  5  0    9   5   2   3   1   6   2   2   7   3   8   8   1   6   1   4   3   3  23   6  0.35 inf
  126 E   -1 -5 -4 -5  5 -4  0 -4 -5  2 -1 -4  0  1 -5 -1  2 -5 -4  4    4   0   1   0  13   0   6   1   0  12   5   0   2   5   0   4  13   0   0  34  0.70 inf
  127 R   -5  7  0 -5 -7 -1 -2 -6  0 -2 -1  0 -3 -3 -2 -2 -2 -6 -4 -5    1  64   4   0   0   3   3   0   2   2   7   4   1   1   2   2   2   0   1   1  1.49 inf
  128 K   -1  1  1  3 -1  1  2  0  1 -2 -3  2 -1 -3 -3  0  0 -4  0 -1    5   9   6  15   1   5  13   7   4   2   3  11   1   1   0   8   4   0   3   4  0.21 inf
  129 L   -3 -3 -1 -3 -1 -2 -3 -5 -1  1  4 -3  3 -1 -4 -3 -2  7  2  0    2   2   3   2   1   2   2   1   2   8  37   2   7   2   1   2   2  13   7   5  0.70 inf
  130 I    4 -1 -2 -3 -2 -3 -3 -2 -4 -1  0 -3 -2 -1 -4  0  3 -2 -4  2   37   3   2   1   1   1   1   2   0   3   8   1   1   3   0   5  16   1   0  14  0.53 inf
  131 D   -1  1  2  1 -1  1  1 -2  0  0 -1  2 -1 -2 -2  0  0 -1 -1 -1    4   8  10   6   1   7   9   2   2   5   6  15   2   1   1   7   7   1   3   3  0.13 inf
  132 R   -1  4  0  0 -4  2 -1 -3  0 -2 -2  3 -2 -3 -2  0  0  1 -1 -2    6  20   4   5   0   8   4   2   2   2   4  21   1   1   2   6   5   2   2   3  0.34 inf
  133 A    1  1  1  1  0  0  0  1  1 -1 -1  0 -1 -1 -1  0  0  0  1 -1   12   8   7   7   2   2   6   9   5   2   6   6   1   3   2   6   4   1   7   4  0.06 inf
  134 D   -1 -1  2  2  1  1  1  0  0 -2 -2  0 -2 -1 -1  1  0 -2 -2 -2    4   3   9  12   4   7  12   8   2   3   4   7   1   3   3   9   7   0   1   3  0.14 inf
  135 I   -1  1 -1 -2  2 -1 -2  0  0  0 -1 -1 -1  3 -2 -1 -1 -1  4  0    5  10   3   2   5   2   2   8   2   5   6   3   1  12   2   5   3   1  17   7  0.21 inf
  136 S   -1  0  2  2 -1  0  0  3 -2 -2 -3  1 -2 -4  0  0 -1 -4 -3 -3    4   6   8  12   1   4   4  26   1   2   2  10   1   1   4   7   3   0   1   2  0.32 inf
  137 S    0  0  1  3 -2 -1  2  0 -3 -2 -4  1 -3 -4 -2  1  2 -5 -4 -2    6   4   6  16   1   2  14   7   0   2   1   7   1   0   1  12  16   0   0   2  0.34 inf
  138 V    0 -4 -6 -6  0 -5 -6 -6 -6  3  3 -5  0 -3 -6 -4  0 -6 -4  5    9   1   0   0   2   0   0   0   0  14  23   1   2   1   0   1   5   0   0  41  0.96 inf
  139 Y   -4 -1  1 -5  0 -1 -2 -6  2 -2 -3 -4 -4  2 -6 -1 -1  4  8 -3    1   4   6   0   2   2   3   0   4   2   3   1   0   7   0   5   3   5  49   1  1.36 inf
  140 T   -3 -6 -4 -6  1 -4 -6 -5 -7  4 -3 -6 -4 -5 -6 -4 -1 -6 -5  7    2   0   1   0   2   1   0   1   0  21   1   0   0   0   0   1   4   0   0  63  1.59 inf
  141 V   -3 -6 -6 -6  4 -5 -5 -2 -5  3  0 -6 -1  3 -6 -5 -3 -5  3  5    2   0   0   0   8   0   1   3   0  16   9   0   1  11   0   0   1   0   9  39  0.95 inf
  142 T    0 -3  0 -4  0 -3 -5 -3 -5 -4 -6  0 -4 -6 -4  3  6 -7 -6 -2    6   1   4   1   2   1   0   2   0   1   0   5   0   0   1  18  54   0   0   3  1.22 inf
  143 G   -3 -3 -5 -6 -2 -6 -7  7 -3 -6 -4 -6 -7 -7 -7 -5 -6 -7 -7 -5    2   1   0   0   1   0   0  90   1   1   2   0   0   0   0   0   0   0   0   1  2.45 inf
  144 P   -1 -6 -4 -5 -2 -5 -4  1 -6 -4 -5 -5 -4 -7  7 -2 -1 -7 -6  1    6   0   1   1   1   0   1  12   0   1   1   0   1   0  59   4   4   0   0   8  1.64 inf
  145 L   -1 -5 -4 -4 -3 -5 -5 -5 -2  4  3 -4  2 -2 -3 -4  0 -2  0  4    4   0   1   1   0   0   0   1   1  23  26   1   4   1   2   1   7   1   4  24  0.70 inf
  146 Y   -5 -6 -4 -5 -3 -5 -5 -2 -2  1  0 -6 -2  6  0 -5 -2  3  6 -2    0   0   1   1   1   0   1   4   1   8  10   0   1  33   6   1   2   3  25   2  1.14 inf
  147 E   -1  0  0  2 -3  1  1  0  0 -1  0  0  1 -1 -1  0  0 -3  0 -1    4   5   4  16   0   6   9   6   3   3   9   5   4   2   3   7   7   0   3   4  0.10 inf
  148 R   -1  0  1  1 -4  0  0  1 -2 -2 -2  1 -1 -1  3  0 -1  1  0 -2    4   5   6   9   0   4   6  12   0   2   4   8   2   2  17   6   4   2   3   2  0.21 inf
  149 D   -1  1  2  2  0  1  0  1  1 -3 -2  1 -1 -1 -1  0 -1 -4 -1 -2    5   8  10  14   2   7   5  11   3   0   3   8   2   3   3   6   4   0   3   2  0.17 inf
  150 M   -1  1  1  2  0  0  1 -2  0 -1  0  0  0 -1  1  0  0  1  1 -1    2   7   7  11   2   4   8   3   2   4   8   7   3   3   7   5   6   2   6   3  0.08 inf
  151 G    0  0  0  1 -2  1  1  2  1 -1 -1  0  0 -2  2 -1 -1  0 -1 -1    6   6   3   7   1   5   9  15   4   3   5   7   2   1   9   3   3   1   2   5  0.10 inf
  152 K   -2  2 -1  0 -5  1  1 -3  0 -1 -3  3  0 -4  1  1  1 -1 -1 -2    2  11   3   5   0   7   8   2   2   5   2  20   2   0   6   9  10   1   3   2  0.28 inf
  153 L   -2  0 -2 -1 -4  0 -1 -4 -3  2  1 -1  1  1 -2 -1  2  1  3  1    3   5   1   3   0   5   3   1   0  11  15   3   3   6   1   3  13   2  10  12  0.21 inf
  154 P   -2 -1  0  0 -4 -2 -2  2 -2  4 -1  0 -2 -1  2 -2  0 -2  1  0    3   3   4   5   0   1   2  16   1  26   5   6   1   2   9   2   5   1   4   5  0.26 inf
  155 G   -1 -1  1 -2 -4 -2 -1  4 -1 -1 -1  0 -1 -2 -2  0  0 -4 -2  0    5   3   6   2   0   1   4  33   2   4   7   7   1   1   2   7   5   0   2   8  0.31 inf
  156 T    0  0  1  1 -3 -1  0  1 -1 -1 -2  2 -1 -2  0  1  0  0 -1 -1    9   5   8  10   0   2   6  10   2   5   4  13   1   1   4   9   5   2   2   4  0.10 inf
  157 Q   -1  1  4  1 -4  0 -1  1  1 -2 -3  1 -2 -2  1  0 -1  1  1 -3    4   6  19   7   0   3   2  11   4   2   2  10   1   1   6   5   4   2   6   2  0.27 inf
  158 K   -1  2  3 -1 -5  1  1  0  2 -3 -4  3 -2 -4  0  0  0 -2 -4 -3    4  12  16   4   0   5   8   7   5   2   1  18   1   1   5   5   4   1   0   2  0.37 inf
  159 A   -2  1  1  0 -4 -1 -1  2 -2  0 -1  0  0 -3  0  0 -1 -4 -2  3    2   7   7   4   0   2   3  17   1   3   5   6   3   1   4   7   3   0   1  25  0.22 inf
  160 H   -2 -3 -1 -4  0 -3 -2 -4  1  4  0 -3  0 -1 -4 -4 -3 -1 -1  5    2   2   3   1   2   1   3   2   3  21   7   2   2   3   1   1   1   1   2  41  0.76 inf
  161 T    2  0  0 -1  0  1 -1 -2 -1 -1 -1  0  0 -1  1  0  2  2 -1 -1   22   4   4   2   2   8   2   2   2   4   4   5   2   2   7   3  17   3   2   3  0.15 inf
  162 I   -1 -1 -4 -4  1 -3 -4 -4 -4  3  0 -1  1  0 -1 -3 -1 -4  0  5    4   3   0   0   3   0   1   1   0  13   4   5   3   3   3   1   3   0   3  49  0.60 inf
  163 P   -3 -4 -4 -4 -5 -4 -4 -4 -4 -5 -5 -4 -4 -5  8  1 -3 -5 -5 -4    1   1   1   1   0   1   1   1   0   1   1   1   0   0  77  12   1   0   0   1  2.24 inf
  164 S    0  0  0  1 -3  0  0 -2  0 -2 -2  2 -1 -4 -3  2  3 -4 -2 -2    8   4   4   8   0   4   6   2   2   1   4  14   1   0   0  20  19   0   1   2  0.28 inf
  165 A    1  0 -1 -2 -1  0 -1 -2  6 -2 -2 -1 -1  2 -4  0 -2  2  4 -2   13   6   2   2   1   3   3   2  20   2   4   2   2  10   0   8   1   3  13   2  0.40 inf
  166 Y   -4 -4 -3 -5 -1 -2 -5 -5 -1  0  0 -4  0  7 -5 -3  1  1  5 -1    0   0   1   0   1   2   0   0   1   5  10   0   3  42   0   2   8   1  18   3  1.03 inf
  167 W   -3 -5 -6 -6 -5 -5 -6 -6 -4 -2 -4 -6 -4  5 -6 -5 -2 10  5 -2    3   0   0   0   0   0   0   0   0   3   1   0   0  24   0   0   2  43  19   3  2.30 inf
  168 K   -3  1 -1 -4 -2 -1 -3 -4 -4 -3 -4  7  2 -5 -4 -1 -2 -5 -1 -5    2   7   2   0   1   2   0   1   0   1   2  68   5   0   0   4   2   0   2   0  1.35 inf
  169 V    2 -4 -5 -5 -3 -4 -4 -4 -5  4  0 -3  1 -3 -4 -2 -1 -5 -4  4   22   0   0   0   0   0   0   0   0  24   6   1   3   0   0   3   3   0   0  37  0.75 inf
  170 I   -1 -4 -5 -5 -3 -2 -5 -5 -4  4  2 -4  0  0 -5 -4  0 -1  1  4    6   0   0   0   0   1   0   0   0  26  21   0   2   3   0   0   5   1   4  31  0.67 inf
  171 F    0 -4 -3 -5  4 -3 -3 -4 -2  1  3 -3  0  1 -3 -3 -1 -1  4  2    9   0   2   0  10   1   1   1   1   6  31   1   1   5   1   0   2   1  13  12  0.50 inf
  172 I    1  0 -2  0  4 -2 -1 -2 -1  1 -1 -1  0  0  0  0  0  2  0  1   10   5   1   6  10   1   3   3   1   7   5   4   3   3   5   5   7   3   4  15  0.09 inf
  173 N   -1  0  0  0  0  0  2 -1  2 -1  0  1  0 -1  1  0  0  0  0  0    3   4   5   6   2   4  14   3   5   3  12   9   3   2   6   4   4   1   3   6  0.06 inf
  174 N   -1  0  3  2  0  0  0 -1  0 -2 -1  1 -3 -3  1  0  1 -4 -1 -2    4   5  15  14   2   5   4   5   2   1   6   8   0   1   7   6   9   0   2   2  0.20 inf
  175 S    0 -1  1  2  0  0  1  2 -1 -3 -4  1 -2 -2  1  2  0 -4 -2 -3    5   3   6  13   2   4   8  15   1   1   1   8   1   1   6  16   6   0   1   1  0.26 inf
  176 P   -1 -2  3  2 -3 -1 -1  1 -4 -4 -4  1 -3 -4  4  0  0 -5 -5 -4    4   2  14  14   1   3   3  11   0   1   2   9   1   1  23   7   5   0   0   1  0.54 inf
  177 A   -1  1  1  1 -2 -1  0  4 -1 -4 -4  0 -3 -1 -3  1  0  1 -3 -2    5   7   5   7   1   2   6  36   1   1   1   5   0   3   1   9   5   2   1   3  0.44 inf
  178 V    0  1  1 -1  0  0  0 -2  0 -1 -2  2 -2  0  0  1  1 -2  0  0    7   7   7   2   2   4   6   2   2   3   3  15   1   5   4  11  10   1   4   6  0.10 inf
  179 N   -2  0  0 -1 -4  0 -1 -1  0 -1  1  1 -1 -1  2 -1  1  0  2 -1    2   6   6   2   0   4   3   5   2   3  17   8   1   1  12   3  10   1   9   5  0.14 inf
  180 H    1  1 -2  0 -2  1  1 -2  1 -1 -2  2 -3 -1  0  1  0 -1  0 -1   13   9   1   4   1   6  11   2   4   4   2  11   0   3   4  11   6   1   4   4  0.15 inf
  181 Y    3 -2 -3 -3  2 -3 -3 -1  0  1  0 -2  3 -2 -4 -1  0  1  2  2   26   2   1   1   4   1   1   4   2   9   7   2   7   1   0   3   5   2   8  13  0.30 inf
  182 A    2 -1 -4 -4 -4 -1  1  1 -2  3  0 -1 -1  0 -4 -1  0  1 -1  1   16   3   0   0   0   2   9  10   1  21   9   3   1   4   0   4   5   2   2   8  0.21 inf
  183 A    5 -6 -4 -6  1 -3 -4  4 -3 -3 -4 -5 -5 -2 -5  1 -3 -1 -3 -1   46   0   1   0   3   1   1  25   1   2   1   0   0   2   0   9   1   1   1   5  0.99 inf
  184 F   -2 -3 -4 -3 -6 -6 -5 -3 -3 -2 -2 -6 -3  7 -7 -4 -6  4  6 -1    4   2   1   2   0   0   1   2   0   3   4   0   1  45   0   1   0   5  25   5  1.60 inf
  185 L   -2 -3 -1 -4 -3 -1 -3 -3 -2  4  2 -1  2  0 -5 -4 -3  5 -1  3    2   1   4   1   0   3   1   2   1  21  18   4   5   3   0   0   1   7   2  23  0.56 inf
  186 F   -1 -3 -2 -4 -1 -3 -4 -2 -2  3  2 -5  4  1  0 -3 -2  1  0  3    4   1   3   1   1   1   1   3   1  14  21   0  12   6   5   1   2   2   4  17  0.44 inf
  187 D   -3 -2  3  1 -6 -2  1 -3 -2 -4 -5 -2 -2 -3  6 -1 -2 -1 -4 -4    2   2  13   9   0   1   7   2   1   1   1   2   1   1  45   6   2   1   1   1  1.09 inf
  188 Q   -4 -1  6 -1 -3  4 -1 -5  6 -4 -5 -1 -5 -6  0 -3 -1 -3 -5 -4    1   2  38   3   1  18   3   0  16   1   1   3   0   0   5   2   4   1   0   1  1.19 inf
  189 N    0  1  5  2 -5  1  2 -3  1 -2 -4  1 -3 -5 -3  0 -1 -6 -3 -3    8   8  25  11   0   7  11   1   4   3   1   6   0   0   1   7   4   0   1   1  0.52 inf
  190 T    1  0  2  1 -3  0  1  0 -2  0 -2  1 -3 -4  0  1  1 -4 -2 -1   11   4  13   8   0   3  10   7   1   6   3   7   0   0   5   9   8   0   1   5  0.16 inf
  191 P    0 -1  0  1 -2 -1 -1 -1 -2  1 -2  0 -1 -2  3  0  0 -4 -1  1    8   3   4   7   0   3   4   4   1  11   2   6   1   1  17   9   5   0   2  11  0.19 inf
  192 K    0  1  2  2 -2  0  1  0 -1 -1 -1  1 -2 -2 -1  1  0 -4 -2 -2   10   7  11  10   1   3   7   7   1   4   5  10   1   1   3  12   4   0   1   3  0.14 inf
  193 G   -1 -1  3  3 -4  0  0  1  1 -2 -2  0 -1 -2 -1  1  0 -5 -1 -1    4   3  14  15   0   5   6  10   3   1   3   5   2   1   3  12   5   0   3   5  0.21 inf
  194 A    0 -1  1  1 -1  0  2  0  0 -2 -2  1 -2 -3 -2  1  2 -3 -1  0    8   3   5   8   1   4  12   8   2   2   3   8   1   1   2  10  13   0   2   6  0.14 inf
  195 D   -1 -1  2  3 -6  0  2 -3 -4 -4 -5  2 -5 -6  4  1 -1 -6 -5 -4    5   3   9  13   0   4  14   2   0   1   1  11   0   0  23   9   4   0   0   1  0.61 inf
  196 F   -3 -4 -3 -5 -3 -2 -5 -4 -3  1  4 -1  0  2 -1 -3 -2  6  2 -1    2   1   1   0   0   2   0   1   1   7  44   4   1   9   4   2   2  10   5   3  0.76 inf
  197 C    0  2 -1  1  3  1  1 -1 -1 -1 -2  2  0 -3 -1  0  1 -2 -2 -2    8  14   3   6   6   6   8   4   1   3   3  12   2   1   3   7   9   1   1   2  0.17 inf
  198 Q   -1  1  2  2 -4  1  1 -2 -1 -2 -3  1 -2 -4 -1  2  1 -2 -2 -2    4   6   9  14   0   6   8   2   1   3   2   9   1   0   4  15  10   1   1   3  0.24 inf
  199 F   -3 -3 -5 -3 -2 -3 -2 -4  3 -3 -3 -3 -1  5 -3 -3 -3  1  8 -4    2   1   1   1   1   1   3   2   5   2   3   2   2  24   2   2   2   2  42   1  1.41 inf
  200 R    0  2 -3 -3 -2  4  0 -3 -1  1  1  0  1 -4 -2 -2 -1 -4 -2  2    8  10   0   1   1  20   5   2   1   7  11   5   3   0   2   3   4   0   1  16  0.30 inf
  201 V   -1 -2  0 -4  1 -4 -4 -5 -5  2 -2 -4  0 -4 -5 -2  2 -6 -5  6    5   2   4   1   3   1   1   0   0  12   3   1   2   0   0   3  12   0   0  48  0.94 inf
  202 T   -2 -1  0  0 -3 -3 -4 -5 -5 -6 -6 -1 -6 -4  4  5  3 -7 -6 -6    3   3   4   5   0   1   1   0   0   0   0   3   0   1  19  39  19   0   0   0  1.05 inf
  203 V   -3 -6 -6 -7  1 -6 -6 -7 -3  5  1 -6 -3 -4 -2 -6 -3 -3 -1  5    1   0   0   0   3   0   0   0   1  30  14   0   0   1   2   0   2   0   2  42  1.26 inf
  204 D    1  2  0  5  0  1  2 -2  1 -5 -4  0 -5 -6 -4 -1 -1 -6 -3 -4   13  11   3  29   2   5  15   3   3   0   1   5   0   0   1   4   4   0   1   1  0.58 inf
  205 E    0 -1 -1  3 -4  1  4 -5  0 -5 -3  1 -4 -3 -4  0  0 -6 -1 -2    9   3   2  18   0   7  30   0   2   0   2   7   0   1   0   7   6   0   2   2  0.58 inf
  206 I   -4 -5 -7 -7 -3 -6 -7 -7 -7  5  4 -6 -2 -1 -7 -5 -4 -6 -5  3    1   1   0   0   0   0   0   0   0  35  38   0   1   2   0   1   1   0   0  19  1.34 inf
  207 E   -2 -3 -5 -3 -8 -1  7 -5 -3 -3 -6 -3 -4 -7 -5 -3 -3 -7 -3 -1    3   2   0   1   0   2  78   1   0   2   1   1   1   0   0   1   1   0   1   5  1.95 inf
  208 K    0  4 -1 -1 -6  2  2 -4  2 -4 -3  3 -4 -6 -5  0 -1 -6 -2 -4    8  22   2   4   0  10  13   1   5   1   2  19   0   0   0   7   4   0   1   1  0.58 inf
  209 R    1  2 -2 -2 -3  0 -1 -4 -2  1  2  1  1  0 -4 -1 -2 -1 -1  0   14  13   1   2   0   4   4   0   1   7  25   9   3   4   0   4   1   1   1   5  0.23 inf
  210 T    1 -6 -5 -6 -1 -5 -6 -6 -6 -3 -2 -5 -3 -5 -6  2  7 -7 -3 -2    9   0   0   0   2   0   0   0   0   1   5   0   1   0   0  14  64   0   1   3  1.58 inf
  211 G   -4 -4 -1 -4 -7 -5 -7  7 -2 -8 -8 -1 -7 -8 -7 -4 -5 -1 -3 -8    1   1   3   1   0   1   0  85   1   0   0   4   0   0   0   1   0   1   1   0  2.22 inf
  212 L   -4 -6 -5 -7 -5 -3 -5 -4 -4  4  4 -6  2  2 -5 -6 -4 -3  2  0    1   0   1   0   0   1   0   1   0  26  44   0   4   8   0   0   1   0   7   6  1.04 inf
  213 I   -4  1  2  5 -6  0  1 -4 -1 -3 -2  1 -5 -4 -4  0  1 -6 -3 -2    0   7   8  37   0   3   9   1   1   2   4   8   0   0   0   6   8   0   1   3  0.67 inf
  214 I   -5 -7 -8 -8 -7 -8 -8 -8 -6  1  1 -8 -3  9 -1 -7 -5 -4 -1 -2    1   0   0   0   0   0   0   0   0   7  14   0   0  70   4   0   1   0   1   3  2.16 inf
  215 W   -3 -6 -6 -4 -2 -6 -5 -4 -5 -4  2 -6 -1  8 -3 -4 -4  3  2 -2    3   0   0   1   1   0   1   2   0   0  18   0   1  57   1   1   1   3   6   3  1.56 inf
  216 A    0 -4 -3  1  3  0 -1 -4  1 -5 -5 -3 -5 -6  6  2  0 -3 -4 -5    8   1   1   7   6   4   3   1   3   0   1   1   0   0  40  16   6   0   0   0  0.99 inf
  217 G    1 -1  4  0 -2  2  0  2  0 -3 -3  1 -3 -5 -2  0 -1 -5 -3 -4   14   3  24   5   1   9   5  13   2   1   2  10   0   0   2   6   3   0   1   1  0.40 inf
  218 L   -3 -2 -6 -6 -5 -4 -4 -5 -6  2  5 -4  0 -2 -4 -5 -3 -5 -4  3    2   3   0   0   0   1   1   1   0  12  57   1   2   1   1   0   1   0   0  17  1.03 inf
  219 P   -1 -3 -1  1 -2 -2  0 -4  1 -4 -6 -1 -5 -6  7  1 -1 -7 -6 -5    4   1   3   8   1   1   7   1   3   1   0   4   0   0  53  10   3   0   0   0  1.34 inf
  220 D    0  0  0  5 -2 -1  2 -2 -2 -3 -4  1 -4 -4  1  0  0 -5 -3 -3    8   6   4  30   1   2  13   2   1   1   1   7   0   1   8   7   5   0   1   1  0.47 inf
  221 D    1 -2  3  3 -3  1  2 -2 -2 -4 -3  0 -3 -2 -1  2  0 -4 -3 -3   11   1  13  15   1   7  17   2   0   0   2   4   0   2   3  15   6   0   1   1  0.37 inf
  222 V   -1 -2 -3 -3  0  1 -2 -3 -3  4  1  0 -1 -1 -1 -2  0 -4 -3  3    5   2   0   1   2   7   2   1   0  27  16   8   0   2   3   1   5   0   0  18  0.33 inf
  223 Q    0  0 -1 -2 -3  4  4 -2 -3 -3 -2  3 -3 -3 -2 -1 -2 -4 -4 -3    8   5   2   1   1  19  30   2   0   1   5  17   0   1   1   3   1   0   0   2  0.59 inf
  224 A    0  1  3  2 -3  1  2 -2 -1 -4 -3  2 -3 -4 -3  0  0  0 -2 -3   10   9  15  14   1   7  11   1   1   0   2  12   0   0   0   7   6   2   1   1  0.33 inf
  225 S    1  2  1 -1 -3  1  1 -3 -1 -1 -1  2  0 -2 -1  0  1 -3 -2  0   11  15   6   3   0   6   7   1   1   4   3  14   3   1   3   7   8   0   1   8  0.16 inf
  226 L   -1 -4 -3 -4 -1 -3 -4 -4 -4  4  3 -4  2 -1 -3 -3 -2 -4  0  3    5   1   1   1   1   1   1   1   0  26  28   1   4   1   1   1   1   0   3  23  0.61 inf
  227 K   -3  0  1  0 -3 -1  6 -3 -3 -4 -4  3  2 -5 -2 -2 -2 -5 -3 -4    1   4   6   4   1   1  49   1   0   0   1  18   6   0   2   2   1   0   1   1  0.89 inf
  228 S    3  0 -1 -2 -2 -1 -2  0 -3 -2 -3 -1 -2 -4  0  4  1 -5 -3 -2   31   6   2   1   1   2   1   5   0   2   2   2   1   0   3  32   8   0   0   1  0.52 inf
  229 K   -2  3  1 -1 -4  3  0 -2 -1 -3  0  3 -1 -3 -3  0  0 -4 -3 -2    2  16   7   3   0  16   5   1   1   1   9  20   1   0   0   6   7   0   0   3  0.36 inf
  230 P    0  0 -2 -1 -2 -2 -2 -3 -2  1  0  2  0 -2  3  0  1 -4 -2  1    6   6   1   4   0   1   1   0   1  10  10  14   2   1  18   5   8   0   1  12  0.25 inf
  231 G    0  0  1  3 -4 -1 -1  2 -2 -2 -3  1 -2 -2  2  0 -2  4 -2 -3    9   6   8  18   0   2   1  15   1   2   2   9   1   1  12   5   1   6   1   2  0.31 inf
  232 V    1  0  3  0 -3 -1 -1  2 -1  0 -2  0 -2 -3  1 -1  1 -4 -3  0   13   4  16   4   0   2   2  16   1   7   2   5   0   1   6   2   8   0   0  10  0.17 inf
  233 L   -3 -4 -5 -3 -4 -4 -5 -3 -5  1  6 -4  0  1 -5 -3 -1 -4 -3 -2    2   0   0   2   0   0   0   2   0   5  78   0   1   5   0   1   3   0   0   0  1.08 inf
  234 P    0 -4 -1 -4  8 -1 -2 -4 -4 -4 -4 -1 -4 -2  5  1 -1 -5 -4 -2    9   0   3   0  32   2   2   0   0   0   0   4   0   2  32   9   4   0   0   2  1.12 inf
  235 E   -1  1  0  0 -4  4  3 -3  1 -4 -3  2 -3 -4 -3  2  0  1 -3 -2    2   5   2   2   0  20  19   0   3   0   2  14   0   0   0  23   4   2   0   2  0.47 inf
  236 L   -1  1 -2  0 -3  1  3 -2  0 -1  0  1  0 -3  1  0  0 -3 -1  1    4   6   0   2   0   4  26   2   2   0  11  10   2   0   7   6   5   0   2  12  0.18 inf
  237 M    0 -3 -2  3 -3 -2 -2 -2 -3  1  2 -3  2 -2 -3 -2  0  3  0  2    8   0   0  20   0   0   0   2   0   4  23   0   8   0   0   0   6   5   4  18  0.27 inf
  238 G   -1 -1  1 -1 -4 -1 -2  5 -3 -4 -4  2 -3 -4 -2  1  1 -4 -4 -3    0   1   6   3   0   2   1  50   0   0   0  14   0   0   1  11  10   0   0   1  0.67 inf
  239 C   -3 -5 -1 -5 11 -5 -6 -5 -5 -1 -4 -2 -4  0 -5 -3 -3 -5 -4 -3    0   0   4   0  85   0   0   0   0   3   0   3   0   4   0   0   0   0   0   0  2.60 inf
  240 K   -2  3 -1 -1 -5  4  3 -3 -1 -4 -4  4 -2 -4 -2 -1 -2 -4 -3 -4    0  17   0   0   0  21  21   0   0   0   0  40   0   0   0   0   0   0   0   0  0.78 inf
  241 N    0 -1  5  1 -2  0  0 -1  0 -3 -3  0 -2 -3 -2  3  0 -4 -2 -3    0   0  61   0   0   0   0   0   0   0   0   0   0   0   0  39   0   0   0   0  0.60 inf

                      K         Lambda
Standard Ungapped    0.1307     0.3147
Standard Gapped      0.0466     0.2670
PSI Ungapped         0.1517     0.3074
PSI Gapped           0.0466     0.2670
