
Last position-specific scoring matrix computed, weighted observed percentages rounded down, information per position, and relative weight of gapless real matches to pseudocounts
           A  R  N  D  C  Q  E  G  H  I  L  K  M  F  P  S  T  W  Y  V   A   R   N   D   C   Q   E   G   H   I   L   K   M   F   P   S   T   W   Y   V
    1 Y   -2 -1 -1 -2 -3 -1 -1 -3  6 -2 -2 -2 -1  2 -3 -2 -2  1  6 -2    0   0   0   0   0   0   0   0  45   0   0   0   0   0   0   0   0   0  55   0  0.76 inf
    2 I   -2 -3 -4 -4 -2 -3 -4 -4 -4  5  1 -3  1 -1 -3 -3 -1 -3 -2  3    0   0   0   0   0   0   0   0   0  84   0   0   0   0   0   0   0   0   0  16  0.57 inf
    3 Q   -1  1  0 -1 -3  5  1 -2  0 -3 -2  2 -1 -3  0  0  2 -3 -2 -2    0   0   0   0   0  57   0   0   0   0   0  21   0   0   3   0  17   0   0   0  0.50 inf
    4 N   -2 -1  6  4 -3  0  0 -1  0 -4 -4 -1 -3 -4 -2  0 -1 -5 -3 -4    0   0  67  33   0   0   0   0   0   0   0   0   0   0   0   0   0   0   0   0  0.84 inf
    5 P   -1 -3 -3 -2 -4 -2 -2 -3 -3 -3 -4 -2 -3 -4  8 -1 -2 -4 -4 -3    0   0   0   0   0   0   0   0   0   0   0   0   0   0 100   0   0   0   0   0  2.27 inf
    6 E   -2 -1  2  5 -4  2  3 -2 -1 -4 -4  1 -3 -4 -2  0 -1 -4 -3 -3    0   0   8  49   0  13  22   0   0   0   0   8   0   0   0   0   0   0   0   0  0.63 inf
    7 P   -1 -3 -3 -2 -4 -2 -2 -3 -3 -3 -4 -2 -3 -4  8 -1 -2 -4 -4 -3    0   0   0   0   0   0   0   0   0   0   0   0   0   0 100   0   0   0   0   0  2.27 inf
    8 A    4 -2 -1 -2 -1 -1 -1  0 -2 -2 -2 -1 -1 -3 -1  2  1 -3 -2 -1   76   0   0   0   0   0   0   0   0   0   0   0   0   0   0  16   8   0   0   0  0.45 inf
    9 V   -1 -3 -4 -4 -1 -3 -3 -4 -4  2  1 -3  1 -1 -3 -2 -1 -3 -2  5    0   0   0   0   0   0   0   0   0   0  13   0   0   0   0   0   0   0   0  87  0.49 inf
   10 Y   -2 -2 -2 -1 -3 -2 -2 -4  1 -2 -2 -2 -2  2 -4 -2 -2  2  8 -2    0   0   0   4   0   0   0   0   0   0   0   0   0   0   0   0   0   0  96   0  1.19 inf
   11 A   -1  0 -1 -1 -4  7  1 -2  1 -3 -3  1 -1 -4 -2 -1 -1 -3 -2 -3    3   0   0   0   0  95   0   0   3   0   0   0   0   0   0   0   0   0   0   0  0.91 inf
   12 L   -2 -3 -4 -4 -2 -2 -3 -4 -3  1  5 -3  3  0 -3 -3 -2 -2 -1  1    0   0   0   0   0   0   0   0   0   0  92   0   8   0   0   0   0   0   0   0  0.59 inf
   13 K   -2  5 -1 -2 -4  1  0 -3 -1 -3 -3  4 -2 -4 -2 -1  0 -3 -2 -3    0  61   0   0   0   0   0   0   0   0   0  33   0   0   0   0   6   0   0   0  0.76 inf
   14 D    0 -2  2  4 -2 -1  0  1 -1 -3 -4 -1 -3 -3 -2  3  0 -4 -3 -3    6   0  11  36   0   0   0  13   0   0   0   0   0   0   0  33   0   0   0   0  0.47 inf
   15 P    0 -2 -1 -2 -3 -1 -1 -2 -2 -3 -3 -1 -3 -4  6  3  0 -4 -3 -3    0   0   0   0   0   0   0   0   0   0   0   0   0   0  57  40   0   0   0   0  1.18 inf
   16 R   -1  3  1  1 -4  2  1 -2 -1 -3 -3  5 -2 -4 -2 -1 -1 -4 -2 -3    0  11   6   6   0   6   3   0   0   0   0  68   0   0   0   0   0   0   0   0  0.59 inf
   17 S    0 -2  0 -1 -2 -1 -1 -1 -2 -3 -3 -1 -2 -3  1  5  2 -4 -2 -2    0   0   0   0   0   0   0   0   0   0   0   0   0   0   6  87   7   0   0   0  0.67 inf
   18 Q    0 -1  2  0 -2  2  0 -1 -1 -3 -3  1 -2 -3 -1  4  1 -3 -2 -2    1   0  13   3   0  11   0   1   0   0   1   7   0   0   0  57   4   0   0   0  0.39 inf
   19 D   -2 -2  4  5 -3 -1  0  0 -1 -4 -4 -1 -3 -4 -2  0  0 -4 -3 -3    0   0  27  54   0   0   0   7   0   0   0   0   0   0   0   6   6   0   0   0  0.69 inf
   20 S    0  1 -1 -1 -2  0 -1 -2 -2  1 -1  2 -1 -2 -2  2  3 -3 -2  0    0   7   0   0   0   0   0   0   0  17   0  21   0   0   0  22  33   0   0   0  0.24 inf
   21 T    1 -1  0 -1 -2 -1 -1 -1 -2 -3 -3  0 -2 -3 -1  4  3 -3 -2 -2    4   0   0   0   0   0   0   0   0   0   0   6   0   0   0  70  21   0   0   0  0.53 inf
   22 L   -1 -3 -4 -4 -1 -3 -3 -4 -4  3  2 -3  2 -1 -3 -2 -1 -3 -2  4    0   0   0   0   0   0   0   0   0   8  14   0   6   0   0   0   0   0   0  72  0.49 inf
   23 C   -1 -5 -4 -5 10 -4 -5 -4 -4 -2 -2 -4 -2 -3 -4 -2 -2 -3 -3 -2    0   0   0   0 100   0   0   0   0   0   0   0   0   0   0   0   0   0   0   0  2.09 inf
   24 L   -2 -3 -4 -4 -2 -3 -4 -4 -4  1  5 -3  2  0 -4 -3 -2 -2 -2  0    0   0   0   0   0   0   0   0   0   0 100   0   0   0   0   0   0   0   0   0  0.75 inf
   25 F   -3 -3 -4 -4 -3 -4 -4 -4 -2 -1  1 -4  0  7 -4 -3 -3  0  3 -1    0   0   0   0   0   0   0   0   0   0  14   0   0  78   0   0   0   0   8   0  0.95 inf
   26 T   -1 -2 -1 -2 -2 -1 -2 -2 -2 -2 -2 -1 -1 -3 -2  1  6 -3 -2 -1    0   0   0   0   0   0   0   0   0   0   0   0   0   0   0   3  97   0   0   0  0.86 inf
   27 D   -3 -2  1  7 -4 -1  1 -2 -2 -4 -5 -1 -4 -4 -2 -1 -2 -5 -4 -4    0   0   0 100   0   0   0   0   0   0   0   0   0   0   0   0   0   0   0   0  1.37 inf
   28 F   -3 -4 -4 -4 -3 -4 -4 -4 -2 -1  0 -4 -1  8 -5 -3 -3  0  2 -2    0   0   0   0   0   0   0   0   0   0   0   0   0 100   0   0   0   0   0   0  1.32 inf
   29 D   -2 -2  2  6 -4 -1  1  0 -1 -3 -4 -1 -3 -4 -2 -1 -1 -4 -3 -3    1   0   8  77   0   0   1   8   0   0   1   0   0   0   0   1   0   0   0   1  0.88 inf
   30 S    0 -1  0 -1 -1 -1 -1 -1 -1 -3 -3 -1 -2 -2 -1  5  1 -2  1 -2    1   0   0   0   0   0   1   1   0   0   1   0   0   0   0  85   0   0   8   1  0.56 inf
   31 Q   -1  0  1  0 -3  5  2 -2  1 -3 -2  1 -1 -3 -2 -1 -1 -3 -2 -1    0   0   8   0   0  59  14   0   4   0   1   5   0   0   0   0   0   0   0   5  0.56 inf
   32 I    1 -2 -1 -2 -1 -1 -1  1 -2  2  0 -1  2 -1 -1  0  1 -2 -1  1   11   1   1   1   0   1   2  14   1  16   2   1  14   1   1   2  17   0   1  13  0.10 inf
   33 N   -2 -1  6  3 -3 -1  0 -1 -1 -3 -3 -1 -3 -3 -2  1 -1 -4 -3 -3    1   1  55  21   0   1   1   1   0   1   1   1   0   1   1  13   1   0   0   1  0.70 inf
   34 V   -1 -1 -2 -2 -2 -1 -2 -3 -2  2  1  1  1  1 -2 -1  0 -2 -1  3    1   1   1   1   0   1   1   1   0  12   7  12   6  10   1   1   8   0   0  37  0.17 inf
   35 P    0  0  1 -1 -2  1  1  1 -1 -2 -2  1 -2 -3  2  2  2 -3 -2 -2    1   1   6   1   0  10   6  13   0   1   1  12   0   1   9  20  16   0   0   1  0.24 inf
   36 K   -1  0  3 -1 -3  4  1 -2 -1 -3 -3  3 -2 -3  1 -1 -1 -3 -2 -3    1   1  18   1   0  31   7   1   0   1   1  28   0   0   8   1   1   0   0   1  0.47 inf
   37 T    0  0  0  1 -2 -1  0 -2 -1  0 -2 -1 -1  1  1  2  1 -2 -1 -1    1   5   4   9   0   1   7   1   0   8   1   1   0  11   6  31  11   0   0   1  0.16 inf
   38 M    0  2 -1 -1 -2  0  1  0 -1 -2 -1  2  2 -2 -1  1  2 -2 -2 -1    5  11   1   1   0   1   9   8   0   1   1  21  11   0   1   9  19   0   0   1  0.18 inf
   39 E   -1 -1  0  2 -3  0  3  2 -1 -2 -3  1 -2 -3 -2  0 -1 -3 -2 -1    1   0   4  14   0   0  34  19   0   0   1  11   0   0   0   5   1   0   0   9  0.31 inf
   40 S    1 -2  2 -1 -2 -1  1 -1 -2 -3 -3 -1 -2 -3  2  4  1 -4 -3 -2    8   0  10   0   0   0  11   0   0   0   0   0   0   0  10  53   8   0   0   0  0.49 inf
   41 G    0 -2  1  3 -3 -1  1  3 -2 -3 -2 -1  1 -3 -2  0  1 -4 -3 -2    6   0   6  25   0   0  13  27   0   0   0   0  10   0   0   0  13   0   0   0  0.36 inf
   42 T    0 -2 -2 -2 -2 -2  0 -3 -3  1  0 -2  2 -2  2 -1  1 -3 -2  4    7   0   0   0   0   0   6   1   0   0   1   1   7   0  10   1  13   0   0  51  0.27 inf
   43 F   -2 -2 -1  0 -2 -2 -2 -3  3  1  0 -2 -1  4 -3  0 -1 -1  3  0    1   0   0   7   0   0   1   1  13  13   6   1   0  27   0  10   1   0  14   5  0.25 inf
   44 I   -1  0  0 -2 -2 -1 -2  0 -2  2  1  0  0  1 -2  0 -1 -2 -1  1    1   7   5   0   0   0   1   8   0  30  10   8   0  10   0  10   0   0   0   7  0.07 inf
   45 T   -1 -2 -1 -2 -2 -2 -2 -2 -2 -1  2 -2 -1  0 -2  3  4 -3 -2 -1    0   0   0   0   0   0   0   0   0   0  26   0   0   5   0  27  42   0   0   0  0.40 inf
   46 D   -1 -1  4  4 -3  2  1  0 -1 -4 -4  1 -3 -4 -2  1  0 -4 -3 -3    0   0  27  29   0   9   9   6   0   0   0   7   0   0   0  10   3   0   0   0  0.50 inf
   47 A    1  1  2 -1 -2  2  0 -1  1 -3 -3  2 -2 -3 -2  2  0 -3 -2 -2   18   5  10   0   0   9   2   0   4   0   0  23   0   0   0  25   5   0   0   0  0.30 inf
   48 T   -1 -2 -1 -2  2 -2 -2 -3 -3 -2 -3 -2 -2 -3 -2  1  6 -4 -3 -1    0   0   0   0   5   0   0   0   0   0   0   0   0   0   0   9  86   0   0   0  0.99 inf
   49 V   -1 -3 -3 -3 -2 -3 -3 -4 -4  1  0 -3  0 -2 -3  0  2 -4 -2  5    0   0   0   0   0   0   0   0   0   0   0   0   0   0   0   8  15   0   0  77  0.59 inf
   50 L   -2 -3 -4 -5 -2 -3 -4 -5 -4  1  5 -3  3  0 -4 -3 -2 -3 -2  0    0   0   0   0   0   0   0   0   0   0  91   0   9   0   0   0   0   0   0   0  0.86 inf
   51 D   -3 -2  3  6 -4 -1  2 -2 -2 -4 -5 -1 -4 -4 -2 -1 -2 -5 -4 -4    0   0  13  72   0   0  15   0   0   0   0   0   0   0   0   0   0   0   0   0  1.10 inf
   52 M   -2 -3 -4 -5 -3 -2 -4 -4 -3  0  1 -3  9 -1 -4 -3 -2 -3 -2 -1    0   0   0   0   0   0   0   0   0   0   0   0 100   0   0   0   0   0   0   0  1.59 inf
   53 K   -1  3 -1 -2 -3  0  1  0 -1 -2 -2  4  3 -3 -2 -1 -2 -3 -2 -2    0  21   0   0   0   0   9   9   0   0   0  41  16   0   0   0   0   0   0   0  0.39 inf
   54 A    2 -2 -1 -2 -1 -1 -2 -2 -2  1 -1 -1 -1 -2 -2  2  3 -3 -2  1   22   0   0   0   0   0   0   0   0   9   0   0   0   0   0  28  23   0   0  17  0.28 inf
   55 M   -2 -3 -3 -4 -2 -2 -3 -4 -3  0  3 -3  8 -1 -4 -3 -1 -2  0  0    0   0   0   0   0   0   0   0   0   0  22   0  72   0   0   0   3   0   3   0  0.93 inf
   56 D   -2 -2  3  5 -4 -1  2  2 -1 -4 -4 -1 -3 -4 -2 -1 -2 -4 -3 -4    0   0  15  49   0   0  14  21   0   0   0   0   0   0   0   0   0   0   0   0  0.72 inf
   57 S    0 -2 -1 -2 -2 -2 -2 -2 -2 -2 -2 -2 -2  5 -2  4  0 -2  0 -2    0   0   0   0   0   0   0   0   0   0   0   0   0  36   0  64   0   0   0   0  0.61 inf
   58 K   -2  1  1 -1 -4  1  0 -2 -1 -4 -3  6 -2 -4 -2 -1 -1 -4 -3 -3    0   0   6   0   0   5   0   0   0   0   0  90   0   0   0   0   0   0   0   0  0.89 inf
   59 S    0 -2  0 -1 -2 -1 -1 -1 -2 -3 -3 -1 -2 -3 -2  6  1 -4 -3 -3    0   0   0   0   0   0   0   0   0   0   0   0   0   0   0 100   0   0   0   0  0.90 inf
   60 N   -2 -2  6  0 -3 -1 -1 -2  0 -3 -3 -1  2 -1 -3 -1 -1 -2  3 -3    0   0  73   0   0   0   0   0   0   0   0   0   9   0   0   0   0   0  18   0  0.82 inf
   61 G    0 -3 -1  1 -3 -2 -2  5 -2 -4 -4 -2 -3 -3 -3  1 -1  4 -3 -4    0   0   0   9   0   0   0  67   0   0   0   0   0   0   0  17   0   7   0   0  0.83 inf
   62 A    4 -2 -2 -3 -1 -2 -2  1 -2  0  0 -2  1 -2 -2  0 -1 -3 -2  0   68   0   0   0   0   0   0   9   0   9   8   0   5   0   0   0   0   0   0   0  0.36 inf
   63 I    0 -3 -3 -4 -1 -3 -3 -3 -3  3  2 -3  1 -1 -3 -2 -1 -3 -2  4   10   0   0   0   0   0   0   0   0  14  28   0   0   0   0   0   0   0   0  48  0.37 inf
   64 A    4 -2 -2 -2 -1 -1 -2 -1 -2 -2 -2 -1 -2 -3 -2  1  3 -3 -2 -1   71   0   0   0   0   0   0   0   0   0   0   0   0   0   0   0  29   0   0   0  0.55 inf
   65 W   -4 -4 -5 -6  2 -3 -4 -4 -4 -4 -3 -4 -3  0 -5 -4 -4 12  1 -4    0   0   0   0   5   0   0   0   0   0   0   0   0   0   0   0   0  95   0   0  3.05 inf
   66 S    0 -2  1 -1 -2 -1 -1  3 -2 -3 -3 -1 -2 -3 -2  4  0 -3 -3 -3    0   0   7   0   0   0   0  23   0   0   0   0   0   0   0  70   0   0   0   0  0.58 inf
   67 N   -1  0  5  0 -3  1  0 -1  0 -4 -4  2 -2 -4 -2  2  0 -4 -3 -3    0   0  50   0   0   5   0   0   0   0   0  23   0   0   0  22   0   0   0   0  0.56 inf
   68 Q   -1  0  2  0 -2  2  1 -2 -1 -3 -3  2 -2 -3 -2  2  2 -3 -2 -2    0   0  17   0   0  14   5   0   0   0   0  26   0   0   0  15  23   0   0   0  0.34 inf
   69 T    0 -2  0 -1 -2 -1 -1 -1 -2 -2 -2 -1 -2  0 -2  4  3 -3 -2 -2    0   0   0   0   0   0   0   0   0   0   0   0   0   7   0  63  31   0   0   0  0.51 inf
   70 S   -1  0  3  5 -3 -1  0 -1 -1 -4 -4 -1 -3 -4 -2  2 -1 -4 -3 -3    0   5  19  54   0   0   0   0   0   0   0   0   0   0   0  22   0   0   0   0  0.67 inf
   71 F   -1 -3 -3 -4 -3 -3 -3 -3 -2  1  1 -3  0  6 -4 -1 -2  0  2 -1    5   0   0   0   0   0   0   0   0   6  12   0   0  71   0   5   0   0   0   0  0.69 inf
   72 T    1 -1  1 -1 -2  0  1  2 -1 -2 -3  0 -2 -3 -2  1  3 -3 -2 -2   13   0   7   0   0   0  15  17   0   0   0   6   0   0   0  11  31   0   0   0  0.27 inf
   73 C   -1 -5 -4 -5 10 -4 -5 -4 -4 -2 -2 -4 -2 -3 -4 -2 -2 -3 -4 -2    0   0   0   0 100   0   0   0   0   0   0   0   0   0   0   0   0   0   0   0  2.11 inf
   74 Q    0  0  2 -1 -2  3  1 -2 -1 -2 -2  1  1 -3 -2  0  3 -3 -2 -1    8   0  12   0   0  24   5   0   0   0   0  12   9   0   0   0  29   0   0   0  0.27 inf
   75 D   -1 -1  4  4 -3  0  1 -1 -1 -3 -4 -1 -3 -3 -2  2 -1 -3  0 -3    0   0  30  38   0   0   6   0   0   0   0   0   0   0   0  20   0   0   5   0  0.56 inf
   76 I    3 -1  1 -2 -1 -1 -1 -1 -2  0 -1  1 -1 -2 -2  1  3 -3 -2  0   37   0   6   0   0   0   0   0   0  10   0   9   0   0   0   7  31   0   0   0  0.25 inf
   77 F   -3 -4 -4 -4 -3 -4 -4 -4 -2  1  0 -4 -1  7 -4 -3 -3  0  2 -1    0   0   0   0   0   0   0   0   0   9   0   0   0  91   0   0   0   0   0   0  1.13 inf
   78 K   -1  1  4  0 -3  3  0 -1  0 -3 -3  2 -2 -3 -2  1 -1 -3 -2 -3    1   7  38   1   0  22   1   1   0   0   1  20   0   0   0   6   1   0   0   1  0.43 inf
   79 E   -1  0  2  1 -3  3  2  0  0 -3 -3  2 -2 -2 -2  0 -1 -2  1 -2    1   0  15   6   0  22  20   7   0   0   1  18   0   0   0   1   1   0   7   1  0.30 inf
   80 T    0 -1  1  1 -1  0  0 -1 -1 -1 -1  0 -1 -1  0  2  2 -1 -1 -1    3   2   8   9   1   2   3   3   1   2   4   2   1   2   2  28  23   1   1   3  0.17 inf
   81 N   -1 -1  3  3 -2  0  0 -1  2  1 -1 -1  1 -1 -1  0 -1 -2 -1  0    2   2  21  21   1   1   2   2   7  18   3   2   8   1   2   2   2   0   1   2  0.13 inf
   82 A    1 -1 -1 -1 -2  0  3 -2 -1 -1 -2 -1 -1  0  2  0  2 -2 -1  0   15   0   0   0   0   0  30   1   0   0   1   0   0   8  12   0  23   0   0   7  0.25 inf
   83 T   -2 -3 -2  0 -3 -3 -2 -3 -2 -1 -1 -3 -1  6 -3  0  1  0  2 -1    0   0   0   8   0   0   0   0   0   0   0   0   0  71   0   6  15   0   0   0  0.66 inf
   84 Y   -1 -2 -2 -3 -3 -2 -2 -3  3  0  0 -2 -1  4 -3 -2 -2  0  5  1    6   0   0   0   0   0   0   0  13   0   7   0   0  26   0   0   0   0  36  12  0.50 inf
   85 P    0 -2  1  1 -2 -1 -1 -2 -2 -3 -3 -1 -3 -4  6  3  1 -4 -3 -3    0   0   8   6   0   0   0   0   0   0   0   0   0   0  42  37   7   0   0   0  0.82 inf
   86 S    0 -1  2 -1 -2  1 -1  1 -1 -3 -3 -1 -2 -3  1  3  1 -3 -2 -2    0   0  15   0   0   8   0  11   0   0   0   0   0   0   7  52   6   0   0   0  0.41 inf
   87 S    0 -2  0 -1 -2 -1 -1 -1 -2 -2 -1 -1 -2  0  1  4  1 -3 -2 -2    0   0   0   0   0   0   0   0   0   0   6   0   0   6   7  75   7   0   0   0  0.47 inf
   88 D   -1 -1  3  3 -4  0  3  3 -1 -4 -4 -1 -3 -4 -2  0 -1 -4 -3 -3    0   0  20  20   0   0  30  30   0   0   0   0   0   0   0   0   0   0   0   0  0.54 inf
   89 V    0 -2 -2 -2 -2 -2 -2 -2 -1  2 -1 -2 -1  1 -2  2  0 -1  3  1    6   0   0   0   0   0   0   0   0  20   0   0   0   7   0  33   0   0  20  14  0.20 inf
   90 P    0 -1 -1 -1 -2 -1 -1 -2 -2 -2 -1  0 -2 -3  4  3  1 -3 -2 -1    0   0   0   0   0   0   0   0   0   0   5   8   0   0  27  47   7   0   0   7  0.50 inf
   91 C   -1 -5 -4 -5 10 -4 -5 -4 -4 -2 -2 -4 -2 -3 -4 -2 -2 -3 -4 -2    0   0   0   0 100   0   0   0   0   0   0   0   0   0   0   0   0   0   0   0  2.11 inf

                      K         Lambda
Standard Ungapped    0.1268     0.3141
Standard Gapped      0.0415     0.2670
PSI Ungapped         0.1363     0.3104
PSI Gapped           0.0415     0.2670
