
Last position-specific scoring matrix computed, weighted observed percentages rounded down, information per position, and relative weight of gapless real matches to pseudocounts
           A  R  N  D  C  Q  E  G  H  I  L  K  M  F  P  S  T  W  Y  V   A   R   N   D   C   Q   E   G   H   I   L   K   M   F   P   S   T   W   Y   V
    1 N   -4 -3  5  6 -6 -2 -1 -3  2 -6 -6  2 -5 -6 -4 -2 -3 -6 -4 -5    0   0  27  53   0   0   0   0   6   0   0  15   0   0   0   0   0   0   0   0  1.32 inf
    2 V    1 -4 -2 -4 -3 -4 -4 -4 -1  3  1 -4 -1 -3  1 -3 -2 -5 -3  5   15   0   3   0   0   0   0   0   2  16  11   0   0   0   9   0   1   0   0  44  0.63 inf
    3 Y   -6 -6 -7 -8 -7 -6 -7 -8 -1 -5 -3 -6 -5  3 -7 -6 -6  4  9 -4    0   0   0   0   0   0   0   0   1   0   3   0   0   8   0   0   0   5  84   1  2.91 inf
    4 E    0  0  1  3  1  1  1  1  0 -3 -3  2 -3 -2 -1  1  0 -4 -2 -2    9   5   6  16   3   5   7  11   2   0   0  13   0   2   2  11   4   0   1   4  0.22 inf
    5 D   -1  0  2  3 -5  1  3  0 -1 -3 -4  1 -1 -5  1  0 -1 -5 -4 -2    3   5  10  21   0   5  20   7   1   1   0   8   2   0   6   7   2   0   0   3  0.40 inf
    6 A    3 -4 -5 -5 -3 -4 -4 -3 -5  0  3 -4  1 -1 -1 -1 -1 -2 -4  3   30   0   0   0   0   0   0   1   0   4  29   0   3   2   3   3   4   1   0  21  0.54 inf
    7 F    0  0 -3 -5 -3 -2 -4 -3 -1  0  4 -1  1  2 -2 -2 -2 -2 -1 -1   10   7   1   0   0   2   0   2   1   4  44   4   4  11   2   3   1   0   2   3  0.39 inf
    8 K   -1  1  0  2 -4  2  1 -2  2 -2 -2  2 -3 -2 -3 -1  0  3  2 -2    5   7   3  13   0  12   8   2   5   2   3  13   0   1   0   4   6   5   9   3  0.23 inf
    9 T    2 -1  0  4 -4  0  0 -2 -2 -4 -2  3  0  0 -3 -1 -1 -4  0 -3   19   2   3  23   0   2   4   2   1   0   3  23   3   4   0   3   3   0   3   1  0.40 inf
   10 A    4 -4 -3 -4 -1 -2 -4 -2 -4 -2 -1 -3 -1 -5 -4  4  0 -5 -5 -1   35   0   1   0   1   1   0   2   0   1   8   0   2   0   0  40   6   0   0   4  0.79 inf
   11 M   -2 -5 -5 -6 -2  0 -5 -6 -5  4  4 -4  5 -2 -5 -4 -1  0 -4  2    3   0   0   0   1   4   0   0   0  22  39   0  14   0   0   0   3   1   0  12  0.82 inf
   12 L   -1  4  2 -2 -4  0 -1 -2 -1 -2  1  3  1 -2 -4 -2 -2 -4  0 -3    3  23  11   1   0   2   2   3   1   2  15  24   4   1   0   2   1   0   4   0  0.42 inf
   13 G    0 -5 -5 -6 -2 -5 -5  0 -1 -4 -3 -5  2  7 -6 -1 -2  3  5 -4    8   0   0   0   1   0   0   7   1   0   0   0   6  44   0   6   2   3  22   0  1.28 inf
   14 M   -6 -6 -6 -7 -6 -6 -6 -7 -4 -2  1 -6  3  7 -7 -6 -5 -2  7 -4    0   0   0   0   0   0   0   0   0   1  14   0   8  40   0   0   0   0  37   0  1.84 inf
   15 Y   -5  0 -4  1 -4 -2  2 -2 -3 -5 -5 -1 -5  2 -6 -4 -2 -2  8 -5    0   5   0   9   0   1  16   4   0   0   0   3   0   8   0   1   2   0  51   0  1.36 inf
   16 L    2 -3 -2 -4  1  2 -3 -2  4 -1  0 -3 -1  2 -3 -3 -1 -3  4 -2   23   0   1   1   3  12   0   3   9   3  11   0   1  10   1   0   3   0  18   2  0.46 inf
   17 L   -4 -3  5 -4 -7  7  1 -5  1 -6 -4 -2 -3 -4 -5 -3 -4 -2 -5 -3    0   0  23   0   0  60   7   0   3   0   1   0   0   1   0   1   0   1   0   2  1.69 inf
   18 R   -6  8 -5 -6 -8 -2 -3 -7 -4 -7 -5  2 -2 -7 -6 -5 -5  1 -6 -7    0  86   0   0   0   1   1   0   0   0   1   8   1   0   0   0   0   2   0   0  2.42 inf
   19 C    1 -5 -4 -5  8 -1 -3 -3 -5 -5 -4 -4 -1 -6 -5  5 -1 -6 -5 -5   13   0   0   0  31   2   1   1   0   0   1   0   1   0   0  45   3   0   0   0  1.47 inf
   20 G   -2 -4 -1 -5 -6 -5 -6  7 -6 -7 -6 -5 -6 -4 -6  1 -5 -6 -7 -7    3   1   2   0   0   0   0  84   0   0   0   0   0   1   0   9   0   0   0   0  2.03 inf
   21 T   -1 -2 -2 -1  1  0  0 -2 -1  2 -1 -2  0  1  0 -1  2 -2  1  1    3   2   1   3   3   4   5   3   2  18   2   2   2   7   5   1  19   0   5  10  0.16 inf
   22 S    2 -2 -2  2 -3 -1  2  0 -2 -2 -3  0 -1 -3  3 -1 -2 -3 -3 -1   21   2   1  13   0   1  18   6   0   2   2   5   2   1  16   4   2   0   1   4  0.37 inf
   23 V   -2 -3 -1 -3 -3 -3 -3 -3 -2  4  3  1  0 -2 -3 -2 -2 -3 -2  2    3   1   3   2   0   1   1   1   1  27  31  10   1   1   1   2   2   0   1  12  0.46 inf
   24 S   -1  0 -1  2 -3  0  2 -2 -2 -3  0  0 -2 -3  4  1  1 -4 -3 -2    3   4   2  13   0   3  17   2   0   1   9   4   0   1  18   8  11   0   1   2  0.35 inf
   25 A    1 -2 -1  2 -3 -1  2  0 -2 -3 -1  0  1 -2  2  1 -1 -3 -2 -2   16   1   1  11   0   2  18   7   0   1   5   4   5   1  10   9   3   0   1   2  0.23 inf
   26 T    0  0  0  2 -3  1  1 -1 -2 -3 -3  1 -2 -4  4  0  0 -4 -3 -2    8   4   3  13   0   7   9   5   0   1   2  10   1   1  22   5   7   0   0   2  0.39 inf
   27 Y   -2 -2  2 -1 -2 -2 -2 -2  3  0  0 -2 -2  2 -3 -2 -1  2  6 -1    3   1  10   3   1   1   3   2   7   6   9   2   0   9   1   2   3   2  30   3  0.50 inf
   28 N    3 -2  4 -2 -1 -1 -1  0 -2 -1 -2 -1 -2 -2 -2  0  1 -3 -3  0   32   1  20   1   1   2   3   5   0   3   2   3   0   1   1   4  11   0   1   7  0.36 inf
   29 G   -2  3 -2  0  0 -2  0  5  0 -4 -3 -2 -3 -2 -2 -1 -1  1 -3 -3    1  18   1   6   2   1   6  45   2   1   2   1   0   1   2   3   3   2   0   1  0.67 inf
   30 I    0  0  1  1 -1 -1  0 -1 -2  1  0  0  0 -2  1  0  0 -2 -1  0    7   4   9   8   1   1   6   4   0  13   9   5   2   1   8   5   7   0   2   7  0.06 inf
   31 H   -1  1  1  1 -3  1 -1  0  0 -2 -1  2 -2 -3  3  0 -1  1 -1 -2    4   8   8   7   0   6   3   8   2   2   7  13   0   0  17   6   1   2   2   2  0.24 inf
   32 Y   -4 -3 -3 -3 -5 -3 -1 -5 -1 -3 -1 -5  0  4 -4 -4 -4 10  5 -4    1   1   2   2   0   1   5   0   1   1   6   0   2  14   1   1   1  39  22   0  1.81 inf
   33 S    2  0  0 -2 -2 -1 -1  0  0 -1 -1  0 -1 -1  0  1  1  4 -1 -2   25   5   3   1   0   2   4   6   2   2   7   4   1   3   5  10   9   6   1   1  0.16 inf
   34 H   -4  7 -3  1 -6 -1 -3 -3  7 -6 -5  0 -1 -5 -5 -3 -4 -5 -4 -5    1  55   0   8   0   2   0   2  23   0   0   5   1   0   0   1   0   0   0   0  1.58 inf
   35 G    2 -3 -1  1 -4 -2  0  4 -4 -4 -3  0 -3 -5  4 -2 -3 -5 -4 -2   16   0   2   9   0   1   6  30   0   1   2   6   0   0  22   1   1   0   0   2  0.64 inf
   36 P    4 -3 -2  3 -4 -2 -1 -2  0 -2 -4 -2 -2 -4  2  1 -1 -5 -4 -2   42   0   1  19   0   1   3   2   2   2   1   2   1   0  11   9   2   0   0   1  0.64 inf
   37 C   -1 -2 -2 -2  8 -4 -4  3 -4 -5 -3 -3 -2 -5 -4  3 -2 -2 -5 -4    5   3   1   2  33   0   1  25   0   0   2   1   1   0   0  24   2   1   0   1  1.15 inf
   38 H    0 -3 -2 -4 -6 -1 -3 -1 10 -6 -4 -4 -1 -1 -5 -4  0 -5 -1 -4    9   1   1   1   0   3   1   4  66   0   1   1   1   3   0   0   5   0   2   1  2.03 inf
   39 T   -2 -3 -2  0 -3 -2 -1 -3  0  0  2 -2  1 -2  3 -2  2 -4 -3  2    1   1   1   5   0   1   4   2   2   5  23   2   4   1  16   1  17   0   0  14  0.34 inf
   40 N   -2 -1  3  4 -4  2  1  1  2 -4 -3  1 -2 -4 -2 -1  0 -4 -1 -3    1   2  13  23   0   9   7  11   5   0   2  10   1   0   2   4   7   0   2   1  0.41 inf
   41 D   -2 -3 -1  7 -5 -1  0 -4 -4 -3 -3  0 -2 -5 -2 -1  0 -6 -5 -2    3   1   2  62   0   2   4   1   0   2   3   5   1   0   2   3   7   0   0   3  1.19 inf
   42 A    2  0  0  0  0  1 -1  2 -1 -1 -3  1 -1 -3 -1  0  1  0 -1 -1   22   6   3   6   2   6   3  15   1   3   1   8   1   0   2   5   9   1   3   3  0.15 inf
   43 Y    0  0 -1 -1 -2  0  0 -1  0  0  0  0  0  0 -1  0  0 -1  1  1    9   5   2   2   0   4   6   3   2   5   9   4   2   5   3   9   7   1   6  14  0.03 inf
   44 L    1  0 -1 -2  0 -1 -1 -1 -1  1  1  0  0  0  0  0  0 -1  1  1   12   6   3   1   2   2   3   5   1   7  14   4   1   3   4   6   7   0   7  12  0.03 inf
   45 D    0 -1  0  1  0  0 -1 -1  1  1  0  0  0  0  2  0 -1 -2  1  0    7   4   4   8   2   4   2   3   4  10   7   5   2   4  13   4   2   0   6   9  0.08 inf
   46 Y   -1 -1  0  0  1 -1 -1  0  4 -2  0  0 -1  3  0 -1 -1  0  3 -1    5   2   5   5   3   2   3   6  12   2  10   5   1  15   4   4   2   1  11   2  0.17 inf
   47 I   -1 -1  0  2 -2  0  0  0  0  0 -1 -1 -1 -1  3  0  0  2  1  0    5   2   4  14   0   4   5   7   2   7   5   3   0   2  14   6   4   3   5   9  0.13 inf
   48 N   -1 -2  2  0 -3 -1 -1  0  0 -2 -3 -1 -2  0  3  2  1 -2  2 -2    3   1  12   6   0   2   3   6   2   1   2   4   0   4  15  17   9   0  10   2  0.27 inf
   49 G    1 -3  1  2 -4 -2 -2  4 -1 -3 -4 -1  0 -4  0 -1  0 -4 -4 -2   12   1   7  10   0   1   1  39   1   2   1   4   3   0   4   3   7   0   0   3  0.51 inf
   50 Q    1 -1 -1  0  3  1  1  1 -1 -3 -3  2 -2 -3  0  1  1 -4 -2 -2   14   1   3   6   8   5  12   9   1   1   1  18   1   1   3   8   8   0   1   1  0.24 inf
   51 H   -2 -1  2  4 -1  0  1  1  1 -4 -4  0 -4 -4 -2  2  0 -4 -2 -4    2   2  11  30   1   3   9  10   3   0   1   5   0   0   1  14   4   0   1   0  0.49 inf
   52 T    0  0  0 -1 -3  0  0  2 -2 -2 -2  1 -2 -1 -1 -1  1 -2  3  0    7   5   6   3   0   4   5  20   0   1   2   9   0   2   3   2  10   0  13   9  0.17 inf
   53 K    0 -1  0 -1 -3  0  0  2  0 -2 -2  1 -2 -2  0  1  2 -3 -1  0    7   3   4   1   0   4   7  17   2   2   3  10   0   2   4   8  19   0   1   7  0.16 inf
   54 K   -2  0 -3 -4 -3 -2 -2 -2 -1  4  3 -1  0 -1 -1 -2 -2 -1 -1  1    2   7   0   0   0   2   3   3   2  26  29   5   1   2   3   2   1   1   2  10  0.33 inf
   55 D   -3 -4  1  7 -6 -2  0 -3 -4 -3 -6 -3 -6 -4 -2  0 -2 -7 -6 -4    1   1   5  71   0   1   5   1   0   2   0   1   0   1   2   7   2   0   0   1  1.61 inf
   56 S    0 -5 -4 -5  0 -3 -5 -2 -5  0  3 -4  1 -2 -5  0 -2 -4 -1  4    9   0   1   0   2   0   0   3   0   1  35   0   3   1   0   7   1   0   2  35  0.64 inf
   57 T   -1  0  0 -3 -4  0 -2 -3  2 -3 -4 -2 -4 -3  1  4  4  1  0 -3    2   6   3   0   0   4   1   1   4   1   0   1   0   1   7  31  32   2   3   1  0.65 inf
   58 K   -3 -2 -4 -5 -6 -3 -5  7 -6 -7 -7  2 -6 -7 -6 -4 -5 -6 -7 -7    1   2   0   0   0   1   0  84   0   0   0  12   0   0   0   0   0   0   0   0  2.08 inf
   59 G   -3 -6 -4 -5 -7 -6 -6  8 -6 -8 -8 -6 -7 -7 -6 -3 -6 -7 -7 -7    1   0   0   0   0   0   0  98   0   0   0   0   0   0   0   1   0   0   0   0  2.65 inf
   60 W   -7 -7 -8 -9 -7 -7 -7 -7  1 -7 -6 -7  0  2 -8 -7 -7 12  3 -7    0   0   0   0   0   0   0   0   3   0   0   0   3   8   0   0   0  76  10   0  3.83 inf
   61 H   -3 -5 -5 -6 -7 -5 -5 -7  8 -6 -4 -5  0  3 -7 -5 -4  1  8 -6    2   0   0   0   0   0   0   0  35   0   1   0   2   9   0   0   1   1  48   0  2.24 inf
   62 D   -5 -6 -3  8 -8 -5 -2 -6 -5 -8 -8 -5 -8 -8 -6 -5 -5 -9 -8 -8    1   0   0  98   0   0   1   0   0   0   0   0   0   0   0   0   0   0   0   0  2.93 inf
   63 A    7 -6 -6 -4  3 -5 -5 -3 -6 -5 -5 -5 -5 -6 -5 -3 -4 -7 -6 -4   92   0   0   1   6   0   0   1   0   0   0   0   0   0   0   0   0   0   0   0  2.07 inf
   64 G   -4 -6 -3 -4 -6 -6 -6  7 -6 -7 -7 -5 -6 -7 -6 -2 -2 -6 -7 -7    0   0   1   1   0   0   0  93   0   0   0   0   0   0   0   2   3   0   0   0  2.37 inf
   65 D   -6 -4 -2  8 -8 -5 -3 -4 -5 -8 -8 -5 -7 -8 -6 -4 -5 -9 -7 -8    0   1   1  97   0   0   0   1   0   0   0   0   0   0   0   1   0   0   0   0  2.84 inf
   66 Y   -5 -5  0 -5 -6 -3 -5 -4  8 -5 -2 -4 -1  3 -6 -5 -3  1  7 -5    0   0   5   0   0   1   0   2  39   0   4   1   1  10   0   0   1   1  34   0  1.76 inf
   67 N   -2 -4  2 -1 -2 -4 -4  4 -4  1  0 -4 -1 -3 -5 -1 -2 -5 -4  3    1   0  13   4   1   0   0  34   0   6   9   0   1   1   0   5   1   0   0  24  0.57 inf
   68 K   -5  3 -4 -5 -7  2 -3 -5 -4 -3 -5  7 -2 -7 -5 -4 -4 -7 -6 -6    0  14   0   0   0   8   0   0   0   2   1  74   1   0   0   0   0   0   0   0  1.83 inf
   69 Y   -5 -3 -6 -5 -6 -3 -4 -7  0 -3 -4 -6 -4  6 -7 -1 -5 -2  8 -2    0   1   0   0   0   1   1   0   1   1   1   0   0  30   0   5   0   0  55   3  1.97 inf
   70 V   -1 -4  1 -4 -2 -4 -4  2 -4  2 -2 -4 -1 -4 -3  0  3 -5 -4  4    2   0   8   0   1   0   0  18   0  11   2   0   1   0   1   6  18   0   0  32  0.53 inf
   71 V   -1 -4 -2 -4 -3 -2 -3 -3 -2  1  2 -4  0  2 -2 -1  1 -4  0  4    4   0   2   0   0   2   1   1   1   4  25   0   2   8   2   4   9   0   2  32  0.39 inf
   72 N   -1 -4  5 -3 -5 -2 -3 -4 -1 -5 -5 -3 -5 -2  6 -2  2  2 -5 -5    5   0  34   0   0   1   1   0   1   0   0   0   0   2  35   2  15   2   0   0  1.25 inf
   73 A    0 -3 -2 -3 -4  2 -1  4 -1 -3 -1 -3  5 -2 -4  2  1 -4 -4 -2    8   0   1   0   0   9   3  28   2   1   4   0  18   1   0  15   9   0   0   1  0.53 inf
   74 G    5 -4 -2 -4 -1 -2 -4  4 -1 -5 -5 -4 -4 -4 -3  2 -1 -5 -3 -4   46   0   1   0   1   1   0  30   2   0   0   0   0   1   1  13   3   0   1   0  0.97 inf
   75 I   -1 -3  0 -2 -4 -2 -2 -4 -2  4 -1 -1 -2  2 -2 -2 -2  2  5  0    4   1   6   2   0   1   3   1   1  26   3   5   1   7   2   3   2   3  27   4  0.54 inf
   76 T    3 -2 -3 -4 -1 -3 -3 -3 -4 -4 -2 -3 -2 -5 -3  4  3 -5 -1 -1   27   1   0   0   1   0   0   1   0   0   3   0   1   0   1  39  20   0   2   3  0.80 inf
   77 V    2 -4 -4 -5 -3 -4 -4 -4 -5  2  0 -4  2 -2 -4  0  3 -5 -4  4   22   0   0   0   0   0   0   1   0   9   6   0   5   1   0   5  20   0   0  32  0.63 inf
   78 G    2 -4 -3 -4 -4 -2 -2  0  2 -1 -3 -4  0  1 -4  1  2  7  4 -3   16   0   0   0   0   2   1   8   5   3   1   0   2   5   0  13  14  15  13   0  0.62 inf
   79 S   -1 -1 -1  1 -4  2 -1 -3  2 -1 -1 -2  3 -4 -3 -1  4 -1 -2  0    5   3   3   8   0   9   3   1   5   3   3   1   9   0   1   3  32   1   1   8  0.34 inf
   80 M   -5 -6 -7 -7 -5 -5 -6 -7 -6 -1  6 -6  4 -2 -6 -6 -5 -5 -5  0    0   0   0   0   0   0   0   0   0   2  81   0  11   0   0   0   0   0   0   5  1.71 inf
   81 F    0 -4 -3 -4 -4  1 -3  1 -4 -1  3 -4  4  1 -4  0 -1 -4 -3 -1   10   0   1   0   0   6   1  13   0   1  38   0  11   7   0   6   3   0   0   2  0.44 inf
   82 L    1 -4  2 -2 -5 -3 -1 -4 -1 -4  0 -3  0  1 -5  1 -2 10  1 -4   11   0  12   3   0   0   3   0   1   0   8   2   3   5   0   9   2  36   4   0  1.20 inf
   83 A    4 -4 -3 -3 -3 -1 -3  3 -4 -2  0 -3 -1 -2 -4  2  0 -3 -4 -2   42   0   0   0   0   2   1  20   0   2   8   0   1   2   0  14   4   0   0   2  0.60 inf
   84 W   -2 -5 -6 -6 -3 -5 -5 -6  1 -2 -1 -5  0  3 -6 -5 -2  3  8  0    4   0   0   0   1   0   0   0   2   2   6   0   2   9   0   0   2   4  60   7  1.67 inf
   85 E   -2 -1  0  1 -5  1  5 -4 -1  0  1 -2 -3 -3 -4 -2 -3 -4  3 -2    3   4   4   7   0   4  40   0   1   7  13   1   0   0   0   1   0   0  12   2  0.55 inf
   86 H   -1  3 -2  1 -3  2  4 -3  2 -4  0 -1  2  0 -4 -2 -2 -4 -1 -3    6  15   1   7   0   7  32   1   6   0   8   1   6   4   0   2   2   0   2   0  0.45 inf
   87 F    0 -3  3 -2 -5 -4 -4 -5 -2 -3 -1 -3  0  6 -5  0 -1 -1  5 -4    8   1  13   2   0   0   1   0   0   0   4   1   2  41   0   6   3   1  17   0  0.95 inf
   88 K   -1  2 -1 -3 -5  0  1 -3 -4 -5 -3  3 -4 -6  6 -1 -3 -6 -5 -5    4  12   2   1   0   4   8   2   0   0   3  20   0   0  40   3   1   0   0   0  1.00 inf
   89 D    1 -2  1  4 -4  1  3  0  0 -3 -4 -1 -4 -5 -2  0 -1 -2 -3 -3   15   2   5  28   0   5  18   8   2   1   1   3   0   0   1   6   3   1   1   1  0.47 inf
   90 Q    3 -1  0 -1 -2  0 -1 -1 -1 -1  0  1 -2 -1 -2  0  0 -3  0  1   30   1   4   2   1   5   3   4   1   2   9   8   0   3   1   6   4   0   4  11  0.14 inf
   91 L   -3 -3 -3 -4 -5 -5 -5 -3 -1 -1  1 -3  0  6 -5 -3 -4  3  6 -2    1   2   1   1   0   0   0   2   1   3  13   1   2  40   0   2   0   4  24   2  1.12 inf
   92 E    1  0 -1  2 -3  0  0  1 -2 -2 -2  2 -2 -3 -1  0  1 -4 -2 -1   16   5   2  13   0   4   6  11   0   2   2  14   0   0   3   6  11   0   1   3  0.19 inf
   93 P    1 -1  0  6 -4 -1  0 -2  1 -4 -2  1 -3 -4 -1  0 -1 -5 -4 -3   10   4   3  45   0   2   4   2   3   0   4   8   0   0   3   6   4   0   0   2  0.65 inf
   94 V    0  0  1  2 -1  0 -1  2 -1 -2 -1  0 -1 -2 -2  0  0 -2  0  0   10   4   9  11   1   4   2  21   1   2   5   4   2   1   1   4   7   0   4   7  0.14 inf
   95 A    0  0  0 -1 -2  2  0  2 -1 -2 -2  1  0 -2 -1  1  1 -2  0 -2    9   5   5   3   0  15   3  15   1   2   2   8   2   2   2   9  10   0   3   2  0.15 inf
   96 L    0 -2 -2 -1  0 -1 -1 -3 -2  1  3 -2  2  2 -2 -2 -1  2  1  0    6   1   1   4   2   3   3   2   1   6  35   1   6   9   1   2   3   2   4   6  0.22 inf
   97 E    0  0  4  2 -2 -1  0  1  0 -2 -2  0 -2 -2 -1  0  0 -3 -1 -2    9   6  25  11   0   2   4  10   2   2   4   4   1   1   3   6   5   0   2   3  0.24 inf
   98 I   -1 -2 -2 -2 -2 -1 -2 -1 -1  5  1 -2  1  1 -2 -1 -1 -2  0  1    4   2   1   3   1   2   3   4   1  42  13   2   3   5   2   3   2   0   2   6  0.37 inf
   99 P   -2 -2 -1 -2 -3 -1 -2  0 -2 -2 -2 -1 -2 -3  7 -1 -1 -3  0 -2    3   2   3   2   1   2   3   6   1   2   5   4   1   1  51   4   4   0   3   3  1.00 inf
  100 E   -1 -1 -2  0 -3  0  6 -2  1 -3 -3 -1 -3 -3 -2 -2 -2 -3 -3 -3    4   3   2   4   1   3  62   3   3   1   3   3   1   1   1   2   2   0   1   2  0.98 inf
  101 K    0  0  1  0 -1  0  1 -1 -1 -3 -2  0 -2 -3 -1  4  1 -3 -2 -2    5   5   8   3   1   3   9   5   1   1   4   4   0   1   2  36   8   0   1   2  0.32 inf
  102 N    1 -2  1  0 -1  0 -1  4 -1 -3 -2  0 -2 -2 -1  0 -1 -3 -1 -2   11   1   7   5   1   4   4  37   1   1   3   5   1   1   3   7   2   0   2   3  0.36 inf
  103 N   -2 -2  6  2 -3 -1  0  1 -2 -4 -4 -1 -3 -4 -1 -1 -1 -4 -3 -3    3   1  47  11   0   2   7  10   0   1   2   3   0   1   3   3   4   0   1   1  0.81 inf
  104 S    0 -1  0 -1 -3  1 -1  4  3 -3 -2  0 -2 -3 -2  0 -1 -2 -2 -3    5   3   4   3   0   7   4  39   9   2   3   7   1   1   1   4   3   1   1   2  0.44 inf
  105 I   -1  0 -2 -3 -2 -2 -2 -3 -2  3  1 -1  3  0 -2 -2  1  0  1  3    4   5   1   1   0   1   1   1   0  18  12   3   8   2   2   1  10   1   6  20  0.24 inf
  106 P   -1 -1 -1 -1 -3 -1 -1 -3 -1 -2 -3 -1 -3 -4  7  0 -2 -1 -2 -2    5   3   4   4   0   3   4   1   1   3   2   4   0   1  52   6   1   1   1   3  1.07 inf
  107 D   -2 -2  0  7 -4 -2  0 -2  0 -3 -4 -1 -4 -4 -1 -1 -2 -1  0 -4    3   1   3  61   0   1   5   2   2   2   1   3   0   1   3   4   2   1   4   1  1.11 inf
  108 F   -1 -4 -4 -5 -3 -4 -4 -4 -4  5  2 -4  3  0 -4 -4 -3  0  0  2    5   0   0   0   0   0   1   1   0  42  19   0   7   3   1   1   0   1   3  13  0.75 inf
  109 L   -4 -3 -6 -6 -2 -5 -3 -6 -3  0  6 -5  0 -2 -5 -5 -4 -4 -3 -1    0   1   0   0   1   0   2   0   1   3  85   0   1   1   0   0   0   0   1   3  1.50 inf
  110 D   -1 -1  0  7 -4  0  1 -3  1 -3 -4 -3 -4 -4 -3  0 -3 -4 -2 -3    6   3   3  57   0   5   8   1   3   1   2   1   0   0   1   5   1   0   1   1  1.06 inf
  111 E   -2 -3 -1 -1  1 -1  6 -3 -1 -4 -3 -2  0 -4 -3  0 -1 -4 -4 -2    2   1   2   2   3   1  66   2   1   1   2   1   3   1   1   5   3   0   0   3  1.14 inf
  112 L    3 -3 -3 -4  0 -3 -3 -3 -3  3  1 -3  0 -2 -3 -2 -1 -4 -1  3   34   1   1   1   2   0   1   1   0  21  11   1   2   0   1   2   3   0   2  18  0.49 inf
  113 K   -3  5 -3 -3 -6 -1 -2 -5  0 -4 -2  6 -3 -5 -4 -3 -3  0 -4 -5    1  35   0   1   0   2   1   0   2   1   3  48   0   0   0   1   1   2   0   0  1.29 inf
  114 Y   -6 -6 -5 -7 -3 -5 -4 -6  2 -3 -5 -3 -5  2 -4 -6 -4 11  5 -2    0   0   0   0   1   0   1   0   5   2   0   1   0   6   1   0   1  61  16   3  2.83 inf
  115 E    0 -3  3 -2 -5  0  3  3 -2 -3 -4 -2 -3  2  0 -2 -2 -4 -3 -4    9   0  13   0   0   3  26  27   1   1   0   1   0   9   5   1   1   0   1   1  0.55 inf
  116 I    0 -4  1 -3  0 -3 -4 -4 -4  1  4 -4  3 -2 -4 -1  2 -4 -1 -1    7   0   7   1   2   1   0   0   0   6  45   0   6   1   0   3  17   0   2   3  0.55 inf
  117 D   -4 -2  0  7 -6  0  4 -5 -1 -6 -5 -2 -6 -6 -5 -3 -3 -7 -3 -5    1   1   3  63   0   3  22   0   1   0   1   2   0   0   0   0   1   0   1   1  1.58 inf
  118 W   -5 -6 -6 -7 -6 -6 -6 -6 -2 -5 -4 -6 -3  5 -7 -6 -2 10  6 -4    1   0   0   0   0   0   0   0   1   0   1   0   1  23   0   0   2  41  29   1  2.50 inf
  119 I   -4 -5 -6 -6 -4 -5 -5 -6 -5  1  4 -5  6  5 -6 -3 -4  0 -1 -1    0   0   0   0   0   0   0   0   0   6  40   0  21  26   0   2   0   1   1   2  1.17 inf
  120 L   -3 -1 -2 -5 -2 -2 -3 -5 -4  2  5 -2  4  0 -5 -3 -3 -4 -3  0    1   3   2   0   1   2   2   0   0  13  54   2  10   4   0   1   0   0   0   4  0.76 inf
  121 T    0  4 -1 -2 -6 -1 -2 -3 -4 -5 -5  6 -4 -6 -4 -1  1 -6 -5 -4    6  18   2   2   0   1   1   1   0   0   0  56   0   0   0   3   8   0   0   0  1.15 inf
  122 M    0 -4 -4 -5  5 -3 -4 -4 -4 -2  0 -4  9  0 -4 -2 -1 -4 -1 -1    7   1   0   1  13   0   1   1   0   1   6   1  54   3   1   2   3   0   2   4  1.46 inf
  123 Q   -2 -1 -2 -1 -3  7 -1 -3  4  0 -2 -2 -1 -3 -3 -1  0  1  0 -2    3   2   1   3   0  49   1   1   9   5   3   1   1   1   1   3   7   2   4   2  0.86 inf
  124 Y   -1  0  1  3  2 -1 -1 -2  2  0 -2 -2 -2  0 -2 -2 -1 -3  2  2    5   7   8  21   4   1   1   2   6   4   2   1   0   4   2   1   2   0   8  21  0.23 inf
  125 P    1 -1 -1  1 -4  0  0 -1  2 -4 -3  0 -2 -4  5  0 -2 -4 -2 -4   12   4   2   7   0   5   6   5   5   0   3   6   1   0  33   8   2   0   1   0  0.59 inf
  126 D    1 -2  1  5 -4  0  1 -2 -1 -3 -3  0 -1 -4  1  0 -1 -4 -2 -1   11   1   4  37   0   3   9   3   1   1   2   5   1   0   6   7   3   0   1   5  0.47 inf
  127 G    1 -1  2  0 -1 -2 -1  5 -2 -3 -3  0 -3 -4  0 -1 -1 -3 -3 -2   14   2  10   5   2   1   4  42   1   1   1   5   0   1   4   2   3   0   1   2  0.53 inf
  128 S    1 -2  2  3 -3 -1  1  1 -1 -3 -3 -1 -3 -2 -2  2  0 -2 -3 -1   15   1  10  21   0   2   8  10   1   1   1   2   0   1   1  16   6   0   0   4  0.32 inf
  129 G   -2 -2  0 -2 -2 -2 -1  6 -3 -2 -2 -3 -3  1 -4 -2  0  0 -3 -1    1   2   5   2   1   2   4  56   0   2   5   1   0   6   1   1   5   2   0   6  0.78 inf
  130 R   -1 -1 -1 -1 -3 -1 -1  3 -2 -1  0 -1  4  1 -2 -2  0 -2  2  0    4   3   3   3   0   2   3  27   0   2   7   4  15   6   2   1   5   0   8   6  0.26 inf
  131 V    1 -3 -4 -4 -1 -4 -4 -3 -4  1  0 -4 -1  3 -4 -3 -2 -3  3  5   13   1   0   0   1   0   0   2   0   4   7   0   1  13   0   1   1   0   9  45  0.66 inf
  132 A   -3 -4  0  1 -1  0 -3 -2  5 -2 -3 -4 -3  2 -3 -2 -4  2  7 -3    2   0   4   7   1   4   0   3  13   2   2   0   0   8   2   3   0   3  44   1  1.07 inf
  133 H   -2 -1 -1 -2 -1  2 -1 -3  8 -2 -4 -3 -3 -1 -2 -2 -2 -4  3 -1    3   3   3   2   1  11   3   2  44   3   1   0   0   2   2   3   1   0   9   6  1.06 inf
  134 K   -1  0 -2 -2 -4  3 -2  0 -2 -1 -3  5 -1 -3 -3 -1 -2 -4  0  0    4   3   1   2   0  15   1   7   1   5   2  41   1   0   1   4   2   0   3   8  0.51 inf
  135 V    0 -3 -2 -1 -1 -2 -3  0 -1  1  2 -2  2 -1 -1 -2 -2 -3 -2  3    7   0   2   4   1   2   1   7   1   6  22   1   6   1   3   1   1   0   1  31  0.27 inf
  136 S    0 -2 -1  0 -3  1 -1  3  5 -4 -3 -1 -3 -4 -2  1  2  1 -2 -2    6   1   2   5   0   6   3  21  16   0   2   2   0   0   1  11  18   2   0   2  0.40 inf
  137 T   -2 -3  1  5  1 -2  0  1 -1 -3 -4 -3 -4 -4 -2  1  1  0 -4 -3    3   0   6  42   3   1   4   9   2   1   1   0   0   1   1  10  11   1   0   2  0.66 inf
  138 R    1  2 -1  0 -3  0  0 -1  4 -1  0  0 -1 -2  0 -1 -2  3 -1  0   12  12   1   5   0   3   7   4  15   4  11   7   1   1   5   1   1   4   1   6  0.17 inf
  139 N   -1  1  2  3 -4  1  1  0  0 -3 -4  1 -2 -3 -3  1  0 -1  1 -2    4   7  10  22   0   6   8   7   2   1   0   7   0   1   0  12   4   1   5   2  0.31 inf
  140 F   -3 -2 -5 -4 -6 -5 -5 -5  6 -2 -2 -5 -4  5 -2 -4 -4 10  2 -5    2   2   0   1   0   0   0   1  21   2   4   0   0  21   2   1   1  36   6   0  1.85 inf
  141 G    0 -1 -1  1  1  0 -1  0 -2 -3 -3 -2 -2 -4  3  1  2  5 -3 -2    9   2   3   8   3   5   3   7   1   1   2   1   1   0  17  10  17   9   0   2  0.40 inf
  142 G    0 -3 -1  0  0  0 -1  4  2 -4 -3 -2 -4 -3  2 -1 -3 -4  2 -3    7   0   3   5   2   5   4  40   5   1   3   1   0   0  10   4   0   0   9   1  0.56 inf
  143 F   -1 -1 -2  0 -4 -1 -2 -1 -1 -1  2 -2  3  2  2 -2 -2  6  1 -2    5   3   1   5   0   2   2   6   2   2  19   2   9   8  12   2   1  14   4   0  0.37 inf
  144 I   -1  0  0 -2 -3 -1  1  1 -2  2  0 -1  0 -1  0 -1  0 -1 -2  2    4   6   4   0   0   1  12  11   0  14   8   2   1   2   6   3   7   1   0  18  0.10 inf
  145 M   -1  3 -2 -2 -3 -2 -1 -3 -3  0  2  0  5 -3  0 -2  0  2 -1 -2    6  19   1   2   0   0   4   1   0   4  21   4  17   0   5   2   6   3   2   1  0.32 inf
  146 P   -2 -2 -2 -2 -6  0 -3 -2 -5 -5 -3 -1 -1 -6  8 -4 -2 -6 -2 -4    3   2   2   2   0   5   1   3   0   0   2   3   1   0  70   0   2   0   2   1  1.82 inf
  147 E    0 -2  1  2 -4  1  4 -2  3 -4 -4 -1  0 -2  0  1 -1  1 -3 -2    6   0   8  13   0   7  26   1   7   0   0   1   2   2   4  11   3   2   0   4  0.40 inf
  148 N    0 -1  1  3 -2  2  3 -3 -1 -2 -1  2 -2 -3 -3 -1 -1 -1  0 -3    6   1   7  19   1   9  20   1   1   2   9  12   1   0   1   2   2   1   4   1  0.33 inf
  149 E    0 -3  0  6 -2  0  1 -3 -2 -2 -4 -1  4 -5 -4  0 -2 -5 -4 -1    9   0   3  42   1   5  10   1   0   2   0   2  12   0   0   5   2   0   0   5  0.74 inf
  150 H   -1 -1  0  1 -4  1 -1  0 -1 -2 -3  1 -2 -4  2  0  4 -4 -1 -1    3   2   5   8   0   7   3   6   1   2   1   9   1   0  11   5  30   0   3   4  0.34 inf
  151 D    0  1 -1  1 -4  3  1  0 -2 -1 -1  0  4 -3  0 -1  0 -4 -1 -2    8   9   2  10   0  15   7   7   1   3   4   3  14   0   5   3   5   0   2   1  0.23 inf
  152 E   -1  0 -1  2 -3  2  1 -3 -1 -4 -3  1 -3 -2  5 -1  0 -5 -4 -1    4   5   2  12   1   9  10   1   1   0   2  11   0   2  27   3   5   0   0   6  0.50 inf
  153 R   -1  7 -4 -4 -5  0 -3 -5 -3 -4  1 -2 -2 -4 -2  1 -3 -5  1 -3    6  57   0   0   0   4   0   0   0   1  12   0   1   0   2  10   1   0   4   2  1.05 inf
  154 F   -2 -1 -2 -3 -4 -3 -1 -1 -2  1 -2 -3 -3  3  1 -2 -1  2  6  1    2   3   2   1   0   1   5   5   0   9   3   1   0  11   8   2   3   3  32   9  0.56 inf
  155 F    1 -2 -4 -4 -1 -3 -3 -4 -3  2  2 -1  1  1 -3 -2 -1 -3  2  3   11   2   0   0   1   1   1   0   0  11  24   3   2   6   1   2   2   0   7  25  0.37 inf
  156 V    1  0 -1 -2  0 -1 -1  0  1  0 -1  0  0  2 -3  0  0  2  2  0   13   5   2   2   3   3   3   6   4   6   4   7   3  10   0   5   5   3   8   9  0.06 inf
  157 P   -1  0  0  0 -4  1  0  1 -3 -4 -3  1  1 -5  5 -1  0 -5 -3 -3    4   5   3   4   0   6   5  13   0   0   2  10   4   0  30   4   7   0   1   1  0.54 inf
  158 W   -1 -2 -1 -2 -3 -3 -3 -3 -4  2 -2  3  0 -3  5 -1 -2 -1 -1  1    5   1   3   2   1   0   0   1   0  12   2  18   2   1  33   3   2   1   2  11  0.64 inf
  159 S    0 -3  1 -1  1 -1  1  1 -3 -4 -4 -2 -1 -4 -4  5  2 -5 -4 -4    5   0   6   3   2   2   7  11   0   1   1   2   1   0   0  43  15   0   0   0  0.64 inf
  160 S    0 -2  1 -1 -4 -3 -4 -2 -1 -2 -4 -2 -4 -4 -3  2  6 -5  1 -3    6   2   8   3   0   0   0   2   2   2   1   2   0   0   1  15  51   0   5   1  0.86 inf
  161 A    3 -1  0  0 -1 -2  1 -2 -3 -4 -3 -2 -3 -1  3  1  2 -5 -2 -2   30   3   5   5   1   1   8   2   0   0   2   0   0   2  13  13  12   0   1   1  0.40 inf
  162 A    5 -4 -3  0  0 -3 -2  0 -2 -1 -4 -2 -3 -5 -2  1 -1 -5 -2  1   53   0   0   6   1   0   2   7   1   3   1   1   0   0   1  12   2   0   1   8  0.68 inf
  163 T    1 -4 -2 -3 -2 -4 -4 -2 -5 -4 -4 -4 -1 -5 -1  3  6 -6 -5 -2   11   0   1   1   1   0   0   3   0   0   0   0   1   0   3  18  58   0   0   3  1.16 inf
  164 A    3 -4 -3 -4 -1 -4 -4  3 -4 -2  2 -4  0  1 -2 -1 -3 -4  0 -3   33   0   1   0   1   0   0  22   0   1  26   0   2   6   1   3   0   0   3   0  0.53 inf
  165 D   -1 -2  4  4  1  0  2 -1 -3 -4 -3  1  1 -5 -4  1  0 -5 -4 -3    4   1  20  21   3   3  14   4   0   0   2   8   5   0   0   8   4   0   0   2  0.46 inf
  166 F    1 -4 -4 -2  0 -4 -3 -4 -4  0  1 -4  1  5 -2 -1  3 -3  2  0   13   0   0   2   2   0   1   1   0   4  12   0   4  26   2   2  19   0   6   7  0.46 inf
  167 V    6 -5 -5 -5  1 -4 -4 -1 -5 -2 -5 -4 -4 -6 -4  1 -2 -6 -5  1   74   0   0   0   2   0   0   4   0   1   0   0   0   0   0   8   1   0   0  11  1.36 inf
  168 A    6 -3 -5 -5 -4 -2 -4  1 -5 -5 -3 -4 -5 -6 -5  0 -4 -6 -5 -3   80   1   0   0   0   2   0   9   0   0   2   0   0   0   0   6   0   0   0   1  1.54 inf
  169 M    4 -4 -4 -4  3 -4 -4 -2 -4  0 -3 -4  1 -4 -4  1  2 -5 -2  3   38   0   0   0   7   0   0   2   0   4   0   0   3   0   0  10  14   0   1  19  0.66 inf
  170 T    2 -4 -3 -5 -4 -2 -1 -4 -5 -2  4 -4  6  3 -5 -4 -3 -4 -3 -2   18   0   1   0   0   2   4   1   0   0  38   0  22  13   0   0   1   0   0   1  0.85 inf
  171 A    7 -5 -3 -5  1 -5 -5 -2 -5 -5 -5 -5 -5 -6 -5  0 -1 -6 -6 -3   87   0   1   0   3   0   0   2   0   0   0   0   0   0   0   4   2   0   0   1  1.79 inf
  172 M    2 -2 -2 -4 -4  4 -2 -3  2  2  1 -2  2 -1 -4 -2  0 -4  0  0   16   1   1   0   0  23   1   1   5  11  17   1   6   3   0   2   5   0   2   4  0.33 inf
  173 A    5 -4  0 -4  4 -4 -4  2 -4 -3 -2 -4  2 -5 -4  1 -1 -5 -5 -2   48   0   4   0   8   0   0  17   0   1   3   0   6   0   0   9   3   0   0   2  0.79 inf
  174 A    4 -4 -4 -5 -4 -2 -4 -2  0 -5 -4 -4 -4 -3 -5  4 -3 -4  5 -4   33   0   0   0   0   1   0   2   2   0   0   0   0   0   0  37   0   0  24   0  1.14 inf
  175 R   -2  5 -2 -4 -4 -1 -2 -5 -2  2  2  0  1 -4 -1 -2 -2 -5 -2 -1    2  40   1   0   0   2   2   0   1  14  18   5   4   0   3   2   2   0   1   2  0.62 inf
  176 I   -1 -3  2 -4 -4 -2 -3 -4 -1  3  2 -4  1 -2 -5 -3 -1 -5 -4  4    4   1  11   0   0   2   1   1   1  17  18   0   3   0   0   1   2   0   0  37  0.60 inf
  177 F   -6 -6 -6 -7 -6 -6 -6 -7 -4 -4  0 -6 -1  7 -7 -6 -3  6  6 -5    0   0   0   0   0   0   0   0   0   0   7   0   1  47   0   0   2  12  30   0  1.99 inf
  178 R    1  3 -3 -2 -5  0  1 -3 -4 -3 -5  6 -3 -6 -4 -1 -2 -6 -5 -4   13  16   0   1   0   2   9   2   0   2   0  50   0   0   0   3   1   0   0   1  0.94 inf
  179 P   -1 -1  1  5 -5  1  1  0  0 -5 -5  0 -4 -5  3 -1 -1 -6 -4 -3    3   3   6  34   0   6   9   7   2   0   0   6   0   0  15   4   4   0   0   2  0.62 inf
  180 Y   -1  0 -3 -3 -4 -2 -2 -3 -2  2 -1 -1 -2  3 -4  0  1 -1  5  1    4   5   0   1   0   1   1   1   0  14   3   4   0  15   0   7   8   0  24   8  0.43 inf
  181 D   -3 -5 -1  8 -7 -2  1 -4 -4 -7 -7 -2 -6 -4 -1 -4 -5 -7  1 -7    2   0   2  76   0   1   7   1   0   0   0   2   0   1   4   0   0   0   5   0  1.89 inf
  182 P    3 -2 -3 -1 -5 -1 -1 -3 -3 -5 -4  1 -5 -6  6  1 -1 -3 -5 -3   23   2   1   3   0   2   3   1   0   0   1   8   0   0  44   9   3   0   0   1  1.06 inf
  183 Q    3 -2  0  2 -4  1  3  0 -2 -3 -3  0 -1 -5 -3  1  1 -5 -4 -2   26   0   3  11   0   6  21   6   1   1   1   4   1   0   1   8   9   0   0   2  0.38 inf
  184 Y   -4 -5 -6 -4 -6 -3 -6 -7 -3 -4  1 -6 -4  6 -7 -4 -5  0  8 -3    1   0   0   1   0   1   0   0   0   0  11   0   0  34   0   1   0   1  48   1  1.85 inf
  185 A    6 -5 -5 -5 -4 -2 -4 -4 -5 -5 -5 -4 -5 -6 -5  3 -3 -6 -6 -3   80   0   0   0   0   1   0   0   0   0   0   0   0   0   0  18   0   0   0   1  1.71 inf
  186 E    3 -1  1  3 -4  1  2 -1 -1 -4 -3  1 -3 -5 -3  0  0 -5 -4 -2   26   1   8  15   0   5  15   2   1   0   2  11   0   0   0   7   4   0   0   2  0.38 inf
  187 K   -2  3  0 -1 -3  1  2 -3 -1 -3 -1  4 -3 -4 -3 -1  2 -3 -1 -2    3  16   5   3   1   6  11   1   1   1   6  26   0   0   0   3  14   0   2   2  0.39 inf
  188 C   -2 -6 -4 -7  9 -6 -6 -6 -5 -1  3 -6  1 -2 -5 -1 -3 -5  3 -3    3   0   1   0  47   0   0   0   0   2  26   0   4   1   0   5   1   0  10   0  1.63 inf
  189 I   -2  0 -6 -6 -5 -1 -2 -3 -5  0  6 -3  0 -3 -6 -5 -4  2 -4 -2    3   6   0   0   0   3   3   2   0   3  73   2   2   0   0   0   0   3   0   1  1.09 inf
  190 N    2 -1  1  2 -4  2  2 -2 -1 -3 -4  2 -3 -3 -3  0  1 -5 -3 -2   17   2   8  12   0   8  13   2   1   1   1  16   0   1   0   5  11   0   0   2  0.33 inf
  191 A    4  0  0 -4 -1 -1 -1 -3  4 -2 -4  2 -3 -4 -4  0  0 -5  0 -1   41   5   4   0   1   2   3   0  13   2   0  14   0   0   0   4   5   0   3   3  0.57 inf
  192 A    7 -5 -5 -6 -4 -5 -5 -2 -6 -5 -6 -5 -5 -6 -5  1 -4 -7 -6 -4   90   0   0   0   0   0   0   1   0   0   0   0   0   0   0   9   0   0   0   0  1.97 inf
  193 K   -3  2 -2  0 -6  2  3 -4 -2 -1 -3  5 -3 -3 -4 -3 -3 -5 -4 -1    1  10   1   4   0   8  22   1   0   5   3  40   0   1   0   0   1   0   0   4  0.77 inf
  194 V    2  2  0  0 -4  0  2 -3 -2 -3 -1  2 -2 -3 -3  1  1 -4 -1 -2   17  13   4   5   0   4  13   0   0   1   7  15   0   1   0  11   8   0   2   1  0.26 inf
  195 S    5 -4 -4 -1  0 -4 -4  0 -5  0  3 -4  0 -4 -4 -1 -2 -5 -4 -2   48   0   0   4   2   0   0   6   0   4  28   0   2   0   0   4   1   0   0   1  0.72 inf
  196 Y   -6 -6 -7 -8 -7 -6 -7 -5 -4 -6 -4 -7 -3  4 -7 -6 -6 10  7 -6    0   0   0   0   0   0   0   1   0   0   1   0   1  14   0   0   0  42  41   0  2.81 inf
  197 E    2 -1  2  4 -4  2  2 -2 -1 -4 -3  1 -1 -5 -3  0  1 -5 -3 -3   18   2   8  22   0   8  12   1   1   0   1   8   1   0   0   6   9   0   1   1  0.42 inf
  198 F    2 -2 -6 -6 -3 -4 -3 -5 -4 -2 -1 -5 -1  6 -6 -4 -5  8  4 -4   17   2   0   0   0   1   2   0   0   1   4   0   1  37   0   1   0  20  14   0  1.42 inf
  199 L    5 -4 -4 -5 -4 -4 -4  1 -5 -2  2 -4  0 -3 -4 -2 -2 -5 -3 -2   57   1   0   0   0   0   0  10   0   1  23   0   2   1   0   1   2   0   1   1  0.91 inf
  200 K   -1  0 -1  1 -4  2  2 -1 -2  0  0  3  1 -3 -3 -1 -1 -4 -1  0    2   3   2   6   0   9  18   5   0   5   7  20   5   0   0   2   3   0   3   9  0.21 inf
  201 N    3  0  2 -1 -4  2  0 -1 -2 -3 -4  3 -3 -4 -3  0  1 -4 -4 -2   25   3   9   3   0   9   6   3   1   1   1  24   0   0   0   5   9   0   0   1  0.42 inf
  202 N   -1 -1  6 -2 -2 -1 -2 -2  6 -4 -4  0 -2 -2 -4 -1  0 -4  2 -4    5   3  36   0   1   2   2   3  21   0   1   7   1   2   0   3   6   0   7   1  0.83 inf
  203 P   -3  0 -3  0 -4 -1 -1 -4 -2 -2 -4  2 -3 -3  7 -1 -1 -4 -1 -3    1   5   1   4   0   2   4   1   1   2   1  11   1   1  54   4   3   0   2   2  1.21 inf
  204 A    0  0  2  2 -3 -1  1  3 -1 -3 -2  0 -1 -3 -2  1 -1  0 -3 -2    9   6  11  10   0   2  10  21   1   1   4   7   2   0   1   9   3   2   0   2  0.23 inf
  205 N    0  1  0  0 -2  0  0  1 -1  0  0  0  1 -1  0 -1  1 -3 -2  1    8   7   5   6   0   5   5  10   1   5   6   6   5   3   4   2   9   0   0  11  0.04 inf
  206 V   -1 -1 -2 -2  0 -2 -2 -2 -1  2  0 -1 -1  0  1 -2  1 -2  5  0    6   3   1   2   2   2   2   2   1  13  11   3   0   3   8   1   9   0  23   7  0.25 inf
  207 F    1 -2 -1 -2 -3  0 -3 -1 -2 -1 -2 -1  0  4  0  0  0  1  5 -1   15   2   3   2   0   4   1   5   0   2   2   3   2  18   4   6   5   2  21   4  0.34 inf
  208 A    1  1  0  2  1  0 -1 -2 -1 -2 -2  1 -2 -3  2  2  1 -3  0 -2   10  10   5  12   3   4   2   2   1   1   2   9   0   1   9  15   8   0   4   3  0.19 inf
  209 N   -1  0  4  2 -3  2  0  0 -1 -2 -2 -1 -1 -2  1  0 -1  0 -1 -2    5   4  22  13   1  10   5   7   1   2   3   2   2   1   8   5   4   1   2   3  0.26 inf
  210 Q    0 -2  2  3  0 -1 -1  1 -3 -2 -3 -1 -3 -2  4  1 -1 -4 -3 -1    5   1  10  16   2   2   3  11   0   2   2   3   0   2  20  13   3   0   0   5  0.37 inf
  211 S    0 -1  0  2 -3  1  1  1 -1 -1 -1 -1 -1 -1  2  1 -1 -3  1 -2    9   2   4  12   0   6   7  10   1   3   6   2   1   2  11  15   1   0   5   2  0.16 inf
  212 G    0 -2  0  2 -1 -2 -1  3 -2 -3 -3 -2 -3  1  0  1 -1 -3  1 -2    9   2   3  15   1   1   3  28   1   1   1   2   0   8   4   9   4   0   6   2  0.31 inf
  213 F    0 -1 -1  0 -2  0 -1 -1 -2  2  0 -1  0  1  0  0  0  0  1  1    7   2   3   8   1   3   3   5   0  16   4   3   2   6   4   6   5   1   6  13  0.05 inf
  214 S    1 -1  0 -1  0 -1 -2  3  0 -2 -2  0 -1 -2  0  1 -1 -3  0  0   13   2   3   3   2   3   1  24   2   2   4   7   1   1   3  15   2   0   5   8  0.19 inf
  215 T    0 -2  1 -1 -2 -1 -2  3 -2 -1 -3 -2 -3 -2  0  2  3 -4 -1 -2    8   1   5   3   1   2   1  23   1   3   1   1   0   2   5  19  20   0   2   1  0.36 inf
  216 G   -2 -3 -2 -1 -4 -1 -2  6 -3 -5 -5 -2 -4 -3 -1 -1 -2 -4  0 -3    2   1   1   3   0   2   3  67   1   1   1   2   0   1   3   4   3   0   4   1  1.17 inf
  217 E    2 -1 -2  0 -2  0  1  1 -1 -1 -2 -1 -2  2  2  0 -1 -2  2 -2   18   3   1   6   1   5   9   9   1   4   2   2   0  12  10   4   3   0   8   1  0.17 inf
  218 Y   -4 -5 -4 -3 -6 -5 -4 -3 -3 -5 -5 -5 -5 -1 -6 -4 -4  1 10 -5    1   0   1   2   0   0   1   2   0   0   0   0   0   1   0   1   1   1  87   0  2.82 inf
  219 A    0 -1  2  1 -2 -1  1  4 -2 -4 -3 -1 -2 -3  1  1  0 -4 -1 -3    8   3  10   8   1   2   9  30   0   0   1   3   1   1   7  10   4   0   2   1  0.36 inf
  220 T   -3 -3  1  6 -5 -2  1 -2  0 -5 -4 -1 -4 -4 -1  3 -2 -5 -4 -2    1   0   7  44   0   1   8   3   2   0   2   3   0   1   3  21   1   0   0   3  0.86 inf
  221 V    0  0  1  2 -3 -1  0  0 -1 -3 -2 -1 -3  0 -1  2  2  1 -1 -2    8   4   8  12   0   2   5   7   1   0   2   3   0   4   2  22  14   2   2   2  0.21 inf
  222 S   -1 -1  3  2 -1 -1  1 -1  1 -2 -3  0 -3 -1 -3  1  1 -1  3 -2    3   3  16  11   1   2  10   5   4   2   2   4   0   2   0  11   9   1  11   2  0.25 inf
  223 D   -1 -3 -1  4 -1 -3 -1 -1  0  0 -1 -2  0  2 -3 -2 -2  4  3  2    4   1   2  24   1   0   2   4   2   4   6   2   2  10   1   2   1   7  10  17  0.34 inf
  224 A    0  0  0  0 -2  0  1  0  0 -1 -1  0 -1 -1 -2  1  1  1  1 -1    9   4   5   5   0   3   9   7   2   4   6   7   1   2   0  11  13   2   5   5  0.07 inf
  225 D   -3 -5 -3  8 -7 -2 -1 -2  0 -7 -7 -5 -7 -7 -2 -1 -4 -8 -7 -7    2   0   0  82   0   1   1   3   2   0   0   0   0   0   2   5   1   0   0   0  2.10 inf
  226 D   -3 -4  0  5 -7 -1  6 -5 -1 -7 -5 -3 -6 -7 -5 -2 -4 -7 -6 -4    2   0   3  26   0   1  63   0   1   0   1   0   0   0   0   2   0   0   0   1  1.62 inf
  227 R   -1  4 -5 -5 -4 -2 -4 -5 -4  0  3 -1  3  4 -5 -4 -3  1  0 -2    5  23   0   0   0   1   0   0   0   4  30   2   9  20   0   0   0   2   3   2  0.69 inf
  228 L    2 -3 -4 -4  2 -2 -1 -3 -3  0  1 -3  0  2 -4  0 -1  0  4  0   22   0   0   0   5   1   6   1   0   6  12   0   3   9   0   8   2   1  19   6  0.36 inf
  229 W   -4 -7 -8 -8 -7 -6 -4 -5 -7 -1  0 -7  0  0 -8 -5 -3 12  0 -4    1   0   0   0   0   0   1   1   0   3   9   0   2   3   0   1   1  75   2   1  3.38 inf
  230 A    7 -5 -5 -5 -4 -5 -5  1 -5 -5 -4 -5 -2 -6 -5 -1 -4 -6 -3 -4   83   0   0   0   0   0   0  11   0   0   2   0   1   0   0   3   0   0   1   0  1.69 inf
  231 A    6 -4 -4 -4 -1 -4 -4 -1 -5 -5 -4 -4 -3 -6 -4  2 -3 -6 -3 -3   78   1   0   1   1   0   0   3   0   0   1   0   1   0   0  13   1   0   1   1  1.50 inf
  232 A    4 -4 -3 -4  4 -4 -3 -3 -4  1 -1 -4  2 -3 -4  0  1 -5 -4  2   40   0   1   0   9   0   1   0   0   7   5   0   5   0   0   7   8   0   0  16  0.62 inf
  233 E   -2 -3 -5 -1 -3 -1  6 -4 -2 -6 -5 -4  0 -4 -5 -2 -3  9  0 -6    4   1   0   2   1   2  47   1   1   0   1   0   3   0   0   3   1  31   3   0  1.73 inf
  234 M   -5 -6 -7 -7 -5 -4 -6 -7 -6 -1  6 -6  5 -3 -7 -6 -5 -5 -5 -3    0   0   0   0   0   1   0   0   0   1  85   0  13   0   0   0   0   0   0   0  1.87 inf
  235 W   -5 -6 -2 -7 -6 -6 -6 -7  0 -5 -1 -6 -4  5 -7 -5 -6  5  8 -5    0   0   3   0   0   0   0   0   2   0   7   0   0  21   0   1   0   6  61   0  2.16 inf
  236 E    0  3 -2 -2 -4  0  0 -4 -3  2  1  2 -1 -1 -4 -2 -1  1  0  0    7  17   1   2   0   4   6   0   0  15  15  17   1   2   0   2   2   2   3   4  0.23 inf
  237 T    5 -2 -2 -4  1 -4 -4 -4 -5 -2 -1 -2  0 -5 -4  0  4 -5 -5 -1   47   1   1   0   3   0   0   0   0   1   7   1   2   0   0   7  26   0   0   3  0.82 inf
  238 L   -4 -5 -4 -5 -5 -5 -4 -5 -6 -5 -4 -5 -5 -4 -5 -2  8 -7 -3 -4    0   0   0   0   0   0   0   1   0   0   1   0   0   1   0   2  95   0   1   0  2.43 inf
  239 G   -4 -6 -4 -5 -6 -6 -6  8 -6 -8 -8 -5 -7 -7 -6 -4 -5 -6 -7 -7    0   0   0   0   0   0   0 100   0   0   0   0   0   0   0   0   0   0   0   0  2.63 inf

                      K         Lambda
Standard Ungapped    0.1330     0.3180
Standard Gapped      0.0527     0.2670
PSI Ungapped         0.1726     0.3151
PSI Gapped           0.0527     0.2670
