
Last position-specific scoring matrix computed, weighted observed percentages rounded down, information per position, and relative weight of gapless real matches to pseudocounts
           A  R  N  D  C  Q  E  G  H  I  L  K  M  F  P  S  T  W  Y  V   A   R   N   D   C   Q   E   G   H   I   L   K   M   F   P   S   T   W   Y   V
    1 T   -2 -2  5 -1 -3 -1 -2 -2 -1 -3 -3 -2 -2 -4 -3  1  4 -4 -3 -1    0   0  48   0   0   0   0   0   0   0   0   0   0   0   0   8  39   0   0   5  0.76 inf
    2 P   -3 -5 -4 -2 -5 -4 -3 -5 -5 -5 -5 -3 -5 -6  9 -3 -3 -6 -5 -5    0   0   0   2   0   0   0   0   0   0   0   0   0   0  98   0   0   0   0   0  2.83 inf
    3 L   -1 -2  0 -2 -3 -1  0 -3 -3  1  0  0 -1 -3  4 -1  2 -4 -2  1    3   0   6   1   0   1   5   0   0   8  12   6   0   0  26   1  17   0   1  11  0.38 inf
    4 L    0 -2 -3 -4 -2 -2 -3 -4 -1  1  2 -2  0  0  1 -2 -1 -2  3  3    7   1   0   0   0   1   0   0   2   7  18   2   1   3   8   1   3   0  15  32  0.32 inf
    5 P   -1 -2 -1 -1 -3 -2 -2 -1 -3 -1 -1 -2 -2 -3  6 -1  2 -3 -3  1    2   2   3   2   0   1   2   3   0   2   5   1   0   1  45   4  13   0   1  11  0.78 inf
    6 E    1 -1 -2 -1 -4  2  4 -3 -2 -3 -3  4 -3 -4 -2  0 -1 -5 -4 -1   13   1   0   2   0  10  27   0   0   0   1  34   0   0   1   4   3   0   0   4  0.58 inf
    7 P   -3 -5 -4 -4 -5 -4 -4  4 -4 -2 -3 -4 -5 -6  7 -3 -3 -6 -6 -3    1   0   0   0   0   0   0  32   0   3   2   0   0   0  59   0   0   0   0   2  1.70 inf
    8 D   -2 -1  4  3 -3 -1 -1 -3  7 -4 -5 -1 -4 -4 -2  0  0 -5 -2 -5    3   2  22  17   1   2   2   0  35   0   1   4   0   0   1   5   5   0   0   0  0.95 inf
    9 V    1  0 -1  1 -3  0  1 -1 -1 -1 -2  1 -2 -2  4  1 -1 -4 -1 -1   11   4   1   9   0   4   9   3   1   5   4  10   0   1  21   9   3   0   2   5  0.26 inf
   10 Q    0  2  0  0 -3  1  2  2 -1 -3 -1  2  0 -3 -3  0  0 -2 -3 -2    7  10   3   4   0   5  15  18   1   0   8  15   3   0   0   5   4   0   0   1  0.21 inf
   11 A    0 -1 -2  1 -3  7  0 -3 -1 -5 -3  0 -2 -5 -3  0 -3 -5 -4 -4    9   2   1   8   1  62   4   1   1   0   2   2   0   0   0   5   0   0   0   1  1.14 inf
   12 V   -4 -5 -6 -6 -2 -5 -6 -6 -6  6  2 -5  0 -3 -5 -5 -3 -5 -4  3    0   0   0   0   0   0   0   0   0  63  14   0   1   0   0   0   1   0   0  21  1.30 inf
   13 T    0  3  1  2 -4  1  1 -3  0 -3 -3  4 -2 -4 -3 -1 -1 -5 -3 -3    8  20   6  10   0   6  10   1   1   1   1  29   1   0   0   2   3   0   0   1  0.47 inf
   14 R    0  3 -2  0 -5  2  2 -3 -2 -4 -4  5 -3 -5 -3 -2 -1 -2 -3 -4    7  19   0   5   0   9  15   0   0   1   1  39   0   0   0   0   2   1   1   0  0.71 inf
   15 L    6 -4 -4 -4  0 -4 -4 -2 -5 -1 -1 -4 -3 -4 -4 -2 -1 -5 -4 -1   84   0   0   1   1   0   0   0   0   3   5   0   0   0   0   0   2   0   0   3  1.30 inf
   16 T    4 -3 -4 -4 -2 -3 -4 -3 -4  2  2 -2  0 -2 -4 -2 -1  0 -3  3   37   0   0   0   0   0   0   0   0   9  19   1   1   0   0   1   2   2   0  26  0.52 inf
   17 Q   -1  1 -1  2 -5  3  4 -3 -1 -4 -3  3 -3 -5 -3  0 -1 -5 -3 -4    5   8   2  10   0  14  28   0   1   0   1  22   0   0   0   4   2   0   0   0  0.58 inf
   18 T    1 -3 -4 -4 -2 -2 -2 -4 -4  1  4 -3  4 -2 -4 -2  0 -3 -2  1   11   0   0   0   0   2   2   0   0   8  50   1  11   0   0   1   5   0   1   7  0.55 inf
   19 L   -4 -5 -6 -6 -4 -5 -5 -6 -5  6  4 -5  2 -1 -5 -5 -3 -4 -3  0    0   0   0   0   0   0   0   0   0  49  43   0   4   1   0   0   0   0   0   2  1.18 inf
   20 L    1  0  3 -1 -3  1  0 -1 -2 -2  1  2  0 -3 -3  0 -1 -4 -3 -1   13   5  21   2   0   5   5   3   0   1  15  16   3   0   0   7   2   0   0   2  0.20 inf
   21 A    2  0  2  0 -3  2  2 -1 -1 -3 -4  2 -3 -4 -3  1  0 -4 -2 -2   23   2  10   3   0  11  18   3   1   0   0  15   0   0   0   7   4   0   1   1  0.35 inf
   22 A    6 -4 -4 -4 -2 -3 -3  1 -4 -4 -4 -3 -4 -5 -3  2 -2 -5 -4 -3   74   0   0   0   0   0   0   8   0   0   0   0   0   0   0  17   0   0   0   0  1.25 inf
   23 E   -3  2 -2 -2 -4  2  3 -4 -1 -5 -5  6 -4 -5 -3 -1 -2 -5 -3 -4    0   9   1   1   0   7  21   0   1   0   0  55   0   0   0   2   1   0   1   0  1.04 inf
   24 R   -3  6  0 -3 -4  0 -2 -4  0 -5 -5  5 -3 -5 -4 -2 -3 -5 -4 -5    1  51   4   0   0   3   0   0   2   0   0  36   0   0   0   2   0   0   0   0  1.33 inf
   25 P   -3 -6 -5 -5 -6 -5 -5 -6 -6 -5 -6 -4 -5 -7  8 -4 -4 -7 -6  0    1   0   0   0   0   0   0   0   0   0   0   0   0   0  91   0   0   0   0   8  2.78 inf
   26 L    0 -4 -5 -5 -2 -4 -4 -4 -5  2  2 -4  2 -1 -4 -3 -2 -4 -1  5    7   0   0   0   0   0   0   0   0  10  22   0   5   1   0   0   1   0   2  51  0.77 inf
   27 I   -3 -5 -5 -5 -3 -4 -5 -6 -5  6  3 -5  3  1 -5 -4 -3 -4 -3  2    1   0   0   0   0   0   0   0   0  49  25   0   9   6   0   0   0   0   0   9  0.96 inf
   28 Y   -4 -5 -5 -6 -2 -4 -5 -6 -2  0  3 -5  0  1 -6 -5 -4  1  8 -3    0   0   0   0   1   0   0   0   0   5  28   0   2   3   0   0   0   1  60   0  1.57 inf
   29 Y    3 -4 -4 -4 -2 -3 -3 -3 -4  2 -1 -3 -1  1 -3  0  1 -4 -1  3   34   0   0   0   0   0   0   0   0  14   1   0   1   7   0   5   7   0   1  30  0.50 inf
   30 G   -3 -5 -3 -4 -6 -5 -5  7 -5 -7 -7 -5 -6 -6 -5 -3 -5 -6 -6 -6    0   0   0   0   0   0   0 100   0   0   0   0   0   0   0   0   0   0   0   0  2.40 inf
   31 I    0 -1 -2 -3 -3  2 -3  6  0 -2 -2 -2 -3 -3 -4 -2 -1 -4 -4 -1    5   4   1   0   0  11   0  60   2   3   4   2   0   1   0   0   3   0   0   4  0.87 inf
   32 G   -3 -5 -3 -4 -6 -5 -5  7 -5 -7 -7 -5 -6 -6 -5 -3 -5 -6 -6 -6    0   0   0   0   0   0   0 100   0   0   0   0   0   0   0   0   0   0   0   0  2.40 inf
   33 A    3 -4 -4 -4  0 -4 -4 -3 -4  1 -1 -4 -1 -3 -4 -2  1 -5 -4  5   34   0   0   0   2   0   0   1   0   7   1   0   1   0   0   0  10   0   0  44  0.73 inf
   34 R    2  2 -2 -3 -3  0 -1 -3 -1  2 -1  1  0 -3 -3  2 -1 -4 -2  0   18  13   1   0   0   2   1   0   1  14   5  10   3   0   0  25   0   0   0   7  0.25 inf
   35 K   -1  0  4  2 -4 -1  0  3  4 -4 -4  0 -4 -4 -3 -1 -2 -2 -3 -4    3   4  23  12   0   0   7  29  11   1   0   5   0   0   0   3   1   1   0   0  0.59 inf
   36 A    7 -4 -4 -4 -2 -4 -4 -2  0 -4 -4 -4 -3 -5 -4  0 -3 -5 -4 -3   89   0   0   0   1   0   0   1   3   0   0   0   0   0   0   5   0   0   0   0  1.53 inf
   37 G    2  2  0 -2 -2 -1 -1  2  4 -4 -4  0 -3 -4 -3  3  0 -4 -1 -3   17  12   3   1   1   1   1  15  11   0   0   4   0   0   0  26   6   0   1   1  0.39 inf
   38 K    2 -1 -1  3 -3  1  4 -2 -2 -4 -4  1 -3 -5  1 -1 -1 -5 -4 -3   19   3   1  16   0   7  30   1   0   0   1   9   0   0   8   2   2   0   0   1  0.50 inf
   39 E    0 -3 -2  0 -6  2  7 -4 -2 -4 -3 -2 -4 -5 -2 -1 -2 -4 -4 -3    7   0   0   2   0   7  72   0   0   0   3   0   0   0   1   3   1   0   0   1  1.24 inf
   40 L   -3 -5 -6 -6 -3 -4 -5 -6 -5  2  5 -5  0 -1 -5 -4 -3 -4 -3  3    1   0   0   0   0   0   0   0   0   8  69   0   1   2   0   0   0   0   0  19  1.09 inf
   41 E   -1  3 -2 -3 -3  1  0 -3 -2  1  1  1  1 -2 -3 -1  1 -3 -2  0    4  21   1   0   0   6   5   1   0   8  15  11   4   1   0   0  14   0   1   7  0.22 inf
   42 Q    2  0 -2  0 -4  3  4 -2 -2 -2 -4  1 -2 -4 -3 -1  0  0 -3 -2   18   5   1   3   0  13  39   1   0   2   0   9   0   0   0   2   4   1   0   2  0.55 inf
   43 L   -3 -5 -6 -6 -4 -5 -5 -6 -4  0  4 -5  0  6 -5 -5 -3 -3  0  0    1   0   0   0   0   0   0   0   0   4  52   0   1  35   0   0   0   0   1   6  1.11 inf
   44 S    5 -4 -4 -4 -3 -3 -3 -2 -4 -1 -3 -3 -3 -4 -3  2 -1 -5 -4  2   63   0   0   0   0   0   0   0   0   3   1   0   0   0   0  14   2   0   0  17  0.90 inf
   45 K   -2  2 -1  3 -5  0  5 -3  0 -4 -4  1 -4 -5 -3 -2 -2 -5 -4 -4    1  13   2  16   0   2  51   1   2   1   1   8   0   0   0   1   2   0   0   0  0.89 inf
   46 T    0  2 -1 -2 -3  0 -1 -3  0 -1  1  4  2 -2 -3 -1  0 -3 -2 -1    6   9   2   2   0   3   2   0   2   1  20  33   6   1   0   1   7   0   1   3  0.28 inf
   47 L    0 -3 -2 -3 -1 -1 -3 -3 -2  1  3 -3  1  2 -3 -1  3 -1  1  0   10   0   2   0   1   3   0   1   1  10  31   0   2  10   0   1  22   1   4   2  0.30 inf
   48 K   -1  0  3  0 -3  3 -1  3  1 -5 -4  2 -1 -4 -3 -1 -2 -2 -3 -4    4   4  14   5   0  15   2  29   4   0   1  17   1   0   1   2   0   1   0   0  0.50 inf
   49 I    3 -4 -4 -5 -2 -4 -4 -3 -3  5  1 -4  2  0 -4 -2 -1 -4  0  1   28   0   0   0   0   0   0   1   0  42   8   0   5   4   0   0   4   0   4   4  0.60 inf
   50 P   -4 -5 -5 -5 -6 -5 -4  0 -6 -6 -6 -4 -6 -5  9 -4 -4 -7 -6 -6    0   0   0   0   0   0   0   8   0   0   0   0   0   1  91   0   0   0   0   0  2.79 inf
   51 L   -1 -5 -5 -6  2 -5 -5 -6 -5  3  0 -5  0 -2 -5 -4 -2 -5 -4  6    3   0   0   0   4   0   0   0   0  18   5   0   2   1   0   0   1   0   0  68  1.17 inf
   52 M    1 -4 -3 -4 -1 -3 -4 -4 -4  3 -1 -3  1 -3 -4 -2  4 -5 -3  3   12   0   0   0   1   0   0   0   0  17   2   0   4   0   0   0  35   0   0  28  0.65 inf
   53 S   -1 -2  2 -2 -1 -1 -2 -2  2 -2 -2  1  0 -3 -3  2  5 -4 -2 -2    1   0  10   0   1   1   1   1   5   2   3   8   2   0   0  19  42   0   1   2  0.56 inf
   54 T    1 -4 -3 -4 -4 -3 -4 -4 -4 -4 -4 -3 -4 -5 -4  2  7 -5 -4 -3   10   0   0   0   0   0   0   0   0   0   0   0   0   0   0  15  75   0   0   0  1.48 inf
   55 Y   -1 -4 -4 -6 -4 -4 -5 -2 -5  0  6 -5  0 -1 -5 -4 -3 -4  0  0    6   0   1   0   0   0   0   4   0   2  78   0   1   1   0   0   0   0   3   4  1.03 inf
   56 P   -4 -4 -4 -5 -4 -2 -4 -6 -2 -2  3 -1  8 -3  3 -4 -3 -5 -4 -2    0   0   0   0   0   1   0   0   1   0  26   4  54   0  13   0   1   0   0   1  1.40 inf
   57 A    3 -5  0 -4 -4 -4 -4  6 -4 -6 -6 -4 -5 -6 -4 -2 -4 -5 -5 -5   24   0   4   0   0   0   0  71   0   0   0   0   0   0   0   1   0   0   0   0  1.50 inf
   58 K   -3  1 -3 -4 -4 -2 -3 -5 -4  0  3  5  0  0 -4 -3 -2 -4 -3 -2    1   7   0   0   0   1   0   0   0   5  39  40   1   4   0   0   1   0   0   1  0.69 inf
   59 G   -2 -5 -2  1 -5 -4 -1  7 -4 -6 -6 -4 -5 -6 -3 -2 -1 -5 -6 -6    1   0   1   8   0   0   5  80   0   0   0   0   0   0   1   1   4   0   0   0  1.56 inf
   60 I    4 -4 -3 -4  2 -3 -3  1 -4  2 -2 -3 -2 -3 -3  0  0 -4 -3  2   41   0   0   0   4   0   0  11   0  17   0   0   0   0   0   7   5   0   0  15  0.49 inf
   61 V   -4 -5 -5 -6 -4 -5 -5 -5 -3  3  1 -5  1  6 -5 -4 -3 -2  3  2    0   0   0   0   0   0   0   0   0  15  11   0   4  44   0   0   0   0  11  15  1.03 inf
   62 A   -1 -4 -3  1 -6 -4  0 -4 -4 -6 -5 -3 -5 -6  8 -1 -4 -7 -6 -5    4   1   1   8   0   0   6   0   0   0   0   0   0   0  75   5   0   0   0   0  2.02 inf
   63 D    1 -3  0  5 -2 -1  2  2 -1 -3 -4 -2 -3 -4 -1  0  0  2  0 -4   14   0   2  34   1   0  15  15   1   1   0   0   0   0   2   5   4   3   4   0  0.51 inf
   64 R   -1  0  2  4 -4 -1  1 -1  0 -4 -4 -1 -4 -5 -3  2  2 -5 -3 -4    2   4  11  30   0   0   9   3   2   0   0   2   0   0   0  21  15   0   0   0  0.57 inf
   65 Y   -3 -3  0  3 -5 -2 -2 -3  9 -5 -1 -3 -4  2 -5 -2 -4 -4  1 -5    1   0   3  21   0   0   1   1  51   0   7   0   0   8   0   2   0   0   5   0  1.35 inf
   66 P   -3  1 -3 -2 -6 -2  2 -4 -2 -5 -5  0 -5 -5  7 -3 -3 -5 -4 -4    0   8   1   2   0   1  14   0   1   0   0   7   0   0  64   1   0   0   0   0  1.65 inf
   67 A    0 -1  0 -3 -3  3 -2 -2  0 -2  3 -1  0  0 -3 -2 -2  0  2 -2   11   3   6   0   0  18   0   2   3   0  38   3   1   3   1   2   1   1  10   0  0.33 inf
   68 Y    0 -3  1 -3  2 -3 -3 -3  2 -2 -1 -3 -1  4 -4  2 -2  4  4  0    6   0   6   0   4   0   0   0   6   0   5   0   1  21   0  19   1   6  15   8  0.46 inf
   69 L   -2 -4 -4 -5 -2 -4 -4 -5 -4  2  4 -4  4 -2 -4 -3  2 -4 -2  2    1   0   0   0   1   0   0   0   0   8  53   0  13   0   0   0  13   0   0  11  0.78 inf
   70 G   -2 -4 -3 -4 -5 -5 -5  7 -3 -7 -6 -4 -6 -6 -5 -3 -4 -6 -6 -5    1   1   0   0   0   0   0  95   1   0   1   0   0   0   0   1   0   0   0   1  2.14 inf
   71 S   -2 -4  2 -4 -4 -3 -4 -2 -3 -2 -1 -4  9 -2 -3  2 -1 -2 -4 -3    2   0  10   0   0   0   0   2   0   0   2   0  59   1   1  19   2   1   0   0  1.37 inf
   72 A    1 -4 -3 -4 -3 -4 -4 -2 -4  2  4 -4  0 -2  3 -3 -1 -4 -3  0   11   0   1   0   0   0   0   3   0  15  47   0   1   0  14   0   4   0   0   5  0.55 inf
   73 N   -2 -5 -2 -4 -5 -5 -5  7 -5 -7 -6 -4 -6 -2 -5 -3 -4 -5 -1 -6    2   0   1   0   0   0   0  93   0   0   0   0   0   2   0   0   0   0   2   0  2.08 inf
   74 R   -4  3 -5 -6 -5 -1 -4 -6 -2 -2  1  0  9 -3 -5 -4 -4 -5 -4 -3    0  16   0   0   0   2   0   0   1   1  11   4  65   0   0   1   0   0   0   0  1.68 inf
   75 V   -4 -4 -3 -5 -5 -3 -4 -5 10  2  0 -4 -3 -4 -5 -4 -4 -5 -1  1    1   0   0   0   0   0   0   0  66  11  10   0   0   0   0   0   0   0   0  12  1.86 inf
   76 A    0 -5 -3 -4 -5 -5 -5  7 -5 -7 -6 -4 -5 -6 -5 -3 -4 -5 -6 -6    8   0   0   0   0   0   0  92   0   0   0   0   0   0   0   0   0   0   0   0  2.09 inf
   77 Q   -1 -3 -2 -3 -1 -1 -3 -4 -3 -3 -3 -2 -2 -4 -1  2  6  3 -4 -3    5   1   1   0   1   2   0   0   0   0   1   1   0   0   3  14  66   4   0   0  1.10 inf
   78 K    0  2 -3 -4 -4 -2 -2 -4 -1 -2 -2  4 -2  1 -3 -3 -3 -1  6  1    8  10   0   0   0   0   1   0   0   2   1  29   0   3   1   0   0   0  30  13  0.65 inf
   79 P    2 -3 -3 -3 -1 -2  2 -3 -1 -4 -4 -3 -4 -2  5 -1  1  0  3 -3   19   0   0   0   1   0  19   0   1   0   0   0   0   1  32   2   9   2  14   0  0.78 inf
   80 A    6 -4 -3 -4 -2 -3 -3  0 -4 -4 -4 -3 -4 -5 -3  3 -2 -5 -4 -2   73   0   0   0   0   0   0   5   0   0   0   0   0   0   1  19   1   0   0   1  1.19 inf
   81 N   -3 -4  7 -2 -5 -1 -3 -4 -2 -4 -5 -3 -4 -2 -5 -3 -2 -4  4  1    1   0  66   1   0   2   0   0   0   0   0   0   0   1   0   0   1   0  16  12  1.46 inf
   82 E   -1  0 -1 -1 -4  1  3 -3 -2 -2  0 -1  5  1 -4 -2 -1 -3  2 -2    5   4   2   3   0   4  27   2   0   1   6   3  25   6   0   1   3   0   8   0  0.43 inf
   83 A    6 -4 -4 -4 -2 -3 -3 -2 -4 -1  0 -3  0 -4 -3 -1  0 -5 -4  0   71   0   0   0   0   0   0   2   0   3   8   0   2   0   0   2   6   0   0   5  0.94 inf
   84 L   -1 -4 -5 -5 -3 -1 -4 -4 -4  2  2 -4  7 -2 -5 -4 -2 -4 -3  3    4   0   0   0   0   3   0   1   0  12  16   0  38   0   0   0   1   0   0  25  0.93 inf
   85 A   -1  1  0 -1 -2  4  0 -2  4 -3 -2  0 -1 -1 -2  1  1 -3  0 -3    2   8   4   2   1  26   4   2  13   1   2   3   2   2   1  11  12   0   4   0  0.38 inf
   86 Q   -1  0  3  3 -5  1  4 -2  4 -5 -5  1 -4 -4 -3 -1 -2 -5 -2 -3    3   4  13  14   0   5  33   2  14   0   0   7   0   0   0   2   0   0   1   1  0.65 inf
   87 A    4 -4 -4 -4  8 -4 -4 -3 -5 -4 -4 -4 -4 -5 -4  2  1 -5 -5 -3   35   0   0   0  39   0   0   0   0   0   0   0   0   0   0  16   9   0   0   0  1.38 inf
   88 D   -5 -5 -2  8 -7 -4 -2 -5 -4 -7 -7 -4 -7 -7 -5 -3 -4 -8 -7 -7    0   0   0 100   0   0   0   0   0   0   0   0   0   0   0   0   0   0   0   0  2.63 inf
   89 V   -2 -4 -5 -5 -1 -4 -4 -5 -5  0  5 -4  0 -1 -4 -3  2 -4 -3  3    2   0   0   0   1   0   0   0   0   0  57   0   1   2   0   0  15   0   0  22  0.81 inf
   90 V   -3 -5 -5 -6 -3 -4 -5 -6 -5  4  5 -5  2 -1 -5 -4 -3 -4 -3  2    0   0   0   0   0   0   0   0   0  23  56   0   5   0   0   0   0   0   0  15  1.00 inf
   91 L   -3 -5 -5 -6 -3 -5 -5 -6 -5  5  3 -5  1  2 -5 -4 -3 -4 -3  2    0   0   0   0   0   0   0   0   0  46  32   0   2   9   0   0   0   0   0  11  0.98 inf
   92 F    4 -3  0 -4  1 -3 -3 -1 -3 -1 -2 -3  3  2 -3  0  0  3 -2 -1   46   0   5   0   3   0   0   3   0   2   0   0  10  11   0   6   7   4   0   3  0.51 inf
   93 V   -1 -5 -5 -5 -3 -4 -5 -5 -5  5  2 -5 -1  0 -5 -4 -3 -4 -3  5    4   0   0   0   0   0   0   0   0  33  15   0   0   3   0   0   0   0   0  45  0.95 inf
   94 G   -3 -5 -3 -4 -6 -5 -5  7 -5 -7 -7 -5 -6 -6 -5 -3 -5 -6 -6 -6    0   0   0   0   0   0   0 100   0   0   0   0   0   0   0   0   0   0   0   0  2.40 inf
   95 N    4 -3  1 -3  1 -3 -3 -2 -3 -2 -2 -3  0 -4 -3  2  3 -5 -4  1   40   0   6   0   3   0   0   0   0   1   1   0   2   0   0  16  20   0   0  10  0.55 inf
   96 N   -4  7  4  0 -6 -2 -3 -4 -3 -6 -5 -1 -4 -6 -5  1 -3 -6 -5 -5    0  67  19   4   0   0   0   0   0   0   0   0   0   0   0  10   0   0   0   0  1.49 inf
   97 Y   -5 -6 -6 -6 -5 -6 -6 -6 -4 -3 -2 -6  0  9 -6 -2 -5  0  3 -3    0   0   0   0   0   0   0   0   0   0   1   0   2  83   0   3   0   1   9   1  2.18 inf
   98 P   -3 -4  0  6 -6 -3 -1 -4 -2 -6 -6 -3 -5 -6  5  0 -3 -7 -5 -5    2   0   2  54   0   0   1   0   1   0   0   0   0   0  32   8   0   0   0   0  1.50 inf
   99 F   -5 -5 -2  7 -6 -4 -2 -5 -3 -5 -5 -4 -5  4 -5 -3 -4 -4  4 -5    0   0   0  67   0   0   0   0   0   0   0   0   0  17   0   0   0   0  16   0  1.66 inf
  100 A    0  7 -3 -4 -5  0 -3 -4 -3 -5 -3 -1 -4 -5 -4  1  0 -5 -4 -2    7  69   0   0   0   2   0   1   0   0   2   0   0   0   0  10   7   0   0   3  1.28 inf
  101 E   -2 -3 -2  0 -2  1  1 -3 -2  2 -1 -2 -1 -3 -2 -2  0 -4 -3  5    1   0   1   5   0   8   9   2   1   8   4   1   0   0   2   2   7   0   0  51  0.47 inf
  102 V   -2 -4 -2 -4 -3 -3 -4 -4 -3  1 -1 -3 -2  3 -4 -2  6 -3  3  1    1   0   1   0   0   0   0   0   0   7   3   0   0  13   0   0  54   0  10  10  0.85 inf
  103 S   -1 -3  0 -2 -3 -3 -1  5 -3 -3  1 -3 -1 -2 -1  0 -2 -3 -2 -3    2   1   4   1   0   0   4  55   0   1  17   1   2   1   3   5   1   0   2   1  0.69 inf
  104 K   -2  2  1  0 -4  0  1 -1  2 -4 -3  4 -3 -4  3 -1 -2 -4 -3 -3    2   9   7   5   0   3   8   3   5   1   1  35   0   0  16   4   1   0   0   1  0.52 inf
  105 A    0 -1 -1  0 -3  0  2 -1  1 -2 -1  1  0  2 -2  1  2  1 -1 -2    8   2   0   4   0   2  18   3   3   0   4   9   2  12   1  10  16   2   1   0  0.18 inf
  106 F   -1 -5 -5 -3 -3 -4 -5 -4 -3 -1  0 -5 -2  8 -5 -3 -4  1  1 -2    5   0   0   2   0   1   0   1   0   3   6   0   0  74   0   1   1   2   3   1  1.58 inf
  107 K    4 -1 -1 -1  3 -1 -2  0 -2 -3 -3  1 -3 -4  1  1 -1 -4 -4 -2   49   3   3   3   7   2   1   6   0   0   0   9   0   0   8   6   2   0   0   0  0.52 inf
  108 N   -2 -1  1  0 -3  1 -1 -2 -3 -5 -5  2 -4 -5  7 -1 -2 -5 -5 -4    1   2   6   4   0   7   2   2   0   0   0  16   0   0  52   4   1   0   0   0  1.22 inf
  109 T    0  0  4  2 -2  0  0  0  4 -4 -4  1 -3 -3 -1 -1 -1 -4 -1 -2    9   4  29  10   1   3   5   6  11   0   1  10   0   1   2   1   2   0   2   3  0.38 inf
  110 R    5  2 -3 -2 -2 -3 -1 -2 -4 -1 -4 -1 -2 -4 -3  0 -2 -5 -4 -1   68  14   0   2   0   0   2   0   0   3   0   2   1   0   0   4   1   0   0   3  0.87 inf
  111 Y    0  1 -1 -2 -4  1 -1 -2 -2 -3 -4  6 -3 -5 -3 -1  1 -5 -2 -3    7   6   1   1   0   4   2   1   0   1   0  60   0   0   0   3  11   0   2   1  0.84 inf
  112 F   -1 -3 -4 -4  1 -3 -3 -4 -3  5 -1 -1 -1  2 -3 -3 -1 -3  0  4    5   0   0   0   3   0   1   1   0  38   1   5   0   9   0   1   3   0   3  28  0.56 inf
  113 L   -1 -5 -6 -6 -4 -5 -5 -6 -6  7  0 -5  0 -3 -5 -4 -3 -5 -4  3    4   0   0   0   0   0   0   0   0  69   5   0   1   0   0   0   0   0   0  21  1.36 inf
  114 Q   -5 -3 -3 -4 -6  6 -2 -5 10 -6 -6 -3 -4 -5 -5 -4 -5 -6 -2 -6    0   0   0   0   0  35   0   0  65   0   0   0   0   0   0   0   0   0   0   0  2.48 inf
  115 I    0 -5 -4 -6 -4 -5 -5 -6 -6  7  0 -5 -1 -1 -5 -4 -3 -5 -4  3    8   0   1   0   0   0   0   0   0  72   3   0   0   1   0   0   0   0   0  15  1.32 inf
  116 D   -5 -5 -1  8 -7 -3  0 -5 -4 -6 -7 -4 -6 -7 -5 -3 -4 -8 -6 -6    0   0   1  96   0   0   3   0   0   0   0   0   0   0   0   0   0   0   0   0  2.44 inf
  117 I   -3 -5  0 -4 -4 -5 -5 -6 -5  7 -1 -5 -2 -3 -5 -3 -1 -5 -4  2    1   0   5   0   0   0   0   0   0  76   1   0   0   0   0   2   4   0   0  10  1.36 inf
  118 D   -5 -3  2  8 -7 -3 -1 -4 -4 -6 -7 -2 -6 -7 -5 -3 -4 -7 -6 -6    0   1   9  88   0   0   1   0   0   0   0   2   0   0   0   0   0   0   0   0  2.18 inf
  119 P   -1 -4 -5 -4 -6 -4 -3 -1 -5 -6 -6 -3 -5 -7  8 -2 -2 -7 -6 -5    5   1   0   0   0   0   1   4   0   0   0   1   0   0  84   2   2   0   0   0  2.40 inf
  120 A    5 -2 -2 -2 -3 -2  0 -2  0 -4 -3 -1 -3 -4 -3  2  2 -5 -2 -2   51   2   0   1   0   1   6   1   2   0   0   3   0   0   0  18  13   0   1   0  0.65 inf
  121 K   -1 -1  0 -1 -3  0  4 -3 -1 -3 -3  2  2 -4 -3  3 -1 -5 -3 -2    2   1   5   1   0   2  38   0   1   0   1  11   7   0   0  25   2   0   1   2  0.58 inf
  122 L   -4 -5 -6 -6 -4 -4 -6 -6 -5  7  2 -5  0  1 -5 -5 -3 -5 -3  2    0   0   0   0   0   1   0   0   0  72  13   0   1   6   0   0   0   0   0   7  1.34 inf
  123 G   -1 -2  1 -2 -4 -2 -3  6 -1 -6 -6 -3 -5 -5 -4  3 -3 -5 -5 -5    1   2   5   2   0   1   0  63   1   0   0   1   0   0   0  23   0   0   0   0  1.22 inf
  124 K   -3  1 -3 -4 -6 -2 -2 -5  0 -5 -3  7  2 -5 -4 -3 -4 -6 -4 -5    0   5   0   0   0   0   0   0   3   0   3  83   5   0   0   0   0   0   0   0  1.62 inf
  125 R   -4  5  6 -2 -5 -1 -3 -4 -2 -1 -4 -1 -3 -5 -5 -2  1 -6 -4 -2    0  38  44   0   0   1   0   0   0   5   0   0   0   0   0   0   8   0   0   3  1.16 inf
  126 H   -3  2 -3 -4 -3 -3 -3 -5  5  2 -2 -1 -1  0 -4 -3 -2 -3  3  4    0  15   0   0   0   0   0   0  15  11   0   3   1   3   0   0   1   0  13  37  0.65 inf
  127 K    0  1  0  1 -3  1  0 -2  2 -2 -3  2 -1 -3  3  0  0 -4 -2 -2    7   9   4   6   0   8   4   1   6   2   1  19   1   0  17   5   6   0   1   3  0.31 inf
  128 T    2 -4 -2 -4 -3 -3 -4 -4 -4  1 -2 -3 -2 -1  1 -2  2 -4 -1  4   20   0   2   0   0   0   0   0   0   5   1   0   0   3   7   1  16   0   2  44  0.56 inf
  129 D   -3 -3  1  7 -6  0  2 -4  2 -5 -5 -2 -5 -6 -4 -2 -1 -6 -4 -5    2   0   6  64   0   2  13   0   6   0   0   1   0   0   0   1   4   0   0   0  1.32 inf
  130 I   -1 -5 -5 -5 -1 -4 -5 -5 -3  4  1 -4  0 -2 -5 -4 -2 -5 -1  5    3   0   0   0   1   0   0   0   1  26  10   0   1   0   0   0   0   0   2  56  0.99 inf
  131 A    2 -4  1 -4 -5 -4 -4  2 -3 -5 -5 -3 -5 -6  7  0 -3 -6 -5 -4   16   0   7   0   0   0   0  13   0   0   0   0   0   0  58   5   0   0   0   0  1.50 inf
  132 V   -4 -5 -6 -6 -2 -5 -6 -6 -6  7  2 -5  1 -3 -5 -5 -3 -5 -4  2    0   0   0   0   0   0   0   0   0  72  14   0   2   0   0   0   0   0   0  11  1.42 inf
  133 L   -2 -4 -5 -4 -2 -3 -4 -6 -5  1  2 -4 -1 -3 -5 -4 -3 -5 -4  6    2   1   0   1   1   1   0   0   0   4  19   0   0   0   0   0   0   0   0  71  1.14 inf
  134 A    2 -5 -3 -4 -1 -4 -4  6 -5 -6 -6 -4 -5 -6 -4 -1 -4 -5 -5 -5   20   0   0   0   1   0   0  75   0   0   0   0   0   0   0   4   0   0   0   0  1.58 inf
  135 D   -4 -4  0  8 -6 -2 -1 -4 -3 -6 -7 -3 -6 -6 -1 -2 -4 -7 -5 -5    1   0   3  87   0   1   1   0   0   0   0   1   0   0   2   3   0   0   0   0  2.01 inf
  136 A    5 -4 -4 -4  3 -3 -4 -3 -4  0 -1 -3 -2 -4 -4  1 -2 -5 -4  3   50   0   0   0   6   0   0   0   0   3   4   0   0   0   0   8   1   0   0  27  0.75 inf
  137 Q    0  3 -2 -1 -5  0 -1  0 -2 -5 -4  6 -4 -5 -2 -2 -2 -5 -4 -4    8  16   0   3   0   4   1   8   0   0   1  57   0   0   1   1   1   0   0   0  0.92 inf
  138 K    1  0  1  1 -2  2  2 -2  0 -1  0  2 -1 -3 -1  0  0 -2 -1 -1   11   3   6   5   0   8  19   0   2   3   9  13   0   0   1   6   7   0   2   3  0.16 inf
  139 T    3 -4 -4 -4 -2 -3 -4 -2 -4  1 -2 -3 -2  0 -4  0  2 -4 -3  5   24   0   0   0   0   0   0   3   0   5   0   0   0   4   0   4  15   0   0  44  0.61 inf
  140 L   -2 -5 -6 -6 -4 -5 -5 -6 -5  3  6 -5  0 -1 -5 -5 -4 -4 -3  0    2   0   0   0   0   0   0   0   0  13  80   0   1   1   0   0   0   0   0   3  1.29 inf
  141 A    1  2  0  0 -3  2  1 -1  1 -2 -2  2 -2 -3 -2  0  1 -4 -2 -2   15  15   3   5   0  11   9   3   5   1   2  12   0   1   1   6   9   0   0   3  0.22 inf
  142 A    2  1 -1  2 -4  2  3 -1 -2 -3 -2  1  0 -4 -3  0 -2  0 -3 -2   22   6   1  12   0  11  24   3   0   1   3   7   3   0   0   4   0   1   0   1  0.35 inf
  143 I   -3 -5 -6 -6 -4 -4 -5 -6 -5  3  5 -4  6  0 -5 -5 -3 -4 -3 -1    1   0   0   0   0   0   0   0   0  14  63   0  20   2   0   0   0   0   0   1  1.20 inf
  144 L   -3 -3  2 -3 -2 -3 -4 -5 -3  3  4 -3  0 -2 -4 -2  1 -4 -2  1    1   1  11   0   0   0   0   0   0  23  42   0   1   0   0   1  10   0   0   7  0.55 inf
  145 A    1 -1 -1  1 -3  1  3 -2  0 -4 -4  2 -3 -4  3  0 -1 -5 -3 -3   17   2   2   8   0   5  27   1   2   0   1  13   0   0  13   5   2   0   0   1  0.45 inf
  146 Q    1  1  0 -2 -2  2  1 -2  1 -1  1  1  1 -1 -2 -1 -1 -1  0 -1   15   6   4   1   0  11   9   2   3   3  17  12   5   1   0   2   2   1   4   3  0.10 inf
  147 V    0 -3 -2 -2 -2 -3 -3  0 -4  3  2 -3  1 -1 -3 -1 -1  2 -1  2    7   0   2   2   0   0   1   8   0  18  28   0   2   2   1   6   1   3   1  19  0.26 inf
  148 S    0  2 -1  1 -4  1  3 -1 -2 -3 -3  3 -2 -4  0  0 -1 -4 -3 -2    6  11   2   8   0   6  24   4   0   1   2  20   1   0   4   5   2   0   0   3  0.35 inf
  149 E    1  2 -1  0 -2  2  2 -2  1 -3 -3  2 -3 -3  2 -1 -1 -4  0 -2   11  12   1   4   1   8  18   2   3   0   1  16   0   1  11   3   3   0   3   1  0.33 inf
  150 R    0  2  0 -1 -1  1  1 -1  0 -1 -1  2 -1 -3 -1  0  0 -4 -2  0    8  12   3   2   1   6   7   3   2   3   7  20   1   0   3   6   5   0   0  11  0.13 inf
  151 E    0 -1  1  2 -3  1  3  0  1 -3 -3  1 -2 -4  2  0  0 -4 -3 -3    6   2   5  12   0   7  24   5   3   1   1   8   0   0  12   6   5   0   0   0  0.36 inf
  152 S    0  0  1  3 -2  0  2 -2  3 -2 -2  0 -2 -3  0  0  0 -2 -1 -2    7   5   7  21   1   3  14   1   9   2   4   5   0   0   3   7   6   1   1   2  0.25 inf
  153 T    0  3 -1  0 -3  0  0 -1  1 -3 -3  2 -3 -2  0  2  2 -2 -2 -2    6  21   2   6   0   3   5   3   3   1   1  11   0   1   4  15  15   1   0   1  0.29 inf
  154 P    1 -1  0  2 -2  0  2  0 -1 -4 -3  1 -3 -4  4  1 -1 -4 -4 -3   16   2   3  11   1   3  12   6   1   0   1   8   0   0  20  11   3   0   0   1  0.40 inf
  155 W    0 -2 -3 -1 -5 -1 -1 -4 -2 -4 -2 -3 -4  3 -5 -4 -4 11 -1 -4    8   3   1   4   0   3   5   1   1   1   3   2   0  12   0   1   1  54   1   0  1.99 inf
  156 W   -3  2 -3 -4 -4 -2 -3 -4 -1 -1  3 -3 -1 -1 -4 -3  0  9  3 -2    1  11   1   0   0   1   1   1   2   3  29   1   1   2   0   1   8  26  10   1  0.94 inf
  157 Q    0  1  0  2 -4  3  3 -2  0 -3 -2  3 -2 -4 -2  0 -1 -4 -2 -3    6   7   4  10   0  14  22   2   3   1   3  18   1   0   1   4   3   0   1   1  0.38 inf
  158 A    3  0 -1 -1 -2  0  1 -1 -1 -2 -2  2 -2 -2  0  1  1 -3 -2 -1   31   3   2   3   1   4  11   4   1   1   3  14   1   1   3   7   7   0   1   3  0.23 inf
  159 N    1 -2  1 -2  2 -1 -2 -2  0  1 -1 -2 -1 -1 -2 -1 -1  8 -1  1   11   2   8   2   5   3   2   2   2   8   6   2   1   2   2   4   4  24   1   9  0.51 inf
  160 L   -1  0 -1 -2 -1  1  0 -2 -1  1  2  0  0 -1 -2 -1  0  5 -1  1    4   4   2   1   1   8   8   2   2   7  25   5   2   1   1   2   4  10   1  10  0.19 inf
  161 A    2  0  0  1 -3  1  3 -1 -1 -3 -2  2 -2 -3 -1  0 -1 -3 -2 -2   21   4   3   8   0   6  19   2   1   1   2  18   0   1   2   6   3   0   1   1  0.29 inf
  162 N   -2  2  3  2 -4  4  0 -2  1 -4 -3  1 -1 -3 -3 -1 -1  1 -2 -3    2  12  18  12   0  26   4   2   3   0   2   6   1   1   0   2   3   2   1   1  0.52 inf
  163 V   -3  0 -3 -5 -2 -3 -4 -5 -2  5  1  2  3 -2 -5 -4 -2  0 -2  3    1   4   1   0   0   1   0   0   1  42   9  14   7   0   0   0   2   1   1  17  0.68 inf
  164 K    2  1  2  2 -4  2  4 -2 -1 -5 -4  2 -2 -5 -3 -1 -2 -5 -3 -4   18   5   9   9   0   8  26   2   1   0   0  16   1   0   0   3   1   0   0   0  0.51 inf
  165 N   -1  2  3  0 -4  1  3  0  0 -4 -3  2 -3 -3 -3  0  0 -5 -3 -2    4  14  17   4   0   7  21   6   2   0   1  10   0   1   0   5   4   0   0   3  0.37 inf
  166 W   -7 -7 -8 -9 -7 -7 -6 -7 -7 -7 -5 -8 -6 -2 -8 -7 -7 13  2 -4    0   0   0   0   0   0   0   0   0   0   0   0   0   1   0   0   0  93   5   1  4.59 inf
  167 R   -4  6 -1  1 -6  0 -1 -5  0 -5 -4  4 -4 -5 -4 -3 -3  5 -4 -4    0  42   2   9   0   2   2   0   2   0   1  27   0   0   0   0   0  10   0   1  1.11 inf
  168 A    2 -2 -2  1 -4  2  4 -2 -3 -4 -4  3 -3 -5 -3  1 -2 -5 -4 -4   24   0   1   9   0   7  29   1   0   0   0  19   0   0   0   9   1   0   0   0  0.60 inf
  169 Y   -4 -4 -4 -6 -5 -4 -4 -5  3 -4 -3 -4 -3  2 -5 -4 -4 10  7 -4    0   0   0   0   0   0   0   0   7   0   0   0   0   4   0   0   0  45  44   0  2.22 inf

                      K         Lambda
Standard Ungapped    0.1310     0.3166
Standard Gapped      0.0563     0.2670
PSI Ungapped         0.1830     0.3117
PSI Gapped           0.0563     0.2670
