
Last position-specific scoring matrix computed, weighted observed percentages rounded down, information per position, and relative weight of gapless real matches to pseudocounts
           A  R  N  D  C  Q  E  G  H  I  L  K  M  F  P  S  T  W  Y  V   A   R   N   D   C   Q   E   G   H   I   L   K   M   F   P   S   T   W   Y   V
    1 I   -4 -6 -6 -6 -4 -5 -6 -7 -6  7  2 -6  2 -3 -6 -5 -3 -5 -4  4    0   0   0   0   0   0   0   0   0  59  14   0   4   0   0   0   0   0   0  23  1.42 inf
    2 G   -4 -4 -4 -5 -7 -6 -6  8 -6 -8 -8 -5 -7 -7 -6 -4 -6 -7 -7 -7    0   1   0   0   0   0   0  99   0   0   0   0   0   0   0   0   0   0   0   0  2.62 inf
    3 V   -2 -6 -6 -5 -4 -6 -6 -7 -7  4 -1 -6 -2 -3 -6 -5 -3 -6 -5  7    2   0   0   0   0   0   0   0   0  23   2   0   0   0   0   0   0   0   0  71  1.65 inf
    4 C   -4 -5  7 -3  9 -5 -5 -5 -4 -5 -6 -5 -6 -7 -6 -3 -2 -7 -6 -5    1   0  57   0  37   0   0   0   0   0   0   0   0   0   0   1   3   0   0   1  2.34 inf
    5 Y   -6 -6 -1 -7 -5 -6 -6 -7 -1 -1 -5 -6 -5  0 -7 -6 -6  7  9 -4    0   0   3   0   0   0   0   0   1   4   0   0   0   1   0   0   0  15  75   1  2.71 inf
    6 G   -4 -6 -4 -5 -7 -6 -6  8 -6 -8 -8 -6 -7 -7 -6 -3 -6 -7 -7 -7    0   0   0   0   0   0   0  99   0   0   0   0   0   0   0   1   0   0   0   0  2.65 inf
    7 V   -2  4 -2 -4 -4  2 -2 -4 -4 -2 -1 -1  4 -3 -4 -2  4 -5 -4  0    1  26   1   0   0  10   1   0   0   1   5   3  13   1   0   1  28   0   0   8  0.68 inf
    8 I   -2 -2  2  0 -3  0 -3 -4 -2  3  2 -2  3 -2 -4 -2 -2 -4 -2  2    2   2  12   5   0   5   1   0   1  17  23   1   9   0   0   3   1   0   1  19  0.36 inf
    9 G    4 -5 -4 -5 -4 -4 -5  5 -5 -4 -3 -4 -2 -6 -5  0 -2 -6 -5 -3   38   0   0   0   0   0   0  50   0   0   2   0   1   0   0   6   1   0   0   2  1.25 inf
   10 N   -4 -4  6  5 -6 -3 -2 -4 -3 -5 -5 -3 -5 -3 -5  2  1 -7 -5 -4    1   0  40  34   0   0   0   0   0   0   1   0   0   1   0  13   8   0   0   1  1.29 inf
   11 N   -5 -2  8  2 -7 -3 -3 -2  5 -7 -7 -4 -6 -7 -6 -2 -2 -7 -5 -5    0   2  68  11   0   0   0   2  12   0   0   0   0   0   0   1   1   0   0   1  1.89 inf
   12 L   -5 -3 -6 -6 -5 -1 -6 -7 -6  0  6 -3  1 -3  1 -4 -4 -5 -4 -2    0   2   0   0   0   3   0   0   0   4  78   2   3   0   8   1   0   0   0   0  1.36 inf
   13 P   -4 -6 -6 -6 -7 -5 -5 -7 -6 -1  1 -5 -2 -7  8 -5 -5 -7 -7 -5    1   0   0   0   0   0   0   0   0   3  13   0   1   0  81   0   0   0   0   0  2.51 inf
   14 S    0 -3 -2 -1 -5 -2 -3 -3 -1 -5 -3 -3 -5 -6  6  4  0 -6 -5 -5    6   1   1   3   0   2   0   1   1   0   2   1   0   0  37  39   5   0   0   0  1.18 inf
   15 R    2  0 -4 -3 -6 -3 -2 -4 -2 -6 -5 -2 -6 -7  8 -3 -3 -4 -6 -5   17   6   1   2   0   1   2   1   1   0   1   2   0   0  65   1   1   0   0   1  1.80 inf
   16 S    2 -1  0  2 -1  2  1 -1  0 -4 -4  0 -3 -4  0  3  1 -3 -2 -3   15   2   3  10   1   9   7   2   2   0   0   5   0   0   5  30   7   0   2   1  0.37 inf
   17 D    0  1  0  3 -4  3  3 -3 -1 -2 -4  2 -3 -5 -3  0  0 -5 -3 -2    9   6   3  14   0  13  23   0   1   2   0  11   0   0   0   7   6   0   1   3  0.42 inf
   18 V    0 -6 -6 -6 -4 -5 -5 -5 -6  0 -2 -5 -2 -4 -5 -1  1 -6 -5  7    7   0   0   0   0   0   0   1   0   3   1   0   0   0   0   4   7   0   0  77  1.50 inf
   19 V    2 -4 -6 -6 -4 -5 -5 -5 -6  3 -1 -5 -2 -4 -3 -2 -3 -6 -4  6   19   0   0   0   0   0   0   0   0  13   3   0   0   0   1   2   1   0   0  60  1.18 inf
   20 Q    1  1  2  1 -4  4  1 -1 -1 -4 -4  1 -3 -5 -1  1  0 -2 -3 -3   12   8  10   7   0  22   8   4   1   0   0   9   0   0   3   9   4   1   0   1  0.38 inf
   21 L   -3 -5 -6 -7 -5 -4 -6 -7 -6 -1  6 -5  4  2 -6 -5 -3 -5 -4 -2    2   0   0   0   0   1   0   0   0   2  72   0  12   9   0   0   1   0   0   0  1.41 inf
   22 Y   -3 -5 -6 -6  0 -5 -6 -6 -4  1  4 -5  0  0 -6 -5 -4 -3  6  0    1   0   0   0   2   0   0   0   0   8  49   0   2   2   0   0   0   0  32   5  1.24 inf
   23 R   -2  3  1 -4 -6  3 -1 -4 -2 -5 -3  6 -2 -6 -4 -2 -2 -6 -5 -4    2  15   6   0   0  13   2   0   1   0   2  53   1   0   0   2   1   0   0   1  1.11 inf
   24 S    1 -1  0  2 -4  2 -1 -3 -1 -5 -4 -1 -3 -4 -2  5  0 -5 -4 -4   13   4   3  11   0   8   2   1   1   0   1   3   0   0   1  46   5   0   0   0  0.68 inf
   25 K   -1  0  5 -2 -2  1 -3 -4  0 -1  0  1  1 -3 -4 -1  1 -5 -1 -3    4   6  36   0   1   8   0   0   2   4  12   8   4   0   0   3  10   0   3   1  0.52 inf
   26 G   -2  0  4 -2 -5 -1 -3  5 -1 -3 -5  2 -4 -5 -4  0  0 -5 -5 -4    1   4  21   1   0   2   0  41   1   2   1  11   0   0   0   8   6   0   0   0  0.81 inf
   27 I    0 -6 -6 -6 -4 -6 -6 -6 -6  7 -1 -6 -1  2 -6 -5 -4 -5 -4  2    7   0   0   0   0   0   0   0   0  72   3   0   1   8   0   0   0   0   0   9  1.59 inf
   28 N   -1  2  1  2 -4  1  0  2 -1 -4 -4  1 -3 -4 -1  1  2 -4 -4 -3    3  11   7  13   0   7   3  16   1   0   1   9   0   0   3   8  17   0   0   1  0.33 inf
   29 G    0  5  1 -2 -5 -1 -2 -1  2 -5 -3  4 -1 -3 -4  0 -3 -5 -1 -4    9  33   6   1   0   1   0   4   5   0   2  27   2   1   0   6   1   0   2   1  0.70 inf
   30 M   -2 -5 -6 -6 -4 -5 -5 -6 -6  2  0 -5  7 -4 -5 -5 -2 -5 -3  6    2   0   0   0   0   0   0   0   0   9   6   0  29   0   0   0   1   0   0  51  1.42 inf
   31 R   -5  7 -4 -5 -7 -2 -3 -6 -2 -6 -6  5 -5 -6 -5 -4 -5 -6 -5 -6    0  62   0   0   0   0   0   0   1   0   0  35   0   0   0   0   0   0   0   0  2.00 inf
   32 I   -4 -5 -6 -6 -4 -5 -6 -6 -6  6  5 -5  1 -1 -6 -5 -3 -5 -4  0    0   0   0   0   0   0   0   0   0  41  49   0   2   1   0   0   1   0   0   4  1.33 inf
   33 Y   -4 -6 -6 -7 -6 -6 -6 -7 -3 -5 -2 -6 -4  6 -4 -6 -5 -2  9 -5    1   0   0   0   0   0   0   0   0   0   3   0   0  31   1   0   1   0  62   0  2.41 inf
   34 F   -2 -4  1  7 -6 -2  1 -1 -1 -6 -4 -4 -5  0 -5 -1 -4 -3  0 -6    3   1   7  61   0   1   8   5   1   0   2   0   0   5   0   3   0   0   4   0  1.27 inf
   35 A    4 -4 -4 -5 -4 -4 -4 -4 -2 -4 -4 -4 -4 -5  6  0  1 -6 -3 -2   41   0   0   0   0   0   0   0   1   1   1   0   0   0  36   5  10   0   1   3  1.18 inf
   36 D   -4 -2  5  6 -6 -2  0 -4 -1 -5 -6 -3 -6 -3 -5 -2 -3 -7 -4 -5    1   2  31  52   0   1   4   0   1   0   0   1   0   1   0   3   1   0   0   1  1.48 inf
   37 G    0 -1 -3 -1 -5  3  0 -2  3 -3 -4 -1 -4 -5  6  0  0 -5 -2 -4    7   3   0   3   0  13   4   3   6   2   1   3   0   0  40   7   5   0   1   0  0.86 inf
   38 Q    2  0  1  3 -4  1  2  0 -1 -4 -4  0 -3 -4 -2  0  0  0 -3 -3   19   5   8  19   0   5  15   6   2   1   1   4   0   0   2   5   7   2   1   1  0.33 inf
   39 A    3 -4 -4 -5 -2 -4 -4 -4 -5  3 -1 -4  2 -2 -3 -2  2 -5 -4  4   24   0   0   0   0   0   0   0   0  20   4   0   5   1   1   1  14   0   0  29  0.66 inf
   40 L   -4 -5 -6 -6 -4 -5 -6 -6 -5  2  6 -5  2 -1 -5 -5 -3 -5 -4  0    1   0   0   0   0   0   0   0   0   9  77   0   5   2   0   1   1   0   0   4  1.41 inf
   41 S    0  3  2  0 -4  3  1 -2  0 -4 -3  2 -3 -4 -2  0  0 -4 -3 -3    7  16   9   5   0  16   9   2   2   1   2  15   0   0   1   7   7   0   0   1  0.38 inf
   42 A    7 -4 -5 -4 -4 -4 -4 -3 -5 -5 -3 -4 -4 -6 -2  0 -4 -6 -5 -4   86   0   0   1   0   0   0   1   0   0   2   0   0   0   1   6   0   0   0   0  1.74 inf
   43 L   -3 -5 -6 -6 -5 -5 -6 -6 -5 -1  5 -5  0  6 -6 -5 -4 -4 -2 -2    1   0   0   0   0   0   0   0   0   1  62   0   1  30   0   1   0   0   0   2  1.44 inf
   44 R    4  4 -2 -3 -4 -1 -2  0 -3 -4 -4  1 -2 -5 -4  1 -1 -5 -4 -3   36  28   1   1   0   2   1   5   0   1   1   7   1   0   0  11   2   0   0   1  0.69 inf
   45 N   -2 -3  5 -2 -4 -3 -2  6  0 -6 -6 -2 -5 -4 -2 -2 -4 -6 -3 -6    2   1  24   2   0   1   2  58   2   0   0   2   0   1   2   1   0   0   1   0  1.30 inf
   46 S   -2 -2 -2 -4 -3 -3 -2 -4 -5 -4 -5 -3 -5 -6 -4  5  6 -6 -5 -4    1   2   1   0   0   0   2   0   0   1   0   1   0   0   0  49  43   0   0   0  1.46 inf
   47 G   -3 -2  5  0 -6 -3 -3  6 -1 -6 -6 -2 -5 -6 -4 -1 -4 -6 -5 -6    1   2  27   4   0   1   1  56   1   0   0   2   0   0   1   4   0   0   0   0  1.37 inf
   48 I   -4 -6 -6 -6 -5 -6 -6 -7 -6  7  1 -6 -1 -3 -3 -5 -3 -4 -5  2    1   0   0   0   0   0   0   0   0  72  12   0   1   0   1   0   1   0   0  11  1.67 inf
   49 G    0  0 -1  1 -5  2  5  0 -2 -4 -4  0 -4 -5 -2  1 -1 -5 -3 -3    9   3   2   5   0  10  39   7   1   1   1   5   0   0   1  10   2   0   1   1  0.58 inf
   50 L   -3 -3 -6 -6 -4 -5 -6 -6 -6  1  4 -5 -2  1 -5 -5 -3 -5 -4  5    1   1   0   0   0   0   0   0   0   7  36   0   0   6   0   0   1   0   0  48  1.13 inf
   51 I   -1 -4 -4 -3 -4 -2 -4 -5 -5  4  0 -4  6 -1 -5 -1  2 -5 -4  3    4   0   0   1   0   1   0   0   0  25   5   0  25   2   0   6  15   0   0  17  0.80 inf
   52 L   -3 -5 -6 -6 -4 -3 -5 -6 -6  3  3 -5  2 -3 -4 -4 -3 -5 -4  5    0   0   0   0   0   1   0   0   0  16  32   0   4   1   1   1   0   0   0  44  1.10 inf
   53 D    2 -5 -2  3 -1 -4 -3  5 -5 -5 -5 -4  1 -6 -3 -1  1 -6 -5 -5   14   0   1  17   1   0   0  46   0   0   0   0   4   0   1   4  10   0   0   0  0.94 inf
   54 I    0 -3 -5 -5 -4 -5 -4 -5 -5  4  1 -5  0 -3 -2 -4 -1 -5 -4  5    7   1   0   0   0   0   1   0   0  22  12   0   1   0   2   0   2   0   0  49  0.97 inf
   55 G   -1 -1 -4 -4 -5 -2 -2  2 -4 -5 -3 -3 -5 -6  7 -2 -1 -6 -5 -4    5   4   0   0   0   2   3  16   0   0   3   1   0   0  58   2   4   0   0   1  1.46 inf
   56 N   -5 -4  8  1 -6 -4 -4 -3 -1 -5 -5 -3 -5 -6 -5 -2 -3 -6 -5 -6    1   1  83   5   0   0   1   2   1   1   1   1   0   0   0   1   1   0   0   0  2.28 inf
   57 D   -1 -2  0  3 -4  1  4  1 -2 -4 -4 -1 -3 -4 -1  1 -1 -4  0 -3    4   2   4  18   0   7  26  13   0   0   2   2   0   0   2  11   3   0   3   1  0.46 inf
   58 Q   -1 -2  1  4 -1  2  1 -2 -1 -1  0 -1  2 -1 -3 -2 -2 -1  0 -2    5   1   6  29   1  10  10   2   1   3  11   2   7   3   0   1   1   1   3   2  0.35 inf
   59 L   -4 -3 -5 -6 -4 -5 -5 -6 -3  4  5 -3 -1 -1 -1 -5 -4 -4 -4  2    0   2   0   0   0   0   0   0   1  20  56   1   0   2   3   0   0   0   0  12  1.01 inf
   60 A    2  0 -1 -2 -3  2  0 -1 -1 -2 -1  1 -3 -3  4  0 -1 -4 -2 -2   17   4   2   1   0  13   4   4   1   3   6   8   0   1  22   8   2   0   1   2  0.37 inf
   61 N    2  1  2  1 -3  0  0  0  1 -3 -3 -1 -3 -3  0  2  0 -4 -2 -2   19   7  12   7   0   3   4   6   3   1   2   3   0   1   3  19   6   0   1   2  0.25 inf
   62 I   -1 -4 -5 -5 -4 -3 -5 -5 -3  3  4 -4  4  1 -2 -3 -3 -4 -3  1    5   0   0   0   0   1   0   0   1  20  43   0  13   6   2   1   1   0   0   7  0.77 inf
   63 A    5 -1 -1 -3 -3 -3 -3  1 -3 -3 -2 -3 -2 -4 -1  2 -1 -4 -4 -3   56   3   2   1   0   1   1  10   0   1   4   1   1   0   2  12   2   0   0   1  0.76 inf
   64 A    2  0  1 -1 -3  1 -1  0  0 -3 -3  0 -3 -4 -2  3  2 -3 -3 -1   19   5   5   2   0   7   3   5   3   1   1   5   0   0   1  29  11   0   0   3  0.35 inf
   65 S   -2 -1  3  4 -3  0 -1 -1 -3 -4 -3 -2 -4 -3 -4  4 -1 -5 -3 -4    1   3  15  26   1   4   2   5   0   0   2   2   0   1   0  36   2   0   1   0  0.74 inf
   66 T    0  0 -1 -3 -4  3 -1 -3 -3 -3 -1 -1  1 -3  5 -1  0 -4  1 -2    8   5   3   0   0  17   4   1   0   1   6   3   3   1  31   2   5   0   5   3  0.58 inf
   67 S    2 -1  1  1 -3  0  1  0 -1 -3 -4  0 -3 -4 -1  3  0 -2 -2 -2   20   3   5   9   0   3   7   6   1   1   1   5   0   0   2  27   6   0   1   2  0.33 inf
   68 N    3  0  2 -2  0 -1 -1 -1  1 -2 -1  0 -2  1 -2  0  0 -3 -1 -1   32   5  12   1   2   2   3   3   4   2   4   5   1   7   1   5   6   0   2   4  0.21 inf
   69 A    7 -3 -4 -5 -2 -2 -4 -3 -5 -3 -4 -4 -4 -5 -4 -1 -3 -5 -5 -1   83   1   1   0   0   2   0   1   0   1   1   0   0   0   0   3   1   0   0   4  1.59 inf
   70 A    1  2  2  2 -3  1  0 -2 -2 -2 -1  0  0 -3 -2  0  1 -4 -2 -2   17  11  11  14   0   7   6   1   0   1   6   6   3   1   1   5   7   0   2   1  0.21 inf
   71 S    2  1  2  2 -3  2  0 -1 -1 -4 -3  0 -3 -4 -3  2  1  1 -3 -3   15   9   8  11   0  10   4   5   1   0   2   4   0   0   0  21   7   2   0   0  0.31 inf
   72 W   -6 -6 -6 -7 -6 -6 -6 -3 -6 -5 -5 -6 -5 -2 -6 -6 -6 13 -1 -6    1   0   0   0   0   0   0   2   0   1   1   0   0   1   0   0   0  88   1   0  4.28 inf
   73 V   -2 -5 -5 -4 -4 -4 -5 -5 -1  2  0 -4 -2  0 -5 -4 -3 -5 -3  6    2   0   0   1   0   0   1   1   1   8   9   0   0   4   0   1   0   0   0  70  1.26 inf
   74 Q    1  2  2 -1 -1  4  0 -2  1 -3 -3  2 -3 -4 -3  0 -1 -4 -1 -3   12  12   9   2   1  26   4   1   4   1   1  14   0   0   0   5   2   0   2   2  0.46 inf
   75 N    1  1  2  2 -3  1  1 -2 -1 -3 -3  1 -2 -4 -3  1  2 -4 -3 -3   14   9  12  12   0   8   7   1   1   1   2  10   0   0   0   8  13   0   0   1  0.29 inf
   76 N   -4 -2  8 -2 -5 -3 -3 -4  4 -5 -5 -3 -5 -3 -5 -1 -2 -1  0 -5    1   2  72   0   0   0   1   1   8   0   1   1   0   1   0   3   1   1   4   1  1.79 inf
   77 V   -3 -5 -5 -5 -4 -4 -5 -5 -5  4  0 -4 -2 -3 -5 -4 -3 -5 -2  6    1   0   0   0   0   0   1   1   0  24   8   1   0   0   0   1   0   0   1  61  1.29 inf
   78 R    1  2 -2 -2 -3  2  0 -2 -2 -1  1  1 -1 -2 -1  1  1 -3 -3  1   11  11   1   1   0  14   3   1   0   2  14  10   1   2   2   9   9   0   0   9  0.17 inf
   79 P    2  1  1 -1 -4 -2 -3 -3 -4 -4 -4 -2 -4 -5  6  0 -1 -5 -4 -2   19   8   7   4   0   2   1   1   0   1   1   2   0   0  42   7   3   0   1   2  0.93 inf
   80 Y   -4 -4 -4 -5 -5 -4 -4 -4  5 -4 -4 -4 -4  5 -5 -3 -3 -2  8 -3    1   0   1   0   0   0   1   1  13   0   1   1   0  22   0   2   1   0  53   1  1.83 inf
   81 Y    0 -1 -1 -3 -1 -2 -2 -3  1  1  1 -2  0  2 -3 -1 -1  3  5  1    8   4   4   1   1   1   1   1   3   7  14   2   2   7   1   5   3   4  22   9  0.26 inf
   82 P   -2 -1  1 -2 -1 -1 -2  1 -4 -5 -4 -3 -4 -5  7  0 -3 -5 -5 -4    3   3   6   2   1   3   2  11   0   0   1   1   0   0  55   9   1   0   0   1  1.28 inf
   83 A    3 -1  1  2 -3  1 -1  2 -2 -4 -4  0 -3 -3 -2  1 -1 -4 -2 -3   25   2   8  14   0   7   3  18   0   0   1   4   0   1   1  10   2   0   1   0  0.39 inf
   84 V   -1 -3 -3 -3 -2 -4 -3 -4 -4 -1 -2 -4 -1 -4 -3  0  5 -5 -4  5    5   1   1   1   1   0   1   1   0   2   2   0   1   0   1   6  35   0   0  43  0.90 inf
   85 N   -2  3  4  1 -4  0 -1 -3 -1 -3 -2  4 -1 -4 -3  0 -1 -4 -3 -2    2  16  23   6   0   4   1   1   1   1   3  25   1   1   1   7   3   0   0   3  0.51 inf
   86 I   -4 -5 -5 -5 -4 -5 -5 -5 -5  7 -1 -5  1  5 -5 -4 -4 -4 -3  1    1   0   0   0   0   0   1   1   0  60   2   0   3  21   0   1   1   0   0   7  1.41 inf
   87 K   -1  4  0 -1 -2 -1  0 -2 -2 -2 -3  3 -2 -3 -3  0  2 -3 -3 -1    3  24   3   2   1   1   5   3   1   3   1  23   0   1   0   8  14   0   0   5  0.42 inf
   88 Y    1 -1 -4 -4  2 -3 -4  0 -1 -3 -1 -4 -3  1 -4 -1 -2  3  7 -2   11   4   0   1   5   0   1   7   1   1   5   1   0   4   0   5   3   3  46   2  0.96 inf
   89 I   -3 -5 -5 -5 -4 -4 -5 -5 -5  7  0 -2 -2 -3 -4 -4 -3 -5 -4  3    1   0   0   1   0   0   1   1   0  63   7   3   0   0   0   1   1   0   0  21  1.35 inf
   90 A    5 -2 -2 -4  0 -2 -3 -2 -4 -2  0 -1  0 -3 -3  1  2 -4 -3  0   50   1   2   0   2   1   1   1   0   1   9   2   2   1   0   8  12   0   0   6  0.59 inf
   91 A    0 -5 -5 -5  0 -4 -5 -3 -5  0 -1 -5 -1 -4 -5 -4 -3 -5 -4  7    6   0   0   0   2   0   1   2   0   3   3   0   1   0   0   1   1   0   0  77  1.45 inf
   92 G   -3 -4 -4 -3 -5 -5 -3  7 -5 -6 -6 -4 -5 -6 -5 -4 -4 -5 -5 -5    1   1   0   1   0   0   2  90   0   0   1   0   0   0   0   1   0   0   0   1  2.18 inf
   93 N   -3 -4  8  1 -5 -3 -2 -4 -3 -5 -5 -4 -5 -5 -3 -1 -3 -6 -4 -5    2   0  80   5   0   0   2   1   0   1   1   1   0   0   1   3   1   0   1   1  2.08 inf
   94 E   -4 -4 -4  0 -6 -1  8 -5 -4 -5 -4 -2 -5 -6 -4 -4 -4 -5 -5 -5    1   0   0   3   0   1  86   1   0   0   2   1   0   0   0   1   1   0   0   1  2.07 inf
   95 V   -2 -4 -5 -5 -3 -3 -4 -5 -4  3  0 -4 -2 -2 -3 -3 -3 -2  3  6    3   0   0   0   0   1   1   1   0  15   8   0   0   1   1   1   0   0  11  54  0.99 inf
   96 Q   -1 -1  2  1 -3 -1 -1 -2 -1  1  2  0  0  1  0  0 -1 -3 -1 -1    3   2  10   7   0   3   3   2   2  12  24   5   2   8   5   7   2   0   2   1  0.10 inf
   97 G   -1 -3 -1 -1 -4 -1 -2  3  0 -4 -3 -2 -3 -3  5  1  1 -4 -3 -4    4   1   3   3   0   3   2  26   2   0   3   1   1   1  27  13  10   0   1   1  0.63 inf
   98 G   -1 -2  2  1 -4  1 -1  4 -3 -4 -4 -2 -2 -3 -2  3  1  1 -1 -3    2   2   8   6   0   8   2  28   0   1   1   1   1   1   1  22  10   2   2   2  0.44 inf
   99 A    1 -3  0  2 -3 -1 -1 -1 -2 -1  1 -2 -1  3  0 -1  0 -2  2 -1   17   0   4  12   0   3   3   3   0   3  14   0   1  12   4   3   7   0  10   3  0.17 inf
  100 T    2 -2  0  2 -3 -1 -2 -1 -1  0 -1 -1 -1 -3 -2  0  2  5 -2  0   21   1   5  12   0   3   1   3   1   7   6   3   2   0   2   5  15   8   0   5  0.24 inf
  101 Q    0  1  2  0 -4  3  0  0 -1 -4 -3  0 -3 -3  2  1  0 -4 -3 -3    9   9  10   3   0  19   4   6   1   0   2   5   0   1  12  10   5   0   0   1  0.32 inf
  102 S    0 -1  2 -2 -2  1 -2 -3  1 -2 -1 -1 -1  3 -2  2  0 -2  2  0    7   2  11   1   0   7   1   1   4   2   4   3   1  13   1  21   7   0   8   7  0.22 inf
  103 I   -3 -3 -4 -5 -3 -3 -4 -5 -4  2  5 -4  0 -2 -4 -3  1 -4 -1  2    1   1   0   0   0   1   0   0   0  11  52   0   1   1   0   1  10   0   2  17  0.78 inf
  104 L   -2 -4 -5 -5 -3 -4 -4 -4 -3  1  4 -4  2  1 -2 -4 -3 -4 -1  4    2   1   0   0   0   0   0   1   1   4  43   1   4   6   2   0   1   0   2  33  0.78 inf
  105 P   -3 -3 -2 -4 -6 -1 -4 -1 -3 -6 -3 -4 -5 -6  8 -2 -3 -6 -6 -5    1   1   2   1   0   4   0   4   0   0   3   0   0   0  77   3   2   0   0   0  2.18 inf
  106 A    7 -4 -4 -5 -1 -1 -4 -3 -5 -4 -5 -4 -4 -5 -4  0 -2 -5 -5 -1   82   0   0   0   1   3   0   0   0   0   0   0   0   0   0   6   1   0   0   3  1.59 inf
  107 M   -2 -5 -6 -6 -5 -4 -5 -6 -5  1  2 -5  9 -1 -6 -5 -3 -5 -4  0    2   0   0   0   0   0   0   0   0   8  17   0  63   2   0   0   1   0   0   4  1.96 inf
  108 R   -2  3  0 -3 -4  5  0 -4 -1 -2 -3  3 -1 -2 -3 -2 -1 -1 -3 -1    3  18   4   0   0  29   4   1   1   2   2  20   1   2   1   1   3   1   0   5  0.63 inf
  109 N   -2 -1  8 -2 -3 -2 -3 -3 -1 -5 -5 -2 -2 -3 -2  1 -1 -5 -2 -4    3   4  66   0   1   1   0   1   1   0   1   2   1   1   2   9   4   0   1   1  1.45 inf
  110 L   -2 -5 -5 -5 -4 -4 -5 -5 -5  5  3 -5  1 -2 -5 -4 -2 -4 -3  3    3   0   0   0   0   0   0   0   0  41  26   0   2   1   0   0   1   0   0  21  0.99 inf
  111 N   -3  3  0 -2 -3  4 -1 -2  7 -4 -3  0 -2 -2 -4 -3 -1 -4  3 -3    1  14   4   2   0  21   2   3  26   1   2   3   1   1   1   0   5   0  11   2  0.78 inf
  112 A    2  1  3  1 -3  1 -1 -1 -1 -2 -2  1 -2 -4 -3  1  1 -4 -2 -3   17   9  19   7   0   7   1   3   1   2   4   8   1   0   0   8   8   0   1   1  0.26 inf
  113 A    6 -4 -4 -4 -4 -4 -2 -2 -5 -3 -2 -4 -2 -5  0  1 -2 -5 -5 -1   68   0   0   0   0   0   2   2   0   1   3   0   1   0   4  10   1   0   0   4  1.08 inf
  114 L   -3 -5 -5 -6 -4 -1 -5 -6 -5  2  5 -5  1 -3 -5 -5 -2 -5 -4  1    2   0   0   0   0   4   0   0   0   9  67   0   3   0   0   0   2   0   0   8  1.08 inf
  115 S    1  2  1 -1 -1  0 -1 -1 -1 -1 -2  1  0 -3 -1  1  0 -4 -2  1   14  12   6   3   2   2   3   3   1   2   2   8   3   0   2  13   4   0   1  16  0.11 inf
  116 A    2  0  1  0 -3  1  0  0 -1 -3 -2  2 -2 -4 -2  1 -1 -4 -3 -3   24   5   6   5   0   5   6   8   1   1   3  13   1   0   1  13   3   0   0   0  0.22 inf
  117 A    4  1 -2 -2 -1 -1 -2 -2  0 -2  1 -2 -1 -1  0 -1 -2 -1  0 -1   42   7   2   2   1   2   2   2   3   2  17   1   1   2   4   3   0   1   3   2  0.34 inf
  118 G   -2 -1  4 -2 -5 -2 -2  5  0 -5 -2 -1 -5 -5 -5  0 -4 -5 -5 -5    1   3  19   1   0   1   2  52   2   0   4   3   0   0   0   8   0   0   0   0  0.98 inf
  119 L   -2 -1 -4 -5 -4 -3 -5 -6 -1  1  5 -4  0 -1 -2 -4 -3  1 -2  0    2   4   1   0   0   1   0   0   2   8  64   0   1   2   2   0   1   2   1   5  0.88 inf
  120 G    0  0  1  3 -4 -1 -1  3  2 -4 -4 -1 -3 -1 -1  0  1 -4 -2 -4    6   6   5  19   0   1   1  29   6   0   0   2   0   3   3   6   9   0   1   0  0.41 inf
  121 A   -1  2  2  1 -4  3 -1  0  1 -3 -3  2 -2 -3 -2  1  0 -3  1 -3    4  10  11   6   0  15   1   7   3   1   1  16   1   0   1  13   4   0   5   1  0.29 inf
  122 I   -3 -5 -5 -5 -4 -2 -5 -5  1  6 -1 -4  0  0  0 -3 -2 -5 -3  4    1   0   0   0   0   3   0   0   3  50   3   0   2   3   4   2   2   0   0  25  0.93 inf
  123 K   -2  2 -1 -3 -4  1  0 -3  0 -2 -3  6 -2 -3 -1 -1  0 -4 -2 -3    2  12   2   0   0   5   3   1   2   3   1  54   1   1   2   3   6   0   1   1  0.78 inf
  124 V    0  0 -4 -4  1 -3 -4 -3 -4  1  0  0 -1  0 -4 -3 -1 -4 -3  5    6   5   0   0   4   0   0   2   0   6   7   5   0   3   0   0   2   0   0  58  0.69 inf
  125 S    0 -3 -2 -3 -1 -2 -1 -1  2 -1 -2 -3 -3 -2 -3  5  3 -4 -3 -1    4   0   0   0   1   0   3   4   5   3   3   0   0   2   0  51  16   0   0   4  0.64 inf
  126 T   -2 -3 -3 -3  0  1 -3 -4 -4  0 -2 -3 -3 -4 -3  1  6 -4 -4  1    2   0   0   0   2   7   0   0   0   6   3   0   0   0   0   7  61   0   0  10  0.98 inf
  127 S    3 -3 -3 -3  0 -3 -3  0 -3 -3 -3 -3 -3 -4  5  1  0 -4 -4  1   28   0   0   0   2   0   1   5   0   0   1   0   0   0  33   9   6   0   0  11  0.77 inf
  128 I   -2 -3 -1 -3  1 -1 -3 -4  5  2  0 -3  0  1 -1 -1  0  1  0  2    2   0   3   0   3   2   0   0  18  16   7   0   2   7   4   4   7   2   2  20  0.34 inf
  129 R    1  0  1  2 -3  0  0 -1  0 -2 -2 -1 -2 -1  0  3  0 -3  0 -2   13   4   8  12   0   3   6   3   2   2   4   3   0   2   3  25   3   0   4   2  0.20 inf
  130 F    1 -2  0 -3 -3  0 -2 -2 -3 -1  1 -2  5  2 -2  0  1 -3  0 -1   11   2   5   0   0   4   2   3   0   3  14   0  21  11   2   7  10   0   2   3  0.25 inf
  131 D    1 -1  1  3 -3  0  0  2  0 -4 -4 -1 -1 -4 -3  1  0  1 -3 -3   14   2   7  20   0   3   5  19   2   0   0   3   2   0   0  12   6   2   0   0  0.36 inf
  132 E    1 -3 -2 -1 -3 -2 -2 -1 -4  3  1 -3  0 -1 -1 -2  0 -4 -3  4   10   1   2   3   0   1   2   5   0  17  10   0   1   1   3   3   5   0   0  34  0.35 inf
  133 V   -2 -2 -4 -3 -3 -4 -4 -5 -4  2  4 -4  2  1 -4 -3 -1 -3  2  2    2   2   0   2   0   0   0   0   0  12  47   0   4   6   0   2   4   0   7  12  0.63 inf
  134 A    2 -2  0 -1 -3  1  1  2  0 -2 -2 -1 -2 -3 -1  1  1 -3  1 -2   22   1   3   2   0   8   8  15   2   2   4   2   0   0   2  11   9   0   5   2  0.20 inf
  135 N    0  0  0  0 -3  1  0  0  2  0 -1  0  1 -2  0  0  0  3  1  0    6   6   5   6   0   5   6   6   5   6   6   6   5   0   6   6   6   5   5   6  0.07 inf
  136 S   -1 -2  0 -1 -4 -2 -3 -2 -1 -4 -4 -2 -2 -3  0  6  1 -5 -2 -3    3   2   4   3   0   1   1   2   1   0   2   1   1   1   5  62   8   0   2   2  0.99 inf
  137 F   -3 -3 -1  0 -4 -1 -1 -2  1 -2 -1 -2 -3  4  1  1 -1  0  6 -1    1   1   3   5   0   2   4   3   3   1   5   2   0  20   7  11   3   1  26   3  0.54 inf
  138 P   -3 -3 -5 -4 -5 -2 -2 -5 -5 -2 -1 -2 -4 -3  8 -4 -3 -5 -2  0    2   2   0   0   0   2   2   1   0   2   6   3   0   1  67   1   2   0   2   6  1.75 inf
  139 P   -2 -5 -5 -5 -6 -5 -5 -5 -5 -6 -6 -5 -6 -6  9 -2 -5 -6 -6 -5    3   0   0   0   0   0   1   1   0   0   1   0   0   0  87   3   0   0   0   1  2.79 inf
  140 S   -3 -2 -1 -4 -4 -3 -2 -4 -4 -5 -5 -1 -4  0  0  6 -1 -5 -4 -2    1   2   2   0   0   0   2   1   0   0   1   3   0   4   5  72   2   0   0   3  1.33 inf
  141 A    3  0  0  1 -1  1  0 -1 -1 -2 -3  0 -1 -1 -3  2 -1 -4 -3 -2   30   5   4   9   1   8   4   3   1   1   2   5   1   4   0  16   3   0   0   2  0.30 inf
  142 G    2 -4 -3 -4  1 -1 -4  6 -4 -4 -4 -4 -4 -5 -4  1 -1 -4 -4 -1   15   1   0   1   3   3   1  55   0   1   1   1   0   0   1  10   3   0   0   4  1.04 inf
  143 V    1  1  0 -1 -1 -1 -1 -1 -1  0 -1  0 -1  0  0  1  1 -3 -1  1   12   9   3   3   1   2   3   5   2   7   2   7   1   6   4  10   8   0   2  13  0.05 inf
  144 F   -2 -5 -5 -6  1 -5 -5 -5 -4 -2 -2 -5 -3  8 -6 -3 -1  1  1 -1    4   0   0   0   3   0   0   1   0   2   2   0   0  69   0   2   4   2   3   4  1.82 inf
  145 K    0  5  2  1 -4  0 -1 -2  0 -4 -2  1 -1 -2 -2  1  0 -4 -3 -3    6  31   9   8   0   4   2   2   2   0   5   8   1   1   2  11   5   0   0   1  0.41 inf
  146 N    0  1  1  2 -3  1  1 -1  1 -3 -2  0 -2 -3  3  1 -1 -4 -1 -2   10   8   7  11   0   8   7   3   3   0   4   4   0   0  18  10   3   0   2   1  0.29 inf
  147 A    0 -1  0  4 -4 -1  2  0 -2 -2 -3 -1 -3 -4  2  2 -1 -1 -3 -3    7   2   2  27   0   2  16   8   0   3   2   1   0   0  10  14   3   1   0   0  0.41 inf
  148 Y   -2 -3 -4 -4 -3 -2 -4 -4  1  2  2 -4 -1  3 -4 -3 -2  3  5  1    3   0   0   0   0   2   0   0   4  14  17   0   0  13   0   2   2   4  26  10  0.60 inf
  149 M   -1 -2 -1 -2 -4 -3 -4 -4 -4  3  2 -4  8  0 -4 -3 -1  1 -3  0    4   2   3   2   0   0   0   0   0  15  18   0  40   3   0   0   3   2   0   4  0.89 inf
  150 T    0  0  0  1 -1  1  0 -1 -1 -1 -1  1 -2 -2  0  0  1 -3 -1 -1   10   5   4  11   1   6   4   4   1   5   5  12   0   1   5   7  13   0   2   4  0.10 inf
  151 D    0 -2  0  0 -4  2  0 -2 -1 -3 -3 -2 -4 -4  6 -1 -2 -5 -2 -3    7   1   4   5   0  10   5   3   1   2   3   2   0   0  47   4   2   0   2   2  0.93 inf
  152 V   -2 -1 -3 -3 -2 -2 -3 -4 -3  4  2 -2  2  1 -3 -2  0 -2  0  2    1   5   0   0   0   0   1   1   0  30  20   1   8   5   0   1   4   0   4  19  0.34 inf
  153 A    0 -3 -3 -1  1 -2 -2 -3 -3  3  2 -2  1  0  0 -2  0 -3 -2  2   12   0   0   4   3   0   1   1   0  20  31   0   3   3   4   1   4   0   0  12  0.22 inf
  154 R    0  2  1  1 -3  3  1  0  1 -3 -3  1 -2 -3  1  0  0 -3 -2 -2    7  13   5   6   0  17   6   9   3   1   1  10   0   0   6   7   4   0   0   3  0.22 inf
  155 L   -2 -4 -4 -4 -4 -2 -4 -4  0  0  1 -4  0  7 -4 -2 -3 -1  3 -1    2   0   0   0   0   3   0   1   3   4  11   0   2  58   0   4   0   0   8   2  1.04 inf
  156 L   -3 -4  0 -4  2  0 -4 -5  4  0  4 -4  2  2 -4 -4 -3  3 -2  0    1   0   5   0   5   5   0   1   9   5  43   0   5   8   0   1   0   5   0   6  0.62 inf
  157 A    1  3  1 -1  1  1 -1 -1  1 -3 -2  0  0 -3 -3  1 -1  2  0 -1   12  20   8   3   3   5   3   4   3   0   3   5   3   0   0  11   3   3   3   5  0.18 inf
  158 S    0  1  1  2 -3  2  1 -1  0 -2 -3  1 -1 -3 -2  1  0  0 -1 -2    8  10   8  12   0  13   7   5   2   1   2   7   2   0   0  13   3   1   3   2  0.21 inf
  159 T    0 -1  4 -2 -3  0 -2 -3  2  0 -3 -1 -3 -4 -1  0  5 -4 -3 -1    7   2  21   0   0   4   2   1   4   7   1   4   0   0   3   5  37   0   0   2  0.57 inf
  160 G   -1  0  2  0 -4  1 -1  4  0 -4 -4  1 -1 -2 -3  0 -2 -4 -3 -3    4   6  12   6   0   5   2  39   3   0   1   9   2   2   0   5   2   0   0   2  0.51 inf
  161 A    0  1  1 -2  3 -1 -2  0 -1 -1  0 -1  2  1 -2  0  1 -2  2 -1    9   9   9   0   8   0   1   9   0   0   9   0   9   9   0   9   9   0   9   1  0.10 inf
  162 P   -1 -2 -4 -3 -4 -3 -3 -4 -2 -4 -2 -3 -3  0  7 -1 -2 -4  2 -3    6   2   0   0   0   0   0   1   1   0   5   0   0   5  64   4   1   0   8   1  1.46 inf
  163 L   -1 -4 -4 -4 -1 -4 -4 -4 -3  0  3 -4  0  6 -4 -3 -3 -2  1 -1    4   0   0   0   2   0   0   1   0   4  38   0   1  41   0   1   0   0   4   2  0.84 inf
  164 L   -1 -3 -3 -4  0 -2 -3 -4 -2  0  3 -3  6  3 -4 -2  0  0  0  0    6   0   0   0   2   1   1   1   1   1  35   1  27  12   0   2   5   1   2   3  0.58 inf
  165 A    2 -1 -3 -3 -1 -3 -3 -1 -3  2  1 -3  1 -1 -3 -2 -1 -3 -2  4   18   4   0   0   1   0   1   5   0  14  10   1   2   2   0   1   1   0   0  39  0.37 inf
  166 N   -3 -3  7  1 -4  0  0 -3 -2 -5 -5 -1 -4 -5  0 -1 -1 -5 -4 -4    1   0  71   4   0   4   4   1   0   0   1   2   0   0   4   2   3   0   0   1  1.39 inf
  167 V    1 -3 -2 -3 -1 -2 -3 -3  1  3  1 -3  0 -1  1  0 -1 -3 -2  3   11   0   1   0   1   0   0   1   4  18  16   0   2   2   7   6   1   0   0  28  0.28 inf
  168 Y   -4 -4 -2 -2 -4 -2 -4 -5  0 -3  0 -4 -3  1 -5 -2 -4 -1  9 -3    0   0   2   2   0   2   0   0   1   0   9   0   0   2   0   3   0   0  75   0  1.82 inf
  169 P   -3 -4 -4 -4 -5 -4 -4 -4 -4 -5 -3 -3 -4 -5  8  0  0 -5 -5 -4    0   0   0   0   0   0   0   0   0   0   2   0   0   0  82   6   5   0   0   0  2.27 inf
  170 Y   -3 -3 -4 -4 -1 -3 -4 -4  1  0 -1 -4 -1  5 -4 -3 -2  2  7 -2    1   1   0   1   1   0   1   1   2   5   6   1   2  23   1   1   2   2  51   1  1.25 inf
  171 F   -4 -4  0 -5 -4 -4 -4 -5  0  1  1 -1 -2  7 -2 -4 -4 -2  4 -1    0   0   5   0   0   0   0   0   2   7  13   5   0  43   3   0   0   0  14   3  0.94 inf
  172 A    3 -1 -1 -1 -3 -2 -1  1 -3 -1 -2 -2  0 -2 -1  3  0 -4 -3 -1   28   3   2   3   0   0   3  10   0   3   3   0   3   2   3  28   4   0   0   5  0.36 inf
  173 Y   -2 -1 -1 -1  1 -3 -4 -2  2 -1  0 -1  1  2 -4 -1 -1  3  6 -1    3   3   3   3   3   0   0   4   4   3  10   3   4   6   0   5   3   4  34   3  0.55 inf
  174 R    1  1  0  0 -2  0  0 -2  1  0  0  0  1  0 -2  0  0 -2  1  0   12   7   4   5   0   5   3   0   4   6  11   7   5   4   0   8   4   0   6   8  0.05 inf
  175 D    0 -1  1  3 -4  1  0  2 -1 -3 -2 -1 -2  0  0  1  0 -4  0 -3    9   3   7  15   0   7   4  17   1   1   4   2   1   4   4  12   4   0   3   1  0.21 inf
  176 N   -3 -4  6  4 -6 -1 -1 -2  0 -6 -6 -1 -5 -2 -2  2 -1 -6 -5 -6    2   0  43  19   0   3   3   3   2   0   0   3   0   2   2  13   3   0   0   0  1.10 inf
  177 P   -1 -1  2  0 -3  1 -2 -2 -1 -2 -2  0  0 -2  5  0  0 -1 -2 -2    4   4   9   4   0   5   2   3   2   2   3   4   2   2  33   7   6   1   2   3  0.55 inf
  178 G    0  1  1  1 -3  1  0  2  0 -2 -2  1 -1 -1 -1  0  0 -3 -2 -2    8   9   6   8   0   7   5  18   2   2   2   8   2   3   2   6   7   0   1   3  0.15 inf
  179 S   -1 -1  3  2 -1  1 -1 -1  3 -1 -2 -1 -2 -1  0  1  0 -3 -1  0    4   2  18  13   1   8   3   4   7   3   3   4   1   3   5   9   5   0   2   7  0.21 inf
  180 I   -2 -3 -3 -3 -3 -2 -1 -4 -4  5  0 -4  2  3 -1 -2 -2 -3 -1  3    2   1   1   1   0   1   5   1   0  37   5   1   5  12   4   2   2   0   1  19  0.60 inf
  181 S   -2 -1  0  2 -1  0 -2 -2 -1 -2 -4 -1 -2 -4  5  3  1 -5 -4 -4    2   3   4  13   1   4   1   2   1   2   1   2   1   0  25  24  10   0   0   1  0.60 inf
  182 L    0 -2 -5 -5 -4 -3 -4 -4 -5  1  5 -3  1  0 -3 -4 -3 -4 -3  0    7   2   0   0   0   1   0   1   0   8  64   1   3   3   1   1   1   0   0   6  0.92 inf
  183 N   -1 -1  3  6 -5 -2  2  0 -2 -5 -5 -2 -5 -5  0  0 -3 -6 -5 -3    5   2  15  40   0   1  11   8   1   0   0   1   0   0   5   6   1   0   0   2  0.82 inf
  184 Y   -4 -4  0 -4 -4 -3 -4 -4  3 -3 -3 -4 -3  5 -4 -3 -3 -1  8  0    1   0   4   0   0   0   0   1   5   0   1   0   0  21   0   1   0   0  58   6  1.47 inf
  185 A    5 -3 -3 -3  2 -2 -2 -2  1 -1 -2 -2 -1 -1 -1  1 -1 -3 -1  0   58   0   0   0   5   0   1   1   4   2   2   0   2   2   2   7   3   0   2   8  0.55 inf
  186 T   -1 -3 -2 -2 -2 -2 -3 -3 -3  0  4 -3  1  2  0 -2  0 -2  0  1    5   0   2   3   0   2   1   1   0   2  51   1   2   8   4   2   5   0   2   9  0.36 inf
  187 F   -1 -2 -4 -4 -4 -4 -4  0 -3  0  0 -4 -2  7  0 -2 -3 -2  0 -1    4   2   0   0   0   0   1   7   0   6   5   1   0  60   6   3   1   0   0   3  0.95 inf
  188 Q    0  2  2  1 -3  2  0  0  0 -3 -2  1 -1 -3 -2  1  1 -3 -1 -2    7  15  10   6   0  10   4   6   2   0   3   9   1   0   1  12   9   0   2   2  0.19 inf
  189 P    1 -1 -1 -1 -4 -1 -1  1  1 -4 -2 -1 -3 -4  6  1 -1 -4 -4 -2   13   3   2   3   0   2   3   9   3   0   4   2   0   0  39  10   3   0   0   2  0.71 inf
  190 G    0 -2  5  0 -3 -1 -1  1  0 -3 -2 -1  0 -2 -1  2  1 -4 -2 -3    7   0  30   5   0   2   2  12   2   0   3   2   3   2   2  14  10   0   1   1  0.38 inf
  191 T    1  0  1  0 -3  0 -1  0 -1 -2 -3  1 -2 -3  3  2  2 -4 -1 -1   11   4   8   4   0   4   2   5   1   1   0   8   1   0  15  17  13   0   2   3  0.28 inf
  192 T   -1 -3 -1 -2 -1 -1 -1  4  0 -3 -4 -1 -2 -2  2  0  2 -4 -2  0    5   1   3   2   1   2   4  34   2   1   1   3   1   2   9   6  16   0   1   7  0.42 inf
  193 V    0  1 -2 -3 -3 -2 -2 -3 -2  2 -1 -2  1 -1 -2 -1  0 -4  1  5    9   7   2   1   0   2   2   1   1   9   2   2   4   2   2   4   5   0   4  41  0.43 inf
  194 R   -1  0 -1 -1 -4  1 -3 -4  0  0 -1 -1  0  0  2 -1  1 -2  1  3    3   5   3   3   0   6   0   1   3   3   3   4   2   5  11   5  10   1   5  29  0.26 inf
  195 D   -3 -2 -1  7 -5  0 -2 -4 -1 -1 -3 -3 -1 -5 -4 -3 -2 -5 -4  2    1   2   2  57   0   5   2   1   1   3   3   1   1   0   1   1   2   0   0  16  1.19 inf
  196 Q   -1  0 -1 -1 -4  1 -1  2  1 -2 -1  0  0 -1  4 -1 -1  2  0 -2    5   4   3   4   0   6   4  16   3   3   5   5   3   3  21   4   3   3   3   3  0.27 inf
  197 N   -1 -1  2  4 -5  0 -1  0  1 -1 -2  0 -4  0 -1 -1 -1  2  0 -2    4   4   8  29   0   3   3   8   3   3   3   7   0   4   3   3   4   3   3   3  0.33 inf
  198 N   -2 -2  4 -1 -4 -1 -3  3 -2 -4 -4 -2 -2 -4  0  1  3 -4 -2 -3    2   1  20   2   0   2   1  26   1   0   1   2   1   0   5   9  24   0   1   1  0.60 inf
  199 G   -1  0  1 -1 -4  1 -1  5  0 -4 -3  0 -3 -4 -1  1 -2 -4 -4 -3    3   5   7   3   0   6   2  43   2   1   3   5   0   0   3  12   1   0   0   1  0.56 inf
  200 L   -1  0 -2 -3 -3 -2 -3 -4  0  1  4  0  1  1 -3 -1 -1 -3  1  1    3   7   2   1   0   1   1   1   2   9  42   5   2   5   1   5   2   0   5   8  0.32 inf
  201 T   -1  1 -1 -2 -3  0 -1  1  4 -1 -1  0 -1 -2 -2  0  2 -1 -1  1    4   8   3   1   0   5   3  11  12   3   4   5   1   1   1   7  19   1   1  12  0.17 inf
  202 Y   -5 -5 -5 -6  0  0 -5 -6 -2 -5 -5 -5 -5 -1 -6 -5 -5 -2 10 -2    0   0   0   0   2   4   0   0   0   0   1   0   0   0   0   0   0   0  86   3  2.79 inf
  203 T   -2  1  1  2 -4  3 -2 -3  0 -4 -3 -1 -1 -2  0 -1  4 -1  1 -3    2   6   5  13   0  16   1   1   2   0   1   3   1   2   5   3  31   1   6   0  0.46 inf
  204 S   -4 -4  8 -1  1 -3 -3 -4 -3 -5 -5 -2 -5 -5 -4  1 -3 -5 -2 -2    1   0  75   2   3   0   1   1   0   0   1   2   0   0   0   9   1   0   1   4  1.83 inf
  205 L   -1 -4 -4 -5 -3 -2 -4 -5 -4  0  4 -4  6  0 -4 -2 -2 -4 -1  2    4   0   0   0   0   2   1   1   0   2  45   0  22   3   0   3   1   0   2  12  0.83 inf
  206 F   -5 -5 -6 -6 -1 -5 -6 -6 -4 -3  2 -5 -1  8 -6 -4 -4  0  0  1    0   0   0   0   1   0   0   0   0   0  20   0   1  62   0   1   0   1   1   8  1.62 inf
  207 D   -3 -1 -2  7 -6 -2  0 -4 -1 -5 -6 -4 -5 -2 -4 -1 -4 -6  0 -3    2   4   1  74   0   1   4   0   2   0   0   0   0   2   0   4   0   0   3   2  1.68 inf
  208 A    6 -1 -4 -4 -4 -1  0 -1 -2 -3 -3 -3  0 -5 -4 -2 -2 -5 -4 -3   73   4   0   0   0   3   5   3   1   1   2   0   3   0   0   1   1   0   0   1  1.16 inf
  209 M   -3 -2  2 -3 -4  4 -2 -3 -3  1  0 -3  6 -4 -4  0 -1 -4 -4 -2    1   2  13   0   0  24   1   1   0   9   8   0  28   0   0   8   3   0   0   2  0.74 inf
  210 V   -3 -3 -5 -5 -3 -4 -5 -2 -1  2  3 -4  2  2 -5 -4 -2 -3  1  4    1   1   0   0   0   0   0   3   2  12  31   0   5   8   0   0   1   0   4  31  0.63 inf
  211 D   -4 -4 -2  8 -6 -3 -2 -4  0 -5 -6 -4 -5 -6 -4 -3 -4 -6 -5 -5    1   0   0  91   0   0   0   1   2   0   1   0   0   0   0   1   0   0   0   0  2.34 inf
  212 A    5 -3 -3 -3 -1 -3 -3 -1 -4 -3 -4 -3 -3 -4 -3  2  3 -4 -4 -2   54   0   0   0   1   0   0   2   0   0   1   0   0   0   0  17  19   0   0   2  0.89 inf
  213 V   -1 -4 -4 -4 -1 -2 -4 -3 -1  2  2 -3  1  1 -4 -3  0 -3 -2  4    5   0   0   0   1   1   0   1   2  10  20   0   3   7   0   1   6   0   0  41  0.52 inf
  214 Y   -2 -1 -2 -3 -4 -3 -4 -5  2  1 -2 -3 -3  1 -4 -3 -2 -1  8  2    2   3   2   1   0   1   0   1   4   6   2   1   0   4   0   1   2   0  52  17  1.15 inf
  215 A    4 -3 -2 -3 -1 -3 -3 -2  0 -3 -3 -3 -1  2 -3  3  0  4  0 -2   38   0   1   0   1   0   0   1   2   1   1   0   1   8   0  30   4   5   4   2  0.63 inf
  216 A    7 -4 -4 -4 -3 -3 -4 -3 -4 -4 -4 -3 -4 -5 -3  1 -2 -5 -4 -3   84   0   0   0   0   0   1   1   0   0   1   0   0   0   0   7   1   0   0   1  1.54 inf
  217 L   -2 -4 -4 -5 -1 -2 -4 -5 -4  2  5 -4  6 -2 -4 -3 -2 -4 -3  0    2   0   0   0   1   1   1   1   0   8  50   0  25   0   0   1   2   0   0   5  0.98 inf
  218 E    1  0  1  1 -1  1  4 -1 -2 -3 -3  2 -2 -3 -3  0  0 -4 -3 -2   11   3   6   8   1   4  33   3   1   1   2  13   1   1   0   7   4   0   0   2  0.40 inf
  219 K    1  2  0 -2 -4  0 -1 -2 -1 -3 -3  5 -3 -3 -2  0 -1 -4 -2 -2   14  12   5   2   0   2   1   2   1   1   2  43   0   1   1   6   3   0   1   3  0.56 inf
  220 A    3 -3  0 -3 -2 -2 -2 -2 -1  1  2 -2  1 -1 -2 -1 -1 -3 -2  1   33   1   4   0   0   0   3   1   2   7  27   1   4   2   1   4   2   0   1   8  0.31 inf
  221 G   -2 -2  2 -2 -5 -3 -4  7 -4 -5 -5 -2 -4 -5 -4 -1 -4 -2 -5 -4    1   2   8   2   0   1   1  74   0   0   1   2   0   0   0   4   0   1   0   1  1.47 inf
  222 A    1 -4 -3 -4 -3 -3 -3  3  3 -2 -2 -2 -2  4 -4 -2 -2 -2  5 -1   15   0   0   0   0   1   1  21   7   2   2   2   1  20   0   1   2   0  20   5  0.59 inf
  223 P    0  0 -1 -1 -2 -1 -1  4 -2 -4 -4  1 -3 -4  4  1  0 -3 -4 -3    6   5   3   2   1   2   3  31   1   0   1   7   0   0  18  11   6   0   0   1  0.50 inf
  224 A    0 -2  4  4 -4  0 -1  2 -1 -4 -4  0 -4 -3 -3  2 -1 -1 -2 -3    8   1  19  24   0   3   3  13   1   0   0   4   0   1   1  18   3   1   1   1  0.50 inf
  225 V   -3 -4 -5 -5 -3 -4 -5 -5 -3  3  2 -4  4 -2 -5 -3 -2 -4 -3  5    0   0   0   0   0   0   0   1   0  14  20   0  11   1   0   1   1   0   0  48  0.96 inf
  226 K   -1  1  0  1 -3 -1  3 -1 -3 -4 -4  2 -2 -5  4  0 -1 -5 -4 -2    3   9   3   9   0   2  25   4   0   0   0  11   1   0  20   6   3   0   0   2  0.52 inf
  227 V   -2 -5 -5 -4 -3 -4 -5 -5 -5  5  1 -4  1 -3 -5 -4 -2 -5 -4  5    2   0   0   1   0   0   0   0   0  39  10   0   2   0   0   0   1   0   0  41  1.09 inf
  228 V    0  1 -4 -4 -3 -2 -3 -4 -2  3  0 -2  2 -2 -4 -2 -1 -2 -2  5    7   8   0   0   0   2   1   1   1  14   5   2   5   1   0   1   2   1   1  49  0.62 inf
  229 V   -2 -5 -5 -4 -1 -5 -5 -4 -5  4 -1 -5 -1 -3 -3 -4 -3 -5 -4  6    2   0   0   1   1   0   0   1   0  18   3   0   1   0   1   0   0   0   0  68  1.33 inf
  230 S    1 -3 -2 -3 -3 -3 -3  3 -3 -4 -3 -3 -3 -4 -3  5  2 -4 -4 -2   13   0   0   0   0   0   0  19   0   0   1   0   0   0   0  48  13   0   0   2  0.79 inf
  231 E   -3 -2 -3 -2 -6 -1  7 -4 -3 -5 -5 -2 -5 -5 -4 -3 -4 -5 -5 -3    1   1   0   1   0   1  87   1   0   0   1   1   0   0   0   1   0   0   0   2  1.90 inf
  232 S   -1 -3 -2 -3  0 -3 -3 -3 -4  0 -3 -3 -3 -4 -3  4  5 -4 -4  1    2   1   0   1   1   0   0   1   0   6   1   0   0   0   0  31  42   0   0  10  0.83 inf
  233 G   -3 -5 -3 -4 -5 -4 -5  7 -5 -6 -6 -4 -5 -5 -5 -2 -4 -5 -5 -5    1   0   0   0   0   0   0  91   0   0   1   0   0   0   0   3   0   0   0   0  2.11 inf
  234 W   -6 -6 -7 -7 -6 -6 -6 -6  1 -6 -5 -6 -5 -3 -7 -4 -6 13 -1 -6    0   0   0   0   0   0   0   0   3   0   0   0   0   0   0   1   0  91   1   0  4.34 inf
  235 P   -1 -5 -5 -5 -6 -5 -4 -5 -5 -6 -5 -4 -6 -6  9 -3 -4 -6 -6 -5    4   0   0   0   0   0   0   0   0   0   1   0   0   0  90   2   0   0   0   0  2.79 inf
  236 S   -2 -3  0 -3 -4 -3 -3 -3 -2 -5 -5 -3 -4 -4 -4  6  4  0 -2 -4    1   1   4   0   0   0   0   1   1   0   0   0   0   0   0  64  22   2   2   0  1.23 inf
  237 A    3  0 -1  4 -2 -1  0  0 -2 -3 -2  2 -1 -4 -2  0 -2 -4 -3 -2   31   4   1  23   1   2   5   6   1   1   3  13   1   0   1   3   1   0   1   3  0.37 inf
  238 G   -2 -5 -1 -3  0 -4 -4  7 -5 -6 -6 -4 -5 -6 -5 -3 -4 -5 -6 -6    1   0   2   1   2   0   1  89   0   0   0   0   0   0   0   1   0   0   0   0  2.01 inf
  239 G    0 -1  1  5 -5 -1 -1  4 -1 -5 -5 -2 -5 -5 -4 -2 -2 -3 -4 -5    8   3   5  40   0   3   3  32   1   0   0   1   0   0   0   1   2   0   0   0  0.89 inf
  240 F    1 -1 -1  1 -3 -1 -1 -2 -2 -1 -2  1 -1  2  3  0  1 -3 -1  0   11   3   2   7   0   2   3   1   1   4   1  12   1  11  15   5  10   0   1  10  0.19 inf
  241 A    2 -3  2 -2 -4 -2 -3  5  0 -2 -4 -3 -4 -3 -3 -1 -3 -4  0 -1   21   0  10   2   0   1   1  46   3   2   1   0   0   1   1   4   0   0   3   4  0.71 inf
  242 A    6 -4 -4 -4  1 -3 -3 -2 -4 -3 -4 -4 -3 -5 -1 -1  1 -5 -3 -1   73   0   0   0   3   0   1   1   0   0   0   0   0   0   3   1  10   0   1   4  1.17 inf
  243 S   -3 -3  4 -2 -3 -3 -3 -1 -4 -4 -4 -3 -4 -5 -4  3  6 -5 -5 -4    0   0  19   1   0   0   1   4   0   0   1   1   0   0   0  23  48   0   0   0  1.11 inf
  244 A    1 -2 -2 -3 -2 -2 -3 -4 -4  3  0 -1  0 -1  3 -1 -1 -4 -1  3   10   1   1   1   0   1   1   0   0  16   9   4   2   1  14   3   2   0   2  30  0.38 inf
  245 G    1 -1  0  4 -4  2  4 -1 -1 -4 -3 -1 -3 -4 -1  0 -1 -2 -2 -3   12   2   3  25   0   8  27   4   1   1   1   3   1   1   3   4   3   1   1   1  0.51 inf
  246 N   -3 -4  8 -1 -5 -3 -2 -4 -1 -1 -1 -3 -3 -3 -5 -2 -2 -5  1 -4    2   0  73   2   0   0   1   0   1   3   6   0   1   1   0   2   1   0   6   1  1.62 inf
  247 A    7 -5 -5 -5 -4 -3 -3 -3 -5 -5 -5 -4 -4 -5 -4 -2 -3 -6 -5 -4   94   0   0   0   0   1   1   1   0   0   0   0   0   0   0   1   0   0   0   0  1.92 inf
  248 R    2  5 -1 -2 -4  3  1 -1 -2 -3 -3  2 -1 -4 -3 -2 -2 -4 -2 -3   19  32   1   2   0  16   6   4   0   1   2   9   1   0   0   1   1   0   1   1  0.57 inf
  249 T    3  1 -1 -1 -3 -1 -2 -3 -2  0 -2  0  0 -3 -3  0  4 -1 -3 -1   25   9   2   4   0   1   2   0   1   5   2   5   2   1   0   5  33   1   0   3  0.44 inf
  250 Y   -5 -5 -6 -6 -6 -5 -6 -6 -1 -5 -4 -5 -4  5 -4 -5 -5 -2  9 -5    0   0   0   0   0   0   0   0   1   0   0   0   0  21   1   0   0   0  74   0  2.55 inf
  251 N   -4 -4  8 -2 -4 -3 -4 -4 -2 -2 -2 -4  0 -3 -3 -3 -3 -5  3 -1    0   0  70   1   0   0   0   0   1   3   4   0   2   1   1   1   0   0  10   5  1.60 inf
  252 Q   -1  2  3 -1 -3  4 -1  2 -2 -4 -3  1 -2 -3 -2  1  0 -4 -1 -4    3  11  14   3   0  24   1  14   0   0   2   6   0   1   1   9   7   0   2   0  0.42 inf
  253 G   -3 -1  7 -1 -4 -2 -3  3 -2 -6 -6 -2 -5 -5 -5 -3 -2 -6 -2 -5    1   2  61   2   0   2   1  24   1   0   0   1   0   0   0   0   1   0   2   0  1.50 inf
  254 L   -2 -5 -5 -6 -4 -5 -5 -6 -5  0  6 -5  1  1 -5 -5 -2 -4 -3  1    3   0   0   0   0   0   0   0   0   3  76   0   2   4   0   0   1   0   0   8  1.23 inf
  255 I   -2 -1 -5 -5 -4 -4 -5 -5 -5  6  1 -4  3 -2 -5 -4 -3 -5 -4  3    3   4   0   0   0   0   0   0   0  51  12   0   7   1   0   0   0   0   0  19  1.02 inf
  256 N   -1  4  3  1 -4  2 -1 -2 -1 -4 -3  4 -2 -4 -2 -1 -1 -5 -3 -3    5  23  13   8   0   9   2   2   1   0   1  25   1   0   1   4   4   0   0   1  0.53 inf
  257 H   -4  4 -1 -4 -6 -2 -3 -5  9 -5 -2  1 -3 -5 -5 -2 -3 -5 -2 -4    0  24   2   0   0   1   1   0  54   0   5   7   1   0   0   2   1   0   0   1  1.71 inf
  258 V    0 -4 -5 -5 -1 -2 -4 -5 -5  2  2 -4  2 -1 -2 -2 -2 -4 -2  5    9   0   0   0   1   1   0   0   0  11  20   0   4   1   2   2   0   0   1  47  0.71 inf
  259 G    0  2  3 -2 -4 -1 -2  4 -3 -4 -2  3 -2 -4 -3 -1 -1 -3 -3 -3    7  10  14   1   0   1   2  31   0   0   5  19   1   0   0   2   3   0   0   1  0.49 inf
  260 G    0  1  1 -2 -4  2  0  1 -2 -3 -3  4 -3 -2 -3  2  0 -4 -3 -2    8   7   5   1   0  10   4   9   0   1   1  27   0   2   0  18   5   0   0   2  0.35 inf
  261 G   -3 -6 -4 -5 -3 -5 -5  7 -5 -7 -7 -3 -6 -6 -6 -3 -5  0 -6 -6    0   0   0   0   1   0   0  94   0   0   0   1   0   0   0   1   0   1   0   0  2.34 inf
  262 T   -2 -5 -4 -4 -5 -4 -5 -5 -5 -5 -5 -4 -4 -6 -3  0  8 -6 -5 -4    3   0   0   0   0   0   0   0   0   0   0   0   0   0   1   6  89   0   0   0  2.12 inf
  263 P   -5 -6 -6 -5 -7 -5 -5 -6 -6 -7 -7 -5 -6 -7  9 -2 -3 -7 -7 -6    0   0   0   0   0   0   0   0   0   0   0   0   0   0  95   3   1   0   0   0  3.13 inf
  264 K    1  3 -3 -4 -4 -2 -3 -1 -2 -2  2  4  4 -3 -4 -2 -3 -4 -2 -2   11  16   0   0   0   1   0   4   0   0  23  27  13   0   0   1   0   0   2   1  0.50 inf
  265 K   -2  7 -3 -4 -6 -1 -3 -5  2 -5 -5  3  2 -5  2 -3 -3 -4 -4 -5    3  58   1   0   0   1   0   0   4   0   0  16   6   0   9   0   0   0   0   0  1.35 inf
  266 R   -3  0  1 -5 -6 -4 -4 -4 -2 -6 -5 -1 -6 -5  8 -3 -4 -1 -6 -6    2   5   8   0   0   0   0   1   1   0   1   3   0   1  76   1   0   1   0   0  2.17 inf
  267 E   -2  3  2  1 -5 -2 -1  5 -3 -5 -5  1 -4 -5 -4 -1 -2 -2 -5 -3    0  17   9   8   0   1   4  44   0   0   0   8   0   0   0   3   2   1   0   2  0.76 inf
  268 A    2  0 -2 -2 -2  1 -1 -1 -2 -2 -3  0 -2 -3  4  0  1 -2 -2  0   24   5   0   1   1   7   2   3   1   2   1   6   1   1  21   6  10   1   1   7  0.37 inf
  269 L   -2 -5 -5 -5 -3 -4 -5 -5 -5  5  2 -4  4  2 -3 -3 -1 -4 -3  3    2   0   0   0   0   0   0   0   0  36  17   0  10   8   1   1   3   0   0  20  0.78 inf
  270 E   -3 -1  1  3 -6  0  5 -4 -3 -5 -6 -1 -5 -6  2  0 -2 -6 -5 -4    0   3   5  18   0   3  48   0   0   1   0   2   0   0  11   8   1   0   0   1  0.97 inf
  271 T    2 -4 -4 -5 -3 -4 -4 -3 -5  0 -2 -4 -1 -3 -4 -2  5 -5 -4  4   18   0   0   0   0   0   0   1   0   4   2   0   1   1   0   1  43   0   0  29  0.91 inf
  272 Y   -6 -6 -5 -7 -6 -6 -6 -7 -2 -4 -4 -6 -3  4 -7 -3 -5 -2  9 -5    0   0   0   0   0   0   0   0   0   1   1   0   0  14   0   2   0   0  81   0  2.70 inf
  273 I   -4 -5 -6 -6 -4 -4 -6 -6 -6  6  3 -5  1 -2 -5 -5 -3 -5 -4  3    0   0   0   0   0   1   0   0   0  46  31   0   3   1   0   0   0   0   0  19  1.17 inf
  274 F   -5 -6 -7 -7 -6 -7 -5 -7 -5 -4 -3 -7 -4  9 -7 -4 -6 -3  2 -4    0   0   0   0   0   0   1   0   0   0   0   0   0  92   0   1   0   0   5   1  2.76 inf
  275 A    5 -4 -3 -2 -4 -3  0  0 -4 -5 -5 -3 -4 -5 -4  3 -2 -5 -5 -3   61   0   0   2   0   0   8   6   0   0   0   0   0   0   0  22   0   0   0   0  1.06 inf
  276 M   -4 -5 -6 -7 -3 -5 -6 -6 -6 -1  5 -5  7 -2 -6 -5 -3 -3 -4 -1    0   0   0   0   0   0   0   0   0   1  67   0  27   1   0   0   1   0   0   2  1.56 inf
  277 F   -5 -6 -6 -7 -5 -6 -6 -6 -4  0  0 -6 -2  8 -7 -5 -5 -2  4 -2    0   0   0   0   0   0   0   0   0   5   8   0   0  71   0   0   0   0  12   2  1.97 inf
  278 N   -5 -4  7  6 -6 -3 -2 -4 -3 -7 -7 -3 -6 -7 -5 -3 -4 -7 -6 -6    0   0  58  39   0   0   0   0   0   0   0   1   0   0   0   0   0   0   0   0  1.96 inf
  279 E   -5 -3 -4 -1 -7 -2  8 -6 -4 -7 -7 -2 -6 -7 -5 -4 -5 -7 -6 -6    0   0   0   1   0   0  97   0   0   0   0   1   0   0   0   0   0   0   0   0  2.40 inf
  280 N   -5 -4  7  5 -6 -3 -2 -3 -3 -6 -7 -3 -6 -6 -5 -3 -3 -7 -4 -6    0   0  64  31   0   0   1   1   0   0   0   1   0   0   0   0   0   0   1   0  1.88 inf
  281 Q    0  1 -1 -2 -4  4 -1 -2 -2 -1  2  0  3 -3 -4 -1 -2 -4 -3 -2    9   7   3   2   0  27   3   2   0   1  26   6   7   0   0   2   2   0   0   1  0.39 inf
  282 K   -4  2 -3 -4 -6 -1 -3 -5 -4 -6 -6  8 -5 -6 -4 -4 -4 -6 -5 -6    0   8   0   0   0   1   0   0   0   0   0  89   0   0   0   0   0   0   0   0  2.10 inf
  283 T   -1 -2 -1  0 -4  1  0 -1 -3 -4 -4 -2 -4 -5  6  3  0 -3 -4 -4    5   2   3   4   0   5   6   5   0   1   0   1   0   0  38  22   6   0   0   1  0.82 inf
  284 G   -1 -4 -2 -3 -4 -3 -3  6 -4 -4 -4 -3 -4 -4  3 -2 -3 -4 -4 -3    3   1   1   1   0   1   1  66   0   1   1   1   0   1  17   2   1   0   0   2  1.30 inf
  285 D    0 -4 -2  2 -5 -3 -1  2 -4 -4 -3 -2 -3 -5  6 -1 -2 -6 -4 -4    8   0   1  12   0   1   4  17   0   1   3   2   0   0  44   4   1   0   0   0  0.99 inf
  286 A    1 -2  1  0 -1 -1  2  2 -2 -1 -2 -2 -2 -4  0  0  2 -4 -3  0   13   1   9   3   1   1  17  16   1   3   2   0   0   0   4   5  15   0   0   8  0.22 inf
  287 T   -1 -3 -2 -3 -2 -3 -3 -3 -3  1 -1 -3 -2  3 -4  3  3 -3  0  1    4   0   1   0   1   0   0   0   0   7   5   0   0  16   0  32  20   0   3   9  0.47 inf
  288 E   -4 -3 -3 -2 -7 -1  8 -4 -2 -6 -6 -3 -5 -6 -4 -3 -4 -6 -5 -6    1   0   1   0   0   1  93   1   1   0   0   0   0   0   0   1   1   0   0   0  2.19 inf
  289 R   -2  7 -2 -4 -6  3 -3 -4 -3 -6 -5  4 -4 -6 -5 -3 -3 -6 -5 -4    2  59   1   0   0  13   0   1   0   0   0  21   0   0   0   1   1   0   0   1  1.48 inf
  290 S   -4 -4  6 -3 -6 -3 -3 -4  9 -5 -6 -1 -5 -2 -5  0 -4 -6  0 -6    1   0  39   0   0   0   0   0  45   1   0   3   0   2   0   7   0   0   2   0  1.82 inf
  291 F   -6 -6 -6 -7 -6 -6 -6 -6 -2 -5 -4 -6 -3  7 -7 -4 -6 10  4 -5    0   0   0   0   0   0   0   0   1   0   0   0   1  43   0   2   0  41  12   0  2.56 inf
  292 G   -3 -6 -4 -5 -6 -5 -6  7 -6 -5 -7 -5 -6 -7 -6 -4 -5 -6 -7 -7    0   0   0   0   0   0   0  99   0   1   0   0   0   0   0   0   0   0   0   0  2.49 inf
  293 L   -3 -5 -6 -6 -4 -5 -5 -5 -5  3  6 -5  1 -2 -5 -5 -3 -4 -4  1    1   0   0   0   0   0   0   1   0  16  72   0   2   1   0   0   1   0   0   6  1.24 inf
  294 F   -5 -6 -6 -7 -5 -6 -6 -6 -4 -3  1 -6  0  9 -7 -4 -5 -2  3 -3    0   0   0   0   0   0   0   0   0   0  10   0   2  79   0   1   0   0   7   1  2.17 inf
  295 N   -3  1  3 -1 -4  0 -1 -3  2 -4 -2  1 -3  1 -4  0  0 -2  6 -4    1   6  14   3   0   4   2   1   6   0   4  11   0   4   0   7   6   0  31   0  0.56 inf
  296 P    0 -5 -4 -4 -1 -4 -4 -2  0 -4 -4 -4 -4  1  7 -3 -1 -5  2 -4    8   0   0   0   2   0   0   3   2   0   1   0   0   7  62   1   4   0   7   1  1.56 inf
  297 D   -5 -4  6  7 -6 -3 -2 -3 -4 -6 -7 -3 -6 -7 -5 -1 -2 -7 -6 -6    0   0  35  58   0   0   1   1   0   0   0   0   0   0   0   3   2   0   0   0  1.78 inf
  298 K   -2 -1 -3 -4 -2  0 -1  5 -4 -4 -1  3  4  0 -4 -2 -3 -4 -4 -3    1   3   0   0   1   4   3  42   0   0   6  19  15   4   0   2   1   0   0   0  0.70 inf
  299 S   -2  0 -2 -2 -4  4 -1 -3 -3 -3 -4  1 -2 -5 -4  2  5 -3 -4 -2    2   4   1   1   0  22   2   0   0   0   0   8   1   0   0  18  38   0   0   2  0.78 inf
  300 P    1 -1 -2 -4 -5 -1 -1 -4 -1 -2 -3  1  1 -5  7 -1 -2 -4 -5 -3   10   3   1   0   0   2   4   0   1   3   2   9   5   0  55   4   1   0   0   1  1.24 inf
  301 A    1 -2 -3 -4 -4 -3 -3 -5 -4  1 -2  4 -2 -4 -4 -1 -2 -5 -4  5   10   0   1   0   0   0   0   0   0   5   1  32   1   0   0   3   2   0   0  46  0.84 inf
  302 Y   -6 -6 -6 -7 -6 -5 -6 -7 -2 -4 -5 -6 -5  2 -7 -6 -6 -2 10 -5    0   0   0   0   0   0   0   0   0   1   0   0   0   6   0   0   0   0  94   0  3.12 inf
  303 N   -1 -2  2  3 -4  2  1 -1  0 -3 -3 -1 -3 -5  4  0 -1 -5 -3 -3    5   0  10  21   0   9  10   3   2   1   2   2   0   0  21   8   3   0   1   0  0.51 inf
  304 I   -3 -5 -5 -6 -3 -5 -5 -6 -5  5  3 -5  1  1 -5 -4 -3 -4 -3  3    1   0   0   0   0   0   0   0   0  34  30   0   3   6   0   0   0   0   0  25  0.91 inf
  305 Q   -2 -1  4  4 -5 -1 -1  3  1 -5 -5 -1 -4 -5 -1  1  0 -5 -4 -4    0   2  21  27   0   2   1  21   3   0   0   2   0   0   2  11   6   0   0   0  0.67 inf
  306 F   -5 -5 -6 -6 -5 -5 -6 -6 -4 -2  4 -6 -2  7 -6 -5 -4 -2  2 -3    0   0   0   0   0   0   0   0   0   0  41   0   0  55   0   0   0   0   4   0  1.61 inf

                      K         Lambda
Standard Ungapped    0.1319     0.3156
Standard Gapped      0.0558     0.2670
PSI Ungapped         0.1827     0.3125
PSI Gapped           0.0558     0.2670
