
Last position-specific scoring matrix computed, weighted observed percentages rounded down, information per position, and relative weight of gapless real matches to pseudocounts
           A  R  N  D  C  Q  E  G  H  I  L  K  M  F  P  S  T  W  Y  V   A   R   N   D   C   Q   E   G   H   I   L   K   M   F   P   S   T   W   Y   V
    1 G    0 -3  0 -1 -3 -2 -2  6 -2 -4 -4 -2 -3 -3 -2  0 -2 -3 -3 -3    0   0   0   0   0   0   0 100   0   0   0   0   0   0   0   0   0   0   0   0  1.05 inf
    2 P   -1 -2 -2 -2 -3 -1 -1 -2 -2 -3 -3 -1 -3 -4  8 -1 -1 -4 -3 -3    0   0   0   0   0   0   0   0   0   0   0   0   0   0 100   0   0   0   0   0  2.08 inf
    3 I   -2 -3 -4 -3 -1 -3 -4 -4 -4  5  2 -3  1  0 -3 -3 -1 -3 -2  3    0   0   0   0   0   0   0   0   0 100   0   0   0   0   0   0   0   0   0   0  0.42 inf
    4 K   -1  2  0 -1 -3  1  1 -2 -1 -3 -3  5 -2 -3 -1  0 -1 -3 -2 -3    0   0   0   0   0   0   0   0   0   0   0 100   0   0   0   0   0   0   0   0  0.55 inf
    5 D   -2  0  1  5 -4  0  1 -2 -1 -3 -4  2 -3 -4 -2  0 -1 -4 -3 -3    0   0   0  69   0   0   0   0   0   0   0  31   0   0   0   0   0   0   0   0  0.64 inf
    6 A    3 -2 -2 -2 -1 -1 -1 -1  0 -2 -2 -1 -1  0 -1  0 -1  0  4 -1   69   0   0   0   0   0   0   0   0   0   0   0   0   0   0   0   0   0  31   0  0.32 inf
    7 L   -2 -2 -4 -4 -1 -2 -3 -4 -3  2  4 -3  2  0 -3 -3 -1 -2 -1  1    0   0   0   0   0   0   0   0   0   0 100   0   0   0   0   0   0   0   0   0  0.48 inf
    8 A    4 -2 -2 -2 -1 -1 -1  0 -2 -2 -2 -1 -1 -2 -1  1  0 -3 -2  0  100   0   0   0   0   0   0   0   0   0   0   0   0   0   0   0   0   0   0   0  0.43 inf
    9 Y   -2 -2 -2 -1 -3  0  2 -3  0  1  0 -1 -1  1 -2 -1 -1  0  5  0    0   0   0   0   0   0  31   0   0  28   0   0   0   0   0   0   0   0  41   0  0.27 inf
   10 A    4 -2 -2 -2 -1 -1 -1  0 -2 -2 -2 -1 -1 -2 -1  1  0 -3 -2  0  100   0   0   0   0   0   0   0   0   0   0   0   0   0   0   0   0   0   0   0  0.43 inf
   11 W   -3 -3 -3 -4 -3 -2 -3 -3 -1 -2 -2 -3 -2  2 -4 -3 -2 10  5 -3    0   0   0   0   0   0   0   0   0   0   0   0   0   0   0   0   0  69  31   0  1.70 inf
   12 G   -1  3  0  0 -3  1  2  4 -1 -4 -3  1 -2 -3 -2  0 -1 -3 -3 -3    0  28   0   0   0   0  31  41   0   0   0   0   0   0   0   0   0   0   0   0  0.45 inf
   13 V   -1  0 -2 -2 -2 -1 -1 -3  0  1  0  2  0  1 -2 -1 -1  0  4  2    0   0   0   0   0   0   0   0   0   0   0  28   0   0   0   0   0   0  31  41  0.18 inf
   14 F   -2 -2 -2 -3 -2 -2 -2 -3  5  2  0 -2  0  4 -3 -2 -2 -1  2  0    0   0   0   0   0   0   0   0  28  31   0   0   0  41   0   0   0   0   0   0  0.31 inf
   15 A    4 -1 -1 -1 -1 -1 -1  0 -2 -2 -2 -1 -1 -3 -1  3  0 -3 -2 -1   69   0   0   0   0   0   0   0   0   0   0   0   0   0   0  31   0   0   0   0  0.37 inf
   16 A    2 -1  0  3 -2  0  3 -1 -1 -3 -3  0 -2 -3 -1  0 -1 -3 -2 -2   41   0   0  31   0   0  28   0   0   0   0   0   0   0   0   0   0   0   0   0  0.37 inf
   17 N   -2 -1  5  4 -3  0  0 -1  0 -4 -4  0 -3 -3 -2  0  0 -4 -3 -3    0   0  69  31   0   0   0   0   0   0   0   0   0   0   0   0   0   0   0   0  0.67 inf
   18 T   -1 -2 -1 -1 -2 -1 -1 -2 -2 -2 -2 -1 -2 -3  7  0  3 -3 -3 -1    0   0   0   0   0   0   0   0   0   0   0   0   0   0  59   0  41   0   0   0  1.08 inf
   19 D   -1 -2  0  5 -3 -1  1 -2 -2  0 -2 -1 -2 -3 -2 -1 -1 -4 -3  1    0   0   0  69   0   0   0   0   0   0   0   0   0   0   0   0   0   0   0  31  0.48 inf
   20 Y   -2 -3 -3 -4 -3 -3 -3 -3  0 -1  0 -3  0  6 -4 -2 -2  2  6 -1    0   0   0   0   0   0   0   0   0   0   0   0   0  59   0   0   0   0  41   0  0.72 inf
   21 P   -1 -2 -1 -2 -2 -1 -1 -2 -2 -2 -3 -1 -2 -3  7  0  2 -4 -3 -2    0   0   0   0   0   0   0   0   0   0   0   0   0   0  72   0  28   0   0   0  1.35 inf
   22 C   -1  0 -1 -1  7  0  2 -2 -1 -2 -2  2 -2 -3 -2 -1 -1 -3 -2 -2    0   0   0   0  41   0  28   0   0   0   0  31   0   0   0   0   0   0   0   0  0.46 inf
   23 L   -2 -2 -4 -4 -1 -2 -3 -4 -3  2  4 -3  2  0 -3 -3 -1 -2 -1  1    0   0   0   0   0   0   0   0   0   0 100   0   0   0   0   0   0   0   0   0  0.48 inf
   24 T   -1  0  0  3 -2  0  1 -2 -1 -2 -2  2 -2 -3 -1  1  3 -3 -2 -1    0   0   0  31   0   0   0   0   0   0   0  28   0   0   0   0  41   0   0   0  0.33 inf
   25 R   -2  4 -2 -3 -3 -1 -1 -3  0 -2 -1  0 -1  4 -3 -2 -2  0  4 -2    0  41   0   0   0   0   0   0   0   0   0   0   0  31   0   0   0   0  28   0  0.42 inf
   26 K   -1  1  3  1 -3  1  3 -1  0 -3 -3  3 -2 -3 -1  0 -1 -3 -2 -3    0   0  31   0   0   0  28   0   0   0   0  41   0   0   0   0   0   0   0   0  0.42 inf
   27 E   -1 -1 -1  0  6  0  3 -3  0 -2 -2 -1 -2  0 -2 -1 -1  0  4 -2    0   0   0   0  31   0  41   0   0   0   0   0   0   0   0   0   0   0  28   0  0.41 inf
   28 F   -3 -3 -3 -4 -3 -4 -4 -3 -1  0  0 -3  0  7 -4 -3 -2  1  3 -1    0   0   0   0   0   0   0   0   0   0   0   0   0 100   0   0   0   0   0   0  0.79 inf
   29 E   -1  0  0  2 -4  2  6 -2  0 -4 -3  1 -2 -4 -1  0 -1 -3 -2 -3    0   0   0   0   0   0 100   0   0   0   0   0   0   0   0   0   0   0   0   0  0.77 inf
   30 G    0 -3 -1 -2 -3 -2 -2  6 -2 -4 -4 -2 -3 -3 -2  0 -2 -3 -3 -3    0   0   0   0   0   0   0 100   0   0   0   0   0   0   0   0   0   0   0   0  1.07 inf
   31 I   -2 -3 -4 -3 -1 -3 -4 -4 -4  5  2 -3  1  0 -3 -3 -1 -3 -2  3    0   0   0   0   0   0   0   0   0 100   0   0   0   0   0   0   0   0   0   0  0.42 inf
   32 D   -1 -2  0  4 -3 -1  0  5 -2 -4 -4 -1 -3 -4 -2  0 -2 -3 -3 -3    0   0   0  41   0   0   0  59   0   0   0   0   0   0   0   0   0   0   0   0  0.70 inf
   33 Y   -2 -2 -2 -3 -3 -2 -2 -3  2 -2 -1 -2 -1  3 -3 -2 -2  2  7 -1    0   0   0   0   0   0   0   0   0   0   0   0   0   0   0   0   0   0 100   0  0.93 inf
   34 D   -2 -2  1  6 -4  0  2 -2 -1 -3 -4 -1 -3 -4 -2  0 -1 -5 -3 -4    0   0   0 100   0   0   0   0   0   0   0   0   0   0   0   0   0   0   0   0  0.97 inf
   35 R   -2  6 -1 -2 -4  1  0 -3  0 -3 -2  2 -2 -3 -2 -1 -1 -3 -2 -3    0 100   0   0   0   0   0   0   0   0   0   0   0   0   0   0   0   0   0   0  0.79 inf
   36 E   -1  0  0  2 -4  2  6 -2  0 -4 -3  1 -2 -4 -1  0 -1 -3 -2 -3    0   0   0   0   0   0 100   0   0   0   0   0   0   0   0   0   0   0   0   0  0.77 inf
   37 T    0 -1  0  0 -2  0  3 -2 -1 -1 -2  0 -1 -3 -1  1  4 -3 -2 -1    0   0   0   0   0   0  31   0   0   0   0   0   0   0   0   0  69   0   0   0  0.39 inf
   38 N   -1 -2  4  0 -2 -1 -1 -2 -1  1 -1 -1 -1 -2  4 -1 -1 -4 -2  0    0   0  41   0   0   0   0   0   0  31   0   0   0   0  28   0   0   0   0   0  0.42 inf
   39 L   -2 -2 -4 -4 -1 -2 -3 -4 -3  2  4 -3  2  0 -3 -3 -1 -2 -1  1    0   0   0   0   0   0   0   0   0   0 100   0   0   0   0   0   0   0   0   0  0.48 inf
   40 N   -1 -1  5  1 -3  0 -1 -1  0 -3 -4 -1 -3 -4  5  0  0 -4 -3 -3    0   0  69   0   0   0   0   0   0   0   0   0   0   0  31   0   0   0   0   0  0.78 inf
   41 L   -2 -2 -4 -4 -1 -2 -3 -4 -3  2  4 -3  2  0 -3 -3 -1 -2 -1  1    0   0   0   0   0   0   0   0   0   0 100   0   0   0   0   0   0   0   0   0  0.48 inf
   42 T   -1  0  3  0 -2  0  0 -1 -1 -2 -2  2 -1 -3 -1  1  3 -3 -2 -1    0   0  28   0   0   0   0   0   0   0   0  31   0   0   0   0  41   0   0   0  0.31 inf
   43 K   -1  1 -1 -1 -3  1  0 -2 -1 -3 -3  4 -2 -4  5  0 -1 -4 -2 -3    0   0   0   0   0   0   0   0   0   0   0  69   0   0  31   0   0   0   0   0  0.67 inf
   44 L   -2 -2 -3 -4 -2 -2 -3 -4 -1  1  3 -2  1  2 -3 -2 -1  0  4  0    0   0   0   0   0   0   0   0   0   0  69   0   0   0   0   0   0   0  31   0  0.39 inf
   45 E   -2 -1  1  5 -4  1  4 -2 -1 -3 -4  0 -3 -4 -2  0 -1 -4 -3 -3    0   0   0  59   0   0  41   0   0   0   0   0   0   0   0   0   0   0   0   0  0.73 inf
   46 V    0 -3 -3 -4 -1 -2 -3 -3 -3  3  1 -3  1 -1 -3 -2  0 -3 -1  4    0   0   0   0   0   0   0   0   0   0   0   0   0   0   0   0   0   0   0 100  0.38 inf
   47 I   -1 -3 -3 -3 -1 -3 -3 -4 -4  4  1 -3  1  0 -3 -2 -1 -3 -1  3    0   0   0   0   0   0   0   0   0  69   0   0   0   0   0   0   0   0   0  31  0.38 inf
   48 T   -1 -1  0  4 -2  0  3 -2 -1 -2 -2  0 -2 -3 -1  1  3 -3 -2 -2    0   0   0  31   0   0  28   0   0   0   0   0   0   0   0   0  41   0   0   0  0.41 inf
   49 I   -2 -3 -4 -4 -1 -3 -3 -4 -3  4  3 -3  1  0 -3 -3 -1 -3 -1  2    0   0   0   0   0   0   0   0   0  72  28   0   0   0   0   0   0   0   0   0  0.38 inf
   50 M   -1 -2 -3 -4 -2 -1 -3 -3 -2  1  2 -2  5  4 -3 -2 -1 -1  1  0    0   0   0   0   0   0   0   0   0   0   0   0  69  31   0   0   0   0   0   0  0.35 inf
   51 E   -1  0  0  2 -4  2  6 -2  0 -4 -3  1 -2 -4 -1  0 -1 -3 -2 -3    0   0   0   0   0   0 100   0   0   0   0   0   0   0   0   0   0   0   0   0  0.77 inf
   52 Q   -1  0  0  0 -3  4  3 -2  5 -3 -3  1 -1 -3 -2  0 -1 -3  0 -3    0   0   0   0   0  41  28   0  31   0   0   0   0   0   0   0   0   0   0   0  0.53 inf
   53 A    4 -2 -1 -2 -1 -1 -1  0 -2 -1 -2 -1 -1 -2 -1  1  2 -3 -2  0   72   0   0   0   0   0   0   0   0   0   0   0   0   0   0   0  28   0   0   0  0.34 inf
   54 F   -2 -3 -3 -4 -2 -3 -3 -4 -2  2  2 -3  1  4 -3 -3 -2 -1  1  1    0   0   0   0   0   0   0   0   0  31  28   0   0  41   0   0   0   0   0   0  0.36 inf
   55 C   -1 -3 -3 -4  7 -3 -3 -3 -3  2  0 -3  0 -1 -3 -2 -1 -3 -2  2    0   0   0   0  41   0   0   0   0  28   0   0   0   0   0   0   0   0   0  31  0.47 inf
   56 Y   -2  0 -2 -2 -3  0 -1 -3  1 -2 -2  2 -1  2 -2 -1 -1  1  6 -2    0   0   0   0   0   0   0   0   0   0   0  31   0   0   0   0   0   0  69   0  0.54 inf
   57 L   -2 -2 -4 -4 -1 -2 -3 -4 -3  2  4 -3  2  0 -3 -3 -1 -2 -1  1    0   0   0   0   0   0   0   0   0   0 100   0   0   0   0   0   0   0   0   0  0.48 inf
   58 N   -1  0  5  1 -3  3  0 -1  1 -3 -3  0 -2 -3 -2  0  0 -3 -2 -3    0   0  72   0   0  28   0   0   0   0   0   0   0   0   0   0   0   0   0   0  0.59 inf
   59 G   -1  3  3  0 -3  0 -1  4 -1 -4 -3  0 -2 -3 -2  0 -1 -3 -3 -3    0  28  31   0   0   0   0  41   0   0   0   0   0   0   0   0   0   0   0   0  0.47 inf
   60 K   -1  1 -1 -1 -3  3  0 -2 -1  1 -1  3  0 -2 -2 -1 -1 -3 -2  0    0   0   0   0   0  28   0   0   0  31   0  41   0   0   0   0   0   0   0   0  0.21 inf
   61 S    0 -2 -1 -2 -2 -1 -1 -2  0  0  1 -1  0  1 -2  2  0  0  4 -1    0   0   0   0   0   0   0   0   0   0  31   0   0   0   0  41   0   0  28   0  0.19 inf
   62 P   -1 -2 -2 -2 -3 -1 -1 -2 -2 -3 -3 -1 -3 -4  8 -1 -1 -4 -3 -3    0   0   0   0   0   0   0   0   0   0   0   0   0   0 100   0   0   0   0   0  2.08 inf
   63 I   -2 -3 -4 -3 -1 -3 -4 -4 -4  5  2 -3  1  0 -3 -3 -1 -3 -2  3    0   0   0   0   0   0   0   0   0 100   0   0   0   0   0   0   0   0   0   0  0.42 inf
   64 K   -1  1  3  0 -3  0  0 -1 -1 -3 -3  3 -2 -4  5  0 -1 -4 -2 -3    0   0  28   0   0   0   0   0   0   0   0  41   0   0  31   0   0   0   0   0  0.60 inf
   65 G    0 -3 -1 -2 -3 -2 -2  6 -2 -4 -4 -2 -3 -3 -2  0 -2 -3 -3 -3    0   0   0   0   0   0   0 100   0   0   0   0   0   0   0   0   0   0   0   0  1.07 inf
   66 V   -1 -3 -3 -3 -1 -3 -3 -4 -3  3  1 -3  1 -1 -3 -2  0 -3 -1  4    0   0   0   0   0   0   0   0   0  31   0   0   0   0   0   0   0   0   0  69  0.36 inf
   67 F   -2 -2  3  3 -3 -1  0 -2 -1 -2 -1 -1 -1  4 -3 -1 -1 -1  1 -2    0   0  28  31   0   0   0   0   0   0   0   0   0  41   0   0   0   0   0   0  0.35 inf
   68 V   -1 -3 -3 -3 -1 -3 -3 -4 -3  3  1 -3  1 -1 -3 -2  0 -3 -1  4    0   0   0   0   0   0   0   0   0  28   0   0   0   0   0   0   0   0   0  72  0.36 inf
   69 F   -2 -3 -4 -4 -2 -3 -3 -4 -2  1  3 -3  1  4 -3 -3 -2  0  1  0    0   0   0   0   0   0   0   0   0   0  59   0   0  41   0   0   0   0   0   0  0.42 inf
   70 D    0 -1  1  4 -2  0  1 -1 -1 -2 -3 -1 -2 -3 -1  2  3 -3 -2 -2    0   0   0  41   0   0   0   0   0   0   0   0   0   0   0  28  31   0   0   0  0.41 inf
   71 D   -2 -1  1  4 -4  1  3 -2  5 -4 -3  0 -2 -3 -2  0 -1 -3 -1 -3    0   0   0  41   0   0  28   0  31   0   0   0   0   0   0   0   0   0   0   0  0.57 inf
   72 E   -1 -1 -1  0 -3  0  3  3  0 -3 -3  0 -2  0 -2 -1 -1  0  4 -2    0   0   0   0   0   0  41  28   0   0   0   0   0   0   0   0   0   0  31   0  0.36 inf
   73 G    0 -3 -1 -2 -3 -2 -2  6 -2 -4 -4 -2 -3 -3 -2  0 -2 -3 -3 -3    0   0   0   0   0   0   0 100   0   0   0   0   0   0   0   0   0   0   0   0  1.07 inf
   74 K   -1  0 -2 -2 -2  0 -1 -3  0 -1  1  3  0  1 -2 -1 -1  0  4 -1    0   0   0   0   0   0   0   0   0   0  31  41   0   0   0   0   0   0  28   0  0.20 inf
   75 E    0 -1  0  0 -2  1  3 -1 -1 -2 -2  0 -2 -3 -1  2  3 -3 -2 -1    0   0   0   0   0   0  41   0   0   0   0   0   0   0   0  28  31   0   0   0  0.36 inf
   76 S    0 -2 -1 -1 -2 -1 -1 -2  0 -2 -2 -1 -2  0  5  2  0 -1  4 -2    0   0   0   0   0   0   0   0   0   0   0   0   0   0  31  41   0   0  28   0  0.54 inf
   77 V   -1 -3 -3 -4 -1 -2 -3 -4 -3  2  2 -3  1 -1 -3 -2  0 -3 -1  4    0   0   0   0   0   0   0   0   0   0  28   0   0   0   0   0   0   0   0  72  0.33 inf
   78 N   -2  0  4  3 -3  3  1 -1  0 -3 -3  0 -2 -4 -2  0 -1 -3 -2 -3    0   0  41  28   0  31   0   0   0   0   0   0   0   0   0   0   0   0   0   0  0.52 inf
   79 F   -1 -2 -2 -3 -2 -2 -2 -3  0  2  0 -2  0  3 -3  1 -1  0  4  0    0   0   0   0   0   0   0   0   0  28   0   0   0  20   0  20   0   0  31   0  0.25 inf
   80 V   -1  0 -2 -3 -2 -1 -1 -3 -2  2  2  2  1 -1 -2 -2 -1 -3 -1  2    0   0   0   0   0   0   0   0   0   0  31  28   0   0   0   0   0   0   0  41  0.15 inf
   81 A    3 -2 -1 -1 -1 -1 -1 -1 -2 -2 -2 -1 -2 -3  4  2  0 -3 -2 -1   41   0   0   0   0   0   0   0   0   0   0   0   0   0  28  31   0   0   0   0  0.53 inf
   82 F   -2  0 -2 -2 -3 -1 -1 -3  0 -1 -1  2 -1  5 -3 -2 -2  1  4 -1    0   0   0   0   0   0   0   0   0   0   0  31   0  41   0   0   0   0  28   0  0.38 inf
   83 N   -2 -1  4  4 -3  1  3 -1  0 -4 -4  0 -3 -4 -2  0 -1 -4 -3 -3    0   0  41  31   0   0  28   0   0   0   0   0   0   0   0   0   0   0   0   0  0.57 inf
   84 K    2  4 -1 -1 -2  1  0 -1 -1 -3 -2  3 -1 -3 -1  0 -1 -3 -2 -2   28  31   0   0   0   0   0   0   0   0   0  41   0   0   0   0   0   0   0   0  0.36 inf
   85 I   -2 -3 -4 -4 -1 -3 -3 -4 -3  3  3 -3  2  0 -3 -3 -1 -2 -1  2    0   0   0   0   0   0   0   0   0  41  59   0   0   0   0   0   0   0   0   0  0.39 inf
   86 T   -1  3 -2 -2 -2 -1 -2 -3 -1  1  0  0  0  3 -3 -1  1 -1  1  0    0  28   0   0   0   0   0   0   0  20   0   0   0  31   0   0  20   0   0   0  0.17 inf
   87 D   -1 -1  0  4 -4  1  4 -2 -1 -4 -3  0 -3 -4 -1  0 -1 -4 -3 -3    0   0   0  41   0   0  59   0   0   0   0   0   0   0   0   0   0   0   0   0  0.69 inf
   88 V    2 -2 -3 -3 -1 -2 -2 -2 -3  2  0 -2  0 -1 -2 -1  0 -3 -2  4   28   0   0   0   0   0   0   0   0   0   0   0   0   0   0   0   0   0   0  72  0.25 inf
   89 I   -2 -3 -4 -3 -1 -3 -4 -4 -4  5  2 -3  1  0 -3 -3 -1 -3 -2  3    0   0   0   0   0   0   0   0   0 100   0   0   0   0   0   0   0   0   0   0  0.42 inf
   90 N   -2 -1  6  1 -3  0  0 -1  1 -4 -4  0 -2 -3 -2  1  0 -4 -2 -3    0   0 100   0   0   0   0   0   0   0   0   0   0   0   0   0   0   0   0   0  0.77 inf
   91 N   -1  1  5  1 -3  0  0 -1  0 -3 -3  2 -2 -3 -2  0  0 -4 -2 -3    0   0  69   0   0   0   0   0   0   0   0  31   0   0   0   0   0   0   0   0  0.54 inf
   92 I   -1 -2 -2 -2 -1 -2 -2 -2 -2  4  1 -2  1  0 -1 -1  0 -2 -1  2    2   2   1   2   1   1   2   2   1  71   3   2   1   1   2   2   2   0   1   2  0.16 inf
   93 E   -1  0  5  1 -3  1  3 -1  0 -4 -4  0 -2 -3 -2  0  0 -4 -2 -3    0   0  59   0   0   0  41   0   0   0   0   0   0   0   0   0   0   0   0   0  0.57 inf
   94 D   -2 -1  4  6 -4  0  1 -1 -1 -4 -4 -1 -3 -4 -2  0 -1 -4 -3 -3    0   0  31  69   0   0   0   0   0   0   0   0   0   0   0   0   0   0   0   0  0.75 inf
   95 Q   -1  0  3  0 -2  4  1 -1  0 -2 -2  0 -1 -3 -2  1  2 -3 -2 -2    0   0  31   0   0  41   0   0   0   0   0   0   0   0   0   0  28   0   0   0  0.38 inf
   96 W   -3 -3 -4 -5 -3 -2 -3 -3 -3 -3 -2 -3 -2  1 -4 -3 -3 12  2 -3    0   0   0   0   0   0   0   0   0   0   0   0   0   0   0   0   0 100   0   0  2.42 inf
   97 S    1 -1  1  0 -1  0  0  0 -1 -3 -3  0 -2 -3 -1  4  1 -3 -2 -2    0   0   0   0   0   0   0   0   0   0   0   0   0   0   0 100   0   0   0   0  0.48 inf
   98 V   -1 -3 -3 -3 -1 -3 -3 -4 -3  3  1 -3  1 -1 -3 -2  0 -3 -1  4    0   0   0   0   0   0   0   0   0  28   0   0   0   0   0   0   0   0   0  72  0.36 inf
   99 R   -2  6 -1 -2 -4  1  0 -3  0 -3 -2  2 -2 -3 -2 -1 -1 -3 -2 -3    0 100   0   0   0   0   0   0   0   0   0   0   0   0   0   0   0   0   0   0  0.79 inf
  100 R   -2  6 -1 -2 -4  1  0 -3  0 -3 -2  2 -2 -3 -2 -1 -1 -3 -2 -3    0 100   0   0   0   0   0   0   0   0   0   0   0   0   0   0   0   0   0   0  0.79 inf
  101 L   -2 -2 -4 -4 -1 -2 -3 -4 -3  2  4 -3  2  0 -3 -3 -1 -2 -1  1    0   0   0   0   0   0   0   0   0   0 100   0   0   0   0   0   0   0   0   0  0.48 inf
  102 M   -1 -2 -2 -3 -2 -1 -2 -3 -2  1  2 -2  6  0 -3 -2 -1 -2 -1  1    0   0   0   0   0   0   0   0   0   0   0   0 100   0   0   0   0   0   0   0  0.42 inf
  103 Q   -1  1  0  0 -3  6  2 -2  0 -3 -2  1 -1 -4 -2  0 -1 -2 -2 -3    0   0   0   0   0 100   0   0   0   0   0   0   0   0   0   0   0   0   0   0  0.70 inf
  104 A    4 -1 -1 -2 -1 -1 -1  0 -2 -1 -2 -1 -1 -2 -1  1  3 -3 -2  0   69   0   0   0   0   0   0   0   0   0   0   0   0   0   0   0  31   0   0   0  0.33 inf
  105 L   -2 -2 -4 -4 -1 -2 -3 -4 -3  2  4 -3  2  0 -3 -3 -1 -2 -1  1    0   0   0   0   0   0   0   0   0   0 100   0   0   0   0   0   0   0   0   0  0.48 inf
  106 G    0 -3 -1 -2 -3 -2 -2  6 -2 -4 -4 -2 -3 -3 -2  0 -2 -3 -3 -3    0   0   0   0   0   0   0 100   0   0   0   0   0   0   0   0   0   0   0   0  1.07 inf
  107 T    0 -1  0 -1 -1 -1 -1 -2 -2 -1 -1 -1 -1 -2 -1  1  5 -3 -2  0    0   0   0   0   0   0   0   0   0   0   0   0   0   0   0   0 100   0   0   0  0.51 inf
  108 D   -2 -2  1  6 -4  0  2 -2 -1 -3 -4 -1 -3 -4 -2  0 -1 -5 -3 -4    0   0   0 100   0   0   0   0   0   0   0   0   0   0   0   0   0   0   0   0  0.97 inf
  109 L   -1 -3 -4 -4 -1 -3 -3 -4 -3  3  3 -3  2  0 -3 -2 -1 -2 -1  3    0   0   0   0   0   0   0   0   0  31  41   0   0   0   0   0   0   0   0  28  0.34 inf
  110 I   -1 -3 -3 -3 -1 -3 -3 -4 -4  4  1 -3  1  0 -3 -2 -1 -3 -1  3    0   0   0   0   0   0   0   0   0  72   0   0   0   0   0   0   0   0   0  28  0.38 inf
  111 V    0 -3 -3 -4 -1 -2 -3 -3 -3  3  1 -3  1 -1 -3 -2  0 -3 -1  4    0   0   0   0   0   0   0   0   0   0   0   0   0   0   0   0   0   0   0 100  0.38 inf
  112 N   -2 -1  6  1 -3  0  0 -1  1 -4 -4  0 -2 -3 -2  1  0 -4 -2 -3    0   0 100   0   0   0   0   0   0   0   0   0   0   0   0   0   0   0   0   0  0.77 inf
  113 N   -1  0  4  0 -3  3  0 -2  0 -1  1  0  0 -2 -2  0 -1 -3 -2 -1    0   0  41   0   0  31   0   0   0   0  28   0   0   0   0   0   0   0   0   0  0.25 inf
  114 F   -3 -3 -3 -4 -3 -4 -4 -3 -1  0  0 -3  0  7 -4 -3 -2  1  3 -1    0   0   0   0   0   0   0   0   0   0   0   0   0 100   0   0   0   0   0   0  0.79 inf
  115 D   -2 -2  1  6 -4  0  2 -2 -1 -3 -4 -1 -3 -4 -2  0 -1 -5 -3 -4    0   0   0 100   0   0   0   0   0   0   0   0   0   0   0   0   0   0   0   0  0.97 inf
  116 R   -1  5  0 -1 -4  1  0 -2  0 -3 -3  3 -2 -3 -2 -1 -1 -3 -2 -3    0  69   0   0   0   0   0   0   0   0   0  31   0   0   0   0   0   0   0   0  0.63 inf
  117 M   -1 -2 -2 -3 -2 -1 -2 -3 -2  1  2 -2  6  0 -3 -2 -1 -2 -1  1    0   0   0   0   0   0   0   0   0   0   0   0 100   0   0   0   0   0   0   0  0.42 inf
  118 Y   -2 -2 -2 -3 -3 -2 -2 -3  2 -2 -1 -2 -1  3 -3 -2 -2  2  7 -1    0   0   0   0   0   0   0   0   0   0   0   0   0   0   0   0   0   0 100   0  0.93 inf
  119 W   -3 -3 -4 -5 -3 -2 -3 -3 -3 -3 -2 -3 -2  1 -4 -3 -3 12  2 -3    0   0   0   0   0   0   0   0   0   0   0   0   0   0   0   0   0 100   0   0  2.42 inf

                      K         Lambda
Standard Ungapped    0.1392     0.3220
Standard Gapped      0.0410     0.2670
PSI Ungapped         0.1392     0.3220
PSI Gapped           0.0410     0.2670
