
Last position-specific scoring matrix computed, weighted observed percentages rounded down, information per position, and relative weight of gapless real matches to pseudocounts
           A  R  N  D  C  Q  E  G  H  I  L  K  M  F  P  S  T  W  Y  V   A   R   N   D   C   Q   E   G   H   I   L   K   M   F   P   S   T   W   Y   V
    1 G   -2 -5 -3 -4 -5 -4 -5  7 -4 -6 -6 -4 -5 -6 -5 -3 -4 -5 -6 -6    0   0   0   0   0   0   0 100   0   0   0   0   0   0   0   0   0   0   0   0  2.14 inf
    2 A    1 -2 -2 -2  3 -3 -1  5 -3 -4 -3 -2 -3  1 -3  1 -2 -4 -3 -4   10   2   0   1   8   0   3  53   0   0   1   2   0   7   0  12   0   0   0   0  0.76 inf
    3 P   -2 -1 -4 -4 -3 -2 -4 -4 -4  2  1 -3  1  1  5 -2 -3  6 -2  1    1   4   0   0   0   1   0   0   0  16  12   0   3   6  30   2   0  14   0  12  0.75 inf
    4 V   -2  2 -1 -2 -4  4  1 -3  1 -1 -2  1  0 -1 -3  0  0 -3  2  1    0  13   2   0   0  22  11   0   4   3   1   9   3   1   0   5   8   0   8  11  0.29 inf
    5 P   -2 -1  2  5 -5 -1  3 -3 -3 -5 -5 -1 -4 -5  3 -1  0 -5 -4 -3    2   2   8  35   0   1  25   0   0   0   0   3   0   0  17   1   5   0   0   1  0.83 inf
    6 V    2  0 -4 -3 -1 -3 -3 -4 -4  4  1  0 -1 -2 -3 -1 -1 -4 -3  3   20   6   0   1   1   0   0   0   0  31  12   6   0   0   0   2   1   0   0  20  0.39 inf
    7 D   -2 -2  2  4 -4 -2 -1 -2 -1 -4 -5  0 -2 -5  4  3 -1 -5 -4 -4    2   0  12  28   0   0   2   1   1   1   0   4   1   0  19  27   2   0   0   0  0.74 inf
    8 E    0 -2 -1 -2 -3  1  1 -2 -3  0  0  0  2 -3  3 -1  1 -4 -3  1   10   1   1   1   0   6  10   1   0   6  10   6   7   0  14   2  10   0   0  15  0.20 inf
    9 N   -2 -2  5  3 -4 -1  1 -2  0 -3 -4 -1 -2 -4 -3  3  0 -5 -4 -3    1   0  35  17   0   1   8   2   2   2   1   2   1   0   0  22   4   0   0   1  0.68 inf
   10 D   -2 -2  2  6 -5 -1  2 -3 -2 -4 -3 -1 -4 -4 -2  1 -1 -4  2 -4    2   1   9  47   0   1  15   0   0   1   2   3   0   0   1   9   2   0   7   0  0.81 inf
   11 E    0 -1  0  0 -4  2  3 -3 -2 -3 -3  2 -3 -4  4  0 -1 -5 -4  0    5   1   4   2   0   8  21   1   0   0   1  15   0   0  24   7   3   0   0   7  0.51 inf
   12 G   -2 -1  2  2 -4  0  3  3 -2 -4 -4 -1 -2 -2 -3  0 -2  2  3 -3    1   3  11   9   0   4  21  25   0   0   0   1   1   1   0   4   1   3  12   2  0.43 inf
   13 L   -1 -4 -5 -5 -3 -4 -4 -5 -5  2  1 -4  1  1 -4 -2  0 -4 -3  6    4   0   0   0   0   0   0   0   0   8  11   0   2   7   0   2   4   0   0  62  0.87 inf
   14 Q   -1  2  1 -1 -4  6  0 -4 -2 -3  0  3  0 -4 -3 -2 -2 -4 -4 -2    4   8   7   2   0  40   3   0   0   1   9  20   2   0   0   1   2   0   0   3  0.64 inf
   15 R    0  2  0  0 -4  3  3 -3  0 -3 -4  3 -1 -4 -2  1  0 -4 -3 -3    5  10   4   5   0  17  20   0   1   1   0  19   1   0   1   9   5   0   0   1  0.43 inf
   16 A    5 -4 -3 -4  2 -3 -3 -3 -4 -1 -2 -3 -1 -2 -3  1  2 -5 -4  1   57   0   0   0   5   0   0   0   0   2   3   0   1   2   0   7  14   0   0   9  0.73 inf
   17 L    3 -4 -5 -5 -3 -4 -4 -4 -4  0  4 -2  2 -2 -4 -3 -2 -4 -3  2   26   0   0   0   0   0   0   0   0   1  49   2   4   0   0   0   1   0   0  17  0.69 inf
   18 Q   -2  2  2  1 -4  3  2 -2  2 -4 -2  1 -3 -3 -1 -1  0  6 -2 -4    2  10  10   6   0  14  18   3   6   0   3   8   0   0   3   2   4  11   0   0  0.44 inf
   19 F   -2 -4 -2 -3 -4 -3 -3 -4  4 -2 -1 -2  0  7 -4 -2 -3  1  2 -1    4   0   2   1   0   0   1   0  12   0   3   3   2  55   0   2   1   2   6   4  1.06 inf
   20 A    5 -3 -3 -3 -3 -3 -3 -1 -3  0 -2 -3 -2 -1 -1  1 -1 -4 -3  0   63   0   0   0   0   0   0   4   0   5   4   0   0   3   3   8   3   0   0   7  0.70 inf
   21 M   -1 -3 -2 -4 -3 -3 -1 -4 -4  3  1 -1  4 -2 -3 -2  1 -4 -3  4    4   0   2   0   0   0   4   0   0  16   8   3  14   0   0   1   8   0   0  38  0.50 inf
   22 A    1  0  0  1 -3  1  2 -2  1 -2 -3  1 -1  0 -1  1  0 -3  1 -1   12   4   4   6   0   6  18   1   4   1   0   7   1   4   2  14   5   0   6   3  0.18 inf
   23 E   -1  1  0  0 -4  3  4 -3  2 -3 -3  2 -3 -4 -2  0  1 -1 -3 -2    5   6   3   2   0  13  31   0   6   1   1  11   0   0   0   7   9   1   0   2  0.43 inf
   24 Y   -4 -4 -2 -5 -4 -2 -4 -5  1 -1  0 -4 -2  6 -5 -4 -4  1  7 -1    0   0   2   0   0   2   0   0   4   2   7   0   0  33   0   0   0   1  44   4  1.29 inf
   25 N   -4 -3  8  0 -5 -3 -3 -3 -2 -5 -6 -3 -5 -5 -4 -1 -3 -6 -5 -5    0   0  90   2   0   0   0   0   0   0   0   0   0   0   0   4   0   0   0   0  2.17 inf
   26 R    0  2  2  0 -4  2  1 -2 -2 -3 -2  4  2 -4 -3  0 -1 -4 -3 -3    7  11  12   5   0   9   7   1   0   1   2  32   7   0   0   4   1   0   0   0  0.41 inf
   27 A    1  0  1  1  1  2  2  1  0 -3 -3  1  0 -3 -1 -1 -2 -3 -3 -2   15   4   9   7   4  13  12  13   2   0   0  10   4   0   2   2   0   0   0   2  0.22 inf
   28 S   -1 -1  2 -1 -3  0 -2 -3  0 -3 -4 -2  0 -4 -2  5  2 -4 -2 -3    0   2  12   2   0   4   0   0   2   1   0   0   3   0   1  57  13   0   1   0  0.78 inf
   29 N   -2  0  6  2 -4  0  1 -3  0 -4 -4  1 -2 -4 -1  0 -1 -5 -4 -4    1   4  50   8   0   3  11   0   2   0   0   7   1   0   2   5   3   0   0   0  0.84 inf
   30 D    0 -3  0  6 -4 -2  0 -1  0 -4 -5 -2 -4 -4 -3  2 -2 -5 -2 -4    8   0   2  57   0   0   4   5   3   0   0   0   0   0   0  15   1   0   2   0  0.98 inf
   31 K    0 -1 -2  0 -3 -1  2 -2 -1  0  1  1  2 -2  0 -1  0 -1 -2 -1    8   2   0   5   0   0  20   2   1   5  16  13  10   0   4   2   6   1   1   2  0.13 inf
   32 Y   -4 -1  0 -4 -1 -1 -3 -5  2 -3 -3 -2 -3  5 -5 -3 -4 -1  8 -3    0   3   6   0   1   3   1   0   4   0   1   3   0  20   0   0   0   0  54   0  1.35 inf
   33 S    1 -3 -1 -3 -1 -2 -3 -3  4  1  2 -3 -1  0 -2 -1 -1 -2  4  0   12   0   4   0   1   1   0   1  12   7  27   0   0   3   1   5   2   0  17   6  0.30 inf
   34 S   -3  1 -2 -4  0 -3 -3 -2  0 -2 -2 -2 -2  6 -4  1 -3 -1  5 -2    0  11   2   0   2   0   1   2   2   2   2   2   0  39   0  14   0   0  19   2  0.74 inf
   35 R   -2  5 -1 -2 -5  1 -1 -2 -2 -3 -2  4  0 -4 -3 -1 -2 -4 -1 -4    2  39   2   2   0   6   1   3   0   1   4  31   2   0   0   2   2   0   2   0  0.75 inf
   36 V    0 -3 -3  0 -3 -2  0 -3 -4  3  1 -3  1 -1  2 -2 -2 -4 -3  3    7   0   0   6   0   1   7   1   0  18  13   0   3   3  13   0   0   0   0  27  0.34 inf
   37 V    0 -2  0  0  0 -1 -1 -2 -3  1  2 -2  0 -1 -3  1  0 -1 -2  2    5   1   4   7   1   2   4   1   0   8  22   0   1   3   0  13   5   1   0  22  0.14 inf
   38 R   -2  5  0 -2 -1  2  1 -4  3 -5 -4  4 -3 -3 -3 -2 -1  0 -3 -4    3  31   3   1   1   9   8   0   7   0   0  30   0   1   0   1   4   1   0   0  0.71 inf
   39 V   -3 -5 -5 -5 -3 -4 -5 -6 -5  4  1 -5 -1 -1 -5 -4  1 -5 -3  6    0   0   0   0   0   0   0   0   0  24   9   0   0   2   0   0   7   0   0  58  1.04 inf
   40 I   -2  0 -1 -1 -3 -1 -1 -3 -1  2  3  0  2 -2 -3 -2 -1 -3 -2  1    0   6   3   3   0   2   3   2   2  15  36   7   6   0   0   2   3   0   0  10  0.24 inf
   41 S   -1  3  0 -1 -1  2  0 -1  0 -4 -3  4 -3 -4 -3  1 -1 -4 -3 -4    3  21   4   3   1   7   5   3   3   0   2  34   0   0   0  13   1   0   0   0  0.52 inf
   42 A    5 -3 -3 -3 -2 -3 -1 -1 -3 -1 -1 -3 -2 -2 -3  2 -2 -4 -3  1   51   0   0   0   0   0   2   3   0   2   6   0   0   1   0  19   0   0   0  13  0.58 inf
   43 K   -2  1 -2 -2 -3  4  1 -3  1 -2 -1  1  2 -2 -1  0  0  4  0 -1    1   7   0   0   0  27   9   1   3   0   5   9   8   0   3   5   5   6   3   5  0.35 inf
   44 R   -1  2 -1 -2  0  1  0 -2  1 -1 -1  3  0 -2 -2  1  0 -3  0  0    4  13   0   1   3   8   5   1   4   3   5  24   3   0   1  11   4   0   3   8  0.19 inf
   45 Q   -1  2 -1 -1 -3  2  2 -2 -1 -2 -2  2 -1 -2 -1 -1 -1  6 -1 -2    1  18   1   1   0  17  18   1   0   1   2  18   0   1   1   1   1  17   1   1  0.42 inf
   46 L   -2  1 -3 -3 -3 -2 -1 -3 -3  3  2  0  0 -1 -3 -2 -1 -3 -2  4    1   8   0   0   0   0   4   2   0  15  17   6   1   1   0   2   1   0   0  41  0.42 inf
   47 V   -1 -3 -4 -4 -3 -3 -1 -5 -4  0 -2 -2 -2 -2 -4 -2  3 -1  0  6    3   1   0   0   0   0   3   0   0   0   1   2   0   1   0   1  21   1   3  62  0.88 inf
   48 S    3 -1  1  2 -2 -1 -1  1  0 -3 -3  1 -2 -3 -2  2  1  2 -3 -2   27   2   7  11   0   0   2   8   2   0   1  11   0   0   0  15   8   3   0   1  0.28 inf
   49 G   -2  0 -2 -3 -4 -3 -3  6  2 -4 -3 -1 -1 -4 -2 -1 -1  0 -3 -4    1   6   0   1   0   0   1  64   6   1   3   3   2   0   1   4   3   2   0   1  0.97 inf
   50 I   -2 -2 -2 -3 -2 -1 -2 -4 -3  3  2 -1  4 -1 -3 -1  0 -3  0  2    1   0   1   0   0   3   2   1   0  18  19   5  15   2   0   3   7   0   3  19  0.31 inf
   51 K   -2  1  3  0 -3  0  2 -3 -2 -1 -3  4  1 -3 -2 -1  0 -4 -3 -1    2   4  17   3   0   1  15   1   0   5   1  36   4   0   1   1   4   0   0   5  0.44 inf
   52 Y   -4 -4 -4 -5 -5 -4 -4 -5 -1 -4 -2 -4 -3  4 -5 -4 -4 -1  9 -4    1   0   0   0   0   0   1   1   0   0   2   0   0  14   0   1   0   0  77   1  2.18 inf
   53 I   -1  0 -2 -2 -2 -1 -2 -3  2  1  2  0  2  2 -3  0 -1 -2  3  0    2   5   1   1   0   2   2   1   6  12  21   5   6  11   0  10   1   0  11   4  0.17 inf
   54 L   -3 -4 -4 -4 -3 -3 -4 -4 -4  4  3 -4  5  2 -4 -3 -2 -3 -2  2    1   0   0   0   0   0   1   1   0  27  27   0  20  10   0   1   0   0   0  10  0.70 inf
   55 Q   -2 -1  1  3  2  0  3 -2  0 -3 -3 -1  0 -1 -3 -1  3 -4 -3 -2    1   1   6  21   5   2  22   1   2   0   1   3   4   2   0   1  25   0   0   1  0.44 inf
   56 V   -1 -3 -4 -4 -2 -3 -4 -4 -4  2  2 -3  2  2 -4 -3 -1  3 -2  4    5   0   0   0   0   0   1   1   0   7  18   0   5   8   0   1   3   4   0  45  0.57 inf
   57 E   -2 -1 -1  1 -4  2  5 -3  0  1 -2  2 -2 -3 -3 -2 -2 -4 -3 -2    1   1   2   5   0   9  45   1   2   9   4  14   0   1   0   1   1   0   0   2  0.59 inf
   58 I    0 -3 -4 -4 -3 -3 -4 -4 -4  4  3 -3  5  0 -4 -3 -1 -3 -2  2    7   0   0   0   0   0   1   1   0  28  25   0  19   2   0   1   2   0   0  11  0.59 inf
   59 G    2  1 -2 -2 -3  0 -1  5 -3 -3 -3 -1 -3 -4 -3  1 -1 -4 -4 -1   17   9   0   0   0   4   3  43   0   0   1   3   0   0   0  12   3   0   0   4  0.56 inf
   60 R   -3  6  0 -2 -5  0  0 -4 -2 -4 -3  2  2 -4  0 -1 -2 -4 -4 -2    0  57   3   1   0   2   6   0   0   0   1   9   7   0   4   5   1   0   0   2  0.93 inf
   61 T   -2 -4 -3 -3 -3 -3 -3 -4 -4 -3 -4 -3 -3 -4 -3  1  7 -5 -4 -1    2   0   0   0   0   0   0   0   0   0   1   0   0   0   0  10  80   0   0   5  1.50 inf
   62 T    0  0  1 -1 -2  0  0 -2 -2  1 -1  1  1 -3 -1  1  3 -3 -3  0    5   5   6   3   0   4   4   1   0  11   3   8   4   0   2   8  29   0   0   7  0.20 inf
   63 C   -3 -6 -5 -5 11 -5 -1 -5 -5 -4 -4 -5 -4 -5 -5 -4 -4 -5 -5 -4    0   0   0   0  90   0   4   0   0   0   1   0   0   0   0   0   0   0   0   0  3.30 inf
   64 P   -1  4 -2 -2 -3  0  0  0 -1 -3 -1  4 -2 -3 -1  0  1 -4 -3 -3    2  24   0   0   0   3   4   7   1   0   9  27   0   0   2   7  12   0   0   1  0.39 inf
   65 K   -3  1 -2 -3 -5 -1 -1 -2 -3 -5 -4  7 -4 -5 -3 -1 -3 -5 -4 -4    1   4   0   0   0   0   2   2   0   0   1  81   0   0   0   5   0   0   0   1  1.50 inf
   66 S   -1 -1  2  0 -2 -1  0 -1  2 -1 -1  0 -1  1  1  2  2 -2 -1 -2    3   3  11   3   0   2   5   4   6   4   3   4   1   8   7  18  16   0   2   1  0.15 inf
   67 S    0 -1  0  2 -3  2  2  1  1 -2 -1 -1 -1 -3 -2  1 -1 -3 -2 -1    8   2   2  12   0  14  15   9   3   2   8   1   1   0   1  15   1   0   0   5  0.19 inf
   68 G    0 -1  1  1 -3 -1  2  1 -1 -2 -2 -1 -2 -2  3  1  1 -3 -2 -1    8   2   8   9   0   0  15  12   1   2   1   2   0   2  14  10   8   0   0   5  0.23 inf
   69 D   -2 -1  3  4 -4  0  2 -1 -2 -3 -3  0 -1 -4 -3  1 -1 -4 -3 -1    1   2  19  31   0   2  15   3   0   1   1   4   2   0   0  11   3   0   0   5  0.51 inf
   70 L   -2 -2  1 -2 -2 -2 -2 -3 -3  2  3 -1  0 -1 -3 -1  2 -3 -2  0    2   0   8   1   0   1   2   1   0  16  39   5   1   1   0   4  13   0   0   4  0.30 inf
   71 Q   -1 -1  0  4 -1  1  3  0 -1 -3 -3  0 -2 -4 -2  0  1 -4 -3 -2    5   3   2  26   1   5  22   6   1   0   1   6   1   0   1   6  13   0   0   2  0.39 inf
   72 S   -2 -1  5  1  2  0 -1 -2 -1 -1 -2 -2 -1 -3  0  1  1 -4 -2 -2    1   3  35   8   4   3   1   2   1   5   3   0   2   0   4  13  11   0   1   2  0.41 inf
   73 C   -3 -5 -5 -6 11 -5 -6 -5 -5 -4 -3 -5 -4 -5 -5 -4 -2 -5 -5 -2    1   0   0   0  87   0   0   1   0   0   2   0   0   0   0   0   3   0   0   3  3.10 inf
   74 E    1 -2 -1  1 -3 -1  0 -2  0 -1  0  0 -2 -3  5  0 -1 -4 -3 -1   16   1   2   7   0   1   7   1   3   2  10   5   0   0  32   5   3   0   0   3  0.50 inf
   75 F   -1 -3 -3 -2 -3 -2 -3 -3 -3  2  2 -2  0  5 -1 -1 -1 -2  0  1    4   1   1   3   0   2   1   1   0  13  23   2   1  31   3   5   2   0   1   8  0.39 inf
   76 H   -1 -1  2 -1  2  5 -1 -2  4 -3 -2  0 -2 -2  1 -1 -1 -3  0 -3    4   2  10   3   5  35   2   2  12   1   3   4   0   1   7   2   3   0   2   1  0.51 inf
   77 D   -1  1  0  1 -3  1  4 -2 -1 -2 -3  2 -1 -3  1  1  0 -3 -3 -3    5   6   2   6   0   6  31   1   1   2   1  12   2   1   7   9   6   0   0   1  0.35 inf
   78 E   -1 -1  3  2 -3  2  2  0  0 -3 -3  1 -2 -3  0  1  0 -3 -1 -2    2   1  15  11   0  11  12   8   1   1   2   9   0   1   4  11   5   0   2   2  0.24 inf
   79 P   -1 -2 -1  0 -3 -1 -1  2  0 -2 -2  1 -3 -4  5  0  0 -4 -3 -3    4   1   2   5   0   1   2  16   3   2   4  11   0   0  33   7   4   0   0   1  0.57 inf
   80 E   -1  0  0  1 -3  2  3  0  2 -3 -2  2 -2 -3  0  0 -1 -3 -2 -2    4   2   4   6   0  10  23   7   8   1   4  13   0   0   5   5   3   0   0   3  0.27 inf
   81 M   -2 -1 -1 -2 -2  1 -2 -1 -2  1  4 -1  2 -1 -2 -2 -1 -2 -2  0    1   2   2   2   0  10   1   5   0   6  45   4   7   1   1   3   4   0   1   2  0.30 inf
   82 A    0  0  1 -1 -3  3  2  0  3 -3 -1  2  0 -3 -2 -1 -2 -3 -1 -3    9   3   6   1   0  20  13   7   8   1   7  16   3   0   1   2   1   0   2   1  0.29 inf
   83 K   -1  2  1 -1 -4  4  2 -1 -2 -4 -4  4 -3 -4  0 -2 -2 -1 -3 -3    3   9   6   1   0  19  10   4   0   1   1  35   0   0   5   1   1   1   0   1  0.57 inf
   84 Y   -1  0 -1 -1 -3  1  0 -2  2 -1 -2  3  0 -2  1  1  2 -3 -1 -1    2   4   0   3   0   6   5   2   5   2   1  23   4   1   6  10  19   0   2   5  0.23 inf
   85 T   -1 -1 -2 -2 -1  2  0 -3 -1  1  2  0  1  2 -3 -1  0 -2  1  1    2   1   0   0   1  11   7   1   1   9  21   6   3  10   0   3   4   0   6  12  0.15 inf
   86 T   -1  1  0 -1 -3  1  0 -2  1  2  1  0  0  1 -3  0  1 -3  0  0    2   9   5   4   0   6   4   1   4  16  13   3   1   7   0   6  12   0   2   6  0.08 inf
   87 C   -4 -6 -6 -7 11 -6 -7 -6 -6 -3 -5 -6  1 -6 -6 -3 -4 -6 -6 -4    0   0   0   0  92   0   0   0   0   1   0   0   3   0   0   1   0   0   0   0  3.56 inf
   88 T   -2  0  2  1 -3  0  0 -2  0 -2 -2  0 -1  1 -2  2  3 -3  2 -1    0   3  13   8   0   3   6   1   2   1   3   4   1   7   1  16  20   0   8   3  0.23 inf
   89 F    0 -5 -5 -5 -4 -5 -5 -5 -4 -1  0 -5 -1  8 -5 -1 -3 -2  2 -2   10   0   0   0   0   0   0   0   0   2   6   0   1  68   0   6   1   0   4   2  1.48 inf
   90 V   -2 -2  0 -1 -2  3  4 -4 -1  1 -1 -2 -2 -4 -3  0  2 -1 -3 -1    1   0   5   1   1  15  36   0   1  11   7   0   0   0   0   6  12   1   0   4  0.49 inf
   91 V   -3 -6 -6 -6 -4 -5 -6 -6 -6  4 -1 -5  0 -3 -5 -5 -3 -6 -4  6    0   0   0   0   0   0   0   0   0  25   1   0   2   0   0   0   0   0   0  72  1.56 inf
   92 Y   -2 -3  1  0 -5 -4 -3  0  0 -4  0 -4 -3  1 -5 -2 -2  9  5 -4    2   1   7   5   0   0   1   7   2   0   8   0   0   4   0   3   2  31  26   1  1.21 inf
   93 S    0 -3 -1  0 -3 -2  2 -3 -3  0 -2 -2  1 -1 -3  2  2 -4 -3  3    8   0   2   5   0   0  13   0   0   4   2   0   5   2   0  19  16   0   0  23  0.30 inf
   94 I    0  3 -2 -1 -3  0 -1 -4 -3  2  0  1  0 -3 -2 -2 -2 -4 -2  3    7  18   1   3   0   4   3   0   0  15   8   9   2   0   1   0   1   0   1  28  0.28 inf
   95 P   -1 -5 -5 -3 -6 -5 -4 -5 -5 -6 -4 -4 -6 -7  8 -1 -3 -7 -6 -4    4   0   0   1   0   0   0   0   0   0   1   0   0   0  87   5   1   0   0   1  2.55 inf
   96 W   -7 -2 -8 -8 -7 -4 -7 -7 -6 -7 -4 -7 -2 -3 -8 -7 -7 13 -2 -7    0   3   0   0   0   1   0   0   0   0   1   0   1   0   0   0   0  94   0   0  4.49 inf
   97 L   -2  0  1 -2 -4  1  3 -4 -1  0  2  1  2  1 -3 -2 -2 -3 -1 -1    2   4   9   0   0   6  25   0   1   5  22   8   8   7   0   0   0   0   1   3  0.28 inf
   98 N   -3 -1  5  2 -4  0  0  1  2 -5 -5 -1 -4 -1 -1  0  1 -5 -3 -4    0   2  37  11   0   3   6   9   4   0   0   3   0   3   3   7  10   0   0   0  0.58 inf
   99 Q   -1  1 -2  1 -4  2  2 -3  1 -2 -3  3 -2  1 -2  0  0 -3  1 -2    2   8   0   6   0   9  15   0   3   2   0  27   0   7   1   6   6   0   5   3  0.32 inf
  100 I   -2 -3 -3 -4 -3 -3 -3 -4  0  3  0 -4  4  5 -4 -1  1 -2  2  0    1   0   1   0   0   0   2   0   3  18   7   0  14  25   0   5  10   0   8   6  0.51 inf
  101 K   -1  0  0  0 -3  3  1 -2 -2 -3 -3  3 -2 -4 -2  2  3 -4 -3 -2    2   3   4   6   0  15   9   1   0   1   1  21   0   0   0  16  20   0   0   1  0.42 inf
  102 L   -3 -4 -5 -5 -3 -4 -5 -5 -4  2  4 -4  4 -1 -5 -4 -1 -4  0  3    0   0   0   0   0   0   0   0   0  11  47   0  11   1   0   0   2   0   3  25  0.84 inf
  103 L   -3 -4 -4 -4 -3 -1 -3 -4 -2  0  3 -3  1  0  2 -1  2  4 -2  1    0   0   0   0   0   3   0   0   1   4  38   0   2   3  12   3  17   7   0  10  0.49 inf
  104 E   -2 -1  4  0 -4 -1  1 -2 -1 -4 -3  4 -3 -4 -3  1  1 -5 -1 -1    1   1  29   4   0   0   6   1   1   0   2  30   0   0   0   9   9   0   2   5  0.56 inf
  105 S   -1 -1  2 -2 -3  1 -1 -3  1 -2  0  2 -1  1 -3  2 -1 -3  0  0    1   2  13   1   0   7   2   0   4   0   9  18   1   7   0  24   2   0   2   9  0.23 inf
  106 K   -1  2  2  0 -3  1  0 -3  1 -1 -2  2 -2 -4 -3  2  2 -4 -3 -1    1  10  13   4   0   5   5   0   4   3   4  15   0   0   0  16  17   0   0   3  0.29 inf
  107 C   -4 -7 -7 -7 12 -7 -8 -6 -7 -5 -5 -7 -5 -6 -7 -5 -5 -6 -6 -5    0   0   0   0 100   0   0   0   0   0   0   0   0   0   0   0   0   0   0   0  4.00 inf
  108 Q   -3  1  1 -2 -5  6  1 -4  4 -5 -4  3 -3 -5 -3 -2 -3 -4 -3 -4    0   7   5   0   0  49   6   0  12   0   0  21   0   0   0   0   0   0   0   0  0.99 inf

                      K         Lambda
Standard Ungapped    0.1315     0.3172
Standard Gapped      0.0475     0.2670
PSI Ungapped         0.1554     0.3163
PSI Gapped           0.0475     0.2670
