
Last position-specific scoring matrix computed, weighted observed percentages rounded down, information per position, and relative weight of gapless real matches to pseudocounts
           A  R  N  D  C  Q  E  G  H  I  L  K  M  F  P  S  T  W  Y  V   A   R   N   D   C   Q   E   G   H   I   L   K   M   F   P   S   T   W   Y   V
    1 M   -1 -2 -3 -4 -2 -1 -3 -4 -3  1  2 -2  7 -1 -3 -2 -1 -2 -2  2    0   0   0   0   0   0   0   0   0   0   4   0  78   0   0   0   0   0   0  18  0.69 inf
    2 R   -1  3 -2 -2 -5  1  4 -3 -2 -4 -4  4 -3 -5 -1 -2 -3 -5 -1 -2    4  15   0   0   0   5  38   1   0   0   0  30   0   0   2   0   0   0   2   4  0.76 inf
    3 R   -1  4 -2  1 -5  2  4 -3 -2 -4 -5  2 -4 -5 -1 -1 -2 -5 -4 -4    3  27   0   7   0   9  35   1   0   1   0  12   0   0   3   3   1   0   0   0  0.76 inf
    4 W   -8 -8 -9 -9 -7 -7 -8 -8 -7 -8 -7 -8 -6 -4 -9 -8 -8 13  1 -8    0   0   0   0   0   0   0   0   0   0   0   0   0   0   0   0   0  97   3   0  4.98 inf
    5 F   -6 -6 -4 -7 -1 -6 -6 -7 -3 -4 -3 -6 -2  7 -7 -6 -6  0  8 -5    0   0   1   0   1   0   0   0   0   0   1   0   1  48   0   0   0   1  47   0  2.32 inf
    6 H   -2 -3 -4 -4 -6 -4 -4 -6 10 -5 -4 -5 -3  4 -6 -4 -5 -2  4 -6    4   1   0   1   0   0   0   0  62   0   2   0   1  16   0   1   0   0  12   0  2.20 inf
    7 P   -1  0 -2 -1 -5  0 -1  6  1 -6 -6  0 -5 -4  2  0 -4 -5 -2 -5    4   4   1   3   0   4   4  54   3   0   0   5   0   0   9   6   0   0   2   0  0.87 inf
    8 N    0  2  4  1 -3 -1 -1 -1  2 -5 -5  3 -3 -5  0  1 -1 -5 -4 -4    7  12  24   7   0   2   1   5   5   0   0  22   0   0   3   8   3   0   0   0  0.51 inf
    9 I   -4 -5 -6 -6 -1 -5 -6 -6 -6  6  3 -5  4 -3 -6 -5  0 -5 -4  1    0   0   0   0   1   0   0   0   0  48  26   0  12   0   0   0   5   0   0   8  1.17 inf
   10 T   -2 -2  0  0 -2 -2 -2 -1 -4 -5 -5  1 -4 -5 -2  5  4 -6 -5 -4    1   1   4   6   1   1   2   3   0   0   0   8   0   0   2  48  24   0   0   0  0.87 inf
   11 G   -4  8 -4 -5 -7 -3 -4  1 -4 -7 -6  1 -5 -6 -6 -4 -5 -6 -6 -4    1  77   0   0   0   0   0  13   0   0   0   8   0   0   0   0   0   0   0   1  1.96 inf
   12 V    0 -1  1  0 -3  1  2  0  3 -1 -1  1 -1 -2 -1  1  0 -4 -1  0   10   1   7   4   0   6  13   6  11   3   5   8   2   1   2   9   5   0   1   6  0.12 inf
   13 E    0  0  0  3 -3  4  4 -3 -2 -3 -4  0 -2 -4 -4 -2 -1 -5 -3 -3    8   3   3  18   0  21  30   1   1   1   1   5   1   0   0   1   3   0   0   1  0.67 inf
   14 A    7 -5 -5 -6  1 -5 -5 -3 -6 -5 -5 -5 -5 -6 -5  0 -2 -7 -6 -3   88   0   0   0   3   0   0   1   0   0   0   0   0   0   0   5   2   0   0   1  1.83 inf
   15 E   -3 -4 -2  1 -7  1  7 -6 -4 -5 -6 -3 -2 -6 -5 -3 -3 -6 -1 -3    2   0   1   5   0   4  79   0   0   1   0   0   1   0   0   1   1   0   2   2  1.77 inf
   16 N    0  2  1  1 -1  2  1 -3  1 -3 -3  2 -1 -2 -3  0  0 -4  1 -2   10  12   8   9   1   8  10   0   3   1   1  15   1   1   0   7   5   0   5   1  0.24 inf
   17 L   -2  1 -5 -5 -4  0 -2 -3 -4  1  5 -3  4 -2 -5 -4 -3 -4 -2  0    4   8   0   0   0   4   3   2   0   6  53   1  13   1   0   0   1   0   1   5  0.72 inf
   18 L   -5 -3 -7 -7 -5 -6 -7 -7 -6  0  7 -6  0 -3 -7 -6 -5 -5 -5 -2    0   1   0   0   0   0   0   0   0   4  92   0   2   0   0   0   0   0   0   1  1.84 inf
   19 L   -3  1  1 -3 -2  1 -3 -3  0  0  3  2  5 -2 -4 -2 -1  0  0 -2    1   6   9   0   1   6   0   1   2   4  28  12  18   1   0   3   2   1   3   1  0.38 inf
   20 T    0  2  1  0 -2  2  1  0 -1 -3 -3  1 -1 -4  1  2  0 -4 -2 -2    8  13   6   4   1  10   8   7   1   1   2   7   1   0   8  17   6   0   1   1  0.23 inf
   21 R   -1  3  1 -2 -1  2  0 -3  1  0 -2  1 -2 -3  2  0 -1 -4 -2  0    5  17   9   1   1   9   4   1   3   7   2  10   1   0  10   7   2   0   1   9  0.21 inf
   22 G   -1 -2  2 -1 -3 -2 -2  5 -1 -5 -3 -2 -4 -4  2 -2 -3 -4 -3 -4    3   3  12   2   1   2   3  52   1   0   3   2   0   0  11   2   0   0   1   1  0.86 inf
   23 V   -1  2  0 -1 -1  1  1 -2  1  1 -1  1  0 -1 -2 -1  0 -3 -1  1    2  12   4   2   1   8  12   2   4   9   2  10   2   3   1   4   5   0   1  15  0.11 inf
   24 D   -2 -2  2  5 -4  0  1 -3  4 -2 -2 -2 -2 -4  1 -1 -1 -5 -2 -2    1   1   9  39   0   4   9   1  11   3   5   1   1   0   6   3   2   0   1   4  0.60 inf
   25 G   -3 -6 -4 -5  1 -5 -4  7 -5 -7 -7 -5 -6 -6 -5 -2 -5  2 -6 -6    0   0   0   0   3   0   1  91   0   0   0   0   0   0   0   3   0   2   0   0  2.11 inf
   26 S    3 -2 -1  0  1 -3 -2 -2 -3 -3 -1 -2 -1 -3 -3  5  1 -5 -4 -1   22   1   1   6   3   0   1   1   0   1   6   0   1   1   0  45   9   0   0   3  0.56 inf
   27 F   -6 -6 -6 -7 -6 -6 -7 -7 -4 -4 -3 -6 -4  9 -7 -6 -6 -2  5 -4    0   0   0   0   0   0   0   0   0   0   0   0   0  83   0   0   0   0  17   0  2.57 inf
   28 L   -4 -5 -6 -7 -4 -3 -6 -7 -6  0  6 -5  1 -3 -6 -5 -4 -5 -4 -1    0   0   0   0   0   1   0   0   0   3  93   0   2   0   0   0   0   0   0   2  1.67 inf
   29 A    0 -5 -6 -6  0 -5 -5 -6 -6  5  1 -5 -2 -3 -5 -4 -3 -5 -4  6    7   0   0   0   2   0   0   0   0  29   8   0   0   0   0   0   0   0   0  55  1.13 inf
   30 R   -5  8 -4 -5 -7 -2 -4 -6 -4 -7 -6  0 -5 -7 -6 -4 -5 -6 -5 -6    0  97   0   0   0   0   0   0   0   0   0   3   0   0   0   0   0   0   0   0  2.60 inf
   31 P   -1 -1  0  3 -5  0  4 -4 -1 -2 -3  1 -2 -5  3 -2 -2 -5 -2 -3    5   3   4  14   0   2  38   0   1   2   2   8   1   0  17   1   1   0   1   1  0.65 inf
   32 S   -1  0 -1 -3  1 -3 -3 -3 -4 -5 -5 -3 -4 -5 -4  7 -1 -5 -4 -4    1   5   2   0   3   0   0   0   0   0   0   0   0   0   0  84   1   0   0   0  1.53 inf
   33 K   -2  1  0  1 -5  2  5 -2 -1 -3 -3  0 -3 -3 -3 -1  1 -5 -3 -2    2   7   4   7   0  10  44   2   1   1   3   5   0   1   0   3   9   0   0   2  0.59 inf
   34 S   -1  1  2 -1 -3  0 -1 -1 -1 -4 -4  0 -2 -5 -3  5  2 -5 -4 -3    1   7  12   3   0   3   3   3   1   0   0   6   1   0   0  47  12   0   0   1  0.60 inf
   35 N    0  0  2  0 -1  2  1 -1  1 -2 -3  1 -1  0 -3  2  1 -3  0 -2    4   6  12   4   2   9   8   3   3   3   1   7   1   4   0  21   9   0   3   0  0.19 inf
   36 P   -1 -2 -2 -1 -4  0 -1 -3  0 -3 -3  0 -2 -5  7 -1 -1 -5 -4 -1    3   2   1   3   0   4   3   1   2   1   1   7   1   0  56   5   4   0   0   6  1.17 inf
   37 G   -2 -1  2  2 -5 -2 -2  6  0 -6 -6 -1 -5 -5 -4 -1 -2 -5 -5 -5    0   3  12  10   0   1   1  63   2   0   0   3   0   0   0   3   1   0   0   0  1.14 inf
   38 D    0 -2  0  5  0  2  1 -2 -1 -4 -3 -2 -3 -4 -3  2  0 -5 -2 -3    8   1   3  35   2  12   7   2   1   0   3   0   0   0   0  20   4   0   1   1  0.56 inf
   39 F   -5 -1 -5 -6 -5 -5 -5 -6  1 -4 -2 -5 -3  7 -6 -5 -5 -1  8 -4    0   4   0   0   0   0   0   0   2   0   3   0   0  42   0   0   0   0  49   0  1.88 inf
   40 T    3 -3 -3 -3 -3 -3 -3 -3 -4 -2 -3 -3 -3 -4 -3  4  3 -5 -4  2   23   0   0   0   0   0   0   0   0   0   0   0   0   0   0  41  17   0   0  20  0.74 inf
   41 L   -4 -5 -6 -6 -4 -5 -5 -6 -5  5  5 -5  2 -2 -5 -5 -3 -4 -3  1    0   0   0   0   0   0   0   0   0  32  56   0   3   0   0   0   0   0   0   9  1.10 inf
   42 S   -2 -4 -2 -2  4 -3 -3 -3 -4 -5 -5 -3 -4 -2 -1  6  2 -5 -1 -3    0   0   0   1   8   0   0   0   0   0   0   0   0   2   2  74   9   0   2   1  1.25 inf
   43 V   -2 -5 -5 -5  1 -4 -5 -5 -4  1  2 -5  1  5 -5 -4 -3 -3  1  4    2   0   0   0   3   0   0   0   0   5  17   0   3  26   0   0   0   0   3  41  0.81 inf
   44 R   -4  6 -1 -3  1 -1 -3 -5  0 -5  0  3  0 -2 -5  0 -2  1 -3 -3    0  48   2   1   3   2   0   0   2   0   9  15   2   2   0   8   2   2   1   1  0.94 inf
   45 R    2  1 -2  0  4 -1 -2 -1  4 -1 -3 -2 -2  2 -4 -1  1 -3  3 -1   17   7   1   7   8   3   2   5  11   3   0   1   1   8   0   4   8   0  10   3  0.27 inf
   46 N   -2  0  3  1 -5  2  2  3  2 -5 -4  1 -4 -6 -1 -2 -2 -5 -4 -4    2   6  14   9   0  11  14  26   4   0   1   7   0   0   2   1   2   0   0   1  0.53 inf
   47 G   -1 -1  3  4 -6  0  1  3 -2 -6 -5 -1 -5 -6 -3 -1  0 -6 -4 -5    4   3  12  27   0   4  10  26   0   0   0   4   0   0   1   2   5   0   0   0  0.70 inf
   48 A   -1  2  0  0 -1  2  1  0 -1 -3 -3  4 -3 -5 -4  1  0 -5 -4 -2    4  10   5   5   2   8   9   9   1   1   1  28   0   0   0  10   4   0   0   3  0.37 inf
   49 V   -4 -4  0 -7 -5 -6 -6 -7 -7  4 -2 -6  0 -2 -4 -4 -3 -7 -5  6    1   1   5   0   0   0   0   0   0  24   1   0   1   2   1   1   1   0   0  63  1.49 inf
   50 T   -3  1  0 -2  0  4  0 -5 -2 -3 -3  5 -1 -3 -4 -2  1  2  1 -2    1   5   4   2   2  17   4   0   0   1   2  38   1   1   0   2   9   2   6   3  0.68 inf
   51 H   -7  0 -2 -6 -8 -2 -5 -7 11 -9 -8 -6 -7 -7 -7 -6 -2 -8 -4 -8    0   6   1   0   0   1   0   0  89   0   0   0   0   0   0   0   3   0   0   0  3.59 inf
   52 I   -4 -7 -7 -7  4 -6 -7 -4 -4  2 -4 -7 -1  6 -7 -6 -6 -3  7 -1    1   0   0   0   9   0   0   2   0  11   0   0   1  35   0   0   0   0  37   4  1.78 inf
   53 K   -4  6 -4 -5 -7  2 -3 -6  2 -2 -4  5  0 -6 -4 -3 -5 -7 -5 -6    1  46   0   0   0   8   1   0   5   2   2  31   2   0   1   2   0   0   0   0  1.41 inf
   54 I   -5 -7 -4 -7 -5 -7 -7 -8 -7  7 -1 -7 -1 -4 -7 -6 -5 -7 -6  4    0   0   1   0   0   0   0   0   0  70   3   0   1   0   0   0   0   0   0  25  2.01 inf
   55 Q   -1  4  0 -2  0  3  1 -3  1 -1 -1  1  1 -3 -1  0  0 -4 -2 -2    3  23   3   1   3  15   7   1   3   3   6   7   4   0   3   7   7   0   1   2  0.30 inf
   56 N   -2  3  3  1  1  2  0 -3  2 -4 -2  1 -1 -2  0 -1 -1  0  2 -2    3  16  17  10   4   8   3   1   5   0   3   7   1   2   4   2   2   1   7   4  0.29 inf
   57 T   -1  0  1  4 -1  0  3 -3  2 -4 -4  1  0 -5 -3  0  2 -5 -4 -2    4   4   6  24   2   3  18   1   6   0   0   7   2   0   1   5  13   0   0   3  0.46 inf
   58 G    0 -3  1  1 -6 -2  0  6 -5 -5 -6 -1 -5 -4  0  0 -3 -6 -6 -6    6   1   6   9   0   1   7  52   0   0   0   3   0   1   5   7   1   0   0   0  0.95 inf
   59 D   -2  2  2  3 -3 -1  1  3 -1 -5 -4  1 -5 -5 -4 -1 -2 -5 -3 -3    2  10  12  19   1   2  10  27   1   0   1   7   0   0   0   4   2   0   1   1  0.55 inf
   60 Y   -3 -1 -1 -3 -1  0 -2  1 -1 -3  0  2  1  3 -4 -1 -1 -3  4 -1    1   3   4   1   1   4   1  11   1   0  12  18   4  15   0   4   3   0  14   4  0.30 inf
   61 Y   -3 -6 -4 -7 -2  0 -6 -7 -1 -3  0 -2 -2  6 -7 -5 -5  0  8 -1    2   0   1   0   1   4   0   0   1   1   8   2   1  26   0   0   0   1  48   4  1.64 inf
   62 D   -1 -1 -2  1  2  0 -1 -2  1 -1 -1  0 -1  3 -2  1  1 -2  3 -1    4   3   1  10   5   3   3   3   3   3   4   5   2  15   1  10  11   0  11   4  0.16 inf
   63 L   -4 -5 -5 -5 -1 -5 -5 -5 -5  5  3 -5  2  3 -5 -3 -2  1 -1  2    0   0   0   0   1   0   0   0   0  37  24   0   4  10   0   2   2   2   2  12  0.83 inf
   64 Y    0 -2 -1  2 -3  0 -1  2 -1  0 -1 -2  1  0 -3  0  1  2  1 -1    7   2   2  13   0   5   1  15   1   8   6   2   6   3   1   7   9   3   6   2  0.12 inf
   65 G   -1  0 -1  1 -5  0  1  4 -3 -3 -4 -1 -3 -1  0  0  0  3 -4 -4    4   6   2   9   0   3  10  36   0   2   1   4   1   3   4   6   6   4   0   0  0.48 inf
   66 G   -2  2  2  0 -5  1  1  4  1 -4 -4 -1  0 -4 -3  0  0 -5 -4 -2    1  11   8   5   0   7  10  30   4   0   1   2   2   0   1   7   7   0   0   3  0.42 inf
   67 E    0  3 -2 -1 -1  0  3 -4  1 -1 -3 -1  0 -4  0 -1  0 -3 -4  1    7  19   1   2   1   4  25   0   3   4   1   3   3   0   5   3   6   0   0  12  0.36 inf
   68 K   -2  2 -1 -3 -2  1 -1 -1 -2 -2 -3  4 -1  0  0  0  2 -3  3 -3    1   9   2   1   1   8   2   6   0   2   2  26   1   3   5   7  12   0  11   1  0.35 inf
   69 F   -7 -8 -8 -9 -2 -8 -8 -8 -6 -2 -4 -8 -5  9 -9 -7 -7 -4  2 -2    0   0   0   0   1   0   0   0   0   3   0   0   0  89   0   0   0   0   5   2  3.00 inf
   70 A    1 -2  3  2 -2  0  2 -2  2 -3 -4 -1 -4 -4  2  1  0 -5 -2 -4   12   2  15  11   1   4  13   3   5   1   1   3   0   0  11  11   5   0   1   0  0.36 inf
   71 T   -3 -3  2  0  0 -4 -2 -1 -5 -6 -6 -3 -5 -6 -5  5  4 -7 -6 -5    0   1   8   6   2   0   2   5   0   0   0   1   0   0   0  48  28   0   0   0  1.14 inf
   72 L   -5 -6 -7 -8 -5 -6 -7 -8 -7  2  6 -5  2 -2 -7 -5 -5 -6 -2  0    0   0   0   0   0   0   0   0   0   9  78   1   4   1   0   0   0   0   1   6  1.61 inf
   73 A    0 -2  2  2 -1  1  1 -1  0 -1 -2 -1  0 -4  1  0  1  0 -2  0    6   1  12  12   1   7  11   4   2   5   1   3   3   0   7   6   9   1   1   7  0.16 inf
   74 E   -2 -3 -3  4 -7  4  6 -5 -4 -7 -6  0 -5 -7 -5 -1 -2 -7 -6 -6    3   1   0  22   0  15  47   0   0   0   1   5   0   0   0   5   2   0   0   0  1.27 inf
   75 L   -6 -6 -8 -8 -5 -6 -7 -8 -7  0  6 -7  0  1 -7 -7 -5 -6 -5 -1    0   0   0   0   0   0   0   0   0   4  86   0   2   5   0   0   0   0   0   3  1.85 inf
   76 V   -3 -7 -7 -7 -1 -7 -7 -8 -7  5 -1 -7 -3 -5 -7 -6 -4 -7 -5  7    1   0   0   0   1   0   0   0   0  30   4   0   0   0   0   0   0   0   0  63  1.78 inf
   77 Q    0 -2  1  3 -5  3  5 -2  3 -4 -5  0 -3 -6 -4  0 -2 -6 -4 -4    6   1   5  14   0  12  37   3   6   1   0   4   1   0   0   8   2   0   0   1  0.74 inf
   78 Y   -6 -2 -5 -6 -7 -5 -5 -7  9 -6 -6 -5 -5  4 -7 -5 -2 -4  7 -6    0   3   0   0   0   0   0   0  45   0   0   0   0  14   0   0   2   0  35   0  2.33 inf
   79 Y   -6 -6 -6 -7 -7 -2 -6 -7  5 -6 -5 -6 -5  2 -7 -6 -6 -3  9 -6    0   0   0   0   0   2   0   0  11   0   0   0   0   7   0   0   0   0  77   0  2.76 inf
   80 M   -1  3 -2 -3 -2  2  0 -3 -3 -3 -2  3  3 -4 -3  1  2 -4 -2 -2    4  16   0   1   1  11   6   2   0   1   2  18  10   0   1  10  14   0   1   3  0.40 inf
   81 E    0  2  0 -2 -3  1  2 -1  3 -2 -1  3  0 -3 -3 -1  0 -3 -2 -2    8  11   4   1   0   5  17   3   8   1   7  18   2   0   1   3   7   0   1   1  0.27 inf
   82 H    0 -1  5  1  1  1  1 -2  4 -3 -4  0 -3 -2 -3 -1  0 -2 -3 -2    7   3  31   6   3   6   8   2  12   1   1   6   0   2   1   3   5   1   0   3  0.49 inf
   83 H    0 -1 -1 -2 -3  3 -1 -1  3 -3 -3  1 -3 -2  4  1 -1  2 -1 -3    7   3   3   1   0  13   2   5   8   1   2   8   0   1  22  13   4   4   2   1  0.43 inf
   84 G   -1  0  0  2  1  0  0  2 -2 -1  0  0 -1 -2  2  0 -1 -2 -2 -1    3   4   5  15   4   3   3  16   1   4   9   6   2   1  11   5   3   0   1   3  0.14 inf
   85 Q   -1 -1 -1 -2  0  0 -2  1 -2  1  2 -1  0  1 -1 -1  0 -2  0  1    4   2   2   1   2   4   2  15   0   9  24   4   2   5   3   3   4   0   3   9  0.09 inf
   86 L   -2 -1 -3 -3 -3 -3 -3 -2 -1  2  4 -3  2  0 -2 -1 -1 -2  3 -1    2   4   1   1   0   1   1   3   2  10  43   1   5   4   2   4   4   0  10   2  0.42 inf
   87 K   -1  2 -1 -1  3  2 -1  0  0 -2 -2  3 -2 -3 -1  0  0 -3 -3  0    4  14   2   2   8   9   3   7   2   2   3  19   0   0   2   8   7   0   0   8  0.23 inf
   88 E   -1 -1  0  2 -3  0  4 -1 -1 -3 -3  1 -2 -3 -3  1  1 -4 -1 -1    2   2   3  13   0   3  30   5   1   1   1  10   1   0   1   8  10   0   3   6  0.37 inf
   89 K    1  2  0  0 -3  2  2  0 -1 -2 -3  3 -2 -4 -2  1  0 -4 -3 -2   14  12   3   4   0   9  11   5   1   2   1  22   0   0   1   8   5   0   0   1  0.31 inf
   90 N   -2 -1  2  4 -1 -1 -1  0  1 -1  1 -2  0 -2 -2  1  0 -3 -2 -2    2   4  12  25   2   2   1   8   3   2  17   1   2   1   1  10   5   0   1   1  0.25 inf
   91 G   -1 -2 -1 -3 -4  1 -2  6 -2 -3 -3 -2 -3 -4 -3  0 -2 -4 -4 -1    3   2   2   1   0   6   3  60   1   1   2   1   0   1   1   7   2   0   0   6  0.93 inf
   92 D   -1 -1  0  0 -2  1  1 -3 -1  0  2  1 -1 -2 -2 -1  1 -3 -1  0    4   3   4   7   1   7  12   1   1   3  27   8   0   0   1   4  12   0   3   4  0.13 inf
   93 V   -1 -1 -3 -3  3 -1 -2 -2 -1  2  0  0 -1  0  3 -1 -1 -3 -2  2    3   2   1   1   9   3   1   3   2  11   8   7   1   4  18   5   2   0   0  18  0.27 inf
   94 I   -2 -4 -4 -5  4 -4 -4 -5 -4  4  1 -4  3 -3 -3 -2  2 -4 -1  3    1   1   0   0  10   0   0   0   0  22  13   0   9   0   1   1  16   0   3  22  0.62 inf
   95 E    0  1  0 -2 -2  2  1 -3  3 -2 -1  2 -2 -2  1 -1  0 -3  2 -1   10   9   5   0   1   9  11   0   7   1   5  15   0   1   7   2   4   0   9   5  0.21 inf
   96 L   -4 -5 -6 -4 -4 -5 -6 -4 -6 -1  6 -4 -1 -1  0 -2 -1 -5 -4 -1    0   0   0   1   0   0   0   1   0   1  80   1   0   2   5   3   3   0   0   3  1.27 inf
   97 K   -3  4 -1 -4 -3  1 -2 -4 -1 -1  0  4 -1 -4  0 -2  0  0 -4 -1    1  25   2   0   1   5   1   0   1   4  12  30   1   0   5   1   6   1   0   4  0.53 inf
   98 Y   -1  0 -2 -4 -1  2  2 -5  4 -3 -3  2 -4 -1 -2 -3 -4 -2  7 -3    5   6   1   0   2   8  13   0   9   1   2  13   0   1   2   0   0   0  36   2  0.82 inf
   99 P   -3 -7 -6 -6 -7 -6 -6 -7 -7 -7 -7 -5 -7 -8  9 -5 -5 -8 -7 -7    2   0   0   0   0   0   0   0   0   0   0   0   0   0  98   0   0   0   0   0  3.30 inf
  100 L   -3 -5 -5 -6  1 -4 -5 -6 -5  3  3 -5  1  1 -5 -4 -3 -4  0  4    0   0   0   0   3   0   0   0   0  12  35   0   3   6   0   0   0   0   3  37  0.78 inf
  101 N   -3 -2  7  2 -5  3 -1 -3 -2 -5 -5  1 -4 -5 -4  2 -2 -5 -4 -5    0   0  54   8   0  15   0   0   0   0   0   7   0   0   0  16   0   0   0   0  1.06 inf

                      K         Lambda
Standard Ungapped    0.1380     0.3178
Standard Gapped      0.0459     0.2670
PSI Ungapped         0.1501     0.3129
PSI Gapped           0.0459     0.2670
