
Last position-specific scoring matrix computed, weighted observed percentages rounded down, information per position, and relative weight of gapless real matches to pseudocounts
           A  R  N  D  C  Q  E  G  H  I  L  K  M  F  P  S  T  W  Y  V   A   R   N   D   C   Q   E   G   H   I   L   K   M   F   P   S   T   W   Y   V
    1 T   -1 -3 -1 -2 -2 -2 -2 -3 -3 -3 -3 -2 -2 -4 -3  3  6 -4 -3 -2    0   0   0   0   0   0   0   0   0   0   0   0   0   0   0  26  74   0   0   0  1.11 inf
    2 G    2 -3  2  1 -3 -2 -2  4 -3 -4 -4 -2 -3 -4  2  0  0 -4 -4 -2   18   0  10   8   0   0   0  40   0   0   0   0   0   0  13   6   4   0   0   2  0.58 inf
    3 D   -2 -1  1  3 -4 -1  0  1 -2 -4 -4  3 -3 -4  1  1  2 -4 -3 -3    0   1   6  24   0   0   3   9   0   0   0  27   0   0   6   9  16   0   0   0  0.46 inf
    4 Q    0  0 -2 -2 -4  5  0 -2 -2 -2 -1  0 -2 -2  3  1  1 -4 -3 -2    6   5   0   0   0  39   4   1   0   1   5   3   0   2  13  11   9   0   0   1  0.52 inf
    5 V   -1 -5 -5 -5 -3 -4 -4 -5 -5  3 -1 -3 -2 -3 -5 -3 -1 -5 -2  6    4   0   0   0   0   0   0   0   0  18   1   1   0   0   0   1   2   0   1  71  1.18 inf
    6 T    2 -1  0 -1  1  0 -1 -3 -3 -4 -3 -2 -3 -3  4  2  1 -2 -3 -3   18   3   4   3   4   5   2   0   0   0   1   1   0   1  26  22  10   0   0   0  0.55 inf
    7 V   -1 -5 -5 -6 -3 -3 -5 -5 -6  3 -1 -5 -2 -3 -5 -3 -1 -5 -4  6    4   0   0   0   0   1   0   0   0  13   2   0   0   0   0   1   3   0   0  76  1.31 inf
    8 R   -1  3  0 -3 -3  0 -2 -4 -1 -1 -2  0 -3 -4 -3  1  5 -4 -1 -1    2  21   4   0   0   3   0   0   1   4   2   4   0   0   0   9  44   0   2   3  0.62 inf
    9 F   -3 -6 -6 -7 -5 -6 -6 -6 -5 -2 -1 -6 -3  9 -7 -5 -5 -2  0 -1    2   0   0   0   0   0   0   0   0   2   4   0   0  89   0   0   0   0   0   4  2.36 inf
   10 V   -1  0  3  0 -3  0  0 -3  1 -1 -1  0 -2 -3 -3  0  3  0 -1  1    4   6  22   3   0   4   6   0   4   3   4   3   0   0   0   4  21   2   1  13  0.25 inf
   11 V    0 -3 -3 -3  4 -3 -3 -3 -3  3  1 -3 -1 -1 -3 -2 -1 -3 -2  4    6   1   1   1  11   1   1   1   0  14   9   1   0   2   1   1   3   0   1  43  0.52 inf
   12 N   -2  0  4  2 -3  2  3 -2  0 -2 -3  1 -2 -3 -2  0  1 -3 -1 -3    2   2  22  10   0   9  24   1   1   2   2   7   0   1   1   4   8   0   2   1  0.40 inf
   13 N   -2  0  6  0  1 -1 -2 -2 -1  0  0  0 -2 -2 -3 -1 -1 -3  1 -1    1   4  46   3   3   2   1   1   1   5  11   4   0   1   1   4   3   0   5   4  0.52 inf
   14 A    4 -3 -2 -4 -1 -1 -3  2 -4 -2 -3 -3 -2 -1  0 -1 -1 -4 -2  3   45   0   1   0   1   2   0  13   0   0   0   0   0   4   4   2   3   0   1  23  0.52 inf
   15 S   -1 -2  2  0  0  0  0 -3  0 -3 -3 -1 -3 -2 -1  2  4 -3  2 -1    3   1   9   4   2   3   7   0   3   1   0   3   0   1   2  14  36   0   8   3  0.40 inf
   16 T   -3 -4 -3 -4 -4 -4 -1 -5 -5 -3 -1 -4 -4 -5 -4 -2  7 -6 -5 -1    0   0   0   0   0   0   3   0   0   0   5   0   0   0   0   0  88   0   0   4  1.82 inf
   17 T    0 -1  1 -1 -3  2  0 -2 -2  0 -2  0 -1 -2 -3  1  1  1  2  1    7   3   6   1   0  13   6   1   0   5   2   4   0   0   0  12  13   2  10  14  0.16 inf
   18 L   -3 -4 -2 -4 -4 -4 -3 -4 -3 -2  1 -4  0  3  3 -1 -3  7  5 -1    1   0   2   0   0   0   1   0   0   1  15   0   2  12  18   6   0  15  21   5  0.80 inf
   19 G   -3 -5 -1 -1 -6 -5 -3  7 -5 -7 -7 -4 -6 -6 -5 -3 -4 -6 -6 -6    0   0   2   3   0   0   2  93   0   0   0   0   0   0   0   0   0   0   0   0  2.12 inf
   20 Q   -3 -2 -3  1 -6  6  5 -5 -3 -4 -5 -2 -4 -6 -4 -1 -2 -5 -4 -5    0   0   0   7   0  43  43   0   0   1   0   0   0   0   0   3   2   0   0   0  1.36 inf
   21 N   -2 -1  6  1 -4  1  1 -3 -1 -4 -4  0 -3 -3 -3  2  2 -5 -4 -3    1   1  41   5   0   6   8   0   1   0   0   4   0   1   0  16  13   0   0   2  0.72 inf
   22 L   -3 -5 -5 -6 -3 -5 -5 -6 -5  5  2 -5  1 -2 -5 -4 -3 -5 -3  5    1   0   0   0   0   0   0   0   0  35  19   0   2   0   0   0   0   0   0  44  1.07 inf
   23 Y   -4 -1 -5 -5  0 -4 -4 -5  1 -3 -2  1 -3  5 -5 -4 -4  1  8 -2    1   4   0   0   2   0   0   0   2   1   2  10   0  20   0   0   0   1  56   2  1.49 inf
   24 L   -1 -4 -5 -5 -3 -4 -5 -5 -5  4  3 -4  1 -2 -5 -4 -3 -4 -3  4    4   1   0   0   0   0   0   0   0  29  33   0   3   0   0   0   0   0   0  31  0.84 inf
   25 T    0 -4 -4 -4 -3 -4 -4 -4 -5  2 -1 -4  1 -3 -4 -1  4 -5 -4  5    6   0   0   0   0   0   0   0   0   8   3   0   4   0   0   3  27   0   0  51  0.84 inf
   26 G   -2 -5 -3 -4 -6 -5 -5  7 -5 -7 -7 -5 -6 -6 -5 -3 -5 -6 -6 -6    1   0   0   0   0   0   0  99   0   0   0   0   0   0   0   0   0   0   0   0  2.38 inf
   27 N   -2 -3  6  3 -2 -2 -2 -2 -3 -6 -6 -3 -5 -5 -4  4 -2 -6 -5 -5    1   0  47  16   1   1   0   1   0   0   0   0   0   0   0  33   0   0   0   0  1.25 inf
   28 V   -2  0 -3 -2 -3 -1 -3 -3 -2  4  0 -3 -1 -3 -3  0  1 -4 -3  4    2   5   0   3   0   2   0   2   1  29   3   0   0   0   1   6  12   0   0  34  0.48 inf
   29 A    2 -3 -2  0 -3 -3 -2 -1 -1 -4 -4 -1 -3 -2  5  2  0  3  0 -2   21   1   1   5   0   0   1   2   1   0   0   2   0   2  33  17   5   4   3   2  0.68 inf
   30 E    2 -2 -2  1 -5  4  5 -2 -3 -5 -4 -2 -4 -5 -2 -1 -1 -5 -4 -4   21   0   0   5   0  18  47   2   0   0   1   0   0   0   1   3   2   0   0   0  0.88 inf
   31 L   -4 -5 -6 -7 -4 -5 -6 -7 -6 -1  6 -5  3 -2 -6 -5 -4 -4 -4 -2    0   0   0   0   0   0   0   0   0   0  94   0   6   0   0   0   0   0   0   0  1.72 inf
   32 G   -1 -5 -3 -4 -5 -3 -3  7 -5 -7 -6 -3 -5 -6 -5  0 -4 -5 -6 -6    2   0   0   0   0   1   1  89   0   0   0   1   0   0   0   6   0   0   0   0  1.95 inf
   33 N    0 -2  6  1 -4 -1 -1  0  0 -5 -3 -2 -4 -4 -4  3 -2 -5 -1 -4    7   1  47   5   0   1   2   5   2   0   2   1   0   0   0  22   1   0   2   0  0.84 inf
   34 W   -5 -6 -6 -7 -5 -5 -6 -5 -5 -5 -5 -6  0 -3 -6 -6 -5 13 -2 -6    0   0   0   0   0   0   0   0   0   0   0   0   3   0   0   0   0  92   0   0  4.25 inf
   35 S    0 -3  5  4 -4 -1  0 -3 -2 -4 -4 -2 -2 -4 -3  3  0 -5 -4 -4    6   0  31  28   0   1   3   0   1   0   0   0   1   0   0  22   3   0   0   0  0.82 inf
   36 T   -2 -3 -3 -1 -3 -3 -3 -3 -3 -2 -3 -3 -3 -4  6 -1  4 -4 -4  0    2   1   1   4   0   1   1   1   0   1   2   1   0   0  46   2  29   0   0   7  1.12 inf
   37 G    2 -1  0  2 -2  0  1  0 -2 -1 -1  0 -2 -2 -1  1 -1 -2 -1 -1   29   3   4  12   0   2   7   6   0   3   5   6   0   1   2  11   2   0   2   4  0.16 inf
   38 S    1 -1  3  1  1 -1 -1  0  1 -2 -3  0 -2 -1 -1  2  0 -3 -2 -2   11   2  22   7   3   2   2   6   4   2   2   6   1   3   2  20   4   0   0   1  0.25 inf
   39 T    1  0  0  0 -1  1  0  1 -1 -1 -1  2 -1 -1 -1  0  0 -1  0 -1   16   4   5   5   1   5   3  10   1   4   4  16   1   1   2   8   4   0   5   4  0.08 inf
   40 A    4 -2 -2 -2 -2 -1 -2  1 -2  0 -1  0 -2 -2  1  0 -1 -3 -2  0   47   1   1   1   0   3   1   9   1   5   6   5   1   1   8   3   2   0   1   5  0.35 inf
   41 I   -1 -1 -2 -2 -2  0 -1 -2 -2  3  1 -2  0 -1 -1 -2  0 -2  0  3    4   3   1   1   0   4   3   2   1  21  15   1   1   1   3   2   5   0   4  26  0.21 inf
   42 G    2 -2 -1 -1 -2 -1 -1  3 -2 -2 -1  0  0 -2  1  1  0 -2 -2 -2   18   1   2   3   0   1   3  28   1   1   7   5   4   1   8   8   5   0   1   2  0.25 inf
   43 P   -1 -2 -2 -2 -2 -1 -2  0 -2  0  3 -1  1 -1  4  0 -1 -2 -2 -1    3   1   1   1   0   2   2   7   1   2  34   4   3   2  24   7   2   0   1   4  0.37 inf
   44 A    2 -1  1 -1 -2  0 -1 -1 -2 -1 -1 -1  1  1 -2  2  0 -1  0 -1   25   2   6   2   0   3   2   3   0   2   6   2   5   7   1  24   5   1   2   1  0.19 inf
   45 F    3 -1 -2 -2 -2 -1 -1 -2 -2  1  1 -2 -1  2 -1  0 -1 -2  1  1   31   2   1   2   0   1   2   1   0   7  14   1   0  13   3   6   3   0   4   8  0.18 inf
   46 N    0 -1  3  2 -2  0  0 -1 -1 -3 -1  1 -2 -3  0  2 -1 -3 -2 -2    9   2  20  12   0   2   5   4   0   1   6  10   0   1   4  19   2   0   0   2  0.25 inf
   47 Q   -1  0 -1  0 -3  4  0 -1 -2 -1  2  0  2 -2 -3 -1  0 -3 -2 -2    3   3   2   5   0  27   5   5   0   2  22   6   8   1   0   4   5   0   1   1  0.25 inf
   48 V   -1 -3 -1  1 -3 -2 -2 -3 -1  0 -2 -2  0  1 -3  2  0  1  6  0    5   1   3  11   0   0   1   1   0   4   2   2   2   5   1  16   4   1  33   9  0.44 inf
   49 I    1 -2  0 -1  1 -2 -1 -2 -3  0 -2 -1  1 -3  3  1  3 -1 -3 -1   11   1   4   3   4   0   3   2   0   7   1   3   4   0  14   8  29   1   0   4  0.30 inf
   50 H    2 -2  1  1 -3 -1 -1  0 -1 -3 -3 -2 -3 -2  1  3  1 -3  2 -2   22   1   7   6   0   1   3   6   1   0   1   0   0   1   7  26   6   0   9   1  0.30 inf
   51 Q    1 -1  3  1  0  2  1  0 -2 -3 -4  0 -3 -4 -2  2  1 -4 -3 -3   11   1  18   8   2  10   7   5   0   1   0   5   0   0   1  23   8   0   0   1  0.34 inf
   52 Y   -4 -1  4 -1  1 -2 -2 -4 -1 -4 -4 -2 -3  2 -4 -1 -2  2  7 -4    0   3  21   4   3   1   1   0   1   0   0   1   0   5   0   5   2   2  49   0  1.13 inf
   53 P   -4 -1 -1 -4 -6 -3 -4  0  2 -6 -6 -4 -3 -6  8 -4 -3 -6 -5 -5    0   3   3   0   0   1   0   6   5   0   0   0   1   0  79   0   1   0   0   0  2.22 inf
   54 T   -1 -2  1  0 -3  0  0 -2 -3  0  2 -1 -1 -2 -2  0  3 -4 -3  2    1   0   8   4   0   3   6   2   0   4  23   3   1   0   1   5  24   0   0  15  0.23 inf
   55 W   -4 -7 -7 -8 -6 -6 -7 -2 -6 -6 -6 -7 -5 -3 -8 -6 -6 12  0 -4    2   0   0   0   0   0   0   3   0   0   0   0   0   0   0   0   0  92   2   1  4.26 inf
   56 Y   -2  0 -1 -3 -4 -1 -2 -4  0 -2 -2  2 -3  3 -3  2  3  0  4 -2    0   4   1   0   0   2   1   0   2   2   1  13   0  12   0  18  21   1  20   1  0.47 inf
   57 Y    1 -1 -1 -3 -2 -2 -3  2 -2  1  0 -1 -1  0 -3 -1  0 -3  2  2   15   4   4   0   0   1   0  17   0   7  10   2   0   3   0   2   5   0   9  20  0.16 inf
   58 D   -1 -2  0  3 -3 -1 -1 -3 -2 -3 -3  0 -3 -4  0  1  5 -1 -4 -1    4   1   2  20   0   2   3   1   1   1   1   5   0   0   3   7  46   1   0   3  0.63 inf
   59 V    0 -4 -5 -5 -3 -4 -4 -5 -5  4  1 -2 -1 -2 -4 -3  0 -5 -3  5    6   0   0   0   0   0   0   0   0  30   8   2   1   1   0   0   5   0   0  48  0.88 inf
   60 S    0 -1  3  2 -3  1  0 -2  1 -3 -3  0  0 -2  1  2  1 -1 -2 -3    6   1  16  12   0   5   5   2   4   0   0   4   3   2   5  22   9   1   1   0  0.30 inf
   61 V   -2 -4 -5 -6 -3 -4 -5 -5 -5  1  5 -4  2 -1 -5 -4 -3 -4 -3  3    2   0   0   0   0   0   0   0   0   6  66   0   4   2   0   0   0   0   0  19  1.02 inf
   62 P    1 -4 -3 -2 -5 -1 -2 -3 -5 -5 -5 -1 -5 -6  8 -2 -2 -6 -4 -5   11   0   1   2   0   2   2   1   0   0   1   4   0   0  72   2   2   0   0   0  1.89 inf
   63 A    5 -3 -3 -3 -3 -1  0 -2 -3  0 -3 -1  0 -4  2  1 -1 -5 -4  0   53   0   1   0   0   2   6   1   0   6   0   2   2   0  10   7   2   0   0   7  0.58 inf
   64 G   -2 -4  3  2 -5 -2 -2  6 -3 -6 -6 -3 -5 -5 -4  0 -3 -5 -5 -5    2   0  15  10   0   1   2  62   0   0   0   1   0   0   0   8   1   0   0   0  1.19 inf
   65 K    0 -1  0 -2 -3  2  0 -3  0 -3 -2  2 -1 -2 -3  0  5 -4 -3  0    5   1   3   1   0  13   6   0   2   0   2  12   1   2   0   5  42   0   0   5  0.50 inf
   66 Q    1 -1  2  1 -3  0  0 -2 -2 -2 -1  0 -2 -3  1  1  3 -4 -1 -1   12   1  13   6   0   5   4   1   0   1   5   5   0   0   7  13  22   0   2   5  0.23 inf
   67 L   -3 -5 -5 -5 -4 -5 -4 -5 -4  4  1 -5  0  6 -5 -4 -2 -2  1  3    0   0   0   0   0   0   1   0   0  26  11   0   1  37   0   0   1   0   4  19  0.94 inf
   68 E   -1 -2 -1 -1 -6  4  6 -3 -3 -5 -4 -2 -2 -6 -4  0 -3 -5 -4 -5    5   0   2   1   0  20  63   1   0   0   1   0   1   0   0   5   1   0   0   0  1.28 inf
   69 F   -5 -5 -6 -6 -1 -5 -5 -6 -2 -4 -4 -5 -4  5 -6 -5 -5  6  8 -2    0   0   0   0   2   0   0   0   0   0   0   0   0  27   0   0   0  13  57   2  2.11 inf
   70 K   -3  0 -3 -4 -6 -1 -1 -5  0 -6 -6  8 -4 -6 -4 -3 -4 -6 -5 -4    1   1   0   0   0   1   2   0   2   0   0  92   0   0   0   0   0   0   0   1  1.96 inf
   71 F   -1 -5 -5 -6  4 -5 -5 -5 -2 -3 -1 -5 -3  6 -4 -3 -4 -1  7 -3    7   0   0   0  10   0   0   0   0   0   5   0   0  40   1   1   0   0  37   0  1.48 inf
   72 F   -3 -5 -5 -5 -3 -5 -5 -6 -5  6  2 -5  0  0 -5 -4 -3 -4  1  4    1   0   0   0   0   0   0   0   0  49  15   0   1   3   0   0   0   0   5  28  1.00 inf
   73 K   -3  5  1 -3 -5 -1 -2 -3 -3 -2 -2  6 -2 -5 -4 -3 -2 -5 -4 -1    0  30   6   0   0   0   0   1   0   2   3  52   1   0   0   0   1   0   0   4  1.08 inf
   74 K   -1  2 -2 -3 -4  1  0 -4 -2  0 -2  5 -3 -4 -3 -2 -3 -5 -4  2    3  11   1   0   0   4   4   0   1   6   2  53   0   0   0   1   0   0   0  15  0.74 inf
   75 N   -1 -1  3  4 -4  1  1 -2 -2 -2 -4 -1 -3 -3 -1  2  0 -5 -2 -4    3   3  15  31   0   6  10   2   0   3   1   1   0   1   2  18   3   0   1   0  0.52 inf
   76 G    0 -3  3  4 -4 -1  1  3 -2 -5 -5 -2 -4 -5 -1  2 -2 -5 -4 -4    7   0  18  27   0   1   7  20   0   0   0   1   0   0   3  15   0   0   0   0  0.64 inf
   77 S    0 -4  1 -1 -1 -1 -3  6 -4 -5 -5 -2 -4 -5 -4  0 -1 -5 -5 -4    5   0   8   3   1   3   0  68   0   0   0   2   0   0   0   8   2   0   0   1  1.20 inf
   78 T    0 -1  4  0 -3  0  0 -1 -1 -3 -3  1 -2 -3 -3  2  3 -4 -2 -2    6   2  23   5   0   3   4   4   1   0   1   8   0   0   0  20  19   0   1   2  0.40 inf
   79 I   -1 -4 -5 -3 -3 -2 -4 -3 -5  2  0 -2 -1 -1 -2 -3 -2  2 -1  6    5   0   0   1   0   2   0   1   0   9   8   2   0   2   2   0   1   3   1  63  0.81 inf
   80 T   -1 -2 -2 -3 -3  0  0 -4 -1  3  0 -2 -1 -1 -2 -1  4 -4 -3  2    3   2   1   0   0   4   7   0   2  20   5   2   0   2   1   3  33   0   0  17  0.39 inf
   81 W   -6 -6 -7 -8 -6 -6 -6 -6 -6 -1 -5 -6 -5 -1 -7 -6 -6 12  2 -6    0   0   0   0   0   0   0   0   0   4   0   0   0   2   0   0   0  88   6   0  4.07 inf
   82 E   -4 -3 -3 -2 -6  4  7 -5 -3 -6 -4 -2 -4 -6 -4 -3 -1 -5 -1 -5    0   0   0   0   0  16  78   0   0   0   1   0   0   0   0   0   3   0   2   0  1.69 inf
   83 S    0 -3  1  0 -2 -1 -1  2 -3 -4 -4 -2 -4 -5  0  5  0 -5 -4 -3    5   0   8   5   0   2   3  17   0   0   0   1   0   0   4  50   3   0   0   1  0.66 inf
   84 G   -1 -3  0  4  0 -3 -2  5 -3 -5 -5 -3 -4 -5 -1 -2 -1 -2 -4 -3    2   1   3  26   2   0   0  53   0   0   0   0   0   0   4   1   3   1   0   2  0.99 inf
   85 S    1 -3  0 -1 -4 -1  1  1 -3 -4 -3 -1 -3 -4  5  2 -2 -4 -1 -3   15   0   5   2   0   1  11  10   0   0   2   2   0   0  30  18   0   0   2   1  0.60 inf
   86 N   -5 -4  8 -1 -6 -3 -3 -4 -3 -6 -7 -2 -5 -6 -5 -2 -1 -7 -5 -6    0   0  92   1   0   0   0   0   0   0   0   1   0   0   0   2   4   0   0   0  2.34 inf
   87 H   -3  6  2 -3 -6  0 -2 -4  5 -5 -5  0 -2 -4 -4 -2 -2 -5  0 -5    1  56  12   0   0   3   1   0  17   0   0   2   1   0   0   1   1   0   4   0  1.26 inf
   88 T    0  0 -1 -2 -3  1  0 -3 -3  0 -2  0 -2 -1 -3  3  3 -4 -3  1    5   3   1   0   0   9   4   0   0   7   2   7   0   3   0  24  24   0   0  11  0.30 inf
   89 F    0 -4 -3 -5  0 -4 -4 -5 -1  1  0 -4 -1  4 -5 -2 -3 -1  7  0    9   0   1   0   2   0   0   0   1  10  10   0   1  15   0   2   0   0  43   5  0.90 inf
   90 T   -1  0  0 -2 -3  0 -3 -4 -3 -1 -2  0 -2 -4 -1  0  6  0 -2 -1    3   6   4   1   0   4   0   0   0   2   2   5   0   0   2   5  59   2   1   3  0.75 inf
   91 T   -1 -4 -3 -4 -3 -3 -4 -3 -4  0 -2 -3 -2 -3 -2  1  4 -5 -3  5    3   0   0   0   0   0   0   1   0   3   1   0   0   0   1   9  37   0   0  44  0.81 inf
   92 P   -2 -2 -3 -1 -5 -3 -3  1 -4 -5 -5 -3 -4 -5  8 -2 -3 -5 -5 -3    2   2   1   4   0   1   0  11   0   0   0   0   0   0  74   1   1   0   0   2  1.92 inf
   93 A    2 -1  1  0 -2 -1  0  0 -2 -3 -3  0 -2 -2  0  2  2 -4 -1 -1   23   3   6   4   0   2   6   4   0   0   0   6   0   1   4  22  14   0   1   4  0.26 inf
   94 S    0 -2  0  0  4  0  0  2 -3 -3 -3  0 -3 -1 -1  3  1 -4 -3 -3    5   1   4   5  10   3   5  17   0   1   1   4   0   3   2  30  10   0   0   1  0.34 inf
   95 G    1 -4 -1 -3  5 -3 -3  4 -1 -4 -4 -3 -3 -4 -3  2  1 -4 -4 -3   12   0   2   0  14   0   1  41   2   0   0   0   0   0   0  16  11   0   0   1  0.76 inf
   96 T    1 -2 -1  0 -1 -1 -1 -1 -3 -1 -3 -1 -2 -3  0  2  5 -4 -3  0   12   2   2   5   1   1   2   2   0   2   1   4   0   0   3  13  44   0   0   5  0.45 inf
   97 A    2 -2 -1  0 -3 -1 -2  3 -2 -1 -1 -1  0 -2 -3  0  0 -3 -2  1   18   0   2   6   0   1   1  31   0   1   6   4   2   1   0   7   6   0   1  13  0.26 inf
   98 T    0 -2  0 -1  0 -2  1 -2 -3 -2 -2 -1 -3 -4 -2  2  5 -4 -4 -1    6   1   3   2   2   0   8   3   0   2   3   3   0   0   1  12  51   0   0   4  0.60 inf
   99 V   -1 -1 -2 -3  0  0 -1 -4 -3  2  2 -1 -1 -1 -3 -1  1 -3  1  3    3   2   1   1   2   5   3   0   0  14  17   3   0   0   0   3   9   0   7  30  0.25 inf
  100 T   -1  0  3  1 -3 -1  0 -1  0 -1 -2  0 -2 -2 -3  2  3 -4 -2  0    4   4  22   8   0   1   4   2   2   3   1   4   0   1   0  14  22   0   0   7  0.29 inf
  101 V    0 -3  0  5  0 -2  0 -2 -3  0 -2 -3 -3 -1 -3  0 -1  1 -3  3   10   0   2  38   2   0   3   2   0   3   1   0   0   2   0   6   3   2   0  25  0.50 inf
  102 N   -1 -2  3  1 -3 -2 -1 -3 -3 -2 -3  0 -3 -4 -3  3  4 -2 -3  0    3   0  14   9   0   1   3   0   0   1   0   4   0   0   0  26  31   0   0   8  0.52 inf
  103 W   -6 -6 -7 -8 -6 -6 -7 -6 -6 -6 -5 -7 -5  0 -7 -6 -4 13 -1 -6    0   0   0   0   0   0   0   0   0   0   0   0   0   3   0   0   1  96   1   0  4.46 inf
  104 Q   -3  6 -2 -3 -5  5 -1 -4  1 -5 -4  2 -3 -5 -4 -3 -3 -5 -4 -5    0  58   0   0   0  31   0   0   2   0   0   8   0   0   0   0   0   0   0   0  1.38 inf

                      K         Lambda
Standard Ungapped    0.1275     0.3132
Standard Gapped      0.0458     0.2670
PSI Ungapped         0.1509     0.3089
PSI Gapped           0.0458     0.2670
