
Last position-specific scoring matrix computed, weighted observed percentages rounded down, information per position, and relative weight of gapless real matches to pseudocounts
           A  R  N  D  C  Q  E  G  H  I  L  K  M  F  P  S  T  W  Y  V   A   R   N   D   C   Q   E   G   H   I   L   K   M   F   P   S   T   W   Y   V
    1 A    5 -3 -2 -3 -2 -2 -2 -2 -3 -4 -4 -2 -3 -4 -3  4 -1 -5 -4 -2   67   0   0   0   0   0   0   0   0   0   0   0   0   0   0  33   0   0   0   0  1.02 inf
    2 K   -4  5 -3 -3 -6  2  1 -5  0 -4 -3  5 -4 -5 -4 -3 -1 -5 -3 -5    0  39   0   0   0   9   7   0   2   1   3  37   0   0   0   0   3   0   0   0  1.12 inf
    3 K   -4  1 -3 -3 -7 -2 -3 -5 -1 -6 -4  6 -5 -7  5 -3 -3 -7 -5 -6    0   7   1   1   0   0   0   0   1   0   2  56   0   0  30   1   1   0   0   0  1.55 inf
    4 I   -3 -6 -6 -6 -4 -5 -6 -6 -6  5  2 -5  3 -1 -6 -5 -3 -5 -4  4    1   0   0   0   0   0   0   0   0  40  19   0   6   2   0   0   0   0   0  32  1.18 inf
    5 I   -5 -7 -7 -7 -5 -6 -7 -7 -7  7  1 -6 -2  1 -7 -6 -5  4 -4  0    0   0   0   0   0   0   0   0   0  76  11   0   0   4   0   0   0   6   0   3  1.87 inf
    6 L   -3 -6 -6 -7 -3 -6 -6 -7 -6  6  4 -6  1  2 -6 -5 -4 -5 -2  0    1   0   0   0   0   0   0   0   0  42  39   0   3   9   0   0   0   0   1   4  1.19 inf
    7 D   -6 -6 -3  8 -8 -5 -3 -6 -5 -7 -5 -5 -7 -2 -6 -1 -5 -8 -7 -7    0   0   0  93   0   0   0   0   0   0   1   0   0   2   0   4   0   0   0   0  2.67 inf
    8 C   -3 -6 -5 -6  8 -5 -6 -2 -4 -3  0 -5 -2 -4 -5 -2  5 -6 -5  1    1   0   0   0  36   0   0   4   0   0   8   0   1   0   0   1  38   0   0  10  1.51 inf
    9 D   -6 -6 -3  9 -8 -5 -3 -6 -6 -8 -8 -5 -8 -8 -6 -5 -6 -9 -8 -8    0   0   0 100   0   0   0   0   0   0   0   0   0   0   0   0   0   0   0   0  3.06 inf
   10 P   -4 -6 -6 -6  0 -5 -5 -6 -6 -4 -6 -5 -3 -7  8 -4  4 -8 -7 -3    0   0   0   0   2   0   0   0   0   1   0   0   1   0  70   0  24   0   0   1  2.30 inf
   11 G   -1 -7 -5 -6 -7 -6 -6  8 -6 -8 -8 -6 -7 -7 -6 -4 -6 -7 -7 -7    4   0   0   0   0   0   0  96   0   0   0   0   0   0   0   0   0   0   0   0  2.56 inf
   12 L   -3 -5 -3 -5 -1  1 -4 -5  5  6 -1 -5 -1 -4 -5 -3 -2 -6 -4  3    1   0   1   0   1   6   1   1  17  47   2   0   1   0   0   2   2   0   0  18  1.08 inf
   13 D   -6 -6 -3  9 -8 -5 -3 -6 -6 -8 -8 -5 -8 -8 -6 -5 -6 -9 -8 -8    0   0   0  99   0   0   0   0   0   0   0   0   0   0   0   0   0   0   0   0  3.03 inf
   14 D   -6 -6 -3  9 -8 -5 -3 -6 -6 -8 -8 -5 -8 -8 -6 -5 -6 -9 -8 -8    0   0   0  99   0   0   0   0   0   0   0   0   0   0   0   0   0   0   0   0  3.03 inf
   15 A    6 -5 -5 -4 -3 -4 -4 -3 -5 -2 -5 -4 -1 -6 -3  1 -1 -6 -5 -1   76   0   0   1   0   0   0   1   0   2   0   0   2   0   1  11   4   0   0   3  1.45 inf
   16 V    0 -5 -5 -5 -2 -2 -4 -5 -5  3  3 -5  5  1 -5 -4 -2  0 -3  3    8   0   0   0   1   2   0   0   0  19  26   0  17   7   0   0   1   1   0  19  0.72 inf
   17 A    7 -6 -6 -6 -3 -5 -5 -2 -6 -6 -6 -5 -1 -6 -5 -1 -3 -7 -6 -4   94   0   0   0   0   0   0   2   0   0   0   0   1   0   0   3   1   0   0   0  2.11 inf
   18 I   -4 -6 -7 -7 -5 -6 -7 -7 -7  6  4 -6  2 -2 -6 -6 -4 -1 -5 -1    0   0   0   0   0   0   0   0   0  47  45   0   4   1   0   0   0   1   0   2  1.50 inf
   19 L    2 -4 -4 -5 -2 -4 -4 -4 -3  2  3 -4  5  1 -5 -1  0  1 -2  0   18   0   0   0   1   0   0   1   0  11  32   0  15   6   0   4   5   2   1   4  0.56 inf
   20 L   -2 -5 -6 -6 -3 -5 -5 -6 -4  1  4 -5  4  3 -6 -4 -2 -1  5  0    3   0   0   0   0   0   0   0   0   9  38   0  10  10   0   1   2   0  23   4  0.95 inf
   21 A    7 -5 -5 -6 -3 -4 -5 -1 -6 -3  0 -5 -4 -6 -5 -2 -3 -6 -6 -3   81   0   0   0   0   1   0   3   0   1  10   0   0   0   0   2   1   0   0   0  1.59 inf
   22 H    1 -4 -4 -5 -2 -4 -2 -3  2  0  4 -3  0  2 -5 -3 -3 -2 -1  0   12   0   0   0   1   0   2   2   6   5  52   1   1   9   0   1   1   0   1   6  0.65 inf
   23 G    3  1  0 -3  0  0 -2  2  1 -3 -1  0 -3  1 -3  0 -1 -4 -1 -2   33   8   5   0   2   5   1  14   4   0   5   5   0   7   0   5   2   0   2   1  0.30 inf
   24 N    1 -2  2  1 -2 -1 -3 -4  6 -5 -4 -3 -4 -5 -4  5 -1 -2 -2 -4   13   2   8   7   1   2   0   0  20   0   2   0   0   0   0  40   2   1   1   0  0.87 inf
   25 P   -2 -3 -3  0 -6 -2  0 -4 -3 -6 -6 -1 -6 -7  8 -3 -3 -7 -6 -6    2   1   1   6   0   2   6   1   0   0   0   4   0   0  71   2   1   0   0   0  1.99 inf
   26 E   -1  0  2  3 -5  1  5 -1 -1 -5 -4  1 -3 -4 -4  0 -3 -5 -3 -4    6   5   8  17   0   5  38   4   1   0   1   7   0   1   0   5   1   0   1   1  0.66 inf
   27 I    0 -5 -6 -6 -2 -5 -5 -6 -3  4  4 -5  0  1 -4 -3 -3 -5 -3  2    8   0   0   0   1   0   0   0   1  26  41   0   1   5   0   1   0   0   0  15  0.84 inf
   28 E   -4 -2  1  6 -7  0  5 -5  0 -7 -6 -1 -6 -5 -5 -2 -3 -7 -6 -5    1   1   5  44   0   4  37   0   2   0   0   3   0   0   0   1   1   0   0   0  1.38 inf
   29 L   -4 -6 -6 -7 -4 -6 -6 -7 -6  4  4 -6 -1 -3 -3 -5 -3 -5 -4  5    0   0   0   0   0   0   0   0   0  19  44   0   1   0   1   0   0   0   0  35  1.21 inf
   30 L   -3  1 -5 -4 -3 -1 -2 -5 -5  3  4  1  0 -3 -5 -4 -3 -5 -4  2    1   8   0   0   0   3   3   0   0  16  38  11   2   0   0   0   0   0   0  16  0.60 inf
   31 A    4 -6 -4 -5 -5 -5 -5  6 -6 -5  0 -5  0 -6 -5 -3 -5 -6 -6 -5   29   0   0   0   0   0   0  60   0   0   9   0   2   0   0   0   0   0   0   0  1.45 inf
   32 I   -5 -6 -7 -7 -5 -6 -7 -7 -7  7  1 -6  0 -3 -6 -6 -4 -6 -5  4    0   0   0   0   0   0   0   0   0  58  13   0   1   0   0   0   0   0   0  27  1.60 inf
   33 T   -1 -5 -4 -5  0 -5 -5 -4 -6 -2 -5 -5 -3 -6 -5  1  7 -7 -6  1    4   0   0   0   2   0   0   1   0   2   0   0   0   0   0   7  74   0   0   8  1.66 inf
   34 T    0 -5 -3 -5  3 -4 -4 -1 -5  0 -4 -4 -3 -5 -1  2  6 -6 -5  0    8   0   1   0   7   0   0   5   0   6   0   0   0   0   3  13  53   0   0   5  1.02 inf
   35 V   -2 -5 -5 -6  1 -5 -5 -3 -6  1 -3 -5 -3 -5 -5  0  3 -6 -5  6    2   0   0   0   3   0   0   2   0   7   1   0   0   0   0   9  15   0   0  60  1.17 inf
   36 V    4 -4  0 -5  2 -3 -3  0  2 -4 -4 -4 -3  4 -5 -1 -3  1  4 -1   36   0   4   0   5   1   1   6   5   0   0   0   0  16   0   5   1   2  15   3  0.67 inf
   37 G   -4 -7 -5 -6 -7 -6 -7  8 -7 -8 -8 -6 -7 -8 -7 -5 -6 -7 -8 -8    1   0   0   0   0   0   0  99   0   0   0   0   0   0   0   0   0   0   0   0  2.77 inf
   38 N   -6 -5  9 -3 -4 -5 -5 -5 -4 -8 -8 -5 -4 -8 -7 -4 -5 -9 -7 -8    0   0  99   0   0   0   0   0   0   0   0   0   0   0   0   0   0   0   0   0  3.17 inf
   39 Q    0 -4 -3 -5  1  3 -4 -4 -3  0 -3 -3 -3 -5 -5 -2  1 -6 -3  6    9   0   1   0   2  15   0   1   0   2   0   1   0   0   0   2   8   0   0  56  0.99 inf
   40 T   -1 -1 -1  0 -2 -2 -1  0 -1 -4 -1 -2 -3 -4  4  2  4 -5 -1 -3    3   3   3   5   1   1   4   8   2   0   6   1   0   0  21  15  25   0   2   1  0.48 inf
   41 L   -1 -4 -5 -5 -4 -2 -4 -5 -1  2  3 -3  0 -2  0 -3  0 -5 -2  4    4   0   0   0   0   2   0   0   2  12  32   1   2   1   5   1   7   0   1  30  0.58 inf
   42 A    0 -3 -1  4 -5  0  5 -3  0 -4 -5  0 -5 -6 -1 -2 -2 -4 -5 -5    7   1   2  26   0   2  45   1   2   1   1   4   0   0   4   1   2   0   0   0  1.00 inf
   43 K   -2  0  2 -1 -5  3 -1 -3  2 -1  0  4  1 -3 -4 -2  0 -4  0 -2    2   4  11   3   0  17   1   1   6   3  10  26   3   1   0   0   7   0   3   2  0.41 inf
   44 V    2 -5 -3 -5  1 -3 -3  1 -5 -3 -4 -4 -4 -5 -5 -1  5 -6 -5  3   19   0   0   0   2   0   2  12   0   0   0   0   0   0   0   2  42   0   0  19  0.89 inf
   45 T    1 -4 -4 -4  3 -2 -3 -3 -3 -2  0 -4 -1 -2 -4  0  5 -5 -3  2   12   0   0   0   5   1   1   1   1   1  11   0   1   2   0   5  45   0   1  13  0.74 inf
   46 R    0  5  2 -2 -4  2  0 -4  2 -2 -2  2 -3 -5 -3 -1 -1 -5 -2 -2    8  35   8   2   0   8   6   0   5   3   3  12   0   0   1   3   3   0   1   2  0.55 inf
   47 N   -6 -5  9 -3 -3 -5 -5 -5 -4 -8 -8 -5 -7 -8 -7 -4 -5 -9 -7 -8    0   0  99   0   1   0   0   0   0   0   0   0   0   0   0   0   0   0   0   0  3.22 inf
   48 A    6 -5  0 -3 -3 -4 -4 -2 -5 -3 -4 -4 -3 -6 -4  0  2 -6 -5  0   64   0   5   1   0   0   0   2   0   1   1   0   1   0   0   5  14   0   0   5  1.13 inf
   49 Q   -2  3 -5 -6  1 -1 -4 -4 -3 -1  5 -2  0 -2 -6 -4 -2 -5 -4 -2    2  14   0   0   3   3   1   1   0   2  63   2   2   1   0   1   2   0   0   2  0.93 inf
   50 L    1  3  1 -2 -2  0 -2 -1  0 -1 -1  3 -2 -1 -4 -1 -1  0  2 -2   12  18   7   2   1   4   0   3   2   4   4  20   1   3   0   3   2   1   9   2  0.24 inf
   51 V   -3 -5 -6 -6 -1 -5 -6 -5 -6  4  4 -5  1 -3 -6 -4 -1  0 -4  4    1   0   0   0   1   0   0   1   0  21  40   0   2   0   0   0   3   1   0  28  0.95 inf
   52 A    0 -1 -4 -6  4 -4 -3 -5 -5 -1  5 -1  0 -3 -5 -3 -1 -5 -4  1    7   3   0   0  10   0   2   0   0   1  56   5   2   0   0   1   4   0   0   7  0.80 inf
   53 D   -1 -1 -1  2 -5  2  5 -2  2 -5 -5  1 -4 -6 -4 -1  1 -6 -4 -5    6   3   2  11   0  10  38   3   5   0   0   7   0   0   0   3  10   0   0   0  0.70 inf
   54 I   -1  0 -5 -5 -4 -2 -3 -5 -1  1  4 -1  2  3 -5 -3 -3  2  1  1    6   5   0   0   0   1   2   0   2   6  39   4   5  13   0   1   0   2   4   8  0.48 inf
   55 A    3 -5 -5 -5  4 -4 -5 -2 -4  1  3 -4  2  3 -5 -2 -2  3  0 -1   25   0   0   0  10   0   0   3   0   6  25   0   4  12   0   2   1   4   3   4  0.52 inf
   56 G   -3 -2  3  1 -6 -1 -1  6  0 -6 -6 -1 -5 -6 -5 -2 -4 -6 -6 -6    1   2  12   8   0   2   3  62   2   0   0   4   0   0   0   1   0   0   0   0  1.29 inf
   57 I    1  6 -3 -4 -2  0 -2 -4  2  1 -1  1  0 -2 -3 -2 -3 -5 -2 -2   14  42   0   0   1   3   1   1   6   7   7   7   3   1   1   1   1   0   1   2  0.66 inf
   58 T    0 -1 -1  0 -2  1  1 -1  0 -3 -1  1 -2 -3  3  1  3 -4 -2 -2    6   3   1   4   1   5   8   4   2   1   7   8   1   0  18  10  19   0   1   1  0.29 inf
   59 G   -3 -2  0  7 -2 -1  2  0 -1 -5 -5 -1 -5 -5 -4 -2 -3 -5 -5 -5    1   2   4  57   1   2  14   8   1   0   1   2   0   0   1   1   1   0   0   1  1.22 inf
   60 V   -1 -6 -6 -6 -3 -6 -6 -7 -6  6 -1 -6 -1 -4 -4 -5 -2 -6 -3  5    5   0   0   0   0   0   0   0   0  47   2   0   1   0   1   0   2   0   1  40  1.41 inf
   61 P   -4 -3 -5 -2 -7 -5 -3 -4 -6 -6 -6 -1 -7 -8  8 -4 -5 -8 -7 -6    1   1   0   2   0   0   2   1   0   0   0   4   0   0  84   1   0   0   0   0  2.59 inf
   62 I   -4 -7 -7 -7 -5 -6 -7 -7 -7  1 -1 -6 -2 -2 -6 -6 -4 -7 -4  7    0   0   0   0   0   0   0   0   0   7   3   0   1   2   0   0   0   0   0  85  2.01 inf
   63 A    4 -4 -5 -6 -2 -5 -5 -3  1 -1 -4 -5 -3  4 -5 -1 -3 -3  6 -1   36   1   0   0   1   0   0   2   3   4   0   0   0  18   0   4   1   0  27   4  1.01 inf
   64 A    3  2 -2 -3 -2  2  0 -1 -2 -1 -1  2 -1 -4  0  0 -2 -5 -4 -1   24  14   1   0   0   9   5   4   1   3   6  16   1   0   5   4   0   0   0   5  0.29 inf
   65 G   -4 -7 -5 -6 -7 -6 -7  8 -7 -8 -8 -6 -7 -8 -7 -5 -6 -7 -8 -8    0   0   0   0   0   0   0  99   0   0   0   0   0   0   0   0   0   0   0   0  2.76 inf
   66 C    5 -2 -3 -4  5 -2 -1 -4 -2 -3 -2 -4  0 -4 -2  1 -2 -6 -5 -2   51   2   1   1  14   1   5   0   1   1   4   0   3   0   2  11   1   0   0   2  0.86 inf
   67 D    1 -1  0  3 -3 -1  1  0  1 -4 -3  0 -3 -4  2  2  0 -2 -3 -2   15   3   4  17   0   2  10   5   4   0   1   4   0   0   8  16   5   1   0   2  0.29 inf
   68 K    0  4 -2 -3  0  2  0 -1  3 -3 -2  3 -1 -3 -3 -1  0 -5 -3 -1    9  23   1   1   2   8   5   4   8   1   3  20   1   1   0   2   5   0   0   5  0.40 inf
   69 P   -2 -7 -6 -5 -7 -6 -6 -4 -5 -7 -8 -6 -7 -8  9 -1 -3 -8 -8 -7    4   0   0   0   0   0   0   2   0   0   0   0   0   0  87   5   2   0   0   0  2.80 inf
   70 L   -3 -4 -5 -6 -5 -4 -6 -6 -5  2  6 -5  3  0 -6 -3 -4  0 -4 -1    1   1   0   0   0   1   0   0   0  11  71   0   5   3   0   2   0   1   0   3  1.27 inf
   71 V    0 -1 -2 -3  0 -2 -2 -3 -2  1  2  0  1 -1 -3  1  1 -2 -3  3    6   3   1   1   2   1   1   1   1   6  20   6   4   2   0  10   9   1   0  24  0.21 inf
   72 R    0  6 -1 -3 -4  0 -1  2  0 -2 -3  2 -4 -6 -3 -2 -3 -6 -5 -3    8  46   2   1   0   3   3  14   3   3   2  10   0   0   1   1   0   0   0   2  0.83 inf
   73 K    0 -1 -1  2 -5  1  3 -3 -2 -5 -4  1 -4 -2  5 -2 -1 -6 -5 -4    8   3   3  11   0   5  20   1   1   0   2   7   0   2  32   1   3   0   0   1  0.76 inf
   74 I    0 -3 -3 -3 -1  0 -3 -4 -1  2  2 -3  0  1  3 -2 -2  1  1  0    6   1   1   1   1   4   1   1   1  16  25   1   1   5  17   2   2   2   5   6  0.34 inf
   75 M   -1  2 -3 -2 -2  0  1 -4  4  2 -1 -1  0 -1  0 -2  0 -4 -1  2    3  11   0   1   1   3  11   1  13  13   3   2   2   2   5   2   6   0   1  19  0.25 inf
   76 T   -1 -2 -1  2 -3 -3 -2  2  1  0 -3 -2 -3  0  1  0  3 -2 -1  0    2   1   2  13   0   0   1  16   4   7   1   1   0   4   8   6  23   0   3   7  0.27 inf
   77 K    5 -2 -3  0 -4 -2 -1 -1 -1 -4 -4  0 -1 -4  0  0  0 -5 -4 -2   57   2   0   5   0   1   4   3   1   0   1   6   1   0   4   6   4   0   0   3  0.75 inf
   78 N    1  0  1  2 -4  0  2 -1  0 -3 -3  0 -3 -4  2  1  0 -4 -3 -3   15   6   8  10   0   4  17   5   3   1   2   3   0   0  11  10   6   0   0   1  0.29 inf
   79 K   -1 -1  2  2 -4  1  1  1  4 -4 -4  0 -3  0 -1  0 -2 -2  2 -3    4   3   9  14   0   5  10  12  12   1   1   5   0   5   3   6   2   1   7   1  0.29 inf
   80 V    0 -5 -4 -5 -2 -5 -4 -5 -5  4  0 -4 -1  1 -1 -4  1 -5 -1  5    7   0   0   0   0   0   0   0   0  21   8   1   1   5   3   0  10   0   2  41  0.76 inf
   81 D   -4 -4 -4  0 -7  1  1 -2 10 -2 -6 -3 -6 -6 -2 -4 -4 -7 -3 -6    1   0   0   6   0   6   8   3  67   3   0   1   0   0   2   1   1   0   0   0  2.25 inf
   82 E   -3 -4 -2  3 -6 -1  2  5 -3 -6 -6 -1 -6 -6  2 -1 -2 -2 -6 -6    1   0   1  14   0   2  12  49   0   0   0   3   0   0  10   3   3   1   0   0  1.00 inf
   83 R   -2  2 -2 -1 -5  3  4 -2 -1 -1 -3  3 -1 -4 -3 -2 -1 -5 -1 -3    1  13   1   2   0  12  34   3   1   5   3  15   1   1   1   1   4   0   2   2  0.58 inf
   84 H   -3 -3  2  2 -3 -2 -3 -3  8 -6 -6 -2 -4 -5  1  3  1 -6 -2 -5    1   0  11  10   0   1   0   1  34   0   0   2   0   0   7  24   9   0   1   0  1.07 inf
   85 A    6 -5 -4 -5 -4 -5 -4  4 -5 -4 -5 -4 -5 -6 -2 -1 -4 -6 -6 -4   67   0   0   0   0   0   0  28   0   0   0   0   0   0   1   3   0   0   0   0  1.47 inf
   86 V    2 -5 -5 -4 -3 -4 -4 -4  0  1  0 -4  2 -2 -1 -2 -2 -1 -2  5   18   0   0   1   0   0   0   0   2   7   6   0   5   1   3   1   2   1   1  49  0.73 inf
   87 N   -2 -2  1  6 -3  2  3 -3 -2 -6 -3 -3 -5 -5 -4 -1 -2 -6 -4 -4    3   2   4  47   0   9  22   1   1   0   3   0   0   0   0   3   3   0   0   1  1.04 inf
   88 L    3 -4 -4 -5 -4 -3 -4  1 -3 -3  1 -3 -2  6 -4 -3 -4  0  2 -2   25   0   1   0   0   1   0  10   0   0  13   1   0  37   0   0   0   1   7   2  0.81 inf
   89 I   -4 -6 -6 -7 -4 -5 -6 -6 -4  6  4 -6  5  0 -5 -5 -4  4 -2 -1    1   0   0   0   0   0   0   0   0  41  35   0  13   3   0   0   0   6   1   0  1.24 inf
   90 I    0  1 -3 -4 -1 -4 -3 -3  1  5  0 -3  0 -1 -4 -3 -2 -3  0  3    9   8   1   0   1   0   1   2   3  38   5   1   2   1   0   1   2   0   3  20  0.53 inf
   91 D    0  3  0  5 -2  1  4 -4 -1 -5 -5  0 -4 -4 -3 -2 -3 -5 -3 -5    7  19   3  30   1   4  25   0   1   0   1   3   0   0   0   2   1   0   1   0  0.79 inf
   92 L    2 -1 -2 -1 -1  0 -1 -3 -2  0  1  0  1 -3 -3  1  3 -4 -2 -1   17   2   1   2   1   5   3   0   1   6  14   7   4   0   0   8  25   0   1   2  0.25 inf
   93 V    2 -4 -4 -4  0 -4 -3 -4 -5  3  3 -3 -1 -1 -4 -1 -1 -4 -3  3   22   0   0   0   2   0   1   0   0  16  25   1   0   1   0   3   4   0   0  26  0.55 inf
   94 M   -2  4  0 -2 -3 -1  0 -3  3 -1  1  2  3 -3 -4 -1 -2 -4 -2 -2    2  28   4   1   0   2   4   1   8   4  14  12  11   0   0   4   1   0   1   2  0.41 inf
   95 S    3  2  0  0 -3  2  2 -2 -2 -3 -3  1 -1 -4 -2  1  0 -4 -3 -2   29  10   4   3   0   9  14   1   0   1   1  10   1   0   1  10   4   0   0   1  0.37 inf
   96 H    0 -1  2 -1 -4  1  2 -3  6 -4 -3 -1 -3 -1 -3  1 -2 -2  4 -3    9   3  10   2   0   5  15   1  19   1   1   3   0   2   0   9   2   0  17   1  0.54 inf
   97 E    1 -1 -1  1 -2  0  1 -2 -1 -2 -2  0 -2  0  3  2  0 -2  0 -2   13   3   2   8   1   4  12   2   1   1   3   6   1   4  13  15   3   0   3   3  0.20 inf
   98 P   -1 -2 -1 -1 -2 -2  0  2 -1 -3 -3  0 -3 -3  6 -1 -2 -3 -3 -3    5   2   3   3   1   1   6  17   1   1   2   6   0   1  41   3   2   0   1   2  0.82 inf
   99 K   -2 -1  1  1 -4  1  3  4  0 -5 -5  2 -4 -5 -4 -2 -2 -5 -4 -4    1   2   5   6   0   6  23  37   2   0   0  11   0   0   0   1   2   0   0   1  0.71 inf
  100 T   -2 -2 -1  3 -5  0  4 -4 -2 -4 -3  2 -4 -5  4 -1  1 -6 -5 -4    1   0   1  14   0   4  31   0   0   0   3  12   0   0  18   4   9   0   0   1  0.68 inf
  101 I   -3 -5 -6 -6 -1 -5 -6 -6 -6  5  3 -5  0 -2 -3 -5 -2 -5 -4  5    1   0   0   0   1   0   0   0   0  31  25   0   2   1   2   0   2   0   0  36  1.04 inf
  102 T   -2 -3 -3 -3 -3 -4 -2 -2 -3  0 -3 -4 -3 -5 -4  1  6  2 -2  2    1   1   0   1   0   0   3   3   1   6   1   0   0   0   0  11  56   3   1  12  1.00 inf
  103 L   -4 -5 -6 -6 -4 -5 -6 -2 -5  4  4 -5  0  0 -6 -5 -2 -5 -1  2    0   0   0   0   0   0   0   3   0  29  48   0   2   4   0   0   2   0   2  11  1.00 inf
  104 V   -1 -6 -5 -6  5 -5 -6 -6 -6  4  1 -5  0 -3 -6 -5 -3 -6 -4  5    4   0   0   0  12   0   0   0   0  19  11   0   2   1   0   0   0   0   0  51  1.17 inf
  105 P    5 -4 -4 -1  1 -3 -3 -1 -4 -3 -3 -4 -1 -4  4 -1  0 -5 -5 -1   46   0   0   4   3   1   1   4   0   1   1   0   2   0  24   2   7   0   0   4  0.85 inf
  106 T   -3 -5 -4 -5 -4 -4 -5 -5 -5  3  3 -4 -1 -4 -5 -2  5 -5 -4  2    1   0   0   0   0   0   0   0   0  17  25   0   1   0   0   1  41   0   0  15  0.94 inf
  107 G    0 -6 -4 -5 -6 -5 -6  7 -6 -7 -7 -5 -6 -7 -6 -3 -5 -6 -7 -6    8   0   0   0   0   0   0  89   0   0   0   0   0   0   0   2   0   0   0   0  2.24 inf
  108 G   -1  0 -6 -5 -3 -5 -5 -3 -6 -6 -7 -5 -6 -7  8 -1 -2 -7 -7 -6    5   5   0   0   1   0   0   2   0   0   0   0   0   0  81   4   2   0   0   0  2.42 inf
  109 L   -3 -5 -6 -6 -1 -1 -5 -6 -4 -2  6 -5  5 -2 -6 -1 -4 -3 -1 -3    2   0   0   0   1   4   0   0   0   0  71   0  13   1   0   5   0   0   2   0  1.29 inf
  110 T   -4 -5 -4 -5 -5 -5 -5 -4 -6 -5 -5 -5 -5 -6 -4 -1  8 -7 -6 -4    0   0   0   0   0   0   0   1   0   0   0   0   0   0   0   3  94   0   0   0  2.43 inf
  111 N   -5 -5  9  0 -7 -4 -4 -5 -4 -7 -7 -4 -6 -7 -6 -1 -1 -8 -6 -7    0   0  88   4   0   0   0   0   0   0   0   0   0   0   0   3   3   0   0   0  2.55 inf
  112 I   -3 -5 -6 -6 -4 -5 -6 -6 -6  5  4 -5 -1  0 -6 -5 -3 -5 -3  2    1   0   0   0   0   0   0   0   0  41  40   0   1   3   0   0   0   0   0  13  1.17 inf
  113 A    7 -5 -5 -4 -2 -4 -4 -1 -5 -5 -5 -5 -5 -6 -5 -2 -4 -6 -6 -4   93   0   0   1   1   0   0   4   0   0   0   0   0   0   0   1   0   0   0   0  1.99 inf
  114 M    0  0 -4 -4 -3 -2 -1 -5 -3  1  4 -1  3 -3 -5 -2  1 -4 -4 -1    9   5   0   0   0   1   3   0   1   7  51   5   6   0   0   2   8   0   0   2  0.57 inf
  115 A    6 -5 -5 -6 -4 -4 -5 -4 -5 -3  2 -4 -2  0 -5 -2 -3 -3 -2 -2   67   0   0   0   0   0   0   0   0   0  23   0   1   4   0   1   1   0   1   2  1.23 inf
  116 A   -2 -5 -6 -6 -3 -5 -6 -5 -3  3  5 -5  3  3 -6 -5 -4 -4 -1  1    3   0   0   0   0   0   0   0   1  14  52   0   7  13   0   0   0   0   2   8  0.96 inf
  117 R    1  4  0 -2 -1  2  1 -3 -1 -1 -1  2 -1 -4 -4  0 -1 -5 -3 -2   11  29   4   1   1  10   7   1   1   4   7  13   2   0   0   5   4   0   0   1  0.39 inf
  118 L    0  2 -2 -1 -2  1  0 -3 -1 -1  1  3  2 -2 -3 -1  1 -3 -3 -1   10   9   1   2   0   8   5   1   2   3  15  24   6   1   0   2   9   0   0   3  0.24 inf
  119 E    1 -3  0  4 -1 -1  3 -3  4 -5 -5 -2 -4  1 -4 -2 -4  1  4 -4   14   1   3  24   1   1  17   1  11   0   0   1   0   5   0   1   0   2  17   0  0.70 inf
  120 P   -3 -3 -3 -5 -7 -5 -3 -5 -4 -7 -5 -1 -6 -8  8 -2 -5 -8 -7 -6    2   1   2   0   0   0   2   0   0   0   1   4   0   0  86   2   0   0   0   0  2.64 inf
  121 R    0  1  0  4 -5  0  5 -2  0 -5 -5  0 -4 -6 -3  0 -1 -6 -5 -4    7   6   3  21   0   4  40   3   2   0   0   3   0   0   1   5   4   0   0   0  0.76 inf
  122 I   -2 -5 -5 -2  0 -5 -4 -6 -5  4  3 -5  0  3 -5 -4 -1 -4 -3  3    3   0   0   3   2   0   0   0   0  31  28   0   1  11   0   1   3   0   0  17  0.71 inf
  123 V    3 -2 -3 -4 -1 -2 -2 -2  0  1 -1  2  1 -1  3 -2 -1  0 -3  1   25   2   0   0   1   0   0   3   3   7   4  14   5   3  14   1   3   1   0  13  0.28 inf
  124 D    0  1  0  2 -3  2  3  0  1 -4 -3  2 -3 -3  1  1  0 -4 -3 -4    8   8   4  10   0   8  18   6   4   0   2  11   0   1   7   9   4   0   0   0  0.30 inf
  125 R   -2  3  3 -2 -4  0 -1 -1  3 -3  1  3  0 -3 -4 -2 -3 -3 -1 -4    2  16  15   1   0   4   2   5   7   0  18  22   2   0   0   2   0   0   2   0  0.43 inf
  126 V   -3 -6 -5 -5  0 -5 -6 -5 -6  6  2 -5  1 -3 -6 -5 -4 -5 -4  4    1   0   0   0   2   0   0   0   0  51  14   0   2   0   0   0   0   0   0  28  1.27 inf
  127 K    1  3 -2  1 -5  1  2  1 -1 -5 -4  4 -4 -5 -3 -1 -3 -5 -4 -4   10  16   1   7   0   5  11  12   1   0   0  33   0   0   1   2   1   0   0   0  0.60 inf
  128 E   -2  4  0 -1 -6  3  4  0  0 -5 -5  1 -4 -5 -3 -1 -3 -5 -3 -5    2  27   4   2   0  13  28   8   2   0   0   7   0   0   1   4   1   0   1   0  0.75 inf
  129 V   -4 -6 -6 -6 -2 -5 -5 -7 -6  6  3 -5  0  0 -6 -5 -2 -5 -2  3    0   0   0   0   1   0   0   0   0  43  25   0   1   4   0   0   1   0   1  23  1.13 inf
  130 V   -3 -6 -6 -6 -3 -5 -5 -6 -2  2 -2 -5 -2 -3 -6 -1  1  2  2  6    1   0   0   0   0   0   0   0   1   8   0   0   1   1   0   6   7   2   6  67  1.26 inf
  131 L   -2 -5 -5 -5 -2 -4 -5 -5 -3  4  3 -5  3  2 -5 -1 -2  1 -2  2    2   0   0   0   1   0   0   0   1  30  26   0   8   9   0   7   2   2   0  13  0.67 inf
  132 M   -6 -6 -7 -8 -6 -5 -7 -6 -6 -3 -1 -6 11 -5 -7 -6 -5 -6 -6 -4    0   0   0   0   0   0   0   0   0   1   4   0  95   0   0   0   0   0   0   0  3.55 inf
  133 G   -3 -6 -4 -5 -7 -6 -6  8 -6 -8 -8 -6 -7 -7 -6 -1 -5 -7 -7 -7    1   0   0   0   0   0   0  95   0   0   0   0   0   0   0   4   0   0   0   0  2.49 inf
  134 G   -4 -7 -5 -5  0 -6 -4  8 -6 -8 -8 -6 -7 -7 -6 -4 -6 -7 -7 -7    0   0   0   0   2   0   1  97   0   0   0   0   0   0   0   0   0   0   0   0  2.59 inf
  135 G    5 -4  1 -4 -2 -4 -3  1 -3 -4 -5 -4 -2 -4 -4  3  0 -6 -5 -1   53   0   7   0   1   0   0   9   0   0   0   0   1   0   0  20   5   0   0   4  0.89 inf
  136 Y    0 -4 -4 -5  0 -4 -5 -5 -2  2  2 -3  2  5 -5 -2 -1  0  3  0    8   0   1   0   2   0   0   0   1  10  18   1   5  29   0   3   3   1  12   6  0.62 inf
  137 H    0  0  0 -1 -1 -1  0  2  3 -3 -3  0 -1  1 -3  0  2 -4  0 -3    5   6   5   3   1   2   6  20  10   1   0   6   1   7   0   4  18   0   4   1  0.26 inf
  138 E    0  3 -1 -2 -4 -1  1  0  3 -1 -2 -1 -2 -1  3 -1  0 -4 -1  0    9  19   1   1   0   2   8   7   7   3   3   2   0   3  17   3   5   0   1   8  0.29 inf
  139 G   -4 -5 -4 -4 -7 -6 -6  8 -6 -5 -8 -5 -7 -7 -6 -4 -4 -7 -7 -6    0   0   0   1   0   0   0  96   0   1   0   0   0   0   0   1   1   0   0   0  2.49 inf
  140 N   -6 -4  9 -3 -7 -4 -5 -4 -1 -7 -6 -4 -6 -7 -6 -3 -4 -8 -6 -7    0   1  95   0   0   0   0   1   1   0   1   0   0   0   0   1   0   0   0   0  2.83 inf
  141 A   -1 -1 -3 -4  3 -3 -4 -5 -1  3 -2 -3  1 -1 -3 -2  2  5 -1  4    4   5   1   0   7   0   0   0   2  17   1   1   4   2   1   1  12   8   2  33  0.56 inf
  142 T   -3 -3  1 -2 -5 -3 -4 -1 -5 -5 -4 -4 -3 -5 -5  3  7 -6 -5 -3    0   1   7   1   0   1   0   6   0   0   1   0   0   0   0  20  62   0   0   1  1.34 inf
  143 S    0 -5 -4 -5 -6 -4 -4 -5 -4 -3 -4 -4 -3 -7  8 -1 -2 -7 -6 -2    8   0   1   0   0   1   1   0   0   1   1   0   1   0  75   4   2   0   0   4  2.13 inf
  144 V    2 -3 -1 -4  2 -2 -4 -2 -1 -1  0 -3 -1  1 -4  0  1  4  1  3   22   1   2   0   5   1   0   1   2   1   7   0   1   5   0   6   7   6   5  26  0.36 inf
  145 A    6 -5 -4 -4 -2 -4 -4 -2 -5 -5 -5 -4 -1 -6 -5  1  0 -6 -5 -3   79   0   0   1   1   0   0   2   0   0   0   0   1   0   0  11   5   0   0   1  1.54 inf
  146 E   -5 -4 -5 -1 -8 -2  8 -7 -4 -8 -7 -4 -6 -8 -6 -4 -4 -7 -7 -7    0   0   0   2   0   0  98   0   0   0   0   0   0   0   0   0   1   0   0   0  2.63 inf
  147 F    3 -6 -6 -7 -4 -6 -6 -5 -3 -4 -4 -6 -4  8 -6 -4 -4  5  3 -4   27   0   0   0   0   0   0   0   0   0   0   0   0  55   0   0   1   7  10   0  1.76 inf
  148 N   -6 -5  9 -2 -7 -4 -5 -5 -4 -8 -8 -4 -7 -8 -7 -4 -5 -8 -7 -8    0   0  99   1   0   0   0   0   0   0   0   0   0   0   0   0   0   0   0   0  3.11 inf
  149 I   -2 -6 -6 -6 -2 -5 -6 -6 -5  6 -1 -5  2  3 -6 -5 -1 -4  1  3    4   0   0   0   1   0   0   0   0  54   1   0   4  12   0   0   3   0   5  16  1.17 inf
  150 I    0 -2 -1 -5 -3 -3 -4 -2  4 -2 -1 -2 -1  3 -5 -1 -3  7  6 -4   10   2   4   0   0   1   0   3   9   2   5   2   1  13   0   6   1  17  25   0  0.87 inf
  151 I    1 -3 -1 -2  4  1 -2  1  1  0 -2 -3 -1 -1 -4 -1  0 -4 -2  3   15   0   4   1   9   9   1  10   4   4   1   0   1   2   0   4   5   0   1  30  0.31 inf
  152 D   -6 -6 -3  9 -8 -5 -3 -6 -6 -8 -8 -5 -8 -8 -6 -5 -6 -9 -8 -8    0   0   0 100   0   0   0   0   0   0   0   0   0   0   0   0   0   0   0   0  3.04 inf
  153 P   -1 -7 -7 -6 -7 -6 -6 -7 -7 -7 -7 -6 -7 -8  9 -4 -5 -8 -7 -5    5   0   0   0   0   0   0   0   0   0   0   0   0   0  93   1   0   0   0   0  3.11 inf
  154 E   -3 -3 -3  2 -7  0  6 -5  6 -3 -4 -3 -3 -6 -5 -3 -4 -6 -3 -3    2   0   0   9   0   3  61   0  16   2   1   0   1   0   0   0   0   0   1   2  1.45 inf
  155 A    7 -5 -5 -4 -4 -5 -5 -2 -6 -5 -6 -5 -5 -6 -5  0 -4 -7 -6 -4   92   0   0   1   0   0   0   1   0   0   0   0   0   0   0   6   0   0   0   0  2.01 inf
  156 A    7 -5 -5 -6 -3 -5 -5 -3 -6 -5 -4 -5 -5 -6 -5 -1 -1 -7 -6 -4   90   0   0   0   0   0   0   1   0   0   1   0   0   0   0   4   4   0   0   0  1.89 inf
  157 H    1  1  1  4 -3  2  1 -3  3 -5 -5  3 -4 -4 -4 -1 -3 -3  0 -5   11   8   5  25   0  11   7   1   9   0   0  17   0   0   0   3   0   0   3   0  0.57 inf
  158 I   -1  0 -3 -3 -2 -1  1 -5 -3  5  0 -2  1  0 -5 -2 -2 -3  1  1    3   6   1   1   1   2   9   0   0  43   6   2   4   3   0   2   2   0   6  10  0.53 inf
  159 V   -3 -6 -7 -7 -3 -6 -6 -7 -7  1 -1 -6  0 -3 -6 -5 -2 -7 -5  7    1   0   0   0   0   0   0   0   0   4   5   0   2   0   0   0   1   0   0  87  1.95 inf
  160 F   -5 -6 -7 -7 -4 -6 -7 -7 -5  0  2 -6  2  8 -6 -6 -5 -3  3 -2    0   0   0   0   0   0   0   0   0   3  21   0   4  63   0   0   0   0   7   2  1.79 inf
  161 N    0  2  3  1 -4  2  1  0  2 -4 -4  1 -3 -4 -3  1  1 -5 -3 -3    7  12  13   9   0   9  10   6   5   0   0  10   0   0   0   8  11   0   0   0  0.34 inf
  162 E    3 -2  0 -2  0  0  1 -2  1 -5 -5 -2 -3 -4 -4  5 -1 -6 -3 -4   22   2   4   1   2   3   7   1   4   0   0   1   0   1   0  49   2   0   1   0  0.81 inf
  163 S    1 -2 -1 -1 -2 -1 -3  6 -2 -6 -5 -2 -5 -1  1  0 -3 -3 -3 -5    9   2   3   3   1   3   1  58   1   0   0   1   0   3   7   5   1   0   1   0  0.95 inf
  164 W    0 -1 -3 -4  0 -2 -2 -2 -3  2  1  0  0  0 -3 -2 -1  5 -2  3    9   3   1   0   2   2   1   2   0  14  16   6   2   4   1   1   3   9   0  21  0.29 inf
  165 Q   -3 -2  1  2  0 -1  0 -5  0 -5 -6  2 -3 -6  7 -2 -3 -7 -5 -5    1   2   7  12   2   2   5   0   2   0   0  13   1   0  50   1   1   0   0   0  1.29 inf
  166 V   -3 -5 -5 -6 -3 -5 -5 -6 -5  5  3 -3  1 -1 -1 -4  0 -5 -4  3    1   0   0   0   0   0   0   0   0  37  24   1   2   2   3   1   5   0   0  22  0.83 inf
  167 T   -2 -2 -3 -3 -4 -3 -1 -5  0  0 -2 -2 -2 -3 -5 -2  6 -5 -1  3    2   2   0   1   0   0   3   0   2   5   3   2   0   1   0   1  49   0   2  26  0.90 inf
  168 M   -2 -5 -6 -5 -5 -3 -5 -6 -4  2  2 -5  9 -2 -6 -5 -3 -5 -1  2    3   0   0   1   0   1   0   0   0   9  14   0  52   1   0   0   0   0   2  15  1.53 inf
  169 V    0 -5 -5 -6  5 -5 -5 -4 -4  3  0 -5  3  0 -5 -3 -3 -5 -1  5    8   0   0   0  11   0   0   1   0  19   7   0   8   3   0   1   0   0   2  40  0.86 inf
  170 G   -1 -6 -4 -3 -6 -5 -5  6 -6 -7 -7 -5 -6 -7  5 -2 -2 -6 -7 -6    4   0   0   1   0   0   0  61   0   0   0   0   0   0  29   3   3   0   0   0  1.68 inf
  171 L   -5 -5 -7 -7 -5 -6 -7 -7 -6  0  6 -6  0 -3 -7 -6 -4  4 -2 -3    0   1   0   0   0   0   0   0   0   3  87   0   1   0   0   0   0   6   1   0  1.82 inf
  172 D   -5 -5  3  8 -7 -3  2 -5 -2 -7 -7 -4 -7 -7 -5 -4 -5 -8 -7 -7    0   0  11  76   0   1  11   0   1   0   0   0   0   0   0   0   0   0   0   0  2.12 inf
  173 L   -1 -5 -6 -6 -1 -5 -6 -6 -3  2  2 -5  0 -2 -4 -5 -2 -6 -3  6    5   0   0   0   1   0   0   0   1   7  17   0   2   1   1   0   1   0   0  64  1.18 inf
  174 T   -2 -5 -4 -5  0 -5 -5 -1 -6 -4 -5 -5 -5 -2 -5 -1  8 -6 -5 -4    3   0   0   0   2   0   0   5   0   1   0   0   0   2   0   2  85   0   0   0  1.98 inf
  175 H   -3  3  1 -2  0  0  1 -4  6 -3  1 -2  2 -1 -4 -1 -1 -1  1 -2    1  16   7   1   2   3   9   1  26   0  13   0   5   2   0   4   4   1   4   2  0.55 inf
  176 Q   -2  3 -1 -2 -6  6  1 -4  1 -5 -4  4 -3 -4 -3 -2 -1 -5 -3 -5    2  13   2   1   0  35   8   1   4   0   1  25   0   1   1   1   4   0   1   0  0.93 inf
  177 A    4 -4 -2 -4  2 -4 -4 -3 -1  2 -2 -4 -1 -4 -4 -1  2 -5 -2  3   38   0   1   1   5   0   0   1   2  10   2   0   1   0   0   4  14   0   1  20  0.62 inf
  178 L   -1  0 -2 -3 -2  1 -2 -3 -1  1  3 -1  0  0 -1 -2 -1 -2 -1  2    6   5   1   0   1   6   2   2   2   7  36   3   2   2   3   2   3   0   2  15  0.24 inf
  179 A    0 -5 -5 -6  1 -4 -5 -5 -5  3  4 -5  3  2 -4 -3 -1 -3 -1  2    9   0   0   0   3   0   0   0   0  14  40   0   9   8   0   1   3   0   1  11  0.66 inf
  180 T   -3 -2 -2  1 -4 -2 -3 -2 -1 -4 -1 -2  1 -3  0  1  6 -5 -2 -3    0   2   2   7   0   1   1   3   1   0   5   1   3   1   4  11  55   0   2   1  0.88 inf
  181 P    0  1 -1  1 -3  1  1 -2  0 -4 -3  1 -2 -3  5 -1 -1  2 -1 -3    9   8   2   9   0   6   8   2   2   0   3   8   1   1  30   2   2   3   2   1  0.53 inf
  182 P    1  0  2  3 -5  1  4 -2  1 -5 -5  1 -4 -5 -1  0 -1 -5 -4 -4   14   4   8  16   0   5  30   1   3   0   0   7   0   0   3   5   3   0   0   0  0.55 inf
  183 I   -3  2 -2  3 -4  1  2 -4  3  0 -1 -2 -1  0 -4 -2 -1  3  1  0    1  11   1  18   0   6  17   1   8   7   6   0   2   4   0   1   4   4   5   8  0.30 inf
  184 L   -1 -1 -2 -4 -1 -1 -3 -4 -3  3  3 -3  2  1 -4 -2  1  2 -1  2    3   4   2   0   1   4   1   0   0  19  26   1   5   5   0   2   8   3   2  15  0.36 inf
  185 Q    2  0  0  3 -3  2  4 -2 -1 -5 -3  0 -2 -4 -3  0 -1 -5 -4 -3   17   4   4  19   0  10  25   1   1   0   2   5   1   0   0   5   4   0   0   1  0.52 inf
  186 R    1  4 -2 -1 -4  2  2 -2 -1 -3 -2  2 -1 -2 -2 -1 -1 -2  1 -2   13  22   0   2   0  10  12   2   1   1   2  14   2   1   1   3   4   0   7   2  0.35 inf
  187 V   -4 -4 -6 -7 -1 -5 -6 -6 -6  5  4 -6  3  2 -6 -5 -4  6 -2  0    0   1   0   0   1   0   0   0   0  32  35   0   7   8   0   0   0  11   1   6  1.12 inf
  188 K    2  5 -2 -2  0  1  1 -1 -1 -3 -1  2 -2 -5 -1 -1 -2 -5 -4 -2   17  32   1   1   2   4   8   4   1   1   5  13   1   0   2   3   2   0   0   2  0.47 inf
  189 E    3  1  1  2 -3  2  2 -1  0 -3 -4  1 -3 -5 -3  0  0 -5 -3 -3   30   8   7  10   0   8  12   3   2   1   1   6   0   0   0   5   5   0   0   1  0.38 inf
  190 V    0 -1 -1 -2  1  0 -2 -3  0  2  2 -2  2 -1 -4  0 -1 -4 -1  0    9   3   2   2   3   4   2   2   3  14  27   1   6   2   0  10   3   0   1   6  0.18 inf
  191 D    0 -3  3  2 -3 -2 -1  5 -1 -6 -5  0 -5 -6 -1  0 -2 -6 -4 -5    9   1  15  11   1   1   3  39   1   0   0   6   0   0   3   6   2   0   0   0  0.71 inf
  192 T   -2 -2  3  0 -4 -1 -2  2 -1 -4 -4  0 -3 -4  0  1  4 -4 -4 -3    2   1  16   4   0   2   2  15   1   1   1   5   0   0   5   9  32   0   0   1  0.55 inf
  193 N   -1  2 -1  0 -5 -1  2 -3 -1 -3 -4  3 -3 -4  5 -1  0 -5 -4 -3    6  12   3   5   0   2  13   1   1   1   2  18   0   0  25   3   6   0   0   1  0.59 inf
  194 P    2  0 -2 -3 -1 -1 -2 -2 -1  0  1 -1  0  0  1 -1  0 -2 -1  2   18   5   1   1   1   1   2   2   2   5  13   4   2   4   8   4   6   0   2  18  0.13 inf
  195 A    3 -3 -3 -4 -2 -4 -4  5 -5 -2 -4 -3 -3 -2 -4  2  0 -3 -5 -2   27   2   1   0   1   0   0  42   0   2   1   1   1   2   0  12   5   0   0   2  0.87 inf
  196 R    0  3  0  1 -2  3  1 -1  0 -2 -3  3 -3 -5 -1 -1 -1 -5 -4 -3    7  17   4   9   1  13  10   5   2   2   2  17   0   0   2   3   4   0   0   1  0.37 inf
  197 F    0 -4 -4 -5  0 -4 -4 -5 -1  0  1 -2  5  6 -3 -3 -1  0  1  0   10   1   1   0   2   0   1   0   1   5  12   3  15  32   1   1   4   1   4   6  0.71 inf
  198 M    0 -5 -4 -5  0 -4 -5 -4 -2  3  3 -5  2  2 -5 -3 -2 -4  1  3    7   0   0   0   2   0   0   1   1  18  28   0   6   9   0   1   1   0   4  21  0.61 inf
  199 L    3  0 -2 -2  0  0  0  0  2 -2 -2  0 -1 -2 -3  0 -1  2  2  0   28   5   1   1   2   3   5   8   6   1   4   5   2   1   0   7   3   2   9   7  0.20 inf
  200 E    1 -1  0  5 -5  1  3  0 -2 -5 -5  1 -5 -6 -1  0 -2 -6 -4 -5   12   3   3  29   0   5  21   7   1   0   0   8   0   0   2   6   2   0   0   0  0.63 inf
  201 I    0 -5 -6 -6  0 -5 -6 -6 -6  5  3 -5  6 -1 -6 -3 -3  3 -4  0    9   0   0   0   2   0   0   0   0  28  30   0  18   1   0   2   0   4   0   6  0.97 inf
  202 M   -2 -4 -1 -5  2 -3 -4 -5 -4  1  3 -4  4  2 -4  1  3 -3  1  0    3   0   3   0   4   0   0   0   0   6  30   0   9   8   0   9  17   0   4   5  0.48 inf
  203 D    0  3  0  4 -4  2  1 -1  0 -3 -3  1 -3 -4 -2  0  0 -5 -1 -2    7  19   3  21   0   8   8   4   2   1   2   6   0   0   2   7   6   0   2   2  0.38 inf
  204 Y   -1 -1 -3 -3 -2 -2 -2 -4  4 -3 -3 -3 -1  7 -4 -3 -2 -3  4 -3    5   3   1   2   1   2   2   1  11   1   1   1   1  46   1   2   2   0  14   2  1.17 inf
  205 Y   -2 -2 -4 -5 -3 -5 -4 -4 -2 -3 -2 -3 -1  5 -6 -2 -3  0  8 -2    3   3   1   1   0   0   1   1   1   1   4   1   1  22   0   3   2   1  50   2  1.50 inf
  206 T    0  0 -1  0 -1 -1  0 -1 -1  2  1 -1  2  3 -3 -1 -1  1  0  0    7   6   2   4   1   2   8   4   1  13  13   2   6  16   1   3   3   2   2   4  0.11 inf
  207 K    0  2  1  3 -4  1  2 -1 -1 -2 -3  2 -3 -4 -2  0 -2 -5 -4 -3    8  14   5  20   0   6  13   4   1   2   2  14   0   0   1   6   2   0   0   1  0.40 inf
  208 I    2 -1  0 -3 -3 -2 -3 -2  1 -1 -1 -2 -1  5 -4 -1  0  2  3 -1   16   3   5   1   0   1   1   3   4   4   3   2   2  26   0   5   7   2  11   3  0.39 inf
  209 Y   -4 -3  0  1 -5 -1 -1 -5  7 -5 -4 -4 -4 -1 -4 -1 -3 -1  7 -5    1   1   4   9   0   3   3   1  22   0   1   0   0   1   1   5   2   1  44   0  1.47 inf
  210 Q   -1  3 -2 -1 -3  1  1 -2  0 -2 -2  2  1 -2 -3  0 -1  4 -1 -1    3  21   1   4   1   5  11   3   3   2   3  15   4   2   1   7   2   6   2   5  0.28 inf
  211 S    0  0  0  2 -3  2  3  0 -2 -4 -3  2 -2 -5 -3  0  1 -5 -3 -3    8   5   5  10   0   8  22   8   1   1   2  12   1   0   0   6  11   0   0   1  0.35 inf
  212 N    0  1  2  0 -3  1  0  1  1 -2 -2  1 -2 -2  0  0  0  0  0  0    6  10  10   6   0   7   5   9   4   2   3   8   0   1   4   8   4   1   4   7  0.11 inf
  213 R   -1  0 -1  1 -4  0  1  0 -1 -1 -1  0 -2  2  2  0 -2  0  3 -1    3   6   3   8   0   5   9   7   1   4   4   5   1   8  10   9   1   1  13   3  0.16 inf
  214 Y   -3  0  0  1 -5 -1 -1  5  3 -4 -2 -1 -1  1 -3 -1 -3 -1  0 -3    1   5   3   8   0   2   3  42   7   1   4   4   2   6   1   3   1   1   4   2  0.55 inf
  215 M   -1 -1 -1 -1 -2 -1 -1  0 -1  2  1 -1  1  2 -2  0  0  2  0  0    4   4   2   3   1   2   4   9   1  13  15   5   3  14   1   6   5   3   1   6  0.07 inf
  216 A    0  0  0  2 -2 -1  2  0  0 -1 -2  0 -1 -2  1  0  1  0  0 -1    7   6   3  16   1   1  14   7   2   4   2   6   1   1   7   4  10   1   4   3  0.15 inf
  217 A    0 -2 -3 -2 -1 -4 -5  6 -2 -4 -3 -4 -4 -4 -5 -2 -3 -4  1 -3    7   2   0   2   1   1   0  69   1   1   3   0   0   1   0   2   1   0   4   2  1.35 inf
  218 A    3 -4 -4 -4  7 -4 -4  1 -3  1  0 -3  0  0  2 -1 -2  0 -4 -1   23   1   0   0  21   0   0   9   0   9   8   1   2   4  10   4   2   1   0   4  0.59 inf
  219 A    1 -2 -2 -4  0 -3 -3 -1  2 -3 -3  0 -2  0  5 -1 -1 -5  1  1   12   2   2   0   3   0   1   4   6   1   2   6   1   4  34   4   3   0   5  10  0.63 inf
  220 V   -4 -5 -6 -6 -4 -4 -6 -6  0  3  4 -5  5 -1 -3 -3 -4 -1 -4  2    1   0   0   0   0   0   0   0   3  17  41   0  17   2   1   2   0   1   0  14  0.98 inf
  221 H   -4 -5  1 -4  0 -5 -5 -3 11 -6 -8 -6 -7 -5 -1 -6 -6 -7  3 -8    1   0   5   1   2   0   0   2  76   1   0   0   0   0   3   0   0   0   8   0  2.95 inf
  222 D   -5 -7 -4  9 -9 -5 -4 -7 -6 -8 -9 -6 -8 -9 -7 -4 -6-10 -8 -8    1   0   0  98   0   0   0   0   0   0   0   0   0   0   0   1   0   0   0   0  3.13 inf
  223 P    2 -6 -6 -6 -3 -5 -5 -5 -6 -4 -2 -5 -3 -7  7  0 -4 -7 -7  1   18   0   0   0   1   0   0   0   0   1   4   0   0   0  58   8   1   0   0   9  1.68 inf
  224 C   -1 -5 -2 -6  7 -4 -5 -3 -5 -1  3 -5 -1  1 -5 -1  1 -5 -1  1    4   0   2   0  24   0   0   2   0   2  33   0   1   5   0   4   9   0   2   9  0.82 inf
  225 A    6 -6 -5 -6  0 -5 -5 -4 -6 -4 -5 -5 -2 -6 -2 -2  3 -7 -6  1   63   0   0   0   2   0   0   0   0   0   0   0   1   0   2   2  20   0   0  10  1.35 inf
  226 V    0 -6 -6 -7 -1 -5 -6 -6 -6  4  0 -6  3 -1 -6 -5 -1 -6 -5  5    9   0   0   0   1   0   0   0   0  26   6   0   7   2   0   0   3   0   0  45  1.12 inf
  227 A    6 -5 -5 -5  1 -5 -4  1 -5 -1 -2 -5  1 -1 -5 -1 -3 -6 -2 -1   62   0   0   0   3   0   1   9   0   4   4   0   4   3   0   4   1   0   1   4  1.04 inf
  228 Y    2 -3 -4 -5 -1 -4 -4 -3 -1  0 -2 -5 -1 -1 -6 -4 -4  6  7  3   15   1   1   0   1   0   1   2   1   5   3   0   1   2   0   1   0  12  34  18  1.08 inf
  229 V    3 -5 -6 -6  1 -5 -5 -4 -6  0  4 -5  0  0 -4 -3 -3 -5 -3  2   30   0   0   0   2   0   0   1   0   4  39   0   2   4   0   1   0   0   0  17  0.81 inf
  230 I   -1 -5 -4 -5 -2 -5 -5 -6 -4  5  4 -4  0 -1 -6 -4 -1 -5 -2  3    5   0   1   1   1   0   0   0   0  29  36   1   2   2   0   0   5   0   1  17  0.86 inf
  231 D    0  1  3  5 -2  0 -1 -4  5 -5 -5  1 -3 -5 -5 -2 -3 -2 -2 -4    7   8  11  38   1   3   2   0  12   0   1   9   1   0   0   2   1   1   1   1  0.87 inf
  232 P   -3 -2 -4 -3 -8 -5 -2 -3 -4 -8 -8 -3 -7 -9  8 -4 -5 -9 -8 -7    2   2   1   2   0   0   3   2   0   0   0   1   0   0  85   1   0   0   0   0  2.72 inf
  233 S   -1 -3 -2  3 -6  1  5 -2  0 -6 -6 -2 -5 -5 -4  3  2 -6 -5 -4    4   1   1  15   0   4  35   3   2   0   0   1   0   0   0  21  11   0   0   1  0.83 inf
  234 V   -2 -5 -5 -6 -1 -4 -5 -3 -4  3  5 -4  3  2 -6 -5 -3 -1 -1  1    4   0   0   0   1   1   1   2   0  14  49   1   7   8   0   0   1   1   2   8  0.80 inf
  235 M   -2 -6 -6 -7  2 -4 -6 -5 -5  1  1 -6  1  7 -7 -4 -4 -3  1  3    4   0   0   0   4   1   0   1   0   6  10   0   3  46   0   1   1   0   5  21  1.23 inf
  236 T   -2  1  0  0 -5  1  2 -2 -1 -4 -4  1 -4 -6 -3  1  5 -6 -5 -3    2   7   3   4   0   6  15   3   1   1   1   9   0   0   1   8  38   0   0   2  0.65 inf
  237 T   -1 -3 -3 -3  0 -2 -2  2 -3 -1  0 -3  0  0 -4  1  4 -2  1  0    3   1   0   1   2   1   2  14   0   2  10   1   3   4   0   9  32   1   6   7  0.38 inf
  238 E   -1  4 -3 -3 -2  1  2 -4 -2  0 -1  2 -1  0 -4 -1 -1 -5 -3  1    4  22   0   1   1   7  15   0   1   6   5  14   2   5   0   3   3   0   0  11  0.35 inf
  239 R   -1  2 -1  2 -5  0  2 -3  2 -4 -3  2 -3 -2  3  1 -1 -5  0 -3    3  12   2  11   0   3  15   1   4   0   2  13   0   2  13  10   3   0   3   1  0.38 inf
  240 V    2  0 -3 -4  4 -3 -3  1 -1  0  0 -2  3  0 -4 -1  0 -4  1  1   16   6   0   0  10   1   0  11   2   5  10   1   9   3   0   4   5   0   5  10  0.24 inf
  241 P    0  0  3 -2 -5 -3 -3 -3  3 -4 -4 -2 -4  2  3 -1  0  4  3 -2    8   6  17   2   0   1   0   2   8   0   1   2   0  10  15   3   5   5  12   3  0.51 inf
  242 V   -2 -6 -7 -7 -2 -6 -6 -4 -7  2  1 -6  3 -5 -6 -5 -1 -7 -5  6    3   0   0   0   1   0   0   2   0  10  10   0   6   0   0   0   3   0   0  66  1.44 inf
  243 D    0  3  0  4 -4  0  2  0  0 -4 -4  0 -2 -3 -4 -1  0 -3 -1 -2    7  16   3  24   0   4  15   7   2   0   0   4   1   1   0   3   7   0   2   3  0.43 inf
  244 I   -4 -7 -7 -8 -2 -7 -7 -8 -8  5 -3 -7 -3 -5 -7 -6 -4 -7 -6  7    0   0   0   0   1   0   0   0   0  27   0   0   0   0   0   0   1   0   0  71  2.04 inf
  245 E   -1 -4 -3  3 -4 -1  6 -4 -4 -2 -5 -3 -4 -6 -4 -2 -2 -6 -5  1    5   0   1  16   0   2  56   1   0   2   1   0   0   0   1   3   2   0   0  10  1.18 inf
  246 L   -3 -4 -3 -5  4 -4 -4 -5 -2  0  3 -4 -2 -4 -4 -2  6 -6 -2  0    1   0   1   0   7   0   1   0   1   5  27   0   1   0   1   1  46   0   1   7  1.01 inf
  247 T    0  0  0  2  2  2  2 -1  1 -4 -4  1 -3 -4 -3  0  1 -4 -2 -2    7   6   4  12   5  10  17   5   3   0   1   7   0   0   0   7  11   0   2   2  0.29 inf
  248 G   -3 -5 -3  0 -6 -5 -2  6 -4 -7 -6 -5 -6 -4 -3  2 -4 -6 -4 -5    1   0   1   6   0   0   3  67   0   0   1   0   0   1   2  17   0   0   0   1  1.51 inf
  249 K   -1  0 -1  1 -2  0  3  1 -2 -2 -3  0 -3 -4  3  0  1 -4 -3 -3    5   4   2   6   1   4  22  13   1   2   2   7   0   0  13   4  11   0   0   1  0.32 inf
  250 L   -2 -2 -3 -2 -2 -2 -2 -3  3  2  3 -2  0  1  1 -3 -2  1  3  0    4   2   1   2   1   1   3   1   7  14  31   2   2   5   6   2   1   2  12   4  0.34 inf
  251 T    2 -3 -2 -2  4 -4 -3 -1 -5 -5 -3 -4 -4 -5 -5  1  6 -6 -5 -4   15   1   1   2   9   0   1   5   0   0   2   0   0   0   0  10  52   0   0   0  1.13 inf
  252 L    0  5 -3 -1 -4 -1 -2 -4 -2  0  0  0  2  0 -4 -1 -1 -2  2 -1    9  34   1   4   0   3   2   0   1   6  11   4   5   3   0   3   3   0   9   3  0.43 inf
  253 G   -3 -7 -5 -6 -7 -7 -7  8 -7 -9 -8 -6 -8 -8 -7 -5 -6 -7 -8 -8    1   0   0   0   0   0   0  98   0   0   0   0   0   0   0   0   0   0   0   0  2.82 inf
  254 M    2  3 -4 -5 -2  4  0 -5  2 -4 -3 -2  6 -3 -4 -3 -1 -5 -1 -4   17  17   0   0   1  23   5   0   4   0   2   2  23   1   0   0   4   0   2   0  0.88 inf
  255 T   -4 -6 -5 -6 -3 -5 -5 -6 -6 -3 -4 -5  2 -7 -6  2  8 -7 -6 -3    0   0   0   0   1   0   0   0   0   1   1   0   5   0   0  11  78   0   0   2  2.02 inf
  256 V   -2 -5 -5 -5 -3 -5 -6 -7 -6  4  1 -5 -1 -1 -6 -4 -3 -2 -2  6    2   0   1   1   0   0   0   0   0  23  13   0   1   2   0   1   1   1   1  52  1.21 inf
  257 A    3 -4 -5 -5  4 -1 -4  1 -5  1 -1 -4  1 -2 -4 -3 -1 -4 -4  4   25   0   0   0   9   3   0  10   0   7   5   0   4   2   0   0   4   0   0  30  0.57 inf
  258 D   -4 -4 -2  8 -7 -5 -2 -4 -5 -7 -7 -1 -7 -7 -6 -2 -3 -8 -7 -5    1   1   1  85   0   0   2   1   0   0   0   3   0   0   0   2   1   0   0   1  2.36 inf
  259 F   -2  2 -2 -3 -3 -1  1 -4 -1  0  1 -2  0  4  0 -3 -2  7  2 -1    2  11   1   1   0   2   9   1   1   6  13   2   2  17   4   1   2  14   6   3  0.47 inf
  260 R   -1  4  0  0 -4  0  0 -3  1 -2 -1  0  0  0 -3 -1 -1  4  3 -2    5  24   5   6   0   4   5   1   4   2   5   6   3   3   0   4   4   7  12   2  0.34 inf
  261 N   -1  2  2  2 -3  0 -1  4  2 -5 -4  0 -2 -3  0  0 -2 -1 -2 -4    4  11  11  10   0   4   3  31   5   0   1   4   1   1   4   5   2   1   2   1  0.44 inf
  262 P   -1  1 -2 -2 -2  0 -1 -2  0 -1  0  1  0  1  2 -1 -1  0  0  1    5  10   1   1   0   4   3   2   3   3  12  10   2   7  12   3   4   1   4  12  0.12 inf
  263 R   -1 -1  0 -2 -3 -1 -2 -2  0 -2  2 -2  0  0  0  0  2  7  1 -3    4   4   5   2   1   2   2   3   2   1  18   1   2   3   4   7  16  17   5   1  0.44 inf
  264 P   -1 -1  1  3 -3 -1  0  3  3 -4 -4  2 -3 -3  1  0 -1 -5 -3 -3    4   2   6  16   0   2   4  25   7   0   2  12   0   1   7   7   3   0   0   1  0.41 inf
  265 E   -1  3  0  1 -5  1  2  0 -1 -4 -3  3 -3 -5  1 -1 -2 -1 -4 -4    5  18   5   7   0   6  15   6   1   1   3  20   0   0   6   3   2   1   0   1  0.42 inf
  266 H    0  1  0  0 -3  1  2 -2  2 -4 -3  2 -3 -4  4  0 -1 -3 -1 -2    7   7   4   4   0   5  17   3   4   1   2  12   0   1  20   5   4   0   2   2  0.38 inf
  267 C    1  0 -1 -1  2 -2 -1 -3  1 -3 -4  1 -3 -3  6 -1  0 -4 -4 -2   14   4   3   3   5   1   4   2   3   1   1   9   0   1  36   3   7   0   0   2  0.72 inf
  268 H   -3 -1  7 -1 -6 -3 -3 -1  2 -5 -4 -2 -5 -6  0 -1  0 -1 -4 -3    2   3  59   2   0   1   2   5   4   1   2   2   0   0   5   4   6   1   0   2  1.30 inf
  269 T    4 -5 -4 -5  3  0 -4 -3 -2  0 -3 -4  1 -5 -5 -1  2 -3 -5  4   37   0   1   0   6   4   0   1   1   4   1   0   3   0   0   3  12   0   0  26  0.75 inf
  270 Q   -1  2  0  1 -3  3  1 -3  2 -3 -1  2 -1 -2 -4 -1  1 -2 -1 -2    3  13   4   7   0  12  10   0   4   1   8  16   1   2   0   4   9   1   2   2  0.28 inf
  271 V   -1 -7 -7 -7 -5 -6 -7 -7 -7  4 -1 -6 -2  1 -7 -6 -4  2 -2  6    5   0   0   0   0   0   0   0   0  22   4   0   1   6   0   0   0   3   1  59  1.47 inf
  272 A    4 -5 -5 -6  5 -5 -5  1 -4  1  1 -5  3 -4 -1 -3 -3 -6 -4  1   38   0   0   0  13   0   0   9   0   7  12   0   6   0   3   0   1   0   0  10  0.72 inf
  273 V   -2  0 -2 -3 -1 -2 -2 -3 -2  1  2 -1  2  0 -4 -3  2  2 -1  3    1   7   2   1   1   1   2   2   1   7  17   3   6   3   0   0  17   3   2  24  0.33 inf
  274 K    0 -1  0  4 -5  0  3  2 -1 -5 -5  2 -3 -6 -4  0  1 -3 -5 -5    6   2   4  25   0   3  16  13   1   0   1  12   1   0   0   8   8   0   0   0  0.54 inf
  275 L    0 -6 -5 -7  0 -6 -6 -4 -6  4  1 -6 -1 -3 -4 -4 -2 -6 -2  6    6   0   0   0   2   0   0   1   0  18  13   0   1   1   1   0   3   0   1  53  1.12 inf
  276 D   -6 -3  3  8 -8 -3 -1 -6 -1 -6 -8 -3 -8 -8 -6 -5 -5 -9 -8 -5    0   1  10  80   0   1   3   0   1   1   0   1   0   0   0   0   0   0   0   1  2.31 inf
  277 F    2  1 -1 -1 -3 -1  0 -1  0 -1 -1  0  0 -1  0  0  0 -4 -1  2   21  10   2   2   0   2   5   4   3   2   5   4   2   2   5   7   6   0   2  16  0.11 inf
  278 E    1 -1  0  4 -6  2  4 -3 -3 -6 -5  1 -4 -6  2 -2 -3 -6 -4 -4   10   2   3  23   0  10  27   2   0   0   0   8   0   0   9   2   1   0   0   1  0.72 inf
  279 K    2  4 -3 -3 -5  0 -1  2 -3 -3 -3  3 -2 -3 -4 -2 -2 -2 -4 -2   19  23   0   1   0   4   4  19   0   1   2  17   1   1   0   2   2   0   0   3  0.53 inf
  280 F   -3 -7 -7 -8 -4 -7 -8 -8 -6 -3 -1 -7 -2  8 -8 -7 -6 -1  2  2    2   0   0   0   0   0   0   0   0   1   5   0   1  70   0   0   0   1   6  13  2.19 inf
  281 W   -2  0 -2 -5 -2 -1 -2 -4 -3  1  1  1  1  3 -4 -3 -3  6  1  1    3   6   2   0   1   3   3   0   0   7  15  10   4  15   0   2   1  12   4  11  0.44 inf
  282 G    1  0  2  3 -4  2  2 -1 -1 -4 -5  2 -4 -5 -3  1 -1 -6 -4 -4   11   5   9  19   0  10  13   4   1   1   0  12   0   0   0   9   4   0   0   1  0.46 inf
  283 L   -3  0 -3  0 -2 -2  0 -6  1  0  4 -3  3 -1 -5 -3 -3  6 -1 -1    2   6   1   5   1   2   5   0   4   4  41   1   8   2   0   1   1  10   2   3  0.60 inf
  284 V   -5 -6 -7 -7 -5 -6 -6 -7 -5  2  3 -6  3  6 -7 -6 -4  0  2  2    0   0   0   0   0   0   0   0   0  12  28   0   8  33   0   0   0   1   6  11  1.17 inf
  285 L    0 -1 -3 -4 -1 -3 -1 -3 -2  2  2 -1  4  1 -4 -2  1 -1  0  2    7   4   0   0   1   0   5   2   1  14  21   4  11   5   0   1   8   1   3  13  0.29 inf
  286 D    0  0  1  4 -4  2  4 -2  0 -6 -5  0 -3 -5 -4  0  0 -6 -5 -5    8   4   6  23   0   8  28   2   2   0   1   5   1   0   0   6   5   0   0   0  0.66 inf
  287 A    2  4 -3 -4  2 -1 -2 -2 -1 -2 -1 -1 -2 -5 -4  1  2 -5 -2 -1   19  27   0   0   5   2   2   2   1   2   6   3   0   0   0  10  14   0   1   4  0.46 inf
  288 L   -5 -6 -7 -7 -3 -6 -7 -7 -7  4  5 -6  2  0 -7 -6 -4 -6 -4  2    0   0   0   0   0   0   0   0   0  23  54   0   5   3   0   0   0   0   0  14  1.31 inf
  289 E    3  2 -1 -2 -2  1  1  0 -2 -3 -3  2 -1 -5 -3  1  0 -5 -4 -2   24  11   2   1   1   6   9   6   0   1   2  16   2   0   0  12   5   0   0   2  0.33 inf
  290 R    0  5  2 -3 -2  1  0 -2 -2 -5 -4  3 -4 -4 -4 -1  0 -3 -3 -4    9  39   8   1   1   6   5   3   1   0   1  16   0   0   0   4   5   0   0   0  0.72 inf
  291 I    0 -4 -5 -6 -4 -4 -5 -5 -3  2  4 -3  1  1 -5 -4 -2 -3  5  0    9   0   0   0   0   0   0   0   0  10  41   1   2   5   0   0   2   0  24   6  0.80 inf
  292 G    3 -4  0  2 -4 -2 -2  5 -3 -5 -5 -2 -4 -5 -3 -1 -1 -5 -3 -4   31   0   4  12   0   1   1  44   0   0   0   1   0   0   0   2   3   0   1   0  0.81 inf
  293 D   -2  0  4  4 -5  2  3 -2  0 -5 -4  0 -3 -5 -2 -1 -2 -5 -3 -4    2   5  23  29   0  10  19   1   2   0   0   4   0   0   1   3   0   0   0   0  0.67 inf
  294 P   -1 -1 -2 -2 -4  2  1  4 -3 -4 -4 -1 -3 -5  5 -1 -2 -4 -4 -4    0   3   0   0   0  10   9  40   0   0   0   2   0   0  31   2   2   0   0   0  0.86 inf
  295 Q   -1  3 -1 -1 -4  5  3 -3 -1 -4 -3  2 -2 -4 -2  1 -1 -3 -3 -3    0  20   0   0   0  41  17   0   0   0   0   9   0   0   0  13   0   0   0   0  0.65 inf

                      K         Lambda
Standard Ungapped    0.1367     0.3207
Standard Gapped      0.0605     0.2670
PSI Ungapped         0.1975     0.3152
PSI Gapped           0.0605     0.2670
