
Last position-specific scoring matrix computed, weighted observed percentages rounded down, information per position, and relative weight of gapless real matches to pseudocounts
           A  R  N  D  C  Q  E  G  H  I  L  K  M  F  P  S  T  W  Y  V   A   R   N   D   C   Q   E   G   H   I   L   K   M   F   P   S   T   W   Y   V
    1 L   -4 -5 -6 -7 -4 -5 -6 -7 -6  2  6 -6 -1 -3 -6 -5 -4 -5 -4  2    0   0   0   0   0   0   0   0   0  12  74   0   0   0   0   0   0   0   0  14  1.40 inf
    2 D    0 -2  3  6 -5 -1  3 -4 -2 -5 -6 -2 -5 -6 -1  0 -1 -6 -5 -5    6   1  15  44   0   1  16   0   0   0   0   1   0   0   2   7   4   0   0   0  0.96 inf
    3 Q   -1  0 -1 -2 -6  7  2 -2  0 -5 -4 -1 -4 -4 -4 -1  1 -5 -4 -5    4   3   2   2   0  53  14   3   2   0   1   2   0   1   0   3  10   0   0   0  1.09 inf
    4 L   -5 -5 -7 -7 -2 -5 -6 -7 -6  1  6 -6  1  0 -6 -6 -4 -5 -3  0    0   0   0   0   1   0   0   0   0   5  82   0   3   4   0   0   0   0   0   5  1.52 inf
    5 L   -5 -5 -6 -7 -5 -3 -6 -7 -6 -1  6 -6  3 -1 -6 -6 -3 -5 -4 -3    0   0   0   0   0   1   0   0   0   1  86   0   8   2   0   0   2   0   0   0  1.70 inf
    6 H   -4  2 -2 -5 -7 -2 -3 -6 10 -6 -3 -4 -1  2 -6 -3 -4 -5  0 -4    1  11   1   0   0   1   1   0  66   0   3   0   2   8   0   2   1   0   2   1  2.16 inf
    7 P   -4  1 -6 -4 -7 -5 -4 -3 -4 -7 -7 -2 -6 -7  8 -2 -2 -7 -5 -6    1   9   0   1   0   0   0   2   0   0   0   2   0   0  80   2   3   0   0   0  2.40 inf
    8 T    0  2  0 -2 -2  3  0 -2  1  0 -2 -1  0 -3 -3  0  2 -4 -2  2    8  12   4   1   0  17   4   2   3   5   0   1   3   1   0   6  14   0   1  17  0.26 inf
    9 F   -4 -6 -6 -6 -5 -6 -4 -6 -5  3  2 -5 -1  7 -6 -4 -4 -3 -1  1    1   0   0   0   0   0   1   0   0  19  17   1   0  49   0   1   0   0   0  10  1.31 inf
   10 N    0 -3  0  7 -6  1  2 -4 -2 -4 -4 -1 -5 -6 -4 -2 -2 -6 -4 -3    7   0   3  58   0   5  14   0   1   1   2   3   0   0   0   1   2   0   0   2  1.24 inf
   11 P    0 -1 -1  1 -5  0  2 -3 -3 -3 -2  0  0 -4  6 -1 -1 -5 -3 -3    7   2   2   7   0   4  14   1   1   1   3   7   3   0  40   3   4   0   1   2  0.79 inf
   12 A    1 -1  1  1 -4  0  3 -1  0 -4 -4  3 -2 -5 -1  1  0 -5 -3 -3   12   1   6   8   0   2  20   4   2   0   0  22   1   0   2  12   6   0   0   1  0.39 inf
   13 A    5 -3 -1  1 -2 -2  1 -1 -3 -1 -3 -1 -3 -4 -3  1 -1 -5 -3 -1   48   0   2   9   0   1  11   4   0   3   1   2   0   0   1   9   2   0   1   5  0.57 inf
   14 L    1  0 -1  0 -1  0  0 -1 -1  0  1  1  0 -2  0 -1  0 -3 -2  0   12   7   3   5   1   2   8   4   2   4  23   9   2   1   5   3   6   0   1   6  0.06 inf
   15 K    1  3  0 -1 -3  0  1 -1  0 -2 -1  3 -2 -2 -2 -1 -1 -2  0 -2   12  14   4   2   0   3   9   4   2   2   6  26   0   1   1   3   4   0   4   2  0.26 inf
   16 A    2 -1  1  1 -3  1  2  0 -1 -3 -3  2 -3 -3 -2  1  0 -4 -3 -2   18   2   7   6   0   5  15   5   1   1   2  16   0   1   1  11   6   0   0   2  0.26 inf
   17 G    3 -2  0 -1 -3  0 -1  2  1 -2 -1 -1  0 -1  0 -1 -1 -3 -1 -1   36   1   4   3   0   3   4  15   4   2   7   2   2   2   4   2   3   0   2   4  0.25 inf
   18 E   -1  2  0  2 -4  1  3 -3  0 -4 -4  3 -3 -4  0 -1  2 -5 -4 -2    4  10   3  11   0   5  21   1   2   1   1  21   0   0   3   2  13   0   0   2  0.44 inf
   19 V   -1 -2 -5 -5 -3 -2 -2 -5 -3  2  1 -2 -1 -2  3 -2 -2 -5 -1  5    4   2   0   0   0   1   2   0   1  13  12   2   1   1  13   2   1   0   2  42  0.61 inf
   20 I   -3 -5 -6 -6 -4 -5 -6 -5 -6  5  5 -5  0  0 -6 -3 -3 -3 -4  2    2   0   0   0   0   0   0   0   0  30  50   0   1   4   0   2   1   0   0  10  1.06 inf
   21 G    4 -3 -4 -4  0 -3 -4  2 -4 -1  0 -3 -2 -2 -4 -1  2 -5 -4  2   38   1   0   0   2   1   0  15   0   2  10   1   0   1   0   2  12   0   0  17  0.52 inf
   22 S   -2  4 -2 -1 -4  2  0 -3  1 -4 -5  5 -3 -5 -4  0  1 -5 -2 -3    1  20   1   2   0   8   5   1   4   0   0  37   0   0   0   8   9   0   2   1  0.73 inf
   23 A   -1 -6 -5 -5 -7 -6 -6  7 -6 -8 -8 -6 -7 -7 -6 -4 -6 -7 -7 -7    5   0   0   0   0   0   0  95   0   0   0   0   0   0   0   0   0   0   0   0  2.54 inf
   24 L   -2 -4 -3 -6 -4 -3 -4 -6 -5  3  5 -3  2 -3 -5 -5 -2 -5 -2  1    3   1   2   0   0   1   1   0   0  17  61   1   3   0   0   0   2   0   1   7  1.00 inf
   25 P    2 -5  1 -3 -5 -3 -3  3 -5 -5 -6 -4 -5 -6  6 -2 -4 -6 -6 -4   19   0   6   1   0   1   1  26   0   0   0   0   0   0  44   2   0   0   0   1  1.32 inf
   26 A    7 -5 -5 -5 -4 -5 -5 -1 -5 -3 -5 -5 -5 -6 -5 -1 -3 -6 -6  0   83   0   0   0   0   0   0   4   0   1   0   0   0   0   0   3   1   0   0   7  1.66 inf
   27 S    0 -5 -3 -4  2 -4 -4  1 -2 -6 -6 -4 -5 -6 -5  7 -2 -7 -6 -4    6   0   0   0   5   0   0   9   1   0   0   0   0   0   0  79   1   0   0   1  1.68 inf
   28 P   -3 -3 -3 -3 -7 -3 -5 -1 -4 -7 -5 -3 -6 -5  8 -3 -4 -7 -7 -6    1   2   1   2   0   1   0   6   0   0   1   1   0   0  83   1   1   0   0   0  2.49 inf
   29 G   -4 -7 -5 -6 -7 -6 -6  8 -6 -8 -8 -3 -7 -8 -7 -2 -6 -7 -7 -8    0   0   0   0   0   0   0  96   0   0   0   2   0   0   0   3   0   0   0   0  2.60 inf
   30 A    5 -3 -4 -5 -4 -1 -4 -2 -3  2 -1 -4 -2 -2 -3 -2  0 -6 -5  2   58   1   0   0   0   2   0   2   0  10   5   0   1   1   1   1   5   0   0  12  0.90 inf
   31 A    6 -5 -5 -5 -2 -5 -3  1 -5 -2 -3 -3 -1 -6 -5 -2 -3 -6 -5  1   71   0   0   0   1   0   1   9   0   2   1   1   2   0   0   1   1   0   0  10  1.32 inf
   32 A    0 -3 -2 -4  4 -2 -4 -4 -1 -1 -4 -3 -3 -2 -4  4  3 -5  0  3    7   1   1   0   8   2   0   0   2   2   0   0   0   2   0  33  20   0   3  19  0.66 inf
   33 G   -2 -7 -5 -6 -7 -6 -7  8 -7 -8 -8 -6 -7 -8 -7 -5 -6 -7 -8 -8    3   0   0   0   0   0   0  97   0   0   0   0   0   0   0   0   0   0   0   0  2.69 inf
   34 K   -2  4 -3 -4 -3  2  0 -4  0 -1 -3  5 -1 -5 -3 -2 -1 -5 -2 -1    3  25   1   0   0   9   6   1   2   4   2  33   2   0   1   2   4   0   1   4  0.69 inf
   35 V    1 -6 -6 -6 -1 -6 -6 -6 -6  5 -1 -6 -3 -4 -6 -5 -4 -6 -5  5   11   0   0   0   1   0   0   0   0  35   4   0   0   0   0   0   0   0   0  47  1.37 inf
   36 Y    0 -3 -5 -5  2 -4 -5 -5 -1  2 -1 -2 -1 -2 -5 -3 -2 -4  3  6    8   1   0   0   4   0   0   0   1  10   3   3   1   1   0   1   1   0  11  53  0.94 inf
   37 F   -4 -4 -5 -4 -3 -4 -4 -5 -2  0  1 -4 -1  8 -6 -4 -1 -3  0 -2    1   1   0   1   1   1   1   1   1   6  15   1   1  61   0   1   4   0   1   2  1.49 inf
   38 T   -2 -3  1  4 -1 -2 -1 -3  0 -1 -3 -1 -4 -1 -4  2  3 -5 -3 -2    2   1   7  27   2   1   3   1   2   4   1   3   0   3   0  18  22   0   1   2  0.56 inf
   39 A    4 -3 -1 -3 -4 -3 -2 -3 -4 -1  0 -2 -3 -3  2  2 -1 -5 -4  1   44   1   3   1   0   0   1   1   0   3   8   2   0   1  10  15   2   0   0   8  0.59 inf
   40 D   -1  0  0  4 -3 -1  4 -3 -1 -5 -4  2  0 -5 -1 -1 -2 -6 -2 -3    6   4   3  26   1   1  31   1   1   0   2  11   2   0   3   3   1   0   2   1  0.67 inf
   41 E   -1  1 -2  5 -5  0  4 -4 -1 -4 -4  1 -2 -6 -3 -1 -1 -6 -5 -3    5   8   1  32   0   3  27   1   1   1   1   7   1   0   1   3   5   0   0   2  0.75 inf
   42 A    6 -5 -3 -2  0 -3 -2 -4 -5  2 -2 -3 -2 -5 -2 -2 -2 -6 -5  1   64   0   1   2   2   1   2   0   0  11   3   1   1   0   2   2   1   0   0   8  1.04 inf
   43 K   -1 -1 -2  1 -1  2  4 -2 -1  0 -1  2 -2 -3 -2 -3 -2 -5 -2  1    5   3   1   8   1   9  28   3   1   4   5  14   1   1   1   0   1   0   1  13  0.36 inf
   44 A    2  1 -2  2 -4  1  3 -4  0 -2 -3  2 -2 -3 -4 -1 -1 -1 -4 -3   19   8   1  12   0   7  22   0   2   2   2  15   1   1   0   3   3   1   0   2  0.42 inf
   45 A    1  1 -3 -4 -1  0 -1 -3  0  1  1  0  2  0 -4 -1 -1  6  0  0   12   9   0   0   1   4   3   1   2   8  16   5   7   4   0   3   2  12   3   7  0.30 inf
   46 H    3  0  0 -1 -1 -1 -1  0  3 -2 -2  1 -1 -2 -3  1 -1 -4 -2 -1   31   4   4   3   1   2   2   8   9   1   2  11   2   2   0  10   3   0   1   5  0.28 inf
   47 E    2  1  0  0 -4  1  3 -1  1 -3 -3  2 -3 -5 -3  0 -2 -5 -4 -2   19   6   5   5   0   4  25   4   3   1   3  15   0   0   0   7   1   0   0   2  0.40 inf
   48 K    1  2  0  0 -3  2  1 -1 -1 -1 -1  2 -1 -2  0  0  0 -1 -3  0   11  12   3   6   0  12   7   5   1   4   5  12   1   1   4   4   4   1   0   6  0.13 inf
   49 G   -3 -3  0  2 -5 -2 -2  6  1 -6 -4  0  0 -6 -3 -2 -4 -1 -5 -6    1   1   5  10   0   2   3  60   3   0   2   6   3   0   1   2   0   1   0   0  1.14 inf
   50 E   -1  1 -1  2 -5  1  5 -3  2 -3 -3  2 -1 -3 -1 -2 -1 -5 -4 -3    3   7   2   9   0   5  36   1   4   2   2  15   1   1   2   2   4   0   0   2  0.56 inf
   51 R    0  0  1  0 -2  1  0  0  2  0 -1  0  1 -2  1  0  0 -3 -2  0    6   6   6   6   0   6   6   6   6   6   6   6   6   0   6   6   6   0   0   6  0.06 inf
   52 V    0 -3 -3  0  3 -3 -3 -3 -3  1  0 -3  1 -2 -3 -1  0 -3 -2  5    6   1   0   8   6   0   1   1   0   4   7   1   3   0   1   3   5   0   0  52  0.43 inf
   53 I   -3 -5 -5 -5 -3 -5 -5 -6 -5  6  1 -5  3 -2 -5 -4 -3 -5 -3  3    0   0   0   0   0   0   0   0   0  69   7   0   6   0   0   0   0   0   0  17  1.22 inf
   54 L   -2 -3 -3 -4 -2 -2 -3 -4 -2  2  2 -3  3  3 -3 -2 -1 -1  0  1    0   0   0   0   0   0   0   0   0  25  25   0  25  25   0   0   0   0   0   0  0.33 inf
   55 V   -1 -5 -5 -5  2 -4 -5 -5 -5  2 -1 -4  0  1 -5 -4 -2 -4 -3  6    5   0   0   0   5   0   0   0   0   8   1   0   2   7   0   0   1   0   0  72  1.05 inf
   56 R   -1  6 -2 -3  0 -1 -2 -3 -2 -3 -3  1 -1 -3 -3 -1  2 -3 -3 -2    6  60   1   1   2   1   1   1   0   1   1   5   2   1   1   1  13   0   0   2  0.87 inf
   57 L   -1  1 -1  0 -2  1  1 -1  1 -1 -1  1 -1 -2  3  0  0 -1 -1 -1    3   9   2   4   0   6  11   3   4   5   6  10   1   1  15   6   7   1   1   4  0.17 inf
   58 E   -1 -1  0  2 -3  1  4 -2  0 -2 -2 -1  3 -1 -2  0 -1 -3 -2 -2    5   2   3  11   0   3  39   1   2   2   1   1  14   3   1   8   3   0   0   1  0.41 inf
   59 T   -1 -3 -2 -3 -2 -2 -2 -3 -3  0 -1 -2 -2 -3 -3  0  6 -3 -3  0    3   1   1   1   0   1   1   1   0   5   6   1   0   1   1   2  71   0   0   4  0.97 inf
   60 S    0 -1  1  1 -1  1  0 -2 -2 -2 -2  0 -1 -2 -2  3  2 -3  0 -1    4   3   6   6   1   5   3   1   0   1   1   5   2   1   1  36  15   0   4   5  0.28 inf
   61 P    0 -3 -3 -3 -4 -3 -3 -2 -3 -4 -4 -3 -3 -4  8 -2  0 -4 -4 -3    7   1   1   1   0   1   1   3   0   1   1   1   0   1  73   2   6   0   0   1  1.78 inf
   62 E    0 -1 -1  5 -3  0  4 -1 -2 -3 -3 -1 -3 -4 -2  0 -2 -4 -3 -3    8   2   1  34   0   1  35   4   0   1   3   1   0   1   1   6   1   0   0   1  0.67 inf
   63 D   -3 -3 -1  7 -4 -2 -1 -3 -3 -3 -3 -2  3 -2 -3 -2 -3  5 -3 -4    1   1   1  71   0   1   1   1   0   1   1   1   8   1   1   1   1   8   0   1  1.34 inf
   64 I   -2 -3 -3 -3 -2 -3 -3 -4 -3  4  2 -3  0  1 -3 -3 -2 -3 -2  3    1   1   1   1   0   1   2   1   0  35  16   1   1   7   1   1   1   0   0  30  0.53 inf
   65 E    1  1 -1  0 -3  0  1  0  3 -3 -2  1 -2 -2  4 -1 -1 -3 -2 -2   16   9   2   4   0   2   8   7  12   1   2  10   1   1  19   2   2   0   0   2  0.32 inf
   66 G    3 -3 -2 -2 -3 -2 -1  5 -2 -2 -2 -2 -3 -3 -2 -1 -2 -3 -2 -2   27   1   1   1   0   1   3  52   1   2   3   1   0   1   1   1   2   0   2   3  0.74 inf
   67 M   -2 -3 -3 -3 -2 -2 -3 -3 -3  2  1 -3  8  1 -3 -3 -2 -2 -2  1    1   1   1   1   0   1   1   1   0  15   6   1  54   5   1   1   1   0   1   7  0.88 inf
   68 H    1  1  0 -1 -1  0  0 -1  3  0  0  1 -1 -1 -2  1 -1 -1  0  0   13   7   3   2   1   2   4   2  12   6   9  11   1   3   1  11   1   1   3   7  0.06 inf
   69 A    3  0 -2 -2 -1 -1 -1 -1 -2  0  0  0  0 -2 -1  0 -1 -3 -2  1   42   6   1   2   1   2   2   2   0   4   6   7   1   1   1   5   2   0   1  14  0.20 inf
   70 A    5 -2 -2 -2  0 -2 -2 -1 -2 -2 -2 -2 -2 -3 -2  2  0 -3 -2 -1   62   1   1   1   2   1   1   2   0   1   2   1   0   1   1  18   2   0   1   2  0.63 inf
   71 E    1  0  0  0 -1  2  2 -1 -1 -1 -2  1 -1 -2 -1  2  0 -2 -2  0   12   5   3   4   1  11  16   2   0   2   2   6   0   1   1  21   4   0   1   7  0.17 inf
   72 G    3 -2 -1 -2 -2 -2 -2  5 -2 -3 -3 -2 -2 -3 -2  0 -1 -3 -3 -2   31   1   1   1   0   1   1  53   0   1   2   1   0   1   1   1   1   0   1   1  0.69 inf
   73 I   -1 -3 -3 -3 -2 -2 -3 -3 -3  5  1 -3  0  0 -2 -2 -1 -2 -2  3    1   1   1   1   0   1   1   1   0  52   7   1   0   3   1   1   1   0   1  23  0.48 inf
   74 L   -1 -2 -3 -3 -2 -2 -2 -3 -3  2  3 -2  1  0 -2 -2 -1 -2 -1  3    3   1   1   1   0   1   1   1   0  10  38   1   0   3   1   1   1   0   1  33  0.35 inf
   75 T    0 -2 -1 -2  0 -2 -2 -2 -2 -2 -2 -2 -2 -3 -2  1  6 -3 -2 -1    4   1   1   1   2   1   1   1   0   1   2   1   0   1   1   8  72   0   1   1  0.80 inf
   76 V    2 -1  0  2  0  0  1 -1 -1 -1 -1 -1 -1 -2 -1  1  0 -2 -2  0   29   2   6  12   1   4  11   2   0   2   7   1   1   1   1   8   6   0   1   6  0.13 inf
   77 R   -1  3  0 -1 -2  0  1 -1  2 -1 -1  1 -1 -2 -2  1  0 -2 -1  0    3  29   3   2   0   1  11   3   6   2   5   6   0   1   1  15   3   0   1   8  0.19 inf
   78 G   -1 -3 -1 -2 -3 -2 -3  6 -3 -4 -3 -2 -3 -3 -2 -1 -2 -3 -3 -3    1   1   1   1   0   1   1  83   0   1   2   1   0   1   1   1   1   0   1   1  1.24 inf
   79 G    1 -2  2 -1 -2 -2 -2  5 -2 -3 -3 -2 -3 -3 -2  0 -2 -3 -3 -3    9   1  11   1   0   1   1  61   0   1   2   1   0   1   1   5   1   0   1   1  0.76 inf
   80 M    0  1 -1  0 -2  0  0 -2 -2  0  1  0  4 -1 -1 -1 -1 -2  0  0   10   8   1   7   0   2   5   1   0   4  14   4  26   1   3   2   3   0   3   4  0.12 inf
   81 T    0 -2 -1 -2 -2 -1 -2 -2 -2 -1 -1 -2 -1  1 -2  1  5 -2  2 -1    5   1   2   1   0   1   1   1   0   1   3   1   0   8   1   8  53   0  10   2  0.45 inf
   82 S    1 -2 -1 -1  4 -1 -1 -1 -2 -2 -2 -1 -2 -3 -2  4  2 -3 -2 -2    9   1   1   1  12   1   1   3   0   1   2   1   0   1   1  53  10   0   1   1  0.49 inf
   83 H    0 -2  0 -2 -3 -1 -1 -2  9 -3 -3 -2 -2  0 -2 -2 -2 -3  0 -3   11   1   4   1   0   1   1   1  65   1   2   1   0   5   1   1   1   0   1   1  1.19 inf
   84 A    5 -2 -2 -2 -1 -1 -2  0 -2 -2 -2 -1 -2 -3 -1  1 -1 -3 -2 -1   71   1   1   1   0   1   1   4   0   1   2   1   0   1   1  10   1   0   1   1  0.63 inf
   85 A    5 -2 -2 -2 -1 -1 -1 -1 -2 -2 -2 -1 -2 -3 -1  2  1 -3 -2 -1   62   1   1   1   0   1   1   1   0   1   2   1   0   1   1  13  10   0   1   1  0.52 inf
   86 V   -2 -4 -4 -4 -2 -3 -4 -4 -4  3  2 -3  0  0 -4 -3 -1 -3 -2  5    0   0   0   0   0   0   0   0   0  21  13   0   0   4   0   0   2   0   0  60  0.66 inf
   87 V   -2 -4 -4 -4 -2 -3 -4 -4 -4  3  1 -4  0 -2 -4 -3  0 -4 -2  5    0   0   0   0   0   0   0   0   0  17   6   0   1   0   0   0   3   0   0  73  0.79 inf
   88 A    4 -2 -1 -2  3 -1 -1  0 -2 -2 -2 -1 -2 -3 -1  2  0 -3 -2 -1   52   1   1   1   9   1   1   5   0   1   1   1   0   1   1  18   5   0   0   1  0.41 inf
   89 R   -2  7 -1 -2 -3  0 -1 -2  0 -3 -3  1 -2 -3 -2 -1 -1 -3 -2 -2    2  78   2   1   0   1   1   2   2   1   1   1   0   1   1   1   3   0   0   2  1.00 inf
   90 G    0  0 -1 -1 -2  2  2  3 -1 -2 -2  0  1 -3 -2  1 -1 -2 -2 -2    5   4   1   1   0  12  17  32   1   1   1   2   8   1   1  12   2   0   0   1  0.29 inf
   91 M   -3 -4 -4 -5 -3 -3 -4 -5 -4  0  4 -4  7 -1 -4 -4 -3  4  0 -1    1   0   1   0   0   1   1   1   0   4  40   0  39   1   0   1   0   6   3   1  1.14 inf
   92 G   -2  0 -1 -2  1 -1 -2  7 -4 -5 -5 -2 -4 -5 -4 -2 -3 -4 -5 -5    1   5   2   1   3   3   2  78   0   0   1   1   0   0   0   1   0   0   0   1  1.46 inf
   93 T   -2  2 -2 -3 -2 -1 -2 -3 -3  2  0  5 -2 -3 -3 -2  0 -4 -3 -1    2  10   0   0   1   0   1   1   0  13   7  49   0   1   0   1   7   0   0   4  0.61 inf
   94 C   -1 -4 -4 -4  6 -3 -3 -3 -4 -1 -4 -3 -3 -4  7 -2  2 -5 -4  0    3   0   0   0  16   0   1   2   0   4   1   0   0   0  52   1  12   0   0   6  1.36 inf
   95 C    2 -4 -4 -4 10 -4 -4 -1 -2 -3 -4 -4 -3 -4 -4 -1 -1 -4 -4 -2   17   0   0   1  61   0   1   5   1   0   1   1   0   0   0   4   4   0   0   1  1.83 inf
   96 V    0 -4 -4 -4 -3 -4 -4 -4 -4  3  0 -4 -1 -3 -4 -3 -2 -4 -3  6    6   0   0   1   0   0   1   1   0  18   5   1   0   0   0   1   1   0   0  63  0.99 inf
   97 S    0 -3 -3 -3  5 -3 -3 -3 -4  1 -1 -3 -2 -1 -3  1  0 -4 -3  4    9   0   0   1  12   0   1   1   0   8   1   1   0   3   0  13   6   0   0  43  0.55 inf
   98 G   -1 -1 -2 -3 -4 -3 -4  7 -4 -5 -5 -3 -4 -5 -4 -1 -3 -4 -4 -4    4   3   1   1   0   0   1  81   0   1   1   1   0   0   1   3   1   0   0   1  1.59 inf
   99 C    3 -4 -4 -4  8 -4 -4 -4 -4  2 -2 -4 -2 -2 -4 -2  1 -4 -4  0   25   0   0   0  40   0   0   0   0  13   2   0   1   1   0   2   9   0   0   5  1.12 inf
  100 G    0  0  0  0 -3  0  2  4  0 -4 -4  0 -3 -3 -1  2 -1 -4 -3 -3    7   4   3   3   0   3  14  32   2   0   1   5   0   1   3  18   3   0   0   1  0.40 inf
  101 E    1  0  1  4 -3  1  2  1 -1 -4 -3  0 -3 -4 -2  1 -1 -4 -3 -3   15   4   7  28   0   6  13   9   1   0   1   3   0   0   1   9   2   0   0   1  0.40 inf
  102 I   -2 -3 -3 -3 -1 -3 -3 -3 -3  4  3 -3  5 -1 -3 -2 -2 -3 -2  1    2   1   1   1   1   1   1   2   0  24  37   1  16   1   1   3   1   0   0   6  0.57 inf
  103 K   -1  2  1 -1 -2  1  1 -2  1  0 -1  1 -1 -1 -2  0  0 -3 -1  1    4  14   7   2   1   5   7   2   3   6   3  12   1   2   1   7   6   0   2  15  0.10 inf
  104 I   -2 -3 -4 -4 -1 -3 -3 -4 -4  6  0 -3  1  1 -3 -3 -2 -3 -2  3    1   1   1   1   1   1   1   1   0  50   3   1   2   5   1   2   2   0   1  25  0.78 inf
  105 N   -2 -2  4  6 -4 -1 -1 -2 -1 -3 -4 -2 -3 -1 -3 -1 -2  0 -1 -3    2   2  20  52   0   2   2   1   1   1   2   1   0   2   1   4   1   1   2   1  0.93 inf
  106 E    0 -1 -1  0 -2  1  3 -2  1 -1 -1  0  0  0 -1  0  0 -1  3 -1    9   2   2   4   0   4  25   3   3   2   7   4   3   2   3   4   6   0  12   4  0.16 inf
  107 E    1  1  0  1  0  1  2 -1  1 -1 -1  2 -1 -2 -1  0  0 -2 -1 -1   13   5   3   7   2   5  14   3   3   2   4  15   1   1   1   7   6   0   1   4  0.12 inf
  108 A    1  1  2  1 -2  0  2  0  0 -2 -2  1 -2 -3 -2  0  0 -3 -2 -2   16   8  10   6   0   3  17   8   2   1   4  11   1   1   1   5   5   0   1   3  0.17 inf
  109 K   -1  3  1 -1 -3  2  0  1  0 -2 -2  3 -2 -3 -2 -1 -1 -3 -2 -2    3  16   7   1   0   9   5  13   2   1   3  26   1   1   1   3   2   0   1   3  0.30 inf
  110 T   -1  1 -1 -1  1  1  1 -1 -1 -1 -1  1  0 -1 -2  0  2 -1  0  0    3   7   2   1   4   6  10   3   1   3   6  12   2   3   1   4  20   0   3   8  0.10 inf
  111 F    1 -2 -3 -3  4 -2 -2 -2 -2  1  2 -2  2  3 -2 -2 -1 -2 -1  2   12   2   1   1   9   1   1   3   1   8  18   1   7  15   1   1   1   0   1  15  0.23 inf
  112 E    0  2 -1 -1 -1  0  0 -1  0 -1 -1  1 -1 -2 -2  1  3 -2 -1  0    5  13   2   1   1   3   6   3   2   3   5   9   1   1   1   7  25   0   2   9  0.16 inf
  113 L    1 -2 -2 -2  0 -2 -2 -1 -2  3  1 -2  0  0  0 -1  0 -2 -1  3   14   1   1   2   1   1   2   4   0  23   9   2   1   4   4   3   3   0   2  23  0.19 inf
  114 G    1 -1  2  3 -3 -1 -1  4 -1 -3 -3 -1 -3 -4 -2  0 -1 -4 -3 -3   14   2  11  16   0   1   3  34   1   1   2   2   0   0   1   6   2   0   0   1  0.49 inf
  115 G   -1 -2  1  3 -4 -2 -1  5 -2 -3 -4 -1 -3 -4 -3 -1  1 -4 -4 -2    3   1   6  19   0   1   3  43   1   1   1   2   1   0   1   3  11   0   0   2  0.65 inf
  116 H   -1  2 -1 -2 -2  1  0 -2  1  1  0  2  0 -2 -2 -1  1 -3 -1  1    4  13   1   2   0   6   4   1   5   9   7  17   1   1   1   2  12   0   1  13  0.15 inf
  117 T    0  0 -2 -2 -2 -1  0 -3 -2  0 -1  0  0 -3 -2 -1  3 -3 -2  3    7   5   1   2   0   2   7   1   1   5   5   6   2   0   1   3  27   0   1  25  0.28 inf
  118 F   -1 -4 -4 -4 -3 -3 -4 -4 -3  3  3 -4  0  3 -4 -2 -2 -2  2  2    3   0   0   0   0   0   1   1   0  17  35   0   2  12   0   2   1   0   6  17  0.53 inf
  119 A   -1  2  2 -2 -2  0  0 -2  4 -3 -1  4 -2 -3 -1 -1 -1 -4 -1 -3    4  13  11   1   1   3   3   3  11   0   6  32   0   0   2   3   3   0   2   2  0.41 inf
  120 E    0  0 -1  2 -3  0  5 -3 -2 -4 -4  2 -4 -3 -2 -1  0 -5 -4 -2    9   3   1   8   0   3  50   1   0   0   1  10   0   1   1   3   4   0   0   3  0.74 inf
  121 G   -3 -5 -2 -1 -6 -4 -4  7 -3 -7 -6 -4 -6 -5 -5 -3 -4 -6 -5 -6    1   0   2   4   0   0   1  89   0   0   1   0   0   0   0   1   0   0   0   0  2.03 inf
  122 D   -3 -1 -2  7 -6  1  3 -4 -3 -5 -6 -1 -1 -6 -4 -2 -1 -6 -5 -4    1   3   0  63   0   5  17   0   0   0   0   2   2   0   0   2   3   0   0   1  1.40 inf
  123 Y   -2 -2 -3 -3 -3 -1  0 -4 -2  2  0 -1  0  1 -1 -2  0  7  3  2    2   1   1   1   0   2   7   0   1  12   6   3   2   6   3   2   6  18  10  16  0.48 inf
  124 I   -3 -6 -6 -6 -4 -5 -6 -6 -6  6  1 -5 -1 -2 -6 -5 -3 -5 -3  4    1   0   0   0   0   0   0   0   0  59  11   0   1   1   0   0   0   0   1  26  1.39 inf
  125 S   -1 -4 -3 -4 -4 -4 -4 -3 -5 -5 -5 -4 -4 -6 -4  5  6 -6 -5 -4    4   0   0   0   0   0   0   1   0   0   0   0   0   0   0  42  53   0   0   0  1.49 inf
  126 L   -3 -5 -6 -6 -4 -5 -6 -6 -6  6  3 -5  0 -2 -5 -5 -3 -5 -4  4    0   0   0   0   0   0   0   0   0  43  28   0   1   1   0   0   0   0   0  27  1.18 inf
  127 D   -3 -5  4  8 -7 -4 -1 -5 -4 -7 -7 -4 -6 -7 -5 -2 -4 -8 -6 -7    2   0  18  76   0   0   2   0   0   0   0   0   0   0   0   1   0   0   0   0  2.05 inf
  128 G    0 -5 -3 -4 -5 -4 -5  7 -5 -6 -6 -4 -5 -6 -5 -2 -4 -5 -5 -5    8   0   0   0   0   0   0  87   0   0   0   0   0   0   0   1   0   0   0   0  1.99 inf
  129 S    0  0  0 -1 -2 -2 -1  1  0 -3 -4 -1 -3 -3 -3  4  3 -2 -2 -3    7   5   3   3   1   0   3   9   2   1   1   3   0   1   0  39  22   0   1   0  0.52 inf
  130 T    0  1  3 -2 -4 -1 -1 -3 -2 -3 -4  1 -3 -5 -4  2  5 -5 -4 -3    7   6  12   1   0   1   4   1   1   0   1   7   0   0   0  13  44   0   0   1  0.70 inf
  131 G   -3 -6 -4 -5 -6 -6 -6  7 -6 -8 -7 -5 -6 -7 -6 -4 -5 -6 -7 -7    1   0   0   0   0   0   0  99   0   0   0   0   0   0   0   0   0   0   0   0  2.56 inf
  132 K   -1  0  1  0 -2  2  4 -2 -1  0 -1  1 -1 -3 -3 -1 -1 -3 -2  0    6   5   8   3   1   8  32   2   1   5   7   9   1   0   0   1   3   0   1   6  0.30 inf
  133 I   -3 -6 -6 -7 -3 -6 -6 -7 -7  3 -1 -6 -2 -3 -6 -5 -3 -6 -4  7    1   0   0   0   0   0   0   0   0  15   3   0   0   0   0   0   0   0   0  80  1.76 inf
  134 I   -4 -2 -5 -6 -5 -4 -5 -6 -2  3  1 -5  2  3 -6 -4 -3  0  7 -1    0   3   0   0   0   0   0   0   0  20  11   0   5  13   0   0   0   1  42   3  1.17 inf
  135 E    1  0 -2  0 -2  0  2 -2 -2  0  2  1  0 -2 -1 -1 -2 -4 -3  0   14   6   1   5   1   3  16   1   0   5  24  10   1   0   3   3   1   0   0   5  0.16 inf
  136 T   -3 -2 -4 -4 -6 -5 -5  7 -5 -6 -5 -5 -2 -6 -5 -3  1 -6 -6 -5    1   2   0   1   0   0   0  84   0   0   1   0   1   0   0   0  10   0   0   0  1.90 inf
  137 Q    0  1 -2 -1 -4  2  3 -3 -1  0 -3  3 -1 -4 -3 -1 -1 -5 -3  1    9   8   1   2   0  12  23   0   1   7   1  20   1   0   0   2   4   0   0   9  0.37 inf
  138 E   -1 -2 -2 -1 -2  1  1 -4  1  2  1 -2 -1 -2  3 -2 -1 -4 -2  3    3   1   1   2   1   6  12   0   3  10  13   1   1   1  15   1   2   0   1  25  0.31 inf
  139 A    3 -1 -3 -3 -5 -2  0 -4 -4 -5 -3  0 -4 -6  7 -2 -2 -6 -5 -4   25   3   1   1   0   1   8   0   0   0   3   5   0   0  50   2   2   0   0   1  1.29 inf
  140 S    1 -3 -2 -1 -3  0  3 -3 -3 -2  0  0  2 -4 -3  0  4 -4 -3 -1   10   0   0   3   0   3  19   1   0   0  10   4   7   0   0   5  32   0   0   4  0.41 inf
  141 V   -3 -4 -5 -5 -3 -3 -5 -6 -4  4  3 -4  2 -2 -5 -4 -1 -2 -3  4    1   0   0   0   0   1   0   0   0  27  35   0   5   1   0   0   2   0   0  28  0.84 inf
  142 S    1 -3  0  1 -3 -2  2 -1 -1 -4 -3 -1 -3 -4 -2  3  3 -5 -4 -3   13   0   2   9   0   0  16   4   1   0   2   2   0   0   0  33  18   0   0   0  0.48 inf
  143 G    2 -4 -2 -2 -4 -3 -2  6 -4 -5 -5 -3 -4 -5  1 -2 -3 -5 -5 -4   20   0   1   2   0   0   3  68   0   0   0   1   0   0   6   0   0   0   0   0  1.21 inf
  144 S    1 -4  1  7 -5 -2 -1 -3 -3 -5 -5 -3 -5 -5 -3 -1  0 -6 -5 -4   13   0   6  73   0   0   0   0   0   0   0   0   0   0   0   4   4   0   0   0  1.37 inf

                      K         Lambda
Standard Ungapped    0.1310     0.3127
Standard Gapped      0.0563     0.2670
PSI Ungapped         0.1836     0.3134
PSI Gapped           0.0563     0.2670
