
Last position-specific scoring matrix computed, weighted observed percentages rounded down, information per position, and relative weight of gapless real matches to pseudocounts
           A  R  N  D  C  Q  E  G  H  I  L  K  M  F  P  S  T  W  Y  V   A   R   N   D   C   Q   E   G   H   I   L   K   M   F   P   S   T   W   Y   V
    1 S    0 -2  1 -2 -2 -2 -2 -2 -2 -4 -4 -2 -3 -4 -2  6  1 -4 -3 -3    2   0   5   0   0   0   0   0   0   0   0   0   0   0   0  89   3   0   0   0  1.08 inf
    2 Y   -5 -5 -5 -6 -6 -4 -5 -6  4 -4 -4 -5 -4  1 -6 -5 -5 -1  9 -4    0   0   0   0   0   0   0   0   9   0   0   0   0   1   0   0   0   0  90   0  2.61 inf
    3 Y   -4 -2 -2 -3 -5  1  3 -5  1 -4 -2 -3 -3  2 -5 -3 -4  1  7 -4    0   1   1   0   0   8  22   0   3   0   4   0   0   7   0   0   0   2  52   0  1.17 inf
    4 A    4 -3  0 -3 -2 -3 -3  1 -3  0 -2 -3  0 -4 -3  1 -1 -4 -3  2   52   0   5   0   0   0   0   9   0   6   0   0   3   0   0   7   2   0   0  14  0.54 inf
    5 V   -3 -5 -6 -6 -3 -5 -5 -6 -6  3  0 -5 -2 -3 -5 -4 -3 -5 -4  7    0   0   0   0   0   0   0   0   0  12   5   0   0   0   0   0   0   0   0  83  1.48 inf
    6 A    6 -4 -4 -4 -3 -3 -3 -1 -4  0 -2 -3 -1 -4 -3 -1 -1 -5 -4  1   78   0   0   0   0   0   0   2   0   5   3   0   1   0   0   0   3   0   0   9  1.09 inf
    7 V   -1 -5 -5 -5 -3 -4 -5 -3 -5  2  1 -5  1  0 -5 -4 -2 -5 -3  6    3   0   0   0   0   0   0   2   0   5  10   0   3   3   0   0   0   0   0  74  1.13 inf
    8 V    2 -5 -5 -5 -3 -4 -4 -4 -5  2 -2 -4 -2 -3 -4 -3  0 -5 -4  6   15   0   0   0   0   0   0   1   0   8   0   0   0   0   0   0   5   0   0  70  1.09 inf
    9 K   -3  3 -1  0 -5  0  0 -4  0 -4 -2  6  0 -3  0 -1 -3 -5 -4 -4    0  17   2   5   0   2   2   0   2   0   3  57   2   1   4   2   0   0   0   0  0.89 inf
   10 K   -1  2  3 -2 -5 -1  0 -3 -3 -5 -5  6 -4 -5 -3  0 -2 -5 -4 -4    4  11  13   0   0   1   5   0   0   0   0  59   0   0   0   7   2   0   0   0  0.99 inf
   11 G   -1 -2  2  3 -4 -1  0  4 -3 -5 -5 -2 -4 -5 -3  2  0 -5 -4 -4    3   2  12  22   0   3   3  30   0   0   0   0   0   0   0  20   5   0   0   0  0.62 inf
   12 T    1 -3 -1 -1 -3 -2 -2 -1  0 -3 -2 -2 -3 -3  1  4  4 -4 -3 -2   10   0   1   3   0   0   1   2   3   0   4   0   0   1   5  40  28   0   0   2  0.59 inf
   13 D   -1  0  3  2 -3  0  0  2  1 -2 -3  0 -3 -3  1  1  0 -4 -2 -2    4   6  15  14   0   3   4  19   4   2   1   4   0   0   6   9   6   0   1   2  0.25 inf
   14 F   -2 -4 -3 -4 -1 -3 -3 -2 -3  3  1 -3  0  4 -2 -3  0 -2  2  1    1   0   0   0   1   1   1   4   0  27  13   1   1  26   2   1   5   0   6   8  0.45 inf
   15 M   -2 -2  3  0 -3  3  0  0  0 -4 -3 -1 -2 -3 -3  2  4 -4 -3 -3    0   1  20   5   0  14   3   8   2   0   2   1   1   1   0  15  28   0   0   0  0.48 inf
   16 I   -3 -3 -4 -5 -3 -4 -4 -4 -4  3  3 -3  1  3 -4 -4 -1  5 -1  1    0   1   1   0   0   0   0   1   0  23  36   2   3  15   0   0   3   9   0   6  0.64 inf
   17 K    0  1  4  2 -3  0  1 -1  3 -4 -2  1 -3 -4 -3  1  0  0 -2 -3    9   6  23  10   0   3   6   3  10   0   3   9   0   0   0  12   4   2   0   0  0.32 inf
   18 D   -2 -2  2  5 -4  3  2  0  1 -4 -4 -1 -4 -3 -3  0 -1 -4 -1 -4    1   1   9  33   0  14  16   7   4   1   0   1   0   1   0   8   4   0   3   0  0.59 inf
   19 L   -4 -5 -6 -6 -4 -5 -5 -6 -5  0  6 -5  1 -2 -3 -5 -4  0 -3  0    0   0   0   0   0   0   0   0   0   1  90   0   2   0   1   0   0   2   0   3  1.46 inf
   20 R   -2  5 -2 -3 -5  4  0 -4  3 -3 -4  4  1 -5 -4 -2 -3 -5 -3 -4    2  32   0   0   0  18   5   0   6   1   1  30   4   0   0   1   0   0   0   0  0.86 inf
   21 G   -2 -4  0  1 -5 -4 -2  7  0 -6 -6 -4 -5 -6 -5 -1 -4 -5 -5 -6    0   0   5   8   0   0   3  80   2   0   0   0   0   0   0   3   0   0   0   0  1.59 inf
   22 K    1  3 -3 -3 -4 -1 -2 -3 -3 -4 -2  6 -2 -2 -3 -1 -2 -5 -4 -2   16  13   0   0   0   1   0   0   0   0   5  56   1   2   0   4   1   0   0   3  0.81 inf
   23 T   -3  4  0 -1 -5 -1 -2 -3 -3 -3 -4  6 -2 -5 -1 -1  1 -5 -2 -4    0  20   3   2   0   1   0   1   0   1   0  55   1   0   3   2   8   0   2   0  0.90 inf
   24 S    0 -3 -2 -3 -3 -3 -3 -3 -3 -2  0 -3 -3  1 -3  5  2 -4 -1 -2    7   0   0   0   0   0   0   0   0   2   8   0   0   8   0  61  10   0   1   2  0.79 inf
   25 C   -4 -7 -7 -7 12 -7 -8 -6 -7 -5 -5 -7 -5 -6 -7 -5 -5 -6 -6 -5    0   0   0   0 100   0   0   0   0   0   0   0   0   0   0   0   0   0   0   0  3.99 inf
   26 H   -5 -4 -3 -4 -6 -3 -1 -5 11 -6 -6 -4 -5  1 -6 -1 -5 -5 -2 -6    0   0   0   0   0   0   3   0  86   0   0   0   0   6   0   4   0   0   0   0  2.84 inf
   27 T    1 -4 -1 -3 -4 -3 -3 -3 -4 -4 -4 -3 -4 -5  5  2  5 -5 -4 -3   12   0   3   0   0   0   0   0   0   0   0   0   0   0  28  18  39   0   0   0  1.03 inf
   28 G   -1 -2 -3 -4  1 -4 -5  7 -5 -3 -6 -4 -5 -5 -5  0 -4  0 -2 -5    2   2   0   0   4   0   0  81   0   2   0   0   0   0   0   5   0   2   2   0  1.62 inf
   29 L   -2 -4 -4 -5 -3 -4 -4 -5  0  2  2 -3  1  2 -4 -3 -1 -2  5  2    3   0   0   0   0   0   0   0   2  14  22   1   3   9   0   0   2   0  26  17  0.60 inf
   30 G   -2  0  3  2 -4  0  0  5 -2 -5 -5 -2 -3 -4 -1 -1 -3 -2  0 -4    0   6  13  10   0   5   5  46   1   0   0   1   1   0   3   4   0   0   4   0  0.66 inf
   31 R   -2  5  0 -1 -4  0 -1 -2 -2 -1 -1  2  0 -2 -3  0  1  3 -1 -3    0  35   5   3   0   1   2   2   0   4   6  13   3   1   0   7  11   5   2   0  0.41 inf
   32 S    0 -2  1 -1 -3  0 -1  0 -2 -2 -2 -1 -1  0  2  2  3 -3 -1 -2    4   0   8   2   0   5   2   7   0   2   2   1   1   6  10  22  26   0   1   1  0.31 inf
   33 A    4 -3  0  0 -3  0 -2 -1 -1 -2 -3 -2 -2 -4 -1  1  0 -4 -3  1   51   0   5   4   0   5   1   3   1   1   0   0   0   0   3   9   3   0   0  11  0.49 inf
   34 G   -1  0 -2  0 -4 -3 -2  6  2 -5 -5 -3 -4 -5 -4  0 -3 -5 -4 -5    2   5   0   5   0   0   2  70   6   0   0   0   0   0   0   7   0   0   0   0  1.28 inf
   35 W   -6 -6 -7 -8 -6 -6 -7 -6 -5 -2 -2 -7 -5  2 -7 -6 -6 12  3 -6    0   0   0   0   0   0   0   0   0   2   4   0   0   8   0   0   0  77   9   0  3.52 inf
   36 N   -1 -1  5 -1 -4 -1 -2 -3  1  0 -2  2 -3 -4 -3  1  2 -4  0 -1    3   1  34   2   0   1   0   0   3   8   2  13   0   0   0   9  16   0   3   5  0.46 inf
   37 I    1 -3 -1  0  1 -3  0 -4 -3  4  0 -2  0 -2 -3 -2  0 -4  0  2   14   0   3   5   3   0   8   0   0  36   5   2   2   0   0   1   4   0   4  12  0.31 inf
   38 P   -4  0 -5 -5 -5 -4 -4 -5 -5 -1 -1 -4 -4 -2  8 -2 -4 -6 -5  0    0   5   0   0   0   0   0   0   0   5   6   0   0   2  73   3   0   0   0   7  1.92 inf
   39 I   -2 -4 -4 -2 -3 -4 -3 -5 -4  4  3 -4  3  2 -4 -3 -2 -3 -1  3    2   0   0   3   0   0   2   0   0  28  25   0  10   9   0   1   0   0   2  18  0.57 inf
   40 G    1  0 -1 -3  3 -2 -2  3  2 -3 -1 -2 -3 -1 -3  2  1 -3  1 -3   13   5   2   0   7   0   2  30   5   0   5   0   0   2   0  15   8   0   6   0  0.35 inf
   41 T   -1  0  1 -1 -3  1 -2 -2  0  0  0  1  0  0  0 -1  2  1  2  0    3   4  10   2   0   6   0   1   2   4   7  11   2   2   4   1  19   2  12   7  0.13 inf
   42 L   -3 -4 -5 -5  1 -4 -4 -5  1  1  5 -4  2  0 -5 -4 -3 -3  4 -1    0   0   0   0   3   0   0   0   4   7  60   0   6   3   0   0   0   0  14   2  0.86 inf
   43 I   -2 -3 -3 -4  2 -2 -3 -4  0  3  2  0  0  4 -3 -3 -1 -2  1  1    2   0   0   0   6   1   0   1   2  20  18   8   2  19   0   0   3   0   5   8  0.30 inf
   44 H    0  0  2  1  0  0  3 -1  2 -3 -1  1 -2 -3 -1  1 -1  0 -1 -3    6   4  11   6   2   2  22   3   5   0   6  11   0   0   2  10   2   1   3   1  0.19 inf
   45 R    0  3  1 -1 -3  1  2 -2  1 -3 -2  3  0 -4 -3  0  1 -4 -3 -2    7  18   5   2   0   5  13   1   4   0   3  23   3   0   0   6   8   0   0   2  0.34 inf
   46 E   -1  0  2  0 -3 -1  0  3  1 -2 -1  1 -1 -3  0  0  0  2 -3 -2    3   6  12   4   0   2   7  23   3   2   9   8   1   0   4   4   8   3   0   2  0.18 inf
   47 D   -1 -1 -1 -1 -2  0 -2 -2 -1  1  1 -1  1  1  0  0 -1  2  0  2    2   3   3   3   0   4   0   3   1  10  17   4   2   6   4   8   2   3   3  21  0.10 inf
   48 I   -2 -2 -1 -3 -3 -2 -1 -4 -1  4  2 -3  3  0 -4  0 -2  0 -2  2    2   1   3   0   0   1   4   1   1  32  18   0   7   4   0  10   1   1   0  11  0.40 inf
   49 E   -1  0  0  0  1  2  0 -2 -2 -2 -3  1 -3 -3  5  1  0 -4 -2 -3    5   4   5   6   3   9   5   2   0   3   2   9   0   1  27  14   4   0   2   1  0.45 inf
   50 W   -1  2 -1 -3  0  0 -2 -2 -3 -1 -1  1 -2 -2  0  0 -2  7 -2  1    6  13   3   1   2   3   2   2   0   2   5  11   0   1   5   7   1  20   1  14  0.48 inf
   51 E    0 -1  1  1 -2  0  1 -1 -1 -1 -1  1  1 -1 -1  1  1  1  1 -1    7   2   5  11   0   4   7   3   1   2   4   9   5   2   2  12  12   2   5   5  0.10 inf
   52 G    0 -1  0 -1  5 -1 -1  3 -2 -2 -2 -1  1 -2  0  0 -1 -2 -1 -2    8   2   5   3  13   2   3  29   1   3   4   2   4   1   5   5   3   0   3   2  0.31 inf
   53 I    0 -1  0  2  4  0  0 -1 -2  0 -1 -1 -1 -1  2  0  0 -2 -2 -1    6   4   5  14  12   3   7   5   1   6   5   3   1   2   9   7   5   0   1   4  0.15 inf
   54 E    0 -2  0  3 -3  0  2 -1  0 -2 -2 -1  0 -3  4  0 -1 -3 -2 -2    6   1   3  22   1   2  14   4   3   3   2   4   3   1  20   5   3   0   1   2  0.41 inf
   55 S   -1  0  0  2  2  1  1  0 -1 -2 -1  0 -2 -1  0  1  1 -2 -2 -1    4   3   3  15   6   6  10   6   1   1   6   5   1   2   5  13   7   0   1   4  0.13 inf
   56 G   -1 -1  1  1  2  0  1  2  0  0  0  0  1 -1 -1  0 -1 -2 -2 -1    2   3   6   7   5   3  14  16   2   7   7   5   6   2   2   7   3   0   1   3  0.08 inf
   57 S   -1 -1  2  0 -3  1 -1 -2  0 -3 -3 -1 -3 -3  4  3  1 -3 -3 -2    2   2  13   4   0   6   2   2   3   1   2   3   0   1  22  22  10   0   1   3  0.47 inf
   58 V    0 -1 -2 -3  0 -1 -1 -2  1  1  2 -2  1 -1 -1 -1 -1 -1  1  2    7   4   1   1   3   1   4   3   5   6  22   1   4   2   3   4   1   1   5  23  0.14 inf
   59 E    0  0 -1  0 -2  1  2 -2 -1  0  0  0  0 -2  1  0  1 -2 -1  0   10   4   2   2   0   8  18   2   1   6   8   2   2   1   6   7   9   0   3   9  0.09 inf
   60 Q   -1  1  0  0  1  1  3  0  1 -1 -2  3 -2 -2 -2  0 -1 -3 -1 -2    2   6   4   4   4   5  21   7   4   3   2  25   0   2   1   4   2   0   1   3  0.25 inf
   61 A    3 -2  0 -1  0 -1  0  0 -1 -2 -2  0 -2 -3 -1  2  0 -3 -2 -1   42   1   4   3   1   1   5   5   1   2   1   4   0   1   2  19   5   0   0   3  0.30 inf
   62 V    0 -3 -3 -3 -2 -2 -3 -1 -3  1  1 -2  1  3 -3 -1  0 -2  0  3    8   1   1   1   0   1   1   6   0   3  16   1   3  19   1   5   3   0   0  30  0.22 inf
   63 A    2  1 -1  0 -2 -1 -1  1 -2 -2 -2 -1  1 -2 -2  3  0 -3  0 -1   24   8   1   4   0   1   1   9   0   1   1   2   5   1   1  30   4   0   4   3  0.23 inf
   64 K   -1  1  2  3 -3  1  3 -1  0 -3 -3  1 -1 -3 -2  0  0 -3 -2 -3    2   5  10  22   0   7  22   2   2   1   1   9   1   0   1   7   5   0   0   1  0.37 inf
   65 F   -3 -3 -3 -3 -3 -3  0 -4 -2 -2  0 -3 -1  7 -1 -3 -3 -1  4 -2    1   1   1   1   0   1   7   1   0   1   7   1   0  61   3   1   1   0  13   1  1.01 inf
   66 F   -3 -3 -3 -4 -3 -3 -3 -4 -2  0  0 -3 -1  8 -4 -3 -3 -1  1 -1    1   1   1   1   0   1   1   1   0   4   7   1   0  73   1   1   1   0   0   5  1.22 inf
   67 S    0 -1  1  0 -2  1  0  2  1 -2 -2  0 -2 -3 -2  3  0  0 -2 -2    4   2   6   3   0   5   4  17   4   1   3   4   0   1   1  36   3   2   0   3  0.24 inf
   68 A    1  0 -1  0 -2  1  1  1 -1 -2 -1  1 -1 -2  1  1 -1 -2 -1 -1   16   5   1   3   0   7   8  12   0   1   7  11   0   1   6  17   1   0   2   2  0.14 inf
   69 S    1 -2 -1 -2 -2 -1 -1  1 -2 -2 -1 -1  0 -3 -2  4  0 -3 -2 -1    8   1   1   1   0   2   1  11   0   1   7   1   2   1   1  55   3   0   0   4  0.44 inf
   70 C   -1 -2 -2 -2  9 -2 -2 -2 -2 -1 -1 -2 -1 -2 -2 -1 -1 -2 -2 -1    3   2   1   2  68   1   2   2   1   2   3   2   1   1   2   2   2   0   1   2  0.96 inf
   71 V    1  1 -1 -1 -1 -1 -1 -1 -1  1  1  1  0 -1 -1  0  0 -2 -1  1   16   9   1   2   1   1   2   2   1  11  13  10   1   1   2   2   2   0   1  21  0.04 inf
   72 P    0 -2 -2  0 -2 -2 -2 -2 -2 -2 -2 -2 -2 -2  7 -1 -1 -3  0  1    9   1   1   5   0   1   1   1   0   1   2   1   0   1  56   1   1   0   4  12  1.01 inf
   73 G    0 -1  0  0  2 -2 -2  5 -2 -2 -3 -2 -2 -3 -2  0 -1 -2 -3 -2    5   3   3   4   6   1   1  56   0   4   2   1   0   1   1   4   4   0   1   1  0.55 inf
   74 A    1 -1  0 -1  0  0  0  1 -1 -1 -1  1 -1 -2  0  1  1 -2 -1  0   18   1   5   1   2   5   4  11   0   4   5  13   0   1   4   6  11   0   2   6  0.08 inf
   75 T   -1 -1  1  3 -3  1  0 -2  0 -2 -2  1 -1 -1 -1  1  2 -1 -1 -2    4   1   6  22   0   6   4   1   3   1   4   8   1   3   2  12  18   1   1   2  0.23 inf
   76 I    0  1  1  0 -3  1  0 -1 -1 -2 -2  2 -1 -2  1  0  0 -2  2 -1    9   8   8   5   0   5   4   3   1   2   2  20   1   0   8   5   4   0  10   6  0.16 inf
   77 E   -1 -2  2  0 -4 -1  0  0 -2 -3 -3 -2 -3  2  4  0 -1 -2  4 -2    3   1  10   5   0   1   6   7   0   0   0   1   0  11  22   9   3   0  18   1  0.43 inf
   78 Q   -1 -1 -1  2 -4 -1  3 -2 -3 -4 -2  0 -2 -4  5  2  0 -5 -4 -3    5   2   1  11   0   1  21   1   0   0   4   3   1   0  28  15   5   0   0   0  0.60 inf
   79 K   -2  1  5 -2 -4  2 -1 -1  0 -4 -4  2 -3 -5 -1  2  0 -5 -3 -4    0   7  33   0   0  11   1   4   2   0   0  15   0   0   3  19   5   0   0   0  0.61 inf
   80 L   -3 -4 -1 -5 -3 -4 -4 -5 -1 -1  5 -4  2  1 -5 -4 -3  0 -1 -1    0   0   4   0   0   0   0   0   2   0  76   0   4   4   0   0   0   1   2   3  1.01 inf
   81 C   -2 -4 -3 -4  9 -3 -4 -3 -3 -1 -2 -3 -3 -3  2 -1 -1 -3  1 -1    1   1   1   1  60   1   1   1   0   4   1   1   0   0  10   5   4   0   5   5  1.40 inf
   82 R    0  2  0  0 -2  3  1 -1  0 -2 -2  1 -2 -3 -2  1  1 -3 -2 -2    5  17   3   3   0  17  10   5   2   3   1   6   0   1   1  15   8   0   0   1  0.23 inf
   83 Q    0 -1  2 -2 -2  0 -2 -1 -2  0  3 -1  1 -1 -3 -1 -1 -3 -2  0    8   3  14   1   0   5   1   3   0   4  48   3   3   0   1   4   1   0   0   3  0.24 inf
   84 C   -2 -4 -4 -4 10 -4 -4 -4 -4 -3 -3 -4 -3 -4  2 -3 -3 -4 -4 -3    1   1   0   1  72   0   1   1   0   1   1   1   0   0  12   1   1   0   0   1  1.98 inf
   85 K    1  1 -1 -2 -2  1  0  0  3  0 -1  2  0 -2  0  0 -1 -3  0  0   14   7   0   1   0   6   6   7   8   6   5  14   2   0   3   7   3   0   4   5  0.10 inf
   86 G   -1 -3  1  0 -4 -3 -1  6 -3 -4 -4 -1 -4 -4 -3  0 -3 -4 -4 -4    5   1   6   4   0   1   5  62   0   1   1   4   0   1   1   6   1   0   0   1  1.10 inf
   87 D   -1 -1  1  3  2  0  2 -2  1 -2 -1  1 -1 -4 -1  1  0 -4 -3 -2    3   2   7  22   5   2  11   3   3   2   6  10   2   0   2  11   6   0   0   2  0.26 inf
   88 A   -1  0  1  1  4 -1  1  2  0 -2 -3  0 -3 -1 -1  2 -1 -4 -3 -2    4   4   6   7  10   2   9  20   2   2   2   6   0   3   2  16   2   0   0   3  0.23 inf
   89 K   -1  0  1 -1 -3  0  0 -2 -2 -2 -2  2  0 -1  3  2  1 -3 -1 -1    4   3   6   2   0   4   6   2   0   2   4  14   3   3  13  19  10   0   2   3  0.22 inf
   90 T   -2  1  2  2  6 -1  1 -2  3 -4 -3  0 -2 -4  0 -1  0 -4 -1 -3    3   7   9  10  22   3   9   3   7   0   2   5   1   0   5   4   7   0   2   1  0.48 inf
   91 K    0  1  0 -1 -3  1  0  0  0 -2 -2  3 -2 -1  0  1  0  0  1 -1    8   7   3   3   0   6   3   6   2   2   3  21   0   3   4  11   5   1   6   4  0.14 inf
   92 C   -1 -3 -3 -4 10 -4 -4 -3 -4 -3 -1 -2 -2 -2 -1  0 -1 -4 -4 -3    5   1   1   1  59   1   1   2   0   1   7   2   1   1   4   6   4   0   1   1  1.76 inf
   93 L   -1  0  2  2 -3 -2 -1 -1  2 -4 -3  0 -3 -1 -3  4  1 -4 -2 -3    4   5  10  14   0   0   2   5   5   0   1   5   0   4   0  34   7   0   1   1  0.42 inf
   94 R   -1  1  1  0 -3  1 -1 -3  3 -2 -2  1 -1  0  1  2 -1  0  3 -2    4   9   7   6   0   5   3   0   7   2   4   8   1   4   6  17   2   1  12   1  0.21 inf
   95 N   -2  0  4  2 -4  3  1 -2 -1 -4 -2  0 -3 -4  2  1  0 -4 -4 -3    1   5  19  14   0  13   7   3   1   0   5   3   0   0   9  12   7   0   0   1  0.40 inf
   96 A   -2 -3  2  4  4  0  5 -1 -3 -5 -3 -3 -4 -5 -4 -1 -3 -5 -2 -5    2   1   9  23   9   2  39   5   0   0   2   0   0   0   0   5   0   0   2   0  0.86 inf
   97 P   -1  2 -2  0 -4  0  0 -1 -2 -3  0  3 -1 -4  5 -1 -1 -4 -1 -2    3  10   1   5   0   4   4   4   1   1   9  20   1   0  26   2   3   0   2   2  0.47 inf
   98 Y   -3 -4 -3 -5 -5 -4 -4 -5  3 -1 -2 -4 -4  3 -5 -4 -2 -2  8 -4    3   0   1   1   0   0   1   1   7   4   4   1   0  10   0   1   2   0  63   1  1.79 inf
   99 S   -1 -2 -1 -3 -3 -3 -2 -2  1 -2 -1 -2 -3  3 -3  3 -1  5  6 -2    4   1   3   1   0   0   2   3   3   1   5   1   0  13   1  22   4   7  26   2  0.62 inf
  100 G   -1 -3  0  0 -3 -2  1  5  1 -4 -4 -2 -1 -4  0  1 -2 -3 -3 -3    3   1   3   5   0   0   9  52   4   1   1   1   2   0   4  11   1   0   0   1  0.67 inf
  101 Y   -2  1  0  2 -3  0  0 -2  2 -1 -2 -2 -2 -1  2 -1 -2 -1  5 -2    1   8   5  15   0   3   6   3   6   4   3   1   0   0   9   3   1   0  29   3  0.38 inf
  102 S    0  1  1  1 -2  1  1  0  0 -2 -1  0 -1 -1 -2  1  0  0 -1 -1    8  12   6   7   0   5  11   7   2   1  10   5   1   2   1  12   4   2   2   3  0.09 inf
  103 G    0 -3  2 -2 -3 -2 -3  6 -3 -4 -4 -2 -3 -4 -3  1  0 -4 -4 -4    5   1  12   1   0   0   1  61   0   1   1   1   0   0   1  10   4   0   0   1  0.96 inf
  104 A    5 -3 -3 -3 -2 -3 -3 -2 -3 -2 -3 -2 -3 -4  2  1  0 -4 -3  1   65   0   0   0   0   0   0   0   0   0   1   0   0   0  11   6   4   0   0   9  0.82 inf
  105 F   -3 -4 -4 -4 -3 -3 -4 -4 -3  0  3 -4  1  5 -4 -2 -3  6  1  0    1   0   0   0   0   0   0   0   0   3  35   0   2  32   0   4   0  12   3   4  0.81 inf
  106 Q   -2  4 -1 -2 -4  4  0 -3  0 -3 -3  3  0 -2 -3 -1 -2 -3  1 -2    2  24   2   1   0  25   2   0   1   0   2  24   2   2   0   2   0   0   7   3  0.58 inf
  107 C   -2 -4 -4 -4 10 -4 -4 -4 -4 -3 -2 -4  3 -3 -4 -3 -3 -3 -3 -2    1   1   1   1  77   1   1   1   0   1   1   1  10   1   1   1   1   0   0   1  2.25 inf
  108 L   -2 -3 -3 -4 -2 -3 -3 -4 -3  1  4 -3  4 -1 -3 -3 -2 -3 -2  1    1   1   1   1   0   1   1   1   0   6  60   1  16   1   1   1   1   0   0   7  0.68 inf
  109 K    1  0  0  1 -3  2  2 -2  0 -1 -2  2  0 -3 -2  0  0 -3 -2  0   15   4   2   6   0  13  16   0   2   2   2  16   3   0   0   4   4   0   0  10  0.20 inf
  110 D   -1 -2  3  4 -4  1  3 -1  1 -4 -4  1 -3 -4 -3  2 -1 -4 -3 -4    5   0  17  23   0   4  21   3   3   0   0   6   0   0   0  16   3   0   0   0  0.52 inf
  111 G   -1  1  1  1 -1 -2 -1  5 -3 -4 -4 -1 -4 -4 -3 -2 -2 -4 -3 -3    1  11   8   7   2   1   3  61   0   0   0   1   0   0   0   0   2   0   1   2  0.87 inf
  112 K    1  0  0  0 -2  0 -1  1  1 -1 -1  1 -1 -1 -2  0  0 -2 -2  0   19   5   5   4   0   3   2  13   6   2   6  14   1   2   1   5   2   0   0  11  0.08 inf
  113 G   -1 -3 -2 -1 -4 -3 -3  7 -3 -4 -4 -3 -4 -4 -3 -2 -3 -4 -4 -4    4   1   1   4   0   0   1  83   0   1   1   1   0   0   1   1   1   0   0   1  1.47 inf
  114 D   -3 -1  1  6 -4  2  2 -3  0 -4 -4 -2 -3 -4 -3 -1 -2 -4 -3 -4    1   2   3  60   0  11  10   1   2   1   1   1   0   0   1   4   1   0   0   1  1.01 inf
  115 V   -2 -4 -4 -4 -3 -4 -4 -4 -4  2  0 -4 -1 -2 -4 -3 -2 -4 -3  6    1   0   0   0   0   0   1   1   0   6   3   1   0   0   0   1   1   0   0  84  1.19 inf
  116 A    5 -3 -3 -3 -1 -2 -2  0 -3 -2 -1 -2 -2 -3 -2  1  0 -4 -3  0   68   0   0   0   1   0   1   4   0   0   5   1   0   0   0   7   4   0   0   6  0.70 inf
  117 F   -4 -4 -4 -5 -4 -4 -4 -4 -3 -2 -2 -4 -2  8 -5 -4 -4  7  3 -3    1   0   0   0   0   0   1   1   0   0   1   1   0  69   0   1   1  17   6   1  1.77 inf
  118 V    1 -3 -3 -3 -2 -3 -3 -3 -3  2  0 -3  1 -2 -3 -1  1 -3 -2  4   15   0   0   0   0   0   1   1   0  10   6   1   4   0   0   3   8   0   0  49  0.47 inf
  119 K   -3  3 -1  1  2 -1 -1 -3 -2 -4 -4  5 -3 -4 -1  0 -2  5 -3 -4    0  18   2   8   5   1   2   0   0   0   0  46   0   0   3   7   0   9   0   0  0.76 inf
  120 H   -3 -2 -1 -1 -4  1  0 -2  8 -3 -1 -2 -2 -3 -3 -1 -2 -4  2  0    0   0   1   3   0   7   6   3  47   0   8   1   0   0   1   5   1   0   7  10  0.82 inf
  121 T    0 -1  0  1 -2  0  0 -2  0  0  1  0  0 -1 -1  1  2 -3 -1 -1    4   0   3  11   0   5   5   2   3   5  19   6   1   1   1  12  17   0   2   2  0.09 inf
  122 T    0 -3  1  2 -3 -2 -1 -2 -2 -1 -2 -2 -2  1 -3  0  4 -3  2  0    6   0   6  12   0   0   2   2   0   4   0   0   0   5   0   3  38   0   7   4  0.26 inf
  123 V   -1 -3  2 -3 -2 -3 -3 -4 -4  3  1 -3 -1 -1 -2 -2 -1 -4 -3  5    5   0  12   0   0   0   0   0   0  16  10   0   0   2   1   0   2   0   0  51  0.55 inf
  124 Q   -1  1 -1  1 -3  1 -1 -2  0 -1  0  1 -1  1  4  0 -2 -1 -1 -2    2   8   2   7   0   7   2   1   2   4   9  11   2  10  23   8   0   1   1   1  0.29 inf
  125 E    1  0  0  3 -4  1  4 -1 -1 -4 -4  2 -3 -4 -2  1 -1 -4 -3 -2   13   3   2  16   0   3  28   4   1   0   0  12   0   0   0  12   2   0   0   2  0.42 inf
  126 N   -1 -2  4  2 -3  1 -1 -2  1 -1 -1 -1 -1  2 -2  0 -2  2  1 -2    4   1  28  11   0   6   2   2   3   4   6   2   2  10   2   5   1   3   7   2  0.26 inf
  127 A    1 -2 -1 -1 -2 -2 -1 -1 -2  1  0 -1  1  1  0  1  2 -2 -1 -1   11   1   1   4   0   1   2   3   0  11  11   2   6   9   5  17  14   0   1   2  0.12 inf
  128 P    0 -1  2  2 -3  1  1 -1 -2 -3 -2  0 -2 -3  4  0 -1 -3 -3 -2    7   2  13  11   0   5  11   5   0   1   5   6   1   0  21   4   3   0   0   3  0.34 inf
  129 E    1  0  1  2 -3 -1  1  2 -2 -3 -3  0 -3 -1 -1  2 -1 -4 -1 -3   12   4   7  11   0   1   9  20   0   1   1   4   0   3   2  21   1   0   2   0  0.30 inf
  130 E   -3  1  2  4 -5  0  4 -3 -1 -4 -3  2 -3  0 -3  0 -2 -5 -3 -3    1   7  12  21   0   2  27   0   1   0   2  14   0   5   0   5   2   0   0   1  0.56 inf
  131 K    0  3  2 -2 -4  0 -1 -1 -1 -3 -3  3 -1 -3  2  1 -1 -4 -3 -1    7  21  10   0   0   2   2   3   1   0   1  18   2   1  11  14   1   0   0   6  0.36 inf
  132 D   -1  0  2  4 -4  2  2 -1 -1 -4 -4  0 -1 -5 -2  2  0 -5 -4 -4    4   4  11  26   0  10  13   3   1   0   0   3   1   0   1  19   3   0   0   0  0.51 inf
  133 E   -3 -1  4  5 -5  2  2 -3  0 -5 -5  1 -3 -5 -4  0 -3 -6 -4 -3    0   1  21  39   0   9  11   1   1   0   0   8   0   0   0   4   0   0   0   2  0.86 inf
  134 Y   -5 -5 -5 -6 -5 -5 -5 -6 -2 -2 -2 -5 -1  6 -6 -2 -5 -1  8 -4    0   0   0   0   0   0   0   0   0   2   2   0   1  30   0   3   0   0  62   0  2.08 inf
  135 E    0  1  0 -1 -5  2  5 -2 -2 -4 -4  1  1 -5 -3  1 -2  2 -4 -2    6   8   4   1   0  10  44   2   0   0   0   6   4   0   0   8   1   3   0   2  0.61 inf
  136 L   -2 -5 -5 -6 -4 -4 -5 -6 -4  1  5 -5  0  1 -5 -4 -4 -3  4  0    3   0   0   0   0   0   0   0   0   6  66   0   1   5   0   0   0   0  16   3  1.06 inf
  137 L   -3 -5 -6 -6 -4 -5 -5 -6 -5  1  6 -5  0 -1 -5 -5 -4 -4 -3  1    1   0   0   0   0   0   0   0   0   6  81   0   1   2   0   0   0   0   0   9  1.31 inf
  138 C   -4 -4 -6 -7 11 -6 -7 -6 -6 -5 -5 -6 -5 -6 -6 -4 -4 -6 -6 -4    0   1   0   0  97   0   0   0   0   0   0   0   0   0   0   0   0   0   0   0  3.82 inf
  139 L   -1  1 -2  0 -4  1  1 -4 -3 -3  0  0  0 -4  6 -2 -1 -5 -3 -2    3   8   2   4   0   7  11   0   0   1   9   5   3   0  40   0   4   0   0   2  0.74 inf
  140 D   -4 -4  3  7 -6 -3 -1 -3 -1 -6 -6 -1 -5 -6 -4 -2 -4 -6 -5 -6    0   0  16  76   0   0   1   1   1   0   0   3   0   0   0   1   0   0   0   0  1.81 inf
  141 G   -2 -4  4 -2 -5 -1 -1  6 -3 -5 -5 -1 -3 -5 -4 -1 -2 -5 -5 -5    0   0  19   1   0   2   3  65   0   0   0   3   1   0   0   2   2   0   0   0  1.28 inf
  142 S   -2  1 -1 -2  1 -2 -2  1  2 -3 -4 -2 -3 -3 -2  3  4 -4 -3 -2    1   7   1   1   3   0   2  12   5   0   0   1   0   1   1  26  37   0   0   3  0.57 inf
  143 R   -3  6 -1 -3  1 -1 -1 -4 -2 -2  0  1 -3 -3 -1 -2  1 -1 -3 -1    0  54   2   1   3   1   4   0   0   3   8   5   0   1   3   0  10   1   0   4  0.76 inf
  144 Q    2  2 -2  0 -3  3  1 -2 -2 -3 -2  3 -1 -4 -3 -1 -2 -4 -3  0   25  14   0   4   0  14   6   1   0   0   2  21   2   0   0   1   0   0   0   8  0.41 inf
  145 P    0 -3 -1 -2 -4 -2  1 -2 -1 -5 -5 -1 -4 -5  7  2 -1 -5 -5 -4    6   1   2   2   0   1   9   2   1   0   0   3   0   0  54  15   3   0   0   1  1.25 inf
  146 V   -3 -4 -5 -5 -3 -3 -2 -5 -4  4  2 -4  1  0 -1 -4 -2  0  0  4    0   0   0   0   0   1   2   0   0  30  18   0   2   3   3   0   1   1   3  36  0.68 inf
  147 D   -2 -2  3  4 -4 -1  2 -2  0 -4 -3 -1 -2 -1 -3  1  2 -2 -3 -3    1   1  13  29   0   1  13   1   2   0   1   3   1   4   0  13  16   1   0   0  0.51 inf
  148 S   -1 -1  2  2 -4  2  3  1 -2 -4 -4  1 -3 -4 -3  1  0 -5 -4 -2    5   1  10  13   0   8  28  13   0   0   1   7   0   0   0   8   6   0   0   2  0.43 inf
  149 Y   -1 -2  0 -1 -4 -2 -2 -3  1 -3 -3 -2 -3  3 -4 -1  0  6  7 -3    5   1   4   3   0   1   2   1   3   0   1   2   0  10   0   3   6  13  41   1  0.97 inf
  150 K    0  2  0 -1 -4  1  2 -2  0 -3 -3  3 -2 -4  2  0 -2 -4 -3 -2    7  11   5   1   0   6  18   1   2   1   1  26   1   0  10   5   1   0   0   3  0.40 inf
  151 T    0  0  2  1 -3  1  1 -2 -1 -3 -4 -1 -3 -4  3  1  2 -4 -3 -2    8   6  11   9   0   5   8   2   1   0   0   3   0   0  15  12  18   0   0   2  0.36 inf
  152 C   -4 -8 -7 -8 12 -7 -8 -7 -7 -5 -5 -7 -5 -6 -7 -5 -5 -6 -6 -5    0   0   0   0 100   0   0   0   0   0   0   0   0   0   0   0   0   0   0   0  4.08 inf
  153 N   -3 -3  5 -3 -3 -1 -3 -4  7 -2 -4 -2 -4  0 -4  1  0 -4  2 -1    1   0  29   0   0   2   0   0  33   2   0   1   0   5   0  11   5   0   7   5  0.97 inf
  154 W   -4 -5 -6 -6 -4 -5 -6 -6 -5  1  5 -5  0  0 -6 -5 -3  8 -2  0    0   0   0   0   0   0   0   0   0   7  59   0   1   3   0   0   1  25   0   4  1.46 inf
  155 A    5 -4 -3 -3 -3 -3 -4  4 -4 -2 -2 -3 -3 -4 -4 -1 -3 -5 -1  0   54   0   0   1   0   0   0  30   0   2   2   0   0   0   0   2   0   0   2   7  0.87 inf
  156 R    0  4 -2 -3 -4  2 -1 -3 -1 -3 -1  3  1 -3 -2  0 -1  2  1 -2   10  26   1   0   0  10   1   0   1   0   7  20   4   0   1   5   3   3   6   2  0.37 inf
  157 V    1  2 -3 -3 -3 -1  0 -3 -3  1 -1  0 -2 -1 -4 -2  0 -4 -3  4   10  12   0   0   0   2   6   1   0   4   1   7   0   2   0   0   5   0   0  45  0.37 inf
  158 A   -2 -5 -5 -5 -6 -4 -4 -5 -5 -6 -6 -2 -6 -7  9 -2 -4 -7 -6 -6    2   0   0   0   0   0   0   0   0   0   0   3   0   0  92   3   0   0   0   0  2.82 inf
  159 A    5 -3 -2 -3 -2 -2 -2 -2 -3 -4 -4 -2 -3 -4 -3  4 -1 -5 -4 -3   54   0   0   0   0   0   0   0   0   0   0   0   0   0   0  46   0   0   0   0  1.00 inf

                      K         Lambda
Standard Ungapped    0.1331     0.3171
Standard Gapped      0.0476     0.2670
PSI Ungapped         0.1548     0.3117
PSI Gapped           0.0476     0.2670
