
Last position-specific scoring matrix computed, weighted observed percentages rounded down, information per position, and relative weight of gapless real matches to pseudocounts
           A  R  N  D  C  Q  E  G  H  I  L  K  M  F  P  S  T  W  Y  V   A   R   N   D   C   Q   E   G   H   I   L   K   M   F   P   S   T   W   Y   V
    1 R   -5  8 -4 -5 -7 -2 -4 -6 -4 -7 -6  2 -5 -7 -6 -4 -5 -6 -5 -6    0  90   0   0   0   0   0   0   0   0   0  10   0   0   0   0   0   0   0   0  2.41 inf
    2 D   -4 -4  5  7 -5 -2 -3 -3 -3 -7 -7 -3 -6 -7 -5  1 -4 -8 -6 -7    1   0  29  57   0   1   0   1   0   0   0   1   0   0   0   8   0   0   0   0  1.71 inf
    3 G   -4 -3  0 -5 -7 -4 -6  7 -6 -8 -8 -6 -7 -7 -6 -4 -6 -7 -7 -7    0   1   4   0   0   1   0  93   0   0   0   0   0   0   0   0   0   0   0   0  2.44 inf
    4 S   -1  4 -2 -1 -2  1  1 -2  0  0 -2  0 -3 -4 -4  2  2 -5 -3 -1    2  27   0   2   1   7   9   2   2   6   2   4   0   0   0  16  14   0   0   5  0.40 inf
    5 T   -2  3 -2 -3 -4  2  1 -4 -1 -1  0  3 -1 -2 -3 -1  2 -1 -1  1    2  17   1   0   0  10   7   0   1   2   9  20   1   1   1   4  12   1   2   9  0.32 inf
    6 E    0  0 -4 -2 -6  2  6 -5 -2 -2 -3  0 -2 -5 -4 -2 -1 -5 -1  0    8   4   0   0   0   8  54   0   0   2   3   4   1   0   0   1   4   0   3   8  0.88 inf
    7 R    0  0  0  0 -4 -1  1 -4 -4 -4 -3  0 -3 -3  6  0 -1 -3 -5 -3    9   5   4   6   0   2  10   0   0   1   2   6   0   1  43   6   3   0   0   1  0.88 inf
    8 I   -3 -5 -6 -6 -3 -4 -6 -6 -5  2  4 -5  0  4 -6 -5 -4  0  1  3    1   0   0   0   0   0   0   0   0  11  40   0   1  21   0   0   0   1   5  20  0.95 inf
    9 N   -3 -2  3  6 -2  1 -1 -3  2 -6 -5 -2  0 -5 -3  0 -3 -7 -4 -6    2   2  16  50   1   7   3   1   5   0   0   1   3   0   1   8   1   0   0   0  1.08 inf
   10 L   -1 -2 -4 -3 -2 -2 -1 -3 -1  2  2 -1  3  3  1 -2 -1 -1 -1  1    6   2   0   1   1   1   5   2   2  14  18   3   8  14   9   1   2   1   0  10  0.23 inf
   11 D    1 -1  1  4 -3  0  3 -1 -2 -3 -4  0 -3 -5 -2  1  0 -5 -3 -2   12   2   8  24   0   2  20   4   1   2   1   5   0   0   1   9   5   0   1   3  0.42 inf
   12 K   -2  4 -3 -2 -6  1  1 -5 -2 -6 -4  6 -5 -5 -5 -4 -3 -1 -5 -5    4  21   0   2   0   4   7   0   1   0   1  57   0   1   0   0   1   1   0   0  1.31 inf
   13 I   -3 -6 -7 -7 -5 -6 -6 -7 -6  6  4 -6  0 -1 -5 -5 -2 -3 -3  0    2   0   0   0   0   0   0   0   0  50  37   0   2   1   0   0   2   0   1   5  1.31 inf
   14 H   -1  3  2 -1 -3  1  0 -3  4 -1 -1  1 -1 -2 -4 -1  2 -4 -1 -1    3  17  10   2   0   5   6   1  10   4   5   6   2   1   0   2  18   0   2   4  0.26 inf
   15 R    2  3  0  0 -2  0  0 -1  0 -3 -3  3 -2 -4 -3  1  0 -5 -3 -2   18  21   4   4   1   2   6   3   2   1   2  17   1   0   0   8   6   0   0   2  0.32 inf
   16 V    0  3 -4 -4 -2 -2 -2 -4 -1  1  0 -1  1 -1 -4 -2 -1  3  1  2    8  22   0   0   0   1   2   0   2   9   9   3   4   1   0   3   3   5   5  19  0.31 inf
   17 L   -1 -5 -5 -6  2 -2 -4 -4 -5  5  2 -5 -1 -1 -5 -4 -1 -5 -3  3    4   0   0   0   4   2   1   1   0  36  20   0   1   2   0   1   3   0   0  22  0.77 inf
   18 D    0  1  0  1 -4  1  3 -2  1 -2 -3  1  0 -1 -3  1  1 -4 -3 -1    6   6   4   8   0   7  24   2   4   2   0   7   2   3   0  10   8   0   0   4  0.26 inf
   19 W    0  3 -1 -1 -5  0  2 -4  0 -3 -2  2 -3  0 -4  0 -3  8  0 -4    8  16   3   3   0   3  12   0   2   1   4  12   0   4   0   6   1  20   2   0  0.61 inf
   20 A    5 -5 -4 -5  0 -1 -4 -1 -5  0  2 -4 -2 -1 -4 -1 -2 -2 -4 -1   53   0   0   0   2   2   0   4   0   5  21   0   0   2   0   4   2   1   0   2  0.74 inf
   21 A    1 -5 -4 -4  9 -2 -3 -4  0 -1 -2 -3  0 -2 -5  1  1 -5 -5 -1   12   0   0   1  42   2   2   1   2   3   3   1   3   2   0   9   9   0   0   5  1.14 inf
   22 E    1  0 -2  1 -4  1  4 -4 -1 -3 -3  1 -3 -2 -4 -1 -1 -3  4 -2   12   6   1   6   0   6  30   0   1   1   2   9   0   1   0   4   3   0  14   2  0.43 inf
   23 G   -2 -2  2  2 -6 -4  0  6 -2 -6 -4 -4 -5 -6 -5 -3 -4 -6 -6 -6    2   2   9  11   0   0   6  63   1   0   2   0   0   0   0   1   0   0   0   0  1.27 inf
   24 L   -2 -4 -5 -5 -4 -4 -3 -5 -5  0  5 -2  0  2 -5 -4 -1 -4  0 -1    2   1   0   0   0   0   1   1   0   4  67   3   1   7   0   1   3   0   2   2  0.95 inf
   25 H   -1 -2  2  3 -5  0  3 -2  2 -4 -4  1 -4 -4  2  0 -1 -4  1 -3    5   1  10  17   0   3  20   3   5   0   0   7   0   0  10   5   4   0   5   2  0.40 inf
   26 N    0  0  3  3 -4  0  1  1  3 -3 -3 -1  0 -3  0  0 -1 -4 -3 -3    6   4  17  16   0   4   7  12   7   1   2   2   3   1   4   7   3   0   0   1  0.28 inf
   27 V   -2 -5 -2 -5  3 -3 -2 -3 -5  2  1 -4 -2 -1 -1 -4  0 -5 -2  5    2   0   2   0   6   1   2   2   0  11  12   0   0   3   4   0   5   0   1  48  0.68 inf
   28 S   -3 -2  2  6 -5 -1  0 -4 -2 -3 -6 -2 -5 -5 -2  3 -1 -6 -5 -5    2   2  10  45   0   2   6   0   1   1   0   2   0   0   2  21   4   0   0   1  0.98 inf
   29 I    2 -1 -3 -2 -3  0 -2 -1 -2  0 -2 -2 -1 -1  5 -1 -2  4 -3  2   16   3   1   2   0   4   2   3   1   5   3   1   1   2  25   4   2   5   0  17  0.42 inf
   30 S    0 -2  1  2 -1  0  1 -2 -2  0  0 -2 -1 -3 -2  2  0 -2 -1  0    9   1   6  11   1   4  11   1   0   7   8   1   1   0   1  21   5   1   3   7  0.15 inf
   31 Q    1  1 -2  0 -4  3  3 -3 -1 -3 -1  1  0 -3  0  0 -1 -3 -1 -3   15   9   0   4   0  12  23   0   1   1   8   8   2   1   4   5   3   0   2   1  0.30 inf
   32 V   -4 -5 -6 -6 -4 -3 -3 -6 -5  5  3 -5 -1 -1 -6 -5 -2 -2  2  4    0   0   0   0   0   1   2   0   0  33  25   0   1   1   0   0   2   1   6  28  0.94 inf
   33 E    1 -3 -3 -3 -4 -1  3 -4 -3  1  1 -1  0 -2 -4 -1  2 -1 -1  1   14   1   0   0   0   2  26   0   0   7  14   3   2   1   0   3  13   1   2  10  0.30 inf
   34 L    1  0 -1  0 -3  2  2 -3 -2 -1  1  0  3  0 -3 -1  0 -2 -3  0   11   5   2   6   0  12  17   0   0   3  12   4   8   4   0   3   5   0   0   7  0.16 inf
   35 R   -1  2  0  2 -4  0  3  0 -2 -3 -4  4 -2 -4 -4 -1 -2 -5 -4 -3    5  13   3  12   0   1  22   6   1   1   1  25   1   0   0   2   2   0   0   1  0.50 inf
   36 S    3 -4 -3 -3 -3 -3 -4 -4 -4  1  0 -3 -1 -3 -4  1  2 -5 -2  3   23   0   0   1   0   0   0   0   0   8  10   1   1   0   0  12  16   0   1  26  0.48 inf
   37 H   -1  0  0 -2  1  1  0 -3  2  2  1  0  1  0 -3 -1 -1  0  0  1    3   6   5   0   3   6   6   1   6  19  10   8   4   5   0   2   4   1   2   9  0.10 inf
   38 I    0  3  0 -2 -2  1 -1 -2 -2  3  0  2 -1 -3 -2  0 -1 -4 -3  0    6  18   3   1   1   6   3   2   0  20   8  15   1   0   2   7   4   0   0   3  0.22 inf
   39 Q   -1  0  3  0 -4  3  0  3 -1 -3 -2  0 -3 -2 -3  0  0 -4 -3 -4    4   6  18   3   0  15   5  22   1   2   5   5   0   2   0   5   6   0   1   0  0.35 inf
   40 F   -3 -2 -5 -6 -1 -4 -5 -3 -5  1  4 -3  1  4 -5 -2 -3 -3  0  1    1   2   0   0   1   0   0   2   0   8  49   2   2  17   0   3   1   0   2  10  0.75 inf
   41 Y   -4  2 -1 -4 -4 -2 -2 -4  1 -4 -4  1 -4  2  1 -3 -1 -2  7 -2    0  11   3   1   0   2   3   1   3   1   0  10   0   8   6   2   3   0  45   2  1.03 inf
   42 D   -2 -3  1  6 -2  0  3 -2 -2 -6 -6  0 -5 -6  1 -1 -2 -6 -3 -5    3   0   6  51   1   3  15   2   1   0   0   5   0   0   6   4   2   0   1   0  1.06 inf
   43 G   -3 -2  1 -2 -3 -2 -1  6 -3 -6 -6  0 -3 -4 -3 -2  0 -6 -5 -3    0   1   7   2   0   2   4  65   0   0   0   6   1   1   1   2   5   0   0   2  1.19 inf
   44 I   -1 -4 -5 -6  0 -5 -5 -6 -3  5  0 -4  6 -3 -5 -4 -2 -5 -2  4    5   1   0   0   2   0   0   0   1  28   4   1  20   0   0   1   2   0   1  34  1.03 inf
   45 K   -1  0 -1 -2 -4 -2 -1 -3 -3 -4 -4  2 -4 -5  1  3  5 -6 -5 -3    4   4   2   2   0   1   3   1   1   0   1  12   0   0   7  18  43   0   0   1  0.77 inf
   46 T    0 -2 -3 -1 -4 -1  1 -3  0 -1 -2 -2  0 -2 -1  0  5 -5 -2 -1    6   1   0   3   0   3  11   1   3   4   2   1   3   1   3   6  47   0   1   4  0.63 inf
   47 S    0  1 -1  2 -2  2  3 -2 -1 -2 -4  2 -3 -4 -3  2  0 -5 -2 -1    9   6   2  12   1   8  19   1   1   2   0  13   0   0   0  15   5   0   1   6  0.32 inf
   48 D   -1 -2 -2  4 -7  3  6 -5 -3 -5 -6  0 -4 -4 -5 -3 -4 -6 -5 -4    6   1   1  21   0  12  51   0   0   0   0   4   0   1   0   0   0   0   0   1  1.22 inf
   49 I   -2 -3 -5 -6 -1 -3 -5 -4 -4  5  4 -3  1 -1 -5 -3 -2 -5 -3  2    2   2   0   0   1   1   0   1   0  34  36   2   3   2   0   1   1   0   0  14  0.78 inf
   50 H   -1  0  0  3 -3  4 -1 -3  3 -2  0 -2  0  0 -3 -1 -2 -3  2 -1    5   4   4  19   0  21   2   1   8   2  10   0   3   3   0   4   2   0   8   4  0.33 inf
   51 E   -2  0  3  3 -5  2  3 -3 -1 -4 -2  2 -1 -5 -3 -1  0 -1 -4 -3    3   4  13  19   0  11  18   1   1   0   3  14   2   0   0   3   6   1   0   1  0.48 inf
   52 T    3 -3  0 -3 -2 -2 -2 -3 -1 -1  2 -3  1 -2 -3  1  2 -4  0 -1   28   0   5   0   1   1   1   1   2   3  21   1   3   1   0  12  15   0   3   2  0.33 inf
   53 I    2 -4 -5 -5  1 -3 -5 -5 -5  2  4 -4  2 -2 -2 -1 -2 -4 -4  0   17   0   0   0   2   1   0   0   0  10  51   0   5   1   2   4   2   0   0   6  0.69 inf
   54 I    2 -4 -5 -4 -2 -2 -5 -5 -5  6 -1 -3  1 -4 -5 -3  0 -5 -4  2   17   1   0   1   1   2   0   0   0  55   3   1   3   0   0   1   5   0   0  11  1.00 inf
   55 K   -1  1  1 -1 -4  3  2 -3 -1 -2  1  3  3 -2 -4 -2 -2 -4 -3 -3    4   7   6   3   0  13  14   1   1   1  17  20  10   1   0   0   1   0   0   0  0.38 inf
   56 A    3 -3 -2 -2  1 -2  0 -2 -1 -1 -3 -1  0 -3 -3  2  3 -4 -2  0   28   0   1   1   3   1   8   1   1   3   1   4   2   0   0  12  24   0   1   8  0.40 inf
   57 A    6 -5 -5 -5  3 -4 -4 -1 -5 -4 -2 -4 -1 -5 -4  0  0 -6 -5 -4   73   0   0   0   7   0   0   3   0   0   3   0   2   0   0   6   5   0   0   0  1.34 inf
   58 A    3  3 -3 -4 -3 -2 -2 -3 -4  0  2 -2 -1 -3 -4 -2 -2 -5 -4  2   33  18   1   0   0   0   3   1   0   6  18   1   1   0   0   2   2   0   0  15  0.46 inf
   59 D    1 -3  2  3 -4  0  3 -2 -3 -4 -4 -2 -3 -4 -3  1  2 -4  1 -2   10   0   9  15   0   2  25   2   0   1   1   1   0   0   1  12  13   0   7   2  0.44 inf
   60 L   -2  1  0 -4 -1 -2 -3 -5 -1 -2  4  1  5 -1 -5 -1 -1 -1 -1 -2    2   9   4   0   1   2   1   0   2   0  42   9  17   1   0   4   4   1   2   0  0.57 inf
   61 I   -1 -5 -4 -3  0 -3 -4 -5 -5  5  0 -4  1 -3 -4 -3  3 -5 -4  3    3   0   0   1   2   1   0   0   0  41   7   0   3   0   0   1  22   0   0  16  0.86 inf
   62 S   -1 -2 -1  2 -2 -1  2 -2 -3 -1 -4 -1 -3 -4 -3  4  3 -4 -3 -3    4   1   1   9   1   1  16   2   0   4   1   3   0   0   1  34  19   0   1   1  0.54 inf
   63 R    0  1 -2 -1 -3  2  2 -3  0  0 -2  3  0 -2  2 -2 -1 -4 -2  0    7   9   0   3   0   9  14   1   2   6   2  20   3   2  10   1   3   0   1   8  0.25 inf
   64 D   -2 -1  0  4 -5  1  4 -3  0 -3 -3  0  0 -5 -4 -1  1 -5 -4 -3    3   2   3  23   0   5  34   1   2   1   3   5   3   0   0   2  10   0   0   1  0.65 inf
   65 A    1 -1  0  1 -1 -1  3 -2  5 -3 -3 -1 -3 -1 -2  0  1 -3  0 -2   15   3   5   6   1   2  24   2  15   2   1   2   0   2   1   4   9   0   3   2  0.37 inf
   66 P   -3 -6 -6 -5 -6 -3 -3 -6 -6 -5 -6 -5 -6 -6  8 -2 -4  2 -2 -6    2   0   0   0   0   1   1   0   0   1   0   0   0   0  84   3   1   2   2   0  2.59 inf
   67 D    0 -1  3  5 -5  0  1 -2  0 -1 -4  0 -2 -5 -4 -1 -2 -6 -5 -3   10   4  17  38   0   3   9   1   2   4   1   5   1   0   0   3   1   0   0   1  0.70 inf
   68 Y   -3 -7 -7 -8 -7 -6 -7 -7  1 -6 -6 -7 -6  1 -8 -7 -6 10  8 -6    2   0   0   0   0   0   0   0   3   0   0   0   0   4   0   0   0  40  51   0  3.01 inf
   69 Q    1 -1 -1  1 -4  3  2 -1  0 -4 -3 -1 -3 -4 -3  2  3 -5 -1 -3   14   2   2   9   0  13  15   4   2   0   2   2   0   0   0  15  18   0   2   0  0.39 inf
   70 Y   -3  1 -1 -2 -3  0 -3 -5  0  0 -1  0  1  4 -5 -3  0 -2  6 -1    2   7   3   2   0   5   1   0   1   5   6   6   3  19   0   1   6   0  30   3  0.62 inf
   71 L    0 -5 -5 -5 -4 -4 -3 -4 -5  3  2 -4  3  0 -2 -3 -2 -5 -3  4    9   0   0   0   0   0   1   1   0  15  22   1   7   4   2   1   1   0   0  37  0.70 inf
   72 A    6 -5 -5 -5  0 -5 -5 -2 -5 -5 -5 -4 -5 -6 -5  0  2 -6 -6 -4   78   0   0   0   2   0   0   2   0   0   0   0   0   0   0   7  11   0   0   0  1.59 inf
   73 A    6 -2 -5 -5 -4 -4 -3  2 -5 -5 -5 -3 -5 -6 -5  0 -1 -6 -6 -4   72   2   0   0   0   0   1  14   0   0   0   1   0   0   0   6   3   0   0   0  1.36 inf
   74 R   -1  8  0 -4 -7 -3 -2 -4 -2 -7 -5  0 -5 -7 -6 -4 -3 -2 -3 -6    5  79   4   1   0   0   3   1   1   0   1   4   0   0   0   0   1   1   1   0  1.95 inf
   75 L   -3 -5 -6 -6 -2 -2 -6 -5 -6  3  5 -5  0  0 -6 -3 -4 -5 -2  1    1   0   0   0   1   3   0   1   0  15  66   0   1   4   0   1   0   0   1   6  1.13 inf
   76 A    1  0 -4 -5  0 -3 -4 -5  0 -2  4 -2  1  2 -5 -2 -3 -3  4 -2   13   5   1   0   2   1   1   0   3   1  46   2   3   8   0   2   1   0  13   1  0.61 inf
   77 I    0 -2 -2 -2 -1 -2 -4 -4 -4  2  4 -4  4 -2 -5 -2 -1 -4  0  2    7   2   2   2   1   1   0   1   0  12  38   0  10   1   0   2   4   0   3  13  0.48 inf
   78 F   -1 -1  0  2 -1  1  0 -1  2 -1 -1  0  1  3 -3  1  0  2  2 -2    2   2   3  11   1   6   4   3   5   2   5   4   4  16   0  12   4   3   9   2  0.18 inf
   79 H   -1  1  3  2 -2  2  1 -2  2 -2 -3  1 -2 -3 -3  1  0  0  0 -2    4   7  17  10   1   9   7   2   6   3   2   9   1   1   0  10   6   2   3   2  0.24 inf
   80 L   -3 -5 -6 -6 -4 -5 -6 -6 -6  4  5 -5  2  2 -6 -3 -3  0 -2  0    2   0   0   0   0   0   0   0   0  23  55   0   4   7   0   1   1   1   1   4  1.05 inf
   81 R   -2  4  0 -2 -2 -1  0 -4  5 -5 -4 -2 -3 -2 -5 -2 -3  1  6 -3    4  26   5   2   1   2   5   1  15   0   0   1   1   0   0   2   1   2  30   2  0.96 inf
   82 K   -2  4  0 -1 -1  0 -1 -3  1 -4 -4  6 -4 -4 -4 -2 -3 -3 -1 -5    4  19   3   2   1   2   3   1   3   1   1  53   0   1   0   1   1   0   2   0  1.03 inf
   83 K    0  1  1  1 -2  1  1 -2  2  0 -1  1  1 -2 -2  0  1 -3 -2  0    8   8   7   8   0   7   8   1   7   8   1   8   7   0   0   8   8   0   0   8  0.11 inf
   84 A    1 -1  0 -2 -2  0 -1  0 -2  0  0 -1  1  0  0  0  2 -3 -2  1   14   4   4   0   0   4   4   7   0   5   7   0   4   4   4   5  21   0   0  13  0.11 inf
   85 Y   -1 -1  0 -2  0 -3  0 -3 -1 -1  2  1  0  2 -4  0  0  0  4 -2    5   3   4   2   2   0   8   1   1   2  20   9   2   7   0   8   6   1  17   2  0.25 inf
   86 G   -2  0  0  0 -5  0  1  4  1 -4 -4  3 -4 -6 -3 -1  0 -5 -5 -3    3   4   4   4   0   4  10  33   4   1   1  19   0   0   1   4   5   0   0   1  0.57 inf
   87 Q   -2  2  0 -1 -4  4  1 -1  1 -3 -2  1 -1  1 -2  1 -1 -1  0 -2    3  10   5   2   0  18  10   5   3   1   4   6   1   7   1  12   3   1   4   2  0.25 inf
   88 F   -1  1  0 -1 -4 -3  1 -3 -1 -1  1 -2  0  5 -2 -2 -2  1  3 -1    5   8   4   3   0   0   9   2   2   3  13   1   2  26   2   2   3   2   8   5  0.36 inf
   89 E   -1 -1  1 -1 -2  1  2  3  1 -3 -3  0 -2 -4 -1  2  0 -4  0 -2    2   2   6   3   1   5  14  20   3   1   1   6   1   0   2  18   6   0   4   3  0.30 inf
   90 P   -1  0 -2  1 -2 -1  0 -2  0  2  0 -1  2 -1  2 -2 -2 -3  5 -1    4   5   1   7   1   3   6   3   2  15   7   3   6   1  12   3   1   0  19   2  0.30 inf
   91 P    0  0 -1  0 -2  1  1  0  0 -3 -3  1 -2 -2  3  0  1 -2 -1 -1    8   6   3   5   1   5   9   9   2   1   2  10   1   1  17   5   9   0   2   4  0.23 inf
   92 A    1 -2  0  3 -1 -1  0 -1  2 -2 -3 -1 -1 -2 -1  2  1 -2  0  0   11   2   5  18   1   2   5   4   6   2   1   3   2   1   3  16   9   1   4   6  0.23 inf
   93 L   -2 -1 -4 -3 -3 -3 -3 -3  0  0  4 -3  2  5 -4 -3 -3 -4  1  0    3   4   1   1   0   1   2   2   2   4  34   2   4  26   1   1   2   0   5   5  0.68 inf
   94 Y   -2  0 -4 -2 -4 -3 -1 -5  0 -1 -3  1 -5  1  0 -1 -3 -3  8  0    3   5   0   2   0   1   4   1   2   3   3   8   0   5   6   4   2   0  45   6  1.05 inf
   95 D    1 -1  1  4 -4  2  3 -1  2 -5 -2 -1 -2 -3 -3 -1 -1 -6 -3 -4   10   3   8  21   0   7  22   5   4   0   4   4   1   1   1   3   3   0   1   1  0.46 inf
   96 H   -2 -2 -3 -5 -6 -2 -3 -6  6 -3  1  0 -1  2 -6 -2 -1  0  7 -3    3   2   1   1   0   2   2   0  19   1  11   7   2   9   0   3   4   1  31   2  1.01 inf
   97 V   -3 -5 -4 -4 -5 -2 -5 -6 -1  4  2 -3  0  3 -4 -4 -3 -5  2  4    1   0   1   1   0   2   0   0   2  26  15   2   2  12   1   1   1   0   6  27  0.79 inf
   98 V    0  1  3  0 -3  1  1 -3  2 -3 -3  3 -2 -3  0  0  0 -1 -3 -1    9   8  14   4   0   5   8   1   5   1   2  17   1   1   5   7   7   1   1   4  0.27 inf
   99 K   -1  2  0 -1 -5  1  2 -3  1 -3 -3  3 -1 -1 -1 -1  0 -4  3 -1    5  12   4   2   0   5  12   2   4   1   1  21   2   3   3   4   7   0  11   4  0.33 inf
  100 M   -1 -1  1 -2 -1  0 -2  2  0 -1  1  0  2  1 -3 -2  0 -3  2 -1    4   2   8   2   2   4   1  17   2   2  18   5   7   5   0   2   8   0  10   3  0.17 inf
  101 V   -1 -2  1 -1 -1 -2  0 -2  0  2 -1 -2 -1 -1  1 -1  1 -4 -1  3    3   2   7   4   1   1   7   4   3  14   5   2   1   2   7   2  12   0   3  21  0.16 inf
  102 E   -1  2  0  1 -5  1  3 -3  1 -3 -4  3 -2 -2  0  0 -2 -5 -1 -3    5   9   4   9   0   4  24   2   4   1   2  19   1   1   4   6   2   0   2   1  0.42 inf
  103 M    1  1  2  0 -3  1  1 -3  1 -1 -1  1  0  0 -1 -1  1 -3 -1 -1   13   9  10   3   0   5  11   0   5   3   7   8   3   5   3   3   8   0   2   2  0.12 inf
  104 G    0 -1  2 -1 -1 -1  0  5 -1 -2 -3  0 -1 -5 -2 -1 -2 -5 -2 -3    7   3   8   2   2   2   6  47   2   2   3   5   1   0   2   4   2   0   2   2  0.64 inf
  105 K   -1  1 -1 -1 -3  1  0 -1  0  2  1  1  1  0  0 -1 -1 -3  0  0    4   8   3   3   0   6   7   3   3  14  12   9   4   3   5   3   3   0   4   7  0.05 inf
  106 Y   -1  0 -1 -1 -3  0  0 -3  1  0  1  1  2  0  0 -1 -1  3  3 -1    5   5   3   3   0   4   5   0   3   6  13   9   7   3   5   4   3   4  14   3  0.15 inf
  107 D    2 -3  0  4 -4 -2 -1  2 -1  0 -2 -2 -2 -4 -2  2 -1 -5 -3 -1   15   1   3  27   0   1   4  13   1   6   3   2   1   1   2  14   3   0   1   3  0.40 inf
  108 N    0 -1 -1  2 -5  0  2  0 -3 -4 -3  1 -2 -3  4  2 -1 -5 -3 -4    7   2   3  11   0   4  13   6   0   1   3   8   1   1  22  14   3   0   1   1  0.45 inf
  109 H   -2  2 -1  2 -5 -2  1 -1  3 -2  1  0  3 -2 -1 -2 -3 -4  3 -3    3  12   2  12   0   1   8   4   8   1  17   6   8   1   3   3   1   0  11   1  0.29 inf
  110 L   -3 -5 -5 -4 -4 -5 -1 -6 -5  5  4 -4  2  0 -5 -4 -3 -5 -2  0    1   0   0   1   0   0   5   1   0  31  41   1   4   3   0   1   2   0   1   6  0.94 inf
  111 L    0 -2 -2  1 -3 -3 -3 -4 -1  0  4  0 -1 -3 -4  1  1 -1 -3  0    9   2   1   7   0   1   1   1   2   5  40   5   1   1   0  10   8   1   1   5  0.36 inf
  112 E    0  0 -1  3 -4  1  4 -2 -1 -4 -2  1  0 -3  1  0 -1 -2  0 -3    9   3   2  14   0   5  25   2   2   1   3   9   2   1   6   7   4   1   4   1  0.34 inf
  113 D    0  0  1  4 -2  0  1 -1  1 -3 -3  2 -2 -1 -3 -1 -1 -2 -1 -2    7   5   8  24   1   3  10   5   4   1   3  12   1   3   1   4   4   1   3   2  0.29 inf
  114 Y   -4 -5 -5 -4 -5 -5 -4 -5 -2  2  1 -5  0  3 -5 -4 -2  0  8  0    1   0   0   1   0   0   1   1   1  12  12   1   3  11   0   1   2   1  43   7  1.21 inf
  115 T    1 -2 -1 -2 -3 -1 -2 -2  1  0 -2 -1 -1 -2 -2  3  3 -2  1  2    9   2   2   1   0   3   2   3   3   5   3   4   1   1   1  21  17   1   5  14  0.24 inf
  116 E    0  2  0  1 -4  3  2 -3 -1 -3 -2  3  1 -2 -1 -1 -1 -4  0 -3    8  11   3   7   0  12  16   2   1   1   3  17   4   2   2   3   4   0   3   2  0.30 inf
  117 E    0  0 -1  1 -4  1  4 -3 -3 -3 -3  2 -2  3 -4 -2 -2 -4  0 -3    9   4   3   9   0   5  28   2   0   1   2  14   1  14   1   2   2   0   3   1  0.47 inf
  118 E   -4 -5  4  5 -7 -1  5 -6  6 -7 -7 -4 -6 -7 -6 -4 -4 -7 -3 -7    1   0  18  30   0   2  30   0  15   0   0   0   0   0   0   0   1   0   1   0  1.50 inf
  119 F    2 -4 -5 -5 -3 -3 -4 -4  0  3  4  0 -1  2 -5 -3 -2  1 -1 -2   21   1   0   0   0   1   1   1   3  15  34   6   1   9   0   1   1   2   2   1  0.57 inf
  120 K    1  0  1  5 -6  0  4 -4 -3 -4 -3  0 -3 -4 -3 -2 -3 -7 -3 -3   11   4   5  32   0   4  26   1   0   1   3   5   1   1   1   2   1   0   1   2  0.75 inf
  121 Q   -1  4 -4 -1 -6  1  4 -5 -2 -2 -2  2 -2 -2 -5 -3 -1 -6  0 -3    6  24   0   3   0   5  28   0   1   3   4  13   1   2   0   0   4   0   3   2  0.66 inf
  122 M    1 -4 -5 -6  0 -4 -5 -5 -5  1  5 -4  3  1 -5 -2 -3 -4  0 -1   14   0   0   0   2   0   0   0   0   6  57   0   8   5   0   3   0   0   3   3  0.79 inf
  123 D    1 -3  3  3 -4  1  2  2 -2 -4 -4 -1 -1 -4 -3  0 -1 -5 -1 -2   14   0  18  20   0   6  14  14   0   0   0   2   2   0   0   4   2   0   3   2  0.45 inf
  124 T    2  0  1  0 -1  1  1  1  0 -3 -2  1 -2 -2 -3  2  0 -4 -2 -2   17   6   6   5   1   5   8   9   2   0   3   8   0   1   0  21   5   0   1   1  0.20 inf
  125 F    3 -2 -2 -3 -1 -1 -1 -3  0 -2 -1 -1  1  4 -4 -2 -1  3  3 -1   29   1   1   1   1   2   4   0   2   2   3   4   4  23   0   2   2   4  12   3  0.45 inf
  126 I   -1 -5 -6 -6 -4 -5 -6 -6 -6  6  3 -5  3 -3 -5 -5 -3 -5 -4  2    4   0   0   0   0   0   0   0   0  57  23   0   8   0   0   0   0   0   0   8  1.23 inf
  127 D   -2  0  2  5 -2 -1  0 -4 -2  0 -3  2 -3 -5 -4 -2 -3 -6 -4  1    3   4   9  43   1   2   5   0   0   6   2  13   0   0   0   0   0   0   0  10  0.67 inf
  128 H   -1 -4 -2 -3 -4 -2 -1 -4  6 -3 -3 -3 -2 -2  6 -2 -3 -4  4 -4    4   0   1   1   0   1   4   1  21   1   2   1   1   1  39   1   1   0  18   0  1.18 inf
  129 D   -1 -2  0  4 -5  0  4 -3 -3 -5 -4  0 -4 -4 -2  2 -1  4 -1 -4    4   1   4  23   0   2  31   1   0   0   1   5   0   0   1  16   2   5   2   1  0.64 inf
  130 R   -2  8 -3 -5 -4 -2 -3 -3 -1 -6 -2  1 -4 -6 -5 -4 -4  2 -5 -5    3  79   0   0   0   0   0   2   1   0   5   6   0   0   0   0   0   2   0   0  1.77 inf
  131 D   -5 -5  1  8 -7 -4 -2 -5 -5 -7 -7 -4 -7 -7 -3 -2 -3 -8 -7 -7    0   0   5  91   0   0   0   0   0   0   0   0   0   0   1   2   1   0   0   0  2.36 inf
  132 M   -2  0 -1  1 -2  0  0 -4  0 -1  2  0  4  4 -4 -2 -2  0  2 -2    1   4   3   8   1   4   5   0   2   1  22   6  13  18   0   1   2   1   6   0  0.28 inf
  133 T   -2  1  3  1 -4  3  0 -2 -2 -2  3 -1 -1 -3 -4 -1 -1 -4 -2 -1    1   6  15   9   0  16   5   3   0   1  32   3   1   0   0   3   3   0   1   2  0.30 inf
  134 F   -5 -6 -6 -5 -2 -4 -6 -6 -4 -2  1 -6 -2  8 -7 -5 -5 -1  5 -4    0   0   0   1   1   1   0   0   0   1  10   0   0  65   0   0   0   0  20   0  1.89 inf
  135 S   -1 -2  3  3 -3  0  0  1 -2 -4 -4 -1 -4 -5 -1  1  3 -5 -4 -4    3   1  15  20   0   3   6   9   1   0   0   3   0   0   3  12  23   0   0   0  0.49 inf
  136 Y   -5 -6 -6 -7 -6 -5 -6 -7  1 -3 -4 -6 -5  2 -7 -4 -5  0 10 -5    0   0   0   0   0   0   0   0   3   1   0   0   0   7   0   1   0   0  87   0  2.75 inf
  137 A    2 -4 -1 -4 -3 -2 -3 -2 -3  1  2 -2  1  5 -3  1 -2 -3 -1 -1   23   0   3   0   0   1   1   1   0   6  19   1   3  28   1  11   1   0   0   1  0.43 inf
  138 A    2 -5 -4 -4 -5 -5 -5  7 -5 -6 -6 -4 -5 -6 -5 -2 -4 -6 -6 -3   15   0   0   0   0   0   0  81   0   0   0   0   0   0   0   2   0   0   0   2  1.81 inf
  139 V    0 -4 -5 -5 -3 -4 -5 -5 -4  2  4 -4  1  3 -5 -3 -2 -3  0  2    7   0   0   0   0   0   0   0   0   8  46   0   2  15   0   0   1   0   3  18  0.71 inf
  140 K   -2  2 -1  1 -5  4  0 -3  0 -3 -3  5 -1 -3 -3 -2 -2 -4 -1 -1    2  12   2   8   0  18   3   0   2   1   1  37   2   1   0   1   1   0   2   5  0.58 inf
  141 Q   -3 -3 -2 -4 -4  4 -3 -5 -1 -1  2 -3  0 -4 -4 -2  6 -5 -4 -3    0   0   2   0   0  21   0   0   1   3  17   0   3   0   0   0  53   0   0   0  1.02 inf
  142 L   -4 -5 -6 -6 -4 -5 -6 -6 -5  1  6 -5  2  1 -6 -5 -4 -4 -3  1    0   0   0   0   0   0   0   0   0   4  76   0   5   6   0   0   0   0   0   9  1.29 inf
  143 E    0  0 -1 -3 -3 -1  3 -4 -1 -1 -1 -1 -1  0 -4 -2  0 -2  5 -1    9   5   3   0   0   2  26   0   1   4   4   3   2   2   0   1   5   0  28   4  0.49 inf
  144 G   -2  3  1  5 -5 -1  0  1 -2 -5 -5  2 -4 -5 -4  0 -1 -6 -5 -5    1  17   5  40   0   1   3  12   1   0   0  11   0   0   0   6   2   0   0   0  0.76 inf
  145 K   -3  7 -3 -4 -6 -2 -3 -4 -3 -6 -4  4 -4 -6 -5  2 -3 -6 -5 -5    1  59   0   0   0   0   0   0   0   0   1  23   0   0   0  15   0   0   0   0  1.45 inf
  146 Y   -6 -6 -6 -7 -7 -5 -6 -7 -1 -5 -5 -6 -5 -1 -7 -6 -6 -2 10 -5    0   0   0   0   0   0   0   0   1   0   0   0   0   0   0   0   0   0  99   0  3.33 inf
  147 L   -2 -5 -6 -6 -1 -5 -5 -2 -5 -1  5 -5  0  3 -5 -3 -3 -4 -3  0    3   0   0   0   1   0   0   3   0   0  71   0   1  15   0   1   0   0   0   4  1.09 inf
  148 V    0 -3 -4 -5 -2 -4 -4 -4 -4  4  4 -4  0 -1 -4 -3 -2 -4 -3  2    6   1   1   0   0   0   0   1   0  24  43   0   1   1   0   1   2   0   0  16  0.65 inf
  149 Q   -2  4 -1 -1 -2  3  0 -2  2 -3 -3  4 -2 -3 -1 -1  0 -3 -2 -2    2  21   1   2   1  18   2   2   6   1   2  28   0   1   3   2   5   0   1   2  0.54 inf
  150 N   -1 -1  4  4 -3 -1 -1  0  4 -2 -3 -1 -2 -3 -2  0  1 -2 -2 -2    3   2  21  25   0   2   2   7  10   2   2   3   1   1   1   4  10   1   1   2  0.41 inf
  151 R   -2  5  0 -1 -3  0  0 -2  5 -2 -2  1 -2 -2  2 -1 -1 -3 -2 -2    3  33   4   2   0   2   5   2  15   3   4   6   1   2  11   2   2   0   1   2  0.48 inf
  152 V   -1 -2 -1  0 -2 -1 -1 -2  0  2  0 -1  0  0 -1  0  0  0  1  2    4   1   2   6   0   3   4   3   2  15   8   5   1   4   2   9   4   1   5  21  0.06 inf
  153 T   -2 -1  4  3 -3  0  0 -1  0 -3 -3  0 -3 -4 -3  1  3 -4 -3 -3    2   3  20  15   0   4   6   5   3   1   1   6   0   0   0   8  25   0   0   1  0.44 inf
  154 G   -2  3  0 -1 -5 -2 -2  6  2 -5 -5  1 -3 -4 -4 -2 -3 -5 -4 -5    1  15   4   2   0   1   2  55   6   1   0   9   1   1   0   1   0   0   0   0  0.95 inf
  155 E   -1  2  0  0 -3  2  2 -2  0 -1 -2  3 -1 -3 -1 -1  0 -4 -3 -1    5  10   4   4   0   7  18   1   3   3   3  23   1   0   3   2   5   0   0   6  0.26 inf
  156 I   -1  2 -3 -4 -1 -2 -2 -4 -2  4  0 -1 -1 -1  1 -2 -1 -4 -2  3    3  14   1   0   1   1   2   1   1  30   6   2   0   2   6   1   3   0   0  26  0.40 inf
  157 Y    0 -3 -4 -4 -3 -3 -4 -4 -1  3  2 -4  0  3 -4 -3 -3 -2  5  2    8   1   0   0   0   0   0   0   1  22  17   0   2  11   0   0   0   0  23  12  0.56 inf
  158 E   -5 -4 -4 -2 -8 -2  8 -6 -4 -7 -7 -3 -6 -7 -5 -4 -5 -7 -6 -6    0   0   0   0   0   0 100   0   0   0   0   0   0   0   0   0   0   0   0   0  2.51 inf
  159 S   -2  3 -3 -4 -3 -3 -3 -3 -4 -2  3 -1  0 -3 -4  2  3 -4 -4  0    1  19   0   0   0   0   0   1   0   0  33   2   2   0   0  18  20   0   0   5  0.50 inf
  160 A    0 -6 -6 -5 -6 -5 -5 -6 -6 -4 -5 -5 -4 -7  8 -4 -4 -7 -6 -2    9   0   0   0   0   0   0   0   0   1   1   0   0   0  86   0   0   0   0   2  2.57 inf
  161 Q   -3 -3 -4 -4 -7  9 -2 -6 -3 -7 -6 -3 -4 -7 -5 -4 -5 -6 -5 -6    1   0   0   0   0  99   0   0   0   0   0   0   0   0   0   0   0   0   0   0  2.84 inf
  162 F    0 -3 -3 -2 -3  1  3 -4  5 -1 -3 -3 -2  4 -4 -3 -3  1  3 -2    8   0   0   1   0   6  25   0  19   5   1   0   1  19   0   1   0   2  10   2  0.64 inf
  163 L   -1  1 -5 -6 -4 -4 -5 -5 -4 -1  2 -4  7  5 -5 -4 -1  1 -2  0    6   8   0   0   0   0   0   0   0   1  16   0  32  27   0   0   4   2   0   4  0.95 inf
  164 Y   -5 -5 -6 -6 -5 -5 -6 -6 -3  0  1 -5 -1  6 -6 -5 -5  7  6 -3    0   0   0   0   0   0   0   0   0   5  15   0   1  39   0   0   0  13  25   1  1.51 inf
  165 I   -5 -5 -6 -7 -5 -4 -6 -7 -5  2  3 -5 10 -3 -6 -5 -4 -5 -4 -1    0   0   0   0   0   0   0   0   0   9  23   0  67   0   0   0   0   0   0   1  2.10 inf
  166 L   -2  6 -3 -4 -2 -2 -3  2 -2 -1  1 -1  0 -4 -5 -2  0 -5 -4 -1    3  50   0   0   1   0   0  15   0   3  15   0   2   0   0   1   5   0   0   5  0.76 inf
  167 V   -2 -5 -6 -6  1 -3 -5 -6 -6  5 -2 -5  2 -3 -5 -5 -2 -6 -4  6    1   0   0   0   3   1   0   0   0  34   0   0   4   0   0   0   1   0   0  56  1.31 inf
  168 A    6 -4 -4 -5 -4 -4 -4 -1 -5 -5 -5 -4 -4 -5 -2  2 -3 -6 -5 -3   80   0   0   0   0   0   0   3   0   0   0   0   0   0   1  15   0   0   0   0  1.48 inf
  169 A    1 -4 -5 -6  1 -4 -5 -5 -5  1  2 -4  8 -3 -5 -3 -3 -5 -4  1   12   0   0   0   3   0   0   0   0   7  15   0  51   0   0   1   0   0   0   9  1.28 inf
  170 C    1 -4 -3 -4  5 -3 -4  5  4 -4 -2 -3 -3  0 -4 -2  0 -4 -1 -3    9   0   0   0  13   0   0  44  12   0   5   1   0   5   0   2   6   0   2   1  0.78 inf
  171 L   -3 -5 -6 -6 -4 -5 -6 -4 -6  3  6 -5  0 -2 -6 -3 -3 -5 -4  0    1   0   0   0   0   0   0   1   0  18  73   0   1   0   0   1   0   0   0   3  1.24 inf
  172 F    4 -4 -3 -4 -4 -3 -3 -2  5 -3 -2 -3  3  4 -4  1 -2  1 -2 -3   42   0   0   0   0   0   0   2  17   0   2   0   8  18   0   8   1   2   0   0  0.79 inf
  173 S    0 -2 -1 -2 -2  2  0  1  0  1  1 -1  2 -2 -3  0 -1 -2  0 -1    7   1   2   0   1  12   6  13   3   9  18   2   8   0   0  10   2   0   3   3  0.12 inf
  174 N   -1  1  4  2 -3  0  1 -1  0 -3 -2  1 -2 -3  0  0  0 -3 -2 -1    3   8  26  11   0   3   7   3   2   1   3  11   0   0   5   7   4   0   1   5  0.29 inf
  175 Y   -2 -3 -2  2 -4  0  6 -3 -1 -1 -4 -2 -2 -3 -2 -2 -1  0  3 -3    2   0   1  12   0   3  53   2   1   3   1   1   1   0   1   1   3   1  12   2  0.85 inf
  176 P   -1 -1 -1  1 -2  0  1 -2 -1  0 -1  1 -1 -2  5  0  0 -2 -2 -1    5   3   2   8   1   4   9   3   1   7   5   8   1   1  27   5   4   0   1   5  0.34 inf
  177 R    0  1  0  1 -2  1  2  0 -1 -2 -2  3 -1 -2  1 -1 -1 -2 -2 -2    7   6   5   6   1   4  15   7   1   3   3  25   1   1   7   2   2   0   1   3  0.22 inf
  178 E    0  0  0  2 -2  0  3 -2  1 -3 -2  2 -2 -2  1  0 -1  0 -2 -2    6   3   2  10   1   3  28   2   3   1   3  13   1   2   7   8   4   1   1   2  0.28 inf
  179 T   -1  0  2  4 -2  0  1 -2 -1 -1 -3  0 -2 -3 -2  0  2 -3 -1 -1    4   5  11  23   1   3   9   1   1   3   2   5   0   1   1   4  19   0   2   3  0.30 inf
  180 R   -2  7 -1  1 -1 -1 -1 -3 -2 -2 -3  1 -2 -3 -2 -1 -2 -3 -3 -3    2  59   2   8   2   1   2   2   1   2   2   7   1   1   2   3   2   0   1   2  0.93 inf
  181 L   -2 -2 -1 -2 -2 -1  1 -3 -2  2  3 -2  4 -1 -3 -2 -1 -3 -2  1    2   1   4   1   0   2  11   2   0  14  30   2  12   1   1   2   3   0   1  10  0.26 inf
  182 Q    1 -1  0  3 -3  1  2 -1  0 -3 -2  1 -2 -2 -1  1  0 -3 -1 -2   14   1   3  18   0   6  18   3   2   1   3  10   1   2   2   8   6   0   3   1  0.25 inf
  183 Y   -1  2 -2 -1 -3 -1 -2 -3  2 -2 -1  0 -1  0 -3 -1 -2  7  4 -2    6  15   1   4   0   1   2   1   5   2   7   4   2   3   1   6   1  18  17   3  0.52 inf
  184 V    5 -5 -5 -5 -3 -4 -4 -4 -5  2 -3 -4 -3 -4 -4 -2 -2 -5 -4  4   52   0   0   0   0   0   0   0   0  10   0   0   0   0   0   0   1   0   0  36  1.06 inf
  185 K   -2  2 -3 -4 -4 -1 -1 -3  0  5  0  4 -1 -3 -4 -3 -2 -5 -3  0    1   9   0   0   0   1   3   1   2  36   7  31   0   0   0   0   1   0   0   6  0.60 inf
  186 R   -1  4 -1  0 -5  0  5 -2 -3 -5 -4  3 -4 -5 -4 -2 -2 -5 -4 -4    5  20   2   5   0   3  42   2   0   0   1  17   0   0   0   1   2   0   0   0  0.82 inf
  187 F    0 -5 -5 -5 -4 -5 -5 -4 -4 -1  1 -5 -2  7 -5 -3  3 -1  1 -2    7   0   0   0   0   0   0   1   0   3  11   0   0  55   0   1  18   0   3   1  1.17 inf
  188 Y   -6 -6 -6 -7 -7 -6 -6 -7 -2 -5 -5 -6 -5  0 -7 -6 -6 -2 10 -5    0   0   0   0   0   0   0   0   0   0   0   0   0   1   0   0   0   0  99   0  3.33 inf
  189 D   -4  0  4  5 -6  0  2 -3  2 -5 -5 -1 -2 -5 -4 -2 -2  4 -4 -5    0   6  21  37   0   2  16   1   5   0   0   3   1   0   0   0   2   7   0   0  0.93 inf
  190 A    3 -3 -4 -5 -3 -3 -4 -3 -3  0  4 -1  3 -2 -4 -2 -2 -3  0  1   27   1   0   0   0   0   0   1   0   4  40   4   9   0   0   1   0   0   3   9  0.53 inf
  191 V   -2 -4 -5 -6 -4 -4 -5 -6 -5  2  4 -5  6 -1 -5 -4 -1 -4 -1  1    2   0   0   0   0   0   0   0   0  11  48   0  24   2   0   0   4   0   1   7  0.98 inf
  192 S    0 -4 -3 -4 -4 -4 -4 -3 -4 -6 -6 -3 -5 -6 -4  7 -2 -6 -5 -5    5   0   0   0   0   0   0   1   0   0   0   1   0   0   0  93   0   0   0   0  1.93 inf
  193 T   -1  1  2  0 -2  2  1 -3  0 -3 -1  2 -2 -4 -3  2  2 -4 -2 -3    2   7  12   3   1  11   7   0   2   0   8  12   0   0   0  19  16   0   1   0  0.31 inf
  194 F   -4  2 -4 -5 -3 -1 -3 -2  3 -2  3  1  0  5 -5 -4 -4 -3 -1 -3    0  14   0   0   0   3   0   3   8   0  30  11   1  30   0   0   0   0   0   0  0.65 inf
  195 K   -2  1 -2  2 -5  1  2 -4 -1 -3 -3  4 -3 -1 -4 -2 -3  3  4 -4    3   8   0  14   0   5  14   0   1   1   1  31   0   2   0   0   0   5  15   0  0.61 inf
  196 I   -2 -5 -5 -6 -4 -4 -5 -5 -1  3  0 -5  3  5 -5 -4 -3 -2  5  2    4   0   0   0   0   0   0   0   1  20   6   0   8  30   0   0   0   0  18  14  0.89 inf
  197 S   -2 -4  0 -4 -1 -3 -4 -4 -4 -2  0 -3  5 -4 -4  4  5 -5 -4 -2    0   0   5   0   1   0   0   0   0   1   7   0  16   0   0  29  40   0   0   1  0.91 inf
  198 L    1 -3 -3 -4  1 -2 -3 -4  5 -1  2 -3  3 -1  0  2 -2 -4 -2  1   12   0   0   0   2   1   0   0  18   1  23   0   9   1   5  16   1   0   0  10  0.40 inf
  199 P    5 -4 -3 -4 -4 -4 -4 -2 -4 -5 -5 -4 -4 -6  5  3 -3 -6 -5 -4   54   0   1   0   0   0   0   1   0   0   0   0   0   0  26  19   0   0   0   0  1.24 inf
  200 T   -3 -5 -3 -4 -4 -4 -4 -2 -5 -4 -5 -4 -4 -6 -5  2  7 -6 -5 -4    0   0   0   0   0   0   0   3   0   0   0   0   0   0   0  12  84   0   0   0  1.89 inf
  201 P   -4 -6 -6 -5 -6 -5 -5 -6 -6 -6 -1 -5 -6 -7  9 -2 -5 -7 -7 -6    0   0   0   0   0   0   0   0   0   0   6   0   0   0  91   3   0   0   0   0  2.82 inf
  202 I   -3 -3 -2 -4 -3 -4 -4 -5 -5  3 -3 -4 -3  1 -3 -2  7 -5 -1 -2    0   1   2   0   0   0   0   0   0  21   1   0   0   6   1   0  65   0   2   0  1.27 inf
  203 M   -4 -5  0 -6 -4 -4 -5 -6 -5 -1  5 -5  6 -1 -6 -5 -4 -4 -1 -2    0   0   6   0   0   0   0   0   0   1  66   0  24   1   0   0   0   0   2   0  1.33 inf
  204 S    3 -3 -1 -4 -4 -4 -4 -2 -4 -2 -3 -4 -1  6 -4  3 -2 -3  0  0   25   1   3   0   0   0   0   1   0   1   0   0   1  35   0  26   1   0   1   5  0.77 inf
  205 G   -4 -4  8 -2 -6 -4 -4  4 -3 -7 -7 -4 -6 -5 -5 -2 -4 -7 -6 -6    0   0  70   0   0   0   0  28   0   0   0   0   0   0   0   1   0   0   0   0  1.92 inf
  206 V    5 -4 -3 -4 -2 -3 -3 -3 -4 -2  0 -3 -1 -4 -3  2  1 -5 -4  2   48   0   0   0   0   0   0   0   0   1  11   0   1   0   0  16   8   0   0  14  0.64 inf
  207 R   -2  6 -3 -4 -6 -3 -4  5 -4 -6 -5 -1 -1 -6 -5 -3 -4 -5 -5 -5    3  49   0   0   0   0   0  45   0   0   1   1   2   0   0   0   0   0   0   0  1.45 inf
  208 T   -3 -1 -3 -4 -4 -3 -3 -4  1 -1 -4  3 -3 -3 -4 -1  7 -5 -4 -2    0   3   0   0   0   0   0   0   3   3   0  18   0   1   0   2  68   0   0   2  1.26 inf
  209 P   -4 -5 -5 -4 -6 -4 -4 -5 -5 -6 -6 -2 -5 -7  9 -1 -3 -7 -6 -5    0   0   0   0   0   0   0   0   0   0   0   2   0   0  93   4   1   0   0   0  2.74 inf
  210 T   -1 -2  3  1 -2 -1 -1 -2  0 -1  0 -2 -1 -3 -2  2  4 -4 -3 -2    0   0  16   9   0   0   0   0   3   2  13   0   0   0   0  18  39   0   0   0  0.39 inf
  211 R   -3  7 -1 -3 -5  0 -1 -4 -1 -4 -3  1 -2 -4 -3 -2 -2 -4 -3 -4    0 100   0   0   0   0   0   0   0   0   0   0   0   0   0   0   0   0   0   0  1.39 inf

                      K         Lambda
Standard Ungapped    0.1366     0.3219
Standard Gapped      0.0515     0.2670
PSI Ungapped         0.1680     0.3130
PSI Gapped           0.0515     0.2670
