
Last position-specific scoring matrix computed, weighted observed percentages rounded down, information per position, and relative weight of gapless real matches to pseudocounts
           A  R  N  D  C  Q  E  G  H  I  L  K  M  F  P  S  T  W  Y  V   A   R   N   D   C   Q   E   G   H   I   L   K   M   F   P   S   T   W   Y   V
    1 N   -2 -2  3  6 -4  0  2 -2  2 -4 -4 -1 -3 -4 -2 -1 -1 -5 -3 -4    0   0  22  65   0   0   7   0   6   0   0   0   0   0   0   0   0   0   0   0  0.87 inf
    2 D   -2 -2  3  6 -4 -1  1 -2 -2 -4 -4 -1 -4 -4 -2  1 -1 -5 -4 -4    0   0  12  78   0   0   0   0   0   0   0   0   0   0   0  10   0   0   0   0  1.05 inf
    3 K   -2  3 -2 -2 -3 -1 -1 -3 -2  1 -2  2 -1 -3  5 -1  1 -4 -3 -1    0  25   0   0   0   0   0   0   0  19   0  16   1   0  30   0   9   0   0   0  0.54 inf
    4 L   -2  4  2 -1 -3  0 -1 -3 -1  0  1  0 -1 -1 -3 -1 -1 -2  1 -1    0  40  16   3   0   4   0   0   0   7  21   0   0   0   0   0   0   0   8   0  0.31 inf
    5 T   -2 -3 -2 -3 -3 -2 -3 -3 -3 -2 -3 -2  1 -4 -3  0  7 -4 -3 -2    0   0   0   0   0   0   0   0   0   0   0   0   4   0   0   3  93   0   0   0  1.31 inf
    6 L   -3 -4 -5 -5 -3 -4 -4 -5 -4  1  6 -4  1 -1 -4 -4 -3 -3 -2  0    0   0   0   0   0   0   0   0   0   4  96   0   0   0   0   0   0   0   0   0  1.11 inf
    7 W   -5 -5 -6 -7 -5 -4 -5 -5 -5 -5 -4 -5 -4 -1 -6 -5 -5 12  0 -5    0   0   0   0   0   0   0   0   0   0   0   0   0   0   0   0   0 100   0   0  4.03 inf
    8 T   -2 -3 -2 -3 -3 -2 -3 -3 -3 -2 -3 -2 -2 -4 -3  1  7 -4 -3 -2    0   0   0   0   0   0   0   0   0   0   0   0   0   0   0   4  96   0   0   0  1.40 inf
    9 T   -1 -3 -2 -2 -3 -2 -3  3 -3 -1 -3 -2 -2 -2 -1  0  5 -4 -3 -2    3   0   0   0   0   0   0  30   0   4   0   0   0   2   2   0  59   0   0   0  0.73 inf
   10 P    1 -3 -3 -3 -3 -2 -2 -3 -3 -1 -2 -2 -3 -4  7  0  0 -5 -4  0   14   0   0   0   0   0   0   0   0   3   2   0   0   0  62   8   4   0   0   6  1.30 inf
   11 A   -1 -2  2  5 -3 -1  0  0 -2 -1 -3  1 -3 -4 -2  0  0 -4 -3 -3    5   0   8  54   0   0   0   5   0   5   0  10   0   0   0   5   7   0   0   0  0.63 inf
   12 P   -2 -3 -3 -3 -4 -2 -2 -3  1 -4 -4 -1 -4 -5  8  0  1 -5 -4 -4    0   0   0   0   0   0   0   0   4   0   0   2   0   0  77   9   8   0   0   0  1.85 inf
   13 S   -1 -2  1 -1 -2 -1  1 -2 -2 -3 -1 -1 -2 -3  1  4  3 -4 -3 -2    0   0   6   0   0   0   9   0   0   0   6   0   0   0   6  53  19   0   0   0  0.52 inf
   14 P    2 -3 -3 -3 -4 -3 -3 -1 -4 -4 -4 -2 -4 -5  7 -2 -2 -5 -4 -3   26   0   0   0   0   0   0   3   0   0   0   0   0   0  71   0   0   0   0   0  1.74 inf
   15 N   -3 -2  8  0 -4 -2 -2 -2 -1 -5 -5 -2 -4 -5 -4 -1  0 -6 -4 -5    0   0  96   0   0   0   0   0   0   0   0   0   0   0   0   0   4   0   0   0  1.74 inf
   16 C    1 -5 -4 -5 10 -4 -5 -4 -4 -2 -1 -4 -2 -4 -4 -2 -2 -4 -4  2   12   0   0   0  70   0   0   0   0   0   3   0   0   0   0   0   0   0   0  15  1.69 inf
   17 R   -1  1  2 -1 -3  3 -1 -2 -1 -1 -2  2 -2 -3 -2  1  3 -3 -2 -1    0   7  10   0   0  19   0   0   1   6   0  15   0   0   0  13  28   0   0   3  0.33 inf
   18 L   -1 -3 -1 -3 -2 -3 -3  0 -3  4  1 -3  2  1 -3 -2 -2 -3  1  2    2   0   4   0   0   0   0   8   0  48   9   0   5   6   0   1   0   0   4  12  0.37 inf
   19 N   -1 -1 -1  1 -3  1  2 -2  0 -1 -1  0 -1  0 -2  2  0 -1  4 -1    2   2   1   8   0   4  15   0   2   2   6   4   0   3   0  22   4   0  21   3  0.20 inf
   20 A    0 -1 -1 -1 -3  2  3  1 -1 -2 -3  0 -2 -4 -2  1  2 -3 -3 -2    6   0   0   0   0  12  32   9   0   1   0   5   0   0   0  13  21   0   0   1  0.39 inf
   21 E    0 -1  2  3 -3  0  4 -2 -1 -1 -3  0 -2 -4 -2  1  1 -4 -3 -2    7   0  12  19   0   0  35   0   0   4   0   1   0   0   0  11   9   0   0   2  0.43 inf
   22 K   -2  1  2 -2 -3  1 -1 -1 -2 -2  1  3 -1 -3  3  0 -1 -4 -3 -2    0   6  14   0   0   4   0   3   0   0  21  29   0   0  17   4   2   0   0   0  0.32 inf
   23 D   -2 -3  1  7 -4 -2  0 -1 -2 -4 -4 -2 -4 -4 -3  0 -1 -5 -4 -4    0   0   4  77   0   0   0   5   0   0   0   0   0   0   0   7   3   0   0   0  1.19 inf
   24 A    3 -2 -1 -2  5 -2 -2  0 -3 -1 -3 -2 -2 -3  0  3  0 -4 -3 -2   30   0   0   0  14   0   0   5   0   4   0   0   0   0   4  39   4   0   0   0  0.48 inf
   25 K   -2  1  0 -2 -4  1 -1 -3 -2 -3 -1  6 -2 -4 -2  0  0 -4 -3 -3    0   2   4   0   0   4   0   0   0   0   7  75   0   0   0   4   4   0   0   0  0.82 inf
   26 L   -3 -3 -1 -4 -3 -3 -4 -5 -4  0  5 -4  2  2 -4 -3 -2 -3 -2  0    0   0   4   0   0   0   0   0   0   0  80   0   5   9   0   0   0   0   0   2  0.79 inf
   27 T   -2 -1  0 -3 -2 -2 -2 -3 -3  0 -2 -2 -1  3 -3  1  4  5 -1  0    0   4   4   0   0   0   0   0   0   6   0   0   0  16   0   7  46   9   0   7  0.48 inf
   28 L   -3 -4 -5 -5 -3 -4 -4 -5 -4  0  6 -4  1  0 -4 -4 -3 -3 -2 -1    0   0   0   0   0   0   0   0   0   0  98   0   0   2   0   0   0   0   0   0  1.15 inf
   29 V    0 -3 -3 -3  6 -3 -3 -3 -3  2 -1 -3 -1 -2 -3  1  2 -4 -3  3    6   0   0   0  28   0   0   0   0  14   0   0   0   0   0  12  13   0   0  27  0.54 inf
   30 L   -3 -4 -5 -5 -3 -4 -4 -5 -4  1  6 -4  1 -1 -4 -4 -3 -3 -2  0    0   0   0   0   0   0   0   0   0   3  97   0   0   0   0   0   0   0   0   0  1.13 inf
   31 T   -1 -3 -2 -3 -2 -2 -2 -3 -3 -1 -2 -2 -2 -3 -3  2  5 -4 -3  2    0   0   0   0   0   0   0   0   0   0   0   0   0   0   0  14  63   0   0  24  0.77 inf
   32 K   -2  3  0 -2 -4  0 -1 -3 -2 -4 -4  6 -3 -4 -3 -2 -1 -4  0 -4    0  12   3   0   0   0   0   0   0   0   0  79   0   0   0   0   2   0   3   0  1.04 inf
   33 C    0 -3  3 -2  8 -2 -3 -3 -3 -2 -3 -3  0 -4 -3  0  1 -4 -3 -1    5   0  20   0  47   2   0   0   0   0   0   0   3   0   0   6  12   0   0   4  0.94 inf
   34 G   -1 -4  1 -2 -4 -3 -2  6 -3 -5 -5 -3 -4 -5 -4 -1 -1 -4 -4 -4    0   0   5   1   0   0   2  88   0   0   0   0   0   0   0   0   4   0   0   0  1.43 inf
   35 S    2 -2 -1 -1 -2 -2 -2  4 -2 -4 -4 -2 -3 -4 -2  4  0 -4 -3 -3   17   0   0   2   0   0   0  36   0   0   0   0   0   0   0  43   2   0   0   0  0.66 inf
   36 Q   -2 -1 -2 -2 -3  4 -1 -3  3  1  1 -1  2 -2 -3 -1  1 -3 -2  0    0   0   0   0   0  38   0   0  11  10  20   0   6   0   0   3   9   0   0   3  0.38 inf
   37 I   -1 -4 -4 -4 -2 -4 -4 -4 -4  4  0 -4  0 -2 -4 -3 -1 -4 -3  5    3   0   0   0   0   0   0   0   0  34   0   0   0   0   0   0   0   0   0  63  0.86 inf
   38 L   -2 -3  2 -3 -2 -2 -3 -4  1  2  4 -3  0 -1 -3 -2  0 -3 -2  1    0   0  16   0   0   0   0   0   6  12  55   0   0   0   0   0   6   0   0   6  0.41 inf
   39 A    3 -3 -2 -3 -3 -3 -3  6 -3 -4 -4 -3 -3 -4 -3 -1 -2 -4 -4 -3   33   0   0   0   0   0   0  67   0   0   0   0   0   0   0   0   0   0   0   0  1.11 inf
   40 T   -2 -3  3 -2 -3 -2 -2 -3 -2 -1 -3 -2 -2  1 -3  2  4 -3  3 -1    0   0  18   0   0   0   0   0   0   3   0   0   0   7   0  22  35   0  12   3  0.53 inf
   41 V   -2 -4 -4 -5  0 -4 -4 -5 -4  3  0 -4  4  2 -4 -3 -2 -4 -2  5    0   0   0   0   2   0   0   0   0  14   4   0  13   8   0   0   0   0   0  58  0.80 inf
   42 S    2 -3 -2 -2 -2 -2 -2  0 -2 -3 -3 -2 -3 -3 -3  4  3 -3  1 -2   21   0   0   0   0   0   0   4   0   0   0   0   0   0   0  50  17   0   7   0  0.66 inf
   43 V   -1 -3 -4 -4 -2 -3 -4 -4 -4  3  4 -3  0  1 -4 -3 -2 -3 -2  2    4   0   0   0   0   0   0   0   0  22  52   0   0   5   0   0   0   0   0  15  0.60 inf
   44 L   -1  0 -2 -1 -2 -1 -2 -3 -2  2  2  1  2  0 -3 -1  0 -2  0  1    2   5   0   5   0   2   0   0   0  17  25  13   9   2   0   2   4   0   2   9  0.16 inf
   45 A    2 -2 -2 -2 -2 -2 -2  4 -3  0 -2 -2 -2 -3 -1  0 -1 -3 -3  2   21   2   0   0   0   0   1  38   0   5   1   1   0   0   3   6   1   0   0  20  0.42 inf
   46 V    0 -3  0 -2 -2 -1 -3 -4 -3  1  2 -3  0 -2 -3 -2 -2 -4 -2  5    8   0   5   2   0   3   0   0   0   0  20   0   0   0   0   0   0   0   0  59  0.56 inf
   47 K    1  1  0 -2 -3  1 -1 -1 -2 -3 -3  4 -2 -4 -2  3  1 -4 -3 -3   12   3   2   0   0   4   0   4   0   0   0  40   0   0   0  25   7   0   0   0  0.48 inf
   48 G   -1 -3  1  1 -3 -2  0  6 -3 -4 -4 -2 -3 -4 -3  1 -2 -4 -4 -4    1   0   8   9   0   0   6  63   0   0   1   0   0   0   0   9   0   0   0   0  0.92 inf
   49 S    0  0  2  0 -3 -1  0 -2 -1 -2 -3  2 -2  0  1  1  3 -2  2 -2    7   3  11   4   0   0   3   0   0   0   0  14   0   5   6   9  26   0  10   0  0.24 inf
   50 L   -2 -3 -3 -1 -3 -3 -3 -1 -2  0  3 -3  1  3 -3 -2 -1 -1  4  1    0   0   0   4   0   0   0   5   0   2  33   0   4  14   0   0   4   0  21  11  0.38 inf
   51 A    0  0  3 -1 -1  2  1 -2  0 -2  0  0 -1 -3 -2  1  1 -3 -2 -1    8   2  25   0   1  10   8   0   2   0  14   4   0   0   0   9  13   0   0   4  0.22 inf
   52 P   -2 -2  3 -1 -3  1 -1 -2  0  0 -2  0  2 -1  2  1  2 -3  1 -2    0   0  22   0   0   6   2   0   2   6   0   4   8   2  10   9  20   0   7   0  0.27 inf
   53 I   -3 -4 -4 -5 -3 -3 -4 -5 -4  5  3 -4  4 -2  1 -4 -2 -4 -3  1    0   0   0   0   0   0   0   0   0  45  26   0  16   0   7   0   0   0   0   5  0.76 inf
   54 S    0 -1  3  1 -3  1  0 -2 -2 -3 -3  1 -2 -4 -2  2  3 -4 -3 -2    7   0  22   8   0   5   2   0   0   0   0  12   0   0   0  18  24   0   0   0  0.43 inf
   55 G    0 -1  3  1 -2  0  0  0  1 -2 -1  1 -2 -3  1  1  0 -3 -1 -2   11   1  26   5   0   3   4   8   5   1   6  10   0   0   6   8   5   0   1   1  0.22 inf
   56 T   -1  0  2 -1 -3 -1 -1  0  0 -3 -3  2 -2 -3  0  1  4 -3 -1 -2    2   2  10   2   0   0   3   9   2   0   1  18   0   0   3   8  37   0   2   0  0.36 inf
   57 V   -1  0  1  0 -2  0  0 -1  1 -1 -1  0 -1 -1 -2  1  3 -3 -2  0    2   4   9   3   0   4   7   5   5   4   3   4   0   3   0  11  25   0   0  10  0.14 inf
   58 Q    0  0  2 -1 -2  2  0 -2 -1  0 -1  2  1 -2 -2  1  1 -3 -2  0    5   2  14   0   0  11   5   1   0   8   1  14   5   0   0   9  12   0   0  10  0.16 inf
   59 S    1 -2  2 -2 -2  0 -1 -1 -2 -2 -3  0 -2 -3  0  4  3 -4 -1 -2   10   0  11   0   0   5   0   1   0   2   0   5   0   0   5  39  20   0   2   0  0.44 inf
   60 A    0 -1 -4 -4 -3 -3 -4 -4 -3  4  1 -1 -1  5 -4 -3 -2 -2  0  2    8   3   0   0   0   0   0   0   0  29   8   5   0  33   0   0   0   0   0  13  0.52 inf
   61 H    0 -1  2  1 -3  1  0  0  0 -2 -2  1 -2 -3 -2  1  2 -4 -2 -1    4   0  14   7   0   8   5   8   3   2   2  12   0   0   0  15  17   0   0   4  0.21 inf
   62 L   -1 -4 -4 -4  2 -3 -4 -4 -4  4  1 -3  2  0 -4 -3 -2 -3 -2  4    5   0   0   0   5   0   0   0   0  28  11   0   6   3   0   0   0   0   0  43  0.57 inf
   63 I   -2  1  1 -1 -3  1  2 -3  1  0 -2  3 -2  1 -2  0  0 -3  0 -1    0   5  10   0   0   6  19   0   5   8   0  23   0  10   0   4   4   0   3   4  0.22 inf
   64 I   -3 -4 -5 -5 -3 -4 -4 -5 -4  2  5 -4  0  3 -4 -4 -3 -3 -2  0    0   0   0   0   0   0   0   0   0  14  73   0   0  12   0   0   0   0   0   0  0.91 inf
   65 R   -1  1 -3 -2 -3 -2 -3 -4  0  0  2 -1  1  2 -1 -2 -1 -1  5  0    3   9   0   2   0   0   0   0   2   4  31   2   3   7   3   2   4   0  26   3  0.32 inf
   66 F   -4 -5 -5 -6 -4 -5 -5 -5 -3 -2  0 -5 -2  8 -6 -5 -4 -1  1 -3    0   0   0   0   0   0   0   0   0   0   5   0   0  95   0   0   0   0   0   0  2.07 inf
   67 D   -4 -3  2  7 -5 -2  0 -3 -3 -5 -6 -3 -5 -5 -3 -2 -3 -6 -1 -5    0   0  10  87   0   0   0   0   0   0   0   0   0   0   0   0   0   0   3   0  1.72 inf
   68 E    2 -1  3  1 -3  0  1  0  0 -3 -3  0 -2 -4 -2  2  0 -4 -3 -3   24   3  18   9   0   4  11   4   3   0   0   2   0   0   0  22   2   0   0   0  0.35 inf
   69 N    0 -1  4  1 -3  2  0 -2  1 -3 -2  1 -2 -3 -2  1  2 -4 -1 -3    7   0  27   5   0  14   3   0   3   0   3  10   0   0   0  11  16   0   2   0  0.36 inf
   70 G   -2 -4 -2 -3 -5 -4 -4  7 -4 -6 -6 -3 -5 -5 -4 -2 -4 -5 -5 -5    0   0   0   0   0   0   0 100   0   0   0   0   0   0   0   0   0   0   0   0  1.98 inf
   71 V   -2  1  4 -2 -3  1 -1 -3  2  0 -2  1 -1 -3 -3 -2 -1 -4 -2  3    0   8  26   0   0   6   2   0   8   4   1  13   0   0   0   0   0   0   0  33  0.35 inf
   72 L   -3 -2 -5 -5 -3 -4 -4 -5 -4  3  5 -4  1 -1 -4 -4 -3 -3 -3  1    0   3   0   0   0   0   0   0   0  16  78   0   0   0   0   0   0   0   0   3  0.93 inf
   73 L   -1 -1 -2 -3 -2  0 -2 -4 -3  1  4  0  3 -1 -3 -2 -1 -3 -2  0    3   3   2   0   0   7   0   0   0   8  51   9  12   0   0   0   3   0   0   2  0.37 inf
   74 N   -1 -2  1  1 -3  0  1 -2  0 -3 -2 -1 -2 -1  2  2  3 -3 -2 -2    1   0   9   6   0   2  12   0   2   0   2   1   0   4  11  20  28   0   0   0  0.34 inf
   75 N   -1 -1  3  3 -3 -1  1  2  0 -4 -4 -1 -3 -3 -2  2  1 -3  0 -3    0   1  15  18   0   0  11  17   1   0   0   2   0   0   0  24   6   0   5   0  0.40 inf
   76 S    0 -2 -1 -2  1 -2  0 -1  0 -2  0 -2 -2 -3  1  4  2 -4 -3 -2    3   0   0   0   3   0   5   3   2   0  14   0   0   0   8  50  12   0   0   0  0.42 inf
   77 F    0 -2  3  0 -2 -1 -1 -2 -2 -2  0 -2 -2 -2 -2  4  2 -4 -3 -2    4   0  21   3   0   0   0   0   0   2  10   0   0   1   0  45  11   0   0   0  0.45 inf
   78 L    0 -2  0 -2 -2 -2 -2 -3 -3  1  3 -2  2 -1 -3  1  0 -3 -2  0    5   0   4   2   0   0   0   0   0   4  49   0   5   0   0  18   5   0   0   5  0.30 inf
   79 D   -1 -2  1  3 -2 -1  0 -1 -2 -1  2 -1 -1 -1  0  0 -1 -2  1  0    3   0   7  20   0   0   5   4   0   0  28   3   0   0   5   5   2   0   7   8  0.12 inf
   80 P   -1  1  0 -2 -3  2  0 -1 -2 -3 -3  5 -2 -3  0  1  0 -3 -3 -3    1   4   3   1   0  10   1   4   0   1   1  53   0   0   3  11   7   0   0   1  0.55 inf
   81 E    1 -1  1  1 -2  1  1  2 -1 -1 -3  0 -2 -3 -2  1  2 -3 -3 -2    9   0   8   7   0   5  11  21   1   6   0   2   0   0   0  15  15   0   0   0  0.24 inf
   82 Y   -1 -1 -1  1 -3 -2 -2 -3 -1 -3 -3 -2 -3  0  1  0  3 -1  6 -2    2   4   3   8   0   0   0   0   0   0   0   0   0   0   8   7  22   0  46   0  0.70 inf
   83 W   -4 -5 -5 -6 -4 -4 -5 -5 -4 -3  2 -5 -2  3 -5 -5 -4 11  0 -3    0   0   0   0   0   0   0   0   0   0  20   0   0  13   0   0   0  65   0   0  2.41 inf
   84 N   -2  0  5 -1 -4  1  0  4 -2 -5 -5  0 -3 -4 -1  0 -2 -4 -4 -4    0   3  41   0   0   6   6  34   0   0   0   3   0   0   2   4   0   0   0   0  0.75 inf
   85 F   -3 -3 -1 -4 -3 -3 -4 -4  2  0  1 -3  1  5 -4 -3 -3  0  6  0    0   0   3   0   0   0   0   0   5   4  10   0   3  31   0   0   0   0  37   7  0.85 inf
   86 R   -3  6 -2 -3 -5  1 -1 -4 -2 -5 -4  4 -3 -5 -3 -2 -3 -5 -3 -4    0  64   0   0   0   3   0   0   0   0   0  33   0   0   0   0   0   0   0   0  1.32 inf
   87 N   -1 -1  3  1 -3  4  1 -2 -1 -4 -4  0 -2 -1 -3  3 -1 -3  1 -3    2   0  19   6   0  26   7   0   0   0   0   2   0   3   0  30   0   0   6   0  0.49 inf
   88 G   -1 -1  3  2 -3  1 -1  4 -2 -4 -4  1 -3 -3 -2  0 -1 -3 -1 -3    0   0  15  11   0   6   2  39   0   0   0  12   0   0   0   6   3   0   2   1  0.48 inf
   89 D   -2 -1  3  5 -4  4  1 -2 -1 -4 -4 -1 -3 -4 -3 -1 -1 -4 -3 -4    0   2  20  35   0  30   4   0   0   0   0   0   0   0   0   3   3   0   0   0  0.77 inf
   90 L    1 -2  3 -1 -2 -1 -1 -1 -2 -3 -2 -1 -2 -3 -2  5  1 -3 -3 -1    7   1  14   1   0   0   1   1   0   1   4   1   0   0   1  60   6   0   0   3  0.58 inf
   91 T   -1 -2  0 -2 -2 -2 -2 -2 -2  2  0 -2  2 -1  0 -1  2 -2  0  2    1   1   7   1   0   1   1   1   0  16   5   1   8   1   5   1  23   0   5  21  0.19 inf
   92 E    2 -2  1  0 -1 -1 -1 -1 -2  1  0 -1  1 -2  0  0 -1 -3 -2  1   25   1   9   5   0   2   2   1   0  10   9   1   4   1   4   8   1   0   0  16  0.10 inf
   93 G    0 -2  1 -1 -2 -1 -1  2 -2 -2 -3 -1 -2 -3  3  2  2 -3 -2 -2    7   1   6   3   0   1   1  16   0   1   1   1   0   1  19  25  16   0   1   1  0.40 inf
   94 T    0 -2  3 -1 -3  0  1  1 -2 -3 -3 -1 -2 -3 -2  1  4 -3 -1 -2    4   0  23   0   0   5   8  10   0   0   0   1   0   0   0   8  35   0   2   2  0.40 inf
   95 A    3 -2  1 -2 -2  0 -1 -2 -2 -3 -3 -1 -2 -4  5  1  1 -4 -3 -2   30   0   8   0   0   3   3   0   0   0   0   2   0   0  31  10  11   0   0   0  0.63 inf
   96 Y   -1 -2  0 -2 -3 -2 -2 -1  2  1 -1 -2 -1  0 -3  0  0 -1  5  1    2   0   5   1   0   0   0   4   5  11   3   0   0   0   0  10   6   0  35  16  0.37 inf
   97 T    1 -2  0  0 -2 -1  1 -2 -2 -1  1  0 -1  1 -2  0  3 -2  1 -1   12   0   3   6   0   0  12   0   0   3  15   5   0  10   0   3  28   0   4   0  0.15 inf
   98 N   -2 -2  7 -1 -4  1 -1 -2 -1 -5 -5  0 -4 -4 -3  3 -1 -5 -2 -4    0   0  66   0   0   5   3   0   0   0   0   4   0   0   0  22   0   0   1   0  1.12 inf
   99 A    5 -2 -3 -3 -2 -2 -2  1 -3 -3 -3  0 -3 -4  1  0 -2 -4 -3 -2   74   0   0   0   0   0   0   7   0   0   0   7   0   0   8   3   0   0   0   0  0.82 inf
  100 V    0  1 -3 -3 -2  0 -1 -3 -3  1  2  1  0 -2 -3 -2  0 -3 -2  3    8   8   0   0   0   3   2   0   0   7  25  11   0   0   0   0   5   0   0  31  0.22 inf
  101 G    1 -2 -2 -2 -1 -1  0  4 -2 -3 -3  0 -1 -2  3  0  0  2  1 -3   16   0   0   0   2   1   6  36   0   0   0   5   3   0  13   3   5   4   7   0  0.42 inf
  102 F   -4 -5 -5 -6 -4 -5 -5 -5 -3 -2  2 -5 -1  8 -5 -4 -4 -1  1 -2    0   0   0   0   0   0   0   0   0   0  16   0   0  84   0   0   0   0   0   0  1.71 inf
  103 M   -3 -4 -5 -6 -4 -3 -4 -5 -4 -1  1 -4 10 -2 -5 -4 -3 -4 -3 -2    0   0   0   0   0   0   0   0   0   0   5   0  95   0   0   0   0   0   0   0  2.26 inf
  104 P   -3 -4 -4 -4 -5 -4 -3 -4 -4 -5 -5 -3 -5 -6  9 -3 -3 -6 -5 -5    0   0   0   0   0   0   0   0   0   0   0   0   0   0 100   0   0   0   0   0  2.89 inf
  105 N   -2 -2  7 -1 -1 -2 -2 -2 -2 -5 -5 -2 -4 -5 -3  4 -1 -5 -4 -4    0   0  61   0   1   0   0   0   0   0   0   0   0   0   0  37   0   0   0   0  1.23 inf
  106 L   -1 -2 -2 -3 -2 -1 -2 -3 -3  0  2 -2 -1 -2 -3  3  4 -4 -3  0    0   0   0   0   0   2   0   0   0   6  24   1   0   0   0  25  39   0   0   3  0.46 inf
  107 S    0 -1  0 -2 -2 -1 -2 -2 -2 -2 -2  2 -2 -1 -2  1  5 -3 -1  0    6   0   3   0   0   0   0   2   0   0   2  17   0   4   0   9  48   0   2   8  0.44 inf
  108 A    5  0 -3 -3 -2 -2 -3 -2 -3  1  0 -2 -2 -3 -3 -1 -2 -4 -3  0   75   7   0   0   0   0   0   0   0   8   7   0   0   0   0   0   0   0   0   3  0.74 inf
  109 Y   -4 -4 -4 -6 -5 -4 -4 -6  0 -4 -3 -4 -3  1 -5 -4 -4  0  9 -4    0   0   0   0   0   0   0   0   0   0   0   0   0   0   0   0   0   0 100   0  2.54 inf
  110 P   -1 -4 -4 -4 -5 -2 -3 -4 -4 -5 -5 -3 -4 -6  8 -1 -3 -6 -5 -4    5   0   0   0   0   1   0   0   0   0   0   0   0   0  90   3   0   0   0   0  2.43 inf
  111 K   -2  4  2 -2 -4  0  0 -3 -2 -3 -3  4 -3 -2  2 -1 -1 -4 -1 -2    2  26  14   0   0   2   4   0   0   0   0  33   0   2  11   0   2   0   2   3  0.54 inf
  112 S    0 -2  3  1 -3 -1 -1  2 -2 -1 -2 -2 -2 -3  3  1  1 -4 -3 -1    4   0  24   6   0   1   3  15   0   3   3   0   0   0  16   7  12   0   0   5  0.34 inf
  113 H    0  2  2 -1 -3  2  0 -1  0 -1 -3  2 -2 -3 -2  0  3 -3 -1 -2    8  10  11   0   0  10   2   3   1   3   0  20   0   0   0   4  25   0   2   0  0.28 inf
  114 G    0 -1  1 -1 -2  1 -1  3 -2 -3 -3  2 -2 -3 -2  2  2 -3 -1 -2    5   0   5   0   0   5   0  25   0   0   1  17   0   0   0  24  14   0   2   0  0.36 inf
  115 K    0  2  2  0 -3  0 -1  1 -2 -3 -3  1 -2 -4 -1  3  2 -4 -3 -3    7  12  10   3   0   3   0  10   0   0   0  10   0   0   1  32  13   0   0   0  0.34 inf
  116 T    0 -1  1  2 -3  1  2 -2 -1 -2 -1 -1 -2 -2 -2  1  2 -3  1 -2    5   1   8  16   0   6  20   0   0   0  10   0   0   0   0   7  17   0   8   0  0.25 inf
  117 A    3 -2  1 -2 -2 -1 -1 -1 -2  0 -2  0 -2 -3  3  1  0 -4 -3  1   31   0   8   0   0   0   2   2   0   6   0   6   0   0  16  10   6   0   0  11  0.29 inf
  118 K   -2  2 -1 -1 -4  2  2  1 -2 -4 -3  4 -2 -4 -2  0  0 -4 -3 -3    0  12   0   0   0  11  19  10   0   0   0  37   0   0   0   4   6   0   0   0  0.51 inf
  119 S   -2 -1  6  1 -4  0 -1 -2 -1 -5 -5  1 -3 -4 -3  3 -1 -5 -4 -4    0   2  51   6   0   4   0   0   0   0   0  10   0   0   0  27   0   0   0   0  0.89 inf
  120 N   -2 -2  3 -2 -3  1 -2 -3  1  0 -2  1  1 -1 -3  0  0 -1  5 -1    1   0  20   0   0   9   0   0   3   7   0   9   6   0   0   5   5   0  30   3  0.40 inf
  121 I   -1 -4 -4 -4 -3 -3 -4 -4 -3  5  1 -3  1  1 -4 -2  0 -2  3  1    5   0   0   0   0   0   0   0   0  54  11   0   3   5   0   2   6   0  12   3  0.57 inf
  122 V   -2 -3 -3 -4 -3 -3 -2 -4  1  1  0 -3 -1  3 -1 -2 -1 -1  4  4    0   0   0   0   0   0   3   0   5   5   4   0   0  13   2   2   4   0  23  39  0.49 inf
  123 S   -1 -3 -1 -2 -3 -2 -2  4 -3 -2 -2 -2 -2 -3 -3  3  2 -4 -3 -1    0   0   0   0   0   0   0  42   0   2   4   0   0   0   0  31  14   0   0   5  0.59 inf
  124 Q   -2 -1  4 -1 -3  4  1 -3 -1 -1 -2 -1 -2  0 -3 -1  1 -3  1 -2    0   0  26   0   0  33   7   0   0   5   2   1   0   4   0   2  12   0   7   0  0.49 inf
  125 V    1 -3 -3 -4  6 -3 -3 -3 -4  1 -1 -3 -1 -1 -3 -1  2 -3 -2  3   10   0   0   0  23   0   0   0   0   6   3   0   0   2   0   0  19   0   0  35  0.56 inf
  126 Y   -4 -4 -4 -5  2 -3 -4 -5  2 -1 -2 -4 -3  2 -5 -3 -3  0  9 -3    0   0   0   0   4   0   0   0   4   4   2   0   0   3   0   0   0   0  80   0  1.76 inf
  127 L   -2 -3 -4 -4 -3 -3 -4 -4 -3  2  4 -3  2  0 -4 -1 -1 -2  3  0    0   0   0   0   0   0   0   0   0  12  59   0   4   2   0   4   2   0  14   0  0.61 inf
  128 N    0  1  2  1 -3  2  0  2  0 -3 -3  1  0 -3 -2  0  0 -3 -3 -3    7   7  14  10   0  10   5  22   2   0   0  10   5   0   0   3   4   0   0   0  0.27 inf
  129 G    1 -3 -1 -2 -3 -2 -3  6  1 -4 -4 -2 -3 -4 -3  0  0 -3 -3 -3   11   0   1   0   0   0   0  68   4   0   1   0   0   0   0   6   5   0   0   0  0.97 inf
  130 D   -1  0  3  4 -3  2  1 -2 -1 -3 -1  1 -2 -3 -2  1  0 -4 -3 -3    3   4  19  27   0  13   4   0   0   0   6   7   0   0   0  11   3   0   0   0  0.40 inf
  131 K    1 -2  1 -1 -2 -1 -1 -2 -2  0 -1  0 -1 -1  2  0  3 -3  0  1   12   0   7   3   0   0   1   0   0   7   5   8   0   2  13   0  25   0   5  11  0.18 inf
  132 T    1 -1  0  1 -3  0 -1  2 -1 -3 -2 -2 -2 -1 -3  2  0 -2  4 -2   14   2   3  12   0   3   1  16   0   0   1   0   0   0   0  16   7   0  24   0  0.32 inf
  133 K   -1  2  1 -2 -3  3 -1 -1 -1 -2 -2  3  2  0  0 -1 -1 -3 -1  0    3   9   6   0   0  18   0   4   0   0   0  29   8   6   3   0   3   0   2   7  0.27 inf
  134 P   -1 -3 -1 -3 -4 -3 -3 -3  1 -4 -4 -3 -4 -5  8 -2  0 -5 -4 -4    3   0   3   0   0   0   0   0   4   0   1   0   0   0  78   0   6   0   0   0  1.94 inf
  135 V   -1 -4 -4 -4  2 -3 -4 -2 -4  3  2 -3  3 -2 -4 -3 -2 -4 -2  4    1   0   0   0   5   0   0   3   0  22  20   0   8   0   0   0   0   0   0  39  0.56 inf
  136 T    0 -2  0  2 -2 -1  0 -2 -1  0  0  0 -1 -2  1  0  2 -3 -2  1   10   0   5  14   0   0   7   0   1   5   8   6   1   1   6   3  23   0   0  10  0.14 inf
  137 L   -2 -4 -4 -4 -2 -3 -4 -5 -4  4  2 -4  2  2 -4 -3 -1 -3  0  3    0   0   0   0   0   0   0   0   0  35  25   0   5   9   0   0   3   0   2  22  0.55 inf
  138 T    0  1  0 -2 -3  1  0 -3 -2  1 -2  2 -2 -3 -2  1  4 -4 -3 -1    4   7   2   0   0   5   4   0   0  11   0  19   0   0   0  13  34   0   0   1  0.35 inf
  139 I    0 -4 -4 -4 -2 -4 -4 -4 -4  5  0 -4 -1 -2 -4 -2 -1 -4 -3  5    5   0   0   0   0   0   0   0   0  38   0   0   0   0   0   3   2   0   0  51  0.83 inf
  140 T    0 -2 -1 -2 -2 -1 -2  0 -2 -1 -2  0  3 -3 -2  2  4 -3 -3  0    8   0   0   0   0   2   0   6   0   3   0   7  10   0   0  16  41   0   0   5  0.38 inf
  141 L   -3 -4 -4 -5 -3 -4 -4 -4 -2 -1  3 -4  0  6 -4 -4 -3 -1  4 -1    0   0   0   0   0   0   0   0   0   0  38   0   0  43   0   0   0   0  16   0  0.95 inf
  142 N   -3 -2  8 -1 -5 -2 -2 -2 -1 -5 -5 -2 -4 -5 -4 -1 -2 -5 -4 -5    0   0  96   0   0   0   0   0   0   0   0   0   0   0   0   0   0   0   0   0  1.99 inf
  143 G    0  1  0 -1 -2  2  1  2  1 -3 -3  2 -2 -3 -2  1  0 -3 -2 -2    5   5   4   1   0  14   9  16   5   1   1  15   0   1   1  15   5   0   0   1  0.24 inf
  144 T    0  3 -1  0 -2  0  3 -2  0  0 -1  0 -1 -2 -2 -1  1 -3 -2 -1    9  23   1   3   0   2  25   1   2   5   6   1   0   1   1   1  12   0   0   4  0.23 inf
  145 Q    1  0  1  0 -1  0  0 -1 -1  0  0  0  1 -1 -1  1  1 -2 -1  0   12   6   8   5   0   2   5   2   1   7  13   2   5   1   1  12  14   0   1   2  0.06 inf
  146 E   -1 -1  0  2 -2  1  2 -1 -1 -1 -1  0 -1 -2  2  1  0 -2 -1 -1    3   2   2  13   1   6  19   3   1   5   8   2   1   2  11  11   5   1   1   3  0.17 inf
  147 T    0  0  1  0 -1  0  0  0  0  0  0  0  0 -1  0  0  1 -1 -1  0    7   5  12   4   1   3   6   5   1   5   8   5   4   3   3   8  12   1   2   4  0.04 inf
  148 G    0  0  2  2 -1  0  0  1  0  0 -1  0 -1 -1  0  0  0 -1 -1  0    7   3  13  15   1   4   4  10   1   5   6   4   1   3   3   5   5   1   2   7  0.06 inf
  149 D    0  0  1  2 -1  0  1 -1 -1  0  0  0  0  0  0  0  1 -1 -1  0    5   3   9  13   1   4   9   4   1   8  10   3   1   4   3   4  10   1   2   4  0.04 inf
  150 T    0  0  1  1 -1  0  0 -1 -1 -1 -1  0 -1 -1 -1  1  2  2  0 -1    9   6   8  12   1   2   3   4   1   2   8   3   1   2   2   8  19   3   4   3  0.08 inf
  151 T    1 -1  0 -1 -1 -1 -1  0 -1 -1 -1 -1 -1 -1  2  3  2 -1  1 -1    8   2   4   2   1   2   3   5   1   3   4   2   1   2   8  30  14   1   6   3  0.17 inf
  152 P    0  1  1 -1 -1  0 -1  1 -1  0 -1  0 -1 -1  2  0  1 -2 -1  0    8   9   9   2   1   2   3  12   1   4   5   2   1   2  10   7  13   1   1  10  0.09 inf
  153 S    1 -2  1 -1  6 -1 -1 -2 -2 -1 -2 -1  0 -2 -2  2  2 -2 -2  0    9   1   6   3  21   1   1   1   0   1   2   1   4   1   1  23  17   0   1   6  0.34 inf
  154 A    3 -2 -1 -2 -2 -2 -1  4 -2 -2 -3 -1 -2 -3 -2  1  1 -3 -3 -1   28   1   0   1   0   0   3  40   0   1   1   2   0   0   1   7  11   0   0   4  0.49 inf
  155 Y   -4 -4 -4 -5 -5  0 -4 -5  0 -4 -3 -4 -3  2 -5 -4 -4  0  9 -3    0   0   0   0   0   4   0   0   0   0   0   0   0   2   0   0   0   0  92   0  2.21 inf
  156 S    1 -3 -1 -2  3 -2 -2 -1 -3 -3 -3 -2 -3 -4 -3  5  0 -4 -3  0   11   0   0   0   7   0   0   4   0   0   0   0   0   0   0  71   0   0   0   7  0.82 inf
  157 M   -3 -4 -4 -5 -3 -3 -4 -5 -4  5  3 -4  4  1 -4 -4 -2 -3 -2  1    0   0   0   0   0   0   0   0   0  49  28   0  16   5   0   0   0   0   0   0  0.79 inf
  158 S   -1  1  0 -2 -3  1  1 -2 -2 -1 -3  1 -2 -3 -2  2  4 -4 -3 -1    0   7   4   0   0   5   9   0   0   4   0  11   0   0   0  19  39   0   0   1  0.42 inf
  159 F   -4 -5 -5 -5 -4 -5 -5 -5 -3 -1 -1 -5 -2  8 -5 -4 -4 -1  1 -1    0   0   0   0   0   0   0   0   0   3   1   0   0  92   0   0   0   0   0   3  1.93 inf
  160 S   -1 -1  1  2 -3  0  1 -2 -2 -1 -2  1  0 -3 -2  1  3 -4 -2  0    0   2   8  14   0   2  12   0   0   2   2  11   3   0   0  10  25   0   1   8  0.24 inf
  161 W   -5 -5 -6 -6 -5 -4 -5 -5 -4 -2 -3 -5  1  5 -6 -5 -4 11  3 -4    0   0   0   0   0   0   0   0   0   2   0   0   3  26   0   0   0  61   7   0  2.52 inf
  162 D    0  1  1  0 -2  2 -1  0 -2 -3 -3  0 -2 -3 -2  3  2 -3 -3 -1    7   9   7   3   0  11   0   6   0   0   0   3   0   0   0  28  20   0   0   3  0.30 inf
  163 W    0 -3 -3 -3  0 -2 -3  0 -2 -2  1 -3 -1  1 -3 -2 -2  9  1  0    8   1   1   1   2   1   1   8   0   1  16   1   0   4   1   1   1  41   3   6  1.01 inf
  164 S   -1  0  4  0 -2  0  1  0 -1 -1 -1 -1 -2 -2 -2  1  1 -3 -1 -1    3   3  33   2   0   2  12   8   0   2   6   1   0   0   1  10   9   0   2   6  0.25 inf
  165 G    2 -1  1 -1 -1 -1 -1  1 -1 -1  0  1 -1  1 -1  0  0 -2 -1 -1   26   1  11   1   0   1   2   9   1   1  10  12   1   8   1   6   5   0   1   2  0.10 inf
  166 H    0  0  2  1 -2  0  0  2  0 -2 -3  2 -2 -3 -2  1  0 -3 -2 -1    6   4  13   7   0   2   4  16   2   1   1  19   0   0   1  12   6   0   0   4  0.21 inf
  167 N    0 -1  2  1 -2  0  2 -2 -1 -2 -1  0  0 -1 -2  0  2 -1  2 -1    7   1  12   8   0   3  14   1   0   1   4   3   4   1   1   6  16   0  13   4  0.15 inf
  168 Y    0 -2 -1  0 -2 -1  0 -2  1  0 -2 -1 -2  1 -1  0  0  0  5 -1   11   1   2   6   0   1   6   1   3   5   1   2   0   2   2  10   5   0  37   5  0.34 inf
  169 I    0 -1 -1  0 -2  0  1 -2 -2  1 -1  0 -1  0  3  0  2 -3 -2  0    8   2   2   4   0   2   9   1   0  11   2   4   0   4  20   5  19   0   0   7  0.23 inf
  170 N   -1  1  4  0 -4  0  2  3 -1 -4 -4 -1 -3 -4  3  0 -1 -4 -3 -4    1   9  28   1   0   4  15  22   0   0   0   0   0   0  15   4   1   0   0   0  0.53 inf
  171 E    1 -1 -2 -1 -3  3  2 -3 -2  1 -1  0  0 -1 -1 -1  0 -3 -2  2   17   0   0   1   0  23  16   0   0   8   1   3   2   2   3   0   3   0   0  20  0.26 inf
  172 I    0  0 -1 -2 -3  2  0 -3 -2 -2 -3  0 -2 -4  5  0  3 -4 -3 -2    8   4   2   0   0  13   3   0   0   1   0   6   0   0  30   5  27   0   0   0  0.62 inf
  173 F   -4 -4 -5 -5 -4 -2 -5 -5 -3 -1  2 -4 -1  7 -5 -3 -4 -1  1 -2    0   0   0   0   0   3   0   0   0   0  22   0   0  72   0   2   0   0   1   0  1.38 inf
  174 A    2 -2  1  4 -3 -1  0  0  0  0 -2 -2 -2 -3 -2  1  0 -4 -3 -1   24   0   4  31   0   0   5   6   3   7   3   0   0   0   0   9   5   0   0   4  0.30 inf
  175 T    0 -3 -2 -3  0 -2 -2 -3  1  1 -1 -2 -2 -3  0  1  5 -4 -3  1    4   0   0   0   2   0   0   0   4   7   2   0   0   0   3  11  57   0   0   9  0.61 inf
  176 S   -1 -3  1  0 -3 -2 -2 -2 -3 -4 -4 -2 -3 -4  4  4  2 -5 -4 -3    0   0   8   3   0   0   0   0   0   0   0   0   0   0  22  51  16   0   0   0  0.82 inf
  177 S   -1 -3 -2 -2  3 -2 -2 -3 -2 -3  0 -2 -2 -2  3  4  2 -3  1 -2    2   0   0   0   7   0   0   0   0   0   9   0   0   1  19  41  15   0   6   0  0.52 inf
  178 Y   -1 -4 -3 -4  4 -3 -4  0 -2 -1  0 -4  1  6 -4 -2  0 -1  2 -1    3   0   0   0  13   0   0   8   0   2   7   0   4  43   0   2   6   0   7   4  0.60 inf
  179 T   -1 -3  0 -2 -3  0 -2 -3 -3 -2 -3 -2 -2  2 -3  2  5 -4 -2 -1    0   0   4   0   0   4   0   0   0   0   0   0   0  10   0  19  61   0   0   3  0.77 inf
  180 F   -4 -5 -5 -6 -5 -5 -5 -5 -3 -2 -1 -5 -2  9 -6 -5 -4 -1  1 -3    0   0   0   0   0   0   0   0   0   0   3   0   0  97   0   0   0   0   0   0  2.16 inf
  181 S   -1 -3 -1 -2  5 -2 -2 -1 -3 -4 -4 -2 -3 -3 -3  5  1 -4  1 -3    0   0   0   0  12   0   0   4   0   0   0   0   0   0   0  72   7   0   6   0  0.94 inf
  182 Y   -4 -4 -5 -6 -5 -4 -4 -6 -1 -4 -3 -4 -3  1 -5 -4 -4  0  9 -4    0   0   0   0   0   0   0   0   0   0   0   0   0   0   0   0   0   0 100   0  2.57 inf
  183 I   -3 -4 -5 -5 -3 -4 -5 -5 -5  6  1 -4  1 -2 -4 -4 -2 -4 -3  2    0   0   0   0   0   0   0   0   0  80   8   0   3   0   0   0   0   0   0   9  1.11 inf
  184 A    3  2 -2 -2 -2 -1 -2  0 -2 -3 -3 -1 -2 -3 -2  1  3 -4 -3 -2   42  14   0   0   0   0   0   4   0   0   0   0   0   0   0   9  31   0   0   0  0.50 inf
  185 Q   -2 -1 -2 -1 -5  6  5 -4 -1 -5 -4  0 -3 -5 -3 -2 -2 -4 -3 -4    0   0   0   0   0  54  45   0   0   0   0   2   0   0   0   0   0   0   0   0  1.27 inf
  186 E   -2 -1 -1  4 -5  4  5 -3 -1 -4 -4 -1 -3 -5 -3 -1 -2 -4 -4 -4    0   0   0  31   0  24  45   0   0   0   0   0   0   0   0   0   0   0   0   0  1.00 inf

                      K         Lambda
Standard Ungapped    0.1284     0.3130
Standard Gapped      0.0443     0.2670
PSI Ungapped         0.1453     0.3122
PSI Gapped           0.0443     0.2670
