
Last position-specific scoring matrix computed, weighted observed percentages rounded down, information per position, and relative weight of gapless real matches to pseudocounts
           A  R  N  D  C  Q  E  G  H  I  L  K  M  F  P  S  T  W  Y  V   A   R   N   D   C   Q   E   G   H   I   L   K   M   F   P   S   T   W   Y   V
    1 A    5 -2 -2 -2 -2 -2 -2 -1 -3 -3 -3 -2 -2 -4 -2  4 -1 -4 -3 -2   62   0   0   0   0   0   0   0   0   0   0   0   0   0   0  38   0   0   0   0  0.79 inf
    2 T   -2 -4 -2 -3 -3 -3 -3 -4 -4 -4 -4 -3 -3 -5 -4  3  7 -5 -4 -3    0   0   0   0   0   0   0   0   0   0   0   0   0   0   0  19  81   0   0   0  1.57 inf
    3 P   -1 -5 -5 -5 -5 -4 -4 -5 -5  2 -3 -4 -2 -4  8 -3  1 -6 -5 -2    6   0   0   0   0   0   0   0   0  11   2   0   1   1  71   0   8   0   0   1  1.86 inf
    4 H   -6 -5 -4 -6 -8 -4 -5 -4 11 -8 -7 -5 -6 -6 -7 -5 -6 -7 -2 -8    0   0   0   0   0   0   0   1  98   0   0   0   0   0   0   0   0   0   0   0  3.83 inf
    5 I   -5 -6  1 -6 -5 -6 -6 -7 -6  7  3 -6 -2 -3 -6 -5 -3 -6 -5  0    0   0   8   0   0   0   0   0   0  68  21   0   0   0   0   0   0   0   0   2  1.52 inf
    6 N    0  1  3 -1 -3  1  1  3  0 -4 -2  1 -2 -4 -3  1 -1 -2 -3 -3    7   9  16   2   0   7  10  22   2   0   6   8   1   0   0   9   1   1   0   0  0.32 inf
    7 A    5 -4 -4 -5  3 -3 -4 -3 -4  0  2 -4 -1 -2 -1 -2 -2 -5 -4  2   49   0   0   0   6   0   0   1   0   5  17   0   1   2   3   1   1   0   0  13  0.67 inf
    8 E   -1  1  1  0 -2  1  2  0 -1 -4 -4  4 -3 -5 -1  0  0 -5 -4 -3    5   7   6   4   1   5  12   6   1   0   0  35   0   0   2   7   6   0   0   1  0.45 inf
    9 M   -1  0 -1 -1 -5  0  1 -2 -2 -2 -2  4  1 -4  4 -1 -2 -5 -3 -2    6   3   3   3   0   4  11   2   0   3   2  29   5   0  23   2   1   0   1   2  0.53 inf
   10 G    0 -5  0  1 -5 -3  1  6 -2 -4 -4 -4 -5 -6 -5 -1 -2 -5 -5 -4    7   0   3   7   0   0   9  65   1   1   1   0   0   0   0   2   2   0   0   1  1.17 inf
   11 D   -1 -2 -2  6 -6  1  4 -4 -3 -5 -4 -2  0 -6 -3 -3 -3 -6 -5 -5    4   1   0  53   0   7  26   0   0   0   1   1   2   0   1   1   0   0   0   1  1.27 inf
   12 F   -3 -5 -5 -6 -4 -5 -5 -2 -5  5  0 -5 -2  3 -5 -3 -2 -4 -1  4    1   0   0   0   0   0   1   4   0  42   7   0   0  15   0   1   1   0   1  26  0.92 inf
   13 A    6 -5 -2 -4 -4 -4 -4  2 -2 -4 -5 -3 -4 -5 -2  0 -3 -6 -4 -3   76   0   2   0   0   0   0  12   1   0   0   0   0   0   2   5   1   0   0   0  1.31 inf
   14 D   -3  2  0  2 -5 -1  4 -3 -2 -5 -5  3 -4 -5  3 -1  0 -5 -4 -5    0  12   3  12   0   1  25   1   0   0   0  22   0   0  15   3   5   0   0   0  0.68 inf
   15 V   -1  1 -1 -4 -3 -2 -3 -4 -2  1  0 -1 -1 -1 -3 -1  4 -3  5  1    4   9   2   0   0   1   0   0   0  10   8   3   1   1   0   2  28   0  21  11  0.45 inf
   16 V    2 -6 -6 -6  0 -5 -5 -6 -6  2 -2 -5 -2 -4 -5 -4 -3 -6 -4  7   15   0   0   0   2   0   0   0   0  10   0   0   0   0   0   0   1   0   0  72  1.43 inf
   17 L   -4 -5 -6 -7 -1 -5 -6 -7 -6  4  5 -6 -1 -1 -6 -5 -4 -5 -4  0    0   0   0   0   1   0   0   0   0  27  66   0   0   2   0   0   0   0   0   3  1.36 inf
   18 M   -2 -5 -6 -6 -4 -3 -5 -4 -5  1  4 -5  7 -1 -5 -5 -3 -5 -4  2    3   0   0   0   0   1   0   1   0   5  42   0  33   1   0   0   1   0   0  13  1.14 inf
   19 P   -2 -6 -6 -5  2 -5 -5 -6 -6 -5 -6 -5 -6 -7  8 -2 -4 -7 -7  0    3   0   0   0   5   0   0   0   0   0   0   0   0   0  80   3   1   0   0   9  2.43 inf
   20 G   -4 -6 -4 -5 -6 -6 -6  8 -6 -8 -8 -5 -7 -7 -6 -4 -5 -6 -7 -7    0   0   0   0   0   0   0 100   0   0   0   0   0   0   0   0   0   0   0   0  2.63 inf
   21 D   -5 -6  0  8 -4 -4 -1 -5 -5 -7 -8 -5 -7 -8 -5 -4 -5 -8 -7 -7    1   0   2  94   0   0   2   0   0   0   0   0   0   0   0   0   0   0   0   0  2.60 inf
   22 P   -5 -4 -6 -6 -7 -3 -4 -7 -6 -7 -7 -5 -7 -8  9 -5 -5 -8 -7 -7    0   1   0   0   0   1   1   0   0   0   0   0   0   0  97   0   0   0   0   0  3.26 inf
   23 L    0 -2 -1 -1 -4  0  0  2 -3 -2  4  2  0 -1 -4 -2 -3 -4 -1 -2    7   0   3   3   0   3   6  16   0   0  42  13   1   2   0   1   0   0   2   0  0.34 inf
   24 R   -6  9 -5 -6 -8 -3 -4 -7 -4 -7 -6 -2 -6 -7 -6 -5 -5 -7 -6 -7    0 100   0   0   0   0   0   0   0   0   0   0   0   0   0   0   0   0   0   0  2.90 inf
   25 A    5 -5 -5 -5  3 -4 -4 -4 -5 -2 -3 -4 -3 -5 -4 -1 -1 -6 -5  3   60   0   0   0   6   0   0   0   0   1   1   0   0   0   0   4   4   0   0  24  1.09 inf
   26 K   -2  1 -1  2 -6  1  3 -4 -2 -5 -5  6 -4 -6 -1 -2 -3 -6 -3 -4    3   5   2  10   0   4  20   1   0   0   0  48   0   0   3   2   0   0   1   1  0.92 inf
   27 Y   -3  3 -4 -3 -5 -1 -3 -4  0 -2  0  2  0  3 -4 -3 -2  6  5 -3    1  15   0   2   0   2   0   1   2   1   9  14   2  15   0   1   1  10  22   1  0.66 inf
   28 I   -1 -6 -7 -7 -4 -6 -6 -7 -6  7  0 -6  1 -2 -6 -5 -4 -6 -5  1    4   0   0   0   0   0   0   0   0  77   7   0   3   1   0   0   0   0   0   8  1.69 inf
   29 A    7 -5 -5 -5 -4 -4 -4 -3 -5 -3 -4 -3 -4 -6 -4  0 -3 -6 -5 -2   90   0   0   0   0   0   0   1   0   1   1   1   0   0   0   4   1   0   0   2  1.78 inf
   30 E   -1 -1 -1  2 -3  1  5 -3  0 -4 -4  2 -3 -4 -2 -1 -1 -4 -3 -3    4   2   2  10   0   5  48   1   2   1   1  13   0   1   1   4   3   0   0   1  0.74 inf
   31 T    0  1  3 -2 -2  0 -1 -1  4 -3 -3  1  0 -3 -3  1  4 -4 -3 -3    7   6  16   1   1   3   1   4  10   1   2   8   2   0   1   7  28   0   0   1  0.40 inf
   32 F   -4 -5 -5 -5 -3 -4 -5 -5 -2 -3  2 -5 -2  7 -5 -4 -4  4  6 -3    1   0   0   0   1   0   0   1   0   0  17   0   1  43   0   1   1   5  28   1  1.43 inf
   33 L   -4 -4 -5 -3  2 -4 -5 -5 -5 -1  6 -4  3  1 -5 -4 -4  3 -3 -2    1   0   0   2   4   0   0   1   0   1  70   0   8   6   0   1   0   4   0   0  1.15 inf
   34 E   -3 -3 -2  5 -6  1  5 -4 -1 -6 -6  0 -4 -6 -3 -1  0 -6 -5 -5    1   1   1  35   0   4  41   0   1   0   0   5   0   0   1   2   7   0   0   0  1.16 inf
   35 D   -3 -3  6  6 -6 -2  1 -1 -1 -6 -6 -1 -5 -6 -4 -1 -3 -7 -5 -6    1   1  35  41   0   1   8   4   1   0   0   3   0   0   0   4   0   0   0   0  1.26 inf
   36 A    4 -4 -4 -5 -4 -4 -4 -3 -1 -2 -3 -4 -1 -2  4 -1 -2 -2  2  3   35   1   0   0   0   0   0   0   2   1   0   0   1   1  22   3   1   1   7  24  0.76 inf
   37 R   -3  3 -3 -2 -5  0  2 -3 -2 -1 -3  4 -2 -3 -4 -2  0 -1 -2  3    0  17   0   1   0   4  16   2   1   2   1  29   1   1   0   0   5   1   1  21  0.54 inf
   38 E   -3 -1 -4 -1  5  3  2 -5 -1 -1  3 -1 -1  1 -2 -3 -2 -4 -2 -1    0   3   0   2  15  15  14   0   1   2  30   4   1   6   1   0   1   0   1   3  0.46 inf
   39 V   -3 -4 -6 -6 -4 -5 -5 -6 -3  2  1 -4 -1  2 -3 -5 -3 -4  3  5    0   0   0   0   0   0   0   0   0  10  13   1   0   9   2   0   0   0  12  52  0.97 inf
   40 N    3 -4  6 -3  0 -3 -3 -1 -3 -3 -5 -3 -4 -4 -4  2  2 -6 -5 -3   29   0  40   0   2   0   1   3   0   2   0   0   0   0   0  12  11   0   0   1  0.91 inf
   41 N   -1 -1  2  3 -2  1  3 -2  1 -4 -4  0 -4 -1 -3  2  1 -4  0 -4    3   3   8  18   1   5  23   2   3   1   0   5   0   3   0  14   9   0   4   0  0.41 inf
   42 V   -3 -2  4 -4 -4 -3 -2 -5  4  0 -3 -3 -3 -3 -5 -1  0 -6 -2  5    1   1  25   0   0   0   2   0  11   3   0   1   0   1   0   3   4   0   1  45  0.86 inf
   43 R   -6  9 -5 -6 -8 -3 -4 -7 -4 -7 -6 -2 -6 -7 -6 -5 -5 -7 -6 -7    0  99   0   0   0   0   0   0   0   0   0   0   0   0   0   0   0   0   0   0  2.88 inf
   44 G   -3 -4  5 -2 -2 -2  5  4 -3 -6 -5 -3 -5 -6 -5 -2 -4 -6 -5 -6    1   0  30   1   1   0  38  27   0   0   1   0   0   0   0   1   0   0   0   0  1.20 inf
   45 M   -1 -5 -5 -6 -3 -4 -4 -6  1  0 -1 -5  8  4 -6 -4 -4 -3  6 -1    4   0   0   0   0   0   1   0   3   4   4   0  41  15   0   1   0   0  24   3  1.40 inf
   46 L   -3  2 -2 -4 -3 -2 -4 -4  0 -1  3  0 -1  3 -3 -3  1  0  2  1    1  11   2   0   0   1   0   0   2   2  34   5   0  16   1   0   8   1   7   8  0.39 inf
   47 G   -1 -4 -3 -4 -1 -4 -4  5 -4 -1 -3 -4  0 -2 -4  1  3 -5 -1  1    4   0   0   0   1   0   0  42   0   3   2   0   2   1   0   8  23   0   2  10  0.73 inf
   48 F   -3 -6 -6 -7 -6 -5 -6 -7  0 -3 -3 -6 -2  6 -7 -5 -5  5  8 -1    3   0   0   0   0   0   0   0   1   1   1   0   1  27   0   0   0   7  55   4  1.97 inf
   49 T   -3  0  0 -5 -5 -4 -4 -5 -5 -4 -2 -4 -4 -5 -5 -1  7 -2 -2 -2    1   5   5   0   0   0   0   0   0   0   5   0   0   0   0   3  77   1   1   2  1.60 inf
   50 G    0 -6 -4 -5 -6 -6 -6  7 -6 -7 -7 -5 -6 -7 -6 -4 -5 -6 -7 -4    7   0   0   0   0   0   0  92   0   0   0   0   0   0   0   0   0   0   0   2  2.29 inf
   51 T   -3  0 -1 -3 -4 -1  1 -4 -3 -3 -1  1 -1  1 -4 -1  5 -1  4 -2    1   4   2   0   0   1   9   0   0   1   5   9   2   5   0   2  41   1  15   2  0.61 inf
   52 Y   -4 -6 -6 -7 -6 -5 -6 -7 -1 -1  1 -6 -2  2 -7 -6 -4  4  9 -3    1   0   0   0   0   0   0   0   1   3  14   0   1   6   0   0   0   4  69   2  2.08 inf
   53 K   -2  2  2  2 -3  1  1 -2 -1 -6 -5  6 -4 -5 -4 -3 -3 -6 -5 -5    2  10   9  10   0   6   8   2   1   0   1  50   0   0   0   0   0   0   0   0  0.93 inf
   54 G   -4 -6  0 -2 -6 -4 -4  7 -6 -8 -7 -4 -6 -7 -6 -3 -4 -6 -7 -7    0   0   5   3   0   0   1  89   0   0   0   0   0   0   0   1   0   0   0   0  2.17 inf
   55 R   -2  2 -1 -3 -2  1  1 -4  3  0 -3  4  0 -3 -4 -2  0 -5 -3  2    2  10   2   0   1   6   9   0   7   5   0  29   2   0   0   1   5   0   0  20  0.41 inf
   56 K   -1  3 -2 -1 -4 -1  1 -4 -3 -5 -3  4 -2 -4  5 -2 -1 -6 -5 -5    4  19   1   3   0   2  11   0   0   0   2  26   1   1  27   2   3   0   0   0  0.82 inf
   57 I   -3 -6 -6 -6 -3 -6 -6 -7 -6  5  0 -6  0 -2 -6 -5 -3 -6 -4  6    0   0   0   0   0   0   0   0   0  34   7   0   2   1   0   0   0   0   0  56  1.45 inf
   58 S   -2 -4 -2 -4 -4 -4 -4 -3 -5 -1 -2 -4 -3 -5 -4  6  3 -6 -5 -1    1   0   1   0   0   0   0   1   0   4   4   0   1   0   0  65  20   0   0   4  1.22 inf
   59 V    0 -6 -6 -6 -4 -6 -6 -6 -6  4 -2 -6 -2 -1 -6 -4 -3 -6 -4  7    7   0   0   0   0   0   0   0   0  20   1   0   0   3   0   1   0   0   0  70  1.49 inf
   60 M    1 -4 -4 -5  5  3 -4 -2 -2 -2 -2 -4  7 -4 -5 -2  2 -5 -4 -1   12   0   0   0  13  17   0   3   1   1   1   0  32   0   0   1  14   0   0   4  0.97 inf
   61 G    1 -4 -3 -4 -4 -4 -4  5 -5 -5 -6 -4 -5 -6 -4  4  1 -6 -5 -4   12   0   0   0   0   0   0  43   0   0   0   0   0   0   0  37   8   0   0   1  1.13 inf
   62 H   -3 -4 -3 -4 -5 -4 -4 -3  6 -5 -5 -4 -5 -6 -5  4  6 -6 -4 -4    0   0   0   0   0   0   0   1  22   0   0   0   0   0   0  28  48   0   0   1  1.48 inf
   63 G   -4 -6 -4 -5 -7 -6 -6  8 -6 -8 -8 -6 -3 -7 -6 -4 -6 -7 -7 -7    0   0   0   0   0   0   0  99   0   0   0   0   1   0   0   0   0   0   0   0  2.62 inf
   64 M   -5 -6 -7 -7 -5 -5 -6 -7 -6  5 -2 -6 10 -4 -7 -6 -5 -6 -5  0    0   0   0   0   0   0   0   0   0  33   0   0  63   0   0   0   0   0   0   4  2.39 inf
   65 G   -4 -7 -5 -6 -7 -6 -6  8 -6 -8 -8 -6 -7 -8 -7 -3 -6 -7 -8 -8    0   0   0   0   0   0   0  98   0   0   0   0   0   0   0   2   0   0   0   0  2.68 inf
   66 I    0 -5 -3 -4  4  0 -4  3 -5  3 -2 -4  5 -3 -4 -1 -2 -5 -4  0    9   0   1   0   8   4   0  26   0  21   1   0  17   1   0   5   1   0   0   6  0.63 inf
   67 P    1 -6 -6 -6 -7 -6 -5 -3 -7 -7 -7 -5 -7 -4  8 -2 -5 -8 -7 -7   10   0   0   0   0   0   0   2   0   0   0   0   0   1  84   3   0   0   0   0  2.68 inf
   68 S   -2 -5 -2 -5 -1 -4 -5 -2 -5 -7 -7 -5 -6 -7 -5  7 -2 -7 -6 -6    1   0   2   0   1   0   0   3   0   0   0   0   0   0   0  93   0   0   0   0  2.18 inf
   69 C    3 -5 -5 -5  3 -4 -5 -5 -3  5  0 -4  5 -1 -5 -2  2 -5 -4  0   24   0   0   0   6   0   0   0   1  31   5   0  13   2   0   1  13   0   0   3  0.76 inf
   70 S    3 -4 -3 -3 -1 -4 -2  4 -4 -2 -3 -4  0 -5 -4  4 -1 -5 -5 -2   26   0   0   0   1   0   2  26   0   2   3   0   3   0   0  33   3   0   0   2  0.75 inf
   71 I   -4 -7 -5 -7 -5 -7 -7 -8 -8  8  0 -7 -3 -3 -7 -7 -5 -7 -5 -1    1   0   1   0   0   0   0   0   0  93   5   0   0   1   0   0   0   0   0   0  2.45 inf
   72 Y    4 -6 -6 -7  0 -5 -6 -4 -3 -5 -5 -5 -5 -2 -6 -3 -5 -3  8  0   30   0   0   0   2   0   0   1   0   0   0   0   0   0   0   1   0   0  58   7  1.86 inf
   73 T    3 -4 -4 -4 -2 -4 -4 -3 -4  1 -1 -4  1  1 -4  2 -1 -5 -2  4   24   0   0   0   0   0   0   1   0   8   5   0   4   5   0  20   3   0   1  28  0.52 inf
   74 K   -4 -2  2 -3 -6 -2  5 -5  5 -2 -5 -1 -5 -1 -5 -3  0  0  5 -4    0   2  10   0   0   0  39   0  14   3   0   4   0   2   0   0   7   1  19   0  0.99 inf
   75 E   -5 -5 -5 -3 -8 -2  8 -7 -5 -8 -7 -4 -6 -8 -6 -3 -5 -7 -6 -7    0   0   0   0   0   0  98   0   0   0   0   0   0   0   0   1   0   0   0   0  2.68 inf
   76 L   -5 -6 -7 -8 -5 -6 -5 -8 -4 -2  7 -6 -2 -4 -7 -6 -5 -6 -5 -3    0   0   0   0   0   0   1   0   1   0  98   0   0   0   0   0   0   0   0   0  2.14 inf
   77 I   -2 -3 -3 -3  1 -3 -3 -3 -2  4  0 -3  1  4 -3 -3 -2 -2  3  1    2   1   1   1   3   1   1   2   1  31   8   1   3  20   1   2   1   0   9  10  0.53 inf
   78 T    2  2  3 -1 -3  1 -1 -2  3 -4 -4  3 -1 -5 -3  0  1 -5 -3 -3   17  10  14   3   1   7   2   1   7   0   1  19   1   0   0   5   8   0   0   1  0.41 inf
   79 D   -1  0  0  2 -3  2  2 -2 -1 -2 -2 -1  1  3 -3  0 -1 -2  1 -1    3   6   5  15   0  10  14   2   1   2   1   3   4  15   1   6   4   0   4   3  0.22 inf
   80 F   -2 -5 -5 -6  4 -5 -5 -5  0  1  1 -5 -3  3 -6 -5 -3 -2  8  0    4   0   0   0   8   0   0   1   2   6  15   0   0  10   0   0   1   0  46   6  1.25 inf
   81 G   -3 -5  1  3 -6 -4 -1  7 -4 -7 -7 -3 -6 -7 -6 -2 -5 -6 -7 -7    0   0   5  15   0   0   3  72   0   0   0   1   0   0   0   2   0   0   0   0  1.68 inf
   82 V    3 -6 -6 -6  1 -5 -5 -3 -6  0 -3 -5 -1 -5 -5 -2 -3 -6 -5  6   28   0   0   0   3   0   0   2   0   3   0   0   1   0   0   2   1   0   0  59  1.24 inf
   83 K   -4  2  0  4 -6  1  3 -4  1 -6 -6  5 -5 -6 -4 -2 -1 -6 -4 -3    0   9   3  21   0   6  19   0   3   0   0  33   0   0   0   1   3   0   0   2  0.86 inf
   84 K   -1  1  4 -3 -1 -2 -2 -4 -1 -2 -4  2 -4 -4 -4 -2  5 -5 -1  0    4   7  19   0   1   0   1   0   1   2   1  11   0   0   0   1  40   0   2   8  0.72 inf
   85 I   -3 -6 -6 -7 -5 -6 -6 -7 -6  6  3 -6  0  5 -6 -5 -4 -4 -2  0    1   0   0   0   0   0   0   0   0  41  28   0   2  24   0   0   0   0   1   3  1.25 inf
   86 I   -5 -7 -7 -7 -5 -7 -7 -8 -7  8  0 -7 -1 -3 -7 -6 -4 -6 -4  2    0   0   0   0   0   0   0   0   0  80   8   0   1   0   0   0   0   0   0  10  2.01 inf
   87 R   -6  9 -5 -6 -8 -4 -5 -7 -5 -8 -7 -2 -6 -8 -7 -5 -6 -7 -6 -7    0 100   0   0   0   0   0   0   0   0   0   0   0   0   0   0   0   0   0   0  3.05 inf
   88 V   -2 -6 -6 -7 -3 -6 -6 -7 -6  5  0 -6 -2 -3 -6 -5 -2 -6 -3  6    2   0   0   0   0   0   0   0   0  35   7   0   0   1   0   0   1   0   1  53  1.42 inf
   89 G   -4 -7 -5 -6 -7 -6 -7  8 -7 -8 -8 -6 -7 -8 -7 -5 -6 -7 -8 -8    0   0   0   0   0   0   0 100   0   0   0   0   0   0   0   0   0   0   0   0  2.77 inf
   90 S   -3 -5 -4 -5 -5 -4 -5 -5 -5 -5 -6 -4 -5 -6 -5  5  6 -7 -6 -5    0   0   0   0   0   0   0   0   0   0   0   0   0   0   0  47  53   0   0   0  1.81 inf
   91 C    4 -6 -5 -6  9 -5 -6 -4 -6 -2 -3 -5 -3 -6 -5 -1  3 -6 -6 -3   29   0   0   0  45   0   0   0   0   2   2   0   1   0   0   3  16   0   0   1  1.74 inf
   92 G   -2 -7 -5 -6 -7 -6 -6  8 -6 -8 -8 -6 -7 -8 -6 -4 -6 -7 -7 -8    2   0   0   0   0   0   0  98   0   0   0   0   0   0   0   0   0   0   0   0  2.65 inf
   93 A    5 -3 -4 -4 -4 -4 -4  3 -5 -5 -5 -4 -5 -6 -4  3 -1 -6 -5 -3   48   1   0   0   0   0   0  22   0   0   0   0   0   0   0  25   3   0   0   1  1.11 inf
   94 V   -4 -4 -6 -6 -4 -5 -5 -6 -4  4  3 -5  5  1 -6 -5 -1 -3  5  1    1   0   0   0   0   0   0   0   0  20  27   0  17   4   0   0   3   0  19   9  0.94 inf
   95 L   -2  2  1  0 -3  6 -1 -2  1 -3 -4  1 -2 -4 -4  1  0 -3 -2 -2    2   8   5   5   0  40   1   2   3   1   1   8   1   1   0  10   6   0   1   4  0.67 inf
   96 P    0 -1  0  2 -5 -1  3 -3 -2 -3 -3  2 -1 -5  4  0 -1 -5 -4 -4    8   3   3  13   0   1  21   1   1   1   3  15   1   0  21   5   3   0   0   0  0.53 inf
   97 H   -3 -2  3  5 -6  0  3 -1  3 -6 -5  1 -5 -5 -4 -1 -3 -2 -2 -6    1   2  11  37   0   2  19   6   8   0   0   7   0   0   0   3   1   1   2   0  0.86 inf
   98 V   -2 -5 -6 -6 -3 -5 -6 -6 -2  5  2 -5  1 -2 -6 -4 -3 -5 -4  5    3   0   0   0   0   0   0   0   1  32  20   0   3   1   0   0   0   0   0  38  1.06 inf
   99 K   -1  0  3  0 -4  1  1 -1  3 -4 -4  5 -3 -5 -2 -2 -3 -3 -3 -4    4   2  15   5   0   7   9   5   7   1   1  39   0   0   2   2   1   0   0   0  0.67 inf
  100 L   -2 -5 -2 -5 -3 -3 -3 -2 -5  3  3 -4  1 -3 -1 -2 -2 -5 -4  4    2   0   2   0   0   1   1   4   0  17  31   0   3   0   4   2   2   0   0  30  0.60 inf
  101 R   -3  5 -1 -5 -6 -3 -4  5  0 -6 -4  0  0  0 -4 -3 -4 -5  3 -5    0  29   2   0   0   0   0  44   2   0   1   4   3   4   1   1   0   0   9   0  1.05 inf
  102 D   -6 -6 -3  8 -8 -2  1 -6 -4 -7 -8 -5 -7 -8 -6 -1 -2 -8 -7 -7    0   0   0  85   0   2   7   0   0   0   0   0   0   0   0   4   2   0   0   0  2.32 inf
  103 V   -3 -5 -6 -6 -4 -5 -6 -5 -6  4  3 -5  1 -2 -3 -4 -1 -5 -1  5    0   0   0   0   0   0   0   0   0  20  27   0   3   1   1   1   3   0   2  41  0.97 inf
  104 V   -3 -6 -7 -7 -3 -6 -6 -7 -7  5  0 -6 -1 -2 -6 -5 -4 -6 -3  6    1   0   0   0   0   0   0   0   0  37   6   0   1   1   0   0   0   0   1  54  1.54 inf
  105 I   -3 -6 -2 -6 -3 -5 -3 -6 -6  6  3 -5  0 -1 -6 -5 -4 -5 -4  3    1   0   2   0   0   0   2   0   0  47  25   0   2   2   0   0   0   0   0  19  1.12 inf
  106 G    5 -5 -2 -4 -3 -4 -4  1 -5 -1 -4 -4 -4 -4  0  0  1 -6 -5  1   55   0   2   0   0   0   0  11   0   3   0   0   0   0   4   6   8   0   0  10  0.81 inf
  107 M   -1 -2  0 -1 -2  4  0 -4 -1 -2 -2  1  5 -4 -4  0  4 -5 -3 -2    3   1   4   3   1  18   6   0   1   2   3   7  17   0   0   4  27   0   1   1  0.57 inf
  108 G    3 -2 -1 -3 -4 -4 -1  5 -4 -5 -5 -2 -5 -6 -4  2 -1 -2 -5 -5   29   2   2   1   0   0   4  41   0   0   0   2   0   0   0  14   3   1   0   0  0.90 inf
  109 A    7 -5 -5 -5  1 -5 -5 -3 -5 -4 -5 -5 -5 -6 -5  2 -2 -7 -6 -3   81   0   0   0   3   0   0   1   0   0   0   0   0   0   0  12   1   0   0   1  1.68 inf
  110 C    1 -3 -3 -4  5 -3 -4 -1  0  1 -2 -4 -1 -1 -4  2 -1  3  3  3    9   1   0   0  12   0   0   4   3   8   1   0   1   2   0  19   3   4  10  21  0.43 inf
  111 T   -1  5 -3 -4 -1 -3 -3 -3 -1 -5 -5  0 -4 -5 -1  2  5 -5  0 -4    4  30   0   0   1   0   0   2   1   0   0   5   0   0   3  15  35   0   3   0  0.86 inf
  112 D   -3 -3  2  5 -3  0  2 -3  0 -3  0 -3  2 -3 -3 -2 -1 -2 -3 -3    1   1   9  40   0   3  15   2   2   1  11   0   6   1   1   1   3   1   1   1  0.69 inf
  113 S   -3 -4  0  3 -5 -2  3  0 -4 -6 -6 -3 -4 -6 -3  5 -2 -6 -5 -5    0   0   4  14   0   1  21   6   0   0   0   0   0   0   1  50   1   0   0   0  1.03 inf
  114 K   -1 -3  3 -2 -3 -2 -2  5 -3 -4 -5  0 -4 -5 -2  1  1 -5 -5 -3    5   1  17   1   0   2   2  43   0   1   0   6   0   0   2  11   7   0   0   1  0.74 inf
  115 V    1 -4 -3 -4 -2 -3 -3 -1 -3  2 -1 -3  1  2 -1 -2  4 -2  3  1   11   0   0   0   1   0   1   4   0  10   4   0   5  10   3   1  26   0  12   9  0.38 inf
  116 N    2 -3  4 -3 -4 -2 -3 -2 -3 -1 -2 -3  0 -2 -3  4  1 -5 -3  0   15   0  23   0   0   1   0   1   0   4   4   0   2   2   1  32   6   0   0   6  0.55 inf
  117 R   -1  4  1  0 -4  0  0 -1  1 -3 -2  3 -2 -2 -3  0 -1 -4 -1 -3    6  27   6   6   0   4   4   5   3   1   4  20   1   2   1   6   2   0   2   2  0.36 inf
  118 I    0 -1  1 -1 -2  2 -1 -1 -1  1  1  0  1 -1 -2 -1  0  0  0  0    9   2   7   2   1  16   2   4   2   9  17   5   3   2   1   3   5   1   3   6  0.08 inf
  119 R   -1  3 -2 -2 -4  2  1 -3  3  0 -1 -1  0  0 -3 -2 -1 -2  4 -1    5  20   1   2   0   9   9   1   6   8   4   1   3   3   1   1   4   0  18   4  0.33 inf
  120 F   -2 -3  0 -4 -5 -2 -3 -2 -2 -2 -1 -4  0  6 -5  0 -2  2  6 -1    3   1   6   1   0   2   1   3   1   1   4   1   2  34   0   7   2   2  25   4  0.85 inf
  121 K    2 -1  0 -2 -2 -1 -1  2 -1  1  0  0 -1 -3  1 -1 -2 -4 -3  1   18   4   6   1   0   1   3  16   1   8  12   7   1   0   8   3   0   0   0  11  0.13 inf
  122 D   -2 -1  1  2 -3 -2  1  3 -2 -3 -4 -2 -4 -4  5 -1 -2 -5 -2 -4    2   4   6  13   0   1   9  20   1   2   2   2   0   1  32   4   2   0   1   1  0.72 inf
  123 H    0 -1  0 -1 -2 -1  0  1  2  1  0  0  1 -1  0 -1 -1 -2  1  0    9   3   4   2   1   2   7  11   6  14   6   6   5   2   4   3   3   0   7   6  0.04 inf
  124 D   -1 -2  1  4  2 -1  3 -1  2 -3 -4 -1 -4 -4 -2  1  1 -5 -1 -3    5   1   7  25   5   2  20   4   5   1   1   2   0   1   1   9  10   0   2   1  0.44 inf
  125 F   -3 -2 -2 -1 -2 -4 -3 -4  1 -2 -2 -2  1  6 -3 -5 -4 -1  7 -2    1   2   2   4   1   1   1   1   2   1   2   2   3  36   1   0   0   1  36   2  1.28 inf
  126 A    4 -5 -3 -2 -3 -4 -2 -4 -5 -1 -4 -3 -3 -5  6  1 -2 -3 -5 -1   34   0   1   2   0   0   3   0   0   3   1   1   0   0  39  10   1   0   0   3  1.09 inf
  127 A    5 -5 -2 -5 -1 -1 -2 -3 -5 -3 -2 -3 -3 -4  5 -1 -1 -6 -3 -2   51   0   1   0   1   3   2   0   0   1   5   0   0   0  25   2   4   0   1   2  0.96 inf
  128 I   -1 -4 -3 -4  2 -4 -3 -3 -3  3 -1 -2 -1 -1 -4  0  2 -4  2  4    4   0   0   0   4   0   1   1   0  18   4   2   0   2   0   9  15   0   7  31  0.47 inf
  129 A    6 -5 -2 -5 -1 -4 -4 -2 -3 -5 -5 -3 -5 -6  5  0 -3 -6 -6 -3   63   0   2   0   1   0   0   2   1   0   0   1   0   0  25   4   0   0   0   1  1.43 inf
  130 D   -3 -5  2  7 -6 -2 -2 -5  2 -3 -7 -4 -6 -6 -5  3 -1 -7 -3 -6    1   0   8  57   0   1   0   0   5   2   0   0   0   0   0  23   3   0   1   0  1.45 inf
  131 F   -2 -3 -4 -4 -5 -3 -2 -3  0 -1 -1 -1 -2  6  2 -3 -3  4  4 -3    3   1   0   0   0   1   3   2   2   4   5   5   1  41  11   1   2   5  12   1  0.87 inf
  132 D   -1 -1  0  4 -5  0  4  1  0 -4 -4  0 -3 -3 -2  0 -1 -3 -2 -3    4   2   4  23   0   4  29  10   2   0   1   5   0   1   2   8   3   0   1   2  0.50 inf
  133 M   -3 -5 -6 -6  1 -5 -6 -6 -6  1  5 -4  2 -3 -3 -5 -2 -5 -4  3    1   0   0   0   3   0   0   0   0   4  58   1   4   0   2   0   2   0   0  24  1.10 inf
  134 V   -2 -4  2 -4 -1 -4 -4 -5 -4  1  4 -4  0  0 -5 -3  3 -4 -2  2    3   0  11   0   1   0   0   0   0   5  38   0   2   3   0   1  17   0   1  16  0.57 inf
  135 R    0  1  2  1 -2  0  1 -2  1 -2  0  2  0 -1 -3  1  0 -1 -1 -1    7   8  10   7   1   4  10   1   3   1  10  12   2   2   0   9   7   1   1   3  0.11 inf
  136 N    4  1  0 -2  1 -1  0 -2 -1 -3 -2  3 -2 -5 -3  0  1 -5 -4 -2   36   6   5   1   3   2   7   1   1   1   4  18   0   0   1   5   7   0   0   1  0.39 inf
  137 A    4 -5 -5 -6 -1 -4 -5 -2 -5  2  4 -4  1 -3 -5 -2 -3 -5 -4 -1   34   0   0   0   1   0   0   2   0  12  41   0   3   0   0   1   1   0   0   2  0.79 inf
  138 V   -1  1 -3 -3 -3 -2 -2 -5 -1  2  0  0  0 -1 -4 -3 -2  3  4  3    6   7   1   1   0   1   3   0   2  14   6   7   2   2   0   1   1   3  16  26  0.37 inf
  139 D    0  0  1  3 -3  2  3 -2  2 -4 -4  2 -2 -4 -3  0 -1  0 -3 -4   10   5   7  15   0  11  21   2   5   0   1  11   1   0   0   4   4   2   0   0  0.41 inf
  140 A    4 -2 -2 -4 -3 -1 -2 -2 -1  0 -2  0 -2 -2 -4  1  2 -5 -1  0   41   1   2   0   0   2   2   1   1   7   2   7   0   1   0  10  12   0   2   5  0.42 inf
  141 A    6 -5 -2 -5  2 -5 -5 -1 -5 -5 -2 -5 -3 -2 -5 -1 -3 -6 -5 -3   77   0   2   0   4   0   0   4   0   0   4   0   0   2   0   3   1   0   0   1  1.44 inf
  142 K   -1  2 -1  0 -5  3  3 -2 -2 -2 -4  5 -2 -5 -4 -1 -2 -5 -4 -2    4   8   2   5   0  11  21   2   0   3   1  33   1   0   0   2   1   0   0   3  0.63 inf
  143 A    1  1  1  2 -3  1  4 -3 -3 -3 -4  3 -3 -5 -4  0 -1 -5 -4 -4   13   7   6  10   0   5  28   1   0   1   1  16   0   0   0   7   3   0   0   1  0.49 inf
  144 L   -1  0 -1 -3 -3  2 -1 -4 -1  0  3  3  3 -2 -4 -2 -1 -4 -3 -1    4   5   3   1   0   9   2   0   2   3  36  17   7   1   0   2   3   0   0   2  0.38 inf
  145 G   -2 -4  4  0 -4  0 -1  6  0 -6 -6  0 -5 -6 -4 -1 -3 -6 -5 -6    1   0  18   4   0   4   4  52   2   0   0   7   0   0   1   3   1   0   0   0  1.05 inf
  146 I    0 -2 -3 -4 -2 -2 -2 -4 -2  4  1 -1  1  0 -3 -3  0 -2  2  2    8   1   1   0   1   1   2   1   1  29  14   4   3   3   1   1   5   0   9  13  0.34 inf
  147 D   -1  2  2  1 -4 -1  0 -2 -1 -4 -5  3 -4 -5  4  0  1 -5 -4 -3    4  10  11   9   0   1   6   2   1   0   0  18   0   0  19   5   9   0   0   2  0.46 inf
  148 A    0 -4 -4 -5 -1 -4 -4 -5  2  1  0 -4  0  2 -1 -2  1 -1  4  3    7   0   0   0   1   0   0   0   6   7  10   0   1   7   4   1  11   1  18  24  0.45 inf
  149 R   -3  2 -2 -4 -6 -1 -3 -6  9 -4 -3  3 -3 -2 -3 -3 -2 -3  1 -3    1   8   1   0   0   1   1   0  47   1   3  21   1   2   1   1   2   0   5   2  1.41 inf
  150 V    0 -4 -5 -4  1 -4  0 -5 -5  1  0 -2 -1 -1 -3 -3  1 -3 -2  5    9   1   0   1   2   0   6   0   0   5   8   2   1   3   1   1   9   0   1  50  0.64 inf
  151 G   -2 -6 -4 -4 -6 -6 -4  7 -4 -4 -7 -5 -6 -7 -6 -4 -3 -6 -5 -3    3   0   0   1   0   0   1  87   0   1   0   0   0   0   0   0   1   0   0   2  2.12 inf
  152 N   -3  0  5 -3 -3 -2 -4 -2 -3  3 -1 -1 -2 -4  1 -1 -1 -5 -1  2    0   5  34   0   0   2   0   3   0  17   6   3   0   0   6   4   3   0   2  13  0.51 inf
  153 L   -2 -5 -4 -6  0 -5 -5 -5 -3  4 -1 -5 -2 -2 -5 -3  2 -6 -4  5    3   0   1   0   2   0   0   0   1  26   4   0   0   1   0   2  15   0   0  44  1.00 inf
  154 F    1  0 -4 -5 -1  1 -3 -4  5 -1  1 -3  0  4 -5 -3 -3  0  2  1   12   5   0   0   2   7   0   0  16   3  17   0   2  18   0   0   0   1   7   9  0.48 inf
  155 S   -1 -5 -3 -5  5 -4 -5 -4 -5 -6 -6 -5 -5 -6 -5  6  3 -7 -6 -5    3   0   1   0  12   0   0   0   0   0   0   0   0   0   0  68  15   0   0   0  1.67 inf
  156 A    1 -2 -2 -1 -4 -1  0 -1  3 -4 -5  1 -4 -5 -4  4  3 -6 -4 -2   13   1   1   3   0   2   5   3   7   0   0   9   0   0   0  39  15   0   0   2  0.64 inf
  157 D   -2 -6 -3  8 -8 -4 -1 -4 -6 -8 -8 -5 -8 -8 -6 -3 -5 -9 -8 -8    3   0   0  91   0   0   2   1   0   0   0   0   0   0   0   1   0   0   0   0  2.63 inf
  158 L    2 -1 -2 -4 -1 -1 -2 -2 -1  1  0 -3  0 -2 -3  2  1 -4 -2  3   15   4   1   0   1   2   2   2   1   7  10   0   2   1   0  21  10   0   1  22  0.27 inf
  159 F   -7 -8 -8 -8 -7 -8 -8 -8 -6 -5 -4 -6 -5  9 -9 -7 -7 -4  2 -6    0   0   0   0   0   0   0   0   0   0   1   0   0  94   0   0   0   0   5   0  3.20 inf
  160 Y   -7 -7 -7 -8 -8 -7 -7 -8 -1 -7 -6 -5 -6 -1 -8 -7 -7  0 10 -6    0   0   0   0   0   0   0   0   1   0   0   1   0   0   0   0   0   1  97   0  3.61 inf
  161 S    1  2  2  1 -2  0 -1  2  1 -3 -3 -1 -3 -3 -2  1  1 -2 -2 -1   13  11  12   8   0   4   2  14   4   1   1   1   0   1   1  11  11   0   1   3  0.23 inf
  162 P    0 -2 -1  3 -5  1  3  0 -1 -3 -3  0 -4 -3  4 -1 -1 -5 -3 -4    6   1   2  19   0   5  22   7   1   1   3   4   0   1  18   3   4   0   1   1  0.51 inf
  163 D   -2  2  1  4 -4  2  2  0  1 -4 -2 -1 -2 -3 -2  0  0 -5 -2 -2    1  10   7  26   0   9  12   7   3   0   5   2   1   1   1   7   5   0   1   3  0.38 inf
  164 G   -1 -2  0  0 -4  2  2 -1 -2 -2 -2  1  0 -2  4  0 -1 -5 -3 -3    5   1   5   4   0   9  17   4   0   3   4   7   2   2  25   8   3   0   1   1  0.44 inf
  165 E    0 -1  2  4 -5  0  4 -1  2 -5 -4 -1 -3 -5 -4 -1  0 -5 -3 -3    7   2   9  22   0   4  29   5   5   0   2   3   0   0   0   4   5   0   1   1  0.56 inf
  166 M   -1  2 -2  0 -2  0 -1 -3  0  0  2  1  2  1 -2 -1 -1 -1  1  0    4  11   1   5   0   2   4   1   2   4  22   9   6   7   1   3   4   1   4   6  0.10 inf
  167 F   -1 -3  1 -1 -1 -1  0 -3 -2  2  0 -1 -1  2 -2 -1 -1  6  3  0    5   0  10   2   1   2   7   1   1  12   8   3   1   8   2   3   4  11  12   7  0.29 inf
  168 D   -1 -1 -1  4 -6  2  4 -3 -1 -4 -5  3 -3 -5 -1 -1 -2 -6 -4 -4    5   3   2  24   0   8  28   1   1   1   1  17   1   0   2   4   1   0   0   1  0.69 inf
  169 V    1  1 -1  0 -3  1  1 -3 -1 -1  0  2 -1  0 -2 -1  1 -3  0 -1   16   8   1   4   0   5   7   1   1   4   8  17   1   5   0   2  11   0   4   5  0.13 inf
  170 M   -2 -6 -4 -7 -4 -5 -5 -6 -4  1  3 -3  4 -1 -7 -6 -5 10  0 -3    3   0   1   0   0   0   1   0   0   7  26   1  10   2   0   0   0  43   3   1  1.87 inf
  171 E    2  2  0 -1 -2  2  2 -2  0 -1 -3  2 -1 -4 -3  1 -1 -4 -3 -2   17   9   4   2   1  12  13   2   2   3   2  15   1   0   0   8   3   0   0   3  0.28 inf
  172 K    0  3 -1  1 -5  1  2 -3  0 -3 -4  5 -3 -5 -3  0 -2 -5 -4 -3   10  18   1   9   0   4  11   1   2   1   0  33   0   0   0   7   1   0   0   1  0.62 inf
  173 Y    0  1 -3 -5 -2 -2 -3 -3  3 -2  1 -1  5  2 -5 -2 -1  2  5 -2    7   7   1   0   1   1   0   2   9   1  14   4  16   8   0   3   4   2  20   1  0.51 inf
  174 G   -4 -2  3 -3 -7 -2 -4  7  1 -8 -7  0 -5 -7 -6 -4 -5 -7 -6 -7    0   2  13   1   0   2   1  72   3   0   0   6   0   0   0   0   0   0   0   0  1.71 inf
  175 I    1 -6 -3 -6  6 -5 -6 -6 -4  3 -1 -5  0 -3 -5 -3 -1 -6 -5  5   11   0   1   0  18   0   0   0   1  17   5   0   2   1   0   2   3   0   0  41  1.02 inf
  176 L   -3 -4 -4 -1 -4 -1 -4 -6 -5  1  5  0  2 -3 -4 -3 -1 -5 -4  0    1   0   0   5   0   3   1   0   0   7  62   7   4   0   1   2   3   0   0   4  0.88 inf
  177 G    4 -5  3 -4  5 -4 -4  3 -5 -5 -3 -4 -4 -6 -5  0 -2 -6 -5 -1   40   0  13   0  13   0   0  23   0   0   2   0   0   0   0   4   1   0   0   4  0.94 inf
  178 V   -1 -5 -5 -6 -3 -4 -5 -5 -5  2 -1 -5 -1  2 -5  1 -1 -5  1  6    5   0   0   0   0   0   0   0   0   9   3   0   1   7   0  10   2   0   5  56  0.98 inf
  179 E   -5 -5 -4  3 -8 -3  8 -7 -5 -8 -8 -4 -7 -8 -6 -4 -5 -8 -7 -7    0   0   0  15   0   0  84   0   0   0   0   0   0   0   0   1   0   0   0   0  2.35 inf
  180 M   -4 -7 -4 -8 -7 -3 -7 -8 -7 -4 -3 -7 11 -5 -8 -7 -6 -7 -6 -5    1   0   1   0   0   1   0   0   0   0   0   0  97   0   0   0   0   0   0   0  3.79 inf
  181 E   -6 -5 -5 -3 -9 -3  8 -7 -5 -8 -8 -4 -7 -8 -6 -5 -6 -8 -7 -7    0   0   0   0   0   0 100   0   0   0   0   0   0   0   0   0   0   0   0   0  2.86 inf
  182 A    4 -5 -2 -4  4 -4 -4 -2 -5 -4 -5 -4 -4 -6 -4  4  3 -6 -5 -1   34   0   2   0   7   0   0   2   0   0   0   0   0   0   0  34  17   0   0   4  0.97 inf
  183 A    6 -5 -4 -5 -2 -5 -5 -3 -2 -5 -4 -5 -4  3 -4  2 -2 -5  2 -3   64   0   0   0   1   0   0   1   1   0   0   0   0  10   0  13   2   0   6   1  1.22 inf
  184 G    5 -5 -4 -5 -4 -3 -1  3 -5 -4 -5 -4 -4 -6 -2 -1  3 -6 -5 -4   55   0   0   0   0   1   4  19   0   1   0   0   0   0   2   2  17   0   0   0  1.08 inf
  185 I   -3 -6 -7 -8 -5 -6 -7 -8 -7  2  6 -6 -1 -2 -7 -6 -5 -6 -5 -1    2   0   0   0   0   0   0   0   0  10  84   0   1   1   0   0   0   0   0   2  1.74 inf
  186 Y   -6 -7 -5 -8 -5 -6 -7 -8 -4 -5  0 -7  0  7 -8 -6 -6 -3  8 -5    0   0   1   0   0   0   0   0   0   0   7   0   2  47   0   0   0   0  43   0  2.29 inf
  187 G    2 -3 -2 -4 -1 -3 -4  0  1  0 -1 -3  2 -3 -3 -1  5 -5  0  1   18   1   1   0   1   0   0   8   4   5   4   1   5   0   1   3  35   0   4   8  0.48 inf
  188 V   -2 -4  3 -4 -2 -4 -3 -5 -4  2  3 -4  2 -3 -5 -4  0 -5 -4  3    3   0  17   0   1   0   2   0   0  10  31   0   6   0   0   0   6   0   0  24  0.66 inf
  189 A    6 -6 -5 -6  4 -5 -5  2 -6 -6 -6 -5 -5 -6 -5  0 -3 -7 -6 -4   71   0   0   0   7   0   0  16   0   0   0   0   0   0   0   5   0   0   0   0  1.55 inf
  190 A    4  1  2 -2 -4  0 -1 -2  1 -2 -4  0 -1 -5 -4  1 -1  2 -4 -3   42   8   9   1   0   4   2   2   4   2   1   6   1   0   0  12   3   3   0   0  0.53 inf
  191 E   -1  2 -3 -2 -3  1  2 -4  1  1  1  2  0 -2 -4 -1 -2 -4  1  0    5  12   0   0   0   5  13   0   5   7  16  16   2   1   0   4   1   0   5   8  0.21 inf
  192 F    0  3 -3 -5 -1 -1 -4 -5  3 -3  2 -1 -2  3 -5 -2 -3 -3  4 -3    8  18   1   0   2   3   0   0   7   0  24   3   0  14   0   2   1   0  17   0  0.60 inf
  193 G   -4  0  3 -3 -6 -2 -4  6  2 -7 -7  1 -6 -7 -6 -3 -5 -6 -6 -7    0   5  13   1   0   2   1  65   4   0   0   9   0   0   0   1   0   0   0   0  1.49 inf
  194 A    1  0 -4 -5  1 -3 -3 -4 -4  1  1  4 -1  1 -4 -3 -3  1 -3  3   13   5   0   0   3   0   0   0   0   6  16  25   1   5   0   0   1   2   0  23  0.46 inf
  195 K   -3  6  3 -2 -7  2  0 -5  0 -6 -6  4 -3 -6 -5 -3 -4 -6 -5 -5    1  39  13   2   0   9   5   0   2   0   0  26   1   0   0   1   0   0   0   0  1.15 inf
  196 A    6 -5 -5 -6  0 -5 -5 -2 -6 -4 -5 -5 -4 -6 -5  0  1 -6 -6  0   76   0   0   0   2   0   0   2   0   0   0   0   0   0   0   5   9   0   0   6  1.50 inf
  197 L    3 -5 -5 -5 -3 -5 -5  4 -5 -3  4 -5 -1 -4 -5 -2 -3 -5 -5 -2   26   0   0   0   0   0   0  29   0   1  38   0   1   0   0   3   0   0   0   1  0.88 inf
  198 T    4 -5 -4 -5  7 -4 -4  0 -5 -4 -5 -4  1 -4 -5  3  3 -6 -5 -4   30   0   0   0  21   0   0   7   0   0   0   0   4   1   0  20  16   0   0   0  1.00 inf
  199 I   -3 -6 -6 -6  0 -5 -6 -7 -6  6  2 -6  2 -3 -6 -4 -3 -6 -4  4    1   0   0   0   2   0   0   0   0  43  18   0   4   1   0   1   0   0   0  30  1.19 inf
  200 C   -1 -5 -6 -6  6 -5 -6 -4 -6 -2  5 -5  2  2 -6 -4 -3 -5 -2  0    5   0   0   0  18   0   0   1   0   0  53   0   5   9   0   1   1   0   1   5  1.11 inf
  201 T    0 -4 -1 -4 -4 -2 -4  0 -3 -3 -1 -4 -4 -4 -4  0  6 -5 -5  0    9   0   2   0   0   1   0   7   1   0   6   0   0   0   0   5  61   0   0   6  1.09 inf
  202 V   -2 -6 -6 -6  0 -5 -6 -6 -6  4 -2 -5 -3 -3 -6 -4 -3 -6 -3  6    3   0   0   0   2   0   0   0   0  25   0   0   0   1   0   1   1   0   1  66  1.55 inf
  203 S   -1 -3 -2  0 -3 -3 -3 -2 -4  1 -2 -3 -3 -2 -4  6  0 -5  0  0    3   1   1   5   0   0   0   2   0  10   3   0   0   1   0  60   3   0   3   6  0.89 inf
  204 D    1 -5  2  7 -5 -3 -1  0 -3 -4 -6 -4 -5 -6 -5 -2 -2 -4 -6 -1   13   0   9  58   0   0   3   6   0   1   0   0   0   0   0   2   2   0   0   5  1.24 inf
  205 H   -4 -3  6 -2 -2 -1 -2 -3  7 -2 -4 -2 -3 -4 -5  3 -3 -6 -4 -3    0   0  38   1   1   2   1   1  25   2   2   1   1   1   0  21   0   0   0   2  1.22 inf
  206 I   -3  2 -4 -5  1 -2 -4 -5 -3  3  4 -3  1  1 -1 -4 -3 -4 -2  1    1  15   0   0   4   1   1   0   0  19  37   0   3   6   3   0   1   0   1   7  0.57 inf
  207 R   -1  0 -1 -3 -3 -2 -1 -1 -1  2  1 -1 -1  0 -2 -2  1 -1 -1  3    5   6   3   0   0   1   4   4   2  15  12   3   1   3   1   1   8   1   1  29  0.22 inf
  208 T   -2  1  0  1 -3  1 -1 -3 -1 -3 -2  0 -3 -4 -3  0  6 -5 -3 -2    2   8   5   7   0   6   3   1   1   1   4   6   0   0   1   5  47   0   1   2  0.65 inf
  209 H   -2 -2  1  1 -5  2  0  4  5 -5 -5  1 -2 -3 -1 -1 -3 -1  0 -4    1   1   5   8   0   9   5  38  13   0   0   8   1   1   3   2   0   1   3   1  0.65 inf
  210 E   -2 -2 -2  0 -6  0  7 -2 -3 -5 -5  0 -5 -6 -3 -1 -1 -4 -5 -4    3   1   1   5   0   3  66   4   0   0   1   5   0   0   1   3   4   0   0   1  1.28 inf
  211 Q    1  0 -1  0 -2  2  2 -2  0  0 -2  0 -1  1 -3  0 -1 -1  0  0   14   5   3   6   0  10  18   1   2   6   3   6   1   8   0   7   1   1   2   6  0.14 inf
  212 T   -1 -2 -1 -1 -1 -2 -2 -2 -4  1  2 -2  2 -2  1 -1  4 -2 -2  0    5   2   3   3   1   1   3   3   0   8  19   1   5   1   6   2  31   0   1   5  0.32 inf
  213 T   -1 -3 -1  1 -1 -2 -2 -1 -2 -3 -3 -1 -3 -5  2  3  4 -2 -4 -1    5   0   3  10   1   1   1   4   1   1   2   3   0   0   9  24  32   1   0   3  0.57 inf
  214 A    4 -3  0 -2 -3 -2  0 -1  1 -4 -2 -1 -3 -4  2  2 -2 -4  0 -2   40   1   5   2   0   1   5   3   3   0   5   3   0   0   9  17   1   0   3   2  0.47 inf
  215 A    0 -1 -3  2 -5  2  5  0 -3 -5 -3  1 -4 -6 -3 -1 -3 -6 -5 -3    9   3   0   9   0   9  47   6   0   0   2   7   0   0   1   3   1   0   0   2  0.80 inf
  216 E   -2 -3 -2  2 -6  2  6 -3 -2 -5 -1 -1 -4 -6 -3 -2  0 -6 -5 -4    3   0   2   9   0   7  56   2   1   0   7   3   0   0   1   2   6   0   0   1  1.01 inf
  217 R   -1  7 -3 -5 -6 -2 -2 -5 -1 -2  0  0  1 -5 -2 -2 -4 -5 -2 -3    4  63   0   0   0   1   3   0   1   2   9   4   3   0   2   3   0   0   2   2  1.25 inf
  218 Q   -1 -1  0 -2 -4  6  4 -3 -1 -3 -4  1 -2 -4 -4 -2 -3 -5 -5 -3    5   3   4   1   0  40  29   1   1   2   1   7   1   1   0   2   1   0   0   2  1.02 inf
  219 T    0  0  2  0 -4  2  1 -3 -2 -2 -1  2 -3 -4 -1  0  3 -4 -3 -1    6   3  11   4   0   8   7   1   1   2   7  14   0   0   3   5  24   0   0   3  0.29 inf
  220 T    1 -1  0 -2 -4 -2 -1  2 -1 -1 -2 -1 -3 -4 -3  3  4 -5 -2 -2   12   2   5   1   0   1   3  13   1   3   4   4   0   0   0  25  24   0   1   2  0.41 inf
  221 F   -5 -5 -5 -3 -3 -5  2 -3 -4  0 -1 -4  0  7 -6 -4 -3 -2  0  2    0   0   0   1   0   0  13   2   0   3   6   0   2  54   0   1   2   0   1  13  1.25 inf
  222 N   -1 -1  4  1 -4  0  1 -1  2 -2 -2  0  0 -4 -3  0  3 -5 -2 -2    3   3  19   9   0   3   9   5   6   2   3   7   2   0   0   7  19   0   1   3  0.32 inf
  223 D   -2  1  3  4 -5  1  3 -3 -1 -4 -5  3 -3 -6 -2 -2 -1 -6 -5 -5    3   8  15  26   0   6  16   1   1   1   0  16   0   0   1   2   4   0   0   0  0.69 inf
  224 M    3 -5 -5 -6  0 -4 -2 -3 -6 -2 -2 -5  9 -5 -6 -1 -3 -6 -5 -2   22   0   0   0   2   0   3   2   0   2   1   0  60   0   0   4   1   0   0   2  1.84 inf
  225 I   -1 -6 -6 -6 -3 -5 -6 -6 -6  6 -1 -5  7  0 -6 -3 -3 -5 -2  3    6   0   0   0   0   0   0   0   0  44   2   0  25   3   0   1   1   0   1  17  1.30 inf
  226 K   -3  2 -1  0 -6  2  5 -3 -1 -2 -2  4 -2 -5 -4 -1 -1 -5 -3 -3    1  11   2   3   0   8  35   1   1   3   3  22   1   0   0   2   3   0   1   1  0.70 inf
  227 I   -1 -3 -5 -3 -1 -5 -5 -5 -6  5  2 -5  0 -3 -5 -4  0 -5 -4  4    5   2   0   1   1   0   0   0   0  31  20   0   2   0   0   0   6   0   0  31  0.81 inf
  228 A    6 -5 -5 -6 -4 -5 -5  0 -6 -3 -4 -5 -4 -6 -5 -2 -1 -6 -6  1   77   0   0   0   0   0   0   5   0   1   1   0   0   0   0   2   3   0   0  11  1.47 inf
  229 L   -5 -6 -1 -7 -2 -6 -6 -7 -3  1  6 -6 -1 -3 -6 -5 -4 -5 -5  2    0   0   3   0   1   0   0   0   1   7  76   0   1   0   0   0   0   0   0  11  1.42 inf
  230 E   -3 -3  0  3 -7 -1  7 -2 -1 -7 -5  0 -6 -7 -5 -3 -3 -7 -6 -6    2   1   5  12   0   2  66   3   1   0   1   5   0   0   0   1   1   0   0   0  1.42 inf
  231 S    5 -4 -4 -5 -4 -4 -3 -1 -5 -1 -2 -2 -4 -5 -4  1  4 -6 -5 -1   52   0   0   0   0   0   0   3   0   3   3   2   0   0   0   9  24   0   0   4  0.91 inf
  232 V    4 -5 -5 -5 -2 -4 -5 -3 -5  3  2 -4  0 -3 -4 -3 -2 -5 -4  2   44   0   0   0   0   0   0   1   0  20  18   0   2   1   0   0   1   0   0  14  0.81 inf
  233 L   -2  0 -5 -5 -3 -4 -3 -5 -4  5  2 -1 -1  2 -5 -4 -2 -4  0  2    2   7   0   0   0   0   1   0   0  42  20   4   0   8   0   0   1   0   2  13  0.65 inf
  234 L    0  1 -3 -3 -2 -1  0 -2 -3  2  3  0  1 -2 -2 -2 -2 -3 -2  1   12  10   0   0   0   2   6   2   0  17  36   5   1   0   1   0   0   0   0   8  0.23 inf
  235 G    0 -2  2  0 -1  0 -1  3 -2  1  1 -2 -1 -1 -3 -1 -2 -3 -2 -1   10   1  14   4   1   7   3  28   0  11  20   0   0   3   0   0   0   0   0   0  0.20 inf
  236 D   -3 -3  2  6 -4 -1  2 -3 -2 -1 -4 -2 -4 -4 -3  0 -2 -5 -4 -4    0   0  10  64   0   0  13   0   0   5   0   0   0   0   0   7   0   0   0   0  0.99 inf
  237 K   -2  1  0 -1 -4  2  3 -3 -1 -4 -4  5 -3 -4 -2 -1 -2 -4 -3 -3    0   4   3   0   0   5  23   0   0   0   0  66   0   0   0   0   0   0   0   0  0.79 inf

                      K         Lambda
Standard Ungapped    0.1385     0.3223
Standard Gapped      0.0592     0.2670
PSI Ungapped         0.1928     0.3140
PSI Gapped           0.0592     0.2670
