
Last position-specific scoring matrix computed, weighted observed percentages rounded down, information per position, and relative weight of gapless real matches to pseudocounts
           A  R  N  D  C  Q  E  G  H  I  L  K  M  F  P  S  T  W  Y  V   A   R   N   D   C   Q   E   G   H   I   L   K   M   F   P   S   T   W   Y   V
    1 T    0 -2  2 -1 -2 -1 -1 -2 -2 -3 -3 -1 -2 -4 -2  4  4 -4 -3 -2    4   0   9   0   0   0   0   0   0   0   0   0   0   0   0  53  34   0   0   0  0.67 inf
    2 I   -5 -6 -7 -7 -5 -6 -7 -7 -7  7  1 -6  3 -4 -6 -6 -3 -6 -5  4    0   0   0   0   0   0   0   0   0  57   8   0   6   0   0   0   0   0   0  28  1.60 inf
    3 A    1 -3  1 -5 -6 -1 -4  6 -1 -7 -7  0 -6 -7 -2 -1 -3 -6 -5 -6   12   1   6   0   0   3   0  64   1   0   0   7   0   0   2   3   1   0   0   0  1.33 inf
    4 I   -4 -6 -7 -7 -2 -6 -7 -7 -7  6  3 -6  1  0 -7 -6 -3  0 -5  2    1   0   0   0   1   0   0   0   0  52  24   0   3   3   0   0   1   1   0  14  1.38 inf
    5 V   -4 -6 -7 -7 -5 -5 -7 -7 -7  6  3 -6  0 -1 -7 -6 -4 -6 -5  4    0   0   0   0   0   0   0   0   0  40  25   0   2   2   0   0   0   0   0  31  1.38 inf
    6 I   -4 -6 -7 -7 -5 -6 -7 -7 -7  5  4 -6  0  0 -7 -6 -5 -6 -5  3    1   0   0   0   0   0   0   0   0  37  39   0   1   3   0   0   0   0   0  19  1.34 inf
    7 G    3 -5 -5 -5  2 -5 -5 -1 -5  3 -1 -5  1 -3 -5  0  2 -6 -5  4   24   0   0   0   5   0   0   4   0  14   3   0   3   1   0   5  13   0   0  28  0.66 inf
    8 T    1 -5 -4 -5  0 -5 -5  3 -5 -6 -6 -5 -3 -6 -5  4  5 -7 -6 -4   12   0   0   0   2   0   0  19   0   0   0   0   1   0   0  33  33   0   0   1  1.14 inf
    9 H   -8 -6 -1 -7 -9 -5 -6 -8 11 -9 -9 -7 -8 -7 -8 -7 -8 -8 -4 -9    0   0   2   0   0   0   0   0  98   0   0   0   0   0   0   0   0   0   0   0  4.33 inf
   10 G    0 -3 -2 -2 -3 -5 -2  7 -4 -4 -6 -6 -7 -7 -6 -3 -3 -7 -7 -6    6   1   2   2   1   0   3  79   0   1   1   0   0   0   0   1   1   0   0   0  1.85 inf
   11 W   -1  1  3  1 -4  1  1  1  2 -4 -2  1 -3 -3  1  0  0 -2 -4 -3    3   9  13   9   0   7   9  12   5   0   3   8   0   1   7   6   6   0   0   2  0.26 inf
   12 A   -2 -3 -7 -7 -4 -6 -7 -7 -5  1  4 -6  3  6 -7 -5 -3 -2  1 -1    4   1   0   0   0   0   0   0   0   6  34   0   6  37   0   0   1   0   5   4  1.22 inf
   13 A    6 -6 -6 -6  2 -5 -6  3 -6 -6 -6 -5 -6 -7 -3  1 -5 -7 -6 -4   68   0   0   0   4   0   0  18   0   0   0   0   0   0   1   8   0   0   0   1  1.58 inf
   14 E   -1  0 -1  1 -2  1  4 -3 -1 -2 -4  2 -2 -5 -2  2  1 -5 -4 -2    4   5   3   6   1   6  24   1   1   3   1  13   1   0   2  17   9   0   0   2  0.40 inf
   15 Q    2 -4 -4 -3 -4  0  4  5 -4 -7 -7 -3 -6 -7 -4  0 -4 -4 -3 -5   15   0   0   1   0   4  26  43   0   0   0   0   0   0   0   7   1   0   1   0  1.09 inf
   16 L   -3 -6 -7 -7 -3 -6 -6 -7 -6  4  5 -6  5  2 -7 -6 -3 -5  1  0    2   0   0   0   1   0   0   0   0  19  47   0  12   8   0   0   1   0   5   5  1.13 inf
   17 L   -1  1 -4 -5 -2 -2 -2 -3  1  2  4  2  1 -2 -5 -3 -2 -5 -1  1    6   7   1   0   1   2   3   2   3   9  37  13   3   1   0   0   1   0   2   9  0.42 inf
   18 K    0  0  2  2 -5  2  2 -2  3 -5 -5  2 -3 -5 -4  2 -1 -4 -3 -4    9   4  10  13   0   9  11   2   6   0   0  12   1   0   0  18   2   0   0   0  0.45 inf
   19 T    4 -4 -3 -5  3 -5 -5 -3 -5 -4 -4 -5 -4 -4 -5  4  3 -7 -6 -2   35   1   1   0   6   0   0   2   0   0   1   0   0   1   0  35  17   0   0   2  1.07 inf
   20 A    4 -5 -5 -5  0 -3 -5 -1 -3  1  2 -4  2 -3 -5 -1  0 -5 -3  3   33   0   0   0   1   1   0   4   1   8  17   0   5   1   0   4   6   0   1  20  0.57 inf
   21 E   -1  0  0 -1 -2  2  5 -2  0 -4 -5  2 -3 -5 -5  1 -1 -6 -4 -5    4   4   3   3   1   8  44   2   2   1   1  13   0   0   0   9   3   0   0   0  0.83 inf
   22 M   -3 -4 -4 -2 -3 -1 -5 -6  6 -2  1 -3  9 -1 -7 -4 -4 -6 -2 -2    2   1   1   3   1   3   0   0  18   2  14   1  47   2   0   1   0   0   1   2  1.65 inf
   23 L   -5 -7 -7 -7 -5 -6 -7 -8 -7  6  1 -4  1  1 -7 -6 -2 -6 -5  4    0   0   0   0   0   0   0   0   0  51  11   1   3   5   0   0   3   0   0  26  1.45 inf
   24 L    2 -5 -4 -5  0 -4 -5 -4 -1  2  2 -4  3  3 -5 -2 -1 -4  2  3   16   0   0   0   2   0   0   1   1   9  17   0   8  14   0   3   3   0   6  19  0.51 inf
   25 G   -4 -7 -3 -4 -3 -5 -6  8 -7 -8 -8 -4 -8 -8 -4 -4 -6 -7 -8 -8    0   0   1   1   1   0   0  93   0   0   0   1   0   0   1   1   0   0   0   0  2.60 inf
   26 E   -1 -1 -1  2 -3  0  4 -3  1 -3 -5  3 -3 -5  3 -1 -2 -6 -5 -3    4   2   3  11   1   2  27   2   4   2   0  17   0   0  16   4   2   0   0   1  0.62 inf
   27 Q   -3 -1 -1 -2  1  7 -2 -6 -1 -1  0 -2 -1 -2  1 -2 -1 -6 -4  0    2   3   2   2   3  47   1   0   1   4  10   2   1   1   8   2   4   0   1   6  0.88 inf
   28 E   -2 -2 -1  3 -4  1  4 -2 -3 -4 -3  0 -4 -5  4  0 -1 -4 -5 -4    2   1   3  13   0   5  31   4   1   1   2   6   0   0  19   7   4   0   0   0  0.68 inf
   29 N   -1  0  6  2 -1  3 -1  0  2 -6 -4  0 -3 -3 -2 -2 -3 -6 -2 -5    5   6  34  11   1  15   4   7   4   0   2   4   0   1   2   2   0   0   1   0  0.74 inf
   30 V   -2 -6 -6 -7  3 -6 -6 -7 -6  4  2 -6  1  1 -6 -5 -1 -2  0  5    2   0   0   0   7   0   0   0   0  24  16   0   3   6   0   0   4   0   3  35  0.94 inf
   31 G    1  1 -2 -1 -1  0  2 -1  2 -1 -1  1  0 -2 -3  0  0 -2  1  0   13   9   1   2   1   4  17   3   6   4   5   9   2   1   0   7   5   0   5   6  0.14 inf
   32 W    4 -5 -4 -5  2 -2 -3 -3  0  0 -3 -4 -3  2 -1  1  3  1  1  1   33   0   0   0   4   2   1   1   2   4   1   0   0   8   3  10  16   2   4  10  0.50 inf
   33 I   -3 -6 -4 -6  1 -5 -6 -7 -3  5  2 -6  0  0 -6 -6 -3 -3 -1  5    1   0   1   0   3   0   0   0   1  31  16   0   1   3   0   0   1   0   2  39  1.15 inf
   34 D    0 -3  1  4  4 -3  0  2 -3 -3 -4 -3 -5 -6  0  2  1 -6 -5 -3    6   1   6  23   8   0   5  14   1   2   1   1   0   0   6  17   8   0   0   1  0.51 inf
   35 F   -3 -6 -7 -7 -5 -6 -7 -7 -6  3  4 -5  1  6 -7 -6 -5 -4 -2  2    2   0   0   0   0   0   0   0   0  14  32   0   3  35   0   0   0   0   0  13  1.27 inf
   36 V   -1 -1  1  0 -2  0  1  0  1 -1  0  0  1 -1  0 -1  1  0  1  0    2   2   8   4   0   4  10   6   5   2  12   6   4   2   4   4  10   1   5   9  0.05 inf
   37 P    1 -1  1  0 -4 -1  3 -3  0 -4 -4 -1 -3 -5  6 -2 -2 -6 -5 -1   10   4   6   5   0   2  17   1   2   1   2   3   1   0  37   3   2   0   0   4  0.80 inf
   38 G   -2 -4  1  3 -6 -1  2  4 -1 -6 -6 -2 -3 -6 -5  1  0 -4 -4 -5    3   0   6  19   0   2  15  36   2   0   0   1   1   0   0   9   5   0   1   0  0.80 inf
   39 E   -2 -3 -1  4  0  1  4 -3  1 -3 -3 -1  4 -6 -4 -1 -2 -6 -3 -4    3   1   2  25   2   7  31   2   3   1   2   3  11   0   0   5   2   0   1   1  0.79 inf
   40 N   -3 -5  3  4 -2 -3 -2  3 -1 -6 -5 -3 -5 -6 -2  3  0 -6 -6 -6    1   0  12  24   1   1   2  24   1   0   1   1   0   0   2  22   6   0   0   0  0.81 inf
   41 A    1 -1 -3 -3 -4 -1 -2 -4 -3  2  0 -3  2 -2  4 -1  1 -5 -3  1   13   4   1   1   0   2   2   1   0  13   7   1   5   1  25   3   8   0   1   9  0.41 inf
   42 E    0 -2  0  5 -4  0  4 -2 -3 -5 -4 -2 -4 -5 -3 -1 -2 -6 -4 -4    9   1   5  32   0   4  29   3   0   0   2   2   0   0   1   4   2   0   1   1  0.79 inf
   43 T    0 -2  0  4 -4  2  3 -2 -2 -3 -2 -1  0 -5 -3 -1  1 -6 -4 -2    7   2   4  26   0   9  19   2   1   1   3   3   2   0   1   3  11   0   0   3  0.45 inf
   44 L   -3  0 -6 -6 -2 -4 -5 -5 -5  1  4 -1  0  5 -6 -4 -2 -1  1  0    2   5   0   0   1   0   0   0   0   8  40   5   1  21   0   1   2   1   4   6  0.70 inf
   45 I   -1  3 -2 -1 -4  1  1 -1 -1  0  0  1  1 -2 -2 -1  0 -4 -1  0    5  16   1   2   0   7  11   5   1   5   9   9   4   1   1   4   4   0   3   6  0.12 inf
   46 E    2  1  0  1 -3  2  3  0 -1 -3 -3  2 -2 -5 -2  0 -1 -5 -4 -2   18   6   5   6   0   8  18   6   1   1   1  13   1   0   2   5   3   0   0   3  0.27 inf
   47 K   -1  2  0  1 -4  2  3 -4  0 -4 -3  5 -1 -3 -4 -2 -2 -6 -4 -4    4  12   5   7   0   9  16   0   2   1   2  31   1   1   0   1   1   0   0   1  0.60 inf
   48 Y    0 -5 -6 -6 -3 -5 -6 -5 -5  4  3 -5  4  3 -6 -4 -3 -4  3  1    8   0   0   0   1   0   0   1   0  22  27   0   9  11   0   0   1   0  10   8  0.73 inf
   49 N    0  2  1  0  2  2  3 -3  1 -1 -1  2 -2 -4 -4 -1 -1 -5 -3 -2    6  11   7   3   5   7  19   1   3   3   7  14   1   0   0   3   3   0   0   2  0.24 inf
   50 A    2 -1  1  2 -3  2  3 -2 -1 -4 -4  2 -2 -5 -4  0  0 -5 -4 -3   21   3   5  11   0   9  18   2   2   0   1  12   1   0   0   5   5   0   0   1  0.41 inf
   51 Q    4  0 -3 -3 -1 -2  0 -3 -3  0  0  1  0 -1 -4 -1  0 -4 -1  0   38   4   1   1   1   1   5   0   0   4  10   8   2   3   0   3   5   0   2   7  0.29 inf
   52 L   -1 -5 -5 -6 -1 -5 -5 -5 -3  5  3 -4  2 -1 -5 -3 -2 -5 -1  2    6   0   0   0   1   0   0   0   1  38  23   1   5   2   0   1   2   0   2  15  0.78 inf
   53 A    2  0  1  2 -3  1  2 -2  0 -2 -1  1 -2 -3 -2  0 -1 -2 -2 -2   18   3   6  11   0   5  16   2   2   1   7  11   0   0   1   6   4   1   1   2  0.18 inf
   54 K    0  2  0  1 -3  1  2  0  0 -2 -3  2 -2 -4 -2  1  0 -3 -3 -3    6  13   5   6   0   7  17   7   2   2   1  11   1   0   1  12   4   0   0   1  0.24 inf
   55 L   -1 -3 -2 -2 -1 -2 -3 -3  0  2  3 -3  1  2 -3 -2 -1  0  0  1    5   0   2   2   1   1   1   1   2   9  38   1   3  10   0   2   2   1   3  11  0.30 inf
   56 D   -2 -1  3  5 -2  0  1 -1  0 -3 -4  0 -4 -4  1  0 -1 -5 -2 -3    3   2  15  33   1   3   9   5   2   1   0   7   0   0   6   4   2   0   1   1  0.51 inf
   57 T    1 -1  2  2 -1  1  1  0  0 -3 -3 -1 -2 -4  0  1  2 -4 -3 -2   13   1   9  13   1   7  11   6   2   1   1   2   1   0   4  10  13   0   0   2  0.21 inf
   58 T    0 -2  1  1  2  2  1  3 -1 -3 -4 -1 -3 -4 -2  0  0 -4 -2 -2    5   1   6   8   5  11  10  28   1   1   1   1   0   0   1   7   6   0   2   3  0.31 inf
   59 K   -1 -1  1  4 -3  1  3 -1  3 -3 -4  0 -2 -2 -2  0 -2 -4 -2 -3    4   2   5  30   1   5  22   3   7   1   1   6   1   1   2   5   2   0   1   2  0.49 inf
   60 G   -2 -2 -1 -1 -3  1  2  5 -1 -4 -3  0 -4 -4  0 -1 -2 -1 -4 -3    1   1   2   3   1   5  16  45   2   0   2   6   0   0   4   4   2   1   0   2  0.61 inf
   61 V   -1 -5 -4 -5 -2 -4 -5 -4 -3  4  0 -4 -1 -1 -5 -3  0  2  0  5    3   0   1   0   1   0   0   1   1  22   5   0   1   2   0   1   7   3   3  49  0.81 inf
   62 L   -3 -5 -5 -6 -4 -5 -5 -6 -5  4  5 -5  0 -1 -5 -5 -2 -4 -3  3    2   0   0   0   0   0   0   0   0  20  56   0   1   2   0   0   1   0   0  17  1.04 inf
   63 F   -3 -5 -5 -6 -1 -5 -5 -5 -5  4  0 -5 -1  5 -5 -4 -3 -3  0  4    2   0   0   0   1   0   0   1   0  29   7   0   1  28   0   0   1   0   1  29  1.00 inf
   64 L   -1 -5 -6 -6 -1 -5 -5 -6 -5  0  5 -5  2  4 -5 -5 -4 -4 -3  0    5   0   0   0   1   0   0   0   0   3  65   0   4  16   0   0   0   0   0   5  1.12 inf
   65 V    2 -4 -2 -4  4 -4 -4 -3 -5  1 -2 -4 -3 -4 -4  0  5 -5 -4  3   15   0   1   0   8   0   0   2   0   6   1   0   0   0   0   6  40   0   0  21  0.78 inf
   66 D   -1 -6 -3  8 -7 -4 -2 -5 -5 -7 -8 -5 -7 -8 -6 -4 -5 -8 -7 -7    5   0   0  95   0   0   0   0   0   0   0   0   0   0   0   0   0   0   0   0  2.70 inf
   67 T   -3 -5 -5 -6 -4 -5 -5 -1 -5  3  5 -5  4 -1 -5 -5 -1 -4 -4  0    1   0   0   0   0   0   0   5   0  20  53   0  12   2   0   0   3   0   0   5  0.96 inf
   68 W   -1 -3 -3 -4 -3  0  0 -4 -3  0  1 -1  1  5 -2 -3 -3  6  3 -1    6   0   1   0   0   6   6   1   0   4  16   4   4  26   2   0   1  12   8   4  0.55 inf
   69 G    0 -2  1 -1  1  0 -1  5  0 -4 -4 -2 -3 -1 -3  1 -2 -3  0 -3    4   0   8   0   4   3   3  59   3   0   0   0   0   3   0   9   0   0   4   0  0.60 inf
   70 G    2 -3 -1 -2 -3 -2 -2  5 -2 -3 -3 -2 -3 -2 -2  1 -1 -2  2 -3   17   0   0   0   0   0   0  58   0   0   0   0   0   0   0  13   0   0  12   0  0.69 inf
   71 S    1 -2 -1 -2  5 -1 -2 -2 -2 -2 -2 -2 -2 -3  1  3  4 -3 -3 -1    7   0   0   0  17   0   0   0   0   0   0   0   0   0   7  32  37   0   0   0  0.52 inf
   72 P   -2 -4 -3 -3 -4 -3 -3 -4  3 -2 -3 -3 -3 -4  7 -2 -1 -5 -4 -1    3   0   0   0   0   0   0   0   9   2   2   0   0   0  70   2   4   0   0   6  1.67 inf
   73 F    0 -2  0 -3  3  1 -2 -2  1 -2 -1 -2  0  4 -3  1  0  2  3 -1    7   0   5   0   8   9   0   1   4   0   4   0   3  24   0  14   5   2  11   2  0.27 inf
   74 N   -2  2  6 -1 -4  0 -2 -3  0 -4 -2  0 -3  1 -3 -1  0 -4 -1 -4    2  11  55   0   0   4   0   0   2   0   4   4   0   9   0   2   7   0   1   0  0.75 inf
   75 A    1 -1 -1 -4  1  2 -1 -3 -4  2  1 -1  0 -3 -4 -1  2 -4 -4  2   12   3   3   0   4  13   3   1   0  15  12   2   2   0   0   3  13   0   0  15  0.27 inf
   76 A    6 -5 -4 -5  1 -4 -4 -3 -5 -1 -2 -4  0 -1 -4  1 -1 -5 -4  0   64   0   0   0   3   0   0   1   0   3   3   0   2   3   0  10   3   0   0   5  1.05 inf
   77 S    1 -2  0 -3  2 -2 -2 -1 -1  1  0 -2  2 -2 -3  3  0 -4 -1  1   15   1   5   0   4   1   1   4   1   8  10   2   5   1   0  23   5   0   1  10  0.22 inf
   78 R    0  3  0 -2 -4  2  1 -2 -2 -2  1  1  0 -3 -2  1  0 -4 -2 -2    6  18   5   1   0   9   9   3   0   1  15   9   3   1   1  13   4   0   1   1  0.22 inf
   79 I   -1 -1 -2 -4  0 -2 -3 -4 -2  2  3 -2  1  2 -3 -2 -1 -1  2  1    5   3   2   1   2   1   1   1   1  10  38   2   2   9   1   2   3   0   8   9  0.37 inf
   80 V    2 -3 -4 -4  0 -2 -2 -3 -3  1  3 -2  3  0 -4  1 -1 -4 -1  1   21   1   0   0   1   1   2   1   0   7  29   2   7   3   0  10   3   0   2   9  0.33 inf
   81 V    1  1  0  0  2  0  1 -1  0 -1  0  0  2 -1 -2  0  0 -1 -1 -1   11   8   4   5   6   3  10   5   3   3  10   4   9   2   1   7   4   1   2   4  0.06 inf
   82 D   -1  0  2  2 -5  2  4 -1  1 -4 -4  2 -2 -5 -1  0 -1 -5 -4 -4    5   4   8  10   0  11  26   5   3   1   1  11   1   0   3   6   4   0   0   1  0.43 inf
   83 K   -1  1  2  0 -3  1  0 -1  4 -3 -2  2 -2 -1  1 -1 -1 -3  2 -2    4   8   9   5   1   5   4   5  10   1   4  15   1   2   9   4   2   0  10   2  0.23 inf
   84 E   -1 -1  1  2 -2  0  3  1  0 -4 -3  1 -2 -4  3 -1 -2 -2 -2 -3    5   2   7  13   1   4  18  11   2   1   2   8   1   1  15   5   1   1   1   2  0.36 inf
   85 H   -3  3  5  1 -4  2 -1 -1  3 -4 -4  3 -3 -3 -2 -1 -2 -6 -4 -3    1  15  24   8   0   8   3   4   6   1   1  18   0   1   2   3   2   0   0   1  0.63 inf
   86 Y   -2  0 -4 -4  1 -3 -5 -5 -3  3 -1 -4  2  2 -5  0  0  3  2  4    3   5   0   1   2   1   0   0   0  18   5   1   6   7   0   6   5   4   7  29  0.56 inf
   87 E    1  3 -1  1 -2  2  4 -2  3 -3 -3  0 -3 -2 -3 -2 -1 -5 -1 -2   10  14   2   8   1   8  27   3   7   1   2   5   0   2   1   1   3   0   2   3  0.42 inf
   88 V   -2 -6 -6 -7  2 -6 -6 -4 -2  4  1 -6  0 -2 -6 -5 -3 -6 -3  6    3   0   0   0   4   0   0   2   1  23  11   0   2   1   0   0   1   0   1  51  1.24 inf
   89 I   -3 -6 -6 -6 -5 -6 -6 -7 -6  6  3 -6 -1  0 -6 -5 -3 -5  0  4    1   0   0   0   0   0   0   0   0  39  22   0   1   4   0   0   1   0   3  28  1.18 inf
   90 A    4 -5 -3 -5  0 -4 -4  0 -5 -2 -5 -4 -4 -5 -5  3  4 -5  2 -3   32   0   1   0   2   0   0   8   0   3   0   0   0   0   0  19  29   0   7   1  0.88 inf
   91 G   -5 -7 -2 -6 -8 -7 -7  8 -7 -9 -9 -7 -8 -8 -7 -5 -7 -8 -8 -8    0   0   2   0   0   0   0  98   0   0   0   0   0   0   0   0   0   0   0   0  2.83 inf
   92 V    0 -5 -6 -6  1 -5 -6 -6 -6  1  2 -5  6 -2 -6 -4  1 -5 -2  5    7   0   0   0   2   0   0   0   0   7  16   0  18   1   0   1   9   0   1  38  0.93 inf
   93 N   -6 -5  9 -3 -2 -4 -5 -5 -4 -8 -8 -5 -7 -8 -6  0 -1 -8 -7 -7    0   0  89   0   1   0   0   0   0   0   0   0   0   0   0   6   4   0   0   0  2.67 inf
   94 I   -3 -6 -7 -7 -5 -5 -6 -7 -6  1  6 -6  4  2 -4 -6 -3 -5 -4  0    2   0   0   0   0   0   0   0   0   5  70   0  10   7   1   0   1   0   0   5  1.36 inf
   95 P    0 -6 -2 -4 -6  0 -3 -1 -3 -6 -6 -5 -4 -7  8 -2 -1 -7 -7 -4    7   0   2   0   0   5   1   5   1   0   0   0   0   0  71   2   4   0   0   1  1.98 inf
   96 M   -3 -6 -6 -7 -5 -5 -6 -5 -6 -1  2 -6 10 -4 -6 -3 -3 -6 -5 -1    1   0   0   0   0   0   0   1   0   3  16   0  71   0   0   2   1   0   0   3  2.37 inf
   97 L    0 -5 -6 -6 -3 -5 -5 -5 -6  1  5 -5  2 -1 -5 -5 -3 -5 -3  3    8   0   0   0   0   0   0   1   0   7  60   0   4   1   0   0   1   0   0  18  1.03 inf
   98 V   -2 -5 -6 -6 -4 -5 -4 -6 -6  5  4 -5  2 -2 -6 -5 -3 -5 -2  3    4   0   0   0   0   0   1   0   0  32  37   0   4   1   0   0   1   0   1  19  1.00 inf
   99 E   -2  1  0  0 -6  2  6 -3 -3 -6 -4  2 -3 -6 -4  0  0 -6 -3 -5    2   8   3   4   0   8  49   1   0   0   1  11   0   0   0   5   5   0   1   0  0.90 inf
  100 T    4 -4 -4 -4 -1 -2 -4 -2 -4  0  2 -4  2 -1 -4 -1  0 -2 -2  1   40   0   0   0   1   1   0   2   0   5  23   0   4   2   0   2   6   1   1   9  0.51 inf
  101 L    1 -4 -3 -5  1 -4 -3 -4 -4  3  3 -4  2  2 -3 -2 -1 -3  1  2   15   0   1   0   3   0   2   1   0  15  25   0   6   7   1   2   2   0   6  13  0.40 inf
  102 M   -1 -2  1 -2  0 -1 -2 -1 -3 -1  2 -1  4  1 -3  1  1 -4 -2 -1    4   1   9   2   2   3   2   5   0   2  18   4  14   7   0  12  10   0   0   3  0.19 inf
  103 A    1 -1  0 -1  0  0  1 -1  0 -1  0 -1  2 -2 -3  2  0 -3  2 -1   13   3   3   3   2   3  10   5   2   3   7   2   8   1   0  17   3   0  10   3  0.14 inf
  104 R   -3  7 -1 -2 -1  1  0 -3 -3 -3 -3  2 -3 -3 -4 -1 -3 -5 -3 -4    2  56   3   1   1   5   6   2   0   1   2   9   0   1   1   4   1   0   1   1  1.08 inf
  105 D   -1  0  1  3 -1  1  1 -1  0 -1  0  0  1  0 -1  0 -1 -2  0 -1    4   4   7  18   2   6  11   4   2   3   9   4   5   4   3   4   3   0   3   3  0.11 inf
  106 D    0 -2  2  3 -1  0  3 -1 -1 -2 -2 -2  1 -2 -1  1  0 -4 -3 -2    6   1   8  18   1   4  19   5   1   3   4   1   4   2   2  11   6   0   1   2  0.27 inf
  107 D    0 -1  1  1 -1  0  1  2  1 -1 -1 -1  2 -1 -2  0  0 -3 -1 -1    7   2   8   7   1   3  12  16   4   3   4   3   7   2   1   7   6   0   2   3  0.12 inf
  108 P    0 -1  0  1 -1  0  1 -2 -1  0  1  0  2 -2  1  0  1 -3 -1  0    7   1   3   8   1   3  11   2   2   5  13   7   9   1   7   5   8   0   3   4  0.08 inf
  109 S   -1 -3  2  3 -3 -2 -1 -1 -2 -3 -4 -1 -2 -5  1  3  2 -5 -4 -3    5   1  10  19   1   1   2   4   1   1   1   4   1   0   7  26  15   0   0   1  0.52 inf
  110 F    1 -3 -3 -4 -3 -3 -2 -3 -4  2  3 -3  0  0 -1 -1 -1 -4 -3  2   15   1   1   1   0   0   3   2   0  14  34   1   2   4   3   4   3   0   0  13  0.40 inf
  111 D    0  0  0  3 -3  2  3 -1  2 -4 -4  2 -3 -3 -1  1 -1 -5 -3 -4    9   4   3  20   1   8  17   3   5   1   1  11   0   1   3   8   3   0   1   1  0.41 inf
  112 E    1 -3 -2  3 -5  2  5 -3 -3 -4 -3 -1 -3 -6 -4 -1  0 -6 -4 -3   11   1   1  15   0   8  43   1   0   1   3   3   1   0   0   4   5   0   0   1  0.82 inf
  113 L    1 -5 -5 -6 -1 -4 -4 -5 -5  2  5 -5  0  2 -5 -2 -2 -2 -2  1   11   0   0   0   1   1   1   0   0  11  49   0   1   8   0   2   1   0   1  10  0.78 inf
  114 V    3  0 -4 -5  2 -4 -4 -4 -3  2 -1 -1 -1 -3 -3 -2  1 -5 -3  4   26   6   0   0   4   0   1   1   1  10   6   4   1   0   1   2   7   0   0  29  0.52 inf
  115 A    1  0  1  2 -2  2  3 -3 -1 -3 -2  2 -3 -5 -3  0 -1 -5 -4 -3   13   5   7  12   1   7  24   1   1   1   4  11   0   0   1   6   4   0   0   2  0.39 inf
  116 L    0  0  1  0 -2  1  1 -1  3  0 -1  2  1 -2 -3  0  0 -3  0 -1    9   5   6   4   1   8   7   3   8   7   5  12   4   1   0   8   5   0   4   4  0.11 inf
  117 A    4 -5 -5 -6  1 -5 -5 -3 -6  3  2 -4 -1 -4 -4 -2 -2 -6 -5  1   40   0   0   0   3   0   0   2   0  17  22   0   1   0   0   2   1   0   0  10  0.79 inf
  118 V   -1 -1 -4 -4 -2  1 -1 -4 -2  3  3  0  2 -2 -4 -2  0 -4 -2  2    4   4   0   0   1   7   3   1   1  15  28   7   4   1   0   2   4   0   1  16  0.36 inf
  119 E    0 -2  1  2 -4  2  5 -2 -2 -5 -5  1 -3 -5 -2  1  0 -6 -5 -3    7   1   7  10   0   7  36   2   1   0   0  10   1   0   2   9   4   0   0   1  0.65 inf
  120 T    3 -3 -1 -2  2 -1  1  0 -3  1 -2 -2  0 -3 -2  0  2 -4 -1  0   27   1   3   1   4   2   8   8   0   9   3   1   2   1   1   7  12   0   3   7  0.23 inf
  121 G    3 -6 -5 -5 -6 -5 -5  6 -6 -6 -7 -5 -6 -4 -6  0 -2 -7 -7 -5   27   0   0   0   0   0   0  62   0   0   0   0   0   1   0   5   2   0   0   0  1.63 inf
  122 R   -1  5 -1 -5 -2  2 -3 -4  3 -2 -4  5 -3 -5 -2 -2  0 -4 -4 -2    4  30   2   0   1   8   1   1   6   2   1  31   1   0   2   2   5   0   0   3  0.84 inf
  123 E   -1  0  1  3 -2  2  3 -2 -1 -5 -3  3 -3 -6 -2  0 -1 -6 -4 -4    4   5   7  15   1  10  22   3   1   0   2  17   1   0   2   7   3   0   0   1  0.50 inf
  124 G    0 -5  0 -4  0  0 -1  6 -3 -6 -6 -5 -4 -4 -5  2 -1 -5  3 -5    6   0   4   1   2   4   4  50   1   0   0   0   0   0   0  13   3   0  10   1  1.01 inf
  125 V   -5 -7 -8 -8 -3 -7 -7 -8 -8  7  0 -7  1 -3 -7 -6 -3 -7 -6  4    0   0   0   0   1   0   0   0   0  59   6   0   3   1   0   0   1   0   0  30  1.82 inf
  126 K   -2  2  0 -3 -2  3 -2 -4  2 -1 -3  4 -2 -4 -4 -1  2 -5 -4  1    2  12   4   1   1  11   1   1   4   3   1  30   0   0   0   3  13   0   0  13  0.53 inf
  127 A    2 -1  2  3  1 -1  0 -2 -2 -2 -3 -1 -2 -3 -3  2  0 -5 -4 -2   18   2  10  20   4   2   5   1   1   2   2   4   1   1   0  20   4   0   0   3  0.38 inf
  128 L   -4 -5 -6 -6 -4 -5 -6 -6 -5  1  4 -5  3  5 -6 -5 -3 -1 -2  3    1   0   0   0   0   0   0   0   0   7  40   0   7  23   0   0   1   1   0  20  1.02 inf
  129 K   -4  4  4 -2 -6  1  2 -4  2 -6 -5  4 -4 -6 -4 -3 -3 -6 -4 -5    0  24  23   0   0   5  15   0   5   0   0  28   0   0   0   0   0   0   0   0  0.98 inf

                      K         Lambda
Standard Ungapped    0.1347     0.3161
Standard Gapped      0.0555     0.2670
PSI Ungapped         0.1816     0.3155
PSI Gapped           0.0555     0.2670
