
Last position-specific scoring matrix computed, weighted observed percentages rounded down, information per position, and relative weight of gapless real matches to pseudocounts
           A  R  N  D  C  Q  E  G  H  I  L  K  M  F  P  S  T  W  Y  V   A   R   N   D   C   Q   E   G   H   I   L   K   M   F   P   S   T   W   Y   V
    1 K   -1  2 -1 -2 -3  0  0 -2 -2 -4 -4  5 -3 -4 -2  3 -1 -4 -3 -3    0   8   0   0   0   2   4   0   0   0   0  52   0   0   0  35   0   0   0   0  0.72 inf
    2 T   -1 -3 -3 -4 -2 -3 -3 -2 -4  1  3 -3  4 -1  0 -1  2 -3 -2  2    2   0   0   0   0   0   0   4   0   7  36   0  15   0   4   2  14   0   0  16  0.37 inf
    3 N   -2 -2  1  4 -5  1  5 -3  0 -4 -3  0 -3 -5 -3 -1  0 -5 -4 -3    1   1   5  25   0   3  48   0   2   0   1   4   0   0   0   3   5   0   0   2  0.81 inf
    4 Q   -3 -1 -2  3 -5  5  5 -4  1 -5 -3 -1 -2 -5 -3 -1 -2 -5 -4 -4    0   2   0  15   0  35  39   0   4   0   3   0   1   0   0   2   1   0   0   0  0.98 inf
    5 K   -2  2 -3 -3 -6  0 -2 -4 -3 -5 -5  7 -4 -6 -4 -3 -3 -5 -4 -5    3  10   0   0   0   2   0   0   0   0   0  85   0   0   0   0   0   0   0   0  1.60 inf
    6 L   -4 -4 -6 -6 -3 -4 -5 -6 -5  1  6 -5  1 -2 -5 -5 -3 -4 -2  0    0   0   0   0   0   0   0   0   0   6  87   0   2   0   0   0   1   0   1   4  1.30 inf
    7 E   -2  3  3  0 -2  1  2 -3  0 -3 -3  3 -1 -4 -3  1 -1 -4 -2 -2    1  20  14   3   1   3  12   0   2   0   1  26   2   0   0  11   2   0   1   2  0.46 inf
    8 W   -3 -6 -7 -8 -6 -5 -6 -6 -6 -6 -2 -6 -5  0 -7 -6 -6 13 -1 -6    2   0   0   0   0   0   0   0   0   0   3   0   0   3   0   0   0  92   0   0  4.10 inf
    9 A    5 -3 -3 -4  2 -3 -3 -2 -3 -1 -3 -3 -3 -3 -3  2  1 -4  1 -2   63   0   0   0   4   0   0   0   0   4   0   0   0   0   0  12  10   0   7   1  0.77 inf
   10 F   -5 -6 -6 -7 -5 -6 -6 -6 -4 -3  1 -6 -3  9 -7 -5 -5 -2  1 -4    0   0   0   0   0   0   0   0   0   0  10   0   0  88   0   0   0   0   2   0  2.29 inf
   11 S   -1  2  4 -2 -1  2  0 -2  1 -4 -4  3 -2 -4 -3  2 -1 -4 -2 -4    1  10  21   0   2   9   3   2   4   0   0  23   1   0   0  22   2   0   1   0  0.51 inf
   12 L   -1 -4 -5 -6 -3 -4 -5 -5 -5  1  4 -4  6 -1 -5 -4 -3  5 -3  1    4   0   0   0   0   0   0   0   0   4  49   0  26   1   0   0   0   9   0   7  1.01 inf
   13 Y   -4 -1 -4 -6 -5 -4 -5 -6  4 -4 -4 -4 -4  3 -6 -1 -4 -1  9 -4    0   3   0   0   0   0   0   0   9   0   0   0   0  12   0   5   0   0  71   0  1.96 inf
   14 D   -5  1 -2  8 -7 -3 -1 -4 -4 -6 -7 -3 -6 -7 -4 -3 -4 -7 -6 -6    0   9   0  91   0   0   0   0   0   0   0   0   0   0   0   0   0   0   0   0  2.19 inf
   15 V   -1 -1 -2 -4 -1 -2 -3 -4 -2  4  3 -1  1  1 -4 -2  0 -3  0  2    2   3   2   0   1   1   0   0   1  28  27   4   1   4   0   1   4   0   4  17  0.36 inf
   16 D   -4  0  4  7 -6 -2 -1 -4 -3 -5 -6  0 -5 -6  2 -2 -2 -6 -5 -5    0   6  19  60   0   0   0   0   0   0   0   4   0   0   9   0   2   0   0   0  1.30 inf
   17 G   -2  2  1 -3 -4  0 -2  5  2 -5 -5  2 -4 -5 -4  0 -3 -5 -4 -4    0  12   6   0   0   3   1  48   7   0   0  15   0   0   0   6   0   0   0   1  0.78 inf
   18 N   -3 -3  6  5  1 -2  1 -3 -3 -5 -6 -3 -5 -6 -4  0  0 -6 -5 -5    1   0  39  36   4   0   8   0   0   0   0   0   0   0   0   5   6   0   0   0  1.16 inf
   19 G   -3 -5 -4 -4 -6 -5 -1  7 -5 -6 -7 -5 -6 -6 -5 -3 -5 -6 -6 -2    0   0   0   0   0   0   4  93   0   0   0   0   0   0   0   0   0   0   0   3  2.13 inf
   20 T   -2  1 -2 -4  5 -1  0 -4  0 -3 -2  1 -3  3 -4  0  0  0  5 -2    2   9   1   0  16   2   6   0   2   1   2  11   0  14   0   6   8   1  21   2  0.51 inf
   21 I   -4 -5 -6 -6 -4 -5 -6 -6 -5  7  0 -5 -1 -2 -5 -5 -3 -5  2  3    0   0   0   0   0   0   0   0   0  72   7   0   0   0   0   0   0   0   7  15  1.45 inf
   22 S   -2 -2 -1  3  0 -1 -1 -2 -2 -3 -4 -2 -4 -5 -4  3  5 -5 -2 -3    0   1   2  17   2   2   2   3   1   1   1   1   0   0   0  23  44   0   1   0  0.80 inf
   23 K   -3  5 -3 -4  1  0 -1 -4 -1 -3 -2  4 -3 -1 -4  0 -2 -4  3 -4    0  34   0   0   3   2   2   0   1   1   3  33   0   3   0   5   2   0  10   0  0.83 inf
   24 N   -1 -1  1  2 -2  2  3 -1  0 -3 -3  1 -2 -4 -1  2 -1 -4 -2 -1    3   2   6  14   1   9  22   5   3   0   2   7   1   0   2  16   3   0   1   4  0.30 inf
   25 E   -4 -3 -3  1 -7  1  7 -5  0 -7 -6 -1 -5 -7 -2 -3 -4 -6 -5 -6    0   0   0   6   0   5  83   0   2   0   0   3   0   0   2   0   0   0   0   0  1.87 inf
   26 V   -4 -4 -5 -6 -4 -4 -5 -6  1  1  3 -4  8 -3 -5 -4 -3 -4 -3  2    0   0   0   0   0   0   0   0   4   5  26   0  48   0   0   0   0   0   0  17  1.31 inf
   27 L   -1 -2 -2 -4 -3  0 -2 -3  2  2  3 -2  1 -1 -4 -1  0  1  0  0    5   1   2   0   0   4   2   2   7  12  44   2   2   1   0   3   7   2   3   2  0.31 inf
   28 E   -1  0  3  2 -4  1  4 -3  1 -3 -2  1 -2 -4 -1  1  1 -5 -3 -3    3   3  14  10   0   3  32   0   3   1   3   8   1   0   3   9   7   0   0   0  0.44 inf
   29 I   -3 -5 -5 -5  0 -5 -5 -3 -5  6  0 -5  3 -2 -5 -4  0 -5 -1  3    0   0   0   0   2   0   0   2   0  61   6   0   8   0   0   0   4   0   2  16  1.07 inf
   30 V   -2 -4 -4 -4  1 -3 -2 -5 -4  3  2 -4  2  1 -4 -2 -2 -4 -2  4    0   0   0   0   3   0   3   0   0  21  16   0   5   5   0   3   0   0   0  43  0.58 inf
   31 T   -1  2  0  0  0  3  1 -2  0 -1 -1  2  0 -3 -2  0  1 -3 -2 -1    3  10   2   6   3  21   8   2   2   2   6  13   3   0   0   3  14   0   0   2  0.21 inf
   32 A    2 -2  0 -1 -1 -1  0  0 -2  1  0 -1  0 -2 -2  1  0 -3 -2  1   27   1   6   1   0   0   6   6   0   6  10   1   0   0   1  10   6   0   0  18  0.10 inf
   33 I    0 -2 -2 -2 -2 -1  0 -3 -2  3  1 -2  2 -1 -2 -1  0 -2 -2  2    9   1   1   1   0   0   9   1   0  25  14   1  11   0   1   1   7   0   0  19  0.19 inf
   34 F   -3  2 -3 -2  0  0 -3 -4  3 -2 -1 -1 -2  2 -1 -2  0  3  6 -3    1  11   0   3   2   3   1   1   6   2   4   4   0   6   3   3   5   5  40   1  0.66 inf
   35 K    0  1  2  1 -1  1  1 -1 -2 -3 -2  3 -2 -3 -2  1 -1 -3 -3 -2   10   7  13   5   2   5  11   3   0   0   2  24   0   0   0  11   2   0   0   3  0.28 inf
   36 M    0  0 -4 -4 -3 -3 -3 -4 -3  2  3 -3  5  1 -4 -3  0 -3 -2  1    7   7   0   0   0   0   0   1   0  14  25   0  23   6   0   1   8   0   0   6  0.48 inf
   37 I    0  0  1 -1  1  0 -2 -2  1  2  0  0  2  0 -2  0  1 -2 -1  1    7   4   8   4   3   4   1   1   3  17   5   4  10   6   1   7   8   0   0   7  0.07 inf
   38 S   -1  0  1 -2 -3 -1  0  4  1  0 -2  0 -2  0  0  0 -1 -3  1 -1    4   6   6   1   0   2   6  32   3   6   3   5   0   4   5   5   3   0   6   4  0.22 inf
   39 P    0  1  0 -1  0  0  0 -2 -1 -2 -3  2 -2 -1  3  1  1 -3 -1 -2    7   7   4   2   3   4   6   2   1   2   2  14   1   3  16  11  10   0   2   2  0.26 inf
   40 E    0  0  0  0  2  0  2 -2  1 -1 -1  0 -2  0 -1  0  0  0  1  0    8   5   3   6   6   4  14   3   4   2   5   6   0   4   3   8   6   1   6   6  0.08 inf
   41 D    0  0  1  1  0 -1  1 -1 -1 -1 -1  0 -1 -3  1  0  2 -3 -1  0    8   6   7  10   2   2   8   3   1   4   4   4   1   1   6   7  16   0   2   7  0.12 inf
   42 T    1  1 -2  0  2  2  0 -3  0  0 -1 -1  3 -2 -1  0  1 -3  1  0   11   9   0   6   4   9   5   2   2   5   4   2  10   1   3   6   8   0   7   6  0.14 inf
   43 K   -1 -2 -1  0  3  0  1 -2 -3  0 -2  0  1 -3  3 -1  0  0 -1  1    5   2   3   4   6   5  10   3   0   6   3   7   4   0  16   4   7   1   3  10  0.20 inf
   44 H   -1  1  2  0  0  1  1 -1  3 -2 -2  2  0 -3 -1  1  0 -1 -3 -1    4   9   9   5   3   7  10   4   7   2   4  11   2   0   3  10   6   1   0   4  0.17 inf
   45 L   -1  0 -2 -1  0  0  0 -1  0  1  3 -1  3  0 -1 -2 -1  1 -1  0    4   5   2   4   2   4   5   5   2   6  30   3   8   4   3   2   3   2   2   4  0.14 inf
   46 P   -1  1  2 -1  1 -1 -1 -2 -1 -1 -1  1 -3 -4  5  0 -1 -4 -1 -1    6   6   9   4   3   3   3   3   2   3   6   7   0   1  27   6   4   0   2   5  0.39 inf
   47 E    0  0  0  2 -4  1  4 -2  0 -2 -3  1 -3 -4  1  0  0 -4 -4 -2    8   6   5  10   0   5  31   3   2   3   3   6   0   0   6   5   5   0   0   2  0.40 inf
   48 D   -3 -1  0  6 -5  0  2 -2 -1 -2 -3 -2 -1 -2 -2  0 -1 -5 -4 -4    2   3   4  44   0   3  15   2   2   3   3   2   2   2   2   6   3   0   0   1  0.82 inf
   49 E   -2 -2  0  3 -1  0  5 -1  1 -2 -4 -1 -4 -2 -2 -1 -1 -4 -4 -1    3   2   5  16   2   4  37   5   3   3   1   4   0   2   1   3   3   0   0   4  0.57 inf
   50 N    0  1  2  1 -1  1  0 -2  0 -1  0  0  1 -2 -1  1  0 -3 -1  0    6   7  10  11   1   6   4   1   2   2  11   4   5   1   3  12   6   0   1   6  0.09 inf
   51 T    1 -4 -1 -3  1  0 -1 -3  0 -2 -4 -1 -1 -5 -3  2  5 -5 -5 -3   12   0   2   1   3   4   3   2   2   3   1   4   2   0   1  14  44   0   0   1  0.74 inf
   52 P    2 -5 -5 -5 -5 -1 -4 -5 -5  1 -2 -2 -1 -5  7 -2 -2 -6 -5 -1   18   0   0   0   0   2   0   0   0   7   4   2   2   0  52   3   2   0   0   5  1.35 inf
   53 E   -1  2 -3  0 -5  2  5 -1  0 -5 -3  1 -4 -3 -4 -1 -4 -5 -2 -2    5  11   0   4   0   8  44   5   2   0   2   7   0   1   0   4   0   0   1   3  0.74 inf
   54 K   -1  0  0  0 -6  2  5 -2 -1 -5 -3  4 -2 -6 -4 -3 -2 -5 -5 -5    5   4   3   5   0  10  38   3   1   0   3  23   1   0   0   0   3   0   0   0  0.82 inf
   55 R   -3  5 -3 -4  1  1 -2 -4  5 -1  0  1  1  1 -4 -3 -1 -4 -2  1    2  30   0   0   4   7   2   1  13   3   9   7   3   7   0   1   3   0   0   9  0.54 inf
   56 A    1 -2 -1 -5  1 -4 -4 -5 -5  1 -1 -4 -3 -4 -4 -2  4 -5 -4  5   10   2   3   0   3   0   0   0   0   6   4   0   0   0   0   2  25   0   0  44  0.86 inf
   57 E   -3 -2  2  6 -6 -1  4 -4 -4 -3 -3 -1 -5 -6 -4 -1 -1 -6 -5 -5    1   2   9  46   0   2  24   0   0   1   3   4   0   0   0   3   3   0   0   0  1.13 inf
   58 K   -2  5 -1 -2 -5  1  0 -2 -2 -2 -2  4  1 -3 -4 -2  0 -5 -4 -3    3  28   2   1   0   6   6   3   1   2   3  29   4   1   0   2   5   0   0   2  0.66 inf
   59 I   -2 -5 -6 -6 -1 -3 -6 -6 -5  6  1 -5  1  3 -5 -5 -4 -1 -2  3    2   0   0   0   1   2   0   0   0  49  11   0   3  11   0   0   0   1   1  18  1.11 inf
   60 W   -6 -6 -7 -7 -6 -7 -7 -4 -5 -4 -3 -7 -1  9 -7 -6 -3  4  0 -5    0   0   0   0   0   0   0   2   0   0   1   0   2  83   0   0   2   5   2   0  2.66 inf
   61 G   -1  2  2  1 -3  4  2 -3  1 -3 -2  1 -2 -5 -3  0 -1 -5 -4 -3    5  10   8   8   0  21  14   1   4   1   4   9   1   0   0   8   4   0   0   1  0.42 inf
   62 F   -2  2 -1 -2 -4  2 -1 -3 -3 -2  1  5  0 -1 -4 -1 -1 -4 -1 -2    3  11   2   1   0   8   4   2   0   1  16  38   2   3   0   3   3   0   2   3  0.49 inf
   63 F   -2 -5 -5 -6 -4 -1 -5 -3 -5  2  3 -5  8  2 -5 -5 -3 -4  0  0    3   0   0   0   0   2   0   2   0  11  24   0  41   7   0   0   1   0   2   6  1.19 inf
   64 G   -5 -5 -1  8 -1 -2 -2 -1 -5 -7 -7 -3 -7 -7 -5 -4 -2 -8 -7 -7    0   0   2  84   1   1   1   4   0   0   0   2   0   0   0   0   3   0   0   0  2.27 inf
   65 K   -1  1 -1 -1 -4 -1  1 -3 -2  1  0  4 -1 -4 -3 -1  1 -4 -3  1    3   8   3   3   0   1   9   1   1   8  11  29   1   0   0   3  10   0   0  10  0.29 inf
   66 K   -5 -1  8  4 -6 -3 -3 -3 -3 -6 -7 -1 -6 -6 -5 -1 -2 -7 -6 -6    0   2  63  23   0   1   0   1   0   0   0   4   0   0   0   3   1   0   0   0  1.78 inf
   67 D   -2  2  2  0 -3  2  1  3  2 -5 -4  2 -3 -4 -3  1 -2 -5 -4 -4    2  10   8   5   1  10  11  21   5   0   1  15   0   0   0   9   1   0   0   0  0.43 inf
   68 D   -3 -5  2  8 -6 -4 -1 -3 -4 -6 -7 -3 -6 -7 -5 -1 -3 -7 -6 -6    2   0   8  76   0   0   3   2   0   0   0   1   0   0   0   5   1   0   0   0  1.95 inf
   69 D   -1 -5  0  2 -6 -3 -2  7 -3 -6 -6 -4 -6 -6 -5 -2 -4 -6 -6 -5    5   0   4  12   0   1   2  71   1   0   0   1   0   0   0   2   0   0   0   1  1.55 inf
   70 K   -3  2 -2 -3 -3  2  2 -4 -1  0 -1  4  0 -2 -4 -2 -2 -4  0  2    0   9   1   0   0  10  12   0   1   6   4  31   2   1   0   2   2   0   3  16  0.45 inf
   71 L   -3 -5 -5 -6 -4 -5 -5 -6 -5  4  4 -5  2 -3 -5 -4 -3 -2 -4  3    1   0   0   0   0   0   0   0   0  27  44   0   4   0   0   1   1   0   0  20  1.01 inf
   72 T   -1 -4 -1 -2 -4  1 -2 -2 -4 -3 -4 -3 -4 -5 -4  4  5 -5 -4 -3    5   0   2   2   0   5   1   2   0   1   0   0   0   0   0  36  42   0   0   1  1.01 inf
   73 E   -3 -1 -4 -4 -1 -2  1 -5 -4  2  4 -1  2  1 -4 -3 -3  2  0 -1    0   4   0   0   1   2  10   0   0  11  49   4   5   5   0   1   0   3   3   2  0.57 inf
   74 K   -1  0 -1  4 -5  1  5  1 -3 -5 -5  1 -4 -5 -4 -1 -2 -5 -4 -5    4   5   2  21   0   4  42  10   0   0   0   6   0   0   0   3   2   0   0   0  0.81 inf
   75 E   -5 -4 -4  0 -8 -1  8 -6 -4 -7 -7 -3 -6 -7 -5 -3 -5 -7 -6 -6    0   0   0   4   0   1  94   0   0   0   0   0   0   0   0   1   0   0   0   0  2.42 inf
   76 F   -6 -7 -7 -7 -6 -7 -7 -7 -5 -4 -2 -7 -4  9 -7 -6 -6 -3  1 -5    0   0   0   0   0   0   0   0   0   0   2   0   0  93   0   0   0   0   3   0  2.94 inf
   77 I   -3  0  0 -4 -1 -2 -3 -5 -3  5  1  2  2 -3 -4 -3 -2 -5 -3  2    1   6   6   0   1   1   0   0   1  35  12  15   5   0   0   0   1   0   0  14  0.54 inf
   78 E   -2  2 -2  1 -2  3  5 -4 -3 -3 -4  2 -4 -6 -4 -2 -2 -6 -5 -3    3  11   1   8   1  11  45   1   0   1   1  13   0   0   0   1   2   0   0   2  0.84 inf
   79 G    1 -4 -4 -4  2 -5 -4  6 -5 -4 -2 -4 -5 -3 -5 -1 -2  1 -5 -5   10   0   0   0   4   0   1  70   0   1   4   0   0   1   0   5   3   2   0   0  1.37 inf
   80 T    3 -4 -4 -5  7 -4 -4 -3 -5  1 -2 -4 -1 -1 -4  1  0 -5 -4  2   30   0   0   0  23   0   0   1   0   7   3   0   2   3   0  13   4   0   0  15  0.77 inf
   81 L   -3  3 -1 -3 -5  3 -1 -4 -1 -2  1  5  2 -4 -4 -1 -1 -5 -4 -3    0  14   2   0   0  14   3   0   1   2  12  38   7   0   0   3   3   0   0   0  0.67 inf
   82 A    0  3  0 -1  2  1  1 -3 -2 -3 -2  3  0 -3 -3  1 -1 -4 -2 -2    8  15   5   3   5   6   8   0   0   0   3  25   3   1   0  13   1   0   1   3  0.34 inf
   83 N   -5 -5  4  7 -2 -4 -2 -5  0 -7 -7 -3 -6 -7 -5 -3 -2 -8 -3 -7    0   0  20  71   1   0   1   0   2   0   0   1   0   0   0   1   2   0   1   0  1.94 inf
   84 K   -2 -1 -4  1 -6  1  3 -5 -4 -6 -4  1 -5 -6  6 -1 -4 -6 -5 -5    2   3   0   8   0   5  20   0   0   0   1  10   0   0  46   4   0   0   0   0  1.26 inf
   85 E    0  0  1  1 -3  0  1 -1  0 -3 -2 -1  0 -1 -3  3  1  5 -1 -1    7   4   6   9   0   2   8   3   3   0   2   3   3   2   0  24   8   9   1   4  0.27 inf
   86 I   -2 -5 -6 -6 -2 -5 -6 -5 -6  6  3 -5  0  1 -5 -5 -3 -5 -4  2    2   0   0   0   1   0   0   1   0  58  23   0   1   4   0   0   1   0   0   9  1.20 inf
   87 L   -2 -1 -4 -5  0 -2 -4 -5 -4  1  2 -3  6 -1 -5 -2 -1 -4 -1  4    2   3   0   0   2   2   0   0   0   7  21   1  22   2   0   3   4   0   2  31  0.67 inf
   88 R   -2  4  2  1 -2  3  1 -2  0 -4 -2  2  0 -5 -4  0 -2 -5 -3 -4    3  31   9   7   1  13   7   2   2   0   4  11   2   0   0   7   1   0   0   0  0.51 inf
   89 L    2 -4 -4 -4 -3 -2 -4 -2 -4  1  3 -4  5 -2 -4  2 -1 -4 -3  0   18   0   0   0   0   1   0   3   0   6  33   0  16   1   0  15   2   0   0   5  0.52 inf
   90 I   -4 -5 -4 -6 -4 -3 -6 -6 -6  2  6 -5  4 -3 -6 -5 -4 -5 -4  0    0   0   1   0   0   1   0   0   0  12  73   0   8   0   0   0   0   0   0   5  1.32 inf
   91 Q   -2 -1  0 -3 -5  6  1 -4 -1 -5 -2 -1 -3 -5 -4  2  2 -5 -4 -4    2   1   3   0   0  46   7   0   1   0   4   2   0   0   0  19  14   0   0   0  0.92 inf
   92 F   -1 -2 -1 -1  5 -3 -3 -2 -3 -1  3 -3  2  2 -4 -1 -2 -2  3 -1    4   1   4   4  14   0   0   3   0   1  36   0   6   8   0   4   0   0  13   2  0.42 inf
   93 E   -3 -3  2  6 -5  0  3 -3 -2 -5 -5 -1 -4 -5 -3 -1 -1 -6 -4 -5    0   0   8  59   0   2  21   1   0   0   0   3   0   0   0   2   4   0   0   0  1.15 inf
   94 P   -1 -3 -3 -3 -3 -2 -2 -1  1  0 -1 -2  4 -3  6 -1  0 -4 -3  0    1   0   0   0   0   1   2   6   4   5   4   0  14   0  46   3   5   0   0   8  0.84 inf
   95 Q    0  2  0 -2 -3  3  0 -2  2 -3 -2  3  0 -4 -2  2  0 -4 -2 -3    5   9   2   0   0  21   2   0   5   0   2  26   4   0   0  21   4   0   0   0  0.40 inf
   96 K   -1  2  1  0 -3  0  0 -1 -2 -3 -3  4 -2 -4  2  2  1 -4 -3 -2    2  10   6   3   0   0   2   2   0   0   0  36   0   0   9  24   7   0   0   1  0.42 inf
   97 V    3 -1 -2 -3 -2  0 -2 -1  2  1  0 -1  0 -2 -2  0  0 -3 -2  2   35   3   0   0   0   4   0   1   8   8   9   4   0   0   0   2   5   0   0  20  0.16 inf
   98 K   -1  2  0  1 -3  1  0  1  4 -3 -3  2 -2 -3 -2  2  0 -3 -2 -3    1  18   3   7   0   5   4  11  14   0   0  14   0   0   0  21   3   0   0   0  0.30 inf
   99 E   -1  0  0  1 -4  5  3 -2  4 -4 -3  1 -2 -3 -2  0 -1 -3 -1 -3    0   0   0   6   0  45  24   0  14   0   0   4   0   0   0   7   0   0   0   0  0.60 inf
  100 K    0  3  1 -1 -3  3  0 -2 -1 -2 -2  3 -1 -3 -2  0 -1 -3 -2 -1    9  21  11   0   0  25   0   0   0   0   0  28   0   0   0   0   0   0   0   7  0.34 inf
  101 L   -2 -3 -4 -4 -2 -2 -3 -4 -3  3  3 -3  3  0 -3 -3 -1 -2 -1  2    0   0   0   0   0   0   0   0   0  23  56   0  14   0   0   0   0   0   0   7  0.40 inf
  102 K   -1  2  0  0 -3  2  3 -2 -1 -3 -3  4 -2 -3 -1  0 -1 -3 -2 -3    0   0   0   0   0  11  23   0   0   0   0  65   0   0   0   0   0   0   0   0  0.50 inf

                      K         Lambda
Standard Ungapped    0.1334     0.3116
Standard Gapped      0.0506     0.2670
PSI Ungapped         0.1636     0.3101
PSI Gapped           0.0506     0.2670
