
Last position-specific scoring matrix computed, weighted observed percentages rounded down, information per position, and relative weight of gapless real matches to pseudocounts
           A  R  N  D  C  Q  E  G  H  I  L  K  M  F  P  S  T  W  Y  V   A   R   N   D   C   Q   E   G   H   I   L   K   M   F   P   S   T   W   Y   V
    1 T    0 -1  0 -1 -1 -1 -1 -2 -2 -1 -1 -1 -1 -2 -1  1  5 -2 -2  0    0   0   0   0   0   0   0   0   0   0   0   0   0   0   0   0 100   0   0   0  0.47 inf
    2 P   -1 -2 -2 -2 -3 -1 -1 -2 -2 -3 -3 -1 -3 -4  8 -1 -1 -4 -3 -2    0   0   0   0   0   0   0   0   0   0   0   0   0   0 100   0   0   0   0   0  2.05 inf
    3 Q   -1  1  0  0 -3  5  2 -2  0 -3 -2  1  0 -3 -1  0 -1 -2 -1 -2    0   0   0   0   0 100   0   0   0   0   0   0   0   0   0   0   0   0   0   0  0.66 inf
    4 N   -1 -1  6  1 -2  0  0  0  0 -3 -3  0 -2 -3 -2  1  0 -4 -2 -3    0   0  88   0   0   0   0   0   0   0   0   0   0   0   0  12   0   0   0   0  0.64 inf
    5 I   -1 -3 -3 -3 -1 -3 -3 -4 -3  4  2 -3  1  0 -3 -2 -1 -3 -1  3    0   0   0   0   0   0   0   0   0 100   0   0   0   0   0   0   0   0   0   0  0.40 inf
    6 T    0 -1  0 -1 -1 -1 -1 -2 -2 -1 -1 -1 -1 -2 -1  1  5 -3 -2  0    0   0   0   0   0   0   0   0   0   0   0   0   0   0   0   0 100   0   0   0  0.48 inf
    7 D   -1 -1  1  5 -4  1  3 -2 -1 -3 -3  0 -3 -3 -1  0 -1 -4 -3 -3    0   0   0  64   0   0  36   0   0   0   0   0   0   0   0   0   0   0   0   0  0.73 inf
    8 L   -2 -2 -3 -4 -1 -2 -3 -4 -3  2  4 -3  2  0 -3 -3 -1 -2 -1  1    0   0   0   0   0   0   0   0   0   0 100   0   0   0   0   0   0   0   0   0  0.46 inf
    9 C   -1 -3 -3 -4  8 -3 -4 -3 -3 -2 -1 -3 -1 -1 -3 -1 -1  6 -1 -1    0   0   0   0  80   0   0   0   0   0   0   0   0   0   0   0   0  20   0   0  1.12 inf
   10 A    3 -1  2 -1 -1  0 -1  0 -1 -2 -2  0 -1 -2 -1  2  1 -3 -2 -1   49   0  14   0   0   0   0   0   0   0   0   0   0   0   0  36   0   0   0   0  0.31 inf
   11 E   -1  0  0  2 -4  2  5 -2  0 -3 -3  1 -2 -3 -1  0 -1 -3 -2 -3    0   0   0   0   0   0 100   0   0   0   0   0   0   0   0   0   0   0   0   0  0.74 inf
   12 Y   -2 -2 -2 -3 -2 -1 -2 -3  2 -1 -1 -2 -1  3 -3 -2 -2  2  7 -1    0   0   0   0   0   0   0   0   0   0   0   0   0   0   0   0   0   0 100   0  0.87 inf
   13 H   -2  1  0 -1 -3  2  0 -2  7 -3 -3  0 -1 -2 -2 -1 -2 -2  1 -3    0  11   0   0   0  14   0   0  75   0   0   0   0   0   0   0   0   0   0   0  0.65 inf
   14 N   -2  0  5  1 -3  0  0 -1  2 -3 -3  1 -2 -3 -2  0  0 -4 -2 -3    0   0  82   0   0   0   0   0   9   0   0   9   0   0   0   0   0   0   0   0  0.59 inf
   15 T    0 -1  0 -1 -1 -1 -1 -2 -2 -1 -1 -1 -1 -2  2  1  4 -3 -2  0    0   0   0   0   0   0   0   0   0   0   0   0   0   0   9   0  91   0   0   0  0.46 inf
   16 Q   -1  1  0 -1 -3  5  2 -2  0 -2 -1  1  2 -3 -1  0 -1 -2 -1 -2    0   0   0   0   0  86   0   0   0   0   0   0  14   0   0   0   0   0   0   0  0.50 inf
   17 I   -1 -3 -3 -3 -1 -3 -3 -4 -3  4  2 -3  1  0 -3 -2 -1 -3 -1  3    0   0   0   0   0   0   0   0   0 100   0   0   0   0   0   0   0   0   0   0  0.40 inf
   18 H   -2 -1  0 -2 -3  0 -1 -3  6 -2 -2 -1 -1  1 -3 -1 -2  1  5 -2    0   0   0   0   0   0   0   0  52   0   0   0   0   0   0   0   0   0  48   0  0.66 inf
   19 T    0 -1  0  0 -1  0  1 -1 -1 -1 -2  0 -1 -2 -1  2  4 -3 -2 -1    0   0   0   0   0   0  14   0   0   0   0   0   0   0   0  14  72   0   0   0  0.37 inf
   20 L   -1 -2 -3 -4 -1 -2 -3 -4 -3  2  4 -3  2  0 -3 -2 -1 -2 -1  1    0   0   0   0   0   0   0   0   0  20  80   0   0   0   0   0   0   0   0   0  0.41 inf
   21 N   -2  0  6  1 -3  0  0  0  1 -3 -3  0 -2 -3 -2  1  0 -4 -2 -3    0   0 100   0   0   0   0   0   0   0   0   0   0   0   0   0   0   0   0   0  0.73 inf
   22 N   -1  0  2  5 -3  0  1 -1 -1 -3 -3  2 -2 -3 -1  0 -1 -4 -3 -3    0   0   9  63   0   0   0   0   0   0   0  28   0   0   0   0   0   0   0   0  0.58 inf
   23 K   -1  2  0  0 -3  1  3 -2 -1 -3 -3  4 -2 -3 -1  0 -1 -3 -2 -2    0   0   0   0   0   0  28   0   0   0   0  72   0   0   0   0   0   0   0   0  0.48 inf
   24 I   -1 -3 -3 -3 -1 -3 -3 -4 -3  4  2 -3  1  0 -3 -2 -1 -3 -1  3    0   0   0   0   0   0   0   0   0 100   0   0   0   0   0   0   0   0   0   0  0.40 inf
   25 F    0 -1 -2 -3 -2 -2 -2 -2 -1  0  1  0  0  5 -3 -1 -1  0  2 -1   14   0   0   0   0   0   0   0   0   0  20  14   0  52   0   0   0   0   0   0  0.25 inf
   26 S    1 -1  0  0 -1  0  0 -1 -1 -2 -2  0 -1 -2 -1  3  3 -3 -2 -1    0   0   0   0   0   0   0   0   0   0   0   0   0   0   0  72  28   0   0   0  0.40 inf
   27 Y   -2 -2 -2 -3 -2 -1 -2 -3  2 -1 -1 -2 -1  3 -3 -2 -2  2  7 -1    0   0   0   0   0   0   0   0   0   0   0   0   0   0   0   0   0   0 100   0  0.87 inf
   28 T    0 -1  0 -1 -1 -1 -1 -2 -2 -1 -1 -1 -1 -2 -1  1  5 -3 -2  0    0   0   0   0   0   0   0   0   0   0   0   0   0   0   0   0 100   0   0   0  0.48 inf
   29 E   -1  0  0  2 -4  2  5 -2  0 -3 -3  1 -2 -3 -1  0 -1 -3 -2 -3    0   0   0   0   0   0 100   0   0   0   0   0   0   0   0   0   0   0   0   0  0.74 inf
   30 S    1 -1  1  0 -1  0  0  0 -1 -2 -3  0 -2 -2 -1  4  1 -3 -2 -2    0   0   0   0   0   0   0   0   0   0   0   0   0   0   0 100   0   0   0   0  0.46 inf
   31 L   -1 -2 -3 -4 -1 -2 -3 -4 -3  2  4 -2  3  0 -3 -2 -1 -2 -1  1    0   0   0   0   0   0   0   0   0   0  89   0  11   0   0   0   0   0   0   0  0.43 inf
   32 A    4 -1 -2 -2  0 -1 -1  0 -2 -1 -2 -1 -1 -2 -1  1  0 -3 -2  0  100   0   0   0   0   0   0   0   0   0   0   0   0   0   0   0   0   0   0   0  0.41 inf
   33 G    0 -2  0 -1 -3 -2 -2  6 -2 -4 -4 -2 -3 -3 -2  0 -2 -3 -3 -3    0   0   0   0   0   0   0 100   0   0   0   0   0   0   0   0   0   0   0   0  1.05 inf
   34 K   -1  2  0 -1 -3  1  1 -2  0 -3 -2  4 -1 -1 -1  0 -1 -2  2 -2    0   0   0   0   0   0   0   0   0   0   0  86   0   0   0   0   0   0  14   0  0.41 inf
   35 R   -1  6  0 -2 -3  1  0 -2  0 -3 -2  2 -1 -3 -2 -1 -1 -3 -2 -3    0 100   0   0   0   0   0   0   0   0   0   0   0   0   0   0   0   0   0   0  0.76 inf
   36 E   -1  0  0  2 -4  2  5 -2  0 -3 -3  1 -2 -3 -1  0 -1 -3 -2 -3    0   0   0   0   0   0 100   0   0   0   0   0   0   0   0   0   0   0   0   0  0.74 inf
   37 M   -1 -1 -2 -3 -1  0 -2 -3 -2  1  2 -1  6  0 -3 -2 -1 -1 -1  1    0   0   0   0   0   0   0   0   0   0   0   0 100   0   0   0   0   0   0   0  0.36 inf
   38 A    3 -2 -2 -2 -1 -1 -1 -1 -2  1  0 -1  0 -2 -1  0  0 -3 -2  2   61   0   0   0   0   0   0   0   0   0   0   0   0   0   0   0   0   0   0  39  0.23 inf
   39 I   -1 -3 -3 -3 -1 -3 -3 -4 -3  4  2 -3  1  0 -3 -2 -1 -3 -1  3    0   0   0   0   0   0   0   0   0 100   0   0   0   0   0   0   0   0   0   0  0.40 inf
   40 I   -1 -3 -3 -3 -1 -3 -3 -4 -3  4  2 -3  1  0 -3 -2 -1 -3 -1  3    0   0   0   0   0   0   0   0   0 100   0   0   0   0   0   0   0   0   0   0  0.40 inf
   41 T    0 -1  0 -1 -1 -1 -1 -1 -1 -1 -2 -1 -1 -2 -1  2  4 -3 -2  0    0   0   0   0   0   0   0   0   0   0   0   0   0   0   0  28  72   0   0   0  0.41 inf
   42 F   -2 -3 -3 -4 -2 -3 -3 -3 -1  0  0 -3  0  6 -4 -2 -2  1  3 -1    0   0   0   0   0   0   0   0   0   0   0   0   0 100   0   0   0   0   0   0  0.75 inf
   43 K    1  2  0 -1 -2  1  0 -1 -1 -2 -2  4 -1 -3 -1  1  0 -3 -2 -2   14   0   0   0   0   0   0   0   0   0   0  72   0   0   0  14   0   0   0   0  0.36 inf
   44 N   -1 -1  6  1 -2  0  0  0  0 -3 -3  0 -2 -3 -2  1  0 -4 -2 -3    0   0  89   0   0   0   0   0   0   0   0   0   0   0   0  11   0   0   0   0  0.65 inf
   45 G    0 -2  0 -1 -3 -2 -2  6 -2 -4 -4 -2 -3 -3 -2  0 -2 -3 -3 -3    0   0   0   0   0   0   0 100   0   0   0   0   0   0   0   0   0   0   0   0  1.05 inf
   46 A    4 -1 -2 -2  0 -1 -1  0 -2 -1 -2 -1 -1 -2 -1  1  0 -3 -2  0  100   0   0   0   0   0   0   0   0   0   0   0   0   0   0   0   0   0   0   0  0.41 inf
   47 T    0 -1  0 -1 -1 -1 -1 -2 -2 -1 -1 -1 -1 -2 -1  1  5 -3 -2  0    0   0   0   0   0   0   0   0   0   0   0   0   0   0   0   0 100   0   0   0  0.48 inf
   48 F   -2 -3 -3 -4 -2 -3 -3 -3 -1  0  0 -3  0  6 -4 -2 -2  1  3 -1    0   0   0   0   0   0   0   0   0   0   0   0   0 100   0   0   0   0   0   0  0.75 inf
   49 Q   -1  1  0  0 -3  5  2 -2  0 -3 -2  1  0 -3 -1  0 -1 -2 -1 -2    0   0   0   0   0 100   0   0   0   0   0   0   0   0   0   0   0   0   0   0  0.66 inf
   50 V    0 -3 -3 -3 -1 -2 -3 -3 -3  3  1 -2  1 -1 -2 -2  0 -3 -1  4    0   0   0   0   0   0   0   0   0   0   0   0   0   0   0   0   0   0   0 100  0.35 inf
   51 E   -1  0  0  2 -4  2  5 -2  0 -3 -3  1 -2 -3 -1  0 -1 -3 -2 -3    0   0   0   0   0   0 100   0   0   0   0   0   0   0   0   0   0   0   0   0  0.74 inf
   52 V    0 -3 -3 -3 -1 -2 -3 -3 -3  3  1 -2  1 -1 -2 -2  0 -3 -1  4    0   0   0   0   0   0   0   0   0   0   0   0   0   0   0   0   0   0   0 100  0.35 inf
   53 P   -1 -2 -2 -2 -3 -1 -1 -2 -2 -3 -3 -1 -3 -4  8 -1 -1 -4 -3 -2    0   0   0   0   0   0   0   0   0   0   0   0   0   0 100   0   0   0   0   0  2.05 inf
   54 G    0 -2  0 -1 -3 -2 -2  6 -2 -4 -4 -2 -3 -3 -2  0 -2 -3 -3 -3    0   0   0   0   0   0   0 100   0   0   0   0   0   0   0   0   0   0   0   0  1.05 inf
   55 S    1 -1  1  0 -1  0  0  0 -1 -2 -3  0 -2 -2 -1  4  1 -3 -2 -2    0   0   0   0   0   0   0   0   0   0   0   0   0   0   0 100   0   0   0   0  0.46 inf
   56 Q   -1  1  0  0 -3  5  2 -2  0 -3 -2  1  0 -3 -1  0 -1 -2 -1 -2    0   0   0   0   0 100   0   0   0   0   0   0   0   0   0   0   0   0   0   0  0.66 inf
   57 H   -2  0  1 -1 -3  0  0 -2  8 -3 -3 -1 -2 -1 -2 -1 -2 -2  2 -3    0   0   0   0   0   0   0   0 100   0   0   0   0   0   0   0   0   0   0   0  0.88 inf
   58 I   -1 -3 -3 -3 -1 -3 -3 -4 -3  4  2 -3  1  0 -3 -2 -1 -2 -1  2    0   0   0   0   0   0   0   0   0  72  28   0   0   0   0   0   0   0   0   0  0.36 inf
   59 D   -2 -1  1  5 -4  0  3 -2 -1 -3 -3  0 -3 -3 -1  0 -1 -4 -3 -3    0   0   0  72   0   0  28   0   0   0   0   0   0   0   0   0   0   0   0   0  0.77 inf
   60 S    1 -1  1  0 -1  0  0  0 -1 -2 -3  0 -2 -2 -1  4  1 -3 -2 -2    0   0   0   0   0   0   0   0   0   0   0   0   0   0   0 100   0   0   0   0  0.46 inf
   61 Q   -1  1  0  0 -3  5  2 -2  0 -3 -2  1  0 -3 -1  0 -1 -2 -1 -2    0   0   0   0   0 100   0   0   0   0   0   0   0   0   0   0   0   0   0   0  0.66 inf
   62 K   -1  2  0 -1 -3  1  1 -2 -1 -3 -3  5 -1 -3 -1  0 -1 -3 -2 -2    0   0   0   0   0   0   0   0   0   0   0 100   0   0   0   0   0   0   0   0  0.52 inf
   63 K   -1  4  0 -1 -3  1  1 -2 -1 -3 -2  4 -1 -3 -1  0 -1 -3 -2 -2    0  28   0   0   0   0   0   0   0   0   0  72   0   0   0   0   0   0   0   0  0.52 inf
   64 A    3 -2 -2 -2 -1 -1 -1  0 -2 -2 -2 -1 -1 -3  4  1  0 -3 -2 -1   72   0   0   0   0   0   0   0   0   0   0   0   0   0  28   0   0   0   0   0  0.56 inf
   65 I   -1 -3 -3 -3 -1 -3 -3 -4 -3  4  2 -3  1  0 -3 -2 -1 -2 -1  2    0   0   0   0   0   0   0   0   0  72  28   0   0   0   0   0   0   0   0   0  0.36 inf
   66 E   -1  0  0  2 -4  2  5 -2  0 -3 -3  1 -2 -3 -1  0 -1 -3 -2 -3    0   0   0   0   0   0 100   0   0   0   0   0   0   0   0   0   0   0   0   0  0.74 inf
   67 R   -1  6  0 -2 -3  1  0 -2  0 -3 -2  2 -1 -3 -2 -1 -1 -3 -2 -3    0 100   0   0   0   0   0   0   0   0   0   0   0   0   0   0   0   0   0   0  0.75 inf
   68 M   -1 -1 -2 -3 -1  0 -2 -3 -2  1  2 -1  6  0 -3 -2 -1 -1 -1  1    0   0   0   0   0   0   0   0   0   0   0   0 100   0   0   0   0   0   0   0  0.35 inf
   69 K   -1  2  0 -1 -3  1  1 -2 -1 -3 -3  5 -1 -3 -1  0 -1 -3 -2 -2    0   0   0   0   0   0   0   0   0   0   0 100   0   0   0   0   0   0   0   0  0.52 inf
   70 N   -2 -2  2  6 -3  0  1 -1 -1 -3 -4 -1 -3 -4 -2  0 -1 -4 -3 -3    0   0  10  90   0   0   0   0   0   0   0   0   0   0   0   0   0   0   0   0  0.85 inf
   71 T    0 -1  0 -1 -1 -1 -1 -2 -2 -1 -1 -1 -1 -2 -1  1  5 -3 -2  0    0   0   0   0   0   0   0   0   0   0   0   0   0   0   0   0 100   0   0   0  0.47 inf
   72 L   -2 -2 -3 -4 -1 -2 -3 -4 -3  2  4 -3  2  0 -3 -3 -1 -2 -1  1    0   0   0   0   0   0   0   0   0   0 100   0   0   0   0   0   0   0   0   0  0.46 inf
   73 R   -1  6  0 -2 -3  1  0 -2  0 -3 -2  2 -1 -3 -2 -1 -1 -3 -2 -3    0 100   0   0   0   0   0   0   0   0   0   0   0   0   0   0   0   0   0   0  0.75 inf
   74 I    1 -3 -3 -3 -1 -2 -2 -2 -3  3  1 -2  1 -1 -2 -1 -1 -3 -1  2   28   0   0   0   0   0   0   0   0  72   0   0   0   0   0   0   0   0   0   0  0.22 inf
   75 A    4 -1 -2 -2  0 -1 -1  0 -2 -1 -2 -1 -1 -2 -1  1  0 -3 -2  0  100   0   0   0   0   0   0   0   0   0   0   0   0   0   0   0   0   0   0   0  0.40 inf
   76 Y   -2 -2 -2 -3 -2 -1 -2 -3  2 -1 -1 -2 -1  3 -3 -2 -2  2  7 -1    0   0   0   0   0   0   0   0   0   0   0   0   0   0   0   0   0   0 100   0  0.87 inf
   77 L   -2 -2 -3 -4 -2 -2 -3 -4 -2  1  3 -3  2  3 -3 -2 -1 -1  1  0    0   0   0   0   0   0   0   0   0   0  72   0   0  28   0   0   0   0   0   0  0.39 inf
   78 T    0 -1  0 -1 -1 -1 -1 -2 -2 -1 -1 -1 -1 -2 -1  1  5 -3 -2  0    0   0   0   0   0   0   0   0   0   0   0   0   0   0   0   0 100   0   0   0  0.47 inf
   79 E   -1 -1  0  1 -3  1  4  2 -1 -3 -3  0 -2 -3 -1  0 -1 -3 -2 -3    0   0   0   0   0   0  72  28   0   0   0   0   0   0   0   0   0   0   0   0  0.54 inf
   80 A    3 -2 -2 -2 -1 -1 -1 -1 -2  1  0 -1  0 -2 -1  1  1 -3 -2  1   63   0   0   0   0   0   0   0   0  28   0   0   0   0   0   0   9   0   0   0  0.20 inf
   81 K   -1  2  0 -1 -3  1  1 -2 -1 -3 -3  5 -1 -3 -1  0 -1 -3 -2 -2    0   0   0   0   0   0   0   0   0   0   0 100   0   0   0   0   0   0   0   0  0.52 inf
   82 V    0 -3 -3 -3 -1 -2 -3 -3 -3  3  1 -2  1 -1 -3 -2  0 -3 -1  4    0   0   0   0   0   0   0   0   0  26   0   0   0   0   0   0   0   0   0  74  0.34 inf
   83 E    0  0  0  2 -3  1  4 -1  0 -3 -3  0 -2 -3 -1  2  0 -3 -2 -2    0   0   0  11   0   0  60   0   0   0   0   0   0   0   0  29   0   0   0   0  0.49 inf
   84 K   -1  2  0 -1 -3  1  1 -2 -1 -3 -3  5 -1 -3 -1  0 -1 -3 -2 -2    0   0   0   0   0   0   0   0   0   0   0 100   0   0   0   0   0   0   0   0  0.52 inf
   85 L   -2 -2 -3 -4 -1 -2 -3 -4 -3  2  4 -3  2  0 -3 -3 -1 -2 -1  1    0   0   0   0   0   0   0   0   0   0 100   0   0   0   0   0   0   0   0   0  0.46 inf
   86 C    0 -4 -3 -4  9 -3 -4 -3 -3 -1 -1 -3 -1 -2 -3 -1 -1 -2 -2 -1    0   0   0   0 100   0   0   0   0   0   0   0   0   0   0   0   0   0   0   0  1.22 inf
   87 V    1 -2 -3 -3 -1 -2 -2 -2 -3  2  0 -2  0 -1 -2 -1  0 -3 -1  3   18   0   0   0   0   0   0   0   0   0   0   0   0   0   0   0   0   0   0  82  0.26 inf
   88 W   -3 -3 -4 -4 -2 -2 -3 -3 -2 -3 -2 -3 -1  1 -4 -3 -3 11  2 -3    0   0   0   0   0   0   0   0   0   0   0   0   0   0   0   0   0 100   0   0  2.33 inf
   89 N   -1 -1  5  1 -2  0  0 -1  0 -3 -3  0 -2 -3 -2  1  2 -4 -2 -2    0   0  82   0   0   0   0   0   0   0   0   0   0   0   0   0  18   0   0   0  0.57 inf
   90 N   -2  0  6  1 -3  0  0  0  1 -3 -3  0 -2 -3 -2  1  0 -4 -2 -3    0   0 100   0   0   0   0   0   0   0   0   0   0   0   0   0   0   0   0   0  0.73 inf
   91 K   -1  2  0 -1 -3  1  1 -2 -1 -3 -3  5 -1 -3 -1  0 -1 -3 -2 -2    0   0   0   0   0   0   0   0   0   0   0 100   0   0   0   0   0   0   0   0  0.52 inf
   92 T    0 -1  0 -1 -1 -1 -1 -1 -2 -1 -1 -1 -1 -2 -1  2  4 -3 -2  0    0   0   0   0   0   0   0   0   0   0   0   0   0   0   0  18  82   0   0   0  0.43 inf
   93 P   -1 -2 -2 -2 -3 -1 -1 -2 -2 -3 -3 -1 -3 -4  8 -1 -1 -4 -3 -2    0   0   0   0   0   0   0   0   0   0   0   0   0   0 100   0   0   0   0   0  2.05 inf
   94 H   -2  0  5  0 -3  0  0 -1  6 -3 -3  0 -2 -2 -2  0 -1 -3  0 -3    0   0  56   0   0   0   0   0  44   0   0   0   0   0   0   0   0   0   0   0  0.59 inf
   95 A    3 -1  0 -1 -1  0  0  0 -1 -2 -2  0 -1 -2 -1  3  1 -3 -2 -1   44   0   0   0   0   0   0   0   0   0   0   0   0   0   0  56   0   0   0   0  0.36 inf
   96 I   -1 -3 -3 -3 -1 -3 -3 -4 -3  4  2 -3  1  0 -3 -2 -1 -3 -1  3    0   0   0   0   0   0   0   0   0 100   0   0   0   0   0   0   0   0   0   0  0.40 inf
   97 A    4 -1 -2 -2  0 -1 -1  0 -2 -1 -2 -1 -1 -2 -1  1  0 -3 -2  0  100   0   0   0   0   0   0   0   0   0   0   0   0   0   0   0   0   0   0   0  0.41 inf
   98 A    4 -1 -2 -2  0 -1 -1  0 -2 -1 -2 -1 -1 -2 -1  1  0 -3 -2  0  100   0   0   0   0   0   0   0   0   0   0   0   0   0   0   0   0   0   0   0  0.41 inf
   99 I   -1 -3 -3 -3 -1 -3 -3 -4 -3  4  2 -3  1  0 -3 -2 -1 -3 -1  3    0   0   0   0   0   0   0   0   0 100   0   0   0   0   0   0   0   0   0   0  0.40 inf
  100 S    1 -1  0  0 -2  1  3 -1 -1 -3 -3  0 -2 -3 -1  3  1 -3 -2 -2    0   0   0   0   0   0  33   0   0   0   0   0   0   0   0  67   0   0   0   0  0.40 inf
  101 M   -1 -2 -3 -3 -1 -1 -2 -3 -2  1  3 -2  5  0 -3 -2 -1 -2 -1  1    0   0   0   0   0   0   0   0   0   0  33   0  67   0   0   0   0   0   0   0  0.34 inf
  102 A    3 -1 -1 -1 -1  0  1  0 -1 -2 -2  0 -1 -2 -1  2  0 -3 -2 -1   54   0   0   0   0   0  13   0   0   0   0   0   0   0   0  33   0   0   0   0  0.31 inf
  103 N   -2  0  6  1 -3  0  0  0  1 -3 -3  0 -2 -3 -2  1  0 -4 -2 -3    0   0 100   0   0   0   0   0   0   0   0   0   0   0   0   0   0   0   0   0  0.73 inf

                      K         Lambda
Standard Ungapped    0.1268     0.3159
Standard Gapped      0.0410     0.2670
PSI Ungapped         0.1268     0.3159
PSI Gapped           0.0410     0.2670
