
Last position-specific scoring matrix computed, weighted observed percentages rounded down, information per position, and relative weight of gapless real matches to pseudocounts
           A  R  N  D  C  Q  E  G  H  I  L  K  M  F  P  S  T  W  Y  V   A   R   N   D   C   Q   E   G   H   I   L   K   M   F   P   S   T   W   Y   V
    1 N   -5 -3  9 -2 -6 -3 -3 -3 -2 -6 -7 -3 -5 -6 -5 -2 -3 -7 -5 -6    0   0 100   0   0   0   0   0   0   0   0   0   0   0   0   0   0   0   0   0  2.54 inf
    2 T    3 -2 -2 -1 -3  0  2  1 -2 -3 -3 -1 -3 -4  3  0  0 -4 -4  0   34   1   1   1   0   4  19   8   0   1   1   2   0   0  15   3   4   0   0   7  0.41 inf
    3 G   -2 -4  1  1 -3 -3 -3  7  0 -6 -6 -4 -5 -5 -4 -2 -3 -5 -4 -5    0   0   7   7   0   0   1  79   2   0   0   0   0   0   0   1   1   0   0   0  1.53 inf
    4 R    0  7 -3 -4 -3 -1 -2 -4 -1 -4 -2  2 -2 -3 -3 -2 -3 -5  0 -2    7  69   0   0   0   1   0   0   1   0   3   9   1   1   1   1   1   0   4   2  1.22 inf
    5 A    0  2 -1  1 -4  0  3 -3 -1 -4 -4  3 -3 -4  3 -1 -1 -4 -3 -3    6  13   2   6   0   2  27   0   1   0   0  21   0   0  16   2   3   0   0   1  0.55 inf
    6 T    1  4 -2 -2 -2 -1 -1 -3 -3  0 -2  0  0 -3 -2  0  3 -4 -3  1   10  35   0   1   0   1   1   1   0   5   1   3   2   0   1   4  23   0   0  12  0.43 inf
    7 C   -1  0 -3 -4 -1 -2 -3 -4 -3  3  2  0  0 -1 -3 -2  2 -3 -2  2    2   8   0   0   1   1   0   0   0  24  24   6   0   1   0   0  15   0   0  18  0.31 inf
    8 R   -1  1 -1 -1 -1  0  1 -2  0 -1 -2  1 -1 -3 -1  2  3 -4 -3 -1    1  10   1   1   1   2  10   0   2   4   1  10   1   0   3  24  26   0   0   3  0.30 inf
    9 V   -2 -2 -5 -5 -3 -3 -4 -5 -4  3  5 -4  2 -1 -4 -4 -2 -3 -2  2    1   1   0   0   0   0   0   0   0  15  65   0   3   1   0   0   1   0   0  14  0.76 inf
   10 V   -1  1 -1  0 -1  0  2 -2 -1 -2 -2  3  0 -3 -1  0  2 -2 -3  0    2   7   1   4   1   2  13   1   0   1   3  29   3   0   2   5  17   0   0   8  0.24 inf
   11 V   -2 -4 -5 -5 -3 -4 -4 -5 -5  2 -1 -4  1 -2 -4 -4 -2 -5 -3  6    1   0   0   0   0   0   0   0   0   6   0   0   3   1   0   0   0   0   0  89  1.29 inf
   12 E    1  1 -1 -2 -1 -1 -1 -2 -2  0 -1  1  0 -2 -2  1  3 -3 -2  1   12   9   0   1   1   1   3   1   1   3   4   9   1   0   0   7  32   0   0  13  0.20 inf
   13 N   -2 -2  7  0 -4 -1 -2 -2  0 -4 -4 -2 -3 -4 -3  2 -1 -4 -3 -4    1   0  78   0   0   0   0   0   2   0   1   0   0   0   0  15   0   0   0   0  1.27 inf
   14 H   -1  1  0 -1 -1 -1  0 -1 -1 -1 -1  2 -1 -2 -1  0  4 -3 -2  0    3   8   2   3   1   1   4   3   2   1   3  17   1   1   2   4  40   0   0   5  0.25 inf
   15 G    1 -3 -2 -2 -1 -2 -3  6 -3 -4 -4 -2 -3 -4 -3  0 -2 -3 -4 -4    8   0   0   0   1   1   0  79   0   0   1   1   0   0   0   5   0   0   0   0  1.17 inf
   16 D   -1 -3  0  7 -4 -2  0 -2 -2 -3 -4 -2 -3 -4 -1 -1  0 -5 -4 -2    4   0   1  74   0   0   2   1   0   0   1   0   0   0   3   2   8   0   0   2  1.08 inf
   17 R   -3  7 -2 -3 -4 -1 -2 -3 -2 -3 -3  1 -2 -4 -3 -2 -2 -4 -3 -1    1  83   0   0   0   0   0   0   0   0   1   4   0   0   0   0   0   0   0   7  1.28 inf
   18 P    0 -3 -1 -1 -3 -2 -2 -3 -3 -4 -4 -2 -3 -4  7  0 -1 -4 -4 -3   10   0   2   3   0   0   0   0   0   0   1   0   0   0  72   6   3   0   0   0  1.63 inf
   19 I   -1 -4 -4 -4 -2 -3 -4 -4 -4  5  1 -3  0 -1 -3 -2 -1 -3 -2  4    2   0   0   0   0   0   0   0   0  55   4   0   0   0   0   1   0   0   0  35  0.73 inf
   20 Q   -2 -1 -1 -2 -4  7  0 -3  2 -4 -3  0 -2 -4 -3  0 -2  1  0 -3    1   0   0   0   0  79   0   0   5   0   1   0   0   0   0   5   0   2   2   0  1.24 inf
   21 V   -1 -3 -3 -3 -2 -2 -2 -3 -3  3  0 -2  0 -1 -2 -2 -1 -3 -2  5    1   1   1   1   0   1   3   1   0  12   5   1   0   1   1   1   2   0   1  67  0.56 inf
   22 G   -1  0 -1 -2 -1 -2 -2  6 -2 -3 -3 -2 -3 -3 -2  0  0 -3 -3 -3    1   6   1   1   2   1   1  70   0   1   1   1   0   1   1   5   5   0   1   1  0.93 inf
   23 S    0 -2 -1 -1 -2 -1 -1 -1 -2 -3 -3 -1 -2 -3 -2  6  0 -3 -3 -2    5   1   1   1   0   1   1   1   0   1   1   1   0   1   1  81   1   0   1   1  0.91 inf
   24 H   -3 -2 -1 -1 -4  0 -1 -3 10 -4 -4 -2 -3 -3 -3 -2 -3 -3 -1 -4    1   1   1   3   0   4   3   1  78   1   1   1   0   1   1   1   1   0   0   1  1.93 inf
   25 Y   -2 -3 -3 -3  1 -3 -3 -3 -1 -1 -1 -3 -2  5 -3 -1 -1  0  6  0    2   1   1   1   4   1   1   1   0   2   4   1   0  25   1   4   3   0  41   7  0.78 inf
   26 H   -2 -2 -1 -3 -4 -1 -2 -3 10 -2 -4 -2 -3 -3  0 -1 -3 -3 -1 -4    3   1   1   1   0   1   1   1  74   2   1   1   0   1   5   3   1   0   0   1  1.74 inf
   27 F   -3 -3 -4 -4 -3 -3 -4 -4 -3 -1  1 -3  1  8 -4 -3 -3 -1  1 -1    1   1   1   1   0   1   1   1   0   1  10   1   3  72   1   1   1   0   0   4  1.26 inf
   28 A    1 -2 -2 -2 -2 -1 -1 -2  0  0 -1 -2  0  4  2  0  0 -1  3  0   12   1   1   1   0   1   4   2   3   8   3   1   1  22  11   5   5   0  14   4  0.24 inf
   29 E   -1 -1 -2  1 -4  2  6 -3 -2 -4 -3  0 -3 -4 -2 -1 -2 -3 -3 -3    5   1   1   5   0   6  69   1   0   1   1   4   0   1   1   1   1   0   0   1  0.98 inf
   30 V    2 -3 -2 -3  2 -2 -3 -3 -3  1 -2 -2 -2 -3 -3  0  4 -3 -3  3   18   1   1   1   4   1   1   1   0   5   1   1   0   1   1   5  28   0   0  30  0.48 inf
   31 N   -3 -3  8 -1 -4 -2 -2 -3 -2 -4 -4 -2 -4 -4 -3  2 -2 -4 -4 -4    1   1  74   1   0   1   1   1   0   1   1   1   0   1   1  12   1   0   0   1  1.66 inf
   32 P    0  1  0  0 -3  0  0 -1  0 -3 -2  2 -2 -1  4  0 -1 -3 -1 -3    7   9   3   5   0   3   7   4   3   1   3  19   0   3  22   4   3   0   3   1  0.35 inf
   33 A    3 -1 -2 -1  1  0 -1  0  0 -2 -1 -1  0  0 -2  0 -1 -2  3 -2   35   3   1   3   3   3   3   7   3   1   5   3   3   4   1   4   3   0  15   1  0.26 inf
   34 L   -3 -4 -5 -5 -3 -4 -4 -5 -4  0  6 -4  1 -2 -4 -4 -3 -4 -3  0    1   0   0   1   0   0   1   1   0   2  84   1   2   0   0   1   1   0   0   4  1.31 inf
   35 K    0  0 -1  2 -1  2  3 -2  1 -1 -2  1 -2 -2 -2  1  0 -3 -2 -1    7   5   1  12   1   8  23   2   4   3   4   8   0   1   0  10   3   0   0   6  0.23 inf
   36 F   -5 -5 -5 -5 -5 -5 -2 -5 -4 -2 -2 -5  0  9 -5 -5 -4 -2  0 -3    1   0   0   0   0   0   3   1   0   2   2   0   2  86   0   0   0   0   0   0  2.22 inf
   37 D   -3 -2  1  7 -5 -1  1 -4 -1 -5 -5 -2 -5 -5 -1 -2 -2 -6 -5 -5    2   1   5  72   0   2   7   0   1   0   1   2   0   0   3   2   2   0   0   0  1.48 inf
   38 R   -4  8 -3 -4 -6 -2 -3 -5  2 -5 -5 -1 -4 -5 -5 -4 -4 -5 -4 -5    0  91   0   0   0   0   0   0   4   0   1   0   0   0   0   0   0   0   0   0  2.22 inf
   39 Q    2  0 -1  1 -3  0  4 -2 -1 -2 -2  1 -1 -3 -1  0  0 -4 -3 -2   19   3   2   7   0   3  36   2   1   3   3   6   1   1   1   5   4   0   0   2  0.37 inf
   40 Q    3  1 -2 -2 -3  2  0 -1 -1 -1  0  2 -1 -2 -1  0 -1 -3 -3 -1   29   7   1   1   0  10   3   2   1   2  10  19   1   1   2   4   2   0   0   4  0.22 inf
   41 A    6 -4 -4 -4  0 -3 -4 -1 -4 -4 -4 -3 -4 -5 -4  0  3 -5 -4 -1   69   0   0   0   2   0   0   2   0   0   0   0   0   0   0   6  18   0   0   2  1.15 inf
   42 A   -3  3 -3 -3 -2  0 -2 -4  2 -1  0  1 -1  3 -4 -3 -2  4  5 -2    1  18   0   1   1   5   1   0   6   4   8   8   1  12   0   0   1   5  27   2  0.59 inf
   43 G   -3 -5  0 -4 -6 -5 -5  7 -5 -7 -7 -1 -6 -6 -5 -3 -5 -6 -6 -6    0   0   4   0   0   0   0  92   0   0   0   4   0   0   0   0   0   0   0   0  2.15 inf
   44 Y   -1  1 -2 -3  1  1 -2 -3  2 -2  0  2  4  1 -3 -2  0  3  4 -2    4   6   0   0   4   6   0   0   5   0   5  19  19   7   0   0   5   4  16   0  0.36 inf
   45 R   -3  6 -2 -3 -5 -1 -2 -4  6 -5 -5  3 -4 -5 -4 -3 -3 -5 -3 -5    0  60   0   0   0   0   0   0  23   0   0  17   0   0   0   0   0   0   0   0  1.44 inf
   46 L   -1 -4 -5 -5 -3 -4 -4 -5 -4  1  5 -4  0  0  0 -4 -3 -3 -2 -1    3   0   0   0   0   0   0   0   0   4  86   0   0   2   5   0   0   0   0   0  0.94 inf
   47 N    0 -3  4  6 -1 -2  0 -2  0 -5 -5 -1 -4 -5 -3 -1 -2 -5 -4 -4    7   0  26  60   1   0   1   0   2   0   0   1   0   0   0   1   0   0   0   0  1.10 inf
   48 I   -3 -1 -4 -4 -3 -2 -4 -5 -4  6  1 -2  0 -2 -4 -4 -2 -4 -3  2    0   5   0   0   0   2   0   0   0  70   9   2   0   0   0   0   0   0   0  13  0.85 inf
   49 P    2 -2 -3 -1 -3 -3 -2 -3 -4 -3 -2 -2 -2 -4  7 -1 -1 -5 -4 -2   23   2   0   2   0   0   0   0   0   1   3   1   1   0  62   1   2   0   0   2  1.36 inf
   50 A    5 -3 -2 -3 -2 -2 -2 -1 -3 -3 -3 -2 -2 -4  0  3 -1 -4 -3  0   69   0   0   0   0   0   0   0   0   0   0   0   0   0   3  23   0   0   0   5  0.80 inf
   51 G   -1 -4 -1 -3 -4 -3 -4  7 -4 -5 -5 -3 -4 -5 -4 -1 -1 -4 -5 -5    2   0   2   0   0   0   0  90   0   0   0   0   0   0   0   2   3   0   0   0  1.59 inf
   52 T    0 -2  0 -1 -1 -1 -1  0 -3 -2 -2 -2 -1 -3 -3  1  5  3 -3 -2    5   1   3   3   1   1   3   6   0   1   3   0   2   0   0   7  60   5   0   0  0.59 inf
   53 A    5 -3 -2 -3 -2 -2 -2  1 -3 -3 -3 -2  0 -1 -2  2  0 -4 -3 -2   64   0   0   0   0   0   0   7   0   0   0   0   2   3   0  19   5   0   0   0  0.67 inf
   54 V   -1 -1 -4 -4 -2 -2 -1 -4 -2  3  1 -2  0 -2 -4 -3 -1  0 -2  5    1   3   0   0   0   1   4   0   1  14   8   1   1   0   0   0   2   2   0  62  0.59 inf
   55 R   -2  8 -3 -4 -6 -1 -1 -5 -3 -5 -2  0 -3 -5 -4 -3 -3 -5 -4 -5    2  92   0   0   0   0   2   0   0   0   4   0   0   0   0   0   0   0   0   0  1.86 inf
   56 F   -4 -5 -5 -6 -5 -6 -6 -6 -4  1 -1 -5 -2  8 -6 -5 -4 -1  1 -2    0   0   0   0   0   0   0   0   0   7   3   0   0  88   0   0   0   0   0   2  1.99 inf
   57 E   -3 -2 -2  1 -6  0  7 -1 -2 -5 -5  0 -4 -5  0 -2 -3 -5 -4 -5    0   0   0   6   0   0  81   4   0   0   0   3   0   0   5   1   0   0   0   0  1.38 inf
   58 P   -1 -4 -4 -4 -5 -4 -3 -4 -5 -5 -5 -1 -5 -6  8 -3 -3 -6 -5 -5    6   0   0   0   0   0   0   0   0   0   0   3   0   0  91   0   0   0   0   0  2.58 inf
   59 G   -2 -4 -1 -1 -1 -1 -3  7 -1 -6 -6 -3 -5 -5 -4 -2 -3 -5 -5 -5    0   0   2   3   2   3   1  88   1   0   0   0   0   0   0   1   0   0   0   0  1.62 inf
   60 Q    0 -2 -1  3 -1  4  3 -1 -2 -1 -2 -1 -2 -4 -2  0 -1 -4 -3  0    7   0   0  19   2  25  22   3   0   5   1   0   1   0   1   6   1   0   0   8  0.41 inf
   61 K    0  0 -1 -1 -1  0  2 -2 -1 -2 -3  0 -2 -2  1  1  4 -2 -3 -1    9   3   0   1   1   2  21   1   1   1   0   5   0   2   6  10  33   0   0   2  0.34 inf
   62 R   -2  5 -2 -2 -3  1 -1 -2  0 -2 -2  4 -2 -4 -3 -2  0 -4 -1  0    1  34   0   2   1   3   1   2   2   1   1  36   1   0   0   0   5   0   1  10  0.60 inf
   63 E   -1  0 -1  1 -4  0  4 -3 -1 -2 -3  0 -2 -4 -2  1  3 -4 -3 -2    2   4   2   6   0   2  39   0   1   1   1   2   1   0   1   9  26   0   0   2  0.54 inf
   64 V   -2 -5 -5 -6 -3 -5 -5 -6 -6  1  0 -5  0 -3 -5 -4 -2 -5 -4  7    1   0   0   0   0   0   0   0   0   3   4   0   2   0   0   0   0   0   0  90  1.49 inf
   65 E   -1  1  1  1 -3  1  3 -1  0 -3 -3  0 -2 -3  1  1  2  1 -3 -2    2   8   7   5   0   6  24   5   2   1   0   2   0   0   6   8  19   3   0   2  0.28 inf
   66 L   -3 -4 -6 -6 -3 -4 -5 -6 -5  0  6 -5  1 -2 -5 -4 -3 -4 -3  1    1   0   0   0   0   0   0   0   0   1  88   0   1   0   0   0   0   0   0   8  1.28 inf
   67 V   -2 -3 -5 -5  1 -4 -5 -5 -5  3 -1 -4 -1 -3 -4 -4 -1 -5 -3  6    1   1   0   0   3   0   0   0   0  18   1   0   0   0   0   0   3   0   0  73  1.15 inf
   68 A    2 -2 -2  1 -4  0  2 -3 -3 -4 -4 -1 -4 -5  6  0 -1 -5 -4 -3   17   1   1   9   0   4  17   1   0   0   0   2   0   0  40   4   2   0   0   1  0.88 inf
   69 F   -3 -2 -4 -5 -3 -4 -4 -5 -3  4  2 -4  0  3 -4 -4 -1 -2  4  1    0   2   0   0   0   0   0   0   0  37  23   0   1  14   0   0   3   0  15   4  0.67 inf
   70 A    3  0 -2 -2 -3 -1 -2  5 -3 -4 -4 -2 -3 -4 -3  1 -1 -4 -4 -2   33   6   0   1   0   2   1  45   0   0   1   0   0   0   0   7   2   0   0   1  0.77 inf
   71 G   -2 -5 -3 -4 -5 -4 -5  7 -5 -6 -6 -4 -5 -6 -1 -3 -4 -5 -6 -6    0   0   0   0   0   0   0  96   0   0   0   0   0   0   4   0   0   0   0   0  2.11 inf
   72 H    1  1  1  2 -3  1  1 -1  1 -3 -1  1 -2 -3 -2  1  0 -4 -2 -2   18  10   8  12   0   5   6   3   4   0   6  12   0   0   0   8   7   0   1   0  0.19 inf
   73 R   -3  7 -2 -3 -3  2 -1 -1 -2 -5 -3  3 -3 -5 -4 -2 -3 -5 -4 -5    0  64   0   0   1  10   1   5   0   0   1  17   0   0   0   0   0   0   0   0  1.26 inf
   74 A   -1  3 -1 -2 -2  0  1 -3  0  2 -1  1 -1 -2 -3 -1  1 -4 -2  2    2  20   1   1   0   4  12   0   2  15   2   8   0   1   0   3   8   0   1  20  0.20 inf
   75 V    1 -4 -5 -5 -1 -4 -4 -4 -5  5  0 -4  0 -2 -4 -3 -2 -4 -3  5   11   0   0   0   1   0   0   0   0  34   5   0   1   1   0   1   0   0   0  46  0.85 inf
   76 F   -2  2 -3 -2 -4  0 -2 -4  3  1 -2 -1 -1  2  1 -2 -1  1  5 -1    2  12   0   2   0   3   1   0  10   9   2   2   1  11   9   2   3   2  27   4  0.43 inf
   77 G   -3 -5 -3 -4 -1 -5 -5  7 -5 -7 -7 -4 -6 -6 -5 -2 -4 -5 -6 -6    0   0   0   0   1   0   0  98   0   0   0   0   0   0   0   1   0   0   0   0  2.23 inf
   78 F   -3 -5 -4 -5 -2 -3 -5  2 -2 -1  2 -5  0  7 -5 -4 -4 -2  0 -2    0   0   0   0   1   2   0  18   1   2  20   0   2  54   0   0   0   0   0   1  1.05 inf
   79 R    1  3  6 -1 -2  1 -2 -2  2 -5 -5 -1 -4 -5 -4  1 -1 -5 -4 -4   12  20  44   0   1   5   0   2   4   0   0   1   0   0   0  11   1   0   0   0  0.79 inf
   80 G    0 -2  2 -1 -3  0 -3  5 -2 -5 -3 -1 -4 -2 -2 -1 -3  0 -4 -4    7   2  12   3   1   5   0  58   1   0   3   2   0   2   1   3   0   1   0   0  0.85 inf
   81 E   -1 -1 -3  0 -3 -1  1 -4 -3  0  4  1  1 -1 -4 -2 -2 -3 -3 -1    6   3   1   5   0   3   9   0   0   4  51  10   3   2   0   0   0   0   0   1  0.37 inf
   82 V    1 -4 -3 -4  0 -3 -3 -4 -3  2 -1 -3 -1 -3 -1 -1  2 -2 -2  5   13   0   0   0   2   0   1   0   0  10   3   0   0   0   3   2  17   1   0  47  0.58 inf
   83 M   -1 -2  4  3 -3  0  1 -1 -2 -3 -3 -1  5 -4  0  0 -1 -5 -4 -3    5   1  25  22   0   3   7   4   0   0   0   2  19   0   4   5   2   0   0   0  0.55 inf
   84 G   -2 -5 -3 -4 -3 -4 -4  7 -5 -7 -7 -4 -6 -6 -5 -3 -4 -5 -6 -6    1   0   0   0   1   0   1  97   0   0   0   0   0   0   0   0   0   0   0   0  2.20 inf
   85 P    1  0 -1  1 -4  0  0 -3 -3 -4 -4  3 -3 -3  5  1 -1  0 -2 -3   12   4   1   8   0   2   3   0   0   0   0  19   0   1  31  12   1   2   1   0  0.63 inf
   86 L   -3 -4 -5 -6 -3 -4 -5 -6 -5  1  5 -4  0 -2 -5 -4 -3 -4 -3  3    0   0   0   0   0   0   0   0   0   6  73   0   1   0   0   0   0   0   0  21  1.10 inf

                      K         Lambda
Standard Ungapped    0.1398     0.3233
Standard Gapped      0.0607     0.2670
PSI Ungapped         0.1987     0.3124
PSI Gapped           0.0607     0.2670
