
Last position-specific scoring matrix computed, weighted observed percentages rounded down, information per position, and relative weight of gapless real matches to pseudocounts
           A  R  N  D  C  Q  E  G  H  I  L  K  M  F  P  S  T  W  Y  V   A   R   N   D   C   Q   E   G   H   I   L   K   M   F   P   S   T   W   Y   V
    1 E   -2 -1  0  4 -4  2  5 -2 -1 -4 -4  0 -3 -4 -2 -1 -1 -4 -3 -3    0   0   0  24   0  10  62   0   0   0   0   0   0   0   0   0   0   0   0   0  0.77 inf
    2 S   -1  4  0  3 -3  0  0 -2 -1 -2 -3  1 -2 -3 -2  1 -1 -3  0 -3    4  43   0  24   0   0   0   0   0   3   0   8   0   0   0  12   0   0   5   0  0.44 inf
    3 T   -2 -2 -1  4 -4  0  5 -3 -2 -3 -2  0  0 -4  1  0  0 -4 -3 -3    0   0   0  25   0   0  49   0   0   0   3   2   3   0   5   8   5   0   0   0  0.65 inf
    4 R    0  4 -1 -1 -3  2  0 -3  2 -3  0  2 -1 -3 -1 -1 -1 -3 -2 -2   10  35   0   3   0  12   3   0   7   0  10  15   0   0   2   0   3   0   0   0  0.37 inf
    5 C   -2 -5 -5 -6 11 -5 -6 -5 -5 -3 -1 -3 -3 -4 -5 -3 -3 -4 -4 -3    0   0   0   0  93   0   0   0   0   0   5   2   0   0   0   0   0   0   0   0  2.68 inf
    6 D   -1 -2  0  3  3 -2 -1 -2 -2 -3 -2 -2 -3 -4 -2  5  1 -4 -3 -3    0   0   1  16   7   0   0   0   0   0   4   0   0   0   0  68   4   0   0   0  0.74 inf
    7 P   -1  2 -1  1 -2 -1 -1  0 -2 -2 -1  1 -2 -3  4  1 -1 -3 -2 -2    4  19   1   8   0   1   1   7   0   1   7   6   0   1  27  11   3   0   1   1  0.40 inf
    8 D   -1  0  2  3 -2  0  2  0  3 -2 -2  0 -2 -2 -2  0  1 -3 -1 -2    4   3  12  20   0   1  15   5  11   1   3   3   0   1   1   7  10   0   1   1  0.26 inf
    9 L   -1 -3 -3 -3  0 -2 -3 -3 -3  1  2 -3  0  0  2 -1 -1  4 -1  2    3   0   0   0   2   0   0   1   0   3  33   0   0   3  12   5   2   7   0  26  0.32 inf
   10 V    0  0 -1 -2 -3 -1 -1 -1  5 -2 -2  3 -2 -3 -2  2  0 -3 -1  1    8   2   0   0   0   0   0   2  21   0   0  25   0   0   0  18   4   0   0  17  0.33 inf
   11 L   -3 -4 -5 -5 -3 -4 -4 -5 -4  2  4 -4  1  4 -4 -4 -2 -2 -1  1    0   0   0   0   0   0   0   0   0  15  53   0   1  22   0   0   0   0   0   9  0.72 inf
   12 S   -3 -3  2  7 -5 -1  0 -3 -3 -5 -5 -2 -4 -5 -3  1 -1 -6 -5 -5    0   0   9  76   0   2   0   0   0   0   0   0   0   0   0  11   2   0   0   0  1.39 inf
   13 A    6 -3 -3 -4 -2 -3 -3 -2 -3 -3 -3 -3 -3 -4 -3 -1  1 -4  0 -2   86   0   0   0   0   0   0   0   0   0   0   0   0   0   0   0  11   0   3   0  1.08 inf
   14 M    0 -4 -4 -4 -2 -3 -4 -2 -4  5  1 -3  1  0 -4 -3 -1 -4 -2  3    6   0   0   0   0   0   0   3   0  48  12   0   3   2   0   0   3   0   0  22  0.56 inf
   15 V   -1 -3 -2 -3 -3 -3 -3 -3 -3 -1  0 -3 -2  2 -1  0  5 -3 -2  0    3   0   0   0   0   0   0   0   0   3   9   0   0  13   3   3  62   0   0   5  0.69 inf
   16 S   -1  0  2  0 -2  0  0 -2 -2 -1 -2 -1  0 -3 -2  4  3 -4 -3 -2    1   4  14   3   0   3   3   0   0   3   3   0   3   0   0  39  22   0   0   1  0.41 inf
   17 D   -2 -2  0  6 -3 -1  0 -1 -2 -3 -2 -2 -3 -3 -2  1  1 -3 -3 -3    1   1   1  58   0   1   1   4   0   1   5   1   0   1   1  14   9   0   1   1  0.73 inf
   18 N    1  0  2  3 -3 -1  0 -2  2 -1  0  0 -2 -3 -2  0 -1 -4 -2 -2   21   3  14  25   0   0   5   0   6   3  13   6   0   0   1   3   0   0   0   0  0.26 inf
   19 H    1  3  1  2 -3  0  0  1  3 -3 -3  0 -2 -3 -2  0  0 -4 -2 -3   16  21   8  16   0   3   3  10  11   0   0   3   0   0   1   4   4   0   0   0  0.31 inf
   20 G   -2 -4 -2 -3 -4 -3 -1  7  0 -6 -6 -3 -5 -5 -4 -1 -3 -4 -5 -5    0   0   0   0   0   0   5  91   3   0   0   0   0   0   0   2   0   0   0   0  1.66 inf
   21 A    1  2  3  1 -3  1  2 -2  1 -3 -3  2 -2 -3 -2  1  0 -4 -1 -3   12  10  16   7   0   3  16   0   4   0   0  14   0   0   0  10   6   0   2   0  0.31 inf
   22 T   -2 -1 -2 -3 -2 -1 -3 -3 -3  2  0 -2  5 -2 -3  0  4 -4 -3  0    0   3   0   0   0   2   0   0   0  14   6   1  21   0   0   6  43   0   0   4  0.53 inf
   23 Y   -4 -4 -4 -5 -4 -4 -4 -5 -1 -2  1 -4  2  3 -5 -4 -3  0  8 -3    0   0   0   0   0   0   0   0   0   0  11   0   6  12   0   0   0   0  71   0  1.57 inf
   24 V    4 -3 -3 -3 -2 -3 -3 -1 -3  0 -1 -3  0  4 -3 -1 -2 -3 -1  1   57   0   0   0   0   0   0   1   0   4   3   0   2  22   0   0   0   0   0   9  0.56 inf
   25 F   -4 -5 -5 -6 -5 -5 -5 -5 -3 -2 -1 -5 -2  9 -6 -5 -4 -1  1 -3    0   0   0   0   0   0   0   0   0   0   3   0   0  97   0   0   0   0   0   0  2.17 inf
   26 S    1  4 -1 -2 -4  0 -1 -3  0 -2 -3  4 -2 -4 -3  0 -1 -4 -3 -2   11  32   1   0   0   0   0   0   2   2   0  41   0   0   0   8   1   0   0   3  0.65 inf
   27 G   -2 -4  0  2 -4 -3 -1  6 -3 -5 -5 -3 -4 -5 -4 -2 -3 -5 -5 -5    0   0   3  15   0   0   3  79   0   0   0   0   0   0   0   0   0   0   0   0  1.39 inf
   28 S   -1  2  0  2 -4  0  2  0  4 -3 -3  0 -3 -2  1  1 -1 -4 -1 -3    2  14   3  17   0   0  15   5  16   2   0   3   0   1   5  12   3   0   1   0  0.33 inf
   29 H   -3 -1 -1 -3 -4 -2 -2 -4  7  0 -1  0  0  4 -4 -2 -3 -1  4 -3    0   3   3   0   0   0   0   0  36   5   2   6   3  20   0   2   0   0  19   0  0.80 inf
   30 Y   -3 -4 -4 -5 -4 -4 -4 -5  0 -2 -1 -4 -2  6 -5 -2 -3  0  7  0    0   0   0   0   0   0   0   0   1   0   2   0   0  41   0   2   0   0  44   9  1.30 inf
   31 W   -4 -4 -5 -5 -4 -3 -4 -4 -3  0  0 -4  2  1 -5 -4 -3 11  3 -2    0   0   0   0   0   0   0   0   0   7   9   0   7   3   0   0   0  58  12   2  1.97 inf
   32 R   -2  6 -2 -1 -4  0  1 -3 -2 -4 -2  2 -2 -2 -3 -1 -2 -4 -3 -3    0  63   0   3   0   0   9   0   0   0   4  14   0   1   0   3   0   0   0   0  0.91 inf
   33 L   -2  0 -3 -4 -3 -1 -2 -2 -3  2  4  1  0 -1 -3 -3 -2 -3 -2  0    0   5   0   0   0   2   1   3   0   9  59  14   0   0   0   0   0   0   0   5  0.44 inf
   34 D   -2 -2  0  5 -3 -1  0  0  3 -3 -3 -2 -3 -3 -2  1  1 -3  0 -3    1   1   3  46   0   0   4   6   9   1   1   1   0   0   1  13  10   0   4   1  0.57 inf
   35 T    0 -2 -1 -1 -2 -1  2  0 -2 -1 -1  0 -2 -3  2  2  3 -3 -2 -1    4   1   1   1   0   0  15   5   0   6   4   4   0   0  10  22  27   0   0   1  0.29 inf
   36 N    0  1  1 -1 -2  2  0  1  2 -1 -2  0 -1 -2 -2  1  1  1  0 -1    4   8   5   1   0  12   3  13   8   5   2   5   0   0   0  13  12   3   3   3  0.13 inf
   37 R   -1  3  2  1 -3  0  0  1 -1 -3 -3  0 -2 -2 -1  1  0 -4 -2 -1    1  28  16   9   0   4   4  11   0   0   0   1   0   2   2  11   6   0   0   5  0.29 inf
   38 D    0 -1 -1  6 -4 -2  0 -1  0 -4 -4 -2 -4 -5  2  1 -2 -5 -4 -2    7   3   0  60   0   0   1   3   3   0   0   0   0   0   8  10   0   0   0   4  0.84 inf
   39 G   -1 -1 -1  0 -3  0  0  4 -2 -2 -3  2 -3 -4  0  0  1 -4 -3 -2    0   0   1   4   0   3   6  45   0   2   0  16   0   0   4   4  12   0   0   2  0.48 inf
   40 W    0 -3 -3 -3 -2 -2 -3  0 -2  1  1 -2  1  1  1 -2 -2  7  2 -1    8   0   0   0   0   0   0   8   0  10  17   1   4   6   8   2   0  20  10   3  0.43 inf
   41 H   -1  0 -1  0 -3  1  1 -1  7 -3 -3  0 -2 -2 -2 -1  0 -2  2 -3    5   4   1   4   0   6   9   4  42   1   2   3   0   1   1   1   7   0   9   1  0.63 inf
   42 S    2  0 -2 -2 -2  1 -1  1  0 -3 -2 -1 -2  0  4  1 -1 -3 -2 -2   26   5   0   0   0   8   0   9   3   0   4   0   0   6  22  15   0   0   0   1  0.37 inf
   43 W   -2  1  1  2 -3 -1  0  0 -2 -3 -2  1 -1  3 -3  0 -2  6  1 -3    0   7   7  16   0   1   3   6   0   0   0  14   2  16   0   5   0  15   5   0  0.39 inf
   44 P   -1  1 -1 -3 -3 -2 -2 -3 -1 -1  2  1  1 -2  4 -1  2 -3 -2 -1    2   7   1   0   0   0   0   0   2   0  24  10   3   0  27   0  20   0   1   2  0.43 inf
   45 I   -3 -5 -5 -5 -3 -2 -5 -5 -5  7  0 -4 -1 -2 -4 -4 -1 -4 -3  2    0   0   0   0   0   2   0   0   0  85   1   0   0   0   0   0   4   0   0   7  1.22 inf
   46 A    1  0  0  0 -2  0  2 -2 -2 -3 -3  1 -2 -4 -2  3  1 -4 -3 -1   13   3   2   4   0   3  15   0   0   0   0   9   0   0   0  39   8   0   0   4  0.37 inf
   47 H   -1  2  1  1 -3 -1  1 -2  5 -4 -3  1 -3 -3 -2  2  1 -4 -2 -3    3  12   7   8   0   0   7   1  19   0   0   7   0   0   0  24  11   0   0   0  0.39 inf
   48 Q    1  0 -1 -1 -2  1 -1  1  0 -1 -1  1 -1  2 -2  1  0 -2  0 -1   15   6   0   3   0  11   2  10   3   2   6   9   0  14   0  10   5   0   2   2  0.09 inf
   49 W   -5 -5 -6 -7 -5 -5 -6 -5 -5 -5 -4 -6 -4  4 -6 -5 -5 12  0 -5    0   0   0   0   0   0   0   0   0   0   0   0   0  17   0   0   0  83   0   0  3.45 inf
   50 P   -1  0 -3 -3 -4 -2 -2 -2 -3 -4 -4  4 -3 -5  6 -1 -2 -5 -4 -4    4   2   0   0   0   0   0   2   0   0   0  34   0   0  52   4   0   0   0   0  1.30 inf
   51 Q   -2 -2  1  0 -4  2  4  4 -1 -5 -4  0 -3 -4  0  0 -2 -4 -3 -4    0   0   6   3   0  10  35  32   1   0   0   4   0   0   3   5   0   0   0   0  0.60 inf
   52 G   -1 -3 -4 -4 -3 -3 -4  1 -4  1  4 -3  0  0 -1 -3 -2 -3 -2  1    3   0   0   0   0   0   0  11   0   7  63   0   0   3   3   0   0   0   0   9  0.53 inf
   53 P   -2 -2 -1 -1 -4  0 -2 -3  4 -1 -3  0 -3 -4  7  0 -1 -4 -3 -1    0   0   1   3   0   4   0   0  15   3   0   5   0   0  53   6   4   0   0   5  1.12 inf
   54 S    0 -1  1  1 -3 -2 -1  4 -2 -4 -4 -2 -3 -4 -3  3  0 -4 -3 -3    6   3   7   9   0   0   3  35   0   0   0   0   0   0   0  34   3   0   0   0  0.56 inf
   55 T   -1  0  4  1 -3 -1  1  1  3 -4 -4 -1 -3 -3  1  1  0 -4  0 -3    5   5  27   8   0   0  13   9   9   0   0   1   0   0   7   7   7   0   3   0  0.35 inf
   56 V   -2 -4 -5 -5 -2 -4 -4 -5 -5  4  1 -4  1  0 -4 -3 -2 -4 -2  5    0   0   0   0   0   0   0   0   0  31   7   0   3   2   0   0   0   0   0  57  0.86 inf
   57 D   -4 -4  1  8 -6 -2  0 -3 -3 -5 -6 -3 -5 -6 -4 -2 -3 -7 -5 -5    0   0   3  97   0   0   0   0   0   0   0   0   0   0   0   0   0   0   0   0  2.03 inf
   58 A    6 -3 -3 -4 -2 -3 -3  0 -4 -3 -3 -3 -3 -4 -3  0 -2 -4 -4 -1   92   0   0   0   0   0   0   3   0   0   0   0   0   0   0   2   0   0   0   3  1.20 inf
   59 A    5 -3 -3 -4 -2 -3 -3 -2 -4 -1 -2 -3 -2 -4 -3 -1 -1 -4 -3  3   76   0   0   0   0   0   0   0   0   0   0   0   0   0   0   0   2   0   0  22  0.93 inf
   60 F   -3 -4 -4 -5 -4 -4 -4 -5 -2 -2  0 -4 -2  8 -5 -4 -3 -1  4  0    0   0   0   0   0   0   0   0   0   0   4   0   0  71   0   0   0   0  15   7  1.41 inf
   61 S    0  0 -1 -1 -2 -1  2 -2 -2 -3 -2 -1 -2 -1 -2  4  3 -3 -1 -2    5   6   0   0   0   0  17   0   0   0   2   0   0   2   0  37  26   0   2   0  0.45 inf
   62 W   -3 -1 -1 -4 -4  1 -3 -4  3 -2 -3 -3 -3  1 -4 -1 -3  8  7 -3    0   2   3   0   0   6   0   0   8   3   0   0   0   2   0   6   0  22  47   0  1.23 inf
   63 E   -1  0  3  3 -3  1  2  1 -1 -4 -4  1 -3 -4  0  0  0 -4 -3 -3    1   3  19  23   0   8  14  10   0   0   0   7   0   0   4   2   8   0   0   0  0.40 inf
   64 D   -2 -2  4  5 -4 -1  1  2 -2 -4 -4  0 -3 -4 -3  0 -2 -4 -4 -4    0   0  23  38   0   0   8  16   0   0   0   7   0   0   0   6   0   0   0   0  0.67 inf
   65 K   -2  3  1 -2 -4  0 -1 -3  5 -4 -4  5 -3 -4 -3 -1  0 -4 -2 -4    0  13   5   0   0   0   0   0  21   0   0  49   0   0   0   3   6   0   0   0  0.77 inf
   66 L   -1 -3 -3 -3 -2 -2 -3 -3 -3  2  2 -3  3 -1 -3 -1  3 -3 -2  3    0   0   0   0   0   0   0   0   0  10  26   0   9   2   0   3  23   0   0  26  0.37 inf
   67 Y   -3 -3 -4 -4 -4 -3 -4 -4  2 -1 -2 -3 -2  4 -4 -3 -3  0  8 -3    0   0   0   0   0   0   0   0   4   3   0   0   0  16   0   0   0   0  73   0  1.56 inf
   68 L   -2 -1 -4 -4 -3 -3 -3 -4 -3  2  3 -3  4  5 -4 -3 -2 -2  0  0    0   4   0   0   0   0   0   0   0  13  34   0  17  29   0   0   0   0   0   0  0.57 inf
   69 I   -3 -1 -4 -4 -3 -4 -4 -4 -3  5  1 -3  0  5 -4 -3 -2 -2  0  1    0   4   0   0   0   0   0   0   0  46   7   0   0  37   0   0   0   0   0   4  0.72 inf
   70 Q   -2  1 -1 -2 -4  5  1 -3 -2 -4 -4  5 -2 -4 -2 -1 -2 -4 -3 -3    2   3   0   0   0  30   5   0   0   0   0  57   0   0   0   0   0   0   0   0  0.91 inf
   71 D   -2  0  0  4 -4 -2 -1  5 -3 -4 -4 -2 -4 -4 -3 -1 -2 -4 -4 -4    0   5   1  29   0   0   1  60   0   0   0   0   0   0   0   0   0   0   0   0  0.99 inf
   72 T   -1  0  2  4 -3 -1  0 -1  0 -3 -4  0 -3 -4 -2  2  2 -4 -3 -3    0   5  11  32   0   0   3   3   3   0   0   3   0   0   0  18  21   0   0   0  0.49 inf
   73 K   -2  1  0 -1 -4  6  1 -3  1 -4 -2  4 -2 -4 -3 -2 -2 -4 -3 -3    0   6   4   1   0  48   3   0   4   0   4  30   0   0   0   0   0   0   0   0  0.80 inf
   74 V   -2 -3 -3 -4 -2 -3 -3 -4 -2  2  1 -3  0  0 -3 -2  0 -2  4  4    1   0   0   0   0   0   0   0   0  12  11   0   0   0   0   0   4   0  19  50  0.53 inf
   75 Y   -4 -4 -4 -5 -4 -3 -4 -4  1 -3 -3 -4 -3  3 -5 -2 -3 10  6 -3    0   0   0   0   0   0   0   0   2   0   0   0   0  12   0   2   0  42  39   0  1.87 inf
   76 V    0  3 -3 -3 -2 -2 -2 -3 -3  3  0 -1  0  0 -3 -2 -1  2 -2  3    8  24   0   0   0   0   0   0   0  28   4   2   0   4   0   0   0   3   0  24  0.31 inf
   77 F   -3 -4 -4 -5 -4 -4 -4 -2 -1 -1 -1 -4 -2  6 -5 -3 -3  0  7 -2    0   0   0   0   0   0   0   4   0   3   3   0   0  38   0   0   0   0  51   0  1.30 inf
   78 L   -1  2  0 -2 -2  1 -1 -2 -1 -1  1  3  0 -2 -2 -1  0  2  0 -1    1  13   5   1   0   4   1   2   0   1  19  30   1   0   1   3   7   3   3   4  0.18 inf
   79 T    1  0  1  0 -2 -1 -1  2 -2 -1 -1 -1 -1 -2 -1  1  2 -2 -2  0   12   4   8   4   0   1   1  22   0   4   2   1   0   1   1   6  18   0   1  12  0.15 inf
   80 K    1  2 -1  0 -2  0  0  3 -1 -2 -1  2 -1 -2 -1  0  0 -2 -2 -1   10  12   1   4   0   2   3  25   0   1   4  18   1   1   1   6   5   0   1   5  0.19 inf
   81 G    1 -1 -1  0 -2  1  1  2 -1 -2 -1  1 -1 -2  0  0  0 -2 -2 -1   18   1   1   6   0   6  13  15   0   1   5  12   0   1   4   7   6   0   1   4  0.15 inf
   82 G    0 -2 -1  0 -3 -2 -2  4  4 -3 -3 -1 -3 -3  3  0 -2 -3 -2 -3    5   1   1   4   0   1   1  45  13   1   1   3   0   1  17   6   1   0   0   1  0.61 inf
   83 Y   -2  0  1 -1 -3 -1 -1 -3  5 -2 -2 -2 -2  2 -3 -1 -1  3  5 -2    1   5   7   3   0   1   4   1  23   1   1   1   0   8   1   3   4   3  31   1  0.56 inf
   84 T   -1  2  0  2 -2  1  0 -2 -2 -2 -2  0 -2 -3 -1  0  4 -3 -2 -1    2  12   4  12   0   6   4   1   0   1   1   3   0   0   2   1  47   0   0   3  0.40 inf
   85 L   -2 -2 -2 -3 -2 -1 -1 -3  3  2  3 -1  1  0 -3 -2 -2 -2 -1  1    1   1   1   1   0   2   4   1  13  12  47   4   2   4   1   1   1   0   0   7  0.30 inf
   86 V   -1 -1 -2  1 -2 -1  1 -3 -3  2  2 -2  2 -1 -3 -1 -1 -3 -2  2    0   3   0   8   0   0  13   0   0  12  24   0   7   0   0   4   0   0   0  27  0.22 inf
   87 N    1 -1  0  3 -3  0  3 -2 -2 -4 -4  0 -3 -4  2  1 -1 -4 -3 -3   13   2   1  24   0   0  28   1   0   0   0   5   0   0   9  15   0   0   0   0  0.48 inf
   88 G   -2 -4 -1  0 -4 -3 -3  7 -4 -6 -5 -3 -4 -5 -4 -2 -3 -4 -5 -5    0   0   1   6   0   0   0  93   0   0   0   0   0   0   0   0   0   0   0   0  1.65 inf
   89 Y   -4 -4 -4 -5 -5 -4 -4 -5  0 -3 -3 -4 -3  2 -5 -3 -4  0  9 -3    0   0   0   0   0   0   0   0   0   0   0   0   0   3   0   2   0   0  95   0  2.24 inf
   90 P   -3 -4 -4 -4 -5 -3 -3 -4 -4 -5 -5 -3 -5 -6  9 -3 -3 -6 -5 -5    0   0   0   0   0   0   0   0   0   0   0   0   0   0 100   0   0   0   0   0  2.83 inf
   91 K   -1  3 -2 -2 -5  1 -1 -3 -2 -4 -4  6 -3 -5 -3 -2 -2 -5 -3 -4    3  14   0   0   0   6   0   0   0   0   0  78   0   0   0   0   0   0   0   0  1.16 inf
   92 R    0  2  0 -1  0  0  1 -2 -2 -3 -1  1 -2 -3  4  1  1 -4 -2 -2    4  14   3   3   3   3   8   0   0   0   6   6   0   0  26  16   8   0   1   0  0.41 inf
   93 L   -2 -4 -4 -4 -2 -3 -4 -5 -4  4  4 -4  1 -1 -4 -3 -1 -3 -2  2    0   0   0   0   0   0   0   0   0  39  44   0   3   0   0   0   3   0   0  12  0.67 inf
   94 E   -1  0  0 -1 -3  2  2 -2  1 -3 -3  3 -2 -4 -2  3 -1 -4 -2 -2    0   0   2   0   0   9  18   0   4   0   0  29   0   0   0  32   0   0   0   3  0.46 inf
   95 K    0  1  0  2 -3  1  4 -2 -1 -3 -3  3 -2 -3 -2  0 -1 -3 -3 -3    6   6   4  10   0   3  39   1   0   0   1  20   0   0   0   8   1   0   0   1  0.47 inf
   96 E    0 -1 -1  1 -3  0  4  2 -1 -2 -3 -1 -2 -1 -2  0  1  1 -2 -1    4   1   1   4   0   1  45  16   0   1   1   1   0   3   1   4   9   2   0   6  0.37 inf
   97 L   -2 -1 -4 -4 -3 -3 -4 -4 -3  1  4 -3  1  4 -4 -3 -2 -2  0  1    0   5   0   0   0   0   0   0   0   5  53   0   1  26   0   0   0   0   0   7  0.59 inf
   98 G   -2 -4 -1 -3 -4 -4 -4  7 -4 -6 -6 -3 -5 -5 -4 -2 -3 -4 -5 -5    0   0   2   0   0   0   0  98   0   0   0   0   0   0   0   0   0   0   0   0  1.85 inf
   99 S   -2 -3 -2 -3 -2 -3 -3 -4 -3  4  2 -3  0  1 -3  0 -1 -3 -2  2    0   0   2   0   0   0   0   0   0  37  25   0   0   7   0  12   2   0   0  14  0.40 inf
  100 P   -3 -3 -3  0 -5  0  2 -4 -3 -5 -5 -2 -4 -5  7 -2 -3 -5 -4 -4    0   0   0   5   0   3  19   0   0   0   0   1   0   0  72   0   0   0   0   0  1.80 inf
  101 P    0  0  0  0 -2 -1  0  3  2 -2 -2 -1 -2 -2  1  1 -1 -2 -1 -2    5   4   4   3   1   1   5  34   9   2   3   2   1   1   6  15   2   0   1   2  0.28 inf
  102 V    0 -1  1  0 -1 -1 -1  2 -1 -1 -1  0 -1 -2  4  0  0 -2 -1 -1    5   2   9   6   1   2   3  17   1   4   4   5   1   2  20   6   8   1   1   4  0.23 inf
  103 I   -1  1 -1 -1 -1  0 -1 -1 -1  2  0  0  0 -1  1 -1  0 -1 -1  1    4   9   2   3   1   2   3   4   1  22   8   9   1   2   8   4   3   1   2  12  0.05 inf
  104 S    0  0  0  1  0  0  1  0  0 -1 -1  0 -1 -1  0  1  1 -1  0 -1    7   3   3   7   3   3   8   5   1   5   6   4   1   2   3  19  11   1   3   4  0.06 inf
  105 L    0 -1 -1 -1 -1  0  0 -1 -1  0  1  0  0  0  0  0  0 -1  0  1    9   4   3   4   1   3   4   5   2   4  22   4   2   3   4   5   4   1   2  15  0.01 inf
  106 E   -1  1  0  3 -2  1  1 -1  0 -1 -1  1 -1 -2 -1  0  0 -2 -1 -1    4   8   3  23   1   6   8   3   3   2   4  12   1   2   2   5   5   1   1   6  0.15 inf
  107 A    0  0  1  0 -2  0  0 -1  3 -2 -1  2 -1 -2 -1  1  1 -2 -1 -2    7   2  10   3   1   3   3   2  13   1   6  21   1   1   1  10  12   0   1   2  0.17 inf
  108 V   -1 -3 -4 -4 -2 -3 -3 -4 -4  4  1 -3  0 -1 -3 -3 -1 -3 -2  4    3   0   0   0   0   0   0   0   0  32  11   0   0   0   0   0   0   0   0  50  0.64 inf
  109 D   -3 -3  0  7 -5 -2  0 -3 -3 -5 -5 -2 -5 -5 -3  0 -3 -6 -5 -5    0   0   0  93   0   0   0   0   0   0   0   0   0   0   0   5   0   0   0   0  1.73 inf
  110 A    6 -3 -3 -3 -2 -2 -2 -1 -3 -3 -3 -2 -2 -4 -2  0  0 -4 -3 -2   93   0   0   0   0   0   0   0   0   0   0   0   0   0   0   0   4   0   0   0  1.12 inf
  111 A    6 -3 -3 -3 -2 -2 -2 -1 -3 -2 -3 -2 -2 -4 -2  0  0 -4 -3  0   89   0   0   0   0   0   0   0   0   0   0   0   0   0   0   0   3   0   0   5  1.01 inf
  112 F   -3 -4 -4 -4 -3 -4 -4 -4 -3  0  1 -4  2  7 -4 -3 -2 -1  1  1    0   0   0   0   0   0   0   0   0   3  14   0   5  60   0   0   2   0   0  14  0.89 inf
  113 V   -1 -2 -2 -3 -2  0  0 -3  2  1  0 -2  0 -1 -3  0  1 -2  2  4    0   0   0   0   0   3   6   0   8   7   4   0   1   0   0   7   9   0   9  45  0.28 inf
  114 C   -3 -4 -3  1  8 -4 -4 -4 -4 -3 -2 -4 -3  0 -4 -3 -1  8 -1 -1    0   0   0  10  47   0   0   0   0   0   3   0   0   5   0   0   3  25   0   4  1.46 inf
  115 P   -1 -1 -1 -1 -3  2  2  1  0 -4 -3  0 -3 -4  4  1 -1 -4 -3 -3    2   0   0   1   0   9  19  14   3   0   0   6   0   0  28  13   2   0   0   0  0.54 inf
  116 G   -2  0  0  4 -4 -1  0  4  2 -4 -4 -1 -3 -4 -3  0 -2 -4 -3 -4    0   7   3  27   0   2   2  44   7   0   0   3   0   0   0   3   1   0   0   0  0.66 inf
  117 S   -1 -1  4  0 -3  1  1 -1  4 -4 -4 -1 -3 -3 -2  2  2 -4 -2 -3    3   1  25   2   0   6  10   3  13   0   0   0   0   0   0  23  13   0   0   0  0.44 inf
  118 S   -1  1  0 -2 -3 -1 -1  4  5 -4 -4  0 -3 -4 -3  2 -2 -4 -2 -4    2   7   3   0   0   0   3  39  21   0   0   6   0   0   0  19   0   0   0   0  0.60 inf
  119 R   -2  2 -2 -1 -3  1  0 -2 -2  2 -1  4 -1 -3 -3 -1  0 -4 -3 -1    0  13   0   4   0   6   2   3   0  18   4  43   0   0   0   0   6   0   0   1  0.37 inf
  120 L    1 -3 -3 -3 -2 -2 -3 -3 -3  2  2 -2  1 -2 -3 -1  3 -3 -2  2   16   0   0   0   0   0   0   0   0  11  31   0   2   0   0   0  24   0   0  17  0.33 inf
  121 H   -1 -3 -3 -4 -4 -2 -3 -4  7 -2  1 -3 -2  1 -4 -3 -3 -1  7 -3    5   0   0   0   0   0   0   0  31   0  15   0   0   2   0   0   0   0  47   0  1.12 inf
  122 I   -1 -4 -4 -5 -3 -4 -4 -4 -3  4  1 -4  0  5 -4 -3 -2 -2  0  2    4   0   0   0   0   0   0   0   0  30   8   0   0  41   0   0   0   0   0  17  0.70 inf
  123 M   -2 -1 -4 -4 -3 -3 -4 -4 -3  3  0 -3  3  5 -4 -2  0 -1  2  0    0   3   0   0   0   0   0   0   0  30   0   0  10  39   0   3   6   0   6   2  0.59 inf
  124 A    0  0 -1 -2 -3  3  0 -3 -2 -1 -2  4 -2 -3 -2  1 -1 -4 -3  1    8   0   0   0   0  15   1   0   0   4   0  45   0   0   0  11   2   0   0  14  0.42 inf
  125 G   -1 -3 -2  1 -4 -3 -1  6 -3 -5 -5 -1 -4 -5 -4 -2 -3 -4 -5 -5    1   0   0   8   0   0   3  84   0   0   0   4   0   0   0   0   0   0   0   0  1.38 inf
  126 R   -1  3  3  3 -4  3  1 -1 -1 -4 -4  0 -3 -4 -2  1 -1 -4 -3 -3    4  21  18  18   0  17   5   4   0   0   0   1   0   0   0  12   0   0   0   0  0.45 inf
  127 R   -2  3  1 -1 -4  3  0 -3  1 -3 -2  4 -1 -2 -2  0  0 -3  0 -3    0  16   7   0   0  16   3   0   4   0   1  35   2   1   0   6   5   0   4   0  0.43 inf
  128 L   -2 -3 -3 -4 -3 -2 -2 -4 -2  2  2 -3  3  4 -4 -3 -2 -1  4  1    0   0   0   0   0   0   3   0   0  17  16   0  13  19   0   0   0   0  22   8  0.46 inf
  129 W   -4 -2 -5 -6 -4 -2 -4 -5 -2 -4 -1 -4 -3  1 -5 -4 -2 11  6 -4    0   2   0   0   0   2   0   0   0   0   5   0   0   3   0   0   2  55  30   0  2.19 inf
  130 W   -2  4 -1  4 -4  1  0 -3 -2 -4 -3  0 -3  1 -3  1 -2  5  0 -2    1  30   0  28   0   6   1   0   0   0   0   3   0   7   0  11   0   8   3   2  0.54 inf
  131 L   -3 -3 -4 -4 -3 -3 -2 -5 -2  1  1 -2 -1  4 -4 -3 -2  3  5  3    0   0   0   0   0   0   3   0   0   5  11   2   0  23   0   0   0   4  25  26  0.64 inf
  132 D   -3  0  2  7 -5 -2  1 -3 -3 -5 -5 -2 -5 -5 -3  0 -2 -6 -5 -5    0   4   9  71   0   0   8   0   0   0   0   0   0   0   0   7   0   0   0   0  1.33 inf
  133 L   -1 -2 -3 -1 -2 -1 -1 -1 -3  0  3 -2  2 -1  3 -1 -2  2 -2  0    5   1   1   4   0   3   4   4   0   1  47   1   6   0  14   3   1   3   0   3  0.33 inf
  134 K    1  1  0 -2 -2  0  0  0 -2 -3 -2  4  0 -3 -2  1  0 -3  0 -2   14   6   2   1   0   0   4   7   0   1   1  36   4   0   1  13   6   0   3   1  0.28 inf
  135 S    2  1 -1  0 -2  1  0 -1 -2 -1 -1  1 -1 -2  0  1  1 -3 -2  0   21   6   1   4   0  10   3   1   0   3   6  11   0   0   4  15   8   0   0   6  0.14 inf
  136 G   -1  1  0 -1 -2  1  0  3 -1 -3 -2  1  0 -2  0  1  2 -3  0 -2    1   9   2   1   0   5   5  24   0   1   1  10   3   0   4  12  17   0   4   1  0.24 inf
  137 A    1 -3 -3 -2 -3 -1  0 -2 -3 -3 -4 -2 -3 -4  7 -2 -2 -4 -4 -2   10   1   1   1   0   2   7   3   0   1   1   1   0   0  67   1   1   0   0   3  1.53 inf
  138 Q   -2  5  0 -2 -4  3  1 -3  0 -3 -2  2 -2 -4  3 -2 -2 -4 -3 -2    1  38   4   0   0  14   8   0   2   0   3   9   0   0  15   0   0   0   0   4  0.59 inf
  139 A    1  0 -1  0 -2 -2 -1 -2 -1  0 -1  0 -1 -2 -2  0  1 -4 -2  3   17   5   3   8   0   0   3   1   1   2   4   6   0   0   0   3  10   0   0  37  0.18 inf
  140 T    1 -2 -1 -2 -2  0 -2 -2  0  1  0  0 -1 -2  1  1  2 -3 -2  1   11   0   3   0   0   4   0   1   2  11   8   6   0   0   8  10  20   0   0  14  0.16 inf
  141 W    0 -2 -1  1 -3 -1  1  0 -2 -2 -3 -1  0 -2 -3  1  2  7 -2 -1    9   0   2   8   0   0  12   9   0   0   0   3   4   0   0  15  14  19   0   6  0.42 inf
  142 T   -1  2  1 -1 -3  0  2 -3  0 -2 -2  2  0 -3 -2  0  3 -3  1 -1    1  12   8   2   0   1  16   0   1   1   1  18   4   0   0   2  24   0   5   4  0.28 inf
  143 E    0 -2  0  2 -4  1  4  0 -2 -3 -2 -1 -3 -3  2 -1 -2  4 -3 -3    6   0   4   9   0   4  41   8   0   0   4   1   0   0  11   3   0   6   0   0  0.49 inf
  144 L    0  2  0 -1 -3  0 -1 -1 -2 -1  1  1 -1  3 -3 -2 -1 -2  1 -1    8  19   4   4   0   5   4   5   0   0  20   7   0  17   0   0   1   0   5   2  0.16 inf
  145 P   -2 -4 -1 -3 -4 -3 -3  1 -4 -5 -5 -3 -4 -2  7  1  0 -5 -4 -4    0   0   2   0   0   0   0  10   0   0   0   0   0   2  70   9   7   0   0   0  1.70 inf
  146 W   -2 -3 -3 -3 -3 -3 -3  2 -3  3  2 -1 -1  1 -3 -3 -2  6  1  0    0   0   0   0   0   0   0  19   0  27  19   6   0   4   0   0   0  13   4   4  0.42 inf
  147 P   -1 -3 -3 -3 -3 -2 -2 -3 -1  1 -2 -2  0  1  6  2 -1 -4 -2 -1    3   0   0   0   0   0   0   0   1   9   2   0   3   8  47  17   3   0   0   5  0.88 inf
  148 H   -1 -2  1 -2 -2 -1 -2  1  4  0  0 -2 -1  3  1 -1 -1 -1  2 -1    5   1   9   1   0   1   1  10  15   7   8   1   0  19   8   4   4   0   6   1  0.19 inf
  149 E   -1  1  2  4 -3  1  2  0 -1 -4 -4  1 -3 -4 -2  2  0 -4 -3 -3    2   8   9  27   0   5  11   6   0   0   0  10   0   0   0  16   5   0   0   0  0.39 inf
  150 K   -2  2  3  0 -4 -1 -1  0  3 -4 -4  5 -3 -1 -3 -1 -2 -4 -2 -4    0  11  15   5   0   0   0   9   8   0   0  46   0   3   0   2   0   0   0   0  0.59 inf
  151 V   -2 -3 -4 -4 -2 -3 -4 -4 -4  4  1 -2  0 -2 -4 -3 -2  3 -2  4    0   0   0   0   0   0   0   0   0  30  12   3   0   0   0   0   0   5   0  46  0.68 inf
  152 D   -1 -1  0  7 -4 -2  0 -3 -3 -4 -5 -2 -4 -5 -3 -2 -1 -5 -4 -4    6   4   2  78   0   0   3   0   0   0   0   0   0   0   0   0   3   0   0   0  1.38 inf
  153 G    5 -1 -2 -3 -2 -2 -2  3 -3 -3 -3 -2 -2 -3 -2 -1  0 -3 -3 -1   63   4   0   0   0   0   1  19   0   0   1   0   0   0   0   1   6   0   0   2  0.68 inf
  154 A    5 -2 -2  0 -2 -2 -2  0 -2 -2 -2 -2 -2 -3 -2  0  1 -3 -2  1   61   1   1   5   0   1   1   4   0   1   1   1   0   1   1   4   8   0   0  10  0.51 inf
  155 L   -2 -2 -3 -3 -2 -2 -3 -3 -2  1  2 -2  4  5 -3 -2 -1  3  1 -1    1   1   1   1   0   1   1   1   0   5  25   2  19  28   1   1   2   4   4   1  0.49 inf
  156 C   -1 -2 -1 -1  8  1 -1 -2 -2 -1  0 -1 -1 -2  1 -1 -1 -2 -2  0    3   2   2   4  39   9   3   3   1   2   8   2   1   2   7   3   2   1   1   6  0.54 inf
  157 M    0 -1  0  1 -1 -1 -1  1  0  0  0  0  1 -1 -1  0  1  2  0  0    4   2   3  10   1   2   3  16   2   5   8   4   7   2   2   3  10   4   4   7  0.04 inf
  158 E    0  0 -1  0 -1  0  1 -1 -1  1 -1  0 -1 -1  3  0  0 -1 -1  0   10   5   2   6   1   5  13   3   1  16   4   3   1   2  15   3   5   1   1   3  0.13 inf
  159 K    0  0  1  0 -1  0  1  1  1 -1  0  1 -1 -1 -1  0  0 -1 -1 -1   11   2   8   5   1   2   8  11   4   6   9  16   1   2   2   5   3   1   1   3  0.05 inf
  160 P    0 -1  2  0 -1  0  0  1  1 -1 -1  0 -1 -1  1  1  0 -1  0 -1    9   2  15   3   1   2   3  11   5   2   4   5   1   2   7  15   3   1   5   3  0.12 inf
  161 L   -1  0  1  0 -1 -1 -1 -1 -1  0  1 -1  0  1 -1  0  0 -1  0  0    4   7   9   6   1   2   3   4   1   5  21   3   1   6   3   4   6   1   5   9  0.01 inf
  162 G    0 -1  1  1 -1 -1 -1  3 -1  0 -1 -1 -1 -1 -1  0 -1 -1 -1  0    4   2   6  11   1   2   3  29   1   6   4   3   1   2   2   6   3   1   1  12  0.14 inf
  163 P    1 -1  1  1 -1  0  0 -1 -1  0 -1 -1 -1 -1  3  0  0 -1 -1 -1   13   2  12   7   1   2   3   4   1   6   4   3   1   2  20   6   8   1   2   3  0.21 inf
  164 N    2 -1  1  0  2  0  0  0  2 -1 -1  0 -1 -1 -1  0  0 -1  0 -1   26   2  10   6   6   2   3   6   6   3   4   5   1   2   3   3   4   1   3   3  0.09 inf
  165 S    2 -1  0 -1 -1  0  0  0 -1 -1  0 -1 -1  0  0  2  0 -1 -1 -1   21   3   2   3   1   2   3   8   1   3  11   3   1   5   3  20   5   1   2   3  0.08 inf
  166 C    0  0 -1 -1  3  0 -1 -1 -1  0  0  0  0  1 -1  0  0 -1 -1  1    4   6   2   3  12   5   3   4   1   3  13   6   1   7   3   9   3   1   2  16  0.04 inf
  167 S    0  0 -1 -1 -2  3  1 -1  1 -1 -1  0 -1 -1 -1  1  0  2  1 -1    8   4   2   2   1  21   7   3   4   2   7   3   1   1   2  13   7   3   5   2  0.14 inf
  168 T    0 -1 -1 -1 -2  1  0 -1  1 -1  0  0 -1  0 -1  0  1  5  2 -1   11   2   1   2   1   8   5   2   4   2   8   6   1   1   2   6  12  11  12   2  0.19 inf
  169 S   -1  2  3  1 -2  0 -1 -1 -1 -2 -1  0 -1 -1 -1  0  0 -2  1 -1    5  16  24   8   1   1   2   2   1   1   5   5   1   1   1   6   7   0   6   7  0.17 inf
  170 G   -1  0  3 -1 -2  0 -1  4 -1 -2 -2 -1 -2 -2 -2  0  0  3 -2 -2    3   5  19   2   1   3   2  36   1   3   3   2   1   1   1   6   5   6   1   2  0.37 inf
  171 P   -1 -1  0  1 -2  0  0  3 -1 -1  0 -1 -1  0  1  0 -1 -1  1 -1    2   1   5   8   1   5   6  26   1   1  11   2   1   6   6   5   2   0   7   5  0.12 inf
  172 N    0  1  0 -2 -2 -1 -1  4  2 -3 -3  0 -2  0 -2  0 -1 -2  2 -2    6   7   3   1   0   1   3  37   8   1   2   5   0   3   1   7   1   0  11   1  0.34 inf
  173 L   -1 -2 -2 -2 -2 -2 -2 -3 -2  1  2 -2  1  1 -2 -1  3 -1  2  2    1   1   1   1   0   1   1   1   0  10  19   1   3   5   1   1  26   0   9  15  0.21 inf
  174 Y   -3 -1 -2 -3 -4 -2 -3 -4  0 -3 -3  2  0  1 -4 -2 -2  0  8 -3    0   2   2   1   0   0   0   0   0   0   0  14   3   2   0   2   1   0  71   0  1.35 inf
  175 L   -3 -4 -4 -5  2 -4 -4 -4 -3  1  2 -4 -1  6 -4 -3 -2 -2  0  2    0   0   0   0   5   0   0   0   0   7  18   0   0  46   0   0   0   0   0  22  0.74 inf
  176 I   -3 -4 -4 -5 -4 -4 -5 -5 -3  2 -1 -4 -1  7 -5 -2 -3 -1  3  1    0   0   0   0   0   0   0   0   0  13   2   0   0  61   0   2   0   0   9  12  1.11 inf
  177 H   -2  1  0 -2 -4  2 -1 -3  4  0 -3  4 -2 -3 -3  1 -2 -4 -2  0    0   3   2   0   0  12   0   0  13   7   0  42   0   0   0  13   0   0   0   8  0.47 inf
  178 G   -2 -4 -2  1 -5 -3 -3  7 -4 -6 -6 -2 -5 -5 -4 -2 -3 -5 -5 -5    0   0   0   8   0   0   0  90   0   0   0   2   0   0   0   0   0   0   0   0  1.67 inf
  179 P   -1 -1  3  3 -4  0  0  0 -2 -4 -4 -1 -3 -4  5  1 -1 -5 -4 -4    1   3  17  19   0   3   6   8   0   0   0   0   0   0  28  16   0   0   0   0  0.65 inf
  180 N   -1  1  4  1 -3  2  0 -1  4 -3 -2  1 -2 -3 -3  0 -1 -3  0 -1    5  10  26   5   0  10   4   2  14   0   2   8   0   0   0   2   1   0   4   5  0.34 inf
  181 L   -2 -3 -4 -4 -4  1 -3 -4 -1 -1  1 -3  1  4 -4 -3 -2  0  7  0    2   0   0   0   0   9   0   0   0   0  11   0   5  19   0   0   2   0  45   8  0.83 inf
  182 Y   -4 -4 -4 -5 -4 -4 -4 -5  1 -3 -1 -4 -3  3 -5 -2 -4  7  8 -3    0   0   0   0   0   0   0   0   2   0   5   0   0  10   0   2   0  14  66   0  1.68 inf
  183 C   -2  5 -1 -1  4  0  2 -3  4 -3 -1  0 -2 -3 -3 -1 -2 -3 -1 -1    0  40   1   2  11   3  13   0  12   0   5   0   0   0   0   2   0   0   1   7  0.50 inf
  184 Y   -3 -4 -4 -5 -4 -4 -4 -4  1 -2 -1 -4 -2  7 -5 -4 -3  0  7 -3    0   0   0   0   0   0   0   0   2   0   4   0   0  50   0   0   0   0  40   0  1.43 inf
  185 R   -1  0  4  3 -3  1  1 -1  0 -3 -3  0  0 -3 -2  2 -1 -4 -3 -3    3   3  25  23   0   5  10   3   2   1   0   3   3   0   0  17   0   0   0   0  0.43 inf
  186 H   -1 -2  0  5 -3 -1  0 -1 -1 -3 -4 -2 -3 -4  2  3  0 -4 -3 -3    1   0   0  47   0   0   1   2   2   0   1   1   0   0   9  30   4   0   0   1  0.70 inf
  187 V   -1  2 -2 -1 -2 -1 -2 -3 -2  0 -1  0  1 -2  4 -1  1 -3 -2  2    4  15   0   3   0   0   1   1   0   5   1   4   4   0  23   1  10   0   0  27  0.34 inf
  188 D    0  2  0  1 -3  0  2 -2  0 -2 -1  1  4 -2 -2 -1  1 -3  0 -2    7  14   3   9   0   2  17   2   1   0   0   9  20   0   0   0  11   0   3   0  0.22 inf
  189 K   -2  0  0 -2 -3 -1  0  0 -2  1  1  1  0  3 -3 -1  0 -2  0  0    0   5   4   0   0   0  10   7   0  10  15  14   0  20   0   0   5   0   0   9  0.09 inf
  190 L    0 -1 -2  0 -2 -2  0 -1 -2  0  2 -1  2  3 -3 -1 -1 -2  1 -1    9   3   0   6   0   0   6   3   0   0  35   2   7  16   0   5   2   0   4   0  0.15 inf
  191 N    1  0  0 -3 -2 -2 -2 -3 -3  2  0 -1  1 -2 -3  0  1 -3 -2  3   11   5   7   0   0   0   0   0   0  11   5   2   3   0   0   7   9   0   0  40  0.23 inf
  192 A    2 -2 -1  3 -3 -1 -1 -2 -2 -2 -1  1  4 -1  1 -1  1 -3 -2 -1   21   0   0  21   0   0   0   0   0   0   3  12  19   2   8   2   9   0   0   3  0.25 inf
  193 A    2 -2  1  0 -2  1  0  2 -2 -2 -3  0 -2 -3  1  2  1 -3 -3 -2   28   0   6   3   0   7   3  15   0   3   0   3   0   0   6  16  12   0   0   0  0.27 inf
  194 K    1  4 -1 -1 -3  0 -1 -1  0 -3 -3  4 -2 -4  0  0 -1 -4 -3 -2   11  31   0   2   0   0   0   5   3   0   0  31   0   0   4   7   3   0   0   3  0.44 inf
  195 N    1 -2  0  3 -2 -1 -1  0 -2  2 -1  0 -1 -2 -1  1  0 -3  1 -1   17   0   4  20   0   2   0   5   0  23   0   6   1   0   3   9   4   0   6   0  0.14 inf
  196 L    0 -1 -1 -3 -3 -2 -3 -3 -3  0  2 -2  1 -2  5 -2 -1 -3  0 -1   10   4   5   0   0   0   0   0   0   4  30   0   5   0  34   0   4   0   5   0  0.55 inf
  197 P    1 -4 -4 -3 -4 -1 -3 -3 -4 -3 -4 -3 -3 -1  7 -2 -2 -5 -4  0   12   0   0   0   0   3   0   0   0   0   0   0   0   3  73   0   0   0   0   8  1.69 inf
  198 Q   -2  2 -2  0 -3  2  2 -3 -1 -1 -1  0  1  3 -1 -2 -2 -2  2 -1    0  14   0   3   0  15  20   0   0   2   3   3   4  18   2   0   0   0  10   5  0.27 inf
  199 P   -1 -2 -2 -2 -4  3  0 -3 -2 -4 -3  1 -3 -1  7 -2 -2 -4 -3 -3    5   0   0   0   0  16   6   0   0   0   0   9   0   4  57   0   0   0   0   0  1.20 inf
  200 Q   -2  4 -1 -2 -4  4  0 -3  5 -3 -2  0  1 -3  1  0 -2 -4 -2 -3    0  27   0   0   0  27   3   0  18   0   3   2   6   0   6   7   0   0   0   0  0.56 inf
  201 R    0  3  1  0 -3  0 -1 -2 -1 -3 -3  3 -2 -1  2  2 -1 -4 -2 -3    7  23   8   4   0   3   0   0   0   0   0  26   0   4   9  18   0   0   0   0  0.38 inf
  202 V    1 -3 -2 -3 -2 -2 -3 -3 -3  3  0 -2  1 -2 -3  1  2 -3 -2  3   10   0   0   0   0   0   0   0   0  20   3   0   3   0   0  10  19   0   0  36  0.34 inf
  203 S    2 -2  3 -1 -2  1 -1  0 -2 -3 -3  0 -2 -4 -2  3  1 -4 -3 -2   26   0  16   0   0   6   1   4   0   0   0   3   0   0   0  37   7   0   0   0  0.43 inf
  204 R    1  1 -1  0 -3  1  3 -2  3 -3 -3  0 -2 -2 -2  2  0 -2  2 -2   13   6   0   3   0   5  24   0  10   0   0   3   0   0   0  19   6   0  10   0  0.30 inf
  205 L   -1 -3 -4 -5 -3 -3 -3 -4 -4  0  3 -4  3  1 -4 -3 -3  9  0 -1    4   0   0   0   0   0   2   0   0   5  38   0  11   4   0   0   0  36   0   1  1.09 inf
  206 L   -3 -4 -4 -5 -3 -3 -4 -5 -3  0  3 -4  3  6 -4 -3 -3 -1  2 -1    0   0   0   0   0   0   0   0   0   0  35   0  11  47   0   0   0   0   5   2  0.83 inf
  207 G   -1 -3  0  1 -4 -3 -3  6  0 -5 -5 -3 -4 -5 -3 -2 -3 -4 -4 -5    0   0   3   9   0   0   0  84   3   0   0   0   0   0   0   0   0   0   0   0  1.35 inf
  208 C   -2 -6 -5 -6 11 -5 -6 -5 -5 -3 -3 -5 -3 -5 -5 -3 -3 -4 -5 -3    0   0   0   0 100   0   0   0   0   0   0   0   0   0   0   0   0   0   0   0  2.97 inf
  209 T    0  0  1  4 -3  0  2 -2 -1 -3 -3  0 -3 -4 -2  2  0 -4 -3 -3    6   5   3  36   0   0  19   0   0   0   0   0   0   0   0  26   5   0   0   0  0.47 inf
  210 H   -2  0  2 -1 -4  3  0 -2  8 -4 -3 -1 -2 -3 -3 -1 -2 -3  0 -4    0   0  14   0   0  25   0   0  62   0   0   0   0   0   0   0   0   0   0   0  0.91 inf

                      K         Lambda
Standard Ungapped    0.1358     0.3189
Standard Gapped      0.0418     0.2670
PSI Ungapped         0.1372     0.3144
PSI Gapped           0.0418     0.2670
