
Last position-specific scoring matrix computed, weighted observed percentages rounded down, information per position, and relative weight of gapless real matches to pseudocounts
           A  R  N  D  C  Q  E  G  H  I  L  K  M  F  P  S  T  W  Y  V   A   R   N   D   C   Q   E   G   H   I   L   K   M   F   P   S   T   W   Y   V
    1 M   -5 -7 -7 -8 -5 -6 -7 -8 -7  5  4 -7  4 -4 -7 -6 -5 -6 -5  3    0   0   0   0   0   0   0   0   0  31  42   0  10   0   0   0   0   0   0  17  1.44 inf
    2 N   -3  0  3  1 -4 -2  5 -5  6 -8 -8 -2 -7 -5 -6  2  0 -8 -3 -7    2   5  11   8   0   2  31   1  18   0   0   2   0   0   0  16   5   0   1   0  1.06 inf
    3 L   -7 -8 -9-10 -7 -5 -9-10 -9  0  7 -5  0  0 -9 -7 -7 -8 -7  0    0   0   0   0   0   1   0   0   0   5  81   1   2   4   0   0   0   0   0   6  2.02 inf
    4 D   -3 -1  5  6 -3  0  1 -3 -2 -6 -8 -2 -7 -4 -7  0 -2 -9 -2 -6    2   4  24  39   1   4   9   2   1   0   0   2   0   1   0   7   2   0   1   0  1.21 inf
    5 I   -6 -8 -9 -6 -5 -6 -6 -9 -3  3  6 -8  3  1 -7 -5 -6 -7 -3  0    0   0   0   1   0   0   0   0   1  16  63   0   6   5   0   1   0   0   1   6  1.54 inf
    6 H   -2  2  1 -1 -2  2 -2  0  4 -4 -6  0 -2 -1 -6  4 -2 -1  0 -5    3  10   6   4   1   8   2   6   9   1   0   5   1   2   0  35   2   1   4   1  0.63 inf
    7 C   -3 -1  2  2  5 -1  0  3  2 -4 -3  1 -4 -1 -4  0 -2 -1  0 -4    1   3  10  11  10   2   6  22   4   1   3   9   0   3   0   7   2   1   3   1  0.41 inf
    8 E   -5  2  7 -3  0  0  0 -5  1 -4 -5 -2 -3 -1 -3  0  0 -7  1 -4    1   9  47   1   2   4   5   1   3   1   1   2   1   3   1   7   5   0   5   1  1.08 inf
    9 Q    0  1  2  1  0  3  1 -2 -1 -3 -3  1 -1  1 -1  0 -1 -3 -1 -3    6   7  11   6   2  15  10   3   2   2   2   9   1   6   3   8   3   0   2   2  0.24 inf
   10 L   -4 -2 -6 -4 -1 -7 -6 -8 -7  5  5 -4  2  1 -4 -6 -2 -4 -1 -1    1   2   0   1   1   0   1   0   0  25  48   1   4   5   1   1   3   0   2   4  1.13 inf
   11 S   -3 -3 -1 -1 -3  0 -2  5 -5 -5 -3 -2 -3 -7 -3  4  0 -8 -6 -7    2   2   3   4   1   4   2  42   0   1   3   3   1   0   1  26   6   0   0   0  0.96 inf
   12 D   -1 -3  0  6 -4 -1  1 -3  2 -4 -3  0 -2 -5  1 -1 -2 -8 -3 -2    6   1   4  41   0   3   7   2   4   1   3   6   1   0   8   4   2   0   1   3  0.80 inf
   13 A    0 -1  0  1 -4  1  4 -3 -1 -2 -1  1 -2 -3 -2  1 -1 -6 -3 -2    9   3   3   8   0   5  28   2   1   3   8   7   1   1   2  11   3   0   1   3  0.36 inf
   14 R    0  1 -3  0  0  0 -1  5 -2 -4 -3 -3 -2 -2 -3  0 -2 -4 -3 -1    6   9   1   5   2   4   4  43   1   1   3   1   1   2   1   7   2   0   1   4  0.65 inf
   15 W    2 -2 -5 -6 -1 -5 -6 -3 -6  1  3 -5  2  2 -5 -3 -1  3 -3  4   15   2   0   0   2   0   0   2   0   6  23   0   4   8   0   2   4   4   0  26  0.62 inf
   16 T    1  3  0 -2 -1  1  1 -3 -1 -1 -2  3  0 -2 -3  1  0 -2 -4 -1   13  13   3   1   1   6   8   2   2   3   4  16   3   2   1  13   6   1   0   4  0.26 inf
   17 E    0  2 -1 -1 -3  2  2 -1  0 -1  0  1 -1 -2 -2  1 -1  0 -1 -1    9  12   3   3   0   8  14   4   2   3   9   8   1   2   1   9   4   1   2   4  0.14 inf
   18 L   -2 -6 -5 -8 -3 -1 -5 -8 -3  2  5 -5  1  2 -6 -3 -3 -4 -4 -1    3   0   1   0   1   3   1   0   1  11  60   1   2   7   0   3   2   0   0   4  1.16 inf
   19 L    1 -1 -2 -3  6 -1 -3  0 -1  1  1 -3  1  0 -4  0  0 -1 -2  0   13   4   2   1  15   3   1   7   2   8  16   1   4   3   1   8   4   1   1   5  0.31 inf
   20 P    1 -2  1  1 -4  0  2 -2  4 -4 -4  1 -1 -4  3  1  0 -6 -4 -3   12   2   5   7   0   4  14   3   9   1   1   8   1   1  13  12   5   0   0   1  0.38 inf
   21 L    2 -2 -1 -3  1 -2 -2  0  2  0  1 -1  1 -1 -1 -1  0 -4 -1  2   18   2   3   1   3   2   3   7   5   5  13   3   4   3   2   4   5   0   2  14  0.12 inf
   22 L   -3 -4  2 -6  1 -3 -5 -4 -4  1  5 -2  2  1 -3 -2 -3 -4 -3  1    2   1   8   0   3   1   1   1   0   7  48   3   5   5   1   3   1   0   1   9  0.76 inf
   23 Q    0  2  1 -2  4  2 -1 -3  0 -3 -4  4 -1 -5  0  2 -1 -6 -4 -4    7  10   6   2   9  11   4   2   2   1   1  21   1   0   4  14   3   0   0   1  0.48 inf
   24 Q   -2  2  5 -2 -1  3  0 -3  3 -5 -4  2 -4 -6 -3  1  1 -7 -2 -3    2  11  23   2   1  11   5   2   6   0   2  13   0   0   1   9   7   0   1   2  0.61 inf
   25 Y   -3 -6 -1 -6  5 -3 -5 -4 -3  2  5 -5 -2 -1 -5 -1 -2 -6 -1  0    2   0   3   0  12   1   1   1   1  12  47   1   0   2   1   4   2   0   2   7  0.93 inf
   26 E   -4  3  0 -3 -5  4  2 -4  1 -4 -3  3 -2 -6 -4 -1  3 -7 -3 -4    1  16   4   1   0  16  13   2   3   1   2  16   1   0   1   4  16   0   1   1  0.65 inf
   27 V   -2  2  0 -2  0  0  1 -4  1 -1 -3  2 -1 -2 -4  1  2 -1  2  0    3   9   4   1   2   3   8   1   4   4   1  12   2   2   0  10  15   1   8   8  0.26 inf
   28 V   -1 -7 -6 -8 -4 -7 -6 -5 -3  1  6 -6 -1  0 -7 -6 -4 -7 -5  0    6   0   0   0   0   0   1   1   1   6  70   0   1   3   0   1   1   0   0   7  1.49 inf
   29 R   -4  3  4  4 -1 -1 -1 -2 -2 -2 -1  1  0 -4 -5  1 -3  0 -2 -2    1  13  17  20   2   3   4   2   1   3   7   9   2   0   0   9   1   2   2   3  0.45 inf
   30 L   -5 -7 -8 -8 -4 -7 -8 -8 -8  1  6 -8  2  2 -4 -5 -5 -7 -4 -1    1   0   0   0   0   0   0   0   0   8  72   0   4   8   1   1   1   0   0   4  1.71 inf
   31 D    0  1  2  1 -1  0  0  0 -2 -3 -4  0 -1 -2 -3  4  0  0 -1 -2    7   8   8   6   2   5   6   7   1   1   2   5   1   1   1  28   4   2   2   3  0.30 inf
   32 D   -2  1  3  2 -2  1 -1  1  3 -4 -5  0 -3  1 -4  1 -3  0  2 -4    3   6  14  12   1   6   4  12   6   1   1   5   1   6   0  12   1   1   6   1  0.37 inf
   33 C   -4 -3  6 -6  9 -4 -4 -5  0 -1 -4 -5 -4 -3 -6 -1 -1 -8 -4 -1    1   2  34   0  35   1   1   1   2   3   2   1   0   2   0   5   4   0   1   5  1.70 inf
   34 G   -1  1  4  1  1  2 -1  2  0 -4 -4  1 -3 -4 -3  2 -2  0 -2 -4    5   8  17   7   3   9   3  15   2   1   2   7   1   1   1  14   2   1   1   1  0.37 inf
   35 L   -1 -5 -7 -4 -6 -6 -7 -7 -7  5  4 -5  0  3 -6 -5 -4 -6 -5  1    5   1   0   1   0   0   0   0   0  28  42   1   2   9   0   1   1   0   0   8  1.14 inf
   36 T   -4 -2 -1 -2  3 -3 -3  4 -1 -3 -3 -2 -2 -5 -2  2  4 -7 -3 -4    1   3   3   2   6   1   1  27   1   1   2   2   1   1   2  17  27   0   1   1  0.76 inf
   37 E    1 -3 -1  4 -4 -1  2 -2 -2 -4 -4 -1 -2 -3  3  1 -1 -3 -2 -1   11   1   3  25   0   3  14   3   1   1   2   4   1   1  14   9   3   0   1   4  0.50 inf
   38 E    2  0 -1  2 -3  1  4 -3  0 -3 -3  2 -2 -4 -2  0 -1 -6 -5 -2   15   5   2  11   0   7  23   2   2   2   3  11   1   1   1   8   3   0   0   4  0.39 inf
   39 H    1 -3 -2  2  4  1 -2  4  1 -5 -5 -5 -6 -2 -5  1 -4 -1  1 -3   11   1   2  12   7   6   3  33   3   0   1   0   0   2   0  10   1   1   4   2  0.65 inf
   40 C    3 -5 -6 -7  7 -4 -4 -2 -4  0  0 -6  1 -2 -6 -1 -2  6 -2  1   21   0   0   0  23   1   1   3   0   6   8   0   3   2   0   4   2  11   2  11  0.98 inf
   41 K    0  2 -1 -2 -3  2  2 -3  1 -2 -2  3 -1 -4 -3  1 -1 -3 -3 -2    7  10   2   2   0  10  15   2   3   3   3  17   1   1   1  12   4   0   1   3  0.31 inf
   42 D    2 -2  0  2 -1  0  0 -1  3 -1 -2 -2 -4 -1 -1  0 -2 -3  1 -1   22   2   4  14   1   3   7   5   6   4   5   1   0   3   4   7   2   0   5   4  0.19 inf
   43 I   -4 -7 -8 -8 -6 -5 -7 -8 -7  5  5 -7  1  2 -7 -7 -6 -6 -5  0    2   0   0   0   0   0   0   0   0  24  52   0   3   9   0   0   0   0   0   6  1.41 inf
   44 G    3 -3 -2 -4  6 -2 -3  2 -4 -2 -2 -3 -3  0 -3  2 -1 -6 -3  0   28   1   1   1  14   1   1  13   0   2   3   1   1   4   1  17   3   0   1   6  0.59 inf
   45 S    0 -1  1 -1 -5  0  2 -2 -1 -4 -2  1 -2  1 -3  4  0 -5 -1 -4    7   3   6   3   0   4  12   2   1   1   5   8   1   7   1  29   6   0   2   1  0.36 inf
   46 A    3 -4 -3 -4  0 -3 -4  0 -3  1  0 -2  2 -1 -3  0 -1 -5 -1  3   26   1   1   1   2   1   1   7   1   6   9   2   4   2   1   6   3   0   2  22  0.37 inf
   47 L   -6 -5 -7 -7 -6 -5 -4 -7 -6  2  6 -5  0  3 -5 -5 -5 -5 -2 -1    0   1   0   0   0   1   1   0   0   8  64   1   2  13   1   1   0   0   1   4  1.41 inf
   48 R    0  2 -1 -2  0  2  0 -1  2 -1 -1  2 -1 -2  0  1  0 -4 -2 -1    9  10   2   1   2   9   5   4   5   5   6  12   1   1   4  13   5   0   1   4  0.13 inf
   49 A   -1  1  2 -1 -1 -1 -1 -1  3 -2 -2  0 -1  0 -2  3  2 -4  0 -1    5   6   8   2   1   3   3   3   8   2   3   7   1   4   2  21  11   0   3   4  0.22 inf
   50 N   -4 -3  6 -1  5 -2 -3 -4  2 -2 -1 -2  1 -1 -4  1 -2 -6 -3 -3    1   1  38   3  11   2   1   1   5   3   7   2   4   3   1  11   3   0   1   1  0.88 inf
   51 P   -2  1  0 -3  2  1 -1 -2 -2 -2 -3  2 -1 -4  4  1  2 -4 -3 -3    2   7   4   1   5   7   4   3   1   3   2  12   2   1  19  10  12   0   1   1  0.39 inf
   52 S   -2 -1  4  1 -2  1  0 -3  3 -4 -3  1 -2 -2 -2  2  1  0 -2 -1    3   2  19   7   1   6   5   2   7   1   3   8   1   2   2  16   9   1   1   4  0.34 inf
   53 L   -5 -4 -7 -4 -6 -5 -2 -8 -4  2  6 -3 -3  0 -3 -6 -4 -6 -2  0    1   1   0   1   0   0   3   0   0  12  66   2   0   3   2   0   1   0   2   5  1.34 inf
   54 T   -3  3 -3 -4 -2  1  0 -5  1  0 -2  3 -2 -2 -4  0  4 -3 -3 -1    2  15   1   1   1   5   7   1   3   5   4  16   1   2   1   8  23   0   1   5  0.46 inf
   55 E   -1 -2  0 -1 -2 -1  4 -3  3 -2 -4  0 -1 -1 -5  1  2 -4  1 -1    5   2   4   3   1   2  31   2   7   2   2   6   2   3   0   9  11   0   4   6  0.45 inf
   56 L   -6 -5 -8 -8 -7 -7 -8 -8 -8  1  6 -8  1  0 -5 -7 -5 -7 -6  0    0   1   0   0   0   0   0   0   0   6  79   0   2   4   1   0   1   0   0   5  1.88 inf
   57 C   -4  0  4  6  0  1  0 -5  0 -4 -7 -3 -5 -5 -6  0  0 -2 -1 -5    2   6  18  40   2   5   5   1   2   1   0   2   0   0   0   7   5   1   2   1  1.03 inf
   58 L   -3 -8 -9 -9 -7 -8 -8 -9 -8  3  6 -8  1 -1 -8 -6 -6 -7 -4  0    2   0   0   0   0   0   0   0   0  13  72   0   3   2   0   1   0   0   1   6  1.77 inf
   59 R   -1  2  1  0 -1  0 -2 -1 -1 -4 -5  0 -1 -1 -5  5  0 -6  1 -3    5  10   7   5   1   3   3   5   2   1   0   4   2   3   0  39   5   0   4   2  0.57 inf
   60 T   -3  0  4  2 -1  0  0  2  4 -3 -2 -1 -3 -1 -5  1 -3  3  1 -4    2   5  17  10   2   3   6  15   9   2   4   3   1   3   0   9   1   4   4   1  0.39 inf
   61 N   -6 -1  8 -1  3 -2 -3 -4  0 -5 -6 -4 -4 -4 -7  1  0 -1 -5 -4    0   3  58   3   5   1   2   1   2   1   1   1   1   1   0  11   6   1   0   2  1.57 inf
   62 E   -1  1  2  1  1  2  0  0  0 -2 -2  1 -2  0 -1  1 -1 -1 -1 -2    4   8  12  10   3   9   5   7   2   3   4   8   1   5   3  10   2   1   2   2  0.14 inf
   63 L   -3 -4 -7 -3 -2 -5 -7 -7 -7  5  5 -5 -1  2 -3 -5 -5 -2 -5  0    2   1   0   2   1   0   0   0   0  31  44   1   1   7   2   1   0   1   0   6  1.18 inf
   64 G   -3 -3  2  0 -2  1 -1  5 -4 -4 -3 -2 -4 -6 -4  2 -1 -6 -2 -3    1   1   8   5   1   6   4  44   0   1   2   2   0   0   1  15   4   0   1   2  0.81 inf
   65 D    0 -2  1  6 -4 -1  1 -1  1 -3 -4 -2 -3 -5  1  0 -1 -7 -3 -4    8   2   7  39   0   2   7   4   3   2   2   2   1   0   8   7   3   0   1   1  0.74 inf
   66 A    0  0  0  2 -5  1  3 -1 -4 -2 -4  1 -2 -3  0  2 -1 -3 -1 -2    6   6   4  10   0   6  19   4   0   3   2  10   1   1   4  17   4   0   2   2  0.31 inf
   67 G    1 -3 -2 -1 -2 -3 -1  6 -3 -4 -3 -5 -3 -4 -4  0 -1 -3 -6 -2    9   2   2   3   1   1   4  55   1   1   3   0   1   1   1   8   5   0   0   3  1.03 inf
   68 V    4 -5 -3 -5 -2 -5 -4 -3 -3  1  2 -5  3  0 -5 -3 -1 -3 -4  4   29   0   2   1   1   0   1   2   1   6  17   0   7   4   0   1   4   0   0  24  0.68 inf
   69 H   -1  2 -1 -1 -3  2  2 -4  1 -2 -2  4 -1 -2 -1  1 -2 -2 -3 -2    6  10   3   2   0   8  14   1   4   3   3  25   2   2   3   9   2   0   1   3  0.40 inf
   70 L    1 -1 -1 -1  0  0  0 -1  2  0  1  0 -1  0 -2  0  0 -3  2  0   15   3   2   2   2   4   7   4   5   7  13   4   1   3   1   7   4   0   8   8  0.07 inf
   71 V   -3 -7 -7 -7 -3 -4 -5 -4 -7  4  5 -7  0  0 -5 -4 -3 -2 -2  0    2   0   0   0   1   1   1   2   0  19  59   0   2   4   1   1   2   1   1   4  1.29 inf
   72 L    3 -4 -4 -5  7 -3 -4  1 -3 -2  0 -3 -2 -1 -4  2  0 -3  0 -1   23   1   1   0  19   1   1   9   1   2  10   1   1   2   1  15   6   0   3   4  0.63 inf
   73 Q   -1  1  0  1 -5  3  2 -3  1 -2 -2  1 -2 -1 -1  1 -1 -5 -3 -2    6   7   5   8   0  12  16   2   4   3   3   9   1   3   2  12   4   0   1   2  0.27 inf
   74 G    2 -2 -1 -3  1  0  0  2  0 -1  0 -1  1 -1 -1  0 -1 -4  0  0   19   1   2   1   4   5   5  17   2   4   8   4   5   2   3   6   4   0   3   6  0.15 inf
   75 L   -5 -5 -6 -7 -4 -5 -6 -7 -6  1  6 -3  1  0 -6 -6 -6 -3 -2 -2    1   1   1   0   0   1   1   0   0   7  76   2   3   3   0   0   0   0   1   2  1.66 inf
   76 Q    1  2 -2 -3 -2  3  0 -1  0 -2 -2  3  0 -5 -3  0 -1 -5 -4 -1   10  11   1   1   1  14   6   4   3   3   4  21   2   0   1   8   4   0   0   5  0.35 inf
   77 S   -2  1  2  0 -1  1  0 -3  5 -1 -3  0 -3 -2  0  2 -1 -3  0 -2    3   6   9   5   2   6   5   2  16   3   2   6   1   1   5  19   3   0   3   3  0.37 inf
   78 P   -1 -2  3 -1  6  0 -3 -2 -3 -3 -1 -2 -3 -3  5  1 -2 -5 -3 -2    4   2  15   3  15   4   1   3   1   2   6   3   1   1  24   9   2   0   1   2  0.68 inf
   79 T   -1  0  3 -1 -1  1 -1  0  3 -3 -2  0 -2  0 -1  1  2 -4 -2 -1    4   4  16   3   1   5   2   6   8   1   3   5   1   4   3  12  13   0   1   5  0.25 inf
   80 C   -1 -3  1 -2  8 -1 -2 -2 -1 -2  0 -2 -2 -1 -1  2  1 -1 -2 -1    5   2   6   3  29   3   3   3   1   2   8   3   1   3   3  14   8   1   1   4  0.71 inf
   81 K   -1  1  1 -1 -2  1 -2 -2  3 -1 -1  3 -2 -3 -1  1  1 -3 -1 -1    4   9   8   3   1   6   1   3   6   4   5  19   1   1   4   9  10   0   3   4  0.23 inf
   82 I   -6 -5 -2 -7 -6 -6 -7 -7 -7  3  6 -6 -2 -2 -6 -4 -4 -6 -1  0    0   1   3   0   0   0   0   0   0  15  66   0   1   1   1   1   1   0   2   7  1.47 inf
   83 Q   -2  1  0 -2 -4  4  3 -4 -1 -2 -2  2 -3 -4 -5 -1  3 -2 -5 -1    3   8   4   2   0  18  17   1   1   2   4  12   0   1   0   3  17   1   0   5  0.52 inf
   84 K   -2  2  1 -2 -3  0  1 -4  2 -1 -3  3 -1 -3 -4  1  3 -5 -1  0    3   9   7   2   0   3   9   0   5   4   2  17   2   1   0  11  16   0   2   6  0.33 inf
   85 L   -5 -4 -8 -6 -3 -7 -7 -5 -7  2  6 -6 -2 -3 -7 -6 -5 -3 -6  0    1   1   0   0   1   0   0   1   0  10  75   0   1   1   0   0   1   0   0   7  1.71 inf
   86 S   -3  3  4  3  0 -1 -1 -2  0 -1 -2  0 -1 -4 -5  0 -2  2 -1 -1    1  18  16  15   2   2   4   4   2   4   4   5   1   0   0   8   2   3   2   5  0.40 inf
   87 L   -3 -7 -5 -8 -2 -6 -8 -8 -8  2  6 -7  0  3 -5 -5 -6 -4 -6 -1    2   0   1   0   1   0   0   0   0  10  67   0   2  10   1   1   0   0   0   4  1.57 inf
   88 Q   -1  2  2 -2 -1  0  0 -1 -2 -4 -2  1 -1 -2 -4  4 -1 -2 -1 -2    6  10  10   2   2   5   7   5   1   1   3   9   2   2   0  28   3   1   2   3  0.35 inf
   89 N   -3  1  4  1  1 -1 -1  1  1 -4 -4  0  0  1 -5  2 -2 -1  0 -2    2   7  21   7   2   2   3  11   3   1   2   6   3   5   0  15   2   1   4   3  0.37 inf
   90 C   -2 -2  7 -4  8 -3 -6 -4 -3  0 -4 -5 -4 -6 -2 -1 -1 -4 -7 -1    3   2  41   1  26   1   0   1   1   5   2   1   0   0   2   4   4   0   0   5  1.53 inf
   91 S   -1  1  2  1  1  3  0  1  1 -3 -3  1  0 -1 -3  1 -1 -1 -1 -2    4   9  10   7   3  12   6  12   3   1   2   7   2   2   1  12   2   1   2   2  0.22 inf
   92 L   -3 -7 -5 -6 -6 -7 -7 -6 -7  6  3 -7  0  2 -1 -5 -4 -3 -5  1    3   0   1   0   0   0   0   1   0  40  29   0   2   9   4   1   1   0   0   9  1.22 inf
   93 T   -2 -2 -1  0 -2 -3 -2  4 -5 -5 -2 -2 -2 -5 -2  2  4 -6 -5 -3    3   3   2   5   1   1   3  30   0   1   4   3   1   0   2  13  25   0   0   2  0.67 inf
   94 E    1 -3  1  5 -4 -2  2 -1 -2 -3 -3 -1 -3 -4  1  1 -1 -3 -5 -1   10   1   7  28   0   1  14   4   1   2   2   3   1   1   6  10   4   0   0   5  0.50 inf
   95 A    1 -1 -1  2 -4  1  4 -1 -2 -2 -2  1 -2 -2 -2  0 -1 -3 -2 -2   13   4   3  12   0   5  24   4   1   2   4   8   1   2   2   8   3   0   1   3  0.31 inf
   96 G    0 -5 -3  1  3 -1 -2  6 -1 -5 -5 -6 -6 -2 -5  0 -4 -7  1 -5    9   1   1   7   6   3   3  52   2   1   1   0   0   2   1   7   1   0   5   1  1.07 inf
   97 C    4 -5 -6 -2  7 -5 -5 -2 -4  0 -1 -6  1 -4 -4 -2 -2  5 -2  2   28   1   0   2  20   0   1   4   0   5   7   0   3   1   1   3   3   7   1  12  0.88 inf
   98 G    0  2 -1 -2 -4  3  2  0  1 -3 -2  3 -1 -4 -3  2 -2 -6 -3 -2    6  10   3   2   0  14  12   7   4   2   4  16   2   1   1  13   2   0   1   2  0.36 inf
   99 V    2 -3 -1  1  0 -1 -1  0  2 -1 -1 -2 -2  1 -1  1 -1 -1  1  0   21   1   3   9   2   2   4   6   6   3   5   2   1   6   3  10   2   1   5   8  0.15 inf
  100 L   -3 -7 -8 -5 -3 -7 -6 -8 -5  4  5 -6  1  2 -7 -6 -5 -7 -6  1    2   0   0   1   1   0   1   0   0  20  56   1   4   7   0   1   1   0   0   7  1.39 inf
  101 P    3 -5 -5 -4  5 -4 -2  2 -4 -2 -2 -5 -1  2 -1  2 -1 -1 -2 -1   27   0   0   1  10   1   3  13   0   2   4   0   2   7   3  15   4   1   1   4  0.53 inf
  102 S   -1  1  0  0 -2  0  2  0  0 -3 -2  1 -2  0 -1  3  0 -5 -2 -2    5   7   3   4   1   4  16   6   2   1   5   8   1   4   3  22   4   0   1   2  0.22 inf
  103 T    4 -4 -4 -4  0 -4 -1 -1 -3  1  0 -4  3  0 -4  0  0 -5 -2  3   30   1   1   1   2   0   4   6   0   7   7   1   8   4   1   6   5   0   1  17  0.44 inf
  104 L   -6 -6 -5 -7 -6 -4 -5 -5 -6  2  6 -6  0  3 -6 -5 -4 -6 -5 -1    1   0   1   0   0   1   1   1   0   8  68   0   2   9   0   1   1   0   0   4  1.50 inf
  105 R    1  1 -1 -2  0  2  0  0  1  0 -1  1  0 -2 -3  1  1  0 -3 -1   10   8   3   1   2   8   7   6   3   7   5   9   2   2   1  13   9   1   0   3  0.12 inf
  106 S   -1 -2  2 -1 -1  0  0  0  1 -2 -2  2  0 -3 -3  3  2 -3 -1 -2    5   2  10   2   1   5   5   7   4   3   3  12   2   1   1  22  10   0   2   3  0.27 inf
  107 L   -5 -5  7 -3  5 -3 -3 -4  2  0  0 -2  0 -3 -4  1 -2 -4  0 -3    1   0  42   1  10   1   1   1   4   5   9   3   3   1   1   9   2   0   3   2  1.02 inf
  108 P   -2  1 -1 -3  2  2  0 -3 -1 -2 -4  3 -4 -4  4  1  2  0 -1 -5    2   6   3   1   5   8   6   2   2   3   2  17   0   0  19  10  11   1   2   0  0.48 inf
  109 T   -2 -1  4  0 -1  1 -2 -2  4 -2 -2  0 -2 -2 -4  1  2 -2 -1 -2    3   4  19   5   1   5   2   3   8   3   4   6   1   2   1  12  14   1   3   3  0.35 inf
  110 L   -6 -8 -4 -7 -5 -6 -8 -9 -4  2  6 -8  0 -2 -5 -6 -7 -8 -7  0    0   0   1   0   0   0   0   0   1  11  74   0   2   2   1   1   0   0   0   6  1.79 inf
  111 R   -4  3 -3 -2 -2  1  1 -5  1 -1 -3  3 -1 -4 -6  1  4 -3 -2 -2    1  13   1   2   1   7   9   0   3   4   2  15   2   1   0   9  26   0   2   2  0.57 inf
  112 E   -2  0  2  0 -3 -1  4 -4  3 -2 -4 -1 -3  0 -5  1  0 -1  1 -1    2   5   8   4   1   2  28   1   8   3   1   4   1   4   0  10   6   1   6   5  0.45 inf
  113 L   -7 -8 -7 -7 -7 -8 -8 -9 -8  0  7 -8 -1  0 -9 -7 -4 -7 -7  0    0   0   0   0   0   0   0   0   0   4  83   0   1   3   0   0   1   0   0   5  2.08 inf
  114 H   -3 -2  4  6 -1  0  0 -2  1 -3 -5 -2 -6 -2 -6  0 -1 -4 -1 -5    2   2  21  37   1   4   7   3   3   2   1   2   0   2   0   6   3   0   2   1  0.95 inf
  115 L   -5 -8 -9 -7 -7 -8 -8 -9 -3  3  6 -6  2  0 -8 -6 -6 -4 -6  0    1   0   0   0   0   0   0   0   1  13  70   0   4   4   0   0   0   0   0   6  1.73 inf
  116 S   -2  1  0 -1  1  1 -3  0 -2 -4 -5 -1 -3 -2 -5  5 -1 -7  1 -4    3   8   5   3   3   6   2   7   1   1   1   4   1   2   0  44   4   0   6   1  0.73 inf
  117 D   -3  0  3  2 -1  0  1  2  2 -4 -3  0 -3 -2 -5  0 -3  3  2 -3    1   6  16  12   1   3   8  16   5   1   3   5   1   1   0   7   1   3   6   2  0.38 inf
  118 N   -5 -3  8 -4  2 -1 -3 -4 -2 -7 -4 -5 -4  0 -6  0  1 -8 -3 -5    1   2  61   0   3   3   2   1   1   0   2   1   1   4   0   8   8   0   1   1  1.73 inf
  119 P    0  1  2  1 -1  3  0 -2  2 -2 -2  2 -1  0  0  0 -1 -2 -1 -1    6   7   9   8   1  12   4   3   5   3   3  12   1   5   5   8   2   1   2   4  0.17 inf
  120 L   -3 -6 -6 -4 -4 -4 -5 -7 -5  6  4 -4  0  1 -2 -5 -5 -7 -6  1    2   0   0   1   0   1   1   0   0  36  38   1   2   4   3   1   0   0   0   7  1.16 inf
  121 G   -3 -2  1  0 -3  0 -1  5 -2 -5 -5 -2 -5 -5 -4  2  0 -2 -3 -3    2   2   7   4   1   4   4  47   1   1   1   3   0   0   1  12   7   1   1   2  0.87 inf
  122 D   -1 -1  0  6 -5 -1  1 -1  0 -5 -4 -3 -3 -2  0  0 -1 -7 -1 -3    6   4   5  41   0   3   8   5   2   1   2   1   1   2   4   7   4   0   2   2  0.72 inf
  123 A    0  0  0  1 -3  1  3 -2 -2 -1 -3  1 -1 -3 -1  2  0 -4 -5 -2    9   5   3   7   1   5  19   3   1   4   2   9   2   1   3  17   6   0   0   3  0.28 inf
  124 G    0 -3 -1  0 -2 -5 -2  6 -5 -7 -6 -4 -2 -5 -7  0 -1 -7 -7 -2    8   2   3   5   1   1   3  60   0   0   1   1   1   0   0   7   4   0   0   3  1.27 inf
  125 L    4 -5 -6 -7 -2 -6 -4 -2 -3  1  0 -5  3  1 -4 -2 -1 -2 -5  4   32   0   0   0   1   0   1   3   1   6  10   0   6   5   1   3   3   1   0  27  0.77 inf
  126 R   -1  3  0 -3 -3  2  2 -4  0 -1 -2  4  0 -3 -1  0 -1 -3 -3 -2    6  16   3   1   1   9  11   1   2   3   3  22   2   1   3   8   3   0   1   3  0.43 inf
  127 L    1 -1  0 -2  0  0 -1 -1  1  1  1 -1  0 -1 -2  0  0 -2  1  0   13   3   4   2   2   4   3   5   4   8  18   4   2   2   1   7   5   0   6   6  0.06 inf
  128 L   -4 -5 -8 -7 -6 -6 -7 -8 -7  4  6 -7 -1  1 -7 -6 -5 -2 -5  0    2   1   0   0   0   0   0   0   0  18  63   0   1   6   0   1   1   1   0   6  1.53 inf
  129 C    3 -5 -5 -5  8 -4 -5  1 -5 -3 -1 -5 -3 -2 -6  3 -1 -5 -2 -3   20   0   0   1  27   1   1   9   0   2   6   1   1   2   0  21   4   0   2   2  1.07 inf
  130 E    0  0  1  2 -5  2  3 -1  0 -4 -3  1 -3 -4 -1  1 -1 -5 -3 -3    7   5   5  12   0   9  20   4   3   1   2   9   1   1   3  11   3   0   1   2  0.36 inf
  131 G    3 -2 -2 -3  0 -1 -3  2  1 -1  0 -1  2 -1 -2  0 -1 -4 -3  0   25   1   2   1   2   2   1  18   3   4   9   5   5   3   2   6   3   0   1   7  0.27 inf
  132 L   -5 -6 -4 -6 -5 -5 -6 -6 -6  2  6 -6  0  0 -6 -6 -4 -5 -5  0    1   0   1   0   0   1   1   1   0   9  71   1   2   4   0   1   1   0   0   5  1.56 inf
  133 L    0  2 -1 -2 -2  2  1 -1 -2 -1  0  3 -1 -2 -3  0 -1 -4 -2 -1    9  12   3   2   1   9   8   4   1   3  10  19   2   2   1   6   4   0   1   3  0.22 inf
  134 D   -3  0  3  2  1  2  1 -2  5 -3 -3  1 -2 -3 -1  1 -2 -3  0 -3    2   4  12  11   3   8   7   2  12   1   3   8   1   1   4  12   3   0   3   2  0.36 inf
  135 P   -1 -2  3 -2  2  0 -1 -1 -2 -2 -2 -1  0 -2  5  1  0 -4 -3 -1    5   2  15   1   4   4   4   5   1   2   4   4   2   2  25   9   6   0   1   4  0.44 inf
  136 Q   -1  0  4 -1  3  1 -1  0  3 -3 -2  0  0 -5 -4  0  1 -2 -3 -2    4   5  23   4   5   6   4   8   8   1   3   6   2   0   1   6   7   1   1   4  0.36 inf
  137 C   -2 -2 -3 -4  8 -3 -3 -3 -3 -2 -1  0 -3 -2 -1  2  2 -6 -1 -2    3   2   1   1  32   1   2   2   1   2   6   6   1   2   4  16  13   0   2   2  0.99 inf
  138 H   -1  1  2 -2 -3  1 -1  0  1 -2 -1  3 -3 -2 -2  1  1 -4 -1  0    4   7   9   1   0   7   3   6   3   2   5  18   0   2   2  10  10   0   2   6  0.21 inf
  139 L   -6 -7 -1 -7 -1 -7 -7 -8 -4  2  6 -3 -1 -3 -6 -3 -4 -7 -4  1    0   0   3   0   1   0   0   0   0  10  67   2   1   1   1   3   1   0   0   9  1.44 inf
  140 E   -3  2  0 -2 -3  4  3 -5  0 -4 -1  2 -3 -4 -5 -1  2 -1 -5 -2    1  12   5   2   1  20  16   1   2   1   6  11   1   1   0   5  14   1   0   3  0.57 inf
  141 K   -1  0  1 -2 -1 -1  1 -4  2 -1 -3  3 -1 -3 -5  2  2 -3  2 -1    4   4   6   2   1   2   7   0   4   3   2  20   2   1   0  14  15   0   6   5  0.34 inf
  142 L   -5 -6 -8 -8 -2 -7 -7 -6 -5  1  6 -8 -2 -1 -8 -8 -6 -5 -3  1    1   0   0   0   1   0   0   1   0   6  77   0   1   3   0   0   0   0   1   7  1.83 inf
  143 Q   -3  3  3  2 -1  1  0 -1  0 -1 -2  1  0 -3 -5 -1 -2  1  0 -1    2  14  14  14   2   6   5   4   2   3   3   9   3   1   0   5   3   2   4   4  0.29 inf
  144 L   -5 -7 -5 -6 -1 -6 -7 -8 -8  2  6 -7 -1  2 -5 -7 -5 -4 -5 -1    1   0   1   1   1   0   0   0   0  12  69   0   1   7   1   0   0   0   0   4  1.59 inf
  145 E    0  1  2  1  0  0  0  0 -2 -3 -3  1 -1 -3 -4  3  0 -1 -1 -1    7   7   8   7   2   4   6   8   1   1   3   7   1   1   0  24   5   1   2   5  0.23 inf
  146 Y   -2  0  3  2  1 -1 -1  1  3 -4 -3  0 -1  1 -5  1 -3  1  2 -4    3   6  15  10   3   3   4  11   6   1   3   5   2   5   0  12   1   2   8   1  0.32 inf
  147 C   -4 -7  6 -4  9 -6 -6 -4 -4 -2 -6 -5 -4 -6 -6 -2  0 -3 -6 -1    2   0  39   1  34   0   0   1   0   3   1   1   1   0   1   4   5   0   0   5  1.95 inf
  148 R   -1  0  3  1  0  1  0  1  1 -4 -3  2  0 -2 -2  1 -1 -5 -1 -3    5   5  12   9   2   7   5  12   3   1   3  11   2   2   2  12   4   0   2   1  0.22 inf
  149 L   -2 -6 -5 -5 -2 -4 -5 -4 -3  5  4 -4  0  1 -1 -5 -2 -5 -5  1    3   0   0   1   1   1   1   1   1  32  33   1   2   6   3   1   2   0   0  10  0.92 inf
  150 T   -3 -4 -2  0  1 -3 -1  4 -4 -6 -3 -2 -3 -5 -2  2  5 -7 -4 -4    2   1   2   4   3   1   4  28   0   0   2   2   1   0   2  14  30   0   1   1  0.79 inf
  151 A    1 -2 -1  4 -2 -3  2 -2 -1 -3 -4 -2 -3 -2  2  2 -1 -7 -4 -1   10   3   2  24   1   1  14   3   1   2   2   2   0   2  10  14   3   0   1   4  0.46 inf
  152 A    1 -1 -2  1 -4  1  4 -2 -1  0 -2  1 -2 -2 -2  0 -2 -2 -4 -1   13   2   1   8   0   7  25   3   1   5   4  10   1   2   2   8   2   1   0   5  0.31 inf
  153 S    0 -5 -3  1  3  0 -2  5  0 -4 -4 -5 -3 -3 -5  1 -2 -6  0 -3    8   0   1   7   6   4   3  44   2   1   2   0   1   1   1  11   3   0   3   2  0.84 inf
  154 C    3 -3 -4 -3  8 -3 -6  0 -6  0 -2 -4  0 -2 -4 -2 -3  4 -2  1   23   2   1   2  28   1   0   8   0   5   5   1   2   2   1   3   2   6   1   8  1.01 inf
  155 E    0  1 -1 -1  0  2  1 -1  0 -1 -2  2 -1 -1 -2  2 -1 -1 -2 -1    7   7   3   2   2  11  10   5   2   4   4  11   1   3   2  16   4   1   1   4  0.16 inf
  156 P    2 -3 -1  2  1 -1 -1 -1  3 -1 -1 -1 -2  1  0  1  0 -1  1 -1   21   1   3  10   2   2   4   5   6   3   5   3   1   7   5   8   4   1   5   3  0.16 inf
  157 L   -4 -7 -7 -8  0 -7 -7 -8 -1  4  5 -7  1  2 -7 -4 -6 -6 -2  0    1   0   0   0   2   0   0   0   1  21  54   0   3   8   0   1   0   0   2   5  1.36 inf
  158 A    4 -4 -4 -4  3 -3 -5  2 -2 -4 -3 -4 -3  1 -6  3 -1 -3 -5 -2   34   1   0   1   6   1   1  15   1   1   3   1   0   7   0  21   3   1   0   4  0.75 inf
  159 S    0  0  0 -1 -2  2  1 -3  0 -2  0  1 -2  1 -3  2  0 -4  1 -3    6   4   4   3   1   9  11   1   2   2   8   9   1   7   1  19   5   0   5   2  0.21 inf
  160 V    4 -4 -3 -5  0 -4 -3  0 -3  0  0 -4  3 -2 -5  0 -1 -2 -2  3   30   1   1   1   2   0   1   6   1   5  10   0   7   2   0   6   4   1   1  20  0.54 inf
  161 L   -5 -4 -7 -7 -6 -6 -5 -5 -2  2  6 -6 -2  1 -7 -5 -6 -6 -2  0    1   1   0   0   0   0   1   1   1  10  68   0   1   6   0   1   0   0   1   6  1.51 inf
  162 R    0  1 -1  0 -2  2  0 -1  1  0 -1  2  0 -3 -1  1  0 -4 -3 -2    7   9   2   4   1   8   6   4   3   6   7  13   3   1   3  12   6   0   1   3  0.13 inf
  163 A   -1 -1  2 -2  0  1 -1  0  4 -2 -2  1  2 -3 -1  2  0 -5 -1 -1    5   3   9   2   2   5   3   6  10   2   3  10   7   1   3  17   6   0   2   4  0.23 inf
  164 T   -3 -5  6 -2  5 -1 -4 -5 -1 -4 -1 -1  0 -2 -4  2 -1 -7 -2 -5    2   0  39   2  11   3   1   1   2   1   7   3   2   2   1  16   3   0   1   1  1.08 inf
  165 R   -3  1  0 -3 -1  2  0 -4 -1 -2 -4  2 -3 -3  3  1  3 -2 -2 -4    1   8   5   1   1  10   7   1   1   2   1  14   0   1  14  11  16   1   1   1  0.47 inf
  166 A   -1  0  3 -1  0  1  0 -2  2 -4 -2  0 -4 -3 -3  3  1 -1 -2 -2    5   4  14   3   2   5   5   3   6   1   4   7   0   1   2  24   9   1   1   3  0.36 inf
  167 L   -5 -5 -3 -7 -6 -5 -5 -8 -3  2  6 -7 -1 -3 -3 -4 -5 -7 -6 -1    1   1   2   0   0   1   1   0   1   8  74   0   1   1   2   1   1   0   0   4  1.66 inf
  168 K   -4  2 -2 -1 -4  2  1 -5 -1 -1 -2  4 -2 -3 -5  0  3 -6 -4 -1    1  11   2   3   0   8  11   1   2   3   4  20   1   1   0   8  21   0   1   4  0.53 inf
  169 E   -2 -1  0 -2  0 -2  4 -4  4 -3 -5  0 -3 -1 -5  1  1 -6  1  0    3   3   5   2   2   1  29   1  10   2   1   6   1   3   0  10   9   0   5   6  0.55 inf
  170 L   -7 -8 -9 -4 -7 -8 -8 -9 -8  0  7 -8 -1  0 -8 -8 -7 -7 -7 -1    0   0   0   1   0   0   0   0   0   5  83   0   1   4   0   0   0   0   0   4  2.12 inf
  171 T   -4 -1  4  6 -3  0 -1 -3  1 -2 -5 -4 -5 -6 -5  1 -1 -4  0 -4    1   4  20  36   1   4   3   2   3   3   2   1   0   0   1  10   4   0   4   1  0.94 inf
  172 V   -5 -8 -8 -4 -4 -8 -8 -9 -8  3  6 -8  1  0 -5 -4 -7  0 -6 -1    1   0   0   1   0   0   0   0   0  12  70   0   3   4   1   1   0   1   0   4  1.67 inf
  173 S   -1  0  1 -1 -2  1 -2 -1  0 -4 -4 -2  0 -3 -5  5 -1  0 -1 -4    6   4   7   4   1   7   3   4   2   1   1   3   3   1   0  44   3   1   3   1  0.69 inf
  174 N   -3 -1  3  1  1 -1  0  3  3 -2 -2  1 -2 -2 -5  0 -3 -1  2 -3    1   4  13   7   3   3   7  19   8   2   4   8   1   2   0   8   1   1   7   1  0.34 inf
  175 N   -7 -2  8 -2 -1 -4 -5 -6  1 -4 -6 -4 -4 -1 -8 -1  1 -8 -2 -3    0   2  67   2   2   1   1   0   3   1   1   1   1   3   0   4   7   0   2   3  1.95 inf
  176 D   -1  1  3  1 -2  2  1  0  1 -2 -3  2 -1 -1 -1  1 -1 -3 -1 -3    4   6  13   8   1   9   9   6   3   3   3  11   1   3   3   9   3   0   2   2  0.21 inf
  177 I   -5 -4 -3 -3 -4 -5 -5 -8 -4  5  4 -4  1  1 -2 -6 -1 -6 -5  0    1   1   1   2   0   1   1   0   1  30  38   1   3   6   3   0   4   0   0   6  1.02 inf
  178 G   -4 -1  1 -2  0  0 -2  5 -1 -2 -4 -1 -4 -7 -6  3 -1  0 -4 -4    1   3   5   3   2   4   3  42   2   3   2   3   1   0   0  21   3   1   1   1  0.82 inf
  179 E   -3 -2  2  6 -3 -2  1 -2  1 -3 -3 -2 -3 -2  0 -1 -4 -7 -2 -2    3   2   8  44   1   2  10   4   3   2   3   2   1   2   4   4   1   0   2   3  0.88 inf
  180 A    0  0  0  2 -2  1  3 -3  0 -2 -3  1 -2 -3 -1  2  0 -3 -1 -1    7   6   3  12   1   5  18   2   2   3   3   8   1   1   3  14   6   0   2   4  0.24 inf
  181 G   -1 -2 -4  0  0 -5 -4  6 -4 -6 -5 -3  0 -6 -5  0 -1 -7 -7 -3    6   2   1   5   2   0   1  62   0   1   1   2   3   0   1   6   4   0   0   2  1.34 inf
  182 A    3 -1 -3 -4 -2 -3 -4 -1 -6  1  0 -4  3  0 -5 -2 -1 -2 -5  4   23   3   1   1   1   1   1   5   0   7  10   1   6   3   0   3   3   1   0  30  0.57 inf
  183 R   -1  2  0 -2 -2  2  2 -4  0 -1 -1  4  1 -3 -2  1 -1 -1 -3 -2    4  12   4   2   1   7  13   1   2   3   5  22   4   1   2   9   4   1   1   3  0.35 inf
  184 V    1  0 -1 -2 -2  1  0 -1  1 -1  2 -1 -1 -2 -2  1 -1 -3  2  0   13   6   3   1   1   6   7   4   3   3  20   3   1   1   1   9   3   0   6   6  0.11 inf
  185 L   -3 -7 -5 -8 -6 -7 -7 -5 -7  4  6 -7  0  1 -7 -5 -5 -2 -3  0    2   0   1   0   0   0   0   1   0  17  62   0   2   5   0   1   1   1   1   5  1.47 inf
  186 G    3 -3 -4 -5  7 -1 -5  2 -1 -1 -1 -5 -1 -1 -5  2 -1 -3 -2 -3   20   1   1   1  23   3   1  13   1   4   7   0   2   3   1  14   4   0   2   2  0.75 inf
  187 Q    0  1  0  2 -4  2  3 -3  0 -3 -3  1 -2 -3  1  0  0 -6 -4 -2    7   7   5  12   0   7  20   2   2   1   2   8   1   1   7   8   6   0   0   2  0.33 inf
  188 G    3 -3 -2 -2  1 -1 -2  2 -1 -1  0 -3  2 -2 -3  0  0 -5 -1  0   26   1   1   2   2   3   3  18   2   4   8   1   5   1   1   6   5   0   2   8  0.29 inf
  189 L   -4 -6 -6 -4 -4 -3 -4 -7 -4  1  6 -5  0 -1 -5 -6 -5 -2 -2  0    2   0   0   1   0   2   2   1   1   6  71   1   2   2   1   1   0   1   1   7  1.46 inf
  190 A    1  3 -1 -1  0  2  1 -1 -2 -2 -2  3 -1 -4 -1  0  0 -4 -3 -2   10  15   3   3   2   9   7   4   1   3   4  17   1   0   3   8   6   0   1   3  0.26 inf
  191 D   -2  0  3  2  0  1  0 -2  4 -2 -1  0 -2 -2  0  1 -2 -4 -1 -1    3   5  15  11   2   6   7   3  12   3   5   6   1   1   4   9   2   0   2   4  0.28 inf
  192 S   -1 -2  4 -4  5 -2 -3 -3  0 -4 -4 -1 -4 -4  4  3  0 -4 -5 -4    5   2  17   1  13   2   1   2   2   1   2   3   0   1  23  19   5   0   0   1  0.83 inf
  193 A    0  1  4 -2 -1  1 -1 -2  3 -3 -1  1 -1 -2 -2  0  1 -3 -2 -1    6   9  17   2   2   7   4   3   8   1   6   8   2   2   2   6  10   0   1   5  0.25 inf
  194 C   -2 -1 -1 -3  8 -2 -2 -2 -2 -2  1 -2 -3 -1  1  0  1 -4  0 -2    3   3   3   2  29   2   3   4   1   3  13   3   0   2   7   6  10   0   3   2  0.73 inf
  195 Q   -1  1  2 -1 -3  1 -1 -1  1 -1 -1  2 -2 -2 -2  2  2 -3 -2 -1    5   7   8   3   1   6   3   5   3   3   5  12   1   2   1  13  14   0   1   4  0.18 inf
  196 L   -2 -3  1 -5 -2 -3 -4 -6 -4  2  5 -4 -1 -2 -5 -1 -2 -1 -2  0    3   2   7   0   1   1   1   1   0  11  54   1   1   1   0   4   3   1   2   6  0.90 inf
  197 E   -2  1  0 -2 -3  3  3 -2 -1 -3  0  2 -3 -3 -4 -1  1 -2 -4 -2    4   7   4   2   1  14  20   3   2   1  11  14   0   1   0   4   9   1   0   2  0.38 inf
  198 T   -1  2  0 -2 -2 -1  0 -4  2 -1 -1  3 -1 -2 -4  1  2 -1  1  0    4  11   4   1   1   2   7   0   4   3   5  15   1   1   0  12  15   1   5   7  0.27 inf
  199 L   -2 -4 -2 -4 -2 -3 -6 -3 -3  1  6 -6 -2  0 -6 -5 -4 -4 -4  0    4   1   2   1   1   1   0   2   1   7  65   0   1   4   0   1   1   0   1   5  1.22 inf
  200 R   -2  2  3  2 -1  0  0 -1  1 -1 -1  0  0 -2 -4  1 -1  1  0 -2    2  13  13  13   1   4   5   4   3   3   6   6   3   2   0  10   3   2   4   3  0.21 inf
  201 L   -5 -7 -7 -7 -4 -7 -7 -7 -5  2  6 -6  1  1 -7 -6 -5 -3 -4 -1    1   0   0   0   0   0   0   1   0  11  72   1   2   5   0   0   1   0   1   4  1.67 inf
  202 E    0  2  0  1 -1  0  1  1  2 -3 -3  0  0 -2 -3  3 -2  0 -1 -2    7  10   4   7   1   5   8  10   4   1   2   4   2   2   1  24   2   1   2   2  0.26 inf
  203 N   -2  0  3  2  0 -1  0  1  2 -5 -4  1 -2 -1 -4  2 -3  3  0 -3    3   5  15  11   2   2   5  12   5   0   1   8   1   2   1  17   1   3   3   1  0.38 inf
  204 C   -4 -5  7 -4  9 -5 -6 -2 -1 -3 -5 -5 -6 -5 -5 -3 -1 -7 -7 -2    1   1  40   1  37   0   1   3   1   2   1   1   0   1   1   2   4   0   0   3  2.07 inf
  205 G   -2  0  3  0  1  2 -1  2  2 -5 -3  1  0 -4 -2  1 -2 -3 -1 -4    3   5  13   6   3   9   4  18   5   0   3   9   3   1   2  11   2   0   3   1  0.33 inf
  206 L   -3 -7 -4 -4 -6 -6 -7 -6 -7  6  4 -6  2  0 -7 -5 -2 -3 -5  0    3   0   1   1   0   0   0   1   0  41  35   0   4   4   0   1   2   0   0   5  1.30 inf
  207 T   -2 -1 -3 -1  0 -3 -2  4 -2 -6 -5 -2 -5 -6 -3  3  5 -3 -4 -5    3   4   1   3   2   1   3  24   1   0   1   3   0   0   2  22  29   0   1   0  0.85 inf
  208 P    1 -3  0  4 -2 -1  2 -1 -1 -3 -4 -2 -5 -3  3  1  0 -6 -3 -1   12   1   4  22   1   2  11   4   1   1   1   2   0   1  15  10   6   0   1   4  0.45 inf
  209 A    1  1 -1  2 -4  2  4 -1  0 -2 -2  1 -2 -3 -3 -1 -1 -5 -3 -1   12   7   2   9   0   7  25   4   2   2   4   9   1   1   1   5   3   0   1   4  0.34 inf
  210 N    1 -4 -1 -1  3 -1 -3  5  0 -2 -4 -4 -1 -2 -3  1 -3 -6 -1 -4    9   1   2   4   6   4   2  46   2   2   2   1   1   2   1  10   1   0   2   1  0.84 inf
  211 C    3 -3 -6 -5  7 -5 -5  0 -4  1 -2 -4  1 -2 -5 -2 -2  4  0  0   25   2   0   1  24   0   1   8   0   7   4   1   4   2   1   3   2   6   3   8  0.90 inf
  212 K    0  1 -2 -1 -1  2  2 -2  0 -1 -2  3  0 -2 -2  2 -2 -3 -4 -1    7   6   1   3   1  11  13   3   2   4   3  18   3   2   1  15   2   0   0   4  0.28 inf
  213 D    2 -1  0  2 -1 -1  0  0  1 -1 -2  0 -2  0 -3  1  0 -2  2 -1   22   3   3  12   1   2   6   5   3   4   4   5   1   4   1   8   4   0   7   4  0.16 inf
  214 L   -4 -5 -7 -7 -6 -6 -5 -5 -7  4  5 -5  0  2 -7 -6 -5 -6 -5  1    1   1   0   0   0   0   1   1   0  20  54   1   2   9   0   1   0   0   0   7  1.33 inf
  215 C    4 -4 -3 -2  4 -3 -4  1 -5 -1 -3 -4 -1  1 -4  2 -1 -6 -4  0   33   1   1   3   9   1   1  11   0   4   3   1   2   5   1  16   3   0   0   6  0.60 inf
  216 G    0  0  1  0 -3  1  2 -1 -1 -3 -1  0 -4  1 -1  3 -1 -2  0 -4    6   4   6   4   0   5  12   5   1   2   6   6   0   6   2  25   4   1   4   1  0.24 inf
  217 I    4 -4 -3 -4  0 -3 -3  0  0  0  0 -3  2 -1 -5  0 -1 -4  0  2   34   1   1   1   2   1   1   8   3   4   9   2   5   2   0   5   3   0   3  13  0.44 inf
  218 V   -3 -4 -7 -6 -3 -6 -3 -6 -7  2  6 -7  0  2 -7 -6 -5 -6 -5  0    3   1   0   1   1   0   2   1   0   9  67   0   2   6   0   0   1   0   0   5  1.46 inf
  219 A    1  2 -1 -2  0  1  0  0 -1 -1 -1  2  0 -2 -2  1  0 -3 -3 -1   13  11   2   2   2   8   5   8   1   5   5  12   3   1   1  11   5   0   1   3  0.14 inf
  220 S    0  0  2 -2  1  1 -1 -1  3 -3 -2  1 -3 -2 -2  3  1 -5 -1 -1    6   5   9   2   3   6   3   5   6   2   3  10   0   2   2  22   9   0   2   4  0.26 inf
  221 Q   -2 -5  7 -3  5 -3 -2 -4  0 -4 -1 -1  0 -4 -4  1 -2 -4 -1 -6    4   0  46   2  12   1   2   2   2   1   6   3   2   1   1  10   3   0   2   0  1.21 inf
  222 A   -2  0 -2 -2  2  2  1 -3 -1 -1 -4  3 -4 -4  3  0  3 -5 -4 -2    3   5   2   2   4   9   8   2   1   4   1  15   0   1  13   7  18   0   0   3  0.42 inf
  223 S   -1  0  3 -2  0  1 -1 -2  2 -3 -3  0 -2 -1 -3  3  2 -3 -1 -1    5   4  14   2   2   7   4   2   5   1   3   5   1   2   1  22  12   0   2   4  0.34 inf
  224 L   -7 -8 -5 -9 -7 -7 -6 -9 -2  2  6 -8 -2 -4 -6 -7 -4 -8 -7  0    0   0   1   0   0   0   1   0   1  11  77   0   0   1   1   0   1   0   0   5  1.90 inf
  225 R   -3  3 -2 -3 -3  2  1 -6 -1  0 -1  2 -3 -5 -6 -1  4 -7 -6 -1    2  17   1   1   1   8   9   0   1   5   6  13   1   0   0   4  24   0   0   4  0.57 inf
  226 E   -4 -1  1  0 -1  0  4 -4  5 -2 -4  1 -4 -2 -6  0  1  1  1 -2    1   3   6   5   2   3  27   1  12   2   1   9   0   2   0   6  10   2   4   3  0.57 inf
  227 L   -8 -9-10-10 -8 -8 -5-10 -9  0  7 -9  0  2 -9 -9 -7 -4 -7 -3    0   0   0   0   0   0   1   0   0   5  82   0   2   7   0   0   0   0   0   2  2.15 inf
  228 D   -3  0  4  6  1 -3 -1 -5  0 -2 -4 -4 -2 -1 -7  0 -2  1  0 -4    3   4  20  38   3   1   3   1   2   3   2   1   1   3   0   6   3   2   3   1  0.95 inf
  229 L   -7 -8 -7 -9  0 -8 -6 -9 -1  3  6 -8  0  0 -6 -7 -7 -8 -7  0    0   0   0   0   2   0   1   0   1  14  70   0   2   4   1   0   0   0   0   5  1.75 inf
  230 G   -1  1  0 -3 -1  1 -2  1 -1 -6 -7 -2 -4 -1 -6  5  0 -2  1 -3    5   7   4   1   2   5   2  10   1   0   0   2   0   3   0  45   6   1   4   2  0.78 inf
  231 S   -1 -1  3  2  3 -1  1  2  2 -3 -3  0  0 -1 -4  1 -3  0  1 -3    4   4  13  10   5   2   8  14   5   1   3   6   3   3   0  10   1   1   6   2  0.27 inf
  232 N   -6 -5  9 -4  1 -4 -4 -4 -5 -5 -7 -5 -4 -2 -8 -2 -1 -9 -1 -7    1   1  76   1   3   1   1   1   0   1   1   1   1   2   0   3   5   0   2   0  2.40 inf
  233 G   -1  1  2  2 -3  2  2 -1  1 -3 -3  2 -1 -2  0  0 -2 -3 -2 -2    6   6   8  11   1  10  11   6   3   1   3  13   2   2   5   7   1   0   1   3  0.23 inf
  234 L   -5 -2 -8 -5 -4 -4 -4 -7 -7  5  4 -4  0  1 -2 -7 -3 -1 -3 -1    0   2   0   1   0   1   1   0   0  33  42   1   2   5   3   0   2   1   1   4  1.17 inf
  235 G   -3 -1 -1 -1 -3  1 -1  5 -2 -6 -2 -1 -3 -5 -5  2  0 -6 -4 -6    2   3   3   4   1   5   5  45   1   0   5   5   1   0   0  13   6   0   1   0  0.81 inf
  236 D   -1 -2  2  7 -4 -1 -1 -2 -1 -5 -5 -3 -4 -4 -1  0 -2 -4 -3 -3    5   2   7  52   0   3   4   4   1   1   1   1   1   1   3   7   3   0   1   2  1.11 inf
  237 A    0 -1 -1  2 -3  1  4 -1 -3 -3 -4  1 -3 -2 -1  2  0 -3 -2 -2    8   3   2   9   1   6  25   4   0   2   2   8   1   2   4  14   6   0   1   3  0.35 inf
  238 G   -1 -3 -4 -2  0 -6 -5  7 -4 -5 -5 -3 -2 -1 -7 -2 -2 -7 -7 -4    4   2   1   3   2   0   1  71   0   1   1   2   1   3   0   4   2   0   0   2  1.65 inf
  239 I    4 -3 -6 -6  1 -5 -6 -1 -5  1  1 -6  2 -1 -4 -2 -2 -2 -4  4   29   2   0   0   2   0   0   5   0   7  12   0   5   3   1   3   2   1   1  28  0.71 inf
  240 A    0  1  0 -3 -1  2  1 -3 -1  0 -1  4  0 -3 -3  1 -1 -4 -2 -2    8   8   4   1   1   8  11   1   1   5   7  23   3   1   1  10   4   0   1   3  0.30 inf
  241 E    1  0  0  0 -1 -1  1 -1  1  0  1 -1 -1 -1 -1  1 -1 -1  1 -1   15   5   3   4   1   2  11   5   4   4  15   4   2   2   3   9   2   1   5   3  0.07 inf
  242 L   -4 -7 -7 -5 -6 -5 -4 -7 -4  3  6 -5  0  0 -7 -2 -6 -6 -3 -1    2   0   0   1   0   0   1   0   0  15  65   1   2   4   0   4   0   0   1   3  1.42 inf
  243 C    3 -5 -4 -5  7 -2 -5  1 -4 -1 -1 -5  1 -3 -4  3 -1 -3 -2 -1   20   1   1   0  20   2   1  12   0   3   6   0   4   1   1  18   3   0   2   4  0.75 inf
  244 P    1  0  0  2 -4  2  3 -2 -2 -4 -2  1 -3 -2  1  1  0 -5 -3 -1   12   4   4  10   0   9  18   2   1   1   3   8   0   2   6   9   6   0   1   4  0.27 inf
  245 G    3 -1 -2 -3 -1 -1 -2  2 -1 -2  0 -2  0 -2 -4  1  0 -5 -2  0   27   3   2   1   1   3   2  17   2   2   9   2   3   1   1   9   6   0   1   7  0.30 inf
  246 L   -4 -4 -6 -6 -5 -3 -6 -6 -3  2  6 -6  2  1 -5 -5 -5 -4 -4  0    2   1   0   0   0   1   0   1   1   9  65   0   4   5   1   1   0   0   0   7  1.37 inf
  247 L    0  2 -1 -3  2  1 -1 -2 -2  0  1  3  0 -2 -2 -1 -1 -4 -3 -1    6  13   3   1   4   7   4   3   1   5  17  19   2   2   2   5   4   0   1   3  0.24 inf
  248 S   -1  0  2  1  1  2  0 -2  5 -3 -2  0 -2 -3 -2  2  0 -2  0 -3    5   4   9   8   3   8   5   3  13   1   5   6   1   1   2  15   6   0   3   2  0.29 inf
  249 P   -2 -3  3 -2  3  0 -1 -1 -1 -1 -2 -1 -1 -1  4  1  1 -4 -2 -1    3   1  12   2   7   3   5   4   2   3   4   4   2   3  23   9   7   0   1   4  0.38 inf
  250 A   -2  1  5 -1  2  0 -1 -2  3 -4  0  1  1 -1 -4 -1  0 -5 -3 -3    3   6  26   3   4   4   3   4   7   1   8  10   4   3   1   5   5   0   1   2  0.41 inf
  251 S   -2  0 -1 -4  8 -1 -3 -2 -2 -3 -2  2 -5 -2 -1  1  2 -5  0 -5    3   4   3   1  28   3   2   3   1   2   4  13   0   2   3  10  14   0   4   1  0.85 inf
  252 R    1  1  2 -3 -4  1 -2 -2  2 -1 -2  2 -3 -1 -2  0  3 -5 -2 -1   11   7  11   1   0   8   1   3   5   4   4  11   0   3   2   7  17   0   1   4  0.26 inf
  253 L   -6 -4 -5 -8 -6 -7 -7 -8 -3  2  6 -6  0 -1 -7 -3 -4 -7 -5  0    1   1   1   0   0   0   0   0   1  11  71   0   2   2   0   2   1   0   0   5  1.60 inf
  254 K   -2  2  0 -1 -5  4  3 -4 -1 -2 -2  3 -3 -4 -4 -1  2 -5 -4 -1    2   9   4   3   0  17  16   1   1   2   5  17   1   1   0   5  12   0   0   4  0.51 inf
  255 T   -1  1  1 -2 -3 -1  0 -3  2 -1 -2  2 -1 -2 -4  2  3 -2  1  0    5   6   6   2   1   2   5   1   4   3   3  12   1   2   0  14  18   0   5   8  0.25 inf
  256 L   -5 -6 -7 -5 -6 -6 -6 -5 -6  1  6 -6 -2 -2 -6 -6 -5 -6 -3 -2    1   0   0   1   0   0   0   1   0   7  80   0   1   1   0   1   1   0   1   3  1.85 inf
  257 W   -3  2  3  3 -1  0 -2 -2  1 -1 -2 -1  0 -3 -5  0 -2  4  0  0    1  11  15  18   2   3   2   3   3   4   4   3   2   1   0   8   2   6   4   6  0.38 inf
  258 L   -4 -5 -5 -7 -6 -4 -4 -8 -5  3  6 -7  1  1 -6 -5 -5 -6 -4 -1    1   1   1   0   0   1   1   0   0  13  67   0   3   5   1   1   0   0   0   3  1.51 inf
  259 W    0  2  1 -2  0  1  0  1  1 -3 -3 -1 -2 -2 -3  3 -1  3  0 -2    7  10   6   2   2   5   6  11   4   2   2   3   1   1   1  23   3   4   4   3  0.25 inf
  260 E   -2  1  3  1  1  0  1  1  2 -3 -3  0 -1  0 -4  1 -3  2  1 -4    2   7  14   8   3   5   8  12   5   1   3   7   1   4   1  10   1   3   5   0  0.27 inf
  261 C   -5 -5  7 -5  9 -5 -5 -5 -2 -4 -5 -3 -7 -7 -4 -1 -1 -8 -5 -4    1   1  42   0  35   0   1   1   1   1   1   2   0   0   1   5   4   0   0   2  2.10 inf
  262 D   -3  1  2  1  2  3 -1  0  3 -3 -2  1  0 -2 -2  2 -2 -5 -1 -3    2   6  11   7   5  11   4   9   7   1   4   8   2   2   2  14   1   0   2   2  0.28 inf
  263 I   -3 -7 -7 -6 -6 -7 -7 -7 -7  6  4 -7  0  1 -6 -4 -3 -6 -6  0    2   0   0   1   0   0   0   1   0  43  37   0   2   6   0   2   1   0   0   5  1.46 inf
  264 T   -2 -3 -2 -1 -3 -1 -3  3 -1 -5 -4 -4 -4 -3 -2  2  5 -4 -4 -4    3   1   2   4   1   3   2  24   1   1   2   1   0   1   3  16  35   0   1   1  0.84 inf
  265 A    2 -4  0  4 -1 -1  2 -2 -1 -3 -4 -3 -4 -3  2  2 -2 -4 -3  0   15   0   4  19   1   2  15   3   1   1   2   1   0   1  10  14   2   0   1   6  0.43 inf
  266 S    2 -1 -1  2 -6  1  4 -1 -2 -1 -3  1 -3 -5 -3 -1 -1 -6 -3 -2   16   4   3  10   0   7  25   4   1   4   3   9   1   0   1   4   4   0   1   4  0.38 inf
  267 G    1 -5 -3  0  5  0 -3  5  0 -6 -5 -5 -6 -2 -5  0 -3 -4 -2 -5   13   0   1   5  10   5   2  45   3   0   1   1   0   2   0   8   1   0   1   1  1.02 inf
  268 C    3 -5 -6 -5  8 -6 -4 -1 -2  0 -1 -5  1 -1 -6 -1 -1  4 -2  1   23   1   0   1  27   0   1   5   1   5   6   1   3   2   0   4   4   5   2   9  0.98 inf
  269 R    0  1 -2 -1 -3  2  2  0 -2 -1 -2  3 -1 -3 -3  2 -1 -4 -3  0    8   6   1   3   0   9  15   6   1   3   3  15   1   1   1  16   3   0   1   6  0.27 inf
  270 D    2 -1  0  1 -1 -1  0  0  3  0 -3 -2 -2  1 -2  1  0 -3  2 -1   16   3   4  10   1   3   5   6   8   5   2   2   1   5   2  12   6   0   7   4  0.18 inf
  271 L   -4 -7 -8 -8 -6 -7 -8 -8 -8  4  6 -7  1  1 -8 -7 -6 -7 -6  0    1   0   0   0   0   0   0   0   0  20  62   0   3   6   0   0   0   0   0   6  1.64 inf
  272 C    4 -6 -4 -6  2 -4 -4  2 -3 -2 -3 -3 -3 -1 -5  3  0 -7 -3  0   33   0   0   0   4   1   1  14   1   2   2   1   1   2   0  23   7   0   1   5  0.73 inf
  273 R   -1  0 -1 -1 -4  2  2 -2 -2 -3 -1  2  0  0 -1  3 -1 -5  0 -4    6   4   3   4   0  10  14   3   1   2   8  10   2   4   3  22   3   0   3   0  0.29 inf
  274 V    4 -4 -3 -5 -2 -5 -4  1 -5 -2 -1 -5  4 -2 -6 -1 -1 -6 -3  3   37   1   1   1   1   0   1  11   0   2   5   0   9   2   0   5   4   0   1  18  0.73 inf
  275 L   -5 -6 -7 -7 -1 -5 -7 -7 -7  1  6 -5 -2 -2 -7 -6 -4 -6 -6 -1    1   1   0   0   1   1   0   0   0   8  77   1   1   2   0   1   1   0   0   4  1.78 inf
  276 Q    1  2 -2 -2  1  3  0 -1 -2 -1 -1  2  2 -3  0  1 -1 -4 -4 -1   11  11   1   2   3  12   4   5   1   4   6  11   5   1   5   9   3   0   0   3  0.19 inf
  277 A    0 -1  2 -1  0  0 -1 -1  1 -2 -1  1 -2 -2 -2  3  1 -3 -2  0    6   3  11   3   2   5   4   5   3   2   6   8   1   1   1  21   8   0   1   7  0.18 inf
  278 K   -4 -5  7 -4  5 -4 -1 -5  0 -5 -1 -2 -5 -2 -6  1 -1 -7 -5 -6    2   1  52   1  10   1   4   1   2   1   8   3   0   2   0   9   4   0   1   1  1.48 inf
  279 E   -2  1 -1 -3  3  2  1 -3  0 -2 -3  3 -4 -6  2  1  3 -5 -2 -4    3   7   3   1   5   9   9   1   2   2   2  16   0   0  11   8  16   0   1   1  0.42 inf
  280 T   -2 -1  3 -2  0  0 -2 -3  2 -4 -3  0 -2 -2 -3  4  3 -3 -4  0    2   3  14   1   2   4   3   2   5   1   3   6   1   2   1  27  15   0   0   7  0.48 inf
  281 L   -7 -8 -6 -9 -2 -3 -9 -9 -3  2  6 -8 -1 -5 -5 -8 -3 -8 -7  0    0   0   1   0   1   1   0   0   1   9  77   0   1   0   1   0   2   0   0   5  1.88 inf
  282 K   -3  3 -3 -2 -5  1  0 -6 -5  0  0  3 -1 -5 -6 -1  4 -7 -5 -2    1  16   1   3   0   7   7   0   0   5   8  16   1   0   0   5  27   0   0   3  0.63 inf
  283 E   -4 -1 -1 -2 -1 -2  5 -6  5 -3 -4  1 -5 -1 -6  1  1 -2  0 -2    1   3   3   2   2   1  35   0  12   2   1   7   0   2   0   9   9   1   4   4  0.74 inf
  284 L   -6 -8 -9 -9 -7 -8 -6 -9 -9  0  7 -8 -2  1 -9 -8 -7 -8 -7 -1    1   0   0   0   0   0   1   0   0   5  83   0   1   5   0   0   0   0   0   4  2.13 inf
  285 S   -3 -2  3  6  1 -3  0 -2  2 -3 -5 -2 -5 -2 -6  1 -2 -4  2 -5    2   3  14  36   3   1   6   3   4   2   1   2   0   2   0  10   2   0   6   1  0.83 inf
  286 L   -7 -6 -5 -9 -7 -8 -9 -9 -4  3  6 -8  1 -1 -9 -7 -7 -8 -7 -1    0   0   1   0   0   0   0   0   0  12  74   0   3   3   0   0   0   0   0   5  1.87 inf
  287 A    0  0  0 -2  0  1 -3  2 -3 -3 -5 -3 -6 -3 -5  5 -1  2 -1 -4    8   4   5   2   2   6   1  15   1   2   1   2   0   1   0  41   3   3   2   1  0.72 inf
  288 G   -1 -1  3  0 -1 -1  1  2  2 -3 -2  1  0 -1 -4  0 -3  0  2 -3    4   4  12   5   2   2  10  16   5   1   4  10   2   2   0   8   1   1   8   2  0.24 inf
  289 N   -6 -5  9 -4  1 -7 -7 -5 -1 -7 -4 -6 -8 -4 -9 -4 -3-10  0 -8    1   1  82   1   3   0   0   1   1   0   3   0   0   1   0   1   2   0   3   0  2.75 inf
  290 K    0  1  2  2 -4  3  0 -2  1 -2 -3  2 -3 -2  2  0 -3 -3 -2 -3    7   8  11  10   0  12   6   3   3   2   3  13   0   2   9   5   1   0   1   2  0.30 inf
  291 L   -5 -4 -6 -8 -3 -6 -6 -8 -8  6  4 -7  1  0 -3 -6 -3 -7 -5  1    1   1   0   0   1   0   0   0   0  40  38   0   3   3   2   1   2   0   0   8  1.37 inf
  292 G   -2 -1 -3 -2 -3  0  0  6 -3 -7 -4  1 -4 -5 -5  1  0 -3 -4 -5    3   3   1   2   1   5   7  50   1   0   2   8   0   0   0   9   5   0   1   1  0.95 inf
  293 D   -1 -5  2  7 -7 -1  0 -1 -2 -6 -6 -3 -1 -6 -1  0 -3 -8 -4 -4    5   1   8  53   0   3   5   4   1   0   1   1   2   0   3   8   2   0   1   2  1.24 inf
  294 E   -1  0  0  2 -3  0  4 -1 -3 -1 -3  1 -2 -2  0  2  0 -5 -3 -3    5   4   4   9   0   5  26   5   0   3   2   7   1   2   4  14   6   0   1   2  0.34 inf
  295 G   -1 -4 -6 -3 -1 -6 -3  7 -8 -7 -9 -7 -4 -6 -8 -1 -3 -8 -9 -4    6   1   0   2   1   0   2  78   0   0   0   0   1   0   0   4   2   0   0   1  2.04 inf
  296 A    4 -3 -5 -6  0 -4 -3 -1 -7  1  1 -6  2 -3 -6 -2 -2 -7 -6  4   35   1   0   0   2   1   2   5   0   6  11   0   4   1   0   2   2   0   0  27  0.82 inf
  297 R   -1  1  1 -3 -3  2  1 -3  0  0 -1  4  1 -4 -2  1 -2 -3 -3 -2    4   6   6   1   1   9   8   1   2   5   5  27   3   0   2  10   2   0   1   3  0.38 inf
  298 L    2  0  0 -2  0  0  0  0  2 -1  2 -1  0  0 -2  0 -1 -2  0  0   17   6   4   2   2   3   5   6   5   2  20   3   2   3   1   7   2   0   4   5  0.09 inf
  299 L   -6 -8 -9 -9 -7 -8 -5 -7 -8  3  6 -8 -1  2 -8 -8 -5 -7 -6 -1    0   0   0   0   0   0   1   0   0  16  70   0   1   7   0   0   0   0   0   4  1.78 inf
  300 C    3 -6 -4 -6  7 -5 -6  1 -4 -1 -2 -4 -2 -4 -6  2 -1 -1 -2  0   24   0   1   0  24   0   0  12   0   3   5   1   1   1   0  14   4   1   2   5  0.94 inf
  301 E    0  0  0  2 -4  2  4 -2 -2 -3 -2  1 -2 -3 -1  0 -1 -3 -3 -2    8   4   4  12   0   8  24   3   1   1   5  10   1   1   3   8   3   0   1   3  0.33 inf
  302 S    4 -2 -3 -4 -2 -3 -2  2 -3 -2  0 -2  0 -4 -3  1 -1 -5 -2  0   34   2   1   1   1   1   2  17   1   2  11   2   3   0   1   9   4   0   2   8  0.47 inf
  303 L   -3 -2 -6 -6 -1 -6 -4 -6 -6  2  6 -5  1 -1 -5 -3 -5 -5 -4  0    3   2   0   0   1   0   1   1   0   9  65   1   3   3   1   2   0   0   0   6  1.29 inf
  304 L    0  1 -2 -2 -1  2 -1 -1 -2  0  0  4  0  0 -1  0 -1 -1 -3 -1    8   9   1   2   1   8   4   5   1   5   8  23   3   3   2   7   3   1   1   3  0.21 inf
  305 Q   -1 -1  3  2  0  1  1 -3  5 -3 -1  1 -3  0 -3  0 -1 -4  0 -3    4   3  12  10   2   6   9   2  12   1   8   8   1   5   1   7   3   0   3   2  0.29 inf
  306 P    0 -2  1 -2  0 -1 -1 -1 -1 -1 -2 -1 -2 -3  5  1  0 -4 -2 -2    6   2   6   2   2   3   4   6   2   3   3   3   1   1  30  12   7   0   1   4  0.49 inf
  307 G   -2 -1  6  1 -1  0 -1 -1  4 -4 -1  0 -3 -3 -4  0 -1 -5 -3 -2    4   3  32   6   2   4   3   4  11   1   7   7   1   1   1   6   4   0   1   3  0.61 inf
  308 C   -2  0 -2 -4  8 -1 -4 -3  0 -3 -1  0 -5 -2  0  2  2 -3 -2 -4    3   5   2   1  33   3   1   2   2   2   6   5   0   2   6  13  11   0   1   1  0.97 inf
  309 Q    0  1  2 -4 -1  2 -3 -3  1 -2 -3  3 -3 -4 -2  2  3 -5 -2 -1    9   6   9   0   1  11   1   2   3   2   2  15   0   1   2  14  15   0   1   5  0.36 inf
  310 L   -7 -5 -1 -8 -5 -6 -8 -8 -8  2  6 -6  1 -3 -8 -4 -4 -7 -5 -1    0   1   4   0   0   0   0   0   0   9  74   0   3   1   0   1   1   0   0   4  1.70 inf
  311 E   -2  2 -1 -2 -4  3  4 -5 -1 -4 -1  3 -3 -5 -5 -2  2 -6 -4 -2    2   9   3   2   0  14  22   1   1   1   6  17   1   0   0   3  13   0   0   3  0.59 inf
  312 S   -1 -1  0 -1  0 -1  1 -4  1 -1 -2  1 -2 -2 -4  2  3  0  1  0    4   3   3   4   2   2   9   1   3   4   3   9   1   1   0  17  21   1   4   7  0.28 inf
  313 L   -6 -7 -5 -8 -7 -7 -8 -8 -8  1  7 -7 -1 -3 -8 -6 -7 -4 -6 -1    1   0   1   0   0   0   0   0   0   6  84   0   1   1   0   1   0   0   0   3  2.09 inf
  314 W   -3  1  2  4 -2 -2  0 -1  1 -2 -2 -1 -2 -3 -5  1 -3  4  1 -1    1   9  11  25   1   1   6   5   3   2   4   3   1   1   0   9   1   5   5   4  0.44 inf
  315 V   -5 -8 -7 -9 -7 -7 -8 -9 -8  3  6 -8  2 -1 -8 -6 -6 -7 -6  1    1   0   0   0   0   0   0   0   0  15  67   0   5   3   0   1   0   0   0   7  1.69 inf
  316 K    0  1  1 -1  0  1  0  1 -2 -4 -4 -1 -1 -2 -2  3 -2  3 -2  0    8   7   6   3   2   5   6  10   1   0   1   3   2   2   2  25   2   4   1   8  0.27 inf
  317 S   -2 -1  3  2  1 -1 -1  2  1 -3 -3 -1  0  0 -5  1 -2  4  1 -3    2   4  16  10   3   2   3  18   4   2   2   4   3   3   0  11   3   5   4   2  0.34 inf
  318 C   -4 -6  7 -4  9 -7 -8 -6 -3 -4 -7 -7 -8 -9 -6 -1  0 -9 -7 -3    2   0  41   1  40   0   0   0   1   1   0   0   0   0   0   4   5   0   0   2  2.37 inf
  319 S   -1  1  2  0  1  3  1  1  1 -5 -2  1 -3 -1 -2  1 -2 -5 -2 -3    4   7  11   6   3  12   7  11   3   0   4   8   1   3   2  13   1   0   2   2  0.26 inf
  320 L   -4 -8 -9 -9 -4 -8 -8 -7 -5  7  4 -8  1  0 -7 -8 -6 -7 -6  0    1   0   0   0   0   0   0   0   0  50  34   0   3   4   0   0   0   0   0   6  1.72 inf
  321 T   -3 -1 -1  1 -2 -2 -1  4 -1 -6 -7 -2 -4 -7 -4  1  5 -7 -7 -6    2   4   3   7   1   2   4  27   1   0   0   3   0   0   1  11  35   0   0   0  0.93 inf
  322 A    2 -1  0  4 -2 -1  2 -2 -1 -4 -4 -2 -4 -3  0  2 -1 -5 -3  0   17   3   4  22   1   2  11   3   2   1   1   3   0   1   5  13   3   0   1   7  0.41 inf
  323 A    1  0 -1  1 -6  2  4 -2 -2  0 -2  2 -2 -3 -3 -1 -2 -4 -5  0   14   4   3   7   0   9  25   3   1   5   3  10   1   1   1   5   2   0   0   6  0.37 inf
  324 C    1 -6 -3 -2  5 -2 -5  6 -4 -5 -5 -6 -4 -2 -7  1 -1 -7 -7 -4   10   0   1   2  12   2   1  50   0   1   1   0   0   2   0  11   5   0   0   1  1.23 inf
  325 C    4 -5 -5 -3  8 -5 -5 -2 -5  0 -3 -6  0  0 -6 -3 -2 -1 -2  1   32   1   0   2  30   0   1   4   0   4   3   0   3   4   0   2   3   1   1   8  1.22 inf
  326 Q    0  0 -2 -1 -4  3  2 -3 -1 -1 -2  3 -1 -3 -1  2 -1 -2 -4 -1    6   5   1   3   0  12  13   2   1   3   4  19   1   1   3  14   4   1   0   5  0.31 inf
  327 H    2 -1  0  2  0 -2  0  0  2 -1 -2 -2 -2 -2 -3  1 -1 -2  1 -1   20   3   5  13   2   1   6   7   5   3   4   2   1   2   1  11   4   0   6   5  0.19 inf
  328 V   -5 -8 -8 -8 -7 -6 -8 -8 -8  4  6 -8 -1  2 -6 -7 -6 -7 -4  0    1   0   0   0   0   0   0   0   0  21  63   0   1   6   0   0   0   0   0   5  1.67 inf
  329 S    5 -5 -5 -3  2 -5 -5  2 -6 -3 -4 -4 -2 -2 -5  3 -1 -7 -3 -3   41   1   0   2   4   0   0  15   0   2   2   1   1   2   1  22   4   0   1   2  0.92 inf
  330 L    0 -2  0  0 -1  1  2 -2 -2 -2 -1  1 -3 -2 -3  4  0 -6 -2 -3    9   2   5   5   1   5  16   3   1   3   5   8   0   2   1  27   6   0   1   1  0.34 inf
  331 M    5 -6 -5 -6  2 -4 -4  1 -4 -2  0 -4  3 -4 -6  0 -2 -7 -5  3   40   0   0   0   4   1   1  10   0   1   8   1   7   1   0   5   3   0   0  16  0.79 inf
  332 L   -4 -5 -6 -7 -3 -6 -7 -6 -7  3  6 -4  0 -1 -5 -3 -5 -4 -4 -1    1   1   0   0   1   0   0   1   0  13  69   1   1   3   1   3   1   0   1   3  1.47 inf
  333 T    2  1 -2 -2 -1  1  0  0 -1 -2 -2  2 -1 -4 -2  2  1 -2 -2  0   17   8   1   1   1   7   6   7   1   3   4  11   2   0   2  14   7   0   1   7  0.19 inf
  334 Q    0  0  3 -2  0  1  0 -2  2 -1 -2  2 -2 -3 -3  2  0 -4  1  0    7   4  13   2   2   6   5   3   6   3   4  11   1   1   1  17   6   0   4   6  0.21 inf
  335 N   -3 -6  7 -4  6 -5 -4 -5  1 -6 -1 -2 -2 -4 -6  0 -1 -7 -4 -5    2   0  51   1  15   0   1   1   3   0   7   3   1   1   0   8   4   0   1   1  1.56 inf
  336 K   -3  0 -1 -4  3  2 -1 -4  0 -2 -4  3 -2 -6  4  0  3 -7 -3 -3    2   6   2   1   6  10   3   1   2   3   2  16   1   0  18   8  17   0   1   2  0.56 inf
  337 H    0 -2  3 -3  0  1 -3 -3  4 -4 -3 -1 -3 -1 -3  3  2 -4 -3  0    7   2  15   1   2   7   1   2  10   1   2   4   0   3   1  20  14   0   1   6  0.47 inf
  338 L   -7 -8 -5 -9 -7 -8 -9-10 -5  2  7 -8 -1 -3 -7 -7 -7 -8 -7 -1    0   0   1   0   0   0   0   0   0  10  82   0   1   1   0   0   0   0   0   3  2.13 inf
  339 L   -3  3 -3 -4 -3  1  2 -6 -2 -2  0  3 -2 -6 -6 -1  4 -2 -5 -1    2  16   1   1   1   7  13   0   1   3   8  15   1   0   0   4  24   1   0   4  0.60 inf
  340 E   -3  0  2 -2 -1 -1  3 -5  3  0 -3  1 -2 -3 -5  2  2 -4 -2  1    2   4   9   2   1   2  22   0   6   6   2   8   1   1   0  13  10   0   1   9  0.40 inf
  341 L   -8 -5-10-10 -5 -8 -9-10 -9  1  7 -9 -2 -2 -9 -9 -7 -8 -7 -1    0   1   0   0   0   0   0   0   0   7  86   0   1   2   0   0   0   0   0   4  2.23 inf
  342 Q   -5 -4  4  6  1  0 -1 -5  1 -4 -5 -2 -5 -7 -7  0 -2 -2  2 -4    1   1  20  42   3   4   4   1   3   1   1   2   0   0   0   6   2   1   6   2  1.17 inf
  343 L   -6 -8 -9-10 -7 -8 -9-10 -5  2  6 -9  1 -2 -9 -8 -7 -3 -7  0    0   0   0   0   0   0   0   0   0  11  76   0   3   2   0   0   0   0   0   7  1.96 inf
  344 S    0  2  0 -2  0 -2 -3  2 -5 -7 -7 -3 -3 -5 -4  6 -1 -4 -1 -5    7   9   4   3   2   2   2  14   0   0   0   1   1   1   1  48   3   0   2   1  0.95 inf
  345 S   -2 -1  3  0  0 -1  1  2  1 -4 -3  0  0  1 -5  0 -3  5  1 -4    3   4  13   6   2   3   9  16   3   1   3   5   2   5   0   9   1   8   5   1  0.36 inf
  346 N   -7 -4  9 -5  0 -7 -6 -6 -3 -7-10 -6 -9 -6 -9 -3 -4-10 -7 -7    0   1  89   0   2   0   0   1   1   0   0   0   0   1   0   2   1   0   0   0  3.13 inf
  347 K    0  1  2  2 -3  2  1  0  2 -3 -2  3 -3 -3  0  0 -1 -6 -2 -3    7   7   8  10   0  10   9   7   5   1   3  16   0   1   4   5   3   0   1   2  0.27 inf
  348 L   -7 -8 -9 -9  1 -8 -8 -9 -8  6  4 -8  2  1 -4 -8 -6 -7 -5  0    0   0   0   0   3   0   0   0   0  40  40   0   4   4   1   0   0   0   0   6  1.60 inf
  349 G   -2  0 -2  0 -5  2  0  6 -2 -6 -5  0 -3 -6 -5  0  0 -5 -4 -3    3   5   2   5   0   8   6  49   1   0   2   5   1   0   0   6   5   0   1   2  0.91 inf
  350 D   -2 -5  1  7 -8 -3 -3 -2 -2 -3 -4 -3 -4 -5 -2 -2 -2 -8 -4 -1    4   1   7  61   0   1   2   4   1   2   2   1   1   1   2   4   3   0   1   4  1.47 inf
  351 S    1 -1 -1  2 -3  0  4 -1 -3 -2 -3  1 -3 -4 -2  2  0 -2 -3 -2   12   2   2  10   1   3  25   4   0   2   2   8   1   1   2  15   6   1   1   2  0.37 inf
  352 G   -1 -6 -2 -3 -4 -7 -5  7 -8 -7 -8 -6 -8 -6 -5 -2 -5 -8 -8 -3    6   1   2   2   0   0   1  81   0   0   0   0   0   0   1   3   1   0   0   2  2.16 inf
  353 I    4 -6 -3 -7  0 -6 -5 -1 -5  0  0 -5  2 -4 -6 -4 -2 -4 -5  4   36   0   1   0   2   0   0   5   0   6   9   1   4   1   0   1   2   0   0  31  0.93 inf
  354 Q   -1  0 -1 -2  0  1  0 -3 -2  0 -1  4  0 -4 -3  1 -1  1 -3  0    6   5   3   1   2   7   6   2   1   6   6  28   2   1   1  11   4   2   1   6  0.31 inf
  355 E    2 -1 -1 -2 -1 -1  0  0  2 -1  1  0 -1 -1 -2  1 -1 -2  0 -1   19   3   3   2   1   3   7   6   5   3  18   5   1   3   2  10   4   0   3   2  0.11 inf
  356 L   -6 -8 -9 -9 -7 -8 -8 -9 -8  4  6 -8  0  0 -8 -8 -7 -7 -6 -1    1   0   0   0   0   0   0   0   0  18  72   0   2   4   0   0   0   0   0   4  1.90 inf
  357 C    4 -5 -4 -6  7 -3 -5  1 -6 -4 -2 -5 -4 -2 -6  2 -2 -2 -4 -1   28   1   1   0  23   1   0  12   0   1   5   1   0   2   0  17   3   1   1   5  1.01 inf
  358 Q    0  0  0  3 -4  2  4 -3 -2 -4 -3  2 -4 -3 -4  0 -1 -3 -2 -4    8   5   4  14   0  10  27   2   1   1   3  10   0   1   1   7   3   0   1   1  0.51 inf
  359 A    4 -3 -3 -4  0 -4 -2  3 -3 -2 -1 -4  2 -2 -4  1  0 -5 -3  0   31   2   1   1   2   1   3  23   1   2   6   1   4   2   1   8   5   0   1   6  0.52 inf
  360 L   -4 -5 -7 -7 -6 -6 -6 -5 -6  2  6 -6  0  0 -6 -6 -3 -6 -5 -2    2   1   0   0   0   0   0   1   0   9  76   0   2   3   0   0   1   0   0   2  1.70 inf
  361 S    1  2 -2 -3  0  1  1  0 -2 -2 -1  4  0 -3 -1  0 -1 -4 -2 -2   12   9   1   1   2   6   9   6   1   3   7  23   3   1   3   6   4   0   1   2  0.27 inf
  362 Q   -3  0  2  1 -3  3  0 -3  5 -2 -1  2 -3 -2 -3  1 -2 -2  0 -2    2   4  10   9   1  11   6   2  12   2   6  13   1   2   1  11   2   1   3   2  0.35 inf
  363 P   -1 -2  0 -2  1  1 -2 -1 -2 -2 -1 -1 -1 -1  5  1  0 -4 -2  0    5   2   5   2   3   6   2   4   1   2   7   3   2   3  28   9   5   0   2   8  0.39 inf
  364 G   -4 -2  7  0  2  0 -3 -1  4 -4 -1 -3 -4 -6 -3  0 -1 -4 -4 -5    1   3  46   5   4   4   1   5   8   1   6   2   0   0   2   7   3   0   1   1  1.06 inf
  365 T   -2 -1  0 -4  8 -3 -2 -4 -2 -1 -2  0 -1 -2 -3  2  3 -4 -5 -3    3   3   4   1  30   1   3   1   1   3   4   6   1   2   1  17  16   0   0   2  0.97 inf
  366 T   -1  0  3 -3 -4  1 -3 -3  1 -3 -3  3 -3 -2 -3  2  3 -6 -4 -1    5   5  11   1   0   7   1   2   3   1   2  21   0   2   1  12  20   0   1   5  0.49 inf
  367 L   -7 -7 -5-10 -2 -7 -9-10 -6  1  7 -7 -2 -4 -9 -5 -6 -5 -6 -1    0   0   1   0   1   0   0   0   0   7  83   0   1   0   0   1   0   0   0   4  2.04 inf
  368 R   -3  3 -2 -2 -6  4  3 -5  0 -2 -2  3 -3 -6 -5 -1  2 -6 -4 -2    2  15   2   2   0  17  16   1   3   2   4  14   0   0   0   5  12   0   0   3  0.59 inf
  369 V   -2  1  0 -1  0 -2  1 -4  2  0 -4  1  0 -2 -5  1  3 -5  0  1    3   9   4   4   2   1   9   1   5   5   0  10   3   2   0   9  21   0   4  10  0.32 inf
  370 L   -7 -8 -9 -9 -7 -8 -9 -9 -9  2  7 -8 -2 -1 -9 -8 -7 -8 -7  0    0   0   0   0   0   0   0   0   0   9  82   0   1   2   0   0   0   0   0   6  2.13 inf
  371 C   -5  2  2  4 -4 -1 -1  0  1 -4 -4 -1 -4 -2 -6  0 -3  5  2 -2    0  12  11  25   0   3   4   8   3   1   1   4   0   1   0   6   1   7   6   3  0.60 inf
  372 L   -5 -8 -9 -9 -7 -8 -9 -9 -9  3  6 -8  1 -1 -7 -8 -7 -2 -5  0    1   0   0   0   0   0   0   0   0  12  75   0   3   2   0   0   0   1   0   5  1.90 inf
  373 G   -1  1  0  1  1  0  1  1 -1 -4 -6 -2 -3 -4 -4  4 -2  2 -1 -2    4   7   4   8   3   4  10  10   1   1   0   2   0   1   1  33   2   3   2   3  0.49 inf
  374 D   -1 -1  3  1  0  0  0  2  1 -3 -3  1  0 -1 -5  1 -1  1  2 -4    5   4  14   9   2   3   7  13   3   1   2   7   3   2   0  12   2   2   8   1  0.27 inf
  375 C   -6 -8  7 -4  9 -6 -7 -8 -7 -6 -7 -6 -5 -6 -8 -3 -2 -5 -7 -5    1   0  52   1  37   0   0   0   0   1   1   0   0   0   0   3   2   0   0   1  2.70 inf
  376 E   -2  1  2  0 -1  3  2  2  1 -5 -3  1  2 -3 -2  1 -3 -4 -2 -5    2   7   9   5   1  13  12  13   3   0   3   8   5   1   2  13   1   0   1   0  0.35 inf
  377 V   -5 -8 -9 -9 -5 -8 -8 -9 -5  7  4 -8  1  0 -8 -8 -5 -8 -6  2    1   0   0   0   0   0   0   0   0  51  30   0   3   4   0   0   0   0   0  10  1.73 inf
  378 T   -3  0 -1 -1 -3 -3 -3  3 -1 -6 -5 -1 -4 -7 -4  1  5 -7 -4 -2    1   5   3   3   1   1   2  24   1   0   1   4   0   0   1  11  37   0   1   3  0.89 inf
  379 N    1 -1  1  5 -3 -3  2  0  0 -4 -4 -3 -2 -5  0  1 -1 -4 -1 -2   10   3   7  28   1   1  12   6   2   1   1   1   1   0   5  12   4   0   2   2  0.50 inf
  380 S    2 -1  0  2 -3  1  4 -3 -1 -2 -3  2 -2 -2 -3 -1 -2 -3 -4 -2   14   2   3  13   0   5  26   2   1   2   3  11   1   2   1   5   3   0   0   4  0.42 inf
  381 G    0 -7 -4 -1  5 -3 -5  6 -7 -5 -5 -6 -7 -6 -7  0 -3 -7 -2 -4    8   0   1   3  12   1   1  60   0   1   1   0   0   0   0   7   2   0   2   2  1.54 inf
  382 C    4 -6 -4 -7  8 -3 -5 -2 -3 -2 -1 -5  0 -3 -5 -3 -2 -7 -2  1   36   0   1   0  28   1   1   4   1   2   7   1   2   1   1   2   2   0   2   9  1.26 inf
  383 S    0  0 -1 -2 -1  2  2 -1 -2 -1 -2  2  0 -2 -3  2 -1  2 -3 -1    9   5   2   2   1   8  14   6   1   4   4  14   3   2   0  14   3   2   1   5  0.19 inf
  384 S    3 -1  0  2  1 -2  0 -1  1 -2 -1 -1 -2  1 -2  1 -1 -4  0 -2   22   2   4  13   3   1   5   5   4   3   8   3   0   7   2   9   2   0   3   2  0.19 inf
  385 L   -4 -8 -8 -8 -4 -7 -8 -8 -8  4  6 -8 -1  0 -8 -7 -6 -4 -6  0    1   0   0   0   0   0   0   0   0  20  65   0   1   4   0   0   0   0   0   6  1.69 inf
  386 A    5 -5 -5 -5  2 -3 -4  2 -6 -1 -2 -4 -6 -5 -6  3  0 -7 -3 -3   45   1   0   0   4   1   1  13   0   3   4   1   0   1   0  18   6   0   1   2  0.92 inf
  387 S   -1 -1  0  0 -3  2  2 -3 -2 -3 -2  1 -5 -2 -3  4  0 -3 -2 -4    5   4   4   5   0  10  15   1   1   1   5   7   0   2   1  29   5   0   2   1  0.46 inf
  388 L    5 -5 -3 -5  1 -4 -4  1 -3 -2  0 -5  2 -4 -6  0 -1 -5 -3  2   42   0   1   0   3   0   1  11   1   2  10   0   5   1   0   6   4   0   1  13  0.71 inf
  389 L   -5 -5 -6 -7 -2 -5 -6 -7 -6  2  6 -5  1  1 -5 -4 -5 -6 -5  0    1   1   0   0   1   1   0   1   0   9  69   1   3   5   1   1   1   0   0   5  1.49 inf
  390 L    1  1 -1 -3 -3  1  1  0 -1 -1 -2  2 -1 -4 -2  2  2 -4 -3  0   11   8   2   0   1   7   8   7   1   3   3  12   2   1   2  14  11   0   1   6  0.20 inf
  391 A    0  0  2 -1  1  1 -2 -1  0 -1 -3  2 -3 -3 -4  3  1 -5 -1  0    9   4  10   3   3   6   2   4   3   3   2  11   1   1   0  21   9   0   2   6  0.27 inf
  392 N   -4 -5  7 -3  6 -5 -5 -1 -2 -5 -2 -1 -4 -4 -6  1 -2 -7 -2 -6    1   0  50   1  15   0   0   4   1   1   5   5   1   1   0   9   2   0   2   1  1.54 inf
  393 R   -2  1  0 -2 -1  3  0 -4  3 -2 -4  3 -3 -4  4  0  2 -6 -5 -4    4   6   4   2   1  11   5   1   6   3   1  16   1   1  17   8  13   0   0   1  0.51 inf
  394 S    0  0  3 -3  0  1 -3 -1  2 -3 -5  0 -3 -3 -5  3  3 -4 -3 -3    6   6  12   1   2   5   1   4   5   2   1   5   1   1   0  24  20   0   1   2  0.52 inf
  395 L   -6 -8 -9 -9 -7 -8 -9 -9 -8  2  7 -8 -2 -1 -7 -8 -7 -7 -7 -1    0   0   0   0   0   0   0   0   0  10  82   0   1   3   0   0   0   0   0   3  2.11 inf
  396 R   -3  4 -2 -4 -6  2  1 -4  0 -1 -2  2 -3 -5 -5  1  3 -2 -4 -2    2  20   2   0   0  10   8   1   2   3   4  14   0   0   0   9  19   1   0   3  0.57 inf
  397 E   -3  0  1 -1 -3 -1  4 -4  3 -1 -3  1 -3 -4 -5  1  2 -1 -1 -1    2   6   6   4   1   3  25   1   7   3   3   7   0   1   0  11  13   1   2   5  0.42 inf
  398 L   -7 -8 -9 -9 -7 -8 -9 -9 -9  2  6 -8  1 -2 -9 -8 -7 -8 -7  0    0   0   0   0   0   0   0   0   0  11  79   0   3   1   0   0   0   0   0   6  2.04 inf
  399 D   -4 -3  5  6  0 -3 -2 -5  0 -2 -4 -1 -5 -3 -5  0 -4  2  1 -4    1   2  26  36   2   1   3   1   2   2   2   4   0   1   0   7   1   3   5   1  1.08 inf
  400 L   -5 -8 -9 -9 -7 -8 -8 -9 -8  3  6 -8  2 -3 -8 -8 -6 -7 -7  0    1   0   0   0   0   0   0   0   0  14  73   0   4   1   0   0   0   0   0   7  1.88 inf
  401 S   -1  1  2 -1 -1  0 -3  0  0 -3 -3 -1 -1 -1 -4  4  0  3 -1 -3    5   6   8   3   1   5   1   8   2   2   2   3   2   3   1  36   5   4   2   1  0.47 inf
  402 N   -3 -1  3 -1 -1  2  0  3  1 -4 -2  0 -2 -1 -6 -1 -3  3  3 -6    1   3  16   4   1   8   6  25   3   1   4   6   1   3   0   4   1   4  10   0  0.51 inf
  403 N   -7 -5  9 -5 -2 -7 -7 -7 -7 -4-10 -5 -9 -7 -9 -4 -3-10 -4-10    0   1  91   0   1   0   0   0   0   2   0   1   0   0   0   1   2   0   1   0  3.26 inf
  404 C    0  1  2  2 -1  2  0 -2  4 -3 -3  1 -2 -1  1 -1 -1 -5 -1 -2    7   8  10  12   1  11   5   2   9   1   3   9   1   3   7   4   3   0   2   2  0.27 inf
  405 V   -7 -8 -7 -9 -4 -8 -8 -9 -8  7  4 -8  2  2  0 -8 -6 -7 -6 -1    0   0   0   0   0   0   0   0   0  48  29   0   4   9   5   0   0   0   0   4  1.64 inf
  406 G   -4 -2 -1  2  0 -1 -1  5 -3 -7 -5 -1 -7 -7 -5  2  1 -1 -4 -6    1   2   2  10   2   2   5  43   1   0   1   3   0   0   0  15   9   1   1   1  0.91 inf
  407 D   -1 -3  2  6 -6 -2  0 -3  0 -4 -4 -1 -2 -4  0 -2 -1 -7  0 -2    5   2   8  43   0   2   7   2   2   1   2   5   1   1   6   3   4   0   3   3  0.82 inf
  408 P    1 -1 -2  2 -2  0  3 -2 -4 -1 -3  1 -2 -1 -1  3  0 -4 -3 -3   10   3   1   9   1   5  22   2   0   3   3   7   1   3   3  20   6   0   1   2  0.36 inf
  409 G    0 -5 -4 -5 -3 -7 -2  7 -7 -5 -7 -7 -6 -8 -5 -2 -4 -8 -8 -4    8   1   1   1   1   0   3  78   0   1   1   0   0   0   1   3   1   0   0   1  2.04 inf
  410 V    4 -6 -5 -7 -1 -2 -4 -3 -6  2  1 -3  2 -3 -6 -2 -2  1 -4  4   29   0   0   0   1   2   1   2   0  10  11   1   5   1   0   2   3   2   0  28  0.73 inf
  411 L   -1  1  0 -2  0  2  0 -4 -2  0 -1  3  2 -1 -3  0 -1  0 -3  0    5   9   4   2   2   8   7   0   1   6   6  20   6   2   1   8   3   1   1   8  0.22 inf
  412 Q    1 -1  0 -1 -2  0  0 -1  0  0  1  0  2 -1 -2  0 -1 -3  0  0   16   3   4   3   1   4   8   4   2   4  16   7   7   2   2   5   4   0   4   6  0.08 inf
  413 L   -7 -8 -9-10 -7 -8 -9-10 -9  3  6 -9 -2  2 -9 -9 -7 -2 -5 -1    0   0   0   0   0   0   0   0   0  16  71   0   1   8   0   0   0   1   0   3  1.92 inf
  414 L    3 -5 -3 -5  7 -3 -4  0 -2 -2  0 -2 -3 -1 -4  3 -1 -1 -4  0   21   0   1   1  20   1   1   7   1   2   9   2   1   3   1  19   3   1   1   6  0.70 inf
  415 G   -1  0  0  2 -6  2  4 -2 -2 -5 -3  2 -3 -4 -3  1 -1 -6 -4 -4    4   4   4  12   0   8  28   3   1   1   2  14   1   1   1  11   3   0   1   1  0.59 inf
  416 S    4 -2 -2 -5 -2 -1 -4  2 -3 -1  0 -3  1 -3 -5  1 -1 -3 -3  1   35   3   2   0   1   3   1  15   1   3   8   2   3   1   0   9   4   0   1   9  0.49 inf
  417 L   -4 -3 -7 -7 -6 -4 -7 -6 -7  2  6 -4  2  1 -7 -6 -5 -5 -6  0    2   2   0   0   0   1   0   1   0   9  69   2   4   5   0   0   1   0   0   5  1.50 inf
  418 E    1  2 -1 -1 -4  3  2 -2 -2 -2 -3  4 -1 -4 -2  0 -2 -4 -4 -2   10  12   3   3   0  11  14   4   1   2   3  22   2   1   2   6   2   0   0   2  0.38 inf
  419 Q   -2  0  3  2  0  3  0 -3  4 -2 -1  0 -2 -3 -4  0  0 -4 -1 -1    2   4  16  10   2  14   5   2  10   3   7   6   1   1   1   6   5   0   2   4  0.36 inf
  420 P   -3 -2  3 -2 -2  1 -2 -2 -1 -3 -2  0  0 -3  5  1 -2 -4 -2 -2    2   2  14   2   1   6   2   3   2   2   4   6   2   1  32  11   3   0   1   3  0.66 inf
  421 G   -2 -1  6  0  1  0 -1  0  4 -2 -3  1 -3 -5 -3  0  0 -3 -3 -3    4   3  32   5   3   3   3   7   9   2   3   7   1   0   1   7   7   0   1   2  0.59 inf
  422 C   -2 -1 -2 -3  8 -2 -2 -1 -2 -2 -2 -2 -2 -2 -1  2  2 -2  1 -3    2   3   2   1  32   2   3   4   1   2   4   3   1   2   4  13  12   1   5   2  0.91 inf
  423 A    0  1  2 -4 -4  1 -2 -2  0 -2 -2  3 -3 -4 -2  2  3 -5 -4 -2    8   6  11   0   0   5   2   2   2   3   4  17   0   1   2  13  20   0   0   3  0.41 inf
  424 L   -6 -6 -5 -7 -5 -7 -7 -9 -5  0  7 -7  1 -4 -6 -8 -5 -7 -5 -1    1   0   1   0   0   0   0   0   0   5  81   0   3   0   0   0   1   0   0   4  1.95 inf
  425 E   -4  2 -1 -1 -6  4  3 -4  1 -4 -3  3 -2 -4 -5 -1  2 -5 -3 -3    1  10   3   4   0  19  18   1   3   1   3  19   1   1   0   4  10   0   1   2  0.63 inf
  426 Q   -2  0  0 -1 -2  0  1 -4  2  0 -2  2  0 -2 -4  0  3  0 -2  1    3   5   5   3   1   3  10   0   5   7   3  12   3   2   0   8  17   1   1  11  0.22 inf
  427 L   -7 -7 -7 -9 -7 -8 -9 -9 -9  3  6 -8 -1 -3 -9 -8 -6 -4 -7  1    0   0   0   0   0   0   0   0   0  13  75   0   1   1   0   0   0   0   0   7  1.96 inf
  428 V   -3  2  3  4  1 -1 -2  1  1 -3 -3 -1 -3 -3 -5  0 -1  3  0 -1    2  11  14  20   3   2   2  11   3   2   2   3   1   1   0   6   4   4   3   5  0.40 inf
  429 L   -4 -7 -9 -8 -7 -8 -6 -9 -7  2  6 -8  1  1 -8 -4 -5 -4 -3  0    1   0   0   0   0   0   0   0   0   9  72   0   3   5   0   1   1   0   1   5  1.66 inf
  430 Y   -2  1  1  2  1  0  1 -1  0 -3 -4  0 -4  0 -4  3 -1  3  0 -3    3   7   7  12   3   3  11   6   2   2   1   4   0   3   1  21   3   5   4   2  0.31 inf
  431 D   -2 -1  3  2 -1 -1  0  2  1 -1 -2  2  0  0 -4  0 -1 -3  1 -3    3   3  13  10   2   2   6  15   3   4   3  11   2   4   0   7   3   0   4   1  0.22 inf
  432 T   -5 -6  7 -2  8 -3 -2 -7 -5  0 -5 -6  1 -8 -6 -1  0 -3 -2 -3    1   0  41   2  24   1   3   0   0   6   1   0   3   0   0   5   6   0   2   2  1.57 inf
  433 Y   -1  0  2  1  0  2  1  0  1 -3 -1  0  1 -2  0  1 -2 -4  1 -3    5   4  10   7   2   8  11   9   3   1   6   5   5   2   5  10   2   0   5   1  0.14 inf
  434 W   -3 -5 -8 -7 -3 -7 -7 -7 -4  6  3 -5  1  3 -6 -5 -3  2  0  2    2   1   0   0   1   0   0   0   0  41  22   1   3  10   0   1   2   2   3  12  1.17 inf
  435 T   -2 -1  2  2 -4 -2 -1  2 -4 -4 -5 -1 -3 -6 -1  2  4 -7 -3 -3    2   4   9   9   0   2   3  15   0   1   1   4   1   0   3  17  27   0   1   2  0.57 inf
  436 E    0  0  1  3 -6 -1  4 -3 -2 -4 -2  1 -3 -5  1 -1 -1 -6  0 -2    7   5   6  18   0   3  23   2   1   1   4   7   1   0   8   4   4   0   4   3  0.40 inf
  437 E    1  0 -2  2 -4  2  5 -2 -4 -5 -5  2 -2 -4 -4 -1 -2 -7 -6 -4   10   4   2  10   0   9  38   3   0   1   1  10   1   1   1   4   3   0   0   1  0.76 inf
  438 V    0 -5 -4 -2  3 -1 -3  5 -3  1 -4 -4  0  0 -6  0  1 -6 -4  0    8   0   0   2   5   3   1  38   0   7   1   0   3   4   0   7   9   0   0   7  0.61 inf
  439 E    2  0 -4 -3  6  2  0 -2  1 -2 -2  0 -1  0 -4 -3 -1 -5  0  1   19   4   0   1  17   9   7   3   3   2   4   6   1   4   1   1   3   0   3   9  0.43 inf
  440 D    0  2 -1  0  0  2  1  0 -2 -2 -2  3 -1 -1 -3  1 -1 -5 -4 -2    9   9   3   6   2  10   9   6   1   2   3  20   2   2   1   9   4   0   0   3  0.24 inf
  441 R    2  0 -3  0 -1  0  0 -2  0  0  2 -2  0  2 -3  0 -2 -2 -1 -1   20   5   1   5   1   4   6   2   3   5  20   2   2   9   1   6   2   0   2   3  0.15 inf
  442 L   -4 -8 -9 -9 -7 -8 -8 -8 -8  3  6 -8  1  0 -6 -6 -5 -3 -4 -1    1   0   0   0   0   0   0   0   0  14  71   0   2   4   0   1   0   0   0   4  1.70 inf
  443 Q    4  0 -2 -2 -5  1  2 -2 -5 -2 -3  0 -1 -4 -5  1  1 -3 -4 -1   33   6   1   2   0   6  12   3   0   3   3   5   2   1   0  12   7   0   0   4  0.43 inf
  444 A    2 -2 -1  0 -4  2  3 -2 -2 -3 -4  0 -2 -5 -5  3  1 -3 -3 -5   19   2   3   4   0   9  17   3   1   1   2   5   1   0   0  23   7   0   1   0  0.47 inf
  445 L    4 -5 -5 -6 -2 -3 -1 -4 -6  0  2 -4  2 -3 -5 -2 -2 -3 -4  3   33   0   0   0   1   1   4   1   0   5  20   0   5   1   0   2   2   0   1  23  0.73 inf
  446 E   -1  0 -5 -4 -2  1  1 -4 -3  0  4  1  1 -2 -4 -2 -4 -6 -3 -1    5   5   0   1   1   7  10   1   0   6  43  10   3   1   0   3   0   0   1   4  0.57 inf
  447 G    0  1 -2 -2 -3  2  3 -2  0 -2 -3  3 -2 -3 -2  0  1 -4 -3  0    7   8   2   1   0   8  21   4   2   2   3  17   1   1   1   7   7   0   1   8  0.31 inf
  448 S   -1  1  1 -2 -2 -1  0 -2  1 -1 -2  3 -3 -4 -4  3  1 -5 -1 -1    3   8   8   2   1   2   6   2   4   3   5  18   1   1   0  25   7   0   2   5  0.33 inf
  449 K   -5 -2  8 -2  0 -5 -4 -6  3 -6 -2  3 -3 -6 -4 -2 -4 -8 -5 -6    1   2  59   1   2   0   1   0   5   1   4  17   1   0   1   3   1   0   0   0  1.75 inf
  450 P   -2  1 -2 -4 -1 -1 -1 -6  0 -7 -6  1 -7 -8  7  0  1 -8 -7 -6    3   6   2   1   2   3   3   0   2   0   1   7   0   0  53   7   8   0   0   0  1.41 inf
  451 G   -1 -2  2 -1  0  1  0 -1  4 -2 -4 -1 -3 -3 -3  3  2 -5  1 -3    4   2   9   3   2   7   6   4   9   2   1   4   0   1   1  25  13   0   4   1  0.41 inf
  452 L   -6 -8 -6 -9 -5 -8 -8 -9  0  1  7 -6 -2 -1 -8 -8 -7 -7 -6 -1    0   0   0   0   0   0   0   0   2   7  83   1   0   2   0   0   0   0   0   5  1.98 inf
  453 R   -3  4 -2  1 -2 -1  1 -5 -4 -1 -2  3 -4 -5 -5  0  4 -6 -5  0    1  19   2   7   1   3   9   0   0   4   5  15   0   0   0   5  22   0   0   7  0.53 inf
  454 V   -5 -5 -4 -5 -3 -6 -2 -7 -2  6 -1 -5  0  0 -7 -2 -2 -6 -3  4    0   0   1   0   0   0   4   0   1  49   5   0   2   4   0   3   2   0   1  27  1.25 inf
  455 I   -4 -6 -7 -7 -4 -6 -4 -5 -4  4  5 -5 -1  1 -7 -4 -1 -6 -5  1    0   0   0   0   0   0   2   1   0  18  61   0   1   5   0   1   3   0   0   7  1.20 inf
  456 S   -3 -5 -3 -4 -5 -4 -4 -4 -5 -7 -7 -4 -6 -7 -5  8 -3 -7 -6 -6    0   0   0   0   0   0   0   0   0   0   0   0   0   0   0 100   0   0   0   0  2.41 inf

                      K         Lambda
Standard Ungapped    0.1350     0.3181
Standard Gapped      0.0504     0.2670
PSI Ungapped         0.1649     0.3162
PSI Gapped           0.0504     0.2670
