
Last position-specific scoring matrix computed, weighted observed percentages rounded down, information per position, and relative weight of gapless real matches to pseudocounts
           A  R  N  D  C  Q  E  G  H  I  L  K  M  F  P  S  T  W  Y  V   A   R   N   D   C   Q   E   G   H   I   L   K   M   F   P   S   T   W   Y   V
    1 G   -1 -3 -1 -2 -4 -3 -3  7 -3 -5 -5 -3 -4 -4 -3 -1 -3 -4 -4 -4    0   0   0   0   0   0   0 100   0   0   0   0   0   0   0   0   0   0   0   0  1.56 inf
    2 E    1  1 -1  1 -4  1  4 -2 -2 -3 -3  4 -2 -4 -2 -1 -2 -4 -3 -3   15   4   0   6   0   1  32   0   0   1   0  40   0   0   0   0   0   0   0   0  0.54 inf
    3 A    3 -3 -3 -3 -2 -2 -2 -2 -2  0  1 -2  0  3 -3  0 -1 -2  1 -1   41   0   0   0   0   0   0   0   0   6  20   0   2  18   0   6   0   0   6   0  0.29 inf
    4 A    6 -3 -3 -3 -2 -2 -3 -2 -3 -3 -3 -2 -3 -4 -3  1 -2 -4 -4 -2   90   0   0   0   0   0   0   0   0   0   0   0   0   0   0  10   0   0   0   0  1.18 inf
    5 R    0  3  0  3 -4  1  2 -2  1 -4 -4  2 -3 -3 -2  0 -2 -3  0 -3    8  20   3  25   0   3  10   0   4   0   0  17   0   0   0   7   0   0   5   0  0.42 inf
    6 V   -2  0 -4 -1 -3 -3 -3 -5 -3  1  0 -2 -1 -1 -4 -3 -1 -3  3  5    0   7   0   4   0   0   0   0   0   3   4   1   0   0   0   0   3   0  15  63  0.65 inf
    7 W   -5 -5 -6 -7 -5 -5 -5 -6 -2 -5 -4 -5 -4  1 -6 -5 -5 11  7 -5    0   0   0   0   0   0   0   0   0   0   0   0   0   2   0   0   0  50  47   0  2.81 inf
    8 Q   -3 -3 -1  6 -6  2  4 -4  2 -5 -5 -1 -4 -5 -3 -2 -3 -6 -4 -5    0   0   0  54   0  10  29   0   6   0   0   1   0   0   0   0   0   0   0   0  1.27 inf
    9 L    0 -1 -2  1 -3  0  2 -3 -1  1  2 -1 -1 -2 -3 -1 -1  4 -2  0   11   2   0  11   0   3  15   0   1   7  30   3   0   0   0   4   1   6   0   5  0.19 inf
   10 Y   -3 -4 -4 -5 -3 -4 -4 -5 -2  3  3 -4  0  4 -4 -3 -2 -1  4  1    0   0   0   0   0   0   0   0   0  17  37   0   0  17   0   0   0   0  17   9  0.65 inf
   11 I   -2 -4 -4 -4 -3 -3 -2 -5  0  5  0 -4  4  1 -2 -2 -2 -3  2  1    2   0   0   0   0   0   2   0   2  50   3   0  14   6   2   2   0   0   9   6  0.68 inf
   12 G    0  0  0  1 -2  0  1  3 -1 -2 -2  0 -1 -2  0 -1 -1 -2  0 -2    6   4   3  11   0   5   8  31   1   1   4   7   2   1   3   2   4   0   4   2  0.23 inf
   13 D   -2 -1 -1  7 -5 -1  1 -1 -3 -5 -5 -2 -5 -5 -3  0 -3 -5 -5 -5    2   3   1  74   0   2   7   3   0   0   0   0   0   0   0   5   0   0   0   0  1.43 inf
   14 T   -1  1 -2  0 -3 -2 -1 -2 -2 -3 -3  1  0 -2 -3 -2  1  9  1 -1    4   7   1   5   0   1   3   3   1   1   2  12   2   0   1   1  12  38   4   4  1.06 inf
   15 R   -1  2  1  3 -3  1  2  0  1 -3 -2  1 -2 -2 -1  0 -2 -3 -2 -1    3  11   6  20   0   5  16   6   5   0   4  11   0   2   3   4   1   0   0   4  0.25 inf
   16 S    1  0  0 -1  0  1  2 -1  1 -3 -2  2  0 -3 -2  2  1 -3 -2 -2   10   4   3   0   2   5  15   2   3   0   4  19   3   0   0  19   9   0   0   0  0.25 inf
   17 R   -1  6 -2  0 -4  1 -1 -3 -1 -3 -1  1 -2 -2 -1  0 -1 -4 -3 -3    6  50   0   6   0   7   1   1   1   0   8   4   0   2   3   5   4   0   0   1  0.62 inf
   18 T    1  0 -1 -3 -3 -2 -2 -2  0  0 -1 -1 -2  0 -2  1  3 -2  4  0   16   4   2   0   0   0   1   2   1   7   4   2   0   2   2  10  25   0  18   4  0.29 inf
   19 A    1  2 -1  3 -4  1  3 -2 -2 -3 -4  1 -3 -4 -3  1 -2 -4 -3 -3   12  15   1  18   0   7  21   1   0   2   0   9   0   0   0  13   0   0   0   1  0.43 inf
   20 E    1  2  1  0 -1  0  1  0 -1 -1 -1  1 -2 -3 -1  1  0  0 -1 -1   12  13   7   5   1   3   9   6   1   4   6   7   0   0   1  16   2   2   2   2  0.12 inf
   21 Y   -4 -2 -3 -1 -5  1  5 -5 -2 -4 -2 -2 -3  1 -4 -3 -2  6  6 -4    0   1   0   2   0   7  39   0   0   0   5   0   0   5   0   0   2  11  28   0  1.02 inf
   22 K    0  0  0  0 -1 -1  0  2 -1 -1 -2  2 -2 -3 -2  0  0 -4 -2  0   10   5   3   6   1   1   4  22   2   3   3  19   0   0   0   6   7   0   1   8  0.17 inf
   23 A    0  1  1  3 -4  2  2 -1 -1 -4 -4  1 -3 -4 -1  1  0 -4 -3 -3    7   6   7  23   0   9  15   4   1   0   0  10   0   0   2   8   7   0   0   0  0.39 inf
   24 W   -4 -5 -5 -2 -5 -4 -2 -5  0 -3 -1 -3 -3  7 -5 -2 -4  7  1 -3    0   0   0   3   0   1   3   0   2   0   4   1   0  61   0   4   1  16   3   1  1.53 inf
   25 L   -2 -4 -4 -5 -3 -4 -4 -5 -4  2  4 -4 -1  5 -4 -1 -1  1  0  1    2   0   0   0   0   0   0   0   0  10  41   0   0  25   0   6   3   2   1   9  0.63 inf
   26 L   -1  0  0  1  2  0  2 -2 -1  2  1  0 -1 -2 -3 -1 -1 -3 -2  1    5   5   4   9   5   2  16   2   2  15  17   5   1   0   0   1   1   0   1   8  0.11 inf
   27 G    0  3  1  2 -4  0  2  0 -2 -4 -4  1 -3 -1 -3  0  0  0 -1 -3    8  23   6  14   0   3  15   6   0   0   0   9   0   3   0   5   4   1   2   1  0.33 inf
   28 L   -1 -1 -1 -2 -1  1  0 -3  1  1  2 -1  0  0 -3  0  0 -3 -1  1    4   2   2   0   1   8   8   0   5  11  26   4   0   4   0   7   4   0   1  13  0.13 inf
   29 L   -4 -5 -6 -6 -2 -4 -4 -6 -5  1  5 -5  1  2 -5 -5 -3 -4 -3  0    0   0   0   0   1   0   1   0   0   6  75   0   1   9   0   0   0   0   0   6  1.15 inf
   30 R   -1  4 -2  0 -4  2  0  1 -1 -4 -3  3 -3 -4  2 -1  0 -4 -3 -4    4  26   0   5   0  10   3  11   1   0   1  21   0   0   9   2   5   0   0   0  0.48 inf
   31 Q    0  1  0  0 -3  2  2  0  1 -3 -1  2 -2 -3  1  0  0 -4 -3 -1    6   6   3   4   0  14  16   5   4   0   6  12   0   0   6   8   6   0   0   3  0.21 inf
   32 H   -1  4  2 -1 -4 -1  0 -3  5 -3 -2  4 -2 -4 -2 -2 -2 -4 -1 -3    4  22  10   2   0   0   6   0  17   1   4  26   1   0   1   1   1   0   2   2  0.55 inf
   33 G   -1  0  3  1 -4 -1  0  4 -2 -4 -4  1 -3 -2  0 -1 -2 -4 -2 -4    5   5  16   9   0   2   7  38   0   0   0   7   0   2   4   2   0   0   1   0  0.52 inf
   34 C    2 -1 -1 -2  5 -2 -1  0 -3  0 -2  1 -1 -3  0 -1 -1 -4 -3  2   22   3   2   2  14   1   3   5   0   2   2  10   2   0   4   1   1   0   0  24  0.27 inf
   35 H   -1  3 -1 -1 -4  1  1 -3  3 -4 -4  5 -3 -4 -2  1 -1 -4 -3 -3    4  15   2   2   0   6   6   1   7   0   1  41   0   0   1   9   2   0   0   1  0.61 inf
   36 R   -1  4  1 -3  1  0 -2 -3 -1 -4 -4  4 -3 -5 -3  2  1 -5 -4 -3    3  27   8   0   4   2   0   0   1   0   0  27   0   0   0  17  10   0   0   1  0.64 inf
   37 V   -2 -5 -6 -6 -3 -5 -5 -6 -6  5  2 -5 -1 -1 -5 -4 -3 -5 -3  5    2   0   0   0   0   0   0   0   0  29  15   0   0   2   0   0   0   0   0  52  1.11 inf
   38 L   -1 -5 -6 -6 -4 -5 -6 -6 -6  0  6 -5  0 -2 -6 -5 -4 -5 -4 -2    5   0   0   0   0   0   0   0   0   3  91   0   1   0   0   0   0   0   0   0  1.57 inf
   39 D   -5 -5 -1  8 -7 -3  2 -5 -4 -7 -7 -4 -6 -7 -5 -3 -4 -7 -6 -6    0   0   2  87   0   0  11   0   0   0   0   0   0   0   0   0   0   0   0   0  2.26 inf
   40 V    0 -4 -5 -5  5 -4 -4 -5 -5  2  3 -2  2 -3 -4 -2 -2 -4 -3  4    7   0   0   0  12   0   0   0   0   8  25   3   5   0   0   1   1   0   0  37  0.67 inf
   41 A    6 -4 -4 -4  0 -3 -4  2 -1 -4 -2 -3 -2 -3 -4  1 -2 -5 -4 -3   67   0   0   0   2   0   0  13   2   0   3   0   1   1   0  10   1   0   0   0  1.02 inf
   42 C   -1 -7 -6 -7 11 -6 -7 -6 -6 -2 -5 -6 -5 -6 -6 -1  2 -6 -6 -4    5   0   0   0  79   0   0   0   0   2   0   0   0   0   0   3  11   0   0   0  2.90 inf
   43 G   -3 -6 -4 -5 -6 -5 -6  8 -6 -7 -7 -5 -6 -7 -6 -4 -5 -6 -7 -7    0   0   0   0   0   0   0 100   0   0   0   0   0   0   0   0   0   0   0   0  2.51 inf
   44 T   -2 -2 -1 -1 -4 -3 -1 -3 -4 -1 -4  0 -1 -5 -4  0  7 -5 -1 -2    1   1   3   2   0   0   4   2   0   4   0   5   1   0   0   6  68   0   2   2  1.10 inf
   45 G   -3 -5 -4 -5 -6 -5 -5  7 -5 -7 -7 -1 -6 -7 -5 -4 -5 -6 -6 -7    0   0   0   0   0   0   0  97   0   0   0   3   0   0   0   0   0   0   0   0  2.35 inf
   46 V   -1  2  1 -3 -3  1 -1  1 -1  1 -2 -1  1  3 -3 -1  0 -3 -1  1    3  13   6   0   0   6   5  10   1  12   0   2   5  16   0   4   8   0   0  10  0.15 inf
   47 D   -4 -3 -1  3 -5  3 -2 -4  7 -1  0 -3 -3  1 -1 -3 -2 -4  3 -1    0   0   2  17   0  14   0   0  30   3  10   0   0   5   3   0   2   0   9   5  0.73 inf
   48 S    4 -4 -3 -2  0 -3 -3 -3 -4 -4 -2 -3 -3 -4 -2  5  1 -5 -1 -2   32   0   0   2   2   0   0   0   0   0   5   0   0   0   1  47   7   0   2   2  0.82 inf
   49 I   -1 -1 -2 -2 -1 -3 -4 -5 -4  4  2 -2 -1  0 -4 -3 -1 -4 -3  4    3   5   2   2   1   1   0   0   0  27  19   2   0   3   0   0   2   0   0  33  0.56 inf
   50 M    1  3 -2 -3 -4  0  2  1  1 -3 -2 -1  4  0  0  0 -2  0 -1 -3   11  22   0   0   0   3  15  10   4   0   2   1  13   4   4   7   0   2   2   1  0.30 inf
   51 L   -5 -5 -6 -7 -4 -5 -6 -7 -6  0  6 -6 -1  3 -6 -5 -4 -4 -3 -1    0   0   0   0   0   0   0   0   0   3  85   0   0  11   0   0   0   0   0   1  1.56 inf
   52 V    4 -2 -1 -1  0 -3 -2 -1 -1  0  1 -1  0 -3 -3  0 -1 -4 -3  0   43   1   2   3   1   0   1   3   1   5  18   3   1   0   0   6   3   0   0   7  0.34 inf
   53 E   -1  2 -2  1 -5  2  4 -3 -1 -4 -1  3 -3 -5 -3  0 -2 -5 -4 -4    5  10   1   7   0  10  35   1   1   0   6  18   0   0   0   5   1   0   0   0  0.59 inf
   54 E    2  2  0 -2 -3  1  2 -2  2 -2  0  0  0 -2 -2 -1 -2  0  0 -2   21  13   4   0   0   7  15   1   6   1  14   6   2   1   1   2   0   1   4   0  0.21 inf
   55 G   -3 -6 -1 -2 -6 -5 -5  7 -5 -7 -7 -5 -6 -1 -6 -4 -5 -6 -6 -6    0   0   3   3   0   0   0  92   0   0   0   0   0   3   0   0   0   0   0   0  2.15 inf
   56 F   -4 -2 -5 -5 -5 -4 -1 -6  3 -1  0 -5  0  6 -6 -5 -4  2  6 -2    1   2   0   0   0   0   4   0   8   3   9   0   2  40   0   0   0   2  29   1  1.24 inf
   57 S   -2  0  1  4 -3  2  4 -4 -2 -5 -3  0 -4 -5 -3  0 -1 -5 -2 -3    1   5   8  24   1  10  33   0   0   0   2   5   0   0   0   7   3   0   1   1  0.69 inf
   58 V   -2 -6 -6 -6 -4 -5 -6 -6 -6  0 -1 -5  1 -4 -5 -4  0 -6 -4  7    3   0   0   0   0   0   0   0   0   2   2   0   3   0   0   0   4   0   0  85  1.65 inf
   59 T    0 -4 -3 -3 -1 -3 -2 -4 -4 -1 -2 -3  0 -4 -4  0  5  0 -1  4    7   0   0   1   1   0   2   0   0   2   2   1   2   0   0   4  43   1   2  33  0.77 inf
   60 S    2 -4 -3 -4 -4 -4 -4  6 -4 -6 -6 -4 -5 -6 -4  3 -2 -5 -5 -5   18   0   0   0   0   0   0  54   0   0   0   0   0   0   0  27   1   0   0   0  1.25 inf
   61 V    1 -4 -4 -4  2 -3 -4 -3 -4  3  1 -3 -1 -2 -4  0  2 -4 -2  4   12   0   0   0   4   0   0   1   0  16  14   0   0   1   0   9  13   0   1  30  0.43 inf
   62 D   -5 -5 -2  8 -7 -4  0 -5 -5 -7 -7 -4 -7 -7 -5 -4 -5 -8 -7 -7    0   0   0  97   0   0   3   0   0   0   0   0   0   0   0   0   0   0   0   0  2.69 inf
   63 A    2 -4 -1 -2 -1 -3 -4  2 -4  1  3 -3  1 -1 -2 -1 -2 -4 -1 -1   19   0   3   2   1   0   0  18   0  11  35   0   3   2   2   3   0   0   2   0  0.35 inf
   64 S    1 -4  0  0 -4 -3 -1 -3  0 -6 -6 -3 -5 -6 -4  7 -2 -6 -5 -5    8   0   3   5   0   0   3   0   2   0   0   0   0   0   0  79   0   0   0   0  1.45 inf
   65 D    1  0 -2  3 -5  1  4 -3 -1 -4 -3 -1 -2 -4  4 -1 -3 -5 -3 -3   12   4   0  16   0   4  31   1   1   0   2   2   1   0  21   3   0   0   1   1  0.67 inf
   66 K    1 -1  1  2 -4  1  3  0  0 -4 -4  2 -3 -4 -3 -1 -2 -4 -1 -3   16   1   5  11   0   5  26   6   2   0   1  17   0   0   0   3   1   0   2   1  0.40 inf
   67 M   -5 -5 -6 -7 -5 -4 -6 -7 -5 -3  0 -5 10  0 -6 -2 -4 -5 -5 -2    0   0   0   0   0   0   0   0   0   0   4   0  83   4   0   3   0   0   0   2  2.61 inf
   68 L   -4 -5 -6 -6 -4 -5 -5 -6 -5  2  6 -5 -1 -2 -5 -5 -4 -4 -4  1    0   0   0   0   0   0   0   0   0  12  73   0   0   0   0   0   0   0   0  10  1.22 inf
   69 K    2  3 -1 -1 -3  0  2 -2 -1 -2 -2  3 -1 -2 -3  0  0 -4 -3 -1   22  15   2   2   0   2  12   1   1   1   2  19   2   2   0   6   4   0   0   3  0.26 inf
   70 Y   -2  2 -2 -2 -3  2  0 -3  1  1 -1  2  0  0 -3 -2 -2 -2  3  0    2  11   0   1   0  11   4   0   3   9   6  19   3   3   0   2   0   0  14   9  0.23 inf
   71 A    6 -4 -4 -4  1 -2 -2 -3 -4 -4 -4 -3 -4 -5 -4 -2 -1 -5 -4 -2   81   0   0   0   2   2   2   0   0   0   0   0   0   0   0   0   3   0   0   3  1.34 inf
   72 L   -1  3 -2 -2 -3  2  1 -1 -2 -1  0  2  0  2 -2 -1 -2 -2  0 -1    5  17   1   1   0  12   7   4   0   2  12  12   2  12   1   2   1   0   2   4  0.16 inf
   73 K    0  2  0  0 -4  2  3 -3 -1 -4 -4  4 -3 -4 -3 -1 -1 -4 -2 -3    7  11   4   4   0  11  18   1   1   0   1  30   0   0   0   3   3   0   1   1  0.48 inf
   74 E    1  2  1  0 -2  0  2 -2  0 -1 -1  2 -1 -1 -1  0  0 -2 -1 -1   13  11   9   2   0   2  16   2   1   3   7  13   1   2   1   3   6   0   2   3  0.12 inf
   75 R    3  3  0 -1  0 -1 -1 -1  0 -2 -1  1 -2 -2 -2  0 -1 -2 -2 -2   28  18   4   2   3   1   3   2   2   2   6  11   1   2   1   5   3   0   1   2  0.20 inf
   76 W    0 -1 -1  0 -2  1  2 -1  0  0 -2  0 -2 -2  1 -1  0  7 -1 -1    8   2   3   6   1   7  14   4   2   7   3   5   1   1   7   4   6  16   1   3  0.31 inf
   77 N    0  0  5  1 -3  0  2 -2 -1 -3 -2  1 -2 -3 -2  1 -1 -3 -3 -2    8   4  30   6   0   4  16   1   1   1   5  11   0   1   1   8   1   0   0   2  0.41 inf
   78 R    2  3 -1 -2 -2  1 -1  1  1 -1  0  1  0  0 -2 -1 -1 -3 -1 -2   24  20   3   1   0   5   3   9   4   4   8   6   3   4   1   1   2   0   1   1  0.17 inf
   79 R   -1  4  0 -1 -3  2  0  2  0 -3 -1  1 -2 -3 -3  0 -1 -3 -3 -3    3  29   4   3   0  10   5  19   2   1   6   8   0   1   1   7   2   0   0   1  0.38 inf
   80 K    0  0 -1  0 -2  0  0 -1  2  0  0  2 -1 -2 -1  1  0 -3 -1  1    6   4   1   5   0   4   4   5   7   4  12  19   0   0   2  10   3   0   2  12  0.08 inf
   81 E   -1  3  1  0 -4  1  3 -2  3 -3 -3  2 -2 -1 -2  0 -1 -3  1 -2    3  16   6   4   0   4  22   2   9   1   1  11   0   3   2   7   3   0   4   2  0.31 inf
   82 P    0 -1  1  0 -2 -1  1  2 -2  0  0 -1 -1 -1  1  0  0 -3 -2  0    5   3   7   3   0   1  10  17   0   7   7   3   1   2   8   6   8   0   0   9  0.09 inf
   83 A    2  0  0 -2 -2  0  0  2  1 -2  0 -1 -1 -2  0  0 -1 -3 -1  0   26   4   6   1   0   5   4  15   4   1   8   2   1   1   5   3   2   0   2   9  0.13 inf
   84 F   -1 -2 -2  0 -3 -2 -2 -1  1  1  0 -1 -1  5  0 -1 -2 -2  1  0    5   1   1   8   0   1   2   5   5   8  10   5   0  29   4   5   1   0   3   7  0.22 inf
   85 D    0 -2 -1  2 -2  0 -1 -2 -1  1  2  0  2  0 -2 -1 -1 -3 -1  1    6   1   2  17   0   5   2   2   2  11  20   5   6   3   1   4   1   0   2  10  0.12 inf
   86 K   -1  3  1  1 -3  2  0 -2  0 -2  0  2  0 -2 -1 -1 -1 -3 -2 -1    6  17   8   9   0   9   4   1   3   1   9  15   3   2   2   3   3   0   1   3  0.18 inf
   87 W   -1  0 -2 -3  0 -1 -2  0 -1  2 -1 -1  0  1 -3 -1  1  7 -1  0    4   6   1   1   2   3   1   6   2  13   5   3   2   8   1   2  12  19   1   8  0.39 inf
   88 V   -1 -1  0  2 -2 -1  1 -3 -2  1 -1  0  0 -2  0 -2 -1 -3 -1  3    4   4   4  12   0   2  10   1   1   8   4   5   2   1   5   1   1   0   3  33  0.20 inf
   89 I   -1 -2 -2  0 -2 -1 -2 -2 -2  2  1  0  2  2 -1 -1 -1 -2  0  1    4   1   1   6   0   3   2   2   1  19  13   5   8  12   3   5   3   0   4   8  0.12 inf
   90 E    0  0 -1 -1 -1  1  1  1  1  0  0  1  0  0 -1  0 -1 -2 -1 -1   11   6   2   2   1   5  15  10   4   5   7   8   3   5   1   6   2   0   2   4  0.05 inf
   91 E   -1  1  1  2 -4  4  3 -1  1 -3 -3  0  0 -2 -1 -1 -1 -3 -1 -3    3   8   8  10   0  20  24   3   4   1   1   4   3   1   2   3   2   0   2   1  0.40 inf
   92 A    4 -1 -3 -3  1  1 -2  2 -3  0 -1 -2  2 -3 -2 -1 -1 -4 -3  0   39   3   0   0   3   7   2  16   0   6   7   0   6   0   1   2   3   0   0   4  0.34 inf
   93 N   -3  0  5  5 -4  0  0 -2 -2 -4 -3 -2 -4 -2 -1  0 -1 -4 -4 -4    1   5  30  38   0   3   3   3   0   1   3   1   0   2   3   5   4   0   0   1  0.83 inf
   94 W   -2 -3 -2 -1 -1 -3 -3 -2 -3 -1  0 -3  5  1 -4 -1 -3 10  0 -2    4   1   3   4   1   1   1   3   0   4   8   1  16   6   1   4   1  37   2   3  1.20 inf
   95 L   -1  3 -2 -1 -2 -1 -1 -1  1 -1  3 -1  2  0 -2  0 -2 -2 -2 -1    3  20   1   4   0   2   3   4   3   1  34   2   5   5   1   6   1   0   1   1  0.24 inf
   96 T    0  0  1  1 -2  0  2 -2 -1 -2 -2  0 -1  0 -2  0  3  3  0 -1    7   6   5   6   0   3  16   2   1   1   2   5   1   4   1   6  21   5   3   4  0.18 inf
   97 L   -1 -2 -3 -1  2 -2 -2 -3 -3  0  5 -3  0  0 -3 -2 -2 -2 -2  0    4   1   1   5   4   1   2   2   1   1  63   2   1   3   1   2   2   0   1   4  0.60 inf
   98 D    0 -1  2  1 -2  1  1 -2  0 -2 -2  0 -2 -2  3  1  0  1  0 -2    6   1  10  10   0   5  11   2   2   1   4   4   1   1  14  15   3   2   4   3  0.22 inf
   99 K   -1  2  1  2 -2  1  1 -1 -1 -2 -1  2 -2  0 -2  0  0 -2 -1 -2    4  14   6  12   0   8  11   3   1   1   5  14   1   5   1   6   5   0   1   2  0.19 inf
  100 D   -1  0  0  5 -2  0  1 -1  2 -2 -2  1 -2 -2 -1  0  0 -2 -2 -2    5   4   3  36   1   4   6   3   6   2   3   8   1   1   2   5   7   0   1   2  0.38 inf
  101 V   -1 -2 -2 -2  0 -2 -1 -2 -2  2  2 -2  2  2 -2 -2 -1 -1  0  2    3   2   1   2   2   1   3   4   1  17  20   2   5  10   2   2   2   0   4  17  0.17 inf
  102 P    0  0  0  0 -2  1  1 -1  3 -1 -1  0 -1  0  3  0  0  0 -1 -1    6   5   4   4   1   7   8   3   9   2   7   7   1   4  15   5   4   2   2   6  0.15 inf
  103 A    0 -1 -1  0  0 -1  0  2 -2 -1  0 -1 -1  0  3 -1 -1 -2  0 -1    5   3   1   5   2   2   8  22   1   5  11   3   1   5  13   3   3   0   3   2  0.16 inf
  104 G    0  0  1  1 -2  1  1  2  2 -1 -2  0 -1 -1 -2  0  0 -2  0 -1    7   5   6   7   0   5   9  20   5   4   3   4   1   2   1   8   4   0   4   5  0.11 inf
  105 D   -1 -1  0  1 -3  1  3  3 -2 -3 -2  0 -2 -3 -1 -1 -1 -3 -3 -3    4   2   4   9   0   7  28  24   0   1   4   4   0   1   3   4   3   0   1   1  0.38 inf
  106 G   -2  1 -1 -1 -3  3  2  1 -2 -4 -3  3 -3 -2  0  0  1 -3 -3 -3    1   7   1   2   0  13  15  13   0   0   1  21   0   2   5   7  10   0   0   1  0.35 inf
  107 F   -5 -5 -5 -6 -5 -5 -6 -6 -4 -3 -3 -5 -3  9 -6 -5 -5 -2  4 -2    0   0   0   0   0   0   0   0   0   0   0   0   0  82   0   0   0   0  11   2  2.34 inf
  108 D   -4 -4 -2  8 -6 -2  0 -2 -4 -6 -6 -4 -6 -6 -4 -1 -4 -6 -6 -6    0   0   0  86   0   1   3   2   0   0   0   0   0   0   0   5   0   0   0   0  2.11 inf
  109 A    5 -4 -2 -4  3 -3 -3  0 -4  0  0 -3  0 -1 -3  0 -1 -4 -2  1   53   0   1   0   7   0   0   5   0   5   7   0   2   3   0   5   1   0   1   8  0.57 inf
  110 V    0 -5 -5 -6 -4 -5 -5 -5 -6  3 -1 -5 -2 -3 -5 -4 -3 -5 -4  6    9   0   0   0   0   0   0   0   0  15   3   0   0   0   0   0   0   0   0  71  1.34 inf
  111 I   -2 -4 -4 -2 -3 -4 -4 -5 -4  4  1 -4  0  3 -4 -3  2 -3 -1  3    1   0   0   2   0   0   0   0   0  32  14   0   2  12   0   0  16   0   1  18  0.60 inf
  112 C   -3 -5 -1 -5 10 -5 -5 -5 -5  0 -4 -5  2 -2 -5  0 -2 -5 -5 -3    1   0   4   0  70   0   0   0   0   5   1   0   6   2   0   8   1   0   0   0  2.31 inf
  113 L   -2 -3 -4 -4  2 -3 -4 -4 -3  2  3 -3  3  2 -4 -3  0  3  2  0    2   0   0   0   5   1   0   1   0  12  34   0   9   9   0   1   8   4   8   4  0.45 inf
  114 G    0 -4 -1  0  3 -3 -3  5 -3 -4 -3 -3 -1  2 -4  1 -2  0 -3 -4    5   0   1   7   8   0   0  49   0   0   2   0   2  10   0  10   1   1   0   0  0.74 inf
  115 N   -3 -3  6  4 -4 -2 -1 -3  0 -5 -5 -3 -4 -5 -4  2  1 -5 -4 -4    1   0  47  21   0   0   3   1   2   0   1   0   0   0   0  14   7   0   0   0  1.07 inf
  116 S    0 -3 -2 -3 -3 -3 -3  0 -3 -1 -4 -3 -4 -4 -3  6  1 -5 -4 -4    6   0   0   0   0   0   0   7   0   4   1   0   0   0   0  73   5   0   0   0  1.20 inf
  117 F   -2 -4 -3 -5 -4 -4 -5 -5 -4  3  3 -4 -1  6 -5 -2 -3 -3 -1 -1    3   0   2   0   0   0   0   0   0  16  34   0   0  37   0   2   0   0   0   3  0.89 inf
  118 A    1 -3  2 -2  5 -1 -2  0 -1 -1 -1 -2 -2  0  1  0  1 -3 -2  0   16   1  10   1  15   2   1   8   1   2   6   1   0   5   8   4  12   0   0   7  0.24 inf
  119 H   -3 -3 -2 -2  1 -3 -2 -2  9 -4 -4 -3 -4 -2 -4 -1 -2 -3  5 -2    2   1   0   3   3   0   2   3  56   1   1   1   0   0   1   3   3   0  18   3  1.60 inf
  120 L   -1 -3 -4 -4 -3 -3 -2 -4 -3  1  5 -3  3  1 -4 -2 -2 -3 -1  1    5   1   0   1   0   0   3   1   0   7  56   1   9   4   1   3   1   0   1   6  0.64 inf
  121 P   -1 -1 -2 -1 -2  0  1 -3  0  0  1 -1  2  3  3 -1  0  1  0 -1    3   2   1   3   0   3  10   1   2   3  19   2   7  15  14   2   6   2   2   2  0.19 inf
  122 D   -1 -1  1  4  0  1  1  1 -2 -3 -3  0 -2 -2 -1  1  0 -3 -2 -2    3   1   7  26   2   5   6  13   1   1   2   5   1   2   3  13   5   0   1   2  0.29 inf
  123 S    0 -1 -1  1  0 -1  1 -1  0 -1  0  0  0  1  0  0 -1 -1  2  0    7   3   2  12   2   1  11   4   2   2  10   5   2   7   4   8   3   0   9   6  0.05 inf
  124 K    0  0  0  0 -2  0  1 -1  0 -1  0  1 -1  1  0  1  0 -1  1  0    6   4   2   5   1   4   8   3   2   3   9  15   1   6   4  11   5   1   6   6  0.05 inf
  125 G    0 -1  1  0 -1  0  0  2 -1 -1 -1  0 -1  0  1  0  0 -2 -1 -1    7   2   8   5   2   4   7  20   1   3   7   6   1   6   5   6   5   0   1   4  0.09 inf
  126 D   -1  0  2  3 -2  0  0 -1  0 -1 -1 -1 -1 -1 -1  0  1 -2  0  0    5   4  10  22   1   2   6   3   2   3   7   3   1   2   3   5   9   0   3   9  0.13 inf
  127 Q   -2  0  0  0 -3  3  3 -1  0 -2  0  0  0 -1  0 -1 -1 -3 -2 -2    2   5   4   4   0  20  27   3   2   1   9   5   2   4   5   1   3   0   1   3  0.31 inf
  128 S    0  2  1  2 -2  0  2 -1  2 -1 -2  0 -2 -3 -2  1 -1 -3 -2 -1   10  11   5  15   1   1  16   4   5   3   4   4   0   1   1   9   2   0   1   6  0.17 inf
  129 E   -1 -2  0  5 -3  0  4 -2 -2 -2 -1 -1 -2 -2 -2 -1 -1 -3 -2 -2    3   1   3  36   0   3  27   3   1   2   6   3   1   2   1   2   3   0   1   2  0.56 inf
  130 H   -1  2 -1 -2 -2  1 -1 -2  3  1  1 -1  1  0 -1 -1 -1 -2  1  1    2  13   3   1   0   9   2   2  10  10  11   1   4   4   2   2   2   0   6  14  0.12 inf
  131 R   -2  4 -1  0 -3  0  0  0 -1  0  0  3 -1 -2 -2 -1 -1 -2 -1 -1    2  31   2   5   0   2   4   6   1   6   9  18   1   2   1   2   3   0   2   3  0.29 inf
  132 L    0  2  0  0 -3  3  1 -2 -2 -2  0  3 -2 -3 -2 -1  0 -3 -2 -1    7  13   4   4   0  16   8   3   0   1  10  22   0   1   1   1   6   0   0   3  0.28 inf
  133 A    4 -4 -2 -4  1 -3 -3 -3 -4 -1 -2 -3 -1 -1 -3 -1  2  1 -3  2   49   0   1   0   3   0   0   0   0   3   2   0   1   3   0   1  15   2   0  17  0.62 inf
  134 L   -4 -4 -5 -5 -1 -4 -5 -5 -4  2  4 -5  1  5 -5 -4 -3 -3 -1  0    0   0   0   0   1   0   0   0   0  12  52   0   2  27   0   0   0   0   0   3  1.01 inf
  135 K    1  2  0 -1 -3  2  2 -1 -1 -3 -3  3 -2 -4 -2  1  1 -4 -3 -2   13  11   5   2   0  12  12   3   1   0   1  21   0   0   0   8   9   0   0   2  0.33 inf
  136 N   -1  1  5 -1 -4  2  3  0 -1 -5 -4  0 -3 -5 -3  1 -1 -5 -4 -4    5   7  33   1   0   8  19   6   1   0   0   4   0   0   0  13   2   0   0   0  0.60 inf
  137 I   -1 -4 -4 -5  2 -4 -4 -4 -4  2  0 -4  4  5 -4 -3 -3  0  0  3    5   0   0   0   5   0   0   0   0  13   6   0  15  27   0   0   0   1   2  24  0.68 inf
  138 A    1  2 -1 -3 -4 -2  0 -3  0 -2 -3  1 -2  1 -4  0 -2  1  6 -3   12  13   3   0   0   0   6   1   2   3   0  10   1   5   0   6   1   2  35   0  0.60 inf
  139 S    1  3  1  0 -3  1  1 -1  1 -3 -2  2 -2 -4 -3  1 -1  0 -3 -3   12  20   6   5   0   5   6   4   4   1   3  17   0   0   0  13   2   2   0   0  0.30 inf
  140 M    1 -2 -2 -3  3 -1 -3 -2  3  0  1 -2  3  0 -3 -1 -1 -3 -2  2   17   2   2   0   8   2   0   1   9   2  17   2  10   4   0   4   1   0   0  19  0.25 inf
  141 V   -4 -5 -5 -6 -4 -4 -5 -6 -5  1  6 -5  0 -2 -5 -3 -1 -4 -4  2    0   0   0   0   0   0   0   0   0   4  78   0   1   0   0   2   3   0   0  11  1.21 inf
  142 R    0  3  3 -2 -4 -1  1 -2 -2 -2 -3  5 -3 -5 -2 -1 -2 -5 -3 -2    8  14  14   0   0   0   8   2   0   2   1  43   0   0   1   3   1   0   1   3  0.64 inf
  143 P   -2 -1  0 -1 -5  0  1 -4  3 -5 -5  1 -4 -5  7 -1 -1 -5 -4 -4    3   3   4   3   0   3  11   0   8   0   0   7   0   0  50   4   4   0   0   0  1.15 inf
  144 G   -2 -4  1  3 -5 -3  1  6 -4 -6 -6 -2 -5 -6 -3 -3 -4 -5 -5 -5    2   0   6  17   0   0   9  63   0   0   0   1   0   0   1   0   0   0   0   0  1.25 inf
  145 G   -2 -5 -4 -4 -6 -5 -5  7 -5 -7 -7 -5 -6 -6 -5 -3 -5 -6 -6 -6    2   0   0   0   0   0   0  97   0   0   0   0   0   0   0   0   0   0   0   0  2.32 inf
  146 L   -2  1 -2 -3 -3 -1 -3 -4  0  2  2  1  1 -1 -3 -2 -1 -1 -1  2    1  11   2   0   0   1   0   0   3  14  28   9   2   2   0   2   3   1   1  17  0.26 inf
  147 L   -3 -5 -5 -6  0 -5 -5 -5 -4 -1  5 -5  1  5 -5 -4 -4 -3  0 -1    1   0   0   0   2   0   0   0   0   1  56   0   3  30   0   0   0   0   1   3  1.10 inf
  148 V   -3 -5 -5 -5 -3 -4 -5 -5 -5  5  3 -4  1 -2 -5 -4 -3 -4 -1  4    0   0   0   0   0   0   0   0   0  36  30   0   3   0   0   0   0   0   1  28  0.94 inf
  149 I   -1 -4 -5 -5 -3 -4 -4 -3 -4  4  3 -4 -1  5 -4 -4 -2 -3 -1  1    5   0   0   0   0   0   0   2   0  31  28   0   0  25   0   0   1   0   0   6  0.74 inf
  150 D   -4 -3 -1  7 -5  3  0 -4  2 -5 -5 -3 -5 -5 -4 -1 -1 -6 -5 -5    0   0   1  69   0  12   3   0   4   0   0   0   0   0   0   4   3   0   0   0  1.48 inf
  151 H   -2 -2 -2 -3  1  2 -2 -3  7  1 -1 -2  2  0 -2  0  1  1  0 -1    1   1   0   1   3  10   1   1  35  11   3   1   5   3   1   6  10   2   2   3  0.63 inf
  152 R   -2  6 -2 -3 -4 -1 -1 -2 -2  0 -1  0 -1  0 -3  2 -1  1 -3  0    1  46   1   0   0   0   4   2   0   5   5   4   2   4   0  16   2   2   0   6  0.57 inf
  153 N   -3 -3  7  1 -4 -2 -1 -3  0 -1 -3 -2 -1 -4 -4 -1  1 -1 -2 -2    1   0  62   5   0   0   3   1   2   3   3   2   2   0   0   2   8   1   1   2  1.07 inf
  154 Y   -4  0 -4 -5 -4 -3 -4 -1 -2 -2 -1 -2  0  4 -5 -4 -2  5  7 -1    0   6   0   0   0   0   0   4   0   2   4   2   3  15   0   0   3   8  48   3  1.14 inf
  155 D   -1 -3 -1  6 -1  0  1 -3  1 -4 -2 -1 -3 -3  0 -1 -3 -4 -2 -4    4   1   1  57   1   3   9   1   3   1   6   3   0   1   4   3   1   0   1   1  0.88 inf
  156 Y    0  2  0 -1 -1  0  0 -1  2 -1  0  1 -1  0  0  0  0 -2  1  0   10  14   3   2   2   3   3   3   6   4   8   9   0   5   3   9   3   0   8   7  0.06 inf
  157 I   -1 -2 -3 -2 -2 -3 -2 -4 -3  5  1 -2  2  1 -1 -3 -1  0 -1  2    3   2   1   3   0   0   3   1   0  41   9   2   4   5   3   1   3   1   2  15  0.40 inf
  158 L   -2  0 -3 -3 -2 -2 -1 -2 -2  2  3 -2  2  2 -3 -3 -1 -2  1  0    2   6   1   1   0   1   4   3   0  12  41   1   6  10   1   1   3   0   6   3  0.34 inf
  159 S   -1  1  1  4 -3  2  1 -2 -1 -2 -2  1 -1 -2  0  1 -1 -3 -1 -3    4   7   5  26   0  12   9   2   0   2   3   9   2   1   3  10   2   0   2   1  0.30 inf
  160 T    0  1  1  0 -2  0  1 -1  3 -1 -1  0 -1 -2 -1  1  2 -2 -2 -2    6   7   8   6   0   4   7   4   9   4   5   4   0   1   3   8  20   0   1   1  0.15 inf
  161 G   -1 -1 -1  1 -3 -2 -2  5 -2 -3 -2 -2 -3 -2 -1 -1 -1 -3 -3 -2    2   4   2   9   0   1   1  55   0   1   4   2   0   2   3   4   3   0   1   4  0.67 inf
  162 C   -1  0 -1  0  2  1  0 -2  0 -1 -1  0  0  2  0  0  0  3  3 -1    4   5   2   5   6   7   8   2   1   3   2   4   2  13   5   5   6   4  11   5  0.11 inf
  163 A    2 -1 -1  0 -1  0 -1 -1 -2 -1 -1 -1 -1  0 -2  2  0 -2  0  1   27   4   3   4   1   3   2   2   0   2   5   2   0   5   1  15   5   0   3  15  0.14 inf
  164 P   -1  0 -1  1 -2 -1 -1 -1 -2 -1 -2 -1 -2  1  4  1  1  0  2 -1    4   5   2   8   0   1   1   5   0   5   2   3   0   7  24  11   9   1   7   4  0.29 inf
  165 P   -1  1 -1 -2 -3  2 -1 -1 -2 -1 -2  1  0 -1  4  0  0 -3 -1  0    4   7   3   1   0  12   1   3   0   4   3  11   3   3  24   4   6   0   1   8  0.31 inf
  166 G    0 -1  1  0 -2 -1  1  3  2 -1 -2 -1 -1 -2  1  0 -1 -2 -1 -1   10   2   7   6   0   1   8  23   6   6   2   2   1   1   6   7   2   0   2   6  0.16 inf
  167 K   -1  1 -1 -1 -3  0  2  0  2 -3 -2  4 -2 -2  0  0 -1 -2  2 -2    5   5   1   1   0   1  13   9   6   1   3  31   0   1   5   6   1   0   7   3  0.27 inf
  168 N   -1  0  3  1  0 -1  0 -1  3 -2 -2  0 -1  0 -1  1  0  1  0 -2    1   5  20   6   3   1   6   4  10   1   4   4   1   5   3  12   6   2   4   3  0.18 inf
  169 I   -2 -3 -3 -3 -2 -3 -2 -3 -2  4  0 -2  1  2 -3 -2  1  1  4  3    1   1   1   1   0   1   2   1   0  27   5   2   3   7   1   1   8   2  16  19  0.41 inf
  170 Y   -1 -1 -1 -2 -3 -2 -1 -3  3 -1  0 -2 -2  1  0  0 -2  2  6  0    3   2   3   2   0   1   4   1   7   3   8   1   0   4   4   7   1   2  40   6  0.57 inf
  171 Y   -2 -2 -1 -2  2 -1  0 -3  1 -1 -2 -2 -1  2 -2 -1 -1  3  6 -1    3   2   3   2   4   3   7   1   2   4   3   2   1   7   2   3   3   3  40   4  0.59 inf
  172 K   -1  1  4  0  2  1  1 -1  1 -1 -3  2 -2 -2 -2 -1 -1 -3  1 -2    5   7  23   3   6   4   8   3   4   4   2  18   0   1   1   1   2   0   7   1  0.29 inf
  173 S    0 -1  1  1  1  0  1  2 -2 -2 -2 -1 -1 -2 -1  1  0  2 -2 -1    6   3   6  10   4   3  10  18   0   2   4   1   2   2   2  14   4   4   0   4  0.15 inf
  174 D   -2  0  2  5 -3  0  1  0 -1 -3 -2  0 -2 -2 -2  1  1 -3 -3 -1    1   4  10  33   0   4   9   5   1   1   3   5   0   2   1   8   8   0   1   4  0.39 inf
  175 L    0  0  0  0  1  0  1  0  2 -1  0  0 -1  0  0  0  0 -2  1 -1    6   5   2   6   5   2  13   7   6   1  11   6   1   4   3   4   8   0   6   5  0.04 inf
  176 T   -1  0  0  0 -1  0  0  1  0  1  0 -1 -1  1 -2  0  2 -2 -1  0    4   6   4   5   1   3   7  14   2  10   7   2   1   7   1   5  16   0   1   5  0.05 inf
  177 K    1  2  1  0 -2  1  1 -2 -1 -1 -1  2 -1 -1  0  0  0 -2 -2  0   12  13   6   5   0   4   8   2   0   3   4  15   1   3   3   3   4   0   1  11  0.10 inf
  178 D   -1  0  1  5 -3 -1  0 -2 -2  0 -2  0  1  1 -2 -1 -1  0 -2  0    4   5   6  35   0   2   5   2   0   5   2   6   5   6   1   4   3   1   1   6  0.33 inf
  179 I    0 -2 -3 -2  0 -2 -2 -1  1  4  0 -2  0  0 -2 -2 -1 -3 -2  3    6   2   1   2   2   1   3   6   5  29   4   2   2   5   2   1   3   0   0  24  0.28 inf
  180 T   -2  2 -1 -2 -1  0  1 -2 -1 -2 -1  2  0 -1 -3  1  2  5 -1 -2    1  11   2   1   1   4   8   3   1   1   6  15   3   3   0  11  17   8   1   2  0.25 inf
  181 T    0 -1 -2  1  0  0  0 -2 -1  0 -2 -2  0  0  0  0  3  0  0  2    6   3   0   8   2   5   5   2   2   4   1   0   3   4   4   3  29   1   3  15  0.20 inf
  182 S    0  0 -1 -1 -3  1  2 -2 -2  0 -1 -1  0 -2 -2  3  0  1  0 -1    4   4   2   2   0   5  17   2   0   8   5   3   3   2   1  31   6   2   3   2  0.25 inf
  183 V    0 -1 -2 -1 -2 -2 -1 -2 -2  1  1 -2  0 -1  2 -1  0  2 -1  3    8   4   1   4   0   1   4   2   0   7  12   2   2   3  10   5   4   3   2  26  0.15 inf
  184 L   -1  0 -2  0 -2 -1  0 -3 -1  1  1 -1  0  0  0 -1  0  0  1  1    4   6   1   7   0   2   9   1   1  12  21   3   2   3   3   2   7   1   6   9  0.07 inf
  185 T   -2  0  0 -2 -3  0  1 -1  4 -1 -2 -1 -1  1  0 -1  0  4  4 -2    2   5   5   1   0   4  12   4  11   5   3   3   1   7   4   2   7   6  17   2  0.27 inf
  186 V    0  1 -2  0 -3 -1  1 -2 -2  0 -1  0 -1  1 -2  1 -1  2  2  3    5   8   0   5   0   2  11   2   0   5   2   4   1   5   2  10   1   3   9  25  0.16 inf
  187 N   -2 -1  3  4  1  0  2 -2  3 -3 -3 -1 -2 -1  0 -1 -2  0  0 -4    3   3  16  28   3   4  12   2   7   1   2   3   1   3   4   2   2   2   3   0  0.46 inf
  188 N   -1  0  1  2 -3 -1  2  2 -2 -1 -2  0 -1 -2 -3  0 -1 -3  0 -1    2   6   9  12   0   0  18  16   0   3   2   6   2   1   0   8   2   0   5   7  0.20 inf
  189 K    0  1  0  1 -3 -1  1  1 -1 -1 -1  2 -2 -2 -1 -1  0 -3 -1 -1   10  10   3   9   0   0  11  11   1   3   5  19   0   1   2   1   5   0   3   5  0.14 inf
  190 A    1 -1 -2  2 -2  0  1 -1 -2 -2 -3 -1 -3 -3  4  1  0  0 -1 -1   14   2   0  12   1   4   8   3   0   2   1   4   0   0  23  10   4   2   2   5  0.37 inf
  191 H    0 -2  1  1 -3  1 -1  1  6 -2 -2 -1 -2 -1 -2  1  1  1 -1 -1   10   1   6   8   0   6   2   9  23   2   3   3   0   3   2   9   8   2   1   4  0.32 inf
  192 M   -2  1 -3 -2 -3 -2 -1 -4 -1  1  2 -1  4  0 -3  1 -1 -3  1  1    2  11   0   2   0   0   3   0   1   6  27   2  12   4   0  13   2   0   4  10  0.25 inf
  193 V    1 -3 -2 -2  0 -2 -3 -3  0  2  0 -2 -1  0 -3 -1  0 -3  0  4   12   0   2   2   2   2   0   1   3  12   5   2   0   5   0   5   4   0   3  40  0.38 inf
  194 T   -2  3  1  2 -3  0  2 -2  0 -1 -2  0  0 -1 -3 -1  2 -4 -3  0    2  19   5  13   0   2  13   2   2   2   2   4   2   2   0   3  17   0   0   8  0.26 inf
  195 L   -3 -2 -2 -2 -4 -3 -3 -5  5  2  2 -3  2  4 -5 -4 -3 -3  2  0    0   2   1   2   0   0   1   0  16  10  25   1   6  21   0   0   0   0   7   7  0.60 inf
  196 D   -2  2  0  4 -4  1  2 -3 -2 -1 -3  1 -3 -4 -3 -1  0 -4  0 -2    1  13   4  27   0   6  17   0   0   5   2   9   0   0   0   4   6   0   3   1  0.46 inf
  197 Y   -4 -2 -3 -5 -4 -2 -3 -5  0 -1  1 -4 -2  4 -5 -2 -2  3  7 -2    0   2   1   0   0   2   2   0   1   3  16   0   0  18   0   2   3   3  43   1  1.07 inf
  198 T   -2  1  1  1 -3  1  1 -3  0  0 -1 -1 -2 -1 -3  0  4  1 -1 -1    2   7   8   7   0   6   9   0   2   5   7   1   0   2   0   6  29   2   1   5  0.24 inf
  199 V   -3 -2 -4 -3 -3 -3 -4 -3 -1  2  0 -4  2  5 -4 -2 -1 -2  1  3    0   3   0   2   0   1   0   2   2  13   7   0   5  30   0   2   3   0   4  25  0.57 inf
  200 Q    0 -1 -1  0  0  1  0 -2  0  0  0 -1  0  3 -2 -1 -1  1  1  1    6   3   3   5   2  11   6   2   3   4   7   3   2  17   1   4   3   2   4  13  0.09 inf
  201 V    0 -2 -2 -1  0 -1 -1 -3 -3  3  1 -2  0  1 -2 -1  0  2  0  3    5   1   1   4   2   2   3   1   0  17  10   2   2   5   1   3   5   4   2  29  0.23 inf
  202 P    0  0  1  0 -3  1  1 -2 -1 -2 -2  1 -2 -1  3  0  0  2  1 -2    8   5   7   5   0   8  10   1   0   2   4   7   0   2  17   6   5   3   6   1  0.22 inf
  203 G   -1  1  1  2 -3  2  1  2  0 -1 -1  0  0 -1 -2 -1 -1 -3 -2 -1    2   6   7  15   0  10   9  18   2   4   6   6   2   2   2   2   2   0   1   4  0.17 inf
  204 A    0  1  1  1 -2  0  2 -1 -1  0 -1  1 -1 -1  1  0  0 -2 -1 -1    8   8   6   7   0   3  16   5   0   6   5   7   0   3   7   7   6   0   1   4  0.10 inf
  205 G    0  0  0  2 -3  0  2  2  1 -3 -2  0 -1 -1 -1  0  0  1 -1 -2    7   4   4  14   0   2  13  19   3   1   3   4   2   4   3   6   4   2   2   1  0.18 inf
  206 R    0  0  0  0 -1  0  2  1  0  0 -1  0  0  0  0  0 -1 -2  0 -1    7   5   4   3   2   2  17  12   2   9   3   6   2   5   4   7   2   0   4   4  0.06 inf
  207 D   -2  0  1  5 -3  0  2  1 -2 -1 -3 -1  0 -3 -2 -1  1 -3 -2 -3    1   5   5  35   0   3  13   9   0   4   2   4   2   1   1   4   8   0   2   1  0.44 inf
  208 G    0  1  0 -2 -2 -1  0  3  0 -1 -1  0 -2  0 -1  0  0 -2  0  0    5   9   3   1   0   2   8  27   2   4   5   5   0   5   3   4   7   0   4   8  0.14 inf
  209 A    0  1  0 -1  0  0  1 -2 -1 -1  0  0 -1  1 -1  1  1  0  1  0    5   7   4   2   2   3  11   2   0   3   9   4   1   6   2  10  13   1   7   9  0.06 inf
  210 P   -1  1 -1  2 -3 -1  0 -3  3 -2 -2  0 -3 -2  4  1 -1  4 -1 -1    5   8   3  12   0   1   4   1   8   2   3   5   0   1  19  13   1   5   1   7  0.32 inf
  211 G   -2  2  0  2 -4  2  2  1  2 -4 -3  1 -3  0 -1  0 -1 -4 -1 -4    1  13   3  14   0   8  15  11   7   0   2   7   0   4   2   6   3   0   2   0  0.29 inf
  212 F   -1  1  0  0 -3  0  0  1  0  0  0 -1 -1  2 -3 -1  1 -2  1  0    3   8   5   7   0   2   6  10   3   8   9   3   1  11   0   1  10   0   5   7  0.04 inf
  213 S    0  0  1  0  2  1  0  0  2 -2 -1  0 -2 -2  1  0  0 -3  1 -1    6   6   6   6   6   6   6   6   6   0   6   6   0   0   6   6   6   0   6   6  0.08 inf
  214 K   -1  0  1  0 -3  1  3 -3  2 -1 -1  1  0 -3 -1 -1  1 -4 -3  1    2   3   9   5   0   6  22   0   5   2   4  11   3   0   2   3   8   0   0  14  0.22 inf
  215 F   -1 -1  1 -1  0 -1  1 -3  3  0 -1 -2 -2  3 -3 -2 -1  3  4  0    4   2   8   3   2   3  11   0   8   5   6   0   0  15   0   0   4   3  16   8  0.27 inf
  216 R   -3  4  2  0 -4  1  1 -3  5 -1 -2 -1 -3 -1 -3  0  0 -4 -1 -2    0  29   9   4   0   4  10   0  19   3   3   0   0   2   0   6   5   0   2   3  0.53 inf
  217 L   -2 -1 -3 -3  2 -1  0 -4  0  2  4 -1  2 -2 -3 -3  1 -3 -3  1    1   2   0   0   4   3   8   0   2  10  44   3   4   0   0   0   9   0   0   8  0.39 inf
  218 S   -1  1  3  0 -3  0  2 -2 -2 -3 -2  1  0 -1  2  1  0 -3  0 -3    3   9  19   3   0   3  13   1   0   0   4   7   4   3  10  14   5   0   3   1  0.27 inf
  219 Y   -1 -1 -3 -3  0  0 -2 -2 -2  1  1 -1  3  1 -3 -2  1 -2  4  0    5   3   0   1   2   6   2   3   0  10  17   3  12   6   1   1  10   0  16   3  0.22 inf
  220 Y   -1  3 -2 -4  1 -3 -1 -4  3 -4 -3 -1 -3  3 -4 -3 -1  4  6 -4    6  16   2   0   4   0   4   0   6   0   0   2   0  14   0   0   4   6  36   0  0.89 inf
  221 P   -1 -4 -3  0  0 -3 -1 -2 -4 -3 -3 -3 -4 -5  7 -2  2 -5 -4 -4    3   0   0   5   2   0   3   2   0   2   2   0   0   0  63   1  13   0   0   1  1.51 inf
  222 H   -2 -2 -3 -3 -3 -1 -3 -3  5  2  2 -3 -1  1  0 -2 -2  2  3  1    3   1   1   1   0   2   1   1  19  15  23   1   0   4   4   1   1   3  13   8  0.40 inf
  223 C   -2  5 -2 -2  0  0  2 -2  0 -3  0  1  0 -3 -2  0  0 -4 -3 -2    1  35   0   0   2   3  13   3   2   0  10   9   3   0   2   7   6   0   0   1  0.38 inf
  224 L   -1  0 -2 -2 -3  0  1 -3  0  1  2  1  0 -2 -1 -1 -1 -3  0  1    3   6   0   2   0   5   9   0   3   5  29  11   0   0   3   3   2   0   4  15  0.14 inf
  225 A    0  0  1  3 -3  0  3  1  2 -3 -2  0 -2 -3 -2  0 -1 -3 -2 -2   10   4   7  18   0   3  20  11   7   0   4   5   0   0   0   5   2   0   0   3  0.27 inf
  226 S   -2  1  0  2 -4  2  3 -3 -1 -2 -3  1  0 -2 -2  0  1 -3  3 -1    1   6   4  11   0  13  21   0   0   2   0   7   3   0   1   4   9   0  12   5  0.30 inf
  227 F   -3 -3 -4 -4 -3 -3 -4 -4 -2  1  2 -3  2  5 -4 -3 -1 -1  5  1    1   0   0   0   0   0   1   1   0   7  22   0   6  24   0   1   4   0  21  11  0.62 inf
  228 T    0  3 -1  0 -3  1  1 -2 -2  0 -1  1  0 -3 -2  0  1 -3 -2  0   10  18   1   6   0   5   9   1   0   5   5   9   2   0   0   6  13   0   0   9  0.16 inf
  229 E    1  3  1 -1 -3  1  2 -1  0  0 -3  1 -2 -3 -2  1  0 -4 -3 -2   11  18   6   2   0   6  13   2   2   8   0  10   0   0   0  12   5   0   0   1  0.24 inf
  230 L    0 -2 -4 -3 -3  0 -3 -4 -3  1  4 -2  4  0 -4 -3 -2  3 -1  0    8   2   0   1   0   6   0   0   0   5  50   2  12   3   0   0   0   5   1   3  0.54 inf
  231 V   -2 -4 -5 -5 -3 -4 -4 -5 -4  0  5 -4  4 -2 -4 -4 -1 -4 -3  0    4   0   0   0   0   0   0   0   0   3  74   0  10   0   0   0   3   0   0   3  1.06 inf
  232 Q    1  2 -1  0 -3  1  2 -2  1 -3 -2  2 -2 -2 -2  0  0 -3  0 -3   16  14   0   5   0   4  18   0   4   0   3  18   1   1   0   7   5   0   3   0  0.30 inf
  233 E    0 -2  0  2 -4  2  5 -2  0 -4 -4  0 -1 -4 -3  0 -1 -4 -3 -3    7   0   4  10   0   7  51   3   1   0   1   4   2   0   0   5   3   0   0   1  0.71 inf
  234 A    4 -3 -3 -3  3 -2 -3 -2 -1  1 -1 -1  1 -3 -3 -1  0 -4 -3  2   44   0   0   0   6   0   1   1   2   9   2   4   4   0   0   2   5   0   0  19  0.45 inf
  235 F   -1 -1 -1 -1 -1 -1 -1  2 -1 -1  0 -1 -1  4 -1 -1 -1  0  1 -1    4   3   2   3   1   2   3  22   1   3   7   3   1  27   3   4   3   1   5   5  0.22 inf
  236 G    0 -1 -1 -1 -1 -1 -1  2  0 -1 -1  0 -1  3  0  0 -1  0  0 -1   10   2   2   3   1   3   3  21   3   2   6   6   1  17   4   5   3   1   2   4  0.11 inf
  237 G   -2 -2 -1 -2 -4 -2  2  6  0 -5 -3  0 -4 -5 -2  0 -3 -4 -3 -3    1   2   2   1   0   0  16  60   2   0   2   5   0   0   1   5   0   0   1   2  0.91 inf
  238 R   -3 -1  2 -2 -4 -1 -2 -2 -1 -3 -1  1 -2  7 -4 -2 -2  1  1 -2    1   4  10   2   0   3   2   2   1   0   4  11   0  49   0   1   3   2   2   3  0.72 inf
  239 C    1  0 -2 -1  4  3  0 -2 -1 -1 -3  2 -1 -3 -3  1  1 -4 -2  0   12   4   0   2  12  15   3   1   1   3   0  15   1   0   0  10  12   0   1   7  0.27 inf
  240 Q   -1  1  1  1 -1  2  2 -3 -1 -3 -2  2 -2 -2  0  1  0 -4 -3 -2    2   8   8   6   2  11  16   0   1   0   3  16   0   2   5  13   4   0   0   3  0.28 inf
  241 H   -3 -3 -3 -4 -3  0 -3 -4  6  3  0 -3 -1  2 -4 -2 -2 -3  2  2    0   0   0   0   0   6   0   0  22  24   8   0   0  10   0   3   0   0   7  18  0.55 inf
  242 S    0  1  0  0 -3  1  3 -2  0 -3 -3  2 -2 -4 -2  2  2 -4 -3 -2    6   8   3   5   0   5  21   0   1   1   1  15   0   0   0  16  15   0   0   2  0.34 inf
  243 V   -1 -2 -3 -4 -1 -3 -3 -4 -4  3  2 -3  0  0 -3 -1  3 -3 -2  3    3   1   0   0   1   0   0   0   0  18  19   0   1   3   0   3  20   0   0  28  0.42 inf
  244 L   -4 -4 -4 -5 -5 -4 -4 -5  0 -3  0 -4 -1  3 -5 -2 -1 -1  8 -3    0   0   0   0   0   0   0   0   1   0   8   0   1  11   0   3   5   0  67   1  1.66 inf
  245 G    3 -2 -3 -3 -1 -3 -1  6 -4 -5 -5 -3 -4 -5 -4 -2 -3 -5 -5 -4   28   2   0   0   1   0   5  62   0   0   0   0   0   0   0   1   0   0   0   0  1.20 inf
  246 D   -3 -4  1  8 -6 -1 -1 -4 -4 -6 -7 -3 -6 -6 -4 -2 -4 -7 -6 -6    2   0   4  90   0   2   0   0   0   0   0   0   0   0   0   2   0   0   0   0  2.12 inf
  247 F   -3 -5 -5 -6 -5 -5 -5 -6  0 -3  0 -5  0  8 -6 -4 -4  2  3 -3    3   0   0   0   0   0   0   0   2   0   6   0   2  78   0   1   0   2   6   0  1.84 inf
  248 K   -2  1 -1 -1 -5  4  2 -1 -2 -3 -4  5 -3 -5 -3 -1  0 -5 -4 -4    0   3   2   2   0  20  16   3   0   1   0  44   0   0   0   2   6   0   0   0  0.75 inf
  249 P   -1  2  0  3 -4  0  2 -3 -1 -3 -2  1  0 -4  3  0 -1 -4 -3 -3    3  12   2  22   0   2  16   0   1   0   4   7   3   0  16   9   3   0   0   0  0.41 inf
  250 Y   -1  0 -1  0 -2  0  0 -2 -1 -1  1  1  1  0 -2  0  1 -2  2 -1    3   4   1   4   0   4   4   2   1   1  20  13   6   3   0   8  14   0  11   1  0.11 inf
  251 R   -1  0  0  0 -3  0  3 -2  0 -1 -1  1 -2  0  0 -1  0 -2  3 -2    5   5   5   4   0   2  28   1   2   4   5  10   0   3   4   1   6   0  12   2  0.21 inf
  252 P    0  0 -1  1 -3 -1 -1 -2  3 -2 -3 -1 -2 -3  5 -1 -1  0 -1 -1   11   6   2   8   0   2   3   3   9   2   2   3   0   1  36   4   2   2   2   4  0.58 inf
  253 G    0 -1  0  1 -2  0 -1  2 -2 -2 -2 -1 -2 -3  2  1  2 -3 -1 -1    4   1   5   8   0   5   2  21   0   2   2   3   0   0  12  12  16   0   3   4  0.24 inf
  254 Q   -1  1  1  3 -4  3  4 -3  0 -4 -3  1 -1 -4 -2  0 -2 -4 -3 -2    5   5   5  18   0  16  28   0   1   0   1   9   2   0   0   5   0   0   0   2  0.51 inf
  255 A    0 -1  1  1 -2  1  2 -1  0  1 -1  0 -1 -2 -2  0  2 -3 -2  1    5   2   5   9   0   8  16   3   2  10   2   6   2   1   0   2  15   0   0  11  0.13 inf
  256 Y    0 -1  0  1 -3  1  2 -1  0 -3 -3  1 -1 -3 -2  3  1 -3  1 -2    7   0   2   6   0   4  13   4   2   0   1   8   2   0   0  35   6   0   6   2  0.30 inf
  257 V    0 -1  2  4 -2  0  2 -1 -2 -2 -3  0 -3 -2  0  0  1 -4 -3 -1    6   2  12  27   1   2  13   4   0   1   1   7   0   2   4   4   8   0   0   5  0.31 inf
  258 P   -2  5 -1 -4 -1 -2 -3 -4 -3 -4 -4 -2 -4 -5  6 -2  0 -5  0 -3    1  32   2   0   2   0   0   0   0   0   0   0   0   0  48   2   7   0   4   2  1.30 inf
  259 C    2 -4 -2  4  4 -3 -2 -1  0  0 -2 -3 -3 -1 -3 -1 -1  7 -2 -2   23   0   0  25   9   0   0   5   2   5   3   0   0   2   0   1   3  18   0   1  0.62 inf
  260 Y   -4 -4 -4 -5 -4 -4 -5 -5  0 -3 -1 -2 -2  8 -5 -4 -4 -1  6 -3    0   0   0   0   0   0   0   0   2   0   3   3   0  63   0   0   0   0  25   0  1.66 inf
  261 F   -4 -5 -5 -6 -5 -5 -5 -6 -3  1 -1 -5 -2  7 -6 -5 -4 -1  6 -2    0   0   0   0   0   0   0   0   0   7   3   0   0  60   0   0   0   0  27   2  1.67 inf
  262 I   -2 -2 -2 -3 -2  2 -2 -3 -2  5  0 -2  1 -1 -2 -2  0 -2  0  2    2   1   1   1   0  12   1   2   0  48   3   1   3   1   1   2   5   0   4  12  0.45 inf
  263 H   -2 -1 -1 -2 -3  1 -1 -2  9 -2 -2 -2  2 -2 -2 -2 -2 -2  0 -2    3   2   1   2   1   6   2   2  59   2   3   2   6   1   2   2   2   0   1   2  1.21 inf
  264 V   -2 -4 -4 -5 -3 -4 -4 -5 -5  2  0 -4  1 -3 -4 -3 -1 -4 -3  6    0   0   0   0   0   0   0   0   0   6   6   0   3   0   0   0   3   0   0  77  1.11 inf
  265 L    4 -4 -4 -4  4 -3 -3 -3 -4  2  0 -3  0 -3 -3 -2 -2 -4 -3  2   53   0   0   0   9   0   0   0   0  14   8   0   1   0   0   0   0   0   0  15  0.68 inf
  266 K   -2  0 -2  0 -5  4  4 -4 -2 -4 -4  4 -3 -5 -3 -2  0 -4 -4 -3    0   2   0   4   0  25  34   0   0   0   0  26   0   0   0   0   7   0   0   2  0.80 inf
  267 K   -3  1 -3 -3 -6 -1 -2 -4 -3 -5 -5  8 -4 -6 -4 -3 -3 -6 -4 -5    0   4   0   0   0   0   0   0   0   0   0  96   0   0   0   0   0   0   0   0  1.87 inf
  268 T    2 -2  2 -1 -2 -1 -1 -2 -2 -2 -3 -1 -2 -3 -2  3  4 -4 -3 -2   19   0  14   0   0   0   0   0   0   0   0   0   0   0   0  23  45   0   0   0  0.52 inf
  269 G    3 -2 -1 -2 -1 -1 -1  4 -2 -3 -3 -1 -2 -3 -2  2  0 -3 -3 -2   42   0   0   0   0   0   0  36   0   0   0   0   0   0   0  22   0   0   0   0  0.47 inf

                      K         Lambda
Standard Ungapped    0.1380     0.3209
Standard Gapped      0.0451     0.2670
PSI Ungapped         0.1462     0.3130
PSI Gapped           0.0451     0.2670
