
Last position-specific scoring matrix computed, weighted observed percentages rounded down, information per position, and relative weight of gapless real matches to pseudocounts
           A  R  N  D  C  Q  E  G  H  I  L  K  M  F  P  S  T  W  Y  V   A   R   N   D   C   Q   E   G   H   I   L   K   M   F   P   S   T   W   Y   V
    1 Y   -4 -4 -4 -5 -5 -4 -4 -5  4 -4 -3 -4 -3  5 -6 -4 -4  4  8 -4    0   0   0   0   0   0   0   0   9   0   0   0   0  22   0   0   0   4  64   0  1.86 inf
    2 A    6 -4 -2 -4 -3 -3 -3 -1 -4 -3 -4 -3 -3 -5 -3  0 -2 -5 -4  1   83   0   2   0   0   0   0   2   0   0   0   0   0   0   0   4   0   0   0   9  1.25 inf
    3 Y   -5 -4 -2 -5 -5 -4 -3 -6  5 -4 -4 -5 -4  3 -6 -4 -4  0  9 -3    0   0   2   0   0   0   2   0  12   0   0   0   0   8   0   0   0   1  74   1  2.08 inf
    4 G   -3 -5 -3 -4 -5 -5 -5  7 -5 -7 -7 -4 -6 -6 -5 -3 -4 -5 -6 -6    0   0   0   0   0   0   0 100   0   0   0   0   0   0   0   0   0   0   0   0  2.32 inf
    5 A    0  0  0  2 -4  1  4 -3  0 -1 -3  0 -3 -4  1  0  1 -4 -3 -1    6   4   3  10   0   4  34   0   2   3   0   5   0   0   8   5  12   0   1   4  0.37 inf
    6 Q   -4 -1 -3 -3 -6  8  2 -2 -3 -6 -3 -1 -3 -6 -4 -2 -3 -5 -5 -5    0   2   0   0   0  79  11   3   0   0   2   1   0   0   0   1   1   0   0   0  1.79 inf
    7 H   -1  2  1  0 -1  1  0 -3  4  1 -2  0 -1 -2 -3 -1  1 -3  1  0    3  12   6   6   1   8   6   0  16   9   1   3   2   0   0   2  14   0   6   7  0.23 inf
    8 D   -3 -4  2  7 -6 -3  1 -4 -4 -4 -3 -3 -5 -6 -4 -2 -3 -7 -3 -5    2   0   7  76   0   0   8   0   0   1   3   0   0   0   0   2   0   0   1   0  1.61 inf
    9 Y   -3 -5 -5 -6 -5 -4 -5 -6  1 -2 -2 -5 -4  1 -6 -5 -4  2  9 -3    2   0   0   0   0   0   0   0   3   2   3   0   0   2   0   0   0   2  84   1  2.30 inf
   10 F   -5 -6 -6 -6 -5 -6 -6 -6 -4  1  0 -6  1  8 -6 -4 -5  3  0 -3    0   0   0   0   0   0   0   0   0   7   9   0   3  77   0   1   0   4   1   0  1.88 inf
   11 D   -2 -4  1  7 -6 -3  0 -2 -4 -5 -3 -3 -5 -3 -4 -1 -2 -7 -5 -5    3   0   5  77   0   0   4   2   0   0   2   0   0   1   0   4   2   0   0   0  1.59 inf
   12 H   -2 -2  2  4 -5  2 -1 -4  8 -5 -5 -1 -2 -2 -4 -1 -3 -5  0 -5    3   1   9  24   0   9   2   0  40   0   0   2   1   2   0   4   0   0   2   0  1.07 inf
   13 H    2  1 -3 -3 -4  0  0 -3 -1 -5 -4  1 -4 -5  6 -1 -2  2 -2 -4   18   8   1   0   0   5   6   1   2   0   0  10   0   0  44   2   0   3   2   0  0.96 inf
   14 D   -4 -2  7  3 -5  0 -2 -3  4 -6 -6 -2 -5 -5 -4  0  0 -6 -4 -5    0   1  59  16   0   3   0   0  10   0   0   1   0   0   0   7   4   0   0   0  1.31 inf
   15 I   -3 -4 -5 -6 10 -5 -6 -5 -5  1 -1 -5 -3 -4 -5 -3  1 -5 -2  3    1   1   0   0  57   0   0   0   0   8   4   0   0   0   0   0   9   0   2  20  1.73 inf
   16 V   -4 -6 -6 -6 -4 -5 -6 -6 -6  7  0 -5 -1 -3 -5 -5 -3 -5 -1  3    0   0   0   0   0   0   0   0   0  76   4   0   0   0   0   0   0   0   2  18  1.53 inf
   17 G    2 -5 -4 -4 -5 -5 -5  7 -5 -6 -6 -4 -5 -6 -5 -3 -4 -6 -6 -5   19   0   0   0   0   0   0  81   0   0   0   0   0   0   0   0   0   0   0   0  1.86 inf
   18 W   -6 -6 -7 -7 -6 -5 -1 -6 -5  0 -4 -6 -1  6 -7 -6 -5 11  1 -5    0   0   0   0   0   0   5   0   0   5   0   0   1  37   0   0   0  50   2   0  2.57 inf
   19 T   -2 -4 -3 -4 -3 -1 -4 -5 -4  2 -2 -4 -2 -4 -4  0  5 -5 -1  4    2   0   0   0   0   3   0   0   0  11   0   0   0   0   0   6  39   0   2  37  0.86 inf
   20 R   -4  8 -1 -5  4 -1 -3 -5 -3 -6 -4 -1 -4 -3 -5 -4 -4 -6 -1 -5    0  81   3   0   9   1   0   0   0   0   2   1   0   1   0   0   0   0   2   0  1.89 inf
   21 E   -1  1 -2 -2 -3  0  2 -3  1 -1  0  0 -1  0 -3  1  2 -3  2 -1    5   9   0   0   0   3  18   0   4   3  12   3   1   3   0  10  17   0  10   2  0.20 inf
   22 G   -3 -5 -3 -4 -5 -5 -5  7 -5 -5 -3 -4 -5 -6 -5 -3 -2 -5 -6 -1    0   0   0   0   0   0   0  89   0   0   3   0   0   0   0   0   2   0   0   5  1.92 inf
   23 D   -2  0  3  5 -4 -1 -1 -3  2 -2 -3  0 -2 -4 -3 -1  3 -5 -4 -1    2   5  15  36   0   1   0   0   6   2   2   4   1   0   0   1  21   0   0   5  0.63 inf
   24 S    1 -1 -1  3 -2 -1  4 -1  0 -2 -3 -1 -3 -3  0  1 -1  2 -1 -3   13   2   1  17   1   1  29   3   2   3   2   3   0   0   5  10   3   3   2   0  0.34 inf
   25 S    1  0  0  3 -4  0  4 -2 -2 -4 -3  0 -2 -3 -3  0  0 -4 -3 -3   11   5   3  19   0   3  34   2   0   0   2   5   1   1   0   5   6   0   0   1  0.48 inf
   26 V   -1  2  1  1 -4 -2 -1 -4  8 -2 -3  0 -2 -2 -4 -1 -1 -4 -1 -2    4  14   5   7   0   0   2   1  45   3   2   5   1   2   0   3   3   0   1   2  0.93 inf
   27 A    0 -2 -1  0 -3 -1  0  0 -1 -2 -2  1 -3 -2  6  0 -1 -3 -2 -2   10   1   2   6   0   2   7   6   1   2   4   9   0   2  37   5   2   0   1   2  0.59 inf
   28 N   -1 -1  2  1 -1  1  0  2  3 -2 -2  1 -2 -2  1 -1  0 -2 -1 -2    3   2  13   8   2   5   5  19   9   2   4   9   1   1   6   2   5   0   1   2  0.18 inf
   29 S    1 -1  0 -1 -2  0 -1  0 -2 -2 -2 -1 -2 -1 -2  4  2  1  1 -2   11   3   2   3   1   3   2   6   1   1   2   2   1   2   1  41  10   2   5   2  0.34 inf
   30 G   -1 -4 -3 -3  0 -4 -4  7 -4 -5 -5 -3 -4 -5  0 -1 -3 -4 -4 -4    4   0   0   1   2   0   1  77   0   0   1   1   0   0   6   4   1   0   0   1  1.48 inf
   31 L   -3 -5 -5 -6  8 -5 -6 -2 -5  0  4 -5  4 -3 -5 -4 -3 -4 -2 -1    0   0   0   0  30   0   0   3   0   5  45   0  13   0   0   0   0   0   1   3  1.22 inf
   32 A    5 -4 -4 -5 -3 -4 -4  0 -5 -1 -2 -4 -3 -4 -4 -1 -3 -5 -4  3   64   0   0   0   0   0   0   5   0   2   3   0   0   0   0   3   0   0   0  23  0.99 inf
   33 A    1 -5 -5 -5  6 -4 -4 -4 -5  0  0 -4  0 -1 -4 -3  0 -5 -3  5   12   0   0   0  16   0   1   1   0   2   6   0   2   3   0   0   6   0   0  51  0.84 inf
   34 L   -3 -5 -5 -5 -3 -4 -5 -6  1  4  3 -5 -1 -2 -5 -4 -2 -5 -3  5    0   0   0   0   0   0   0   0   5  25  27   0   0   0   0   0   1   0   0  42  0.95 inf
   35 I   -2 -5 -5 -6 -4 -4 -5 -6 -5  5  3 -5  7 -1 -5 -4 -3 -4  1  0    2   0   0   0   0   0   0   0   0  32  28   0  31   1   0   0   0   0   5   2  1.13 inf
   36 T   -1 -3  1 -3  1 -3  0 -1 -4 -5 -5 -3 -4 -5 -4  6  3 -6 -4 -4    2   0   7   0   3   0   5   3   0   0   0   0   0   0   0  64  17   0   0   0  1.07 inf
   37 D   -4 -3  8  3 -6  0 -3 -4 -3 -2 -6 -3 -5 -6 -5 -1  0 -7 -5 -4    0   0  70  13   0   5   0   0   0   4   0   0   0   0   0   2   6   0   0   1  1.59 inf
   38 G    1  1 -1  1 -4  0 -2  5  1 -5 -4  1 -4 -3 -3  1 -2 -1 -4 -4   12   7   1   7   0   3   1  44   4   0   1   8   0   1   0  10   1   1   0   0  0.61 inf
   39 P    0  0  0  3 -4  1  3  1 -1 -3 -2  0 -2 -4  2  0 -1  2 -3 -3    8   6   4  18   0   5  21   9   1   1   4   3   1   0   9   4   3   3   0   1  0.31 inf
   40 G    2  0 -1  1 -3  0  2  3  0 -3 -3 -1  0 -4  1  0 -1 -4 -1 -3   20   4   1   8   0   3  19  22   2   1   0   0   4   0   6   4   3   0   2   0  0.32 inf
   41 G    2 -3  2 -1 -2 -3 -1  5 -2 -4 -3 -3 -4 -4 -4  1  0 -4 -2 -4   17   1   9   2   1   0   3  47   1   0   3   0   0   0   0   9   5   0   1   0  0.71 inf
   42 A   -1  0  0 -1 -1  0  3 -2 -2 -3 -3 -1 -3 -1 -3  3  2  3 -1 -2    4   6   3   1   1   2  27   1   0   0   1   2   0   2   0  27  13   4   2   3  0.41 inf
   43 K   -4  0 -3 -2 -6 -1 -1 -5 -4 -3 -4  8 -4 -6 -4 -3 -4 -6 -5 -5    0   3   0   1   0   2   3   0   0   2   2  88   0   0   0   0   0   0   0   0  1.85 inf
   44 R   -2  5 -3 -3 -3  1 -1 -4  1 -2 -3  1 -2 -2 -2 -1  1  6  0 -2    1  42   0   1   0   6   2   0   4   2   2   6   1   1   2   3   9  11   3   3  0.69 inf
   45 M    1 -2 -2 -2  4  1 -1 -2 -2  1  1 -1  2 -1 -2 -1 -1 -2 -2  1   13   1   1   1  13  13   1   1   0  13  14   1  13   0   1   1   1   0   0  13  0.15 inf
   46 Y   -1 -1  2  0  0  0  1 -1  0  1 -1  0  0  0 -2  0  1 -2  2 -1    4   1  14   5   2   2  13   5   2  11   3   6   2   5   1   4   8   0   9   2  0.08 inf
   47 V   -1 -3 -3 -3 -2 -2  0 -3 -3  2  2 -2  2  0 -1 -1  0 -3 -2  3    3   1   0   1   0   0   7   1   0  14  23   1   7   3   3   5   6   0   0  24  0.24 inf
   48 G   -2  0  1  0 -4 -3 -3  6 -3 -4 -4 -2 -4  0 -3  0 -3 -4 -3 -4    1   7   6   5   0   0   1  65   0   1   1   1   0   4   1   5   1   0   0   1  1.01 inf
   49 R    0  2 -1 -1 -4  2  3 -3 -1 -3 -3  4 -3 -4  0 -1 -1 -4 -3 -1    8  11   1   2   0   9  20   1   1   1   2  29   0   0   5   2   3   0   0   4  0.45 inf
   50 Q    0  1  2  1 -3  2  2 -1  1 -2 -2  1 -1 -2  1  0 -1 -3 -2 -1    8  10  10   5   0  11  17   4   3   2   2   6   1   1   8   4   3   0   0   4  0.21 inf
   51 N   -3  1  3 -3  0 -2  0 -4  7 -4 -1 -1 -3  1 -4 -2 -3  4  4 -3    1   9  14   0   2   0   6   1  30   0   6   3   0   7   0   1   0   6  13   2  0.75 inf
   52 A    5 -1 -2 -3 -3 -2 -2  0 -3 -2 -3  0 -1 -4 -2  0  0 -4 -3 -2   62   3   1   0   0   0   1   7   0   1   1   7   1   0   2   3   6   0   0   2  0.74 inf
   53 G   -2 -2  3 -1 -1 -3 -3  6  0 -5 -5 -2 -4 -4 -4 -1 -3 -4 -4 -4    1   2  13   2   1   0   1  67   2   1   1   2   0   0   1   5   1   0   0   1  1.22 inf
   54 E   -1  1 -2 -2 -1  3  4 -3  1 -4 -4  4 -3 -3 -3  0  0 -4 -3 -3    4   4   0   1   1  14  31   1   3   1   1  26   0   1   1   6   5   0   0   1  0.60 inf
   55 T   -1  1 -1 -2 -3  1  1 -3  1 -1 -2  1 -2 -3 -3 -1  3 -4 -2  3    3   9   3   0   0   5  11   0   4   2   3  10   0   0   0   1  23   0   1  24  0.29 inf
   56 W   -5 -5 -5 -6  0 -5 -5 -5 -4 -1 -3 -5 -1  5 -6 -5 -5 11  4 -4    0   0   0   0   2   0   0   0   0   3   1   0   2  28   0   0   0  47  13   0  2.32 inf
   57 H    0  2 -2 -3 -1  0 -1 -3  1  1 -2  0 -1 -1 -3  0  2 -3  2  2    6  15   1   0   1   3   3   1   3  10   1   4   1   1   0   4  18   0  10  17  0.21 inf
   58 D   -4 -4  0  7 -1 -3  2 -4 -4 -5 -6 -3 -5 -5 -4 -1 -4 -6 -5 -5    0   0   2  76   2   0  12   0   0   0   1   0   0   0   0   3   0   0   0   0  1.77 inf
   59 I   -1 -3 -4 -4 -3 -3 -4 -3 -3  3  2 -2  1  2 -4 -3 -2 -2  4  2    6   0   0   0   0   0   0   1   0  24  17   2   3  10   0   0   1   0  16  16  0.48 inf
   60 T   -3 -4 -4 -4 -3 -3 -4 -4 -4  1  4 -3  3  0 -4 -1  4 -3  0 -1    0   0   0   0   0   0   0   0   0   5  46   0   6   2   0   3  28   0   4   2  0.69 inf
   61 G   -2 -1 -1 -2 -4 -1  0  6 -1 -4 -3 -1 -1 -4 -4 -2 -2 -4 -4 -4    1   4   3   2   0   3   7  64   1   0   3   4   2   0   0   2   2   0   0   1  1.01 inf
   62 N   -2 -1  5  0 -4  0 -2 -1  5 -2 -3 -1 -3 -3 -1  1 -1  5 -1 -4    1   3  38   5   0   3   1   3  13   3   2   3   0   1   3   9   3   7   1   0  0.68 inf
   63 R   -1  3  1 -1  5  1 -1 -2  4  2 -2 -1 -2 -1 -4 -1 -2 -4 -1 -1    3  21   8   2  13   6   2   3  14  14   1   1   0   3   0   4   2   0   1   3  0.38 inf
   64 S    0  0 -1  1 -3  3  2  0  0 -3 -3  1 -1 -2  2  1  1 -1 -1 -3    5   5   2   8   0  14  16   6   2   0   0   6   1   1   9  10  10   1   3   0  0.27 inf
   65 E    0 -2 -1  3 -4  0  4  2 -1 -2 -4  0 -3 -4 -2  0 -1 -4 -2 -3    8   1   2  15   0   2  31  17   1   3   0   4   0   0   2   7   4   0   2   0  0.44 inf
   66 P   -2  1 -1  1 -3  1  3 -3  0  1 -2  0 -2 -3  2  0  2 -4 -3 -1    1   9   1   8   0   5  20   0   3  10   1   5   0   0  10   6  15   0   0   4  0.27 inf
   67 V   -2 -5 -5 -6 -4 -5 -5 -6 -6  4 -2 -5 -2 -2 -5 -4 -2 -5 -4  6    3   0   0   0   0   0   0   0   0  26   0   0   0   1   0   0   2   0   0  67  1.40 inf
   68 V   -1 -1 -2 -3 -3  0  0 -4 -2  0  0  0 -1 -3 -3 -1  4  0  0  2    2   2   1   0   0   4   7   0   1   4   8   7   1   0   0   2  37   2   3  18  0.38 inf
   69 I   -2 -4 -4 -5 -3 -4 -4 -5 -5  6  0 -4 -1 -3 -4 -2  3 -5 -4  2    1   0   0   0   0   0   0   0   0  55   8   0   0   0   0   3  21   0   0  10  0.99 inf
   70 N   -1 -3  4  6 -5 -3  0  1 -1 -5 -6 -3 -5 -5 -4 -2 -3 -6 -5 -5    4   1  19  57   0   0   4  11   1   0   0   0   0   0   0   1   0   0   0   0  1.26 inf
   71 S    1  0  0  3 -4  2  5 -2  0 -4 -4  0 -4 -5 -3  0 -2 -5 -4 -3   15   4   4  19   0   7  38   1   2   0   0   5   0   0   0   5   0   0   0   1  0.64 inf
   72 E   -2  0  3  5 -1  1  3 -2 -1 -5 -3  0 -2 -5 -3 -1 -1  1 -4 -4    1   5  19  32   2   7  17   2   1   0   2   5   1   0   0   2   3   2   0   0  0.64 inf
   73 G   -3 -6 -4 -5 -6 -5 -6  8 -6 -7 -7 -5 -6 -7 -6 -4 -5 -6 -7 -7    0   0   0   0   0   0   0 100   0   0   0   0   0   0   0   0   0   0   0   0  2.51 inf
   74 W   -4 -3  1 -4  1 -4  0 -2 -1 -4 -4 -1 -4  1 -5 -2  0  9  5 -3    0   1   9   0   3   0   7   3   1   0   0   4   0   5   0   2   6  34  24   2  1.35 inf
   75 G    4 -5 -4 -4  0 -4 -4  6 -5 -5 -3 -4 -4 -5 -4 -2 -4 -5 -5 -2   35   0   0   0   2   0   0  58   0   0   3   0   0   0   0   0   0   0   0   3  1.31 inf
   76 E   -1 -1  1  2 -4  0  4 -3 -1  0 -2 -1 -2 -4 -2 -1  1 -4 -2  2    2   2   7  11   0   3  30   0   1   5   4   3   0   0   1   2  12   0   1  16  0.34 inf
   77 F   -6 -6 -7 -7 -6 -7 -7 -3 -5 -2 -2 -7 -3  9 -7 -6 -6 -3  0 -3    0   0   0   0   0   0   0   2   0   1   2   0   0  93   0   0   0   0   0   2  2.64 inf
   78 H   -2  1 -2 -3 -4 -2 -2 -1  2 -1 -2  1 -3  0  5  0 -1  0  2 -2    1  10   1   0   0   1   1   4   6   4   3  11   0   4  29   9   4   1   9   3  0.50 inf
   79 V   -3 -6 -6 -6  7 -5 -6 -6 -6  0 -3 -5 -3 -4 -5 -2 -1 -6 -5  6    0   0   0   0  26   0   0   0   0   1   0   0   0   0   0   3   2   0   0  68  1.68 inf
   80 N   -1 -2  4  1 -3  1  1  1  1 -4 -3 -1 -2 -3  1  1 -2 -4 -1 -2    3   1  28   6   1   7   9  12   3   0   1   3   1   1   6  13   0   0   2   2  0.37 inf
   81 G    2 -2  0  1 -4 -1  0  4 -2 -4 -4 -2 -4 -5  3  0 -1 -4 -4 -4   21   2   3   7   0   2   5  34   1   0   0   1   0   0  15   7   2   0   0   0  0.59 inf
   82 G    0  1 -1 -3 -1  0  0  5 -3 -4 -3  0  2 -5 -4 -2 -1 -4 -4 -4    5   9   3   0   1   4   6  53   0   0   1   6   8   0   0   0   3   0   0   0  0.79 inf
   83 S   -1 -2  1 -3 -1 -1 -3  1 -3 -5 -5  0 -4 -5 -4  6 -1 -5 -4 -4    1   1   6   0   2   2   0   9   0   0   0   4   0   0   0  71   2   0   0   0  1.14 inf
   84 V   -1 -5 -5 -5 -2 -4 -5 -5 -2  2  1 -5  0 -3 -5 -4 -3 -1 -1  6    3   0   0   0   1   0   0   0   1  10  13   0   1   0   0   0   0   1   2  67  1.10 inf
   85 S    1 -4  0 -3  0 -1 -3 -2 -4 -5 -6 -3 -5 -6 -4  7 -1 -6 -5 -5    8   0   3   0   2   2   0   2   0   0   0   0   0   0   0  82   2   0   0   0  1.51 inf
   86 I    0 -5 -6 -6 -1 -5 -5 -6 -5  3  0 -5 -2 -3 -5 -4 -2 -5 -1  6    6   0   0   0   1   0   0   0   0  14   7   0   0   0   0   0   1   0   3  68  1.19 inf
   87 Y   -7 -7 -8 -8 -6 -6 -7 -7 -5 -6 -6 -7 -5 -1 -8 -7 -6 12  4 -7    0   0   0   0   0   0   0   0   0   0   0   0   0   1   0   0   0  84  15   0  4.14 inf
   88 V   -3 -4 -6 -6 -2 -5 -5 -6 -6  3 -1 -5 -1 -4 -5 -4  0 -6 -4  7    1   1   0   0   1   0   0   0   0  14   1   0   1   0   0   0   4   0   0  78  1.47 inf
   89 Q   -2  3 -2 -2 -5  5  2 -3 -2 -4 -4  5 -3 -5 -3 -2 -2 -4 -3 -4    0  15   0   0   0  35  10   0   0   0   0  41   0   0   0   0   0   0   0   0  0.91 inf

                      K         Lambda
Standard Ungapped    0.1350     0.3145
Standard Gapped      0.0576     0.2670
PSI Ungapped         0.1886     0.3170
PSI Gapped           0.0576     0.2670
