
Last position-specific scoring matrix computed, weighted observed percentages rounded down, information per position, and relative weight of gapless real matches to pseudocounts
           A  R  N  D  C  Q  E  G  H  I  L  K  M  F  P  S  T  W  Y  V   A   R   N   D   C   Q   E   G   H   I   L   K   M   F   P   S   T   W   Y   V
    1 Y   -5 -5 -5 -6 -5 -5 -5 -6 -2 -4 -3 -5 -3  6 -6 -5 -5 -1  9 -4    0   0   0   0   0   0   0   0   0   0   0   0   0  32   0   0   0   0  68   0  2.28 inf
    2 F   -4 -5 -6 -6 -4 -5 -5 -6 -5  1  5 -5  3  6 -6 -5 -4 -3 -1 -2    1   0   0   0   0   0   0   0   0   7  54   0   6  33   0   0   0   0   0   0  1.20 inf
    3 G    2 -1 -1 -1 -3  1 -1  4 -2 -4 -4 -1 -3 -4 -3  2 -1 -4 -3 -2   23   3   2   3   0   7   2  38   0   0   0   3   0   0   0  14   1   0   1   3  0.56 inf
    4 K   -1  1  2 -1 -5  0  0  2 -3 -4 -4  6 -1 -5 -3 -2 -2 -5 -4 -4    3   5   9   3   0   3   3  15   0   1   0  52   2   0   1   1   1   0   0   0  0.78 inf
    5 A    6 -4 -4 -5 -3 -4 -3 -3 -5 -1  0 -4 -1 -4 -4 -2 -2 -5 -3  2   69   0   0   0   0   0   0   0   0   2   7   0   1   0   0   0   1   0   1  18  1.04 inf
    6 L   -3 -4 -5 -5 -3 -4 -5 -5 -5  2  4 -4  1 -1 -5 -3  0 -4 -3  3    0   1   0   0   0   0   0   0   0   9  53   0   3   1   0   1   7   0   0  25  0.82 inf
    7 E    0 -2  2  3 -5  0  5 -2  0 -5 -5  0 -3 -5 -3  1 -1 -5 -3 -3    6   0   9  16   0   3  42   3   2   0   0   6   0   0   0   8   3   0   0   1  0.66 inf
    8 N   -1 -2  6  2 -1 -1  0 -3  1 -5 -5  0 -4 -5 -4  1  0 -6 -4 -4    6   0  49  11   1   1   6   1   3   0   0   6   0   0   0  12   3   0   0   1  0.86 inf
    9 P   -3 -6 -5 -5 -6 -5 -5 -3 -6 -2 -6 -4 -6 -7  9 -3 -3 -7 -6 -4    2   0   0   0   0   0   0   2   0   2   0   0   0   0  89   2   1   0   0   1  2.65 inf
   10 T    0 -1 -1  0 -4  3  4 -3 -1 -2 -4  2 -3 -5 -2 -1 -1 -5 -4  1    9   1   2   4   0  12  37   0   1   1   0  15   0   0   1   2   4   0   0  11  0.52 inf
   11 R   -4  8 -3 -4 -6 -2 -3 -5  2 -6 -5  3 -4 -6 -5 -3 -2 -6 -4 -6    0  75   0   0   0   0   0   0   5   0   0  16   0   0   0   1   1   0   0   0  1.80 inf
   12 P   -5 -6 -6 -5 -7 -5 -5 -6 -6 -7 -7 -5 -6 -8  9 -5 -5 -8 -7 -6    0   0   0   0   0   0   0   0   0   0   0   0   0   0 100   0   0   0   0   0  3.29 inf
   13 F   -5 -6 -6 -6 -5 -6 -6 -6 -4 -2  1 -6  1  8 -6 -5 -5 -2  3  0    0   0   0   0   0   0   0   0   0   0  12   0   3  69   0   0   0   0  10   6  1.76 inf
   14 L    1 -4 -4 -5 -1 -4 -4 -4 -5  0  3 -4  0 -3 -4 -3  2 -3 -3  4   14   0   0   0   1   0   0   0   0   3  28   0   1   0   0   0  14   0   0  38  0.62 inf
   15 A    6 -4 -4 -5 -2 -4 -4 -3 -5 -3 -3 -4 -3 -5 -4 -1 -2 -6 -5  1   83   0   0   0   1   0   0   1   0   0   2   0   0   0   0   2   2   0   0  10  1.40 inf
   16 I   -4 -6 -6 -6 -4 -6 -6 -7 -6  8 -1 -6 -2 -3 -6 -5 -4 -6 -4  3    0   0   0   0   0   0   0   0   0  86   0   0   0   0   0   0   0   0   0  13  1.95 inf
   17 L   -4 -5 -6 -6 -4 -5 -5 -6 -5  3  5 -5  2 -2 -5 -5 -3 -4 -4  2    0   0   0   0   0   0   0   0   0  16  67   0   5   0   0   0   0   0   0  13  1.14 inf
   18 G   -3 -6 -4 -5 -6 -5 -6  8 -5 -7 -7 -5 -6 -7 -6 -4 -5 -6 -7 -7    0   0   0   0   0   0   0 100   0   0   0   0   0   0   0   0   0   0   0   0  2.47 inf
   19 G   -3 -6 -4 -5 -6 -5 -6  8 -5 -7 -7 -5 -6 -7 -6 -4 -5 -6 -7 -7    0   0   0   0   0   0   0 100   0   0   0   0   0   0   0   0   0   0   0   0  2.47 inf
   20 A    6 -4 -4 -4 -3 -3 -3 -2 -4 -4 -5 -3 -4 -5 -4  4 -2 -6 -5 -3   69   0   0   0   0   0   0   1   0   0   0   0   0   0   0  30   0   0   0   0  1.36 inf
   21 K   -4 -1 -4 -4 -7 -2 -3 -5 -4 -6 -6  8 -5 -7 -5 -4 -4 -7 -5 -6    0   0   0   0   0   0   0   0   0   0   0 100   0   0   0   0   0   0   0   0  2.38 inf
   22 V   -3 -6 -6 -6 -4 -5 -6 -7 -6  2 -2 -6 -2 -4 -6 -5 -3 -6 -4  7    0   0   0   0   0   0   0   0   0   8   0   0   0   0   0   0   0   0   0  92  1.91 inf
   23 A    2 -3 -2 -3 -4 -2 -3 -3 -3 -5 -5  1 -4 -5 -3  6 -1 -6 -5 -4   15   0   0   0   0   1   0   0   0   0   0   8   0   0   0  73   1   0   0   0  1.27 inf
   24 D   -4 -4 -1  7 -4 -3 -2  0 -4 -6 -6 -4 -6 -6 -4  2 -1 -7 -6 -6    0   0   0  72   0   0   0   6   0   0   0   0   0   0   0  17   4   0   0   0  1.64 inf
   25 K   -4 -1 -4 -4 -7 -2 -3 -5 -4 -6 -6  8 -5 -7 -5 -4 -4 -7 -5 -6    0   0   0   0   0   0   0   0   0   0   0  99   0   0   0   0   0   0   0   0  2.35 inf
   26 I   -4 -6 -6 -6 -4 -6 -6 -7 -6  8  2 -6 -1 -2 -6 -5 -4 -5 -4  0    0   0   0   0   0   0   0   0   0  82  16   0   0   1   0   0   0   0   0   1  1.78 inf
   27 Q    0 -2  1  0 -4  4  0  4 -3 -5 -3  0 -2 -5  0  0  0 -4 -4 -4    6   0   6   4   0  23   3  36   0   0   2   6   1   0   5   4   5   0   0   0  0.57 inf
   28 L   -2 -5 -6 -6 -3 -5 -5 -6 -6  2  3 -5 -1 -3 -5 -4 -3 -5 -4  6    2   0   0   0   0   0   0   0   0   6  28   0   0   0   0   0   0   0   0  64  1.20 inf
   29 I   -4 -6 -6 -6 -4 -6 -6 -7 -6  8  1 -6 -1 -3 -6 -6 -4 -6 -4  0    0   0   0   0   0   0   0   0   0  87  11   0   0   0   0   0   0   0   0   1  1.92 inf
   30 D   -2 -1  3  3 -5 -1  5 -3 -2 -4 -4  1 -2 -5 -3  0 -1 -5 -4 -4    2   1  14  17   0   1  41   1   0   1   1  10   1   0   0   6   3   0   0   0  0.75 inf
   31 N   -1 -2  8 -2 -5 -3 -3 -3  1 -6 -6 -2 -5 -6 -5  1 -1 -7 -5 -5    5   1  76   0   0   0   0   0   3   0   0   1   0   0   0  10   3   0   0   0  1.72 inf
   32 L   -4 -5 -6 -7 -4 -5 -6 -6 -6  0  6 -5  5 -2 -6 -5 -4 -4 -4 -2    0   0   0   0   0   0   0   0   0   3  81   0  15   1   0   0   0   0   0   0  1.54 inf
   33 L   -3 -5 -6 -6 -2 -5 -6 -6 -5  2  6 -5  2 -1 -6 -5 -4 -4 -4 -1    2   0   0   0   0   0   0   0   0   9  82   0   4   2   0   0   0   0   0   1  1.36 inf
   34 D   -2 -3  2  6 -5 -1  3 -1 -2 -5 -5 -1 -4 -5  2 -1  0 -6 -4 -4    2   0  10  44   0   1  17   4   0   0   0   3   0   0  11   2   5   0   0   0  0.85 inf
   35 K   -3  0 -1 -4 -6 -1 -2 -5 -4 -2 -5  8 -4 -6 -4 -3 -3 -6 -5 -3    1   2   2   0   0   1   0   0   0   2   1  88   0   0   0   1   1   0   0   2  1.80 inf
   36 V    2 -5 -5 -6  5 -5 -5 -5 -6  0 -2 -5 -2 -4 -5 -3 -3 -6 -4  6   18   0   0   0  11   0   0   0   0   2   0   0   0   0   0   1   0   0   0  68  1.26 inf
   37 D   -4 -4  3  8 -5 -2 -2 -4 -4 -6 -7 -4 -6 -7 -5 -2 -2 -7 -6 -6    0   0  15  80   0   1   0   0   0   0   0   0   0   0   0   1   1   0   0   0  2.03 inf
   38 S    0  1  1 -1 -3  0  2 -2  1 -1 -3  3 -1 -3 -3  0  3 -4 -2 -1    6   6   8   1   0   1  13   1   4   3   1  22   1   0   0   7  21   0   1   3  0.29 inf
   39 I   -4 -5 -6 -6 -4 -4 -5 -6 -5  3  5 -5  5 -2 -5 -5 -3 -4 -3  2    0   0   0   0   0   0   0   0   0  17  54   0  18   1   0   0   0   0   0  10  1.08 inf
   40 I   -4 -6 -6 -6 -3 -5 -6 -7 -6  7  3 -5 -1 -2 -6 -5 -3 -5 -4  1    0   0   0   0   0   0   0   0   0  67  27   0   0   1   0   0   0   0   0   5  1.43 inf
   41 I   -4 -6 -6 -6 -4 -6 -6 -7 -6  8  1 -6 -2 -3 -6 -5 -4 -6 -4  2    0   0   0   0   0   0   0   0   0  84   7   0   0   0   0   0   0   0   0   9  1.83 inf
   42 G   -2 -5 -3 -4  3 -5 -5  7 -5 -5 -6 -5 -5 -6 -5 -3 -2 -6 -6 -5    2   0   0   0   6   0   0  87   0   1   0   0   0   0   0   1   3   0   0   1  1.94 inf
   43 G   -3 -6 -4 -5 -6 -5 -6  8 -5 -7 -7 -5 -6 -7 -6 -4 -5 -6 -7 -7    0   0   0   0   0   0   0 100   0   0   0   0   0   0   0   0   0   0   0   0  2.47 inf
   44 G    1 -5 -4 -4 -5 -5 -5  7 -5 -7 -7 -5 -6 -6 -5 -3 -5 -6 -6 -6    9   0   0   0   0   0   0  91   0   0   0   0   0   0   0   0   0   0   0   0  2.12 inf
   45 M   -5 -5 -6 -7 -5 -4 -6 -7 -6 -2  0 -5 11 -4 -6 -5 -5 -5 -5 -3    0   0   0   0   0   0   0   0   0   1   5   0  95   0   0   0   0   0   0   0  3.11 inf
   46 A    5 -4 -4 -4  1 -3 -3 -2 -4  1 -3 -3  1 -4 -3  0  1 -5 -3  0   62   0   0   0   2   0   0   1   0  10   0   0   4   0   0   7   7   0   0   5  0.82 inf
   47 F   -5 -5  0 -6 -4 -5 -5 -6 -1 -4 -3 -5 -3  7 -6 -3 -5 -1  7 -4    0   0   6   0   0   0   0   0   1   0   1   0   0  48   0   2   0   0  42   0  1.88 inf
   48 T   -3 -5 -3 -5 -4 -4 -4 -5 -5 -4 -5 -4 -4 -5 -5 -2  8 -6 -2 -3    1   0   0   0   0   0   0   0   0   0   0   0   0   0   0   0  97   0   2   0  2.24 inf
   49 F   -6 -6 -6 -7 -6 -7 -7 -7 -5 -4 -3 -7 -3  9 -7 -4 -6 -2  0 -4    0   0   0   0   0   0   0   0   0   0   0   0   0  98   0   2   0   0   0   0  2.83 inf
   50 K   -2 -1 -3 -3 -3 -2 -3 -4 -3  1  4  1  1  1 -4 -2 -2 -2  3  0    3   2   1   1   0   1   0   0   0   7  48  11   2   5   0   2   2   0  11   4  0.45 inf
   51 K   -2  1 -2 -3 -5 -1 -2 -4 -3 -4 -2  7 -3 -5 -3 -2 -3 -5 -3 -4    2   5   1   0   0   1   1   1   0   0   4  81   0   0   0   1   1   0   1   1  1.49 inf
   52 V    6 -4 -4 -4 -3 -3 -3 -3 -4 -2 -3 -2 -3 -4 -4  0  0 -5 -4  2   68   0   0   0   0   0   1   0   0   1   0   2   0   0   0   4   5   0   0  18  1.02 inf
   53 L    1 -1 -1 -1  0 -1 -1 -1 -1  1  2 -1  2 -1 -1 -1 -1 -1 -1  0   13   2   2   3   2   2   4   3   1   6  32   4   6   2   2   5   3   1   2   5  0.09 inf
   54 E   -2  2  2  1 -4  5  1 -2  1 -3 -3  2 -2 -3 -2 -1 -1 -3 -2 -3    1   9   9   7   0  37   7   2   3   1   1  13   0   1   1   2   2   0   1   1  0.60 inf
   55 N   -2 -4  4 -3 -5 -4 -4  7 -3 -6 -6 -2 -5 -6 -5 -2 -4 -5 -5 -6    1   0  18   1   0   0   1  76   0   0   0   2   0   0   0   1   0   0   0   0  1.69 inf
   56 T   -3 -2 -3 -4 -2 -2 -2  1  4  0  1  0  5  0 -4 -3 -2 -2  5  1    0   1   0   0   1   1   1  12  10   3  11   8  19   1   0   0   1   0  21   9  0.47 inf
   57 E   -1 -1  2  1 -4  1  4 -2 -1 -4 -4  2 -3 -5  1  1 -1 -5 -4 -3    4   2  10   5   0   4  33   2   1   0   0  16   0   0   5  13   3   0   0   0  0.51 inf
   58 I   -3 -5 -5 -6 -4 -5 -5 -6 -6  6 -1 -5  0 -3 -5 -4 -1 -5 -4  5    0   0   0   0   0   0   0   0   0  56   1   0   2   0   0   0   4   0   0  36  1.33 inf
   59 G   -2 -5 -4 -4 -6 -5 -5  7 -5 -7 -7 -5 -6 -6 -5 -3 -5 -6 -6 -6    1   0   0   0   0   0   0  98   0   0   0   0   0   0   0   0   0   0   0   0  2.35 inf
   60 D   -1 -1  3  1 -4 -1 -1 -1 -2 -3 -3  4 -3 -4 -3  1  2 -5 -4 -3    5   1  19   8   0   2   1   2   0   2   2  33   0   0   0  10  15   0   0   0  0.51 inf
   61 S   -2 -4 -3 -4 -4 -3 -3 -4 -4 -6 -6 -3 -5 -6 -4  7 -2 -6 -5 -5    0   0   0   0   0   0   0   0   0   0   0   0   0   0   0  99   0   0   0   0  2.06 inf
   62 I   -4 -3 -6 -7 -4 -5 -6 -7 -6  1  6 -4  0 -2 -6 -5 -4 -5 -4 -2    0   1   0   0   0   0   0   0   0   6  90   1   1   0   0   0   0   0   0   0  1.56 inf
   63 F   -3 -4 -5 -6  4 -4 -5 -5 -2  0  2 -3 -1  4 -5 -4 -3 -3  2  4    0   0   0   0  11   0   0   0   1   1  21   1   0  21   0   0   0   0   8  36  0.79 inf
   64 D   -4 -3 -2  5 -6  0  6 -5 -3 -6 -6 -2 -5 -6 -4 -3 -4 -6 -5 -6    0   0   0  31   0   2  65   0   0   0   0   0   0   0   0   0   0   0   0   0  1.67 inf
   65 K    0 -2 -1  4 -5 -1  6 -3 -3 -4 -4  0 -4 -5  0 -2 -2 -5 -5 -4    8   0   1  21   0   1  54   1   0   0   1   5   0   0   4   2   1   0   0   0  1.00 inf
   66 A    0 -3 -1  7 -5 -2  3 -3 -3 -5 -6 -1 -5 -6 -1 -1 -2 -6 -5 -5    7   0   2  61   0   0  19   1   0   0   0   3   0   0   2   4   2   0   0   0  1.28 inf
   67 V   -1  0 -2 -3 -5  2 -2  3 -3 -4 -2  5  0 -3 -4 -2 -3  0  0 -4    2   3   0   0   0   8   0  26   0   0   4  47   3   1   0   2   0   2   3   0  0.74 inf
   68 G    2 -3 -4 -4 -1 -2 -2 -3 -4  3  3 -3  1 -2 -4  0 -2 -4 -2  2   19   0   0   0   1   1   2   0   0  21  27   1   4   1   0   8   0   0   1  15  0.39 inf
   69 P   -2 -2 -1  5 -5  0  4 -2 -2 -5 -5  3 -4 -6  0 -1 -2 -6 -5 -5    3   0   2  32   0   2  33   2   0   0   0  19   0   0   4   2   1   0   0   0  0.89 inf
   70 E   -2 -2 -2 -4 -3 -2 -2 -5 -3  3  3 -2  1  0 -2 -3  1 -3  2  0    1   1   1   0   0   2   3   0   0  18  40   1   3   3   2   0  11   0   9   4  0.42 inf
   71 I    5 -4 -4 -5  3 -4 -4 -3 -5 -1 -3 -4 -3 -4 -2 -2 -2 -5 -4  3   61   0   0   0   7   0   0   0   0   2   1   0   0   0   2   1   1   0   0  26  1.04 inf
   72 A   -1  2  0 -1 -3  0 -1 -1 -2 -3  0  5 -2 -3  1 -1 -1 -4 -3 -3    3  11   4   2   0   3   2   5   1   1  11  43   0   1   6   3   4   0   0   0  0.45 inf
   73 K   -1 -1  1  3 -5  1  4  0  0 -5 -5  1 -3 -4 -3  1 -1 -5 -4 -4    3   2   5  19   0   5  36   7   2   0   0   7   0   0   0  12   2   0   0   0  0.61 inf
   74 L   -3 -4 -5 -6 -3 -4 -5 -6 -4  4  4 -4  4  1 -5 -4 -2 -1  1  0    1   0   0   0   0   0   0   0   0  24  49   0  11   5   0   0   2   1   5   3  0.86 inf
   75 M   -3 -2 -5 -5 -4 -3 -1 -5 -4  3  4 -4  7 -2 -5 -4 -3 -4 -2  1    1   2   0   0   0   0   5   0   0  16  37   0  30   0   0   0   0   0   1   8  0.89 inf
   76 E    3 -1  0  2 -2  0  4 -3 -3 -4 -4  2 -2 -5 -3 -1 -2 -5 -4 -3   28   1   3   9   1   3  36   0   0   1   0  14   1   0   0   2   1   0   0   1  0.63 inf
   77 K   -2  2 -2 -2 -5  1  1 -4 -3 -3 -2  7 -2 -5 -4 -2 -1 -5 -4 -4    3   6   1   1   0   5   6   0   0   1   4  68   1   0   0   0   3   0   0   0  1.13 inf
   78 A    7 -4 -4 -5 -3 -4 -4 -1 -4 -4 -4 -4 -4 -5 -4 -1 -3 -5 -3 -3   92   0   0   0   0   0   0   3   0   0   1   0   0   0   0   2   0   0   1   0  1.67 inf
   79 K    0  1 -2 -2 -4  1  3 -2 -1 -4 -4  5 -3 -4 -3 -2 -2 -4 -3 -4    8   6   1   1   0   4  24   2   1   0   1  49   0   0   0   1   1   0   0   1  0.84 inf
   80 A    2  0 -1  1 -4  0  4 -2 -2 -3 -3  3 -3 -4 -2  0 -1 -4 -3 -2   20   2   1   6   0   3  31   2   0   2   1  22   0   0   0   5   1   0   0   1  0.49 inf
   81 K   -2  2  3 -2 -4  0 -2 -3  0 -3 -1  5 -2 -3 -3 -2 -2 -4 -2 -3    3  10  18   0   0   3   1   1   2   1   7  47   1   1   0   2   0   0   1   1  0.69 inf
   82 G   -3 -3  4 -2 -5 -3 -4  6 -3 -5 -6  0 -5 -5 -4 -2 -3 -5 -5 -5    0   1  18   1   0   1   0  71   0   0   0   5   0   0   0   1   0   0   0   0  1.47 inf
   83 V   -2 -3 -4  0 -1 -4 -4 -4 -5  1 -2 -1 -2 -4 -5 -4 -2 -5 -4  6    1   1   0   7   1   0   0   1   0   4   1   4   0   0   0   0   2   0   0  76  1.17 inf
   84 E   -2  1  2  0 -5  2  3 -3 -2 -4 -4  5 -3 -5 -3 -1 -1 -5 -4 -3    3   4  10   4   0   7  19   0   0   0   0  44   0   0   0   4   2   0   0   1  0.74 inf
   85 V   -4 -5 -6 -6 -4 -5 -5 -6 -5  5  4 -5  1  3 -5 -5 -3 -4 -2  1    0   0   0   0   0   0   0   0   0  36  44   0   3  11   0   0   0   0   0   6  1.00 inf
   86 V   -3 -4 -3 -5 -3 -3 -4 -5  4  2  3 -4  1 -1 -4 -3  0 -3  2  3    0   0   0   0   0   1   0   0  11   8  36   0   3   1   0   1   7   0   8  24  0.56 inf
   87 L   -4 -5 -6 -6 -4 -5 -6 -6 -6  1  6 -5  1  1 -6 -5 -3 -4 -3 -2    0   0   0   0   0   0   0   0   0   4  86   0   3   6   0   0   1   0   0   0  1.47 inf
   88 P   -3 -6 -6 -5 -7 -5 -5 -4 -6 -7 -7 -5 -6 -7  9 -3 -5 -7 -7 -6    1   0   0   0   0   0   0   1   0   0   0   0   0   0  96   2   0   0   0   0  3.08 inf
   89 V   -2 -4 -4 -4  0 -2 -2 -5 -5  2 -1 -3 -2 -2 -3 -1  2 -5 -4  6    1   0   0   0   2   2   2   0   0  10   2   1   0   1   1   4  14   0   0  61  0.86 inf
   90 D   -4 -5 -2  8 -7 -4 -2 -4 -5 -5 -7 -4 -7 -7 -5 -4 -5 -8 -7 -7    1   0   0  98   0   0   0   1   0   0   0   0   0   0   0   0   0   0   0   0  2.61 inf
   91 F    0 -3  0 -4  1 -3 -3 -4  2  1 -1 -3 -2  4 -4 -1  1  0  1  3   10   0   5   0   3   0   0   0   6   5   2   0   0  23   0   4  10   1   5  26  0.38 inf
   92 I   -2 -2 -4 -5 -3 -4 -5 -5 -3  3  0 -1 -1 -3 -5 -3 -1 -5 -3  6    2   2   0   0   0   0   0   0   1  14   5   4   1   0   0   0   2   0   0  68  1.06 inf
   93 I    1 -4 -4 -4  4 -4 -4 -4 -5  3 -1 -4  0 -3 -4 -2  3 -5 -3  4   14   0   0   0   8   0   0   0   0  19   3   0   2   0   0   1  19   0   0  34  0.62 inf
   94 A    6 -4 -3 -4 -2 -4 -4  1 -3 -2 -4 -4 -4 -5 -3 -1 -1 -5 -5 -2   81   0   1   0   1   0   0   9   0   2   0   0   0   0   0   2   3   0   0   2  1.29 inf
   95 D   -1 -2  1  6 -4  0  1 -3 -3 -5 -5  1 -5 -6  0 -1 -1 -6 -5 -5    4   1   4  58   0   3   6   0   0   0   0  11   0   0   5   3   4   0   0   0  1.08 inf
   96 A    1  1  0  1 -4  0  3 -2 -1 -5 -4  5 -3 -5 -3  0 -1 -5 -4 -4   12   5   3   8   0   1  20   2   1   0   0  39   1   0   0   7   2   0   0   0  0.60 inf
   97 F   -5 -6 -6 -7 -3 -6 -6 -6 -4  1 -1 -6  0  9 -4 -5 -5 -2  0 -3    0   0   0   0   0   0   0   0   0   6   4   0   2  85   1   0   0   0   1   0  2.22 inf
   98 S    3 -2  0  3 -2 -2  0 -1 -3 -4 -4  1 -3 -4  0  3 -1 -5 -4 -3   24   0   3  22   1   0   6   4   0   0   0   8   0   1   5  26   1   0   0   0  0.49 inf
   99 A    3 -2  4  0 -4 -1  3 -2 -2 -4 -4  1 -3 -4  2 -1 -2 -5 -4 -3   26   1  23   4   0   1  20   0   0   0   0   9   0   0  12   2   1   0   0   0  0.59 inf
  100 S   -3 -4  3  7 -6 -1  1 -1  0 -5 -5 -2 -5 -5 -2 -1 -2 -6 -4 -4    2   0  11  64   0   2   8   4   2   0   0   1   0   0   1   2   2   0   0   1  1.27 inf
  101 A    6 -4 -4 -3 -1 -3 -4 -1 -4 -3 -4 -3 -4 -5 -2 -1  0 -5 -5  0   79   0   0   1   1   1   0   3   0   1   0   0   0   0   2   2   4   0   0   5  1.20 inf
  102 N    0 -2  4  1 -4  1  3 -3 -2 -3 -4  1 -3 -5  2 -1 -1 -5 -3 -3    8   1  27   7   0   4  21   1   0   1   0  11   0   0  12   3   3   0   0   1  0.54 inf
  103 T    0 -1 -2 -3 -1 -1 -2 -3  1  1 -2 -1 -2 -1 -2  1  4 -3 -1  2    7   4   0   0   1   2   0   1   5   8   0   2   0   3   2  12  38   0   2  14  0.40 inf
  104 K   -1  1 -1 -1 -3  3  1  2  0 -4 -4  4 -2 -3  0 -1 -2 -3 -3 -3    3   7   1   1   0  13   9  18   3   0   1  32   1   1   4   4   1   0   0   1  0.45 inf
  105 T   -1 -3 -1 -3 -2  0 -1 -3 -2  2 -1 -2 -1 -1 -2  0  3 -3  1  3    4   0   2   1   0   4   4   1   1  12   3   2   1   2   1   7  24   0   6  27  0.29 inf
  106 V    3 -3 -4 -4  2 -4 -3 -4 -3  1 -2 -3 -1 -1 -3 -2 -1 -5 -2  5   23   1   0   1   4   0   1   0   0   5   1   1   0   2   0   1   2   0   1  56  0.79 inf
  107 T    0 -1 -1  0 -1 -2  0 -1 -2 -1 -2  0 -2 -2  3  2  4 -3 -2  0    6   2   1   5   1   1   5   3   0   2   2   4   0   1  13  14  30   0   1   9  0.32 inf
  108 D    0 -2  0  3 -1 -1  0 -2 -2  0 -1 -1 -1 -2  0  0 -1 -3 -2  2    9   2   3  23   1   2   5   2   0   4   5   2   1   2   4   5   3   0   1  24  0.18 inf
  109 K    2 -2  0  1 -2  0  2  0 -2  1 -2  0 -1 -2 -2  0  0 -3 -2  0   22   1   4   8   0   4  15   6   0  11   1   6   0   1   1   8   4   0   0   9  0.14 inf
  110 E   -1 -2  1  5 -4  1  4 -1 -2 -5 -5 -1 -2 -4 -2  1  0 -5 -3 -4    4   2   5  32   0   7  25   4   0   0   0   1   1   0   1  12   6   0   1   0  0.65 inf
  111 G    2 -1  1  0 -2  0  0  4 -1 -3 -3  0 -3 -3 -2  0 -1 -3 -3 -2   21   2   9   6   0   5   4  33   1   1   2   6   0   1   1   6   1   0   0   1  0.39 inf
  112 I   -4 -6 -6 -5 -4 -5 -6 -7 -6  8 -1 -6  1 -1 -6 -5 -4 -6 -4  1    0   0   0   0   0   0   0   0   0  86   2   0   3   2   0   0   0   0   0   6  1.82 inf
  113 P   -3 -4 -4 -3 -6 -4 -1 -5 -5 -5 -6 -2 -6 -7  8 -2 -4 -7 -6 -6    1   1   0   1   0   0   5   0   0   1   0   2   0   0  85   2   0   0   0   0  2.49 inf
  114 A    3 -3  0  6 -4 -1  2 -2 -2 -5 -5 -1 -4 -5 -1  0 -2 -6 -5 -4   26   0   2  44   0   1  14   1   0   0   0   3   0   0   3   5   0   0   0   0  0.87 inf
  115 G   -3 -4  0  4 -5 -3 -1  6 -4 -6 -6 -3 -5 -6 -4 -2 -3 -6 -6 -6    0   0   4  29   0   0   4  60   0   0   0   1   0   0   0   1   1   0   0   0  1.36 inf
  116 W   -5 -1 -4 -4 -4  0 -2 -5 -1 -4 -2 -1  3  0 -6 -4 -4 11  2 -5    0   4   0   1   0   4   3   0   2   0   3   4   7   3   0   1   1  61   5   0  2.35 inf
  117 Q   -3 -2 -5 -4 -5  1  2 -6 -4 -1 -1 -4 10 -4 -5 -3 -4 -2 -4 -3    1   1   0   0   0   5  14   0   0   3   3   0  70   0   0   1   0   1   0   0  1.85 inf
  118 G    1 -5 -3 -4 -3 -5 -5  7 -5 -4 -6 -4 -5 -6 -5 -3 -4 -6 -6 -4   12   0   0   0   0   0   0  85   0   1   0   0   0   0   0   1   0   0   0   1  1.86 inf
  119 L   -4 -5 -6 -6  0 -5 -6 -6 -5 -1  6 -5  3 -2 -6 -4 -4 -4 -3  0    0   0   0   0   2   0   0   0   0   0  84   0   7   1   0   1   0   0   1   4  1.42 inf
  120 D   -5 -5 -2  8 -7 -4 -2 -5 -5 -7 -7 -4 -7 -7 -5 -4 -5 -8 -7 -7    0   0   0 100   0   0   0   0   0   0   0   0   0   0   0   0   0   0   0   0  2.71 inf
  121 N    0 -5 -3 -6  6 -4 -5 -4 -3  7 -2 -5 -1 -2 -5 -3 -3 -5 -4  2    7   0   2   0  15   0   0   1   1  64   0   0   0   1   0   1   0   0   0   9  1.25 inf
  122 G   -3 -6 -4 -5 -6 -5 -5  8 -5 -7 -7 -5 -6 -7 -6 -3 -5 -6 -6 -7    0   0   0   0   0   0   0  99   0   0   0   0   0   0   0   1   0   0   0   0  2.43 inf
  123 P   -3 -5 -3 -3 -6 -2  1 -5 -4 -5 -5 -2 -6 -7  8 -3 -2 -7 -6 -6    2   0   1   1   0   1   8   0   0   0   1   1   0   0  82   1   2   0   0   0  2.33 inf
  124 E    0  0 -2  1 -5  0  4 -3 -3 -5 -4  5 -4 -5 -3 -2 -3 -5 -4 -4    9   2   0   8   0   2  30   1   0   0   1  46   0   0   0   0   0   0   0   0  0.93 inf
  125 S   -1 -4 -3 -4 -4 -3 -3 -3 -4 -4 -5 -3 -4 -5 -4  5  6 -6 -5 -4    2   0   0   0   0   0   0   1   0   0   0   0   0   0   0  49  48   0   0   0  1.40 inf
  126 R    1  1 -1 -3  0  0 -1 -3 -3  3  0 -2  1 -2 -3  0  0 -4 -3  3   11  10   3   0   2   4   3   1   0  24   5   0   3   0   0   9   3   0   0  22  0.25 inf
  127 K    1  1 -2  0 -5  1  5 -3 -3 -5 -5  5 -4 -5 -3 -2 -2 -5 -4 -4   13   5   1   3   0   3  36   0   0   0   0  35   0   0   0   1   1   0   0   1  0.85 inf
  128 L    0  0  0 -3 -2 -1  0 -4 -2  1  3  1  1 -2 -3 -2  0 -4 -3  0    9   4   5   0   0   2   5   0   1   8  44   9   3   0   0   2   5   0   0   3  0.28 inf
  129 F   -5 -5 -1 -6 -3 -4 -6 -6 -3 -2 -2 -6 -3  8 -6 -4 -5  1  6 -4    0   0   3   0   0   1   0   0   0   1   1   0   0  63   0   0   0   1  28   0  1.96 inf
  130 A    3  2 -1 -1 -1  1 -1 -1 -1 -3 -3  2 -3 -4 -3  1  0 -4 -3 -1   34  11   2   2   1   8   3   3   2   0   0  14   0   0   0  12   5   0   0   3  0.35 inf
  131 A    1 -1  1  3 -5  1  4 -2 -2 -5 -5  2 -4 -5 -3  0 -2 -5 -4 -4   12   2   5  18   0   6  36   2   0   0   0  13   0   0   0   4   1   0   0   0  0.66 inf
  132 T    4 -2 -3 -3 -3 -2  1 -2 -1  0 -2  0 -1 -3 -2 -1  1 -4 -2  2   39   1   0   0   0   0  12   1   1   5   1   7   1   0   1   1  10   0   1  19  0.39 inf
  133 V   -3 -5 -6 -6 -3 -5 -5 -6 -6  6  3 -5  0 -2 -5 -5 -3 -5 -4  3    1   0   0   0   0   0   0   0   0  45  32   0   0   0   0   0   0   0   0  22  1.10 inf
  134 A    2  0 -1 -1 -1  1  0  0 -2 -2  0  3 -1 -3 -3  0 -1 -3 -3 -1   26   4   2   3   2   5   4   5   0   0  13  23   1   0   0   6   2   0   0   2  0.21 inf
  135 K    0  2  1  3 -4  0  2  2 -2 -4 -4  1 -3 -4 -2  0  0 -4 -4 -4    5  12   7  19   0   4  12  16   0   0   0  11   0   0   1   7   6   0   0   0  0.38 inf
  136 A    6 -4 -4 -4  4 -3 -4 -3 -4 -4 -4 -3 -2 -5 -4  3 -1 -5 -5 -2   66   0   0   0   9   0   0   0   0   0   0   0   1   0   0  20   3   0   0   1  1.18 inf
  137 T   -2  2 -2 -3 -6  2 -2 -3 -1 -6 -5  7 -4 -6 -4 -3 -3 -6 -5 -5    2   7   1   0   0   7   0   2   1   0   0  79   0   0   0   0   0   0   0   0  1.57 inf
  138 V   -3 -4 -3 -4 -4  1 -4 -5 -5 -3 -1 -4 -3 -5 -4 -1  7 -6 -5 -2    1   0   0   0   0   6   0   0   0   1   5   0   0   0   0   2  84   0   0   1  1.69 inf
  139 I   -3 -6 -6 -6 -4 -5 -6 -6 -6  6 -1 -5 -2 -3 -5 -5 -3 -6 -4  5    1   0   0   0   0   0   0   0   0  47   1   0   0   0   0   0   0   0   0  51  1.47 inf
  140 L   -2 -5 -5 -6 -3 -5 -5 -6 -5  4  2 -5 -1  2 -5 -4 -3 -1 -3  5    1   0   0   0   0   0   0   0   0  22  19   0   1   8   0   0   0   1   0  48  0.94 inf
  141 W   -6 -7 -8 -9 -7 -6 -7 -7 -7 -7 -6 -7 -3 -3 -8 -7 -7 13 -2 -7    1   0   0   0   0   0   0   0   0   0   0   0   1   0   0   0   0  99   0   0  4.82 inf
  142 N   -5 -4  9 -2 -6 -4 -4 -4 -3 -7 -7 -4 -6 -7 -6 -3 -4 -8 -6 -7    0   0 100   0   0   0   0   0   0   0   0   0   0   0   0   0   0   0   0   0  2.78 inf
  143 G   -3 -6 -4 -5 -6 -5 -6  8 -5 -7 -7 -5 -6 -7 -6 -4 -5 -6 -7 -7    0   0   0   0   0   0   0 100   0   0   0   0   0   0   0   0   0   0   0   0  2.47 inf
  144 P   -5 -6 -6 -5 -7 -5 -5 -6 -6 -7 -7 -5 -6 -8  9 -5 -5 -8 -7 -6    0   0   0   0   0   0   0   0   0   0   0   0   0   0 100   0   0   0   0   0  3.29 inf
  145 P    0 -5 -5 -6 -2 -2 -5 -6 -5 -1  0 -4  9 -3  2 -4 -2 -5 -4  1    7   0   0   0   1   2   0   0   0   1   4   0  65   0  10   1   1   0   0   9  1.65 inf
  146 G   -3 -6 -4 -5 -6 -5 -6  8 -5 -7 -7 -5 -6 -7 -6 -4 -5 -6 -7 -7    0   0   0   0   0   0   0 100   0   0   0   0   0   0   0   0   0   0   0   0  2.47 inf
  147 V   -2 -5 -6 -6  0 -5 -6 -6 -6  0 -1 -5 -2 -4 -6 -5 -3 -6 -4  7    1   0   0   0   1   0   0   0   0   1   3   0   0   0   0   0   0   0   0  93  1.84 inf
  148 F   -6 -6 -7 -7 -3 -7 -7 -7 -5 -4 -3 -7 -3  9 -7 -5 -6 -2  0 -4    0   0   0   0   0   0   0   0   0   0   0   0   0  98   0   1   0   0   1   0  2.87 inf
  149 E   -4 -4 -4 -2 -7 -1  8 -6 -4 -7 -7 -3 -6 -7 -5 -4 -4 -7 -6 -6    0   0   0   0   0   0 100   0   0   0   0   0   0   0   0   0   0   0   0   0  2.42 inf
  150 F   -4 -4  0 -4 -3 -3 -5 -5 -3  2  0 -4  7  6 -6 -4 -4  5 -1 -1    0   0   6   0   0   0   0   0   0  10   5   0  31  36   0   0   0   7   1   2  1.17 inf
  151 E   -1 -3 -1  5 -5 -2  4 -4 -3 -5 -5  0 -5 -6  4  0 -2 -6 -5 -5    4   0   1  32   0   0  30   0   0   0   0   6   0   0  20   6   1   0   0   0  0.99 inf
  152 K    2 -1  4 -1 -3  0 -1 -2 -2 -3 -3  3 -3 -5  2  0  0 -5 -3 -2   19   1  26   3   0   3   2   0   0   1   1  25   0   0  10   3   4   0   0   2  0.51 inf
  153 F   -6 -6 -6 -7 -4 -6 -7 -7 -4 -3 -1 -6 -3  9 -7 -5 -5 -1  2 -4    0   0   0   0   0   0   0   0   0   0   4   0   0  90   0   1   0   0   5   0  2.53 inf
  154 A    6 -3 -3 -3 -1 -2  0 -3 -4 -4 -4 -2 -3 -5 -3  2 -2 -5 -5 -3   76   0   1   1   1   1   5   0   0   0   0   1   0   0   1  13   1   0   0   0  1.19 inf
  155 A    1  1  2 -1 -3  0  1  0  2 -3 -3  4 -3 -4 -3 -1  0 -4 -3 -2   17   8   9   1   0   3   7   7   5   1   1  32   0   0   0   2   4   0   0   3  0.37 inf
  156 G   -2 -5 -4 -4 -6 -5 -5  7 -5 -7 -7 -5 -6 -6 -4 -3 -5 -6 -6 -6    1   0   0   0   0   0   0  97   0   0   0   0   0   0   1   1   0   0   0   0  2.31 inf
  157 T   -3 -4 -3 -4 -4 -4 -4 -4 -5 -4 -5 -4 -4 -6 -4  1  8 -6 -5 -3    0   0   0   0   0   0   0   1   0   0   0   0   0   0   0   9  90   0   0   0  2.00 inf
  158 K   -2  2  0 -2 -4 -1  2 -3 -2  2  0  4 -1  1 -3 -2 -2 -4 -2 -1    1  11   5   1   0   1  12   1   0  15   7  33   1   8   0   0   1   0   0   2  0.36 inf
  159 A    5 -3 -1 -1 -3 -2  1  1 -2 -4 -4 -1 -3 -4 -3  1 -1 -5 -4 -3   57   1   2   2   0   1  10  10   1   0   0   4   0   0   0   9   2   0   0   1  0.69 inf
  160 L   -2 -4 -5 -5 -2 -4 -5 -5 -5  4  2 -4  3 -2 -5 -4 -1 -4 -3  5    2   0   0   0   0   0   0   0   0  23  16   0   9   1   0   0   4   0   0  44  0.84 inf
  161 L    5 -4 -4 -4  3 -3 -4  0 -4 -2  1 -3  4 -4 -4 -1 -2 -4 -4 -1   53   0   0   0   7   0   0   8   0   0  13   1  13   0   0   2   0   0   0   3  0.75 inf
  162 D   -2  0  1  4 -4  3  3 -3  1 -4 -4  3 -4 -5 -3 -2 -2 -5 -3 -4    3   4   5  25   0  12  22   1   4   0   1  20   0   0   0   1   2   0   0   0  0.66 inf
  163 E    5 -3 -2 -2 -2 -2  0 -2 -2 -2 -2  0 -2 -1 -3  0  1 -4 -2 -2   61   0   1   2   0   1   5   2   1   1   2   5   0   3   0   6   7   0   1   2  0.66 inf
  164 V   -1 -4 -5 -5  1 -4 -4 -5 -5  3  3 -4  4 -2 -4 -4 -2 -4 -3  4    5   0   0   0   2   0   0   0   0  20  31   0  10   0   0   0   1   0   0  30  0.72 inf
  165 V    5 -4 -4 -4 -2 -3 -3 -2 -4  1 -3 -3 -3 -4 -4 -1 -2 -5 -4  4   57   0   0   0   1   0   1   2   0   6   0   0   0   0   0   2   0   0   0  29  0.88 inf
  166 K    0 -1  1  3 -2  0  5 -1 -1 -4 -4  2 -3 -5 -3 -1 -2 -5 -4 -4    8   2   6  17   1   2  39   4   1   0   1  14   0   0   0   2   2   0   0   1  0.61 inf
  167 S    4 -2 -2 -3  0 -2 -3 -2 -3 -1  1 -3 -2 -3 -3  2  0 -4 -3  0   41   1   1   0   1   1   1   1   0   2  19   0   0   0   0  18   6   0   0   7  0.43 inf
  168 S    0 -2 -1  2 -1 -1  0 -3 -1 -3 -2 -1 -2 -3 -1  1  5 -4 -1 -1    7   1   1  13   1   1   4   1   2   1   2   3   0   1   3   8  47   0   2   3  0.53 inf
  169 A    3  0  0  1 -2  2  1  0 -1 -3 -2  2 -2 -3 -2  1 -1 -3 -3 -2   29   3   3   6   0   8  11   6   1   1   2  15   0   1   1   7   3   0   0   1  0.26 inf
  170 A    0  1  3  0 -1  0  1 -1 -1 -2 -2  3 -1 -2 -1  0  0 -2 -2 -2   10   7  15   3   2   4   7   3   1   1   3  22   1   1   2   7   4   0   1   2  0.19 inf
  171 G   -1 -2 -1  1 -3 -1 -2  6 -2 -3 -3 -2 -3 -3 -2 -1 -2 -3 -3 -3    3   2   2   7   1   2   2  64   1   1   2   2   1   1   2   3   2   0   1   2  0.93 inf
  172 N    4 -2 -1 -3  5 -2 -2  0 -3 -2 -2 -1 -2 -3 -2  0  0 -3 -3  0   45   1   3   1  12   1   1   8   0   1   2   3   1   1   1   5   5   0   1   7  0.46 inf
  173 T   -3 -4 -3 -4  0 -4 -4 -5 -3  3  0 -3  0  3 -4 -2  4 -3  1  2    0   0   1   0   2   0   0   0   0  24   5   1   2  15   0   0  33   0   6  11  0.59 inf
  174 V   -2 -4 -2 -4 -4 -3 -4 -4 -4 -3 -4 -3 -4 -5 -4  3  7 -6 -5  0    0   0   1   0   0   0   0   0   0   0   0   0   0   0   0  24  65   0   0   8  1.34 inf
  175 I   -4 -6 -4 -6 -4 -5 -6 -6 -6  7  1 -5 -1 -3 -5 -5 -3 -5 -4  3    0   0   1   0   0   0   0   0   0  69   9   0   0   0   0   0   0   0   0  21  1.46 inf
  176 I   -3 -6 -4 -6 -4 -5 -6 -6 -6  7 -1 -5 -2 -3 -5 -5 -3 -6 -4  5    0   0   1   0   0   0   0   0   0  62   0   0   0   0   0   0   0   0   0  36  1.54 inf
  177 G   -3 -6 -4 -5 -6 -5 -5  8 -5 -7 -7 -5 -6 -7 -6 -4 -5 -6 -6 -7    0   0   0   0   0   0   0  99   0   0   0   0   0   0   0   0   0   0   0   0  2.42 inf
  178 G   -3 -6 -4 -5 -6 -5 -5  7 -5 -7 -7 -5 -6 -6 -5 -4 -5 -6 -6 -7    0   0   0   0   0   0   0  99   0   0   0   0   0   0   0   0   0   0   0   0  2.39 inf
  179 G   -3 -6 -4 -5 -4 -5 -5  7 -5 -7 -7 -4 -6 -6 -5 -3 -5 -6 -6 -6    0   0   0   0   0   0   0  98   0   0   0   0   0   0   0   0   0   0   0   0  2.36 inf
  180 D   -5 -5 -2  8 -7 -3 -2 -5 -5 -7 -7 -4 -7 -7 -5 -4 -5 -8 -7 -7    0   0   1  99   0   0   0   0   0   0   0   0   0   0   0   0   0   0   0   0  2.65 inf
  181 T   -2 -4 -2 -3 -3 -3 -3 -4 -4 -5 -5 -3 -4 -5 -4  6  5 -6 -5 -4    0   0   0   0   0   0   0   0   0   0   0   0   0   0   0  66  33   0   0   0  1.47 inf
  182 A    5 -4 -4 -2 -3 -4 -4 -3 -5 -1 -3 -4 -3 -4 -3 -2 -1 -5 -4  4   64   0   0   2   0   0   0   0   0   2   0   0   0   0   1   0   2   0   0  29  1.08 inf
  183 T    5 -4 -2 -2 -3 -3 -3 -3 -4 -4 -4 -3 -3 -5 -3  1  4 -5 -3 -2   61   0   1   2   0   0   0   0   0   0   0   0   0   0   0   9  25   0   0   1  1.02 inf
  184 V    6 -5 -5 -5  5 -4 -4 -3 -5 -3 -2 -4 -2 -4 -4 -2 -3 -2 -4  1   72   0   0   0  14   0   0   0   0   0   4   0   0   1   0   0   0   1   0   9  1.26 inf
  185 A    2 -5 -5 -5  5 -4 -5 -5 -5  2 -1 -4 -2 -4 -5 -3 -2 -5 -4  5   20   0   0   0  13   0   0   0   0   9   2   0   0   0   0   0   1   0   0  55  1.01 inf
  186 K    2  1  3 -1 -4  1  3 -2  0 -1 -3  2 -1 -4 -2 -1 -2 -5 -3 -3   19   8  17   0   0   4  25   1   2   4   1  16   2   0   1   1   0   0   0   1  0.43 inf
  187 K   -2  1  0 -3 -5  5 -1 -4 -3 -2 -3  6 -2 -5 -4 -1 -2 -5 -4 -4    1   3   3   0   0  24   1   0   0   2   2  57   1   0   0   3   2   0   0   0  1.12 inf
  188 Y    1 -4 -3 -5 -1 -3 -3 -4 -2 -1  2 -4  1  4 -4 -1 -2  6  2  0   16   0   1   0   1   1   1   0   0   1  26   0   4  19   0   4   2  11   8   6  0.52 inf
  189 G   -3 -4  2 -1 -5 -4 -4  7 -1 -7 -6 -1 -5 -6 -5 -3 -4 -6 -6 -6    0   0  10   3   0   0   0  80   1   0   0   5   0   0   0   0   0   0   0   0  1.69 inf
  190 V   -1 -2 -3 -3 -3 -3 -3 -2 -3  0  3 -2  0  3 -4 -2  1 -2  2  2    5   1   1   1   0   0   1   2   0   2  28   2   2  17   0   0  13   0   7  16  0.32 inf
  191 T    4 -3 -2  0 -3 -1  3  1 -3 -4 -4 -1 -3 -5 -3  0 -1 -5 -3 -1   43   0   0   5   0   0  27  10   0   0   0   3   0   0   0   4   3   0   1   3  0.59 inf
  192 D   -2 -4  1  7 -6 -2  2 -2 -2 -6 -6 -1 -5 -6 -2 -1 -3 -7 -5 -6    3   0   4  69   0   0  12   2   1   0   0   3   0   0   1   4   0   0   0   0  1.47 inf
  193 K   -3  1 -2 -1 -6  2  0 -1 -3 -5 -4  7 -4 -6 -4 -2 -3 -6 -5 -4    1   4   1   3   0   8   4   5   0   0   1  71   0   0   0   2   0   0   0   1  1.24 inf
  194 I   -3 -5 -5 -6 -4 -4 -5 -6 -5  3  1 -5  7  3 -5 -4 -3 -4 -2  4    0   0   0   0   0   0   0   0   0  14   8   0  33  14   0   0   0   0   0  31  1.07 inf
  195 S   -2 -3 -2 -1 -4 -3 -3 -2 -4 -5 -5 -3 -4 -5 -4  6  4 -6 -5 -4    0   1   0   2   0   0   0   2   0   0   0   1   0   0   0  71  24   0   0   0  1.34 inf
  196 H   -5 -4 -3 -5 -7 -3 -4 -6 11 -6 -6 -4 -5  0 -6 -5 -5  1  3 -6    0   0   0   0   0   0   0   0  85   0   0   0   0   4   0   0   0   2   9   0  2.91 inf
  197 V   -3 -6 -6 -6 -1 -5 -6 -6 -6  6 -1 -5 -2 -3 -5 -4 -3 -5 -4  5    0   0   0   0   1   0   0   0   0  54   0   0   0   0   0   0   0   0   0  44  1.45 inf
  198 S   -2 -4 -3 -4 -4 -3 -3 -4 -4 -6 -6 -4 -5 -6 -4  7 -2 -6 -5 -5    0   0   0   0   0   0   0   0   0   0   0   0   0   0   0 100   0   0   0   0  2.08 inf
  199 T   -3 -5 -3 -4 -4 -4 -4 -5 -5 -4 -5 -4 -4 -6 -4 -1  8 -6 -5 -3    0   0   0   0   0   0   0   0   0   0   0   0   0   0   0   1  99   0   0   0  2.28 inf
  200 G   -3 -6 -4 -5 -6 -5 -5  8 -5 -7 -7 -5 -6 -6 -5 -3 -5 -6 -6 -7    0   0   0   0   0   0   0 100   0   0   0   0   0   0   0   0   0   0   0   0  2.43 inf
  201 G   -3 -6 -4 -4 -6 -5 -5  7 -5 -7 -7 -5 -6 -6 -5 -3 -5 -6 -6 -5    0   0   0   0   0   0   0  99   0   0   0   0   0   0   0   0   0   0   0   1  2.36 inf
  202 G   -3 -6 -4 -5 -6 -5 -5  8 -5 -7 -7 -5 -6 -6 -5 -3 -5 -6 -6 -7    0   0   0   0   0   0   0 100   0   0   0   0   0   0   0   0   0   0   0   0  2.43 inf
  203 A    7 -5 -5 -5 -3 -4 -4 -3 -5 -4 -5 -4 -4 -5 -4 -2 -3 -6 -5 -3   99   0   0   0   0   0   0   0   0   0   0   0   0   0   0   0   1   0   0   0  1.90 inf
  204 S   -1 -4 -3 -3 -4 -3 -3 -3 -4 -5 -2 -3  1 -3 -4  7 -1 -6 -5 -4    2   0   0   0   0   0   0   0   0   0   4   0   4   1   0  88   1   0   0   0  1.56 inf
  205 L   -4 -5 -6 -7 -4 -5 -6 -7 -6 -1  6 -5  1 -2 -6 -5 -4 -5 -4 -2    0   0   0   0   0   0   0   0   0   0  98   0   2   0   0   0   0   0   0   0  1.76 inf
  206 E   -3 -3 -3 -2 -7 -1  8 -5 -3 -7 -6 -2 -4 -7 -4 -3 -4 -6 -5 -6    1   0   0   0   0   1  97   0   0   0   0   1   0   0   0   0   0   0   0   0  2.18 inf
  207 L   -2 -5 -5 -6 -4 -4 -5 -5 -3 -1  4 -5  1  5 -5 -3 -4 -2  4 -2    3   0   0   0   0   0   0   0   0   0  50   0   2  29   0   2   0   0  14   0  1.05 inf
  208 L   -4 -5 -6 -6 -2 -5 -5 -6 -5  1  6 -5  3 -1 -6 -5 -4 -4 -4 -1    0   0   0   0   1   0   0   0   0   5  84   0   7   1   0   0   0   0   0   2  1.39 inf
  209 E   -4 -3 -3 -2 -7  0  8 -5 -3 -7 -6 -2 -5 -7 -4 -3 -4 -6 -5 -6    0   0   0   0   0   2  98   1   0   0   0   0   0   0   0   0   0   0   0   0  2.26 inf
  210 G   -3 -6 -3 -4 -6 -5 -5  8 -5 -7 -7 -5 -6 -6 -5 -3 -5 -6 -6 -6    0   0   0   0   0   0   0 100   0   0   0   0   0   0   0   0   0   0   0   0  2.40 inf

                      K         Lambda
Standard Ungapped    0.1352     0.3147
Standard Gapped      0.0687     0.2670
PSI Ungapped         0.2251     0.3141
PSI Gapped           0.0687     0.2670
