
Last position-specific scoring matrix computed, weighted observed percentages rounded down, information per position, and relative weight of gapless real matches to pseudocounts
           A  R  N  D  C  Q  E  G  H  I  L  K  M  F  P  S  T  W  Y  V   A   R   N   D   C   Q   E   G   H   I   L   K   M   F   P   S   T   W   Y   V
    1 S    1 -1  0 -1 -1  0  0 -1 -1 -3 -3  0 -2 -3 -1  5  1 -3 -2 -2    0   0   0   0   0   0   0   0   0   0   0   0   0   0   0 100   0   0   0   0  0.58 inf
    2 T    0  1  0 -1 -2  0 -1 -2 -2 -1 -2  1 -1 -3 -1  1  5 -3 -2 -1    0   7   0   0   0   0   0   0   0   0   0  12   0   0   0   0  81   0   0   0  0.46 inf
    3 K   -1  3  0 -1 -4  1  1  1 -1 -3 -3  5 -2 -4 -2  0 -1 -3 -2 -3    0  12   0   0   0   0   6  12   0   0   0  70   0   0   0   0   0   0   0   0  0.47 inf
    4 K   -1  0  3  2 -4  1  5 -2  0 -4 -3  1 -2 -4 -2  0 -1 -4 -2 -3    0   0  23   4   0   0  62   0   0   0   0  11   0   0   0   0   0   0   0   0  0.58 inf
    5 T    0 -2  0 -1 -1 -1 -1 -2 -2 -1 -2 -1 -1 -3 -1  1  6 -3 -2  0    0   0   0   0   0   0   0   0   0   0   0   0   0   0   0   0 100   0   0   0  0.63 inf
    6 Q   -1  1  0 -1 -3  5  2 -2  0 -2 -2  2  2 -3 -2 -1 -1 -3 -2 -2    0   0   0   0   0  61  12   0   0   0   0  15  12   0   0   0   0   0   0   0  0.50 inf
    7 L   -1  1 -1 -1 -3  5  2 -2  0 -2 -1  3 -1 -3 -2 -1 -1 -3 -2 -2    0   0   0   0   0  58   5   0   0   0  11  27   0   0   0   0   0   0   0   0  0.46 inf
    8 Q   -1  1  0  0 -4  6  2 -2  3 -3 -3  1 -1 -3 -2  0 -1 -3 -1 -3    0   0   0   0   0  77  11   0  12   0   0   0   0   0   0   0   0   0   0   0  0.69 inf
    9 L   -1 -2 -4 -4 -1 -2 -3 -4 -3  2  4 -3  3  0 -3 -3 -1 -2 -1  2    0   0   0   0   0   0   0   0   0   0  72   0  12   0   0   0   0   0   0  17  0.42 inf
   10 E   -1  0  0  2 -4  2  5 -2  0 -4 -3  2 -2 -4 -1  0 -1 -3 -2 -3    0   0   0   4   0   5  67   0   0   0   0  23   0   0   0   0   0   0   0   0  0.63 inf
   11 H   -1  1  0 -1 -3  5  1 -2  4 -3 -3  1 -1 -3  1  1 -1 -3 -1 -3    0   4   0   0   0  55   0   0  16   0   0   0   0   0   8  17   0   0   0   0  0.48 inf
   12 L   -2 -3 -4 -4 -2 -3 -3 -4 -3  1  5 -3  2  0 -3 -3 -2 -2 -1  1    0   0   0   0   0   0   0   0   0   0 100   0   0   0   0   0   0   0   0   0  0.57 inf
   13 L   -2 -2 -3 -3 -2  1 -2 -4 -3  1  4 -2  2  0 -3 -2 -1 -2 -1  0    0   0   0   0   0  11   0   0   0   0  85   0   4   0   0   0   0   0   0   0  0.41 inf
   14 L   -2 -2 -3 -3 -2  0 -2 -4 -2  1  4 -1  3  0 -3 -2 -1 -2 -1  0    0   0   0   0   0   5   0   0   0   0  71   7  17   0   0   0   0   0   0   0  0.35 inf
   15 D   -2 -2  1  7 -4 -1  1 -2 -2 -4 -4 -1 -4 -4 -2 -1 -1 -5 -4 -4    0   0   0 100   0   0   0   0   0   0   0   0   0   0   0   0   0   0   0   0  1.12 inf
   16 L   -2 -3 -4 -4 -2 -3 -3 -4 -3  2  4 -3  2  0 -3 -3 -1 -2 -1  1    0   0   0   0   0   0   0   0   0   6  94   0   0   0   0   0   0   0   0   0  0.54 inf
   17 Q   -1  3  0 -1 -4  5  2 -2  2 -3 -3  2 -1 -3 -2  0 -1 -3 -1 -3    0  14   0   0   0  57   5   0   7   0   0  17   0   0   0   0   0   0   0   0  0.55 inf
   18 M   -1 -2 -3 -4 -2 -2 -3 -4 -3  2  4 -3  4  1 -3 -2 -1 -2 -1  2    0   0   0   0   0   0   0   0   0   0  59   0  22   3   0   0   0   0   0  15  0.38 inf
   19 I   -2 -3 -4 -4 -2 -3 -3 -4 -3  2  4 -3  2  0 -3 -3 -1 -2 -1  1    0   0   0   0   0   0   0   0   0   9  91   0   0   0   0   0   0   0   0   0  0.52 inf
   20 L   -2 -2 -3 -4 -2 -2 -3 -4 -3  1  4 -3  2  0 -3 -2 -1 -2 -1  1    0   0   0   0   0   0   0   0   0   0  95   0   0   0   0   5   0   0   0   0  0.49 inf
   21 N   -1  1  4  0 -3  1  2  0  0 -3 -3  2 -2 -3 -2  0 -1 -4 -2 -2    0   6  38   0   0   0  20   4   0   0   0  27   0   0   0   0   0   0   0   5  0.36 inf
   22 G    0  0 -1 -1 -3 -1  0  5 -2 -3 -3  0 -1 -3 -2  0  0 -3 -3 -3    0   4   0   0   0   0  10  69   0   0   0   9   3   0   0   0   6   0   0   0  0.63 inf
   23 I   -1 -3 -3 -4 -1 -3 -3 -4 -4  4  1 -3  1 -1 -3 -2 -1 -3 -2  4    0   0   0   0   0   0   0   0   0  40   0   0   0   0   0   0   0   0   0  60  0.43 inf
   24 N   -1  0  6  1 -3  0  0 -1  0 -4 -4  2 -2 -3 -2  1  0 -4 -2 -3    0   0  66   4   0   0   0   0   0   0   0  24   0   0   0   7   0   0   0   0  0.58 inf
   25 N   -2 -1  7  2 -3  0 -1 -1  0 -4 -4 -1 -3 -4 -2  0  0 -4 -3 -3    0   0  96   4   0   0   0   0   0   0   0   0   0   0   0   0   0   0   0   0  0.90 inf
   26 Y   -2 -2  1 -2 -3  0 -1 -3  2 -2 -2 -1 -2  2  3 -1 -1  1  6 -2    0   0   8   0   0   7   0   0   2   0   0   0   0   0  14   5   0   0  61   0  0.57 inf
   27 K   -1  1  0  0 -4  2  4 -2 -1 -3 -3  4 -2 -4 -1  0 -1 -3 -2 -3    0   0   0   0   0   3  42   0   0   0   0  55   0   0   0   0   0   0   0   0  0.56 inf
   28 N   -2 -1  6  2 -3  0  0 -1  0 -4 -4  0 -3 -4  0  1  0 -4 -3 -3    0   0  81   7   0   0   0   0   0   0   0   5   0   0   3   4   0   0   0   0  0.73 inf
   29 P   -1 -1 -2 -2 -3 -1 -2 -3  0 -1  1 -1 -1 -2  7  0 -1 -3 -2 -2    2   3   0   0   0   0   0   0   5   0  23   0   0   0  58   8   0   0   0   0  0.94 inf
   30 K   -1  3  0  0 -3  2  1 -2 -1 -2 -2  4 -1 -3 -1  0  0 -3 -2 -2    0  13   0   2   0   6   4   0   0   3   0  65   0   0   0   0   5   0   0   0  0.43 inf
   31 L   -2 -2 -4 -4 -2 -2 -3 -4 -3  1  5 -3  2  0 -3 -3 -1 -2 -1  1    0   0   0   0   0   0   0   0   0   0  97   0   0   0   0   0   0   0   0   0  0.53 inf
   32 T    0 -2 -1 -1 -2 -1 -1 -1 -2 -2 -2 -1 -2  0  5  3  1 -3 -2 -2    0   0   0   0   0   0   0   0   0   0   0   0   0   6  36  43  11   0   0   0  0.63 inf
   33 R   -1  5 -1 -2 -3  1  0 -3 -1 -2 -1  3  3 -2 -2 -1 -1 -3 -2 -2    0  52   0   0   0   0   0   0   0   0   0  22  23   0   0   3   0   0   0   0  0.43 inf
   34 M   -1 -2 -3 -4 -2 -1 -3 -3 -2  1  2 -2  7  0 -3 -2 -1 -2 -1  0    0   0   0   0   0   0   0   0   0   3   4   0  94   0   0   0   0   0   0   0  0.59 inf
   35 L   -2 -2 -3 -4 -2 -2 -3 -4  3  1  4 -3  2  1 -3 -3 -2 -2 -1  0    0   0   0   0   0   0   0   0  13   0  85   0   0   2   0   0   0   0   0   0  0.41 inf
   36 T    0  0  0 -1 -1  0 -1 -2 -2 -1 -2  2 -1 -3 -1  1  5 -3 -2 -1    2   0   0   0   0   0   0   0   0   0   0  19   0   0   0   0  79   0   0   0  0.45 inf
   37 F   -3 -3 -4 -4 -3 -4 -4 -4 -2  0  1 -4  0  7 -4 -3 -2  1  3 -1    0   0   0   0   0   0   0   0   0   0  11   0   0  89   0   0   0   0   0   0  0.81 inf
   38 K   -1  2  2  0 -4  1  1 -2 -1 -3 -3  5 -2 -4 -1  0 -1 -4 -2 -3    0   0  10   3   0   0   0   0   0   0   0  87   0   0   0   0   0   0   0   0  0.55 inf
   39 F   -2 -3 -4 -4 -3 -4 -4 -4 -2  1  1 -3  0  6 -4 -3 -2  0  2  0    0   0   0   0   0   0   0   0   0   9  11   0   0  80   0   0   0   0   0   0  0.69 inf
   40 Y   -2 -2  1 -3 -3 -2 -2 -3  2 -2 -2 -2 -1  3 -3 -2 -2  2  7 -2    0   0  11   0   0   0   0   0   3   0   0   0   0   3   0   0   0   0  83   0  0.84 inf
   41 M   -1 -2 -2 -3 -2 -1 -2 -3 -2  1  2 -2  6 -1  2 -1  0 -2 -2  1    0   0   0   0   0   0   0   0   0   0   6   0  68   0  11   0   8   0   0   7  0.38 inf
   42 P   -1 -3 -3 -2 -3 -2 -2 -3 -3 -3 -3 -1 -3 -4  8 -1 -2 -4 -4 -3    0   0   0   0   0   0   0   0   0   0   0   0   0   0 100   0   0   0   0   0  2.17 inf
   43 K   -1  2  0 -1 -3  1  0 -2 -1 -3 -2  5  0 -3 -1 -1 -1 -3 -2 -2    0   4   2   0   0   0   0   0   0   0   0  89   5   0   0   0   0   0   0   0  0.55 inf
   44 K   -1  2  2 -1 -3  2  0 -2 -1 -2 -2  4  1 -3 -2  0 -1 -3 -2 -2    0   2  13   0   0   8   0   0   0   0   0  64  11   0   0   0   0   0   0   0  0.37 inf
   45 A    4 -2 -2 -1 -1 -1 -1  0 -2 -1 -1 -1 -1 -2 -1  1  0 -3 -2  1   83   0   0   3   0   0   0   0   0   0   0   0   0   0   0   0   0   0   0  14  0.35 inf
   46 T    0 -1  0 -1 -1 -1 -1 -2 -2 -1 -2 -1 -1 -3 -1  2  5 -3 -2 -1    0   0   0   0   0   0   0   0   0   0   0   0   0   0   0  16  84   0   0   0  0.53 inf
   47 E   -1  0  0  2 -4  2  6 -2  0 -4 -3  1 -2 -4 -1  0 -1 -3 -3 -3    0   0   0   6   0   0  94   0   0   0   0   0   0   0   0   0   0   0   0   0  0.83 inf
   48 L   -2 -3 -4 -4 -2 -3 -3 -4 -3  1  4 -3  2  2 -3 -3 -2 -2 -1  1    0   0   0   0   0   0   0   0   0   0  92   0   0   8   0   0   0   0   0   0  0.50 inf
   49 K   -1  2  0 -1 -3  2  1 -2 -1 -3 -3  5 -1 -3 -1  0  1 -3 -2 -2    0   0   0   0   0  10   6   0   0   0   0  72   0   0   0   0  12   0   0   0  0.46 inf
   50 H   -2 -1  0  0 -4  1  0 -2  9 -4 -3 -1 -2 -2 -3 -1 -2 -3  1 -4    0   0   0   6   0   3   0   0  91   0   0   0   0   0   0   0   0   0   0   0  1.02 inf
   51 L   -2 -2 -3 -3 -1 -2 -3 -3 -2  1  4 -2  1  0 -3 -2 -1 -2 -1  0    0   0   0   0   0   0   0   0   0   0  74   0   0   0   0   0   0   0   0   0  0.21 inf
   52 Q   -1  1  0 -1 -3  5  1 -2  0 -3 -2  1 -1 -3 -1 -1 -1 -2 -2 -2    0   0   2   0   0  66   0   0   0   0   0   6   0   0   0   0   0   0   0   0  0.34 inf
   53 C   -1 -3 -3 -3  9 -3 -3 -2 -3 -2 -2 -3 -2 -2 -3 -1 -1 -2 -2 -1    0   0   0   0  74   0   0   0   0   0   0   0   0   0   0   0   0   0   0   0  0.87 inf
   54 L   -2 -2 -3 -3 -1 -2 -3 -3 -2  1  4 -2  1  0 -3 -2 -1 -2 -1  0    0   0   0   0   0   0   0   0   0   0  74   0   0   0   0   0   0   0   0   0  0.21 inf
   55 E    1 -1 -1  0 -2  0  3 -2 -1 -1  0  0  0 -2 -1  0 -1 -2 -2  0   16   0   0   0   0   0  40   0   0   0   9   0   2   0   0   0   0   0   0   8  0.07 inf
   56 E   -1  0  0  2 -3  1  4 -2 -1 -3 -3  1 -2 -3 -1  0 -1 -3 -2 -2    0   0   3   7   0   0  62   0   0   0   0   3   0   0   0   0   0   0   0   0  0.34 inf
   57 E   -1  0 -1  1 -2  1  4 -2  0 -2 -2  0 -2 -2 -1  0 -1 -2 -2 -2    1   1   1   1   0   0  64   1   0   1   1   1   0   0   1   1   1   0   0   1  0.30 inf
   58 L   -1 -1 -2 -2 -1 -1 -2 -2 -2  1  3 -1  1  0 -1 -1 -1 -1 -1  0    2   1   1   1   0   1   1   2   1   1  53   1   1   1   1   2   1   0   1   2  0.04 inf
   59 K   -1  1  0 -1 -2  0  0  2 -1 -2 -2  3 -1 -2 -1  0 -1 -2 -1 -2    2   1   1   1   0   1   1  19   1   1   2  35   1   1   1   2   1   0   1   2  0.06 inf
   60 P    0 -1  0 -1 -1 -1 -1 -1 -1 -1  0 -1 -1 -2  5  0 -1 -2 -1 -1   10   1   6   1   0   1   1   2   1   1   9   1   1   1  32   2   1   0   1   2  0.29 inf
   61 L   -1 -1 -2 -2 -1 -1 -2 -2 -2  1  3 -1  1  0 -1 -1 -1 -1 -1  0    2   1   1   1   0   1   1   2   1   1  53   1   1   1   1   2   1   0   1   2  0.04 inf
   62 E   -1  1 -1  0 -3  3  4 -2  2 -3 -3  1 -2 -3 -2 -1 -1 -3 -2 -3    0   6   0   0   0  13  48   0   5   0   0   5   0   0   0   0   0   0   0   0  0.33 inf
   63 E   -1  0  0  2 -2  0  2 -1  2 -1  1 -1 -1 -2 -2  0 -1 -2 -1 -2    0   5   3  12   0   0  21   3   9   0  20   0   0   0   0   4   0   0   0   0  0.02 inf
   64 V   -1 -1 -2 -3 -2 -1 -2 -3 -3  1  0  2  0 -2 -2 -2 -1 -3 -2  4    0   0   0   0   0   0   0   0   0   0   0  20   0   0   0   0   0   0   0  57  0.13 inf
   65 L   -2 -2 -3 -3 -2 -2 -3 -3 -3  0  3 -2  1 -1  3 -2 -2 -2 -2  0    0   0   0   0   0   0   0   0   0   0  57   0   0   0  20   0   0   0   0   0  0.31 inf
   66 N   -2 -2  3  2 -2 -1 -1  0 -1 -2  0 -1 -1 -1 -2  0  0 -2  0 -2    0   0  26  18   0   0   0   4   0   0  18   0   0   0   0   4   5   0   6   0  0.10 inf
   67 L   -2 -2 -3 -2 -2 -1  1 -3 -2  1  3 -2  1 -1 -3 -2 -1 -2 -2  1    0   0   0   0   0   0  18   0   0   5  50   0   0   0   0   0   0   0   0   8  0.15 inf
   68 A    2 -2 -1  0 -2 -1  2  0 -2 -2 -2 -1 -2 -3  2  0  1 -3 -2 -1   33   0   0   2   0   0  18   3   0   0   0   0   0   0   8   4   9   0   0   4  0.12 inf
   69 Q   -2 -1 -1 -2 -3  5  1 -3 -1 -2 -1  0  3 -3  2 -1 -2 -3 -2 -2    0   0   0   0   0  48   4   0   0   0   0   0  18   0  10   0   0   0   0   0  0.38 inf
   70 S    0 -2  0 -1 -2 -1 -1  0 -2 -2 -1 -1 -2 -3 -2  5  1 -3 -2 -2    0   0   0   0   0   0   0   4   0   0   7   0   0   0   0  79   0   0   0   0  0.45 inf
   71 K   -1  1 -1 -1 -4  1  0 -2 -1 -3 -3  6 -2 -4 -2 -1 -1 -4 -3 -3    0   0   0   0   0   4   0   0   0   0   0  86   0   0   0   0   0   0   0   0  0.69 inf
   72 N   -1 -1  6  0 -3  0 -1 -1  0 -3 -3 -1  0 -3 -2  2  1 -4 -3 -3    0   0  69   0   0   3   0   0   0   0   0   0   4   0   0  17   7   0   0   0  0.71 inf
   73 F   -1  0 -2 -3 -2  0 -2 -3 -2  0  1 -2  0  5 -3  1 -1 -1  1  1    0   5   0   0   0   7   0   0   0   0  13   0   0  41   0  17   0   0   0  14  0.24 inf
   74 H   -2  0  3 -1 -3  1 -1 -2  7 -3 -1 -1 -2 -2  1 -1 -1 -3  1 -3    0   2  21   0   0   8   0   0  47   0   7   0   0   0   6   3   0   0   3   0  0.57 inf
   75 L   -1 -2 -2 -3 -2 -2 -2 -1 -3  1  3 -2  1 -1  0  0  0 -2 -2  0    3   0   0   0   0   0   0   4   0   7  59   0   0   0   6  11   9   0   0   0  0.24 inf
   76 R   -1  2  2  1 -3  1  3 -2  1 -3 -3  2 -2 -3 -1  0  1 -3 -2 -2    1  18  13   8   0   0  24   1   4   1   1  16   0   0   1   1  10   0   0   1  0.30 inf
   77 P    1 -1  0  2 -2  0  1 -1  2  0 -1 -1 -1 -2  0  0  1 -3 -2  0   20   1   3  14   0   0  14   1   7  14   1   1   0   0   4   1  17   0   0   1  0.13 inf
   78 R   -1  3  0 -1 -3  1  2  0 -1 -3 -3  4 -2 -3 -1 -1 -1 -3 -2 -3    1  16   5   1   0   0  15   5   0   1   1  50   0   0   1   1   1   0   0   1  0.42 inf
   79 D   -2 -1  3  4 -3  0  3 -2 -1 -3 -3  0 -3 -3 -2  0 -1 -3 -3 -3    1   1  23  37   0   0  30   1   0   1   1   1   0   0   1   1   1   0   0   1  0.59 inf
   80 L   -1 -2 -2 -2 -2 -2 -2 -2 -2  0  3 -2  1  3 -2  1 -1 -1  2  0    1   1   0   1   0   0   1   1   0   3  41   1   0  23   1  20   1   0   6   1  0.22 inf
   81 I   -1 -2 -3 -3 -2 -2 -3 -3 -3  4  1 -2  5 -1 -3 -2 -1 -2 -2  2    1   1   0   1   0   0   1   1   0  47   1   1  39   0   1   1   1   0   0   4  0.44 inf
   82 S    1 -2  1  2 -2 -1  0 -1 -1 -3 -3 -1 -2 -3 -2  5  1 -4 -3 -3    5   0   5  16   0   0   0   0   0   0   0   0   0   0   0  74   0   0   0   0  0.57 inf
   83 N   -2 -1  7  0 -3 -1 -1 -1  0 -4 -4 -1 -3 -2 -3  1 -1 -3  2 -4    0   0  84   0   0   0   0   0   0   0   0   0   0   0   0   5   0   0  11   0  0.93 inf
   84 I   -2 -4 -4 -4 -2 -3 -4 -5 -4  5  1 -3  1  2 -4 -3 -2 -3 -1  2    0   0   0   0   0   0   0   0   0  81   5   0   3  11   0   0   0   0   0   0  0.60 inf
   85 N   -2  3  6  0 -4  0 -1 -2  0 -4 -4  2 -3 -4 -3  0 -1 -4 -3 -4    0  19  67   0   0   0   0   0   0   0   0  14   0   0   0   0   0   0   0   0  0.76 inf
   86 V   -1  2 -2 -2 -2 -1  0 -1 -3  2  0 -1  0 -2 -3 -2 -1 -3 -2  4    0  16   0   0   0   0  11   5   0   4   2   0   0   0   0   0   0   0   0  62  0.25 inf
   87 I   -1 -2 -1 -2 -2 -2 -2 -3 -3  2  0 -2 -1 -2 -2  1  5 -3 -2  0    0   0   0   0   0   0   0   0   0  27   2   0   0   0   0  11  61   0   0   0  0.43 inf
   88 V    0 -3 -4 -4 -1 -3 -3 -4 -4  2  2 -3  0 -1 -3 -2 -1 -3 -2  5    7   0   0   0   0   0   0   0   0   0  18   0   0   0   0   0   0   0   0  75  0.48 inf
   89 L   -1 -3 -3 -4 -2 -1 -3 -4 -3  1  4 -3  2  2 -3 -2 -1 -2 -1  2    2   0   0   0   0   4   0   0   0   0  64   0   3  11   0   2   0   0   0  14  0.37 inf
   90 E   -1  1  0  0 -3  1  3  0  3 -3 -3  4 -2 -3 -2  0  0 -3 -2 -3    0   0   0   0   0   0  32   7  11   0   0  40   0   0   0   4   7   0   0   0  0.41 inf
   91 L   -2 -2 -4 -4 -2 -2 -3 -4 -3  1  5  0  1  0 -3 -3 -2 -2 -2  0    0   0   0   0   0   0   0   0   0   0  89  11   0   0   0   0   0   0   0   0  0.57 inf
   92 K   -1  1 -1 -1 -4  3  0 -2 -1 -4 -3  6 -2 -4 -2 -1 -1 -4 -3 -3    0   0   0   0   0  17   0   0   0   0   0  83   0   0   0   0   0   0   0   0  0.80 inf
   93 G   -1 -3 -1 -2 -3 -3 -3  7 -3 -5 -5 -2 -4 -4 -3 -1 -2 -3 -4 -4    0   0   0   0   0   0   0 100   0   0   0   0   0   0   0   0   0   0   0   0  1.40 inf
   94 C   -1 -4 -3 -4 10 -4 -4  1 -4 -2 -2 -4 -3 -4 -4 -1 -2 -3 -4 -2    0   0   0   0  87   0   0  11   0   0   0   0   0   0   0   3   0   0   0   0  1.66 inf
   95 E   -2  2  0  2 -4  2  5 -3 -1 -4 -4  0 -3 -4 -2 -1 -1 -4 -3 -3    0  11   3  12   0   6  69   0   0   0   0   0   0   0   0   0   0   0   0   0  0.75 inf
   96 Y   -3  1 -3 -4 -3 -2 -3 -4  0 -2 -1 -2 -1  4 -4 -2 -2  1  7 -2    0  11   0   0   0   0   0   0   0   0   5   0   0  20   0   0   0   0  64   0  0.87 inf
   97 A    1 -2  0  6 -3 -1  1 -2  0 -3 -3 -1 -3 -4 -2  0 -1 -4 -3 -3   19   0   0  70   0   0   5   0   3   0   0   0   0   0   0   0   0   0   0   0  0.74 inf
   98 D   -2 -2  1  7 -4  0  1 -2 -2 -4 -4 -1 -4 -4 -1 -1 -2 -5 -4 -4    3   0   0  91   0   3   2   0   0   0   0   0   0   0   2   0   0   0   0   0  1.15 inf
   99 E    1  0 -1  2 -4  1  5 -2 -1 -3 -3  2 -2 -4 -2  0 -1 -4 -3 -3   14   0   0   6   0   0  63   0   0   0   0  17   0   0   0   0   0   0   0   0  0.60 inf
  100 T    0  1 -1 -2 -2 -1 -1 -2 -2 -2 -2  1 -1 -3  0  1  5 -3 -2 -1    7   6   0   0   0   0   0   0   0   0   0  11   0   0   2   9  64   0   0   0  0.45 inf
  101 A    3 -3 -3 -3 -1 -2 -2  0 -3  1 -1 -2  0 -2 -2 -1 -1 -3 -2  4   41   0   0   0   0   0   0   6   0   0   0   0   0   0   0   0   0   0   0  53  0.32 inf
  102 T   -1 -1  2 -1 -2 -1 -1 -2 -2 -2 -2  1 -2 -3 -2  1  5 -3 -2 -1    0   0  11   0   0   0   0   0   0   0   0  13   0   0   0   0  76   0   0   0  0.58 inf
  103 I    1 -3 -3 -3 -1 -3 -3 -3 -3  4  1 -3  0 -1 -3 -1 -1 -3 -2  3   22   0   0   0   0   0   0   0   0  52   0   0   0   0   0   0   0   0   0  26  0.35 inf
  104 V   -1 -1 -3 -3 -1 -2 -1 -3 -3  2  0 -2  0 -2 -3 -1  2 -3 -2  4    0   4   0   0   0   0   4   0   0   3   0   0   0   0   0   0  17   0   0  73  0.37 inf
  105 E   -2 -1 -1  2 -5  1  6 -3 -1 -4 -4  0 -3 -4 -2 -1 -2 -4 -3 -3    0   0   0   5   0   0  95   0   0   0   0   0   0   0   0   0   0   0   0   0  1.00 inf
  106 F   -3 -4 -4 -4 -3 -4 -4 -4 -2 -1  0 -4 -1  8 -5 -3 -3  0  3 -1    0   0   0   0   0   0   0   0   0   0   3   0   0  97   0   0   0   0   0   0  1.17 inf
  107 L   -2 -2 -4 -4 -2  0 -3 -4 -3  1  5 -3  3  0 -3 -3 -2 -2 -2  0    0   0   0   0   0   5   0   0   0   0  84   0  11   0   0   0   0   0   0   0  0.55 inf
  108 N   -2  3  6  0 -3  0 -1 -1  0 -4 -4  1 -3 -4 -3  1 -1 -4 -3 -3    0  19  71   0   0   0   0   0   0   0   0   5   0   0   0   5   0   0   0   0  0.74 inf
  109 R   -1  4  1 -1 -4  1  1 -1 -1 -3 -3  4 -2 -4 -2  0  0 -3 -2 -3    0  31   7   0   0   0  11   3   0   0   0  42   0   0   0   0   7   0   0   0  0.46 inf
  110 W   -4 -4 -5 -6 -3 -3 -4 -4 -4 -4 -3 -4 -3  0 -5 -4 -4 12  1 -4    0   0   0   0   0   0   0   0   0   0   0   0   0   0   0   0   0 100   0   0  3.10 inf
  111 I   -2 -4 -3 -4 -2 -3 -4 -4 -4  6  1 -3  1 -1 -3 -2  1 -3 -2  2    0   0   0   0   0   0   0   0   0  90   0   0   0   0   0   0  10   0   0   0  0.59 inf
  112 T    2 -2 -1 -2 -1 -1 -2 -2 -2  0 -2 -1 -1 -3 -2  1  5 -3 -2  0   19   0   0   0   0   0   0   0   0   4   0   0   0   0   0   0  77   0   0   0  0.56 inf
  113 F   -3 -4 -4 -4 -3 -4 -4 -4 -2  0  0 -4  0  7 -4 -3 -2  0  2  1    0   0   0   0   0   0   0   0   0   3   0   0   0  87   0   0   0   0   0  11  0.95 inf
  114 A   -1  1 -3 -4 10 -3 -4 -3 -3 -2 -2 -3 -2 -3 -4 -1 -2 -3 -3 -2    2  11   0   0  86   0   0   0   0   0   0   0   0   0   0   2   0   0   0   0  1.48 inf
  115 Q   -2  0 -1 -1 -4  7  1 -3  0 -4 -3  1 -1 -4 -2 -1 -1 -3 -2 -3    0   0   0   0   0 100   0   0   0   0   0   0   0   0   0   0   0   0   0   0  1.10 inf
  116 S    0  2  0 -1 -2  0 -1 -1 -1 -3 -3  1 -2 -3 -2  5  1 -3 -2 -2    0  14   0   0   0   0   0   0   0   0   0   6   0   0   0  80   0   0   0   0  0.54 inf
  117 I   -1 -3 -3 -4 -2 -3 -3 -4 -4  5  1 -3  1 -1 -3 -1  0 -3 -2  2    5   0   0   0   0   0   0   0   0  88   0   0   0   0   0   4   3   0   0   0  0.52 inf
  118 I   -2 -3 -3 -4 -2 -3 -3 -4 -1  4  1 -3  2  3 -3 -3 -2  0  4  1    0   0   0   0   0   0   0   0   0  53   0   0   7  16   0   0   0   0  24   0  0.42 inf
  119 S    1 -1  0 -1 -1 -1 -1 -1 -1 -3 -3 -1 -2 -3 -1  5  1 -3 -2 -2    7   0   0   0   0   0   0   0   0   0   0   0   0   0   0  93   0   0   0   0  0.63 inf
  120 T    0  1 -1 -2 -2 -1 -1 -2 -2 -1 -2  0 -1 -3 -2  1  5 -3 -2 -1    4   8   0   0   0   0   0   0   0   0   0   7   0   0   0   0  82   0   0   0  0.53 inf
  121 L   -2 -2 -3 -4 -2 -2 -3 -4 -3  1  4 -2  5  0 -3 -2 -1 -2 -1  1    0   0   0   0   0   0   0   0   0   0  59   0  41   0   0   0   0   0   0   0  0.50 inf
  122 T    0 -2  0 -2 -1 -1 -1 -2 -2 -1 -2 -1 -1 -3 -2  1  6 -3 -2  0    0   0   0   0   0   0   0   0   0   0   0   0   0   0   0   0 100   0   0   0  0.68 inf

                      K         Lambda
Standard Ungapped    0.1351     0.3201
Standard Gapped      0.0410     0.2670
PSI Ungapped         0.1351     0.3201
PSI Gapped           0.0410     0.2670
