
Last position-specific scoring matrix computed, weighted observed percentages rounded down, information per position, and relative weight of gapless real matches to pseudocounts
           A  R  N  D  C  Q  E  G  H  I  L  K  M  F  P  S  T  W  Y  V   A   R   N   D   C   Q   E   G   H   I   L   K   M   F   P   S   T   W   Y   V
    1 S    2 -3  1 -2 -3 -2 -2 -2 -3 -4 -4 -2 -3 -4 -3  6  0 -5 -4 -3   20   0   5   0   0   0   0   0   0   0   0   0   0   0   0  74   1   0   0   0  1.01 inf
    2 K    0 -2  1  4 -4  0  3  2 -2 -4 -4  0 -3 -4 -1  1 -1 -4 -4 -4    5   0   5  30   0   3  19  16   0   1   0   4   0   1   2  14   1   0   0   0  0.49 inf
    3 G    3 -1  2 -1 -3  0  0  0  2 -3 -2  3 -2 -3 -2  1 -1 -4 -1 -2   33   1  12   1   0   2   3   5   5   0   5  22   0   0   0   8   1   0   2   1  0.30 inf
    4 V   -1 -4 -4 -4 -3 -4 -4 -5 -4  5  0 -4 -1 -2 -2 -2  3 -4 -1  4    3   0   0   0   0   0   0   0   0  36   2   0   0   0   2   0  20   0   2  34  0.72 inf
    5 I   -1 -2 -3 -4 -2 -1 -3 -4 -1  3  1  1  0 -1 -1 -2  0 -4 -2  3    4   0   1   0   0   3   1   0   1  23  16  10   2   1   2   2   4   0   0  30  0.33 inf
    6 T    0 -1  2  1 -4  1  2 -3  4 -2 -3  1 -2 -3 -2 -1  1 -4 -1 -1   10   0  10   7   0   7  19   0  15   2   0   9   0   0   1   2  12   0   2   5  0.33 inf
    7 I   -1 -4 -5 -5 -3 -4 -4 -5 -5  3  2 -4 -1  1 -4 -3 -1 -4 -2  5    5   0   0   0   0   0   0   0   0  18  15   0   0   5   0   0   4   0   1  52  0.76 inf
    8 T   -2 -3  2 -1 -4 -3 -3 -3 -4 -3 -4 -2 -2 -4 -4  2  6 -5 -4 -3    0   0  10   3   0   0   0   1   0   1   0   1   1   0   0  13  69   0   0   0  1.18 inf
    9 D   -3 -3  0  7 -6 -2  1 -3 -3 -4 -6 -1 -5 -6 -4 -1 -2 -6 -5 -5    2   0   3  77   0   1   6   1   0   1   0   4   0   0   0   4   2   0   0   0  1.56 inf
   10 A    4 -2 -1  2 -3  1  1 -1 -2 -3 -3 -1 -2 -4 -2  2 -1 -4 -4 -2   45   1   2  14   0   6  10   3   0   0   1   2   0   0   0  13   2   0   0   1  0.48 inf
   11 E   -2 -3  5  1 -4 -1 -1 -1 -2 -3 -4 -2 -3 -5 -3  3  3 -5 -4 -3    1   0  32   7   0   1   3   2   0   1   0   1   0   0   0  27  25   0   0   0  0.74 inf
   12 F   -5 -6 -6 -7 -5 -6 -6 -6 -4 -3 -2 -6 -3  9 -7 -5 -5  5  0 -4    0   0   0   0   0   0   0   0   0   0   1   0   0  92   0   0   0   7   0   0  2.51 inf
   13 E    0 -1  0  4 -5  2  5 -3 -1 -4 -4  1 -3 -4 -3 -1 -1 -5 -4 -3    6   1   3  22   0   9  40   1   1   0   0   9   0   0   0   3   4   0   0   1  0.69 inf
   14 S    2  0  1  1 -3  3  2 -2 -2 -3 -3  0 -2 -4 -2  2  1 -4 -3 -2   20   3   5   6   0  16  16   0   0   0   0   5   0   0   0  17  10   0   0   1  0.37 inf
   15 E   -2 -2  0  4 -5  0  5 -4 -2 -3 -1  0 -1 -4 -3 -2 -1 -5 -3 -1    2   1   2  25   0   3  47   0   0   1   5   3   2   0   0   1   4   0   0   4  0.73 inf
   16 V   -2 -5 -5 -6 -3 -5 -5 -6 -5  2 -1 -4 -2 -3 -5 -4 -1 -5 -2  7    1   0   0   0   0   0   0   0   0   5   1   0   0   0   0   0   3   0   1  89  1.50 inf
   17 L   -3 -3 -4 -5 -3 -3 -3 -4 -4  2  5 -2  1 -1 -4 -3 -2 -3 -2  1    1   1   0   0   0   1   2   1   0  11  71   3   1   0   0   1   1   0   1   6  0.81 inf
   18 K   -1  0  3  1 -4  3  2 -1 -1 -4 -3  4 -2 -4 -3  0 -1 -4 -3 -4    4   1  17   6   0  19  12   3   1   0   1  29   0   0   0   4   2   0   0   0  0.53 inf
   19 A    2 -2 -1 -2 -1 -2 -2 -1 -2 -4 -4 -2 -4 -5 -3  6 -1 -5 -4 -3   19   1   2   1   1   1   1   2   1   0   0   1   0   0   0  68   1   0   0   1  0.99 inf
   20 E   -1 -2  1  5 -4  0  3 -1 -1 -4 -4  0 -4 -5 -1  1 -1 -5 -3 -4    4   1   6  39   0   2  20   2   1   0   0   5   0   0   2  12   3   0   0   1  0.66 inf
   21 Q   -1 -1 -1 -2 -3  2  0  2 -2  1  0  3 -1 -3 -2 -1  1 -4 -2  1    1   1   1   0   0   9   5  15   0  11   7  25   1   0   0   2   8   0   1  11  0.18 inf
   22 P   -2 -5 -4 -4 -5 -4 -4 -5 -5 -4 -1 -3 -4 -3  8 -3 -1 -6 -4 -1    2   0   1   0   0   0   0   0   0   0   6   0   0   1  80   1   3   0   0   6  2.13 inf
   23 V   -2 -5 -5 -5 -3 -5 -5 -5 -5  1 -2 -4 -1 -2 -5 -4 -1 -5 -4  7    2   0   0   0   0   0   0   0   0   2   0   0   0   1   0   0   2   0   0  91  1.53 inf
   24 L   -3 -4 -5 -6 -3 -4 -5 -6 -5  1  6 -5  2 -1 -5 -4 -3 -4 -3  2    0   0   0   0   0   0   0   0   0   3  80   0   3   1   0   0   0   0   0  13  1.20 inf
   25 V   -2 -5 -5 -6 -3 -5 -5 -6 -6  1  0 -5 -1 -3 -5 -4 -2 -5 -4  7    1   0   0   0   0   0   0   0   0   1   5   0   1   0   0   0   1   0   0  91  1.58 inf
   26 Y   -5 -4 -1  8 -6 -3  0 -4 -1 -6 -6 -3 -6 -6 -4 -3 -4 -7 -2 -6    0   0   0  93   0   0   3   0   1   0   0   1   0   0   0   0   0   0   2   0  2.17 inf
   27 F   -5 -6 -6 -7 -3 -6 -6 -6 -4 -2 -2 -6 -2  9 -7 -5 -5 -2  3 -4    0   0   0   0   1   0   0   0   0   1   0   0   0  91   0   0   0   0   6   0  2.41 inf
   28 W   -6 -6 -7 -8 -6 -6 -4 -6 -3 -6 -5 -7 -5 -2 -7 -6 -6 13  0 -7    0   0   0   0   0   0   1   0   1   0   0   0   0   1   0   0   0  96   1   0  4.45 inf
   29 A    7 -4 -4 -5 -3 -4 -4 -2 -4 -4 -4 -3 -4 -5 -4 -1 -3 -5 -5 -3   99   0   0   0   0   0   0   1   0   0   0   0   0   0   0   0   0   0   0   0  1.74 inf
   30 S    0 -3 -2  0 -4 -1  4 -3 -3 -4 -4 -1 -4 -5  5  0  1 -5 -4 -2    7   0   0   4   0   1  37   1   0   0   0   1   0   0  31   5  10   0   0   2  0.88 inf
   31 W   -6 -7 -8 -8 -6 -6 -7 -6 -6 -6 -5 -7 -5 -3 -8 -7 -6 13 -1 -7    0   0   0   0   0   0   0   0   0   0   0   0   0   0   0   0   0 100   0   0  4.72 inf
   32 C   -4 -7 -6 -7 11 -6 -7 -6 -7 -5 -5 -7 -5 -6 -6 -4 -4 -6 -6 -4    0   0   0   0 100   0   0   0   0   0   0   0   0   0   0   0   0   0   0   0  3.81 inf
   33 G   -1 -4 -1 -4 -5 -4 -5  7 -5 -6 -6 -4 -3 -6 -4 -3 -4 -5 -6 -6    3   1   2   0   0   0   0  92   0   0   0   0   1   0   1   0   0   0   0   0  1.93 inf
   34 P   -4 -5 -5 -5 -6 -4 -4 -5 -5 -6 -6 -4 -6 -7  9 -3 -4 -7 -6 -6    0   0   0   0   0   0   0   0   0   0   0   0   0   0  99   1   0   0   0   0  3.07 inf
   35 C   -4 -7 -6 -7 11 -6 -7 -6 -7 -5 -5 -7 -5 -6 -6 -4 -4 -6 -6 -4    0   0   0   0 100   0   0   0   0   0   0   0   0   0   0   0   0   0   0   0  3.81 inf
   36 Q   -3  6 -3 -3 -6  0 -2 -4 -3 -5 -4  6 -2 -5 -4 -3 -3 -5 -4 -4    0  45   0   0   0   3   1   0   0   0   1  50   1   0   0   0   0   0   0   0  1.40 inf
   37 L    1 -3 -4 -5 -4  2 -4 -4 -4  0  0 -2  9 -3 -5 -3 -2 -4 -4 -2   11   1   0   0   0  10   0   0   0   4   5   1  65   0   0   1   1   0   0   1  1.43 inf
   38 M   -3 -5 -5 -5 -3 -4 -5 -6 -5  6  2 -4  4 -1 -5 -4 -3 -4 -3  3    0   0   0   0   0   0   0   0   0  51  16   0  11   1   0   0   0   0   0  21  1.00 inf
   39 S    5 -4 -3 -2 -3 -3 -3  2 -1 -3 -4 -3 -1 -4 -3  1 -1 -5 -4 -2   65   0   0   1   0   0   0  17   1   0   0   0   2   0   0  10   2   0   0   1  0.89 inf
   40 P   -4 -5 -5 -5 -6 -4 -4 -5 -5 -6 -6 -4 -6 -7  9 -2 -3 -7 -6 -5    0   0   0   0   0   0   0   0   0   0   0   0   0   0  97   2   1   0   0   0  2.99 inf
   41 L    0 -4 -4 -5 -3 -4 -4 -4 -3  4  1 -4  0 -2 -4 -2 -1 -3 -3  4    8   0   0   0   0   0   0   0   0  34   9   0   2   0   0   3   3   0   0  41  0.71 inf
   42 I   -3 -4 -5 -5 -3 -4 -5 -6 -5  4  5 -4  1 -1 -5 -4 -3 -4 -3  3    0   0   0   0   0   0   0   0   0  23  56   0   3   1   0   0   0   0   0  18  0.93 inf
   43 N   -3 -3  0  6 -6 -1  5 -3 -2 -6 -6 -2 -5 -6 -4 -2 -3 -6 -5 -5    1   0   4  42   0   0  49   1   0   0   0   0   0   0   0   1   0   0   0   0  1.35 inf
   44 L   -1 -2 -2  1 -6  2  6 -4 -3 -5 -4 -1 -4 -5 -4 -2 -3  1 -4 -4    4   1   0   7   0   7  73   0   0   0   1   2   0   0   0   2   0   2   0   1  1.29 inf
   45 A   -1 -4 -5 -5 -3 -4 -5 -5 -5  5  4 -4  0 -1 -5 -4 -3 -4 -2  2    5   0   0   0   0   0   0   0   0  42  37   0   1   1   0   0   0   0   0  14  0.84 inf
   46 A    6 -4 -3 -2 -3 -2 -2 -2 -3 -4 -4 -3 -3 -5 -3  2 -2 -5 -3 -2   78   0   0   2   0   0   2   1   0   0   0   0   0   0   0  15   0   0   0   0  1.17 inf
   47 N    1  0  1  2 -3  1  2  1 -1 -3 -3  2 -2 -4 -2  1  0 -4 -3 -2   13   3   7  11   0   6  17   9   1   1   0  15   0   0   0   8   6   0   0   2  0.27 inf
   48 T   -2 -2 -2  2 -6  2  6 -4 -2 -5 -5 -1 -4 -6 -3 -2  0 -5 -4 -5    2   0   0  11   0   6  71   0   0   0   0   2   0   0   0   1   5   0   0   0  1.29 inf
   49 Y   -4 -2 -2 -5 -5 -2 -4 -5  3 -3  0 -2  3  3 -5 -3 -3  0  8 -3    0   2   1   0   0   1   0   0   6   0   9   3   8   8   0   1   0   1  59   0  1.31 inf
   50 S    3 -2  0  2 -3  1  3  2 -2 -3 -3  0 -3 -3 -2  1 -1 -4 -3 -2   27   0   2  10   0   5  24  14   0   0   0   5   0   1   1   7   3   0   0   1  0.37 inf
   51 D   -2 -4  0  4 -5 -3 -1  6 -2 -6 -6 -3 -5 -5 -3 -2 -3 -5 -5 -5    1   0   2  22   0   0   4  67   1   0   0   0   0   0   0   1   0   0   0   0  1.31 inf
   52 R   -2  3 -1 -2 -5  2 -1 -3 -2 -5 -4  6 -3 -5 -3 -1 -1 -5 -4 -4    1  17   1   1   0  10   1   1   0   0   0  61   0   0   0   3   2   0   0   0  1.05 inf
   53 L    1 -4 -5 -5 -3 -4 -4 -4 -4  3  3 -4  1 -1 -4 -3 -2 -4 -2  4   11   0   0   0   0   0   0   0   0  15  32   0   2   1   0   0   0   0   1  39  0.67 inf
   54 K   -2  1 -1 -2 -4  0 -1 -4 -2 -1 -2  5 -2 -4 -3 -1  2 -5 -4  0    2   5   1   2   0   2   2   0   0   4   2  54   0   0   0   1  17   0   0   7  0.67 inf
   55 V   -3 -5 -5 -5  2 -5 -5 -6 -5  5 -1 -5 -1  1 -5 -4 -2 -4 -3  5    0   0   0   0   4   0   0   0   0  40   0   0   0   7   0   0   0   0   0  48  1.08 inf
   56 V    3 -4 -3 -4  2 -3 -3  2 -4 -1 -1 -3 -1 -1 -3 -1 -1 -4  0  3   37   0   0   0   5   0   0  18   0   0   3   0   1   2   0   0   3   0   4  28  0.48 inf
   57 K   -4  0 -3 -4 -6 -1 -2 -4 -4 -6 -5  8 -4 -6 -4 -2 -3 -6 -5 -5    0   1   0   0   0   0   0   0   0   0   0  97   0   0   0   1   1   0   0   0  2.03 inf
   58 L   -3 -4 -5 -5 -1 -4 -5 -5 -4  2  4 -4  3 -1 -5 -4 -2 -4 -3  4    0   0   0   0   1   0   0   0   0  11  48   0   9   0   0   0   0   0   0  30  0.84 inf
   59 E   -4 -3  8  4 -6 -2  0 -3 -2 -6 -6 -3 -5 -6 -5 -2 -3 -7 -5 -6    0   0  73  22   0   0   5   0   0   0   0   0   0   0   0   0   0   0   0   0  1.78 inf
   60 I   -2 -4 -4 -5 -3 -4 -4 -5 -5  4 -1 -4 -1 -3 -4 -3  3 -5 -2  5    2   0   0   0   0   0   0   0   0  28   0   0   0   0   0   0  18   0   1  52  0.97 inf
   61 D   -5 -4 -1  8 -6 -3  0 -4 -4 -6 -6 -4 -3 -6 -4 -3 -3 -7 -6 -6    0   0   0  96   0   0   2   0   0   0   0   0   1   0   0   0   1   0   0   0  2.30 inf
   62 P    0 -2 -1  3 -5  1  6 -2 -1 -5 -5  0 -4 -5 -1 -1 -2 -5 -4 -4    8   0   2  14   0   5  59   2   1   0   0   2   0   0   2   3   1   0   0   0  0.95 inf
   63 N   -3 -3  8 -1  0 -1  0 -3  0 -6 -6 -3 -5 -5 -5  0 -3 -6 -4 -5    1   0  82   1   2   1   5   0   2   0   0   0   0   0   0   6   0   0   0   0  1.76 inf
   64 P   -2  0 -2 -2 -5  3  0 -3 -4 -4 -4 -2 -1 -6  7 -1 -2 -5 -5 -4    2   5   2   2   0  15   4   2   0   1   0   1   2   0  61   3   2   0   0   0  1.45 inf
   65 T    1 -1  2  2 -3  2  3  0 -2 -2 -3  0 -1 -4 -2  1  0 -4 -3 -2   13   2  11   9   0  11  23   7   0   1   2   3   1   0   0   9   4   0   0   3  0.29 inf
   66 T   -1 -4 -3 -4 -3 -3 -3 -4 -4  3  1 -3  0 -1 -4  0  5 -2 -3  1    2   0   0   0   0   0   0   0   0  19  13   0   1   2   0   3  49   1   0   9  0.68 inf
   67 V    5 -2 -4 -4 -2 -2 -3 -2 -4 -3 -3 -3 -2 -5  5  0 -1 -5 -4 -1   59   2   0   0   0   1   0   0   0   0   1   0   1   0  25   4   3   0   0   3  0.99 inf
   68 K    3  0 -1 -1 -2  0 -2  1 -2 -2 -2 -1  1 -3  1  2  1 -4 -3 -1   30   6   1   2   0   3   1  11   0   1   1   2   5   0   8  17   9   0   0   3  0.27 inf
   69 K    0  3 -1 -1 -4  4  1 -3  0 -3 -4  5 -1 -4 -3 -1 -2 -4 -3 -3    7  13   2   2   0  22   6   0   1   1   0  40   1   0   0   1   1   0   0   0  0.68 inf
   70 Y   -4 -5 -5 -6 -5 -3 -5 -6  0 -3 -2 -5  0  6 -6 -4 -4 -1  8 -3    0   0   0   0   0   1   0   0   1   0   2   0   2  28   0   0   0   0  63   0  1.92 inf
   71 K   -2  0  0 -3 -5  1 -2  6 -1 -6 -5 -1 -4 -5 -4 -1 -3 -5 -5 -5    1   6   5   0   0   8   2  71   1   0   0   3   0   0   0   3   0   0   0   0  1.22 inf
   72 V   -3 -5 -5 -6 -3 -5 -5 -6 -6  6 -1 -5 -1 -3 -5 -4 -2 -5 -4  5    0   0   0   0   0   0   0   0   0  50   0   0   0   0   0   0   1   0   0  49  1.33 inf
   73 E   -3  6 -2 -4 -2  1 -1 -4 -1 -3 -2 -1  6 -4 -4 -2 -1 -5 -2 -2    1  56   1   0   1   5   2   0   1   0   1   1  23   0   0   1   3   0   1   2  1.09 inf
   74 G    0 -3  1 -3 -4 -2 -3  4 -3 -5 -5 -3 -4 -5 -3  5 -1 -5 -4 -4    5   1   5   0   0   0   0  32   0   0   0   0   0   0   0  56   0   0   0   0  1.02 inf
   75 V   -4 -6 -6 -6 -4 -5 -6 -7 -6  8 -1 -5  0 -3 -6 -5 -3 -5 -4  1    0   0   0   0   0   0   0   0   0  93   2   0   1   0   0   0   0   0   0   5  1.87 inf
   76 P   -4 -5 -5 -5 -6 -4 -4 -5 -5 -6 -6 -4 -6 -7  9 -4 -4 -7 -6 -6    0   0   0   0   0   0   0   0   0   0   0   0   0   0 100   0   0   0   0   0  3.15 inf
   77 A    1 -4 -2 -4 -2 -3 -4 -4 -4 -3 -3 -3 -1 -4 -4 -1  7 -5 -3 -3    9   0   0   0   0   0   0   0   0   0   1   0   1   0   0   2  84   0   1   0  1.54 inf
   78 L   -3 -4 -5 -6 -3 -4 -5 -6 -5  1  5 -4  4 -1 -5 -4 -3 -4 -3  2    1   0   0   0   0   0   0   0   0   5  68   0  11   1   0   0   0   0   0  13  1.02 inf
   79 R   -2 -2 -1 -4 -3 -3 -4 -4 -3  3  3 -3  6  0 -4 -3 -2 -3 -2  0    2   2   4   0   0   0   0   1   1  23  34   0  25   3   0   0   1   0   1   3  0.66 inf
   80 L   -3 -4 -5 -5 -3 -4 -5 -4 -4  3  4 -4  2  2 -5 -4 -2 -3 -2  3    0   0   0   0   0   0   0   1   0  20  47   0   5   8   0   0   0   0   0  18  0.74 inf
   81 V   -5 -6 -6 -6 -5 -6 -6 -6 -4 -1 -2 -5 -2  9 -6 -5 -5 -2  2 -2    0   0   0   0   0   0   0   0   0   3   1   0   1  88   0   0   0   0   5   2  2.20 inf
   82 K   -3  1 -2 -3 -5  1 -1 -4  0 -3 -5  7 -4 -4 -4 -2 -3 -5 -4 -2    0   5   1   0   0   6   2   0   2   1   0  77   0   1   0   2   1   0   0   3  1.30 inf
   83 G   -2 -2  5  4 -5 -1  0  3 -2 -5 -5 -1 -4 -5 -4 -1 -3 -5 -5 -5    1   1  38  28   0   2   4  21   0   0   0   4   0   0   0   1   0   0   0   0  0.96 inf
   84 E   -2 -4 -3 -4 -5 -3 -3  7 -5 -7 -6 -4 -5 -6 -5 -2 -4 -5 -6 -6    0   1   0   0   0   1   1  96   0   0   0   0   0   0   0   1   0   0   0   0  2.11 inf
   85 Q   -1  0  1 -1 -5  4  5 -3 -2 -4 -4  3 -3 -5 -3 -1 -2 -5 -4 -2    3   3   6   1   0  23  43   0   0   0   0  16   0   0   0   1   1   0   0   3  0.85 inf
   86 I   -1 -1 -3 -3 -3 -1 -1 -4 -3  1  0  1  1 -3  2 -2 -2 -4 -3  4    4   3   1   0   0   2   4   0   0   5   8  10   3   0  11   0   0   0   0  47  0.42 inf
   87 L    2 -3 -4 -3 -2  0 -1 -4 -3  1  0  0 -1 -2 -3 -2 -1 -4 -2  5   17   0   0   1   0   4   5   0   0   4   5   7   1   1   0   1   2   0   0  52  0.49 inf
   88 D    3 -2  0  4 -3  0  2  0 -1 -3 -4  1 -3 -4 -3  0 -2 -5 -4 -3   28   1   2  30   0   3  12   6   1   1   0   9   0   0   0   6   0   0   0   1  0.48 inf
   89 S   -1  2  1 -2 -3  3 -1 -3 -2 -2 -3  2  0 -4 -3  1  4 -4 -3 -1    2  12   5   0   0  18   2   1   0   1   0  11   2   0   0   7  34   0   0   3  0.50 inf
   90 T   -1  0 -2 -3 -3  1 -1 -3  1  2  0  3  1 -1 -3 -1 -1 -3 -2  2    1   2   1   0   0   9   1   0   4  17   8  24   5   2   0   4   3   0   0  18  0.22 inf
   91 E   -1 -4 -5 -5 -3 -3 -1 -5 -3  3 -1 -4  1 -3 -4 -3  0 -5 -3  6    2   1   0   0   0   0   5   0   0  19   1   0   3   0   0   0   5   0   0  63  0.93 inf
   92 G   -3 -5 -3 -4 -5 -5 -5  7 -5 -7 -7 -4 -6 -6 -5 -3 -4 -5 -6 -6    0   0   0   0   0   0   0 100   0   0   0   0   0   0   0   0   0   0   0   0  2.32 inf
   93 V    6 -3 -3 -4 -3 -3 -3 -2 -4 -2 -2 -3 -2  1 -3 -1 -2 -4  0  1   73   0   0   0   0   0   0   1   0   1   3   0   1   7   0   1   0   0   4   9  0.93 inf
   94 I    1  1 -2 -3 -2  1 -2 -3 -1  1  1  1  1 -2 -2 -1 -1 -3 -2  2   13   8   0   0   0  10   0   1   1   8  18  10   5   1   1   1   3   0   0  20  0.16 inf
   95 S   -1 -4 -2 -3 -4 -1 -3 -1 -3 -5 -5 -3 -4 -6  7  3 -1 -6 -5 -4    4   0   1   1   0   2   1   5   0   0   0   0   0   0  59  25   2   0   0   0  1.50 inf
   96 K   -4  1 -3 -3 -6 -1 -1 -4 -3 -6 -5  8 -3 -6 -4 -3 -3 -6 -4 -5    0   3   0   0   0   0   2   0   0   0   0  93   0   0   0   0   0   0   0   0  1.91 inf
   97 D    2 -1  1  1 -3  0  1  1 -1 -3 -3 -1 -2 -4  0  2  1 -4 -3 -2   20   3   5   7   0   3  10   8   1   1   2   2   0   0   5  22  12   0   0   0  0.26 inf
   98 K    2  1  0 -1 -3  4  1 -2 -1 -2 -3  1  0 -4 -2  0  1 -4 -3 -1   17   6   2   3   0  28   8   1   1   1   0  10   2   0   1   3  12   0   0   4  0.37 inf
   99 L   -4 -5 -6 -6 -4 -4 -5 -6 -5  3  5 -5  1  1 -5 -5 -3 -4  0  0    0   0   0   0   0   0   0   0   0  14  74   0   1   5   0   0   0   0   4   2  1.13 inf
  100 L    1  0 -1 -1 -2  1  1 -2 -2  0  1  2  0 -2 -2  1  1 -3 -2  0   14   2   1   1   1   7  11   0   0   4  14  16   2   0   1   8  11   0   1   7  0.13 inf
  101 S    2  1  0  1 -3  1  3 -1 -1 -4 -4  1 -3 -4 -2  1  0 -4 -3 -3   25   6   5   9   0   7  21   2   1   0   0   9   0   0   0  10   6   0   0   0  0.36 inf
  102 F   -1 -2 -3 -1 -3 -2  0 -4 -3 -1  0  1  1  5 -4 -1  0  6  0 -1    7   2   0   3   0   1   6   0   0   3   9   9   4  28   0   4   7  14   0   3  0.45 inf
  103 L   -3 -5 -6 -6 -3 -5 -5 -6 -5  5  4 -5  0 -1 -5 -5 -3 -4 -3  2    0   0   0   0   0   0   0   0   0  42  46   0   1   1   0   0   0   0   0  10  1.06 inf
  104 D   -1 -1  3  5 -5  1  3 -2 -2 -4 -4  1 -3 -5 -3  0 -1 -5 -4 -4    5   1  13  37   0   5  22   1   0   0   0   7   0   0   0   5   2   0   0   0  0.73 inf
  105 T    2  0 -1  0 -3  1  2 -1 -2 -4 -3  4 -3 -4  0  2 -1 -4 -3 -3   20   2   2   5   0   5  11   4   0   0   1  30   0   0   3  15   3   0   0   0  0.39 inf
  106 H    1 -2  3 -2 -3  0 -2 -3  6 -2 -1 -2 -1  1 -4  0 -2 -3  3 -1   14   0  17   0   0   4   1   1  24   2   6   1   1   5   0   8   1   0  12   4  0.45 inf
  107 L   -3 -5 -5 -6 -3 -4 -5 -6 -5  4  5 -5  1 -2 -5 -4 -3 -4 -3  2    0   0   0   0   0   0   0   0   0  25  64   0   2   0   0   0   0   0   0   9  1.08 inf
  108 N   -1 -2  3  1 -3  1 -1  4 -2 -4 -4 -2 -3 -4 -3  2 -1 -4 -3 -4    0   0  19  10   0   9   0  41   0   0   0   0   0   0   0  21   0   0   0   0  0.64 inf

                      K         Lambda
Standard Ungapped    0.1340     0.3160
Standard Gapped      0.0603     0.2670
PSI Ungapped         0.1961     0.3136
PSI Gapped           0.0603     0.2670
