
Last position-specific scoring matrix computed, weighted observed percentages rounded down, information per position, and relative weight of gapless real matches to pseudocounts
           A  R  N  D  C  Q  E  G  H  I  L  K  M  F  P  S  T  W  Y  V   A   R   N   D   C   Q   E   G   H   I   L   K   M   F   P   S   T   W   Y   V
    1 H   -2  0  2 -1 -3  1  0 -2  7 -3 -3 -1 -2 -1 -2 -1 -2 -2  2 -3    0   0  15   0   0   8   0   0  68   0   0   0   0   0   0   0   0   0   8   0  0.72 inf
    2 Y   -3 -3 -3 -4 -3 -3 -3 -4 -1  0  0 -3  0  6 -4 -3 -2  1  5 -1    0   0   0   0   0   0   0   0   0   7   0   0   0  69   0   0   0   0  23   0  0.81 inf
    3 V   -1 -2 -2 -3 -1  0 -2 -3 -3  3  0 -2  0 -1  1 -1  1 -3 -2  3    0   0   0   0   0   7   0   0   0  20   0   0   0   0   7   0  11   0   0  54  0.27 inf
    4 E    1  2 -1 -1 -3  2  0 -2  2 -3 -3  0 -2 -3  6  0  0 -3 -2 -2   15  14   0   0   0  13   4   0   7   0   0   0   0   0  44   0   3   0   0   0  0.73 inf
    5 P   -1  1  0 -2 -3  0 -1  0  7 -3 -3 -1 -2 -2  3  0 -2 -2  2 -3    0   9   0   0   0   0   0   7  51   0   0   0   0   0  20   7   0   0   6   0  0.63 inf
    6 K   -1  3  0 -1 -2  2  0 -2  1 -2 -2  3 -1 -3 -2  1  2 -3 -2 -1    0  18   0   0   0  15   0   0   6   0   0  26   0   0   0  13  19   0   0   4  0.29 inf
    7 F   -2  2 -1 -2 -3  1  0 -1  4 -2 -2  0 -1  3 -3 -1 -2  0  4 -2    0  23   0   0   0   8   3   5  19   0   0   0   0  18   0   0   0   0  24   0  0.35 inf
    8 L   -1 -3 -4 -4 -1 -3 -3 -4 -3  3  3 -3  1  0 -3 -3 -1 -3 -1  3    0   0   0   0   0   0   0   0   0  23  47   0   0   0   0   0   0   0   0  30  0.39 inf
    9 N    1  1  4  0 -2  0 -1 -1 -1 -3 -3  0 -2 -3  2  2  1 -3 -2 -2   20   7  32   3   0   0   0   0   0   0   0   0   0   0   8  20   9   0   0   0  0.32 inf
   10 K   -1  5 -1 -2 -4  1  0 -2 -1 -3 -2  4  0 -3 -2 -1 -1 -3 -2 -3    0  51   0   0   0   0   0   0   0   0   0  45   4   0   0   0   0   0   0   0  0.63 inf
   11 A    3  1 -1 -1 -2  3  0 -1 -1 -2 -2  0 -1 -3  2  1 -1 -3 -2 -1   51   6   0   0   0  25   3   0   0   0   0   0   0   0  11   4   0   0   0   0  0.35 inf
   12 F   -3 -2 -3 -4 -3 -3 -3 -3  2 -1  0 -1 -1  7 -4 -2 -2  0  3 -2    0   0   0   0   0   0   0   0   8   0   0   6   0  80   0   0   0   0   6   0  0.75 inf
   13 E   -1  0 -1  1 -4  2  6 -3  0 -3 -2  0 -2 -3 -2  0 -1 -3 -2 -3    0   0   0   0   0   0  96   0   0   0   4   0   0   0   0   0   0   0   0   0  0.80 inf
   14 V    0 -3 -3 -3 -1 -2 -3 -3 -3  3  1 -2  0 -1 -3 -1  0 -3 -2  4    7   0   0   0   0   0   0   0   0   8   0   0   0   0   0   4   0   0   0  82  0.36 inf
   15 A    5 -2 -2 -2 -1 -1 -1  0 -2 -2 -2 -1 -1 -3 -1  1  1 -3 -2  0   92   0   0   0   0   0   0   0   0   0   0   0   0   0   0   0   8   0   0   0  0.47 inf
   16 L   -2 -2 -4 -4 -2 -2 -3 -4 -3  1  4 -3  3  0 -3 -3 -1 -2 -1  1    0   0   0   0   0   0   0   0   0   0  92   0   8   0   0   0   0   0   0   0  0.52 inf
   17 K   -1  2  0 -1 -4  1  1 -2 -1 -3 -3  6 -2 -4 -1  0 -1 -3 -2 -3    0   0   0   0   0   0   0   0   0   0   0 100   0   0   0   0   0   0   0   0  0.67 inf
   18 V   -1 -2 -2 -2 -1 -1  1 -3 -3  2  0 -2  0 -1 -2 -1  0 -3 -2  4    0   0   0   0   0   0  18   0   0   8   0   0   0   0   0   0   6   0   0  69  0.25 inf
   19 Q   -1  0  0  0 -4  6  4 -2  0 -3 -3  1 -1 -4 -2  0 -1 -3 -2 -3    0   0   0   0   0  70  30   0   0   0   0   0   0   0   0   0   0   0   0   0  0.73 inf
   20 I   -2 -4 -4 -4 -2 -3 -4 -4 -4  5  1 -3  1  0 -3 -3 -1 -3 -2  2    0   0   0   0   0   0   0   0   0 100   0   0   0   0   0   0   0   0   0   0  0.56 inf
   21 I   -1 -3 -4 -4 -1 -3 -3 -4 -4  5  1 -3  2  0 -3 -3 -1 -3 -2  3    0   0   0   0   0   0   0   0   0  82   0   0   5   0   0   0   0   0   0  14  0.47 inf
   22 A    4 -2 -2 -2 -1 -1 -1  0 -2 -1 -1 -1 -1 -2 -1  1  0 -3 -2  0   81   0   0   0   0   0   0   0   0   0   6   0   0   0   0   5   0   0   0   7  0.36 inf
   23 G    0  0 -1 -2 -3 -2 -2  6 -2 -4 -4 -1 -3 -4 -3 -1 -2 -3 -3 -4    0   7   0   0   0   0   0  93   0   0   0   0   0   0   0   0   0   0   0   0  1.04 inf
   24 F   -3 -3 -4 -4 -3 -4 -4 -4 -2 -1  0 -4  0  7 -4 -3 -3  5  3 -1    0   0   0   0   0   0   0   0   0   0   0   0   0  90   0   0   0  10   0   0  0.96 inf
   25 D   -2 -2  2  6 -4 -1  1 -2 -1 -4 -4 -1 -4 -4 -2 -1 -1 -5 -4 -4    0   0   6  94   0   0   0   0   0   0   0   0   0   0   0   0   0   0   0   0  1.04 inf
   26 R   -2  6 -1 -2 -4  1  0 -3 -1 -3 -3  3 -2 -3 -2 -1 -1 -3 -2 -3    0  77   0   0   0   0   0   0   0   0   0  23   0   0   0   0   0   0   0   0  0.77 inf
   27 G   -1  1  0 -1 -3  2  0 -1 -1 -2 -2  4 -1 -3 -1  0  2 -3 -2 -2    0   0   0   0   0  12   0   2   0   0   0  58   0   0   0   0  28   0   0   0  0.38 inf
   28 L   -2 -3 -4 -4 -2 -3 -3 -4 -3  1  5 -3  2  0 -3 -3 -2 -2 -1  1    0   0   0   0   0   0   0   0   0   0 100   0   0   0   0   0   0   0   0   0  0.57 inf
   29 V    2 -2  1 -1 -1 -1 -1 -1 -2  0 -1 -1 -1 -2 -2  1  2 -3 -2  2   37   0   8   3   0   0   0   0   0   0   0   0   0   0   0   4  19   0   0  29  0.17 inf
   30 K    1  0  1 -1 -2  0  0  0 -1 -2 -2  3 -1 -3 -1  2  1 -3 -2 -1   16   0  11   0   0   0   0   4   0   3   0  37   0   0   0  17  12   0   0   0  0.23 inf
   31 W   -3 -3 -4 -5 -3 -3 -4 -3 -3 -3 -2 -4 -2  0 -4 -3 -3 12  2 -4    0   0   0   0   0   0   0   0   0   0   0   0   0   0   0   0   0 100   0   0  2.75 inf
   32 L   -2 -3 -4 -4 -2 -3 -3 -4 -3  2  4 -3  2  0 -3 -3 -1 -2 -1  1    0   0   0   0   0   0   0   0   0   9  91   0   0   0   0   0   0   0   0   0  0.53 inf
   33 R    1  4  1 -1 -2  2  0 -1  1 -3 -2  1 -1 -3 -2  1  0 -3 -2 -2   17  45   6   0   0  10   0   3   3   0   0   0   0   0   0  12   4   0   0   0  0.33 inf
   34 V    0  4  1 -2 -2  0 -1 -2 -1 -1 -1  1 -1 -3 -2 -1  0 -3 -2  1   12  54   8   0   0   0   0   0   0   0   0   0   0   0   0   0   4   0   0  21  0.31 inf
   35 H   -2 -1  1 -1 -4  0 -1 -2  8 -4 -3 -1 -2 -1 -3 -1 -2 -2  2 -4    0   0   7   0   0   0   0   0  86   0   0   0   0   0   0   0   0   0   6   0  1.01 inf
   36 G    0 -3 -1 -2 -3 -2 -3  6 -2 -4 -4 -2 -3 -4 -3 -1 -2 -3 -4 -4    0   0   0   0   0   0   0 100   0   0   0   0   0   0   0   0   0   0   0   0  1.19 inf
   37 R   -1  4  0 -1 -3  0  0  1 -1 -3 -3  2 -2 -3 -2  1 -1 -3 -2 -3    0  49   4   0   0   0   0  15   0   0   0   9   0   0   0  22   0   0   0   0  0.41 inf
   38 T   -1  3  1 -1 -3  0 -1  2  2 -3 -3  1 -2 -2  1  0  0 -3  0 -3    3  36  11   0   0   0   0  21   7   0   0   0   0   0   7   4   7   0   3   0  0.30 inf
   39 L   -2 -3 -4 -4 -2 -3 -3 -4 -3  2  4 -3  2  0 -3 -3 -1 -2 -1  1    0   0   0   0   0   0   0   0   0   0  94   0   0   0   0   0   0   0   0   6  0.53 inf
   40 S    1 -1  2  0 -1  0 -1 -1 -1 -2 -3 -1 -2 -3 -1  4  2 -3 -2 -2    0   0   9   0   0   0   0   0   0   0   0   0   0   0   0  75  16   0   0   0  0.46 inf
   41 T    3 -1  0 -1 -2 -1  0 -1  3 -2 -2 -1 -2 -3  4  0  0 -3 -1 -1   45   0   5   0   0   0   5   0  15   0   0   0   0   0  22   0   6   0   0   0  0.40 inf
   42 V   -1 -3  1  0 -2 -2 -2 -3 -3  4  1 -2  0 -1 -3 -2 -1 -3 -2  3    0   0  11   8   0   0   0   0   0  50   0   0   0   0   0   0   0   0   0  31  0.24 inf
   43 Q   -1  1  0 -1 -3  6  2 -2  2 -3 -3  1 -1 -4 -2  0 -1 -2 -2 -3    0   0   0   0   0  90   0   0   6   0   0   3   0   0   0   0   0   0   0   0  0.78 inf
   44 K   -1  4 -1 -1 -4  1  0 -2 -1 -3 -3  5 -2 -3 -2 -1 -1 -3 -2 -3    0  31   0   0   0   0   0   0   0   0   0  69   0   0   0   0   0   0   0   0  0.62 inf
   45 K   -1  2 -1 -1 -4  1  1 -2 -1 -3 -3  6 -2 -4 -1 -1 -1 -4 -2 -3    0   0   0   0   0   0   0   0   0   0   0 100   0   0   0   0   0   0   0   0  0.69 inf
   46 A    2 -2 -1 -2 -1 -1 -1 -1 -2 -1 -1 -1 -1 -2 -1  2  4 -3 -2  0   32   0   0   0   0   0   0   0   0   0   0   0   0   0   0   7  56   0   0   5  0.35 inf
   47 L   -2 -3 -4 -4 -2 -3 -3 -4 -3  1  5 -3  2  0 -3 -3 -2 -2 -1  1    0   0   0   0   0   0   0   0   0   0 100   0   0   0   0   0   0   0   0   0  0.57 inf
   48 Y   -2 -2 -3 -4 -3 -2 -3 -4  1 -2 -1 -2 -1  4 -4 -2 -2  2  7 -2    0   0   0   0   0   0   0   0   0   0   0   0   0  14   0   0   0   0  86   0  1.02 inf
   49 F   -3 -3 -4 -4 -3 -4 -4 -4 -2 -1  0 -4  0  7 -4 -3 -3  1  3 -1    0   0   0   0   0   0   0   0   0   0   0   0   0 100   0   0   0   0   0   0  0.99 inf
   50 V   -1 -3 -3 -4 -1 -3 -3 -4 -3  2  0 -3  0 -1 -3 -2  0 -3  1  5    0   0   0   0   0   0   0   0   0   0   0   0   0   0   0   0   0   0   6  94  0.44 inf
   51 N   -2 -1  7  1 -3  0 -1 -1  0 -4 -4 -1 -3 -4 -3  0  0 -4 -3 -3    0   0 100   0   0   0   0   0   0   0   0   0   0   0   0   0   0   0   0   0  0.95 inf
   52 R   -2  6 -1 -2 -4  1  0 -3 -1 -4 -3  2 -2 -3 -3 -1 -2 -3 -2 -3    0 100   0   0   0   0   0   0   0   0   0   0   0   0   0   0   0   0   0   0  0.95 inf
   53 R   -2  6 -1 -2 -4  1  0 -3 -1 -4 -3  2 -2 -3 -3 -1 -2 -3 -2 -3    0 100   0   0   0   0   0   0   0   0   0   0   0   0   0   0   0   0   0   0  0.95 inf
   54 Y   -2 -2 -2 -3 -3 -2 -2 -3  3 -2 -2 -2 -1  3 -3 -2 -1  2  8 -2    0   0   0   0   0   0   0   0   6   0   0   0   0   0   0   0   3   0  91   0  1.01 inf
   55 M   -1 -2 -3 -4 -2 -1 -3 -3 -2  1  2 -2  7  0 -3 -2 -1 -2 -1  0    0   0   0   0   0   0   0   0   0   0   3   0  97   0   0   0   0   0   0   0  0.67 inf
   56 Q   -1  1  0 -1 -4  7  2 -2  0 -3 -3  1 -1 -4 -2  0 -1 -2 -2 -3    0   0   0   0   0 100   0   0   0   0   0   0   0   0   0   0   0   0   0   0  0.89 inf
   57 T    0 -2  0 -1 -1 -1 -1 -2 -2 -1 -2 -1 -1 -3 -1  1  6 -3 -2  0    0   0   0   0   0   0   0   0   0   0   0   0   0   0   0   0 100   0   0   0  0.66 inf
   58 H   -2 -1  0 -2 -3  0 -1 -3  9 -3 -2 -1 -2 -1 -3 -1 -2 -2  2 -3    0   0   0   0   0   0   0   0  91   0   4   0   0   0   0   0   0   0   6   0  1.05 inf
   59 W   -3 -4 -5 -5 -3 -3 -4 -3 -3 -3 -2 -4 -2  0 -5 -4 -3 12  2 -4    0   0   0   0   0   0   0   0   0   0   0   0   0   0   0   0   0 100   0   0  2.84 inf
   60 A    1  1  0 -1 -3  5  1 -2  0 -3 -3  1 -1 -3  0  1 -1 -3 -2 -2   14   6   0   0   0  63   0   0   0   0   0   5   0   0   4   8   0   0   0   0  0.49 inf
   61 N    1 -1  5  0 -2  0 -1  0  0 -3 -3 -1 -1 -3 -2  2  0 -4 -2 -2   18   0  53   0   0   0   0   5   0   0   0   0   4   0   0  20   0   0   0   0  0.42 inf
   62 Y   -2 -2 -3 -4 -3 -2 -3 -4  1 -2 -2 -2 -2  3 -4 -2 -2  2  8 -2    0   0   0   0   0   0   0   0   0   0   0   0   0   0   0   0   0   0 100   0  1.23 inf
   63 M   -2 -2 -3 -4 -2 -1 -3 -3 -2  1  2 -2  8  1 -3 -2 -1 -2 -1  0    0   0   0   0   0   0   0   0   0   0   0   0  96   4   0   0   0   0   0   0  0.72 inf
   64 L   -1  1 -3 -3 -2  0 -2 -3 -2  2  3  0  1  0 -3 -2 -1 -2 -1  2    0  11   0   0   0   4   0   0   0   4  53   6   0   0   0   0   0   0   0  22  0.23 inf
   65 W   -3 -3 -4 -5 -3 -3 -4 -3 -2 -2 -1 -4 -1  5 -4 -3 -3 10  2 -3    0   0   0   0   0   0   0   0   0   0   0   0   0  38   0   0   0  62   0   0  1.74 inf
   66 I   -1 -3 -3 -3 -1 -3 -3 -4 -4  4  1 -3  1 -1 -3 -2  0 -3 -2  4    0   0   0   0   0   0   0   0   0  47   0   0   0   0   0   0   6   0   0  46  0.40 inf
   67 N    0  1  3  2 -2  0  1 -2 -1  0 -1  1 -1 -2 -2  0  0 -4 -2  1    8   6  22  13   0   0   6   0   0   0   0  13   0   0   0   0   0   0   0  31  0.14 inf
   68 K   -1  3  1 -1 -4  1  2 -2 -1 -3 -3  4 -2 -4 -2  0 -1 -3 -2 -3    0  20   6   0   0   0  13   0   0   0   0  61   0   0   0   0   0   0   0   0  0.52 inf
   69 K   -1  3  0  1 -4  3  1 -2 -1 -3 -3  4 -2 -4 -2  0 -1 -3 -2 -3    0  12   0   6   0  24   4   0   0   0   0  53   0   0   0   0   0   0   0   0  0.50 inf
   70 I   -1 -3 -3 -3 -1 -3 -3 -4 -3  4  1 -3  2 -1 -3 -2  1 -3 -2  2    0   0   0   0   0   0   0   0   0  71   0   0   6   0   0   0  15   0   0   8  0.37 inf
   71 D    1  2  1  3 -3  0  1  0 -1 -3 -3  2 -2 -3 -2  0 -1 -4 -3 -2   19  15   8  31   0   0   3   4   0   0   0  19   0   0   0   0   0   0   0   0  0.32 inf
   72 A    3  1 -1 -2 -2  0  0 -1 -1 -2 -1  3 -1 -3 -1  1 -1 -3 -2 -1   44   4   0   0   0   0   0   0   0   0   6  42   0   0   0   4   0   0   0   0  0.28 inf
   73 L   -2 -3 -4 -4 -2 -3 -3 -4 -3  1  5 -3  2  0 -3 -3 -2 -2 -1  1    0   0   0   0   0   0   0   0   0   0 100   0   0   0   0   0   0   0   0   0  0.61 inf
   74 G    0 -3 -1 -2 -3 -2 -3  6 -3 -4 -4 -2 -3 -4 -3 -1 -2 -3 -4 -4    0   0   0   0   0   0   0 100   0   0   0   0   0   0   0   0   0   0   0   0  1.22 inf
   75 R   -2  7 -1 -2 -4  1 -1 -3 -1 -4 -3  2 -2 -3 -3 -1 -2 -3 -2 -3    0 100   0   0   0   0   0   0   0   0   0   0   0   0   0   0   0   0   0   0  1.00 inf
   76 T    2 -2 -1 -2 -2 -1 -1 -1 -2 -2 -2 -1 -2 -3  5  1  3 -3 -2 -1   27   0   0   0   0   0   0   0   0   0   0   0   0   0  38   3  32   0   0   0  0.69 inf
   77 P    1 -2 -2 -2 -3 -1  0  0 -2 -3 -3 -1 -3 -4  7 -1 -1 -4 -3 -2   16   0   0   0   0   0   6   8   0   0   0   0   0   0  70   0   0   0   0   0  1.34 inf
   78 V    0 -2  4 -1 -2 -1 -1 -2 -1  0 -1 -1 -1 -2 -2  0  3 -3 -2  2    5   0  35   0   0   0   0   0   0   0   0   0   0   0   0   0  29   0   0  31  0.25 inf
   79 V    0 -2 -2 -1 -1 -2 -2 -3 -3  2  0 -2  0 -2 -2  0  2 -3 -2  4    0   0   0   3   0   0   0   0   0   0   0   0   0   0   0   6  18   0   0  72  0.29 inf
   80 G    2 -1  4  0 -2 -1 -1  3 -1 -3 -3 -1 -2 -3 -2  1  0 -3 -2 -2   38   0  35   0   0   0   0  23   0   0   0   0   0   0   0   4   0   0   0   0  0.39 inf
   81 D   -2 -2  1  7 -4 -1  1 -2 -2 -4 -4 -1 -4 -4 -2 -1 -2 -5 -4 -4    0   0   0 100   0   0   0   0   0   0   0   0   0   0   0   0   0   0   0   0  1.16 inf
   82 Y   -2 -2 -3 -4 -3 -2 -3 -4  1 -2 -2 -2 -2  3 -4 -2 -2  2  8 -2    0   0   0   0   0   0   0   0   0   0   0   0   0   0   0   0   0   0 100   0  1.23 inf
   83 T    0  2  2 -1 -2  0 -1 -1 -1 -2 -2  0 -1 -3 -2  2  3 -3 -2 -1    3  22  15   0   0   0   0   0   0   0   0   0   0   0   0  22  38   0   0   0  0.33 inf
   84 R    1  5  1 -2 -3  0 -1 -2 -1 -3 -2  1 -2 -2 -2  0 -1 -2  1 -2   25  57   8   0   0   0   0   0   0   0   0   0   0   0   0   3   0   0   7   0  0.41 inf
   85 L   -1 -3 -4 -4 -1 -3 -3 -4 -3  3  3 -3  1  0 -3 -3 -1 -2 -1  3    0   0   0   0   0   0   0   0   0  23  52   0   0   0   0   0   0   0   0  25  0.40 inf
   86 G    0 -3 -1 -2 -3 -2 -3  6 -3 -4 -4 -2 -3 -4 -3 -1 -2 -3 -4 -4    0   0   0   0   0   0   0 100   0   0   0   0   0   0   0   0   0   0   0   0  1.22 inf
   87 A    5 -2 -2 -2 -1 -1 -1  0 -2 -2 -2 -1 -1 -3 -1  1  0 -3 -2 -1  100   0   0   0   0   0   0   0   0   0   0   0   0   0   0   0   0   0   0   0  0.57 inf
   88 E    0 -1 -1  1 -4  2  6 -2 -1 -4 -3  0 -2 -4 -2  0 -1 -3 -3 -3    6   0   0   0   0   0  94   0   0   0   0   0   0   0   0   0   0   0   0   0  0.83 inf
   89 I   -2 -4 -4 -4 -2 -3 -4 -4 -4  5  1 -3  1 -1 -3 -3 -1 -3 -2  2    0   0   0   0   0   0   0   0   0 100   0   0   0   0   0   0   0   0   0   0  0.60 inf
   90 G    0 -3 -1 -2 -3 -2 -3  6 -3 -4 -4 -2 -3 -4 -3 -1 -2 -3 -4 -4    0   0   0   0   0   0   0 100   0   0   0   0   0   0   0   0   0   0   0   0  1.22 inf
   91 R   -2  6 -1 -2 -4  1  0 -3 -1 -4 -3  2 -2 -3 -3 -1 -2 -3 -2 -3    0  94   0   0   0   0   0   0   0   0   0   6   0   0   0   0   0   0   0   0  0.93 inf
   92 R   -2  7 -1 -2 -4  1 -1 -3 -1 -4 -3  2 -2 -3 -3 -1 -2 -3 -2 -3    0 100   0   0   0   0   0   0   0   0   0   0   0   0   0   0   0   0   0   0  1.00 inf
   93 I   -1 -3 -4 -4 -1 -3 -3 -4 -4  5  1 -3  1 -1 -3 -3 -1 -3 -2  3    0   0   0   0   0   0   0   0   0  74   0   0   0   0   0   0   0   0   0  26  0.49 inf
   94 D   -2 -2 -1  4 -4 -1  0 -2 -2 -3 -4 -1 -3 -4  7 -1 -1 -4 -4 -3    0   0   0  37   0   0   0   0   0   0   0   0   0   0  63   0   0   0   0   0  1.37 inf
   95 M   -2 -2 -3 -4 -2 -2 -3 -4 -3  2  3 -2  5  0 -3 -2 -1 -2 -1  1    0   0   0   0   0   0   0   0   0   6  49   0  45   0   0   0   0   0   0   0  0.47 inf
   96 A    0 -1  0  3 -3  2  4 -1 -1 -2 -3  0 -2 -3 -2  0 -1 -3 -2 -1    7   0   0  16   0  13  50   4   0   0   0   0   0   0   0   0   0   0   0  10  0.42 inf
   97 Y   -1 -3 -3 -4 -2 -2 -3 -4 -1  2  1 -3  0  2 -3 -2 -1  0  4  2    0   0   0   0   0   0   0   0   0  19  14   0   0  10   0   0   0   0  27  30  0.32 inf
   98 F   -1 -2  0 -2 -2 -2 -2 -2 -2 -1 -1 -2  1  4 -2  0  4 -1  1 -1    0   0   4   0   0   0   0   0   0   0   0   0   6  37   0   0  53   0   0   0  0.36 inf
   99 Y   -2 -2 -3 -4 -3 -2 -3 -4  1 -2 -2 -2 -2  3 -4 -2 -2  2  8 -2    0   0   0   0   0   0   0   0   0   0   0   0   0   0   0   0   0   0 100   0  1.23 inf
  100 D    0 -1  3  1 -2  0  0 -1 -1 -3 -3  0 -2 -3  3  3  0 -4 -2 -3    0   0  28   4   0   0   0   0   0   0   0   5   0   0  13  50   0   0   0   0  0.46 inf
  101 F   -3 -3 -4 -4 -3 -4 -4 -4 -2  1  0 -4  0  7 -4 -3 -2  0  2  0    0   0   0   0   0   0   0   0   0  13   0   0   0  87   0   0   0   0   0   0  0.84 inf
  102 L   -2 -2 -4 -4 -2 -2 -3 -4 -3  1  4 -3  3  0 -3 -3 -1 -2 -1  1    0   0   0   0   0   0   0   0   0   0  89   0  11   0   0   0   0   0   0   0  0.55 inf
  103 K   -1 -1 -1 -2 -2 -1 -1 -3 -2  2  0  2  0 -2 -2  0  0 -3 -2  3    0   0   3   0   0   0   0   0   0  13   0  24   0   0   0  10   0   0   0  50  0.17 inf
  104 D   -1  4  2  0 -3  0  0  2 -1 -4 -3  2 -2 -3 -2 -1 -1 -3 -2 -3    0  50  14   4   0   0   0  19   0   0   0  13   0   0   0   0   0   0   0   0  0.47 inf
  105 K   -2  6 -1 -2 -4  0 -1 -3  0 -3 -2  2 -2 -1 -3 -1 -2 -2  2 -3    0  83   0   0   0   0   0   0   0   0   0   4   0   0   0   0   0   0  13   0  0.76 inf
  106 N   -2  0  6  1 -3  0 -1 -1  2 -3 -3  1 -2 -3 -2  0 -1 -4 -2 -2    0   0  82   0   0   0   0   0   4   0   0  10   0   0   0   0   0   0   0   4  0.71 inf
  107 M   -2 -2 -3 -4 -2 -2 -3 -4 -3  2  3 -2  5  0 -3 -2 -1 -2 -1  1    0   0   0   0   0   0   0   0   0   9  49   0  43   0   0   0   0   0   0   0  0.46 inf
  108 I   -2 -3 -4 -4 -2 -3 -4 -4 -4  5  2 -3  1  0 -3 -3 -1 -3 -2  2    0   0   0   0   0   0   0   0   0  87  13   0   0   0   0   0   0   0   0   0  0.52 inf
  109 P   -1 -3 -3 -2 -3 -2 -2 -3 -3 -3 -4 -2 -3 -4  8 -1 -2 -4 -4 -3    0   0   0   0   0   0   0   0   0   0   0   0   0   0 100   0   0   0   0   0  2.23 inf
  110 K   -1  3  0 -1 -3  2  1 -2 -1 -3 -3  4 -2 -3  1  0  0 -3 -2 -3    0  21   0   0   0   7   4   0   0   0   0  55   0   0   5   3   4   0   0   0  0.47 inf
  111 Y   -3 -3 -4 -4 -3 -2 -3 -3 -1 -2 -1 -3  1  2 -4 -3 -3 10  5 -2    0   0   0   0   0   0   0   0   0   0   0   0   8   0   0   0   0  56  37   0  1.58 inf
  112 L   -2  5 -1 -2 -3  0 -1 -3  1 -1  1  2  1 -2 -3 -1 -1 -3 -2  0    0  58   0   0   0   0   0   0   4   0  17   6   8   0   0   0   0   0   0   7  0.38 inf
  113 P   -1 -1 -2 -2 -3  3  0  0 -2 -3 -3 -1 -2 -4  7 -1 -1 -4 -3 -3    0   0   0   0   0  27   0   7   0   0   0   0   0   0  66   0   0   0   0   0  1.31 inf
  114 Y   -2 -2 -3 -4 -3 -2 -3 -4  1 -2 -2 -2 -1  3 -4 -2 -2  2  8 -2    0   0   0   0   0   0   0   0   0   0   0   0   0   4   0   0   0   0  96   0  1.18 inf
  115 M   -2 -2 -3 -4 -2 -1 -3 -3 -2  1  2 -2  8  0 -3 -2 -1 -2 -2  0    0   0   0   0   0   0   0   0   0   0   0   0 100   0   0   0   0   0   0   0  0.78 inf
  116 E    3  1 -1 -1 -2  0  2  2 -1 -3 -2  0 -2 -3 -1  0 -1 -3 -2 -1   49  12   0   0   0   0  20  19   0   0   0   0   0   0   0   0   0   0   0   0  0.31 inf
  117 E    0  2  2  2 -3  1  2 -2 -1 -2 -2  2 -2 -3 -2  0 -1 -3 -2 -1    8  14  15  11   0   5  23   0   0   0   0  14   0   0   0   0   0   0   0  11  0.25 inf
  118 I   -2 -3 -4 -4 -2 -3 -3 -4 -3  3  4 -3  2  0 -3 -3 -1 -2 -1  2    0   0   0   0   0   0   0   0   0  30  65   0   0   0   0   0   0   0   0   4  0.45 inf
  119 N   -2 -1  4 -1 -2 -1 -2 -2 -1  0  2 -1  4 -1 -3 -1 -1 -3 -2  0    0   0  40   0   0   0   0   0   0   4  23   0  33   0   0   0   0   0   0   0  0.29 inf
  120 R    3  3  0 -2 -1  0 -1  0 -1 -2 -2  0 -1 -3 -2  1  0 -3 -2 -1   53  27   4   0   0   0   0   5   0   0   0   0   0   0   0  11   0   0   0   0  0.31 inf
  121 M   -1  2 -1 -2 -3  0 -1 -3 -1 -1  1  3  4 -1 -2 -1 -1 -3 -2 -1    0  14   0   0   0   0   0   0   0   0  14  41  31   0   0   0   0   0   0   0  0.27 inf
  122 R   -2  6 -1 -2 -4  0 -1 -3  1 -3 -3  1 -2 -3  3  0 -1 -3 -2 -3    0  77   0   0   0   0   0   0   5   0   0   0   0   0  14   4   0   0   0   0  0.73 inf
  123 P    1 -2 -2 -2 -1 -1 -2 -2 -3  1 -1  0 -1 -2  4  0  0 -3 -2  2   19   0   0   0   0   0   0   0   0   0   0   6   0   0  26   6   0   0   0  43  0.37 inf
  124 A    2  1 -1  0 -2  2  3  0 -1 -3 -3  0 -2 -3 -1  0 -1 -3 -2 -2   34  10   0   0   0  12  38   6   0   0   0   0   0   0   0   0   0   0   0   0  0.34 inf
  125 D   -2 -2  2  7 -4 -1  1 -2 -1 -4 -4 -1 -4 -4 -2 -1 -1 -5 -4 -4    0   0   4  96   0   0   0   0   0   0   0   0   0   0   0   0   0   0   0   0  1.11 inf
  126 V   -1 -3 -4 -4 -2 -3 -4 -4 -4  5  2 -3  1 -1 -3 -3 -1 -3 -2  3    0   0   0   0   0   0   0   0   0  80   4   0   0   0   0   0   0   0   0  16  0.50 inf
  127 P   -1 -3 -2 -2 -3 -2  0 -3 -3 -3 -4 -1 -3 -4  8 -1 -2 -4 -4 -3    0   0   0   0   0   0   4   0   0   0   0   0   0   0  96   0   0   0   0   0  2.09 inf
  128 V   -1 -3 -3 -3 -1 -3 -3 -4 -4  3  1 -3  0 -1 -3 -2  1 -3 -2  4    0   0   0   0   0   0   0   0   0  14   0   0   0   0   0   0   6   0   0  80  0.43 inf
  129 K   -1  4  0  1 -3  2  1 -2 -1 -3 -3  3 -2 -3 -2  0 -1 -3 -2 -3    0  34   0  11   0   6   6   0   0   0   0  35   0   0   0   8   0   0   0   0  0.44 inf
  130 Y   -2 -2 -2 -3 -3 -2 -2 -3  2 -2 -1 -2 -1  3 -3 -2 -2  2  7 -1    0   0   0   0   0   0   0   0   0   0   0   0   0   0   0   0   0   0 100   0  0.93 inf
  131 M   -1 -1 -2 -3 -2  0 -2 -3 -2  1  2 -1  6  0 -3 -2 -1 -2 -1  1    0   0   0   0   0   0   0   0   0   0   0   0 100   0   0   0   0   0   0   0  0.33 inf

                      K         Lambda
Standard Ungapped    0.1419     0.3270
Standard Gapped      0.0448     0.2670
PSI Ungapped         0.1461     0.3139
PSI Gapped           0.0448     0.2670
