
Last position-specific scoring matrix computed, weighted observed percentages rounded down, information per position, and relative weight of gapless real matches to pseudocounts
           A  R  N  D  C  Q  E  G  H  I  L  K  M  F  P  S  T  W  Y  V   A   R   N   D   C   Q   E   G   H   I   L   K   M   F   P   S   T   W   Y   V
    1 Q   -1  1  0  0 -3  6  2 -2  0 -3 -2  1 -1 -3 -1  0 -1 -2 -2 -2    0   0   0   0   0 100   0   0   0   0   0   0   0   0   0   0   0   0   0   0  0.70 inf
    2 G   -1 -2 -2 -2 -2 -1  0  2 -2  0  3 -2  2 -1 -3 -2 -1 -2 -2  0    0   0   0   0   0   0  10  24   0   0  56   0  11   0   0   0   0   0   0   0  0.23 inf
    3 T    0  0  0 -1 -2 -1  1 -2 -2  0 -1 -1 -1 -2 -2  2  4 -3 -2  0    0   5   0   0   0   0  10   0   0  12   0   0   0   0   0  28  44   0   0   0  0.31 inf
    4 Q   -1  1  3  0 -3  1  4 -1 -1 -3 -3  0 -2 -3 -2  2  1 -4 -3 -3    0   7  18   0   0   3  39   3   0   0   0   0   0   0   0  23   8   0   0   0  0.45 inf
    5 N   -1  0  5  3 -3  0  1 -2 -1 -3 -3  0  0 -4 -2  1 -1 -4 -3 -3    5   5  47  18   0   0   6   0   0   0   0   5   5   0   0   8   0   0   0   0  0.55 inf
    6 P    0  1  2 -1 -3 -1 -1 -2 -1  0 -1  1 -1  0  3  0  0 -3 -2 -1    5   9  19   0   0   0   0   0   0  11   3  13   0   6  20   9   6   0   0   0  0.27 inf
    7 S    2  0  2  1  0  0  0  1 -1 -1 -2  0 -2 -3  1  1  0 -3 -2 -2   23   4  13   7   2   3   5  10   0   4   0   7   0   0   6  12   5   0   0   0  0.19 inf
    8 S    2  1 -1  0 -2  0  2  0 -2 -3 -2 -1  0 -1  1  3  0 -3 -2 -2   22  11   0   3   0   0  15   5   0   0   0   0   5   4   6  31   0   0   0   0  0.26 inf
    9 E    0  1  0  2 -3  1  3 -2  1 -3 -3  0 -2 -3  3  0 -1 -3  0 -2    8  12   3  12   0   5  23   0   5   0   0   2   0   0  17   7   0   0   3   3  0.36 inf
   10 G    0 -1  2  3 -3  0  1  1  0 -3 -3  0 -2 -2  2  1 -1 -3 -2 -3   11   2  12  20   0   4   7  10   3   0   0   4   0   3  13  11   0   0   0   0  0.30 inf
   11 S    0  1  1 -1 -2  0  1  0  0 -1 -2  1 -1 -3 -1  2  2 -3 -2 -1    6  12   5   0   0   2  10   6   2   7   0   7   0   0   1  22  15   0   0   4  0.16 inf
   12 C   -2  1  3  3 -1  1  1  0  2 -3 -3  1 -2 -3  1  0  0 -4 -2 -3    0  10  22  19   1   5   6   4   8   0   0  12   0   0   7   3   3   0   0   0  0.35 inf
   13 R    0  4  0 -1 -3  2  0  0  1 -3 -3  2 -2 -3  0  0  0 -3 -2 -2    6  32   5   0   0   8   2   5   5   0   0  18   0   0   3   7   6   0   0   2  0.35 inf
   14 F   -2  3 -2 -3 -3 -1 -2 -3  1  1  0  1 -1  2  3 -2 -2 -2  1 -1    0  21   0   0   0   1   0   0   3  16  11   9   0  14  19   0   0   0   6   0  0.32 inf
   15 S   -1 -2 -2 -2 -2 -2 -2 -1 -3  3  1  0  0 -2 -2  2  1 -3 -2  1    0   0   0   0   0   0   0   5   0  35  10   8   0   0   0  24  10   0   0   6  0.19 inf
   16 V    1 -3 -3 -3 -2 -3 -3  0 -3  3  0 -3  0 -2 -3 -1  0 -3 -2  4   19   0   0   0   0   0   0   7   0  18   4   0   0   0   0   0   3   0   0  48  0.37 inf
   17 V   -1 -3 -3 -4  0 -3 -3 -4 -4  4  1 -3  0 -2 -3 -2  2 -3 -2  3    0   0   0   0   2   0   0   0   0  33  10   0   0   0   0   0  22   0   0  33  0.49 inf
   18 I   -1 -3 -1 -3 -2 -2 -3 -3 -3  2  2 -2  0  2 -3 -1  3 -2 -1  2    0   0   4   0   0   0   0   0   0  14  20   0   1  12   0   0  33   0   0  15  0.30 inf
   19 S    0  0 -1 -2 -2 -1 -2 -2 -2 -3 -4 -1 -3 -4 -2  5  2 -4 -3 -3    0   6   0   0   0   0   0   0   0   0   0   0   0   0   0  80  14   0   0   0  0.91 inf
   20 T    0  4  0 -2 -3 -1 -1 -1 -2 -3 -3  0 -1 -3  2  2  1 -4 -3 -1    4  35   4   0   0   0   2   4   0   0   0   0   2   0  11  25  11   0   0   4  0.39 inf
   21 S    0 -2 -1 -2 -2 -1 -2  0  3 -3 -4 -2 -3 -1 -2  5  0 -4 -2 -2    3   0   0   0   0   0   0   4  10   0   0   0   0   3   0  79   0   0   0   2  0.81 inf
   22 E   -2 -2 -1  1 -5  0  5 -3  6 -5 -4 -1 -3 -4 -3  0 -2 -4 -2 -4    0   0   0   4   0   0  58   0  32   0   0   0   0   0   0   6   0   0   0   0  1.07 inf
   23 K    1  0  1  0 -2  2  0 -2 -1 -3 -3  3 -2 -3 -2  2  2 -4 -3 -2   12   1   5   2   0  13   3   0   0   0   0  23   0   0   0  27  14   0   0   0  0.35 inf
   24 E    0  0  2  2 -3  1  2  1 -1 -3 -3  1 -2 -4  0  1  0 -3 -3 -3    8   3  10  12   0   9  13  14   0   0   0   8   0   0   5  17   2   0   0   0  0.29 inf
   25 T    1 -1  1  3 -3  0  1 -2 -2 -2 -2  2 -2 -3  0  0  1 -4 -3 -2   20   0   4  23   0   0  11   0   0   0   3  15   0   0   3   4  14   0   0   1  0.29 inf
   26 I   -1 -4 -4 -4 -2 -3 -4 -4 -3  4  0 -3  0 -1 -4 -3 -1 -3  2  4    4   0   0   0   0   0   0   0   0  38   2   0   0   0   0   0   0   0   8  49  0.67 inf
   27 K   -1  0  0 -2 -3  1 -1 -1 -2  1  1  4  1 -2 -2 -1 -1 -3 -2  1    0   0   4   0   0   7   0   4   0   7  19  40   3   0   0   0   2   0   0  14  0.23 inf
   28 G    1  1  1  1 -3  3  3 -1 -1 -3 -3  0 -2 -4 -2  2  0 -3 -3 -3   10   7   7   6   0  21  20   4   0   0   0   2   0   0   0  18   6   0   0   0  0.35 inf
   29 A    2  1 -2 -2  1  0 -1 -2 -1  0  0  1  0  1 -2  0 -1 -3 -1  1   28  11   0   0   4   3   2   0   1   5   8  10   3   7   0   4   0   0   0  13  0.10 inf
   30 L    0 -3 -4 -4 -2 -3 -4 -4 -3  2  4 -3  1  2 -3 -3 -2 -2 -1  2    8   0   0   0   0   0   0   0   0  11  50   0   0  12   0   0   0   0   0  19  0.47 inf
   31 S    0  1  0  1 -2  1  1 -1 -1 -1  0  1 -1 -2 -2  1  0 -3 -2 -1    8  10   5  12   0   6   6   1   0   4  14   9   0   0   0  15   4   0   0   4  0.11 inf
   32 H    1  2  2  3 -3  0  1 -2  0 -3 -3  1 -2 -3 -1  1  0 -4 -3 -3   17  15  15  19   0   0  11   0   2   0   0   6   0   0   1  10   4   0   0   0  0.33 inf
   33 V    0 -2 -2 -3  1  0 -2 -3 -2  1  2 -1  2 -1 -2 -1 -1 -2 -2  2   11   1   0   1   4   5   1   1   0   4  32   4  10   0   1   1   2   0   0  22  0.20 inf
   34 C    0 -2  1  1  4 -1  0  1 -1 -2 -1  0 -1  1  0  1 -1 -2  1 -2    4   1   7  11  15   2   4  10   0   1   7   5   0  11   3  11   1   0   6   1  0.12 inf
   35 G   -1 -2  1 -1 -4 -1 -2  5 -2 -4 -4 -1 -3 -2  3 -1 -2 -3  2 -4    0   0   9   2   0   3   0  50   0   0   0   4   0   0  16   3   0   0  12   0  0.69 inf
   36 E   -1 -2  0  3 -1 -1  2  0 -1  0 -1 -1 -2  1 -1 -1  0 -2  2 -1    2   0   3  22   2   0  20   6   0   6   3   3   0   8   2   0   8   0  11   6  0.18 inf
   37 R   -1  1  2  1 -3  1  2 -2 -1 -2 -2  0 -2  1  0  1  0 -3 -1 -2    2  11  18   7   0   3  20   1   0   2   2   4   0   9   3  12   6   0   0   0  0.22 inf
   38 I    0 -3 -4 -4  1 -3 -3 -4  0  3  2 -3  0 -1 -3 -2 -1 -3 -2  4    9   0   0   0   4   0   0   0   3  25  17   0   0   0   0   0   0   0   0  42  0.45 inf
   39 F    0 -1 -3 -3  1 -1 -1 -3 -1  2  2 -1  1  3 -3 -2 -1 -2  0  1    6   2   0   0   5   3   5   0   1  14  26   3   3  17   0   0   0   0   2  12  0.16 inf
   40 R   -1  3 -1 -1  0  1  1 -1 -1 -2 -2  0 -1  1  2 -1  2 -1  2 -2    1  23   0   1   2   5   8   3   0   1   1   2   0  10  13   1  18   0  10   1  0.23 inf
   41 A    4 -2 -2 -2 -1 -1 -2  0 -2 -1 -2 -2  0 -3  0  2  0 -3 -2  1   55   0   0   0   0   2   0   6   0   0   0   0   4   0   2  16   0   0   0  15  0.37 inf
   42 A    3 -2 -1 -2 -2 -2 -2  4 -2 -3 -3 -2 -2 -3 -2  2 -1 -3 -3 -2   43   0   2   0   0   0   0  34   0   0   0   0   0   0   0  21   0   0   0   0  0.58 inf
   43 G   -1 -3 -1 -2 -4 -3 -3  6 -3 -5 -5 -3 -4 -4 -3 -1 -1 -4 -4 -4    0   0   0   0   0   0   0  96   0   0   0   0   0   0   0   0   4   0   0   0  1.51 inf
   44 A    5 -2 -2 -3 -1 -2 -2 -1 -3 -2 -2 -2 -2 -3 -2  1 -1 -4 -3 -1   95   0   0   0   0   0   0   0   0   0   0   0   0   0   0   3   0   0   0   2  0.85 inf
   45 G   -1 -3 -1 -2 -4 -3 -3  7 -3 -5 -5 -3 -4 -4 -3 -1 -3 -4 -4 -4    0   0   0   0   0   0   0 100   0   0   0   0   0   0   0   0   0   0   0   0  1.58 inf
   46 Y   -3 -3 -1 -4 -4 -2 -3 -4  5 -3 -2 -3 -2  2 -4 -3 -3  1  8 -3    0   0   3   0   0   0   0   0  17   0   0   0   0   4   0   0   0   0  76   0  1.35 inf
   47 K   -2  1 -1 -2 -4  0  0 -3 -2 -4 -4  7 -3 -4 -2 -1 -2 -4 -3 -3    0   0   0   0   0   0   0   0   0   0   0 100   0   0   0   0   0   0   0   0  1.18 inf
   48 S    1 -2  0 -2  2 -2 -2 -2 -2  2  1 -2  1 -1 -2  0  0 -3 -2  2   20   0   5   0   5   0   0   1   0  14  12   0   5   0   0  10   3   0   0  24  0.15 inf
   49 L   -2 -3 -4 -5 -2 -3 -4 -5 -4  1  5 -3  2  0 -4 -3 -2 -3 -2  0    0   0   0   0   0   0   0   0   0   4  94   0   2   0   0   0   0   0   0   0  0.85 inf
   50 C   -1  0 -2 -2  7  2 -1 -2 -2 -2  0  2  0 -2 -2  0 -1 -2  0 -2    3   5   0   0  34  15   2   0   0   0   8  16   4   0   0   4   2   0   5   0  0.41 inf
   51 V   -1 -3 -3 -4 -2 -3 -3 -4 -3  2  2 -3  2 -1 -3 -2 -1 -3 -2  5    0   0   0   0   0   0   0   0   0   2  20   0   5   0   0   0   0   0   0  69  0.54 inf
   52 I    1 -3 -3 -3 -1 -2 -3 -3 -3  3  2 -2  1  1 -2 -1  0 -2 -1  2   19   0   0   0   0   0   0   0   0  33  17   0   4   5   0   0   3   0   0  18  0.25 inf
   53 L   -1 -1  0  2  0  2  2 -2  0 -1  1 -1  0 -1 -2  0  1 -2 -2 -1    5   0   5  12   2  12  18   0   2   0  27   0   0   3   0   2  10   0   0   0  0.14 inf
   54 G   -1 -1  2  0 -3  0 -1  5  1 -4 -4 -1 -3 -3 -2  0 -1 -3 -3 -3    0   2  14   2   0   4   3  59   4   0   0   3   0   0   0   8   0   0   0   0  0.65 inf
   55 L   -1  0  1  0 -2  1  1 -2 -1  0  1  1  0 -1  0 -1  0 -2 -2 -1    0   4  12   2   0  11  14   0   0   4  26  10   0   3   5   0   8   0   0   0  0.12 inf
   56 A    4 -2 -2 -3 -1 -2 -2 -1 -3  0 -1 -2 -1 -2 -2  0 -1 -3 -2  3   61   0   0   0   0   0   0   0   0   0   0   0   0   0   0   3   0   0   0  32  0.45 inf
   57 D   -1 -1  0  5 -3  0  2 -2  3 -3 -3  0 -3 -3 -2  0  0 -4 -2 -3    3   0   0  56   0   0  10   0  12   0   0   4   0   0   0   5   8   0   0   0  0.66 inf
   58 I    3 -2 -2 -3  1 -2 -2 -1 -2  1  0 -2  0  1 -2  0 -1 -2 -1  2   45   0   0   0   4   0   0   3   0  11  10   0   0   7   0   0   0   0   0  17  0.21 inf
   59 Y   -3 -3 -3 -4 -3 -3 -3 -4  0 -2 -2 -3 -2  3 -4 -3 -3  1  8 -2    0   0   0   0   0   0   0   0   0   0   0   0   0   4   0   0   0   0  91   0  1.60 inf
   60 I   -1 -3 -3 -3 -2 -2 -3 -3 -3  3  3 -3  2 -1 -3 -2 -1 -3 -2  3    4   0   0   0   0   0   0   0   0  24  32   0   5   0   0   0   0   0   0  32  0.38 inf
   61 F   -2 -2 -2 -3 -2 -2 -3 -3  4  0  3 -3  0  5 -3 -2 -2 -1  2 -1    1   0   0   0   0   0   0   1  16   0  41   0   0  34   0   1   0   0   3   0  0.47 inf
   62 S    1 -1  0 -1 -2 -1 -1 -1 -2 -2 -2 -1 -2 -3  2  4  3 -3 -2 -2   11   0   3   0   0   0   0   1   0   0   1   0   0   0   8  52  20   0   0   0  0.46 inf
   63 E   -1  1 -1  0 -3  1  3 -1 -1 -3 -3  3 -2 -3 -1  1  2 -3 -2 -2    1   5   0   0   0   0  28   4   0   0   1  28   0   0   0  12  19   0   0   0  0.35 inf
   64 D    1 -2  1  3 -3 -1 -1  3  0 -3 -3 -1 -3 -3  1  1 -1 -4 -3 -2   15   0   7  23   0   0   0  30   3   0   0   2   0   0   8  10   0   0   0   2  0.39 inf
   65 T    0 -2 -1 -2  2 -2 -2  2 -2  1 -2 -2 -1 -2 -2  2  3 -3 -2  0    3   0   0   0   5   0   0  19   0  15   0   0   0   0   0  27  28   0   0   3  0.28 inf
   66 T   -1 -2 -1 -2  5 -1 -2 -3 -3 -1 -2  1 -2 -3 -2  1  5 -3 -3 -1    0   0   0   0  17   0   0   0   0   4   0  11   0   0   0   7  60   0   0   0  0.61 inf
   67 F   -2 -1 -2 -2 -3 -1 -2 -3 -1 -2 -1  2 -1  5 -2 -1 -2  0  4 -2    1   1   0   1   0   0   1   1   0   1   1  24   0  39   1   6   1   0  23   1  0.49 inf
   68 K    0  3 -1 -2 -4  0  0 -2 -2 -3 -2  5 -1 -4 -2 -1 -2 -4 -3 -3    8  14   0   0   0   0   0   0   0   0   2  74   1   0   0   0   0   0   0   0  0.74 inf
   69 W   -4 -4 -5 -6  2 -4 -5 -4 -4 -4 -3 -5 -3 -1 -5 -4 -4 12  1 -4    0   0   0   0   5   0   0   0   0   0   0   0   0   0   0   0   0  95   0   0  3.36 inf
   70 D   -3 -3  0  7 -5 -1  0 -3 -2 -4 -5 -2 -4 -4 -3 -1 -2 -4  0 -4    0   0   0  95   0   0   0   0   0   0   0   0   0   0   0   0   0   0   5   0  1.46 inf
   71 S   -1 -2 -1 -2  2 -2 -2 -3 -3  2 -1 -2 -1 -2 -2  2  5 -3 -2  0    0   0   0   0   6   0   0   0   0  22   0   0   0   0   0  15  55   0   0   2  0.48 inf
   72 C   -2 -5 -4 -5 10 -4 -5 -4 -5 -3 -3 -5 -3 -4 -4 -2 -2 -4 -4 -2    0   0   0   0 100   0   0   0   0   0   0   0   0   0   0   0   0   0   0   0  2.52 inf
   73 A    5 -2 -2 -3 -2 -2 -2  2 -3 -3 -3 -2 -2 -3 -2  0 -1 -3 -3 -1   83   0   0   0   0   0   0  17   0   0   0   0   0   0   0   0   0   0   0   0  0.75 inf
   74 A    1 -3 -2 -2 -3 -2 -2  2 -3 -3 -4 -2 -3 -4  7 -1 -1 -4 -4 -3   18   0   0   0   0   0   0  18   0   0   0   0   0   0  61   0   3   0   0   0  1.29 inf
   75 H   -2 -1  1  1 -4  3  3 -3  7 -4 -4 -1 -2 -3 -3 -1 -2 -3  0 -4    0   0   5   6   0  19  21   0  49   0   0   0   0   0   0   0   0   0   0   0  0.89 inf
   76 A    6 -2 -3 -3 -1 -2 -2 -1 -3 -2 -3 -2 -2 -3 -2  0 -1 -4 -3 -1  100   0   0   0   0   0   0   0   0   0   0   0   0   0   0   0   0   0   0   0  0.95 inf
   77 I   -2 -4 -4 -4 -2 -3 -4 -5 -4  6  1 -3  2 -1 -4 -3 -1 -3 -2  2    0   0   0   0   0   0   0   0   0  78   7   0   4   0   0   0   0   0   0  11  0.76 inf
   78 L   -2 -3 -4 -4 -2 -3 -4 -4 -3  2  5 -3  1  1 -4 -2 -2 -2 -1  0    0   0   0   0   0   0   0   0   0   7  84   0   0   5   0   5   0   0   0   0  0.67 inf
   79 R    0  5 -1 -2 -3  0  0 -1  2 -3 -1  2 -1 -3 -2  0 -1 -3 -2 -2    9  50   2   0   0   0   4   5   7   0   9  10   0   0   0   3   1   0   0   0  0.42 inf
   80 A    4 -2 -1 -2 -1 -1 -1  0 -2 -2 -3 -1 -2 -3 -2  3  0 -3 -3 -1   63   0   0   0   0   0   0   5   0   0   0   0   0   0   0  30   3   0   0   0  0.57 inf
   81 M   -2 -1 -2 -3 -2  1 -2 -4 -2  1  3 -2  4 -1 -3 -2 -1 -2 -2  1    0   3   2   0   0  10   0   0   0   5  44   0  25   0   0   0   2   0   0   9  0.38 inf
   82 G   -1 -3  0  0 -4 -2 -3  6 -1 -5 -5 -2 -4 -4 -3 -1 -2 -4 -4 -4    0   0   2   5   0   0   0  89   2   0   0   2   0   0   0   0   0   0   0   0  1.27 inf
   83 G   -1 -3 -2 -2 -3 -3 -3  6 -3 -2 -4 -3 -3 -4 -3 -1 -2 -4 -4 -1    0   0   0   0   0   0   0  92   0   3   0   0   0   0   0   0   0   0   0   5  1.30 inf
   84 G    0  0  0  2 -3  0  0  3 -2 -3 -2  1 -1 -3  0  0 -1 -3 -3 -3    6   2   1  20   0   4   3  33   0   0   2  13   1   0   4   5   3   0   0   0  0.32 inf
   85 M   -2 -3 -3 -4 -2 -2 -3 -4 -3  3  3 -3  5 -1 -3 -2 -1 -2 -2  2    0   0   0   0   0   0   0   0   0  19  27   0  32   0   0   0   0   0   0  20  0.47 inf
   86 V    0 -2 -2 -2 -1 -2 -2 -3  0  1  1 -2  0  1 -2  0  2 -2 -1  2    3   0   0   0   0   0   0   1   4   6  20   0   0   8   0   4  26   0   0  26  0.18 inf
   87 D   -2 -1  2  6 -3 -1  1 -2 -1 -3 -3 -1 -3 -4 -2  0  0 -4 -3 -2    1   4   8  66   0   0   7   1   0   0   1   0   0   0   0   3   6   0   0   2  0.80 inf
   88 L   -2 -2 -3 -3 -2 -2 -3 -3 -2  2  3 -3  2  3 -1 -2 -2 -1  2  1    1   0   0   0   0   0   0   1   0  10  48   0   8  13   3   1   0   0  11   4  0.35 inf
   89 K    0  1  0  0 -3  2  2 -1  1 -2 -2  2 -2 -3 -1  0  0  2 -1 -2   11   8   3   5   0  10  13   4   5   0   1  24   0   0   0   4   5   3   0   2  0.22 inf
   90 E    1 -1  1  2 -3  1  1  3 -1 -3 -3  1 -2 -3 -2  0 -1 -3 -3 -3   15   0   8  14   0   8  13  29   0   0   0  10   0   0   0   2   0   0   0   0  0.34 inf
   91 C    1 -1  2  0  4 -1 -1 -1 -1 -2 -2 -1 -1 -1 -1  2  1 -2  0 -1   17   1  16   3  16   1   1   2   0   1   2   1   0   3   1  19   7   0   5   1  0.20 inf
   92 L   -1  0 -2 -1  1 -1 -2 -2 -2  2  2 -1  2 -1 -2 -1  0 -2 -1  1    2   6   1   3   4   1   2   2   1  13  33   1   6   1   1   2   7   0   1  12  0.12 inf
   93 E    1  1  0  0 -2  2  2 -1  0 -2 -2  2 -1 -2 -1  1  0 -2 -1 -1   15   5   3   5   1  11  19   2   2   2   3  16   1   1   2   8   2   0   1   2  0.19 inf
   94 R    0  2  0 -1  1  1  1 -1 -1 -1  0  0  0  0 -1  0 -1 -1 -1 -1    5  17   4   2   4   8  14   2   1   2  15   2   1   5   2   8   2   0   1   5  0.07 inf
   95 N   -1  0  3  0 -2  3  0  0  0 -1 -1  1 -1 -1 -1  1  0 -2 -1 -1    2   2  22   2   1  21   2   5   1   4   9   8   1   3   2  12   2   0   1   2  0.17 inf
   96 P    0  0  1  1 -2  0  0  0 -1 -1 -1  1 -1 -2  3  0  1 -2 -1 -1    5   6   8   8   1   1   2   9   1   4   5  11   1   1  16   5  10   0   1   6  0.15 inf
   97 D    1 -1  0  2 -1  1  1  0 -1 -1 -1  0 -1 -1  0  0  1 -1  0  0   15   2   4  13   1   5  13   4   1   2   3   5   1   1   4   6   8   0   6   7  0.10 inf
   98 T    0 -1  0  1 -1  0  1 -1 -1  0 -1  0  0 -2 -1  1  1 -2 -1  1    7   1   1  13   1   3  10   3   1   8   2   4   2   1   1  11  15   0   1  15  0.08 inf
   99 G    0 -1  0 -1 -2 -1 -1  3  0 -2 -1 -1 -1  0  2  0  0 -1  1 -2    4   1   5   1   1   1   3  33   2   1   6   4   1   4  12   3   9   0   7   2  0.24 inf
  100 L   -1 -1 -1 -1 -1  1  0 -2 -1  0  2  0  1  0  1  0 -1 -2 -1  0    2   1   1   4   1   9   3   2   1   5  39   6   4   2   7   8   2   0   1   2  0.11 inf
  101 D    0  0  0  3 -2  0  1 -1 -1 -2 -2  2 -1 -2 -1  2  0 -2 -1 -2    5   5   2  19   1   2   9   3   1   2   3  20   1   1   2  20   2   0   1   2  0.21 inf
  102 L   -1  0  0 -1 -1  1  0 -1  1  0  1 -1  1  0  1 -1 -1 -1  1  0    4   5   6   2   1   7   5   5   4   4  20   2   5   1   8   3   2   0   9   7  0.05 inf
  103 P    0 -1 -1 -1 -2  0  0 -1 -1 -1  0  1 -1 -2  4  0  0 -2 -2 -1    4   2   1   2   1   3   6   4   1   2  15  10   1   1  28   7   6   0   1   4  0.33 inf
  104 Q   -1  0 -1  1 -3  4  2 -2  2 -2 -2  1  0 -2 -1 -1 -1 -2  0 -2    3   3   1  10   0  31  17   2   7   3   2   7   2   1   1   2   1   0   3   3  0.33 inf
  105 L   -2 -2 -1 -2 -2 -2 -2 -3  2  3  3 -2  0 -1  2 -2 -1 -2  0  0    1   1   3   1   0   1   1   1   9  24  37   1   0   1  12   1   1   0   3   1  0.29 inf
  106 V   -1  0  0 -1  2  0 -1 -2 -2  1  1 -1  0 -1 -2  1  1 -2 -1  1    1   5   5   1   6   4   3   1   0  11  16   1   0   1   1  13  15   0   1  14  0.08 inf
  107 Y   -2 -1  0 -3 -3  0 -2 -3  0 -2 -2 -1 -2  1 -3 -2  0  0  7 -2    1   4   5   1   0   3   1   1   0   1   2   3   0   1   1   1   5   0  66   1  1.00 inf
  108 H   -1  0  2 -1 -2 -1 -1  0  6 -2 -2 -1 -2 -1 -2  0 -1 -1  3 -2    6   5  14   3   0   1   1   5  30   3   2   1   0   1   1   8   1   0  16   1  0.42 inf
  109 V   -1  0 -1  0 -2  2  0 -1 -1  0  0  1 -1 -2  1 -1  1 -2 -1  1    3   2   1   5   0  15   1   4   0   2   8  15   0   1   7   1   8   0   2  22  0.09 inf
  110 G    0 -1 -1  2 -2 -1  1  0  1 -1 -1  0 -1 -2  4 -1 -1 -2  0 -1    5   1   1  17   0   1   7   6   5   6   7   4   1   1  27   2   4   0   3   2  0.33 inf
  111 N   -1 -1  3  3  0  0  1 -1  1 -1 -2  0 -1 -2  0  0  0 -2 -2  0    4   1  18  19   2   1   8   2   4   1   2   4   1   1   5   7   6   0   1  13  0.18 inf
  112 E   -1  0  0  2 -2  2  3 -2  0 -2 -2  1 -2 -3  2  0  0 -2 -2 -1    3   3   1  12   0  11  24   2   2   1   2  11   0   1  12   5   5   0   1   4  0.31 inf
  113 G    0  1  0 -1 -2  0  1  2  2 -1 -2  0  0 -2 -1  0  0  1 -1 -1    9   8   3   1   0   4  11  19   9   3   2   3   3   1   1   8   7   3   1   5  0.12 inf
  114 A    1 -1  0  1 -2  0  1 -1 -1 -1 -1 -1 -1 -2  2  0  0 -2  0  0   22   3   6   8   1   1  15   4   1   1   7   2   1   1   9   5   6   0   4   6  0.12 inf
  115 A    1  0 -1 -1  0  1  0  1  1 -1 -2  0 -1 -2  1  2  1 -2  0  0   13   3   1   1   2   8   3  10   4   1   2   4   1   1   6  22   7   0   3   7  0.12 inf
  116 G   -1 -1  0  2 -2 -1  0  4 -1 -2 -2 -1 -2 -2  1  1  0 -2 -2 -2    2   1   3  15   1   1   6  37   1   1   3   2   1   1   8  10   4   0   1   2  0.36 inf
  117 V    2  0 -1  0 -1 -1  0  1 -1  0 -1  0 -1 -2 -1  1  0 -2 -1  1   24   4   2   3   1   1   4   9   1   3   3   6   1   1   2  16   4   0   1  14  0.10 inf
  118 D    0  0  0  4 -2  0  2 -1 -1 -1 -2  0 -2 -2 -1  0  0 -2 -2 -2   11   5   1  38   1   4  11   2   1   3   3   6   1   1   1   5   4   0   1   2  0.32 inf
  119 Q    0  2  0 -1 -2  1 -1 -2  0 -1 -1  2  0 -2  1  0  0  6 -1 -2   10  11   3   1   0   5   1   2   2   3   5  19   2   1   9   5   4  14   1   1  0.26 inf
  120 W   -2 -2 -2 -3 -3 -2 -2 -2  1 -1 -1  2 -1  2 -2 -2 -2  9  0 -2    2   1   1   1   0   1   1   2   4   5   7  16   0   9   1   2   1  43   1   1  1.09 inf
  121 A    3  3 -1 -2  2 -1 -1  0 -2 -2 -1  0 -1 -3 -1  1 -1 -3 -2 -1   34  24   3   1   6   0   3   6   0   1   6   1   0   0   3   9   1   0   0   4  0.24 inf
  122 N   -3 -2  8 -1 -4 -2 -2 -2 -1 -5 -5 -2 -4 -5 -4  0 -2 -6 -4 -5    0   0  95   0   0   0   0   0   0   0   0   0   0   0   0   5   0   0   0   0  1.83 inf
  123 K    2  0 -1 -1 -2  2  1 -2  0 -1 -2  2  0 -3 -2  2  1 -3 -2 -1   19   2   0   0   0  10   6   0   2   5   0  22   3   0   0  19   9   0   0   3  0.24 inf
  124 G    0 -2  2  0 -4 -2 -2  5 -3 -4 -4  0 -4 -4 -3 -1 -1  2 -3 -4    4   0  10   6   0   0   0  64   0   0   0   9   0   0   0   0   3   4   0   0  0.89 inf
  125 G   -1 -4 -2 -3  1 -4 -4  7 -4 -5 -5 -3 -4 -5 -4 -2 -3 -4 -5 -5    0   0   0   0   4   0   0  96   0   0   0   0   0   0   0   0   0   0   0   0  1.76 inf
  126 L   -2 -4 -4 -5 -2 -3 -4 -5 -4  3  4 -4  1 -1 -4 -3 -2 -3 -2  2    0   0   0   0   0   0   0   0   0  19  62   0   0   0   0   0   0   0   0  19  0.75 inf
  127 I   -2 -4 -4 -4 -2 -4 -4 -5 -4  5  3 -4  0  1 -4 -3 -2 -3 -2  2    0   0   0   0   0   0   0   0   0  50  31   0   0   4   0   0   0   0   0  14  0.72 inf
  128 A    6 -3 -3 -3 -2 -2 -2  0 -3 -3 -3 -2 -2 -4 -2  1  0 -4 -3 -1   86   0   0   0   0   0   0   3   0   0   0   0   0   0   0   5   3   0   0   3  0.95 inf
  129 Y   -2 -3 -3 -3  2 -2 -3 -3 -1 -1 -2 -3 -2  2 -3  1  1  0  6  1    0   0   0   0   4   0   0   0   0   0   0   0   0   8   0  11  12   0  46  16  0.67 inf
  130 R    0  5 -2 -3  1  0 -2 -3 -2 -2  1  1  1 -2 -3 -1 -2  3 -2 -2    8  51   0   0   5   3   0   0   0   0  15   3   6   0   0   3   0   6   0   0  0.52 inf
  131 S   -1  0  3  4 -1 -1  0 -2 -1 -3 -3  0 -3 -4 -2  3  0 -4 -3 -2    0   5  23  26   1   0   3   0   0   0   2   5   0   0   0  30   2   0   0   3  0.47 inf
  132 E   -1  1 -2  0  1  0  0 -3  0  1  0  1  0 -1  1 -1 -1 -3 -2  1    0   7   0   5   5   3   7   0   2   7  10  15   3   3   8   4   0   0   0  21  0.09 inf
  133 K   -1  1  1  3 -3  3  3 -2 -1 -3 -3  1 -2 -4 -2  1 -1 -4 -3 -1    4   5   8  18   0  16  22   0   0   0   0  10   0   0   0  13   0   0   0   5  0.41 inf
  134 Q   -1  1 -1  1 -3  2  0 -3  4  2 -1  0 -1 -2 -3 -1  1 -3 -1  1    2   7   0   8   0  14   3   0  16  18   0   7   0   0   0   0  12   0   0  13  0.20 inf
  135 L    0 -2 -3 -3 -2 -2 -3 -3  5  1  3 -3  1  0 -3 -2 -2 -3 -1  1    8   0   0   0   0   0   0   0  20   7  48   0   2   2   0   0   0   0   0  11  0.43 inf
  136 E   -1  1  0  3 -4  1  5 -3  1 -2 -2  1 -2 -4 -2 -1 -2 -4 -3 -3    5   6   4  14   0   3  50   0   4   3   4   7   0   0   0   0   0   0   0   0  0.55 inf
  137 T    1  1  1  0 -2  1  2 -2  1 -2 -2  0  0 -2 -2  0  2  3  0 -1   12   6   7   5   0   7  20   0   3   0   0   5   3   0   0   3  17   5   3   2  0.21 inf
  138 F   -1 -3 -4 -4 -2 -3 -3 -4 -2  2  2 -3  0  4 -3 -3 -2 -1  3  2    3   0   0   0   0   0   0   0   0   8  27   0   0  25   0   0   0   0  13  22  0.45 inf
  139 L   -2 -2 -3 -1 -2 -2 -2 -4  0  3  3  0  2  0 -3 -2 -1 -3 -2  1    0   0   0   5   0   0   0   0   4  25  39   8   7   2   0   0   3   0   0   5  0.30 inf
  140 S    1  0  1  1 -3  0  0  1 -2 -3 -3  3 -2 -4 -2  2 -1 -4 -3 -2   15   2   7   9   0   0   4   9   0   0   0  25   0   0   0  26   0   0   0   2  0.32 inf
  141 R    0  1 -1  0 -2  0 -1 -3  1  1  1  2  0 -2 -2 -1 -1 -3 -2  0   10   8   2   5   0   2   2   0   4  15  22  26   0   0   0   0   2   0   0   2  0.13 inf
  142 L   -3 -3 -4 -5 -2 -3 -4 -5 -4  2  5 -4  1  3 -4 -4 -2 -2 -1  1    0   0   0   0   0   0   0   0   0  13  71   0   0  12   0   0   0   0   0   3  0.76 inf
  143 L    2 -2 -2 -3  2 -2 -2 -1 -3  1  0 -1  0 -1  3  0 -1 -3 -2  1   23   0   0   0   5   0   0   3   0  15   9   3   2   3  15   9   0   0   0  14  0.19 inf
  144 Q   -1  1 -1  1 -4  3  3 -1 -1 -4 -3  3 -2 -4  2  0 -1 -4 -3 -3    0   6   0   7   0  17  28   3   0   0   0  26   0   0  10   3   0   0   0   0  0.50 inf
  145 H   -1  1  3  0 -3  3  0 -2  6 -4 -3  2 -2 -3 -2  1 -1 -3 -1 -3    0   5  18   4   0  17   0   0  29   0   0  14   0   0   0  12   0   0   0   0  0.50 inf
  146 L   -2 -3 -4 -4 -2 -3 -3 -4 -3  2  4 -3  1  0 -3 -3 -1 -2 -2  2    0   0   0   0   0   0   0   0   0   8  77   0   0   0   0   0   0   0   0  15  0.53 inf
  147 A    2 -2 -1 -1 -1 -1  0  1 -2 -1 -2 -1 -1 -3  4  1  0 -3 -2  0   35   0   0   0   0   0   7  13   0   0   0   0   0   0  24   9   0   0   0  12  0.38 inf
  148 P    0 -2 -2 -2 -2 -1 -2 -2 -2  0  1 -1  0 -1  6 -1 -1 -3 -2 -1   11   0   0   0   0   0   0   1   0   0  34   0   0   0  50   0   0   0   0   0  0.76 inf
  149 V    0 -2 -2 -3 -1 -1 -2 -2 -2  0  0 -2  2  0 -2  0 -1  8  0  1    7   0   0   0   0   0   0   1   0   0   8   0  12   0   0  10   0  32   0  26  0.50 inf
  150 A    0  0  0  3 -3  1  3  1 -1 -3 -3  1 -2 -3 -1  1 -1 -3 -2 -2    7   0   0  20   0   0  39  11   0   0   0  14   0   0   0  10   0   0   0   0  0.37 inf
  151 T    0 -1  0 -1 -1 -1 -1 -2 -2 -1 -1 -1 -1 -2 -1  1  5 -3 -2  0    0   0   0   0   0   0   0   0   0   0   0   0   0   0   0   0 100   0   0   0  0.53 inf
  152 H   -1  0  0 -1 -3  3  0 -2  6 -2  0  0 -1 -2  3 -1 -1 -2  0 -2    0   0   0   0   0  29   0   0  43   0  13   0   0   0  15   0   0   0   0   0  0.44 inf
  153 T    0 -1  0 -1 -1 -1 -1 -2 -2 -1 -1 -1 -1 -2 -1  1  5 -3 -2  0    0   0   0   0   0   0   0   0   0   0   0   0   0   0   0   0 100   0   0   0  0.52 inf

                      K         Lambda
Standard Ungapped    0.1344     0.3186
Standard Gapped      0.0407     0.2670
PSI Ungapped         0.1335     0.3082
PSI Gapped           0.0407     0.2670
