
Last position-specific scoring matrix computed, weighted observed percentages rounded down, information per position, and relative weight of gapless real matches to pseudocounts
           A  R  N  D  C  Q  E  G  H  I  L  K  M  F  P  S  T  W  Y  V   A   R   N   D   C   Q   E   G   H   I   L   K   M   F   P   S   T   W   Y   V
    1 K   -1  3  0 -1 -4  2  2 -2 -1 -3 -3  4 -2 -4 -2 -1 -1 -3 -2 -3    0  16   0   0   0  10  12   0   0   0   0  63   0   0   0   0   0   0   0   0  0.55 inf
    2 A    0 -3 -3 -4 -1 -3 -3 -3 -4  4  1 -3  0 -1 -3 -2 -1 -3 -2  4   10   0   0   0   0   0   0   0   0  32   0   0   0   0   0   0   0   0   0  58  0.44 inf
    3 V   -1 -1 -2 -2 -2  1 -1 -3 -2  3  1  0  1 -1 -2 -1  2 -3 -2  2    0   0   0   0   0  10   0   0   0  26   5   9   5   0   0   0  20   0   0  24  0.18 inf
    4 I   -2 -3 -4 -4 -2 -3 -4 -4 -4  4  3 -3  3  0 -3 -3 -1 -3 -2  1    0   0   0   0   0   0   0   0   0  49  43   0   8   0   0   0   0   0   0   0  0.53 inf
    5 N   -2 -1  3  6 -4  1  1 -2 -1 -4 -4  0 -3 -4 -2  1 -1 -4 -3 -4    0   0  17  60   0   6   4   0   0   0   0   5   0   0   0   9   0   0   0   0  0.74 inf
    6 G   -1 -3 -1 -2 -3 -3 -3  7 -3 -5 -5 -2 -4 -4 -3 -1 -2 -3 -4 -4    0   0   0   0   0   0   0 100   0   0   0   0   0   0   0   0   0   0   0   0  1.43 inf
    7 E    0  5 -1 -1 -3  1  2 -2 -1 -3 -3  3 -2 -3 -2  1 -1 -3 -2 -3    6  51   0   0   0   0  13   0   0   0   0  16   0   0   0  15   0   0   0   0  0.54 inf
    8 Q    0  1  0  2 -3  2  2 -2 -1 -3 -3  4 -2 -4 -2  0  0 -3 -2 -2    9   0   0  13   0  13  14   0   0   0   0  42   0   0   0   6   4   0   0   0  0.39 inf
    9 I   -2 -3 -4 -4  2 -3 -4 -4 -3  3  1 -3  0  4 -4 -3 -1 -1  1  2    0   0   0   0   6   0   0   0   0  32   6   0   0  35   0   0   0   0   0  21  0.44 inf
   10 R   -1  3 -1 -1 -3  0  1 -1  2 -1 -1  1 -1 -2 -2  0  2 -3 -2 -1    0  26   0   0   0   0  14   5   9   4   8   5   0   0   0   0  28   0   0   0  0.22 inf
   11 S    0 -1  2  2 -2 -1  0 -1 -1 -3 -3 -1 -2 -3 -2  4  1 -4 -3 -2    0   0  14  15   0   0   0   0   0   0   0   0   0   0   0  64   7   0   0   0  0.53 inf
   12 I   -1  1 -1 -1 -3  1  2 -3 -2  1  1  2  0 -2  1 -1  0 -3 -2  0    0   6   0   0   0   6  16   0   0  17  14  27   0   0   6   0   5   0   0   5  0.15 inf
   13 S    1 -1  1  2 -3  1  4  0 -1 -3 -3  0 -2 -4 -2  1 -1 -4 -3 -3   16   0   6  14   0   0  46   5   0   0   0   0   0   0   0  13   0   0   0   0  0.45 inf
   14 D    0  0  1  3 -3  1  2 -2  1 -1 -1 -1  1 -2 -2 -1 -1 -3 -2  1    9   4   5  29   0   5  14   0   6   0   0   0  10   0   0   0   0   0   0  17  0.21 inf
   15 L   -2 -3 -4 -4 -2 -3 -4 -4 -3  1  5 -3  1  2 -4 -3 -2 -2 -1  0    0   0   0   0   0   0   0   0   0   0  92   0   0   8   0   0   0   0   0   0  0.70 inf
   16 H   -3 -1  0 -2 -4 -1 -1 -3  9 -4 -4 -2 -3 -1 -3 -2 -3 -3  3 -4    0   0   0   0   0   0   0   0  91   0   0   0   0   0   0   0   0   0   9   0  1.57 inf
   17 Q   -2  2  2  3 -3  4  1 -2 -1 -3 -3  1 -2 -4 -2  0  1 -3 -3 -3    0  10   8  27   0  30   4   0   0   0   0   9   0   0   0   0  11   0   0   0  0.45 inf
   18 T   -1 -1 -1  0 -2  0  1 -3 -2  3  0  0  0  1 -2 -1  2 -3 -1  1    0   0   0   4   0   6  13   0   0  33   0   8   0   7   0   0  18   0   0   9  0.13 inf
   19 L   -2 -3 -4 -4 -2 -3 -4 -4 -4  3  5 -3  1  0 -4 -3 -2 -2 -2  1    0   0   0   0   0   0   0   0   0  17  83   0   0   0   0   0   0   0   0   0  0.65 inf
   20 K    1  1 -1 -1 -3  1  0 -2 -1 -3 -3  5 -2 -4 -2  1 -1 -4 -2 -2   16   0   0   0   0   6   0   0   0   0   0  70   0   0   0   8   0   0   0   0  0.55 inf
   21 K   -1  3  0  3 -4  2  3 -2 -1 -3 -3  3 -2 -4 -2  0 -1 -4 -2 -3    0  16   0  17   0   6  24   0   0   0   0  28   0   0   0   9   0   0   0   0  0.46 inf
   22 E    2  0 -1  0 -3  4  3 -2 -1 -2 -2  1 -1 -3 -2  0 -1 -3 -2 -1   27   0   0   0   0  31  28   0   0   0   0   9   0   0   0   0   0   0   0   6  0.40 inf
   23 L   -2 -3 -4 -4 -2 -3 -4 -4 -3  1  5 -3  3  0 -4 -3 -2 -2 -2  0    0   0   0   0   0   0   0   0   0   0  92   0   8   0   0   0   0   0   0   0  0.72 inf
   24 A    0 -1  2  4 -3  0  2 -2  1 -3 -3  1 -3 -4  2  0 -1 -4 -2 -3   13   0   8  39   0   0  10   0   6   0   0  15   0   0   9   0   0   0   0   0  0.45 inf
   25 L   -2 -3 -4 -4 -2 -3 -4 -4 -3  0  4 -3  1  5 -4 -3 -2 -1  1  0    0   0   0   0   0   0   0   0   0   0  57   0   0  43   0   0   0   0   0   0  0.66 inf
   26 P   -2 -3 -3 -2 -4 -2 -2  0 -3 -4 -4 -2 -4 -5  8 -2 -2 -5 -4 -3    0   0   0   0   0   0   0   7   0   0   0   0   0   0  93   0   0   0   0   0  2.14 inf
   27 E    0 -2  0  5 -3  0  2  0 -2 -3 -4 -1 -3 -4  1  2 -1 -4 -3 -3    6   0   0  46   0   0  13   6   0   0   0   0   0   0   7  22   0   0   0   0  0.54 inf
   28 Y   -3 -3 -3 -4 -3 -2 -3 -4  3 -2 -2 -3 -2  4 -4 -3 -3  1  8 -2    0   0   0   0   0   0   0   0   6   0   0   0   0  14   0   0   0   0  81   0  1.26 inf
   29 Y   -3 -3 -3 -4 -3 -3 -3 -4  1 -2 -2 -3 -2  3 -4 -3 -3  1  8 -2    0   0   0   0   0   0   0   0   0   0   0   0   0   9   0   0   0   0  91   0  1.45 inf
   30 G   -1 -3 -1 -2 -3 -3 -3  7 -3 -5 -5 -2 -4 -4 -3 -1 -2 -3 -4 -4    0   0   0   0   0   0   0 100   0   0   0   0   0   0   0   0   0   0   0   0  1.43 inf
   31 E    0  2  1  0 -4  1  4 -1  2 -4 -3  2 -2 -3 -2  0 -1 -3 -2 -3    7  13   9   0   0   0  41   4   6   0   0  19   0   0   0   0   0   0   0   0  0.41 inf
   32 N   -3 -1  7  1 -4 -1 -1 -1  0 -4 -5 -1 -3 -4 -3  0 -1 -5 -3 -4    0   0 100   0   0   0   0   0   0   0   0   0   0   0   0   0   0   0   0   0  1.31 inf
   33 L    0 -3 -4 -4 -2 -3 -3 -4 -3  1  5 -3  1  0 -3 -2 -2 -2 -2  0   13   0   0   0   0   0   0   0   0   0  87   0   0   0   0   0   0   0   0   0  0.58 inf
   34 D   -3 -2  2  7 -4 -1  1 -2 -2 -4 -5 -2 -4 -5 -2 -1 -2 -5 -4 -4    0   0   5  95   0   0   0   0   0   0   0   0   0   0   0   0   0   0   0   0  1.33 inf
   35 A    5 -2 -2 -3 -1 -2 -2 -1 -2 -2 -2 -2 -2 -3 -2  0 -1 -3 -3 -1  100   0   0   0   0   0   0   0   0   0   0   0   0   0   0   0   0   0   0   0  0.78 inf
   36 L   -2 -3 -4 -5 -2 -3 -4 -5 -4  1  5 -3  2  0 -4 -3 -2 -2 -2  0    0   0   0   0   0   0   0   0   0   0 100   0   0   0   0   0   0   0   0   0  0.79 inf
   37 W   -4 -4 -5 -6 -4 -3 -4 -4 -4 -4 -3 -4 -3  0 -5 -4 -4 12  1 -4    0   0   0   0   0   0   0   0   0   0   0   0   0   0   0   0   0 100   0   0  3.30 inf
   38 D   -3 -3  1  7 -5 -1  1 -2 -2 -4 -5 -2 -4 -5 -2 -1 -2 -5 -4 -4    0   0   0 100   0   0   0   0   0   0   0   0   0   0   0   0   0   0   0   0  1.42 inf
   39 A    0  0 -3 -4  9 -3 -3 -3 -3 -1 -2 -3 -2 -3 -3  0 -1 -3 -3  1    4   7   0   0  65   0   0   0   0   0   0   0   0   0   0   6   0   0   0  17  1.05 inf
   40 L   -2 -3 -4 -5 -2 -3 -4 -5 -4  1  5 -3  2  0 -4 -3 -2 -2 -2  0    0   0   0   0   0   0   0   0   0   0 100   0   0   0   0   0   0   0   0   0  0.79 inf
   41 T    0 -2 -1 -2 -2 -1 -1 -2 -2 -2 -2 -1 -2 -3 -2  3  5 -3 -2 -1    0   0   0   0   0   0   0   0   0   0   0   0   0   0   0  25  75   0   0   0  0.71 inf
   42 G    0  0 -1 -2 -3 -2 -2  5 -2 -3 -3 -1 -3 -4 -2  0  2 -3 -3 -3    6   7   0   0   0   0   0  65   0   0   0   0   0   0   0   0  22   0   0   0  0.72 inf
   43 W   -3 -2 -1  4 -3 -1  1 -3 -2 -3 -1 -2 -2  2 -3 -2 -2  8  2 -3    0   0   0  35   0   0  11   0   0   0   6   0   0   9   0   0   0  30   9   0  0.82 inf
   44 V   -1 -3 -4 -4 -2 -3 -3 -4 -4  4  1 -3  0 -1 -3 -2  0 -3 -2  4    0   0   0   0   0   0   0   0   0  51   0   0   0   0   0   0   5   0   0  44  0.54 inf
   45 E    0  0  1  2 -3  1  3  1 -1 -4 -3  2 -2 -4  1  0 -1 -4 -3 -3    5   0   6  13   0   6  36  14   0   0   0  14   0   0   7   0   0   0   0   0  0.40 inf
   46 Y   -2  2 -2 -3 -2 -1 -2  0 -1  0  3 -1  4  0 -3 -2 -1 -1  2  0    0  16   0   0   0   0   0   9   0   0  38   0  21   0   0   0   4   0  13   0  0.23 inf
   47 P   -2 -3 -3 -3 -4 -2 -2 -3 -3 -4 -4 -2 -4 -5  8 -2 -2 -5 -4 -3    0   0   0   0   0   0   0   0   0   0   0   0   0   0 100   0   0   0   0   0  2.42 inf
   48 L   -1 -3 -4 -4 -2 -3 -3 -4 -4  3  3 -3  1 -1 -3 -3 -1 -3 -2  3    0   0   0   0   0   0   0   0   0  13  47   0   0   0   0   0   0   0   0  40  0.47 inf
   49 V    0 -1 -1 -1 -2  0  1 -2 -2  0 -1  1 -1 -2 -2  1  4 -3 -2  0    7   0   0   0   0   0  14   0   0   4   5   9   0   0   0   4  47   0   0   8  0.26 inf
   50 L   -2 -3 -4 -4 -2 -3 -4 -4 -4  4  3 -3  1  0 -3 -3 -1 -3 -2  2    0   0   0   0   0   0   0   0   0  44  44   0   0   0   0   0   0   0   0  12  0.51 inf
   51 E   -1  1 -2 -1 -3  0  3 -3 -2  1 -1  0 -1 -2 -2 -1  0 -3 -2  2    0  11   0   0   0   0  41   0   0   9   0   0   0   0   0   0   6   0   0  34  0.28 inf
   52 W   -4 -4 -5 -6 -3 -3 -4 -4 -4 -3  0 -4 -2  0 -5 -4 -4 12  1 -4    0   0   0   0   0   0   0   0   0   0   9   0   0   0   0   0   0  91   0   0  2.87 inf
   53 R   -1  1 -1 -1 -3  0  3 -3 -2  1 -1  2 -1 -2 -2 -1  1 -3 -2  1    0   8   0   0   0   0  30   0   0   9   0  19   0   0   0   0  12   0   0  22  0.22 inf
   54 Q   -2 -1  5  4 -4  1  0 -2  3 -3 -3 -1 -2  2 -3 -1 -1 -3 -1 -3    0   0  42  27   0   8   0   0  11   0   0   0   0  13   0   0   0   0   0   0  0.53 inf
   55 F    0 -3 -3 -4 -3 -3 -3 -3 -2 -1  0 -3 -1  6 -4  0 -2  4  2  0    8   0   0   0   0   0   0   0   0   0   4   0   0  66   0   9   0   7   0   5  0.68 inf
   56 E   -2  1  1  3 -4  4  4 -2 -1 -4 -3  1 -2 -4 -2 -1 -1 -3 -3 -3    0   4   5  14   0  24  48   0   0   0   0   4   0   0   0   0   0   0   0   0  0.64 inf
   57 Q    0  0  1  1 -2  2  2 -2  2 -1 -2  1 -1  0 -2  1  1 -2 -1 -2    7   0   4   5   0  13  15   0   9   5   0  11   0   9   0  13  10   0   0   0  0.16 inf
   58 S    0 -2  0 -1 -2 -1 -1 -1 -2 -3 -3 -1 -2 -3 -2  5  2 -4 -3 -2    0   0   0   0   0   0   0   0   0   0   0   0   0   0   0  91   9   0   0   0  0.76 inf
   59 K   -1  2  1 -1 -4  3  2 -2 -1 -4 -3  5 -2 -4 -2 -1 -1 -4 -2 -3    0   5   4   0   0  14  18   0   0   0   0  59   0   0   0   0   0   0   0   0  0.60 inf
   60 Q   -1  2  0  2 -3  2  3 -1 -1 -2 -3  3 -2 -3 -2 -1  0 -3 -2 -2    0   9   0  12   0   8  23   5   0   5   0  35   0   0   0   0   4   0   0   0  0.35 inf
   61 L    0 -1 -1 -2 -2 -1  0 -2 -1 -1  1  0  2  2 -2  1 -1 -1  2 -1    6   0   0   0   0   0   5   0   0   0  19  11  13  13   0  25   0   0  10   0  0.13 inf
   62 T   -2 -3 -3 -4 -2 -2 -3 -4 -3  1  4 -3  4  0 -3 -2  0 -2 -2  0    0   0   0   0   0   0   0   0   0   0  75   0  17   0   0   0   8   0   0   0  0.56 inf
   63 G   -1 -3 -1 -2 -3 -3 -3  7 -3 -5 -5 -2 -4 -4 -3 -1 -2 -3 -4 -4    0   0   0   0   0   0   0 100   0   0   0   0   0   0   0   0   0   0   0   0  1.43 inf
   64 A    4 -1 -1  2 -2 -1  0 -1 -2 -2 -2  1 -2 -3 -2  0 -1 -4 -3 -1   72   0   0  13   0   0   6   0   0   0   0   9   0   0   0   0   0   0   0   0  0.45 inf
   65 E   -2 -1  1  4 -4  1  5 -3  2 -4 -4  0 -3 -3 -2 -1 -2 -3  1 -3    0   0   5  24   0   0  60   0   6   0   0   0   0   0   0   0   0   0   6   0  0.68 inf
   66 S    1  3  1  2 -2  0  0 -1 -1 -2  0  0 -1 -2 -2  2  0 -3 -2 -2   10  24   6  14   0   0   0   0   0   0  14   0   0   0   0  32   0   0   0   0  0.22 inf
   67 V   -1 -3 -2 -3 -1 -2 -3 -3 -3  2  1 -2  0 -1 -3 -1  2 -2  1  3    0   0   0   0   0   0   0   0   0  15  13   0   0   0   0   0  25   0   5  43  0.28 inf
   68 L    0 -2 -3 -4 -2 -2 -3 -4 -3  1  4 -1  1  0 -3 -2 -1 -2 -2  1    7   0   0   0   0   0   0   0   0   0  75   6   0   0   0   0   0   0   0  12  0.41 inf
   69 Q    0  0  1  1 -3  4  4 -2  0 -3 -3  2 -2 -4 -2  0 -1 -3 -2 -3   12   0   6   5   0  34  33   0   0   0   0  10   0   0   0   0   0   0   0   0  0.49 inf
   70 V   -1 -3 -3 -4 -1 -3 -3 -4 -3  3  3 -3  1  0 -3 -2  1 -3 -2  3    0   0   0   0   0   0   0   0   0  23  41   0   0   0   0   0  10   0   0  26  0.36 inf
   71 F   -3 -3 -4 -4 -3 -4 -4 -4 -2  1  2 -4  0  6 -4 -3 -2  0  2 -1    0   0   0   0   0   0   0   0   0   5  24   0   0  71   0   0   0   0   0   0  0.79 inf
   72 R   -2  4  1 -1 -3  4  0 -3 -1 -2  0  2 -1 -3 -2 -1 -1 -3 -2 -2    0  33   7   0   0  36   0   0   0   0  13  12   0   0   0   0   0   0   0   0  0.45 inf
   73 E   -1  0  0  4 -4  1  4  0 -1 -4 -4  0 -3 -4 -2 -1 -1 -4 -3 -3    6   7   0  39   0   0  43   5   0   0   0   0   0   0   0   0   0   0   0   0  0.62 inf
   74 A    5 -2 -2 -3 -1 -2 -2 -1 -2 -1  0 -2 -1 -2 -2  0 -1 -3 -2  0   81   0   0   0   0   0   0   0   0   0  12   0   0   0   0   0   0   0   0   7  0.46 inf
   75 K   -1  0 -1  0 -3  4  4 -2 -1 -3 -3  2 -2 -4 -2  0  1 -3 -2 -2    0   0   0   0   0  30  43   0   0   0   0   9   0   0   0   6  12   0   0   0  0.54 inf
   76 A    0  1  2  1 -4  1  4 -2 -1 -3 -3  2 -2 -4 -2  0 -1 -4 -2 -3    9   7  11   0   0   0  56   0   0   0   0  17   0   0   0   0   0   0   0   0  0.53 inf
   77 E   -1 -1 -1  1 -3  1  5 -2 -1 -3 -3  0 -2 -4 -2  1  1 -3 -3 -3    0   0   0   0   0   0  74   0   0   0   0   0   0   0   0  13  13   0   0   0  0.69 inf
   78 G   -1  1 -2 -3 -2 -1 -2  1 -2  0  3 -1  3 -1 -3 -2  0 -2 -2  0    0  13   0   0   0   0   0  17   0   0  42   0  16   0   0   0   6   0   0   7  0.19 inf
   79 A    1  0 -1  2 -3  0  3  1 -1 -3 -3  2 -2 -4  2  0 -1 -3 -3 -2   15   0   0  13   0   0  25  13   0   0   0  24   0   0  11   0   0   0   0   0  0.34 inf
   80 D   -1 -2  1  4 -4 -1  1  4 -2 -4 -4  0 -3 -4 -2 -1 -2 -4 -3 -4    0   0   6  38   0   0   7  42   0   0   0   7   0   0   0   0   0   0   0   0  0.62 inf
   81 I   -2 -3 -4 -4 -2 -3 -4 -4 -2  2  1 -3  0  6 -4 -3 -2  0  2  0    0   0   0   0   0   0   0   0   0  17  14   0   0  69   0   0   0   0   0   0  0.61 inf
   82 T   -1  3  0 -1 -3  4  1 -2 -1 -3 -2  3 -1 -3 -2  0  1 -3 -2 -2    0  18   0   0   0  32   0   0   0   0   0  33   0   0   0   0  17   0   0   0  0.42 inf
   83 I   -2 -3 -4 -4 -2 -3 -4 -4 -4  4  3 -3  1  0 -3 -3 -1 -3 -2  2    0   0   0   0   0   0   0   0   0  68  32   0   0   0   0   0   0   0   0   0  0.45 inf
   84 I   -1 -3 -4 -4 -1 -3 -3 -4 -3  4  2 -3  1  0 -3 -2 -1 -3 -1  3    0   0   0   0   0   0   0   0   0  55  20   0   0   0   0   0   0   0   0  25  0.37 inf
   85 L   -2 -3 -4 -4 -2 -3 -3 -4 -3  3  3 -3  1  3 -3 -3 -1 -1  0  1    0   0   0   0   0   0   0   0   0  28  47   0   0  25   0   0   0   0   0   0  0.36 inf
   86 S    1 -1  1  0 -1  0  0  0 -1 -3 -3  0 -2 -3 -1  4  1 -3 -2 -2    0   0   0   0   0   0   0   0   0   0   0   0   0   0   0 100   0   0   0   0  0.45 inf

                      K         Lambda
Standard Ungapped    0.1326     0.3150
Standard Gapped      0.0462     0.2670
PSI Ungapped         0.1488     0.3148
PSI Gapped           0.0462     0.2670
