
Last position-specific scoring matrix computed, weighted observed percentages rounded down, information per position, and relative weight of gapless real matches to pseudocounts
           A  R  N  D  C  Q  E  G  H  I  L  K  M  F  P  S  T  W  Y  V   A   R   N   D   C   Q   E   G   H   I   L   K   M   F   P   S   T   W   Y   V
    1 P   -3 -4 -4 -4 -5 -3 -3 -4 -4 -5 -5 -3 -5 -6  9 -3 -3 -6 -5 -5    0   0   0   0   0   0   0   0   0   0   0   0   0   0 100   0   0   0   0   0  2.80 inf
    2 R    0  5 -1  0 -3  0  0 -3 -2 -1  0  3 -1 -1 -3 -1 -1 -3 -2 -2    7  40   2   5   0   2   2   0   0   3  11  19   1   2   0   2   3   0   0   1  0.38 inf
    3 E   -3 -2 -2  1 -6  0  7 -4 -2 -5 -5 -1 -4 -5 -3 -2 -3 -5 -4 -5    0   0   0   4   0   0  96   0   0   0   0   0   0   0   0   0   0   0   0   0  1.67 inf
    4 A    1 -2 -2 -3 -2 -2 -2 -3 -3  3  1 -2  0 -2 -3 -1  0 -4 -2  4   14   1   3   0   0   0   1   0   0  22   6   1   0   0   0   2   6   0   0  43  0.37 inf
    5 Q    0  1 -1  0 -4  2  5 -3  2 -3 -2  1 -1 -2 -2 -1 -1 -4 -2 -2    6   9   2   2   0   7  50   0   5   1   3   7   1   2   0   1   3   0   1   1  0.50 inf
    6 A    6 -3 -3 -4 -2 -3 -3 -2 -3 -3 -3 -3 -3 -4 -3 -1 -2 -4 -4 -2  100   0   0   0   0   0   0   0   0   0   0   0   0   0   0   0   0   0   0   0  1.32 inf
    7 A    3  0  0 -1 -2  0  0  1  0 -3 -3  1 -2 -4 -2  3  0 -4 -3 -2   31   3   2   1   0   3   3   7   3   0   0   8   0   0   0  39   1   0   0   0  0.40 inf
    8 Q   -1  1  0  1 -4  2  3 -2 -1 -3 -3  5 -2 -4 -2 -1 -2 -4 -3 -3    4   4   2   6   0  10  19   1   1   1   1  50   0   0   0   1   0   0   0   0  0.61 inf
    9 W    0 -1 -1 -3 -2 -2 -3 -3  5 -2 -2 -2 -2  4 -4 -1 -2  5  5 -2    9   4   2   0   1   0   0   0  17   1   2   0   0  19   0   6   1  10  26   2  0.61 inf
   10 E   -2 -2  3  5 -4 -1  1  4 -1 -5 -5 -2 -4 -5 -3 -1 -2 -5 -4 -4    1   0  18  36   0   2   9  33   1   0   0   0   0   0   0   1   0   0   0   0  0.76 inf
   11 L   -3 -4 -5 -5 -3 -4 -5 -5 -5  0  6 -4  1 -1 -5 -4 -3 -3 -3 -1    0   0   0   0   0   0   0   0   0   1  99   0   0   0   0   0   0   0   0   0  1.23 inf
   12 N    1 -2  6 -1 -3 -1 -2 -2 -1 -4 -4 -1 -3 -4 -3  3 -1 -5 -4 -4   11   0  61   0   0   0   0   0   0   0   0   2   0   0   0  26   1   0   0   0  0.98 inf
   13 Y   -4 -4 -4 -5 -5 -4 -4 -5  0 -3 -3 -4 -3  3 -5 -4 -4  0  9 -3    0   0   0   0   0   0   0   0   0   0   0   0   0   8   0   0   0   0  92   0  2.16 inf
   14 V   -2 -4 -5 -5 -3 -4 -5 -5 -5  6  0 -4  0 -2 -4 -4 -2 -4 -3  4    0   0   0   0   0   0   0   0   0  61   0   0   0   0   0   0   0   0   0  39  1.02 inf
   15 A    2  0 -1 -1 -3  0 -1  3 -1 -3 -3  3 -2 -4  0  1  0 -4 -3 -2   28   3   1   2   0   1   0  22   1   0   0  25   0   0   3  11   2   0   0   0  0.36 inf
   16 L   -3 -4 -5 -5 -3 -3 -4 -5 -4  0  6 -4  4 -1 -4 -4 -3 -3 -3 -1    0   0   0   0   0   0   0   0   0   0  88   0  12   0   0   0   0   0   0   0  1.09 inf
   17 D   -3 -3  1  7 -5 -1  2 -2 -2 -5 -5 -2 -4 -4 -3 -1 -1 -6 -4 -5    0   0   2  78   0   1  12   1   0   0   0   0   0   0   0   2   2   0   0   0  1.34 inf
   18 G   -1 -4 -2 -3 -4 -4 -4  7 -4 -6 -6 -3 -5 -5 -4 -2 -3 -4 -5 -5    0   0   0   0   0   0   0 100   0   0   0   0   0   0   0   0   0   0   0   0  1.87 inf
   19 N   -3 -2  7  3 -4 -1  1 -2 -1 -4 -5 -1 -3 -5 -3  0  1 -5 -4 -4    0   0  67  14   0   0   6   0   0   0   0   0   0   0   0   5   7   0   0   0  1.06 inf
   20 I   -3 -5 -5 -5 -3 -4 -5 -6 -5  7  0 -4  0 -2 -4 -4 -2 -4 -3  3    0   0   0   0   0   0   0   0   0  88   1   0   0   0   0   0   0   0   0  11  1.25 inf
   21 G    1 -4 -2 -3 -4 -3 -4  7 -4 -5 -5 -3 -4 -5 -4 -2 -3 -4 -5 -4   12   0   0   0   0   0   0  88   0   0   0   0   0   0   0   0   0   0   0   0  1.52 inf
   22 C   -3 -6 -1 -5 11 -5 -6 -5 -5 -4 -4 -5 -4 -5 -5 -3 -3 -5 -5 -3    0   0   4   0  96   0   0   0   0   0   0   0   0   0   0   0   0   0   0   0  2.88 inf
   23 M   -3 -3 -4 -5 -3 -3 -4 -5 -4  2  3 -3  8  0 -4 -3 -2 -3 -2  0    0   0   0   0   0   0   0   0   0  10  30   0  57   2   0   0   0   0   0   0  1.08 inf
   24 V   -2 -4 -5 -5 -2 -4 -4 -5 -5  2 -1 -4 -1 -2 -4 -3 -2 -5 -3  7    1   0   0   0   0   0   0   0   0   4   0   0   0   0   0   0   0   0   0  95  1.23 inf
   25 N   -4 -2  8 -1 -5 -2 -2 -2 -1 -5 -6 -2 -4 -5 -4 -1 -2 -6 -4 -5    0   0 100   0   0   0   0   0   0   0   0   0   0   0   0   0   0   0   0   0  1.96 inf
   26 G   -1 -4 -2 -3 -4 -4 -4  7 -4 -6 -6 -3 -5 -5 -4 -2 -3 -4 -5 -5    0   0   0   0   0   0   0 100   0   0   0   0   0   0   0   0   0   0   0   0  1.87 inf
   27 A    6 -3 -3 -4 -2 -3 -3 -1 -3 -3 -3 -2 -3 -4 -3  0 -2 -4 -4 -2  100   0   0   0   0   0   0   0   0   0   0   0   0   0   0   0   0   0   0   0  1.28 inf
   28 G   -1 -4 -2 -3 -4 -4 -4  7 -4 -6 -6 -3 -5 -5 -4 -2 -3 -4 -5 -5    0   0   0   0   0   0   0 100   0   0   0   0   0   0   0   0   0   0   0   0  1.87 inf
   29 L   -3 -4 -5 -5 -3 -4 -5 -5 -5  0  6 -4  1 -1 -5 -4 -3 -3 -3 -1    0   0   0   0   0   0   0   0   0   0 100   0   0   0   0   0   0   0   0   0  1.24 inf
   30 A    6 -3 -3 -4 -2 -3 -3 -1 -3 -3 -3 -2 -3 -4 -3  0 -2 -4 -4 -2  100   0   0   0   0   0   0   0   0   0   0   0   0   0   0   0   0   0   0   0  1.28 inf
   31 M   -3 -4 -5 -6 -4 -3 -4 -5 -4 -1  0 -4 10 -2 -5 -4 -3 -4 -3 -1    0   0   0   0   0   0   0   0   0   0   0   0 100   0   0   0   0   0   0   0  2.24 inf
   32 G    6 -3 -3 -3 -2 -2 -2  1 -3 -3 -3 -2 -3 -4 -2  1 -1 -4 -3 -2   85   0   0   0   0   0   0  10   0   0   0   0   0   0   0   4   1   0   0   0  0.97 inf
   33 T   -2 -3 -2 -3 -3 -3 -3 -3 -4 -3 -3 -3 -3 -4 -3  0  7 -4 -4 -2    0   0   0   0   0   0   0   0   0   0   0   0   0   0   0   2  98   0   0   0  1.50 inf
   34 M   -3 -4 -4 -5  0 -3 -4 -5 -4 -1  1 -4 10 -2 -5 -4 -3 -4 -3 -1    0   0   0   0   2   0   0   0   0   0   6   0  92   0   0   0   0   0   0   0  1.95 inf
   35 D   -4 -4  0  8 -6 -2  0 -3 -3 -5 -6 -3 -5 -6 -3 -2 -3 -6 -5 -5    0   0   0 100   0   0   0   0   0   0   0   0   0   0   0   0   0   0   0   0  1.98 inf
   36 I   -2 -4 -4 -4 -2 -3 -4 -5 -4  6  1 -4  3 -1 -4 -3  0 -4 -3  2    1   0   0   0   0   0   0   0   0  64  10   0   9   0   0   1   7   0   0   8  0.74 inf
   37 V   -3 -5 -5 -5 -3 -4 -5 -5 -5  7  1 -4  0 -2 -4 -4 -2 -4 -3  2    0   0   0   0   0   0   0   0   0  87   4   0   0   0   0   0   0   0   0  10  1.20 inf
   38 K   -2  1  0 -1 -5  2 -1 -3 -1 -4 -4  6 -3 -4 -3 -1 -2 -5 -3 -4    1   0   4   2   0  10   0   0   1   0   0  77   0   0   0   3   1   0   0   0  1.01 inf
   39 L   -3 -3 -3 -4 -3 -2 -2 -5  3  0  5 -3  1  0 -4 -3 -2 -2  2 -1    0   0   1   0   0   2   2   0   9   2  71   0   2   1   0   1   0   0   8   0  0.62 inf
   40 H    1 -2  1 -2 -1 -1 -1 -3  6 -3 -3 -1 -2  2 -3  0 -2 -1  5 -2   19   0   9   0   2   1   2   0  25   0   0   3   1   6   0   4   0   0  27   1  0.54 inf
   41 G   -1 -4 -2 -3 -4 -3 -4  7 -3 -6 -6 -3 -5 -5 -4 -2 -3 -4 -5 -5    0   0   1   0   0   0   0  98   0   0   0   0   0   0   0   0   0   0   0   0  1.79 inf
   42 G    1 -3 -2 -3 -4 -3 -2  6 -3 -5 -5 -2 -3 -4 -3 -1 -3 -4 -4 -4    9   0   0   0   0   0   3  84   0   0   0   1   1   0   0   1   0   0   0   0  1.36 inf
   43 E    0  0  1  1 -4  1  4 -2 -1 -3 -3  1 -1 -2 -2  1  0 -2 -3 -3    5   3   4   7   0   6  47   0   0   0   1   6   1   1   0  12   4   0   0   0  0.48 inf
   44 P   -2 -4 -4 -4 -5 -3 -3 -4 -4 -5 -5 -3 -5 -6  9 -3 -3 -6 -5 -4    1   0   0   0   0   0   0   0   0   0   0   0   0   0  99   0   0   0   0   0  2.77 inf
   45 A    6 -3 -3 -4 -2 -3 -3 -1 -3 -3 -3 -2 -3 -4 -3  0 -2 -4 -4 -2   99   0   0   0   0   0   0   0   0   0   0   0   0   0   0   1   0   0   0   0  1.25 inf
   46 N   -4 -2  8 -1 -5 -2 -2 -2 -1 -5 -6 -2 -4 -5 -4 -1 -2 -6 -4 -5    0   0 100   0   0   0   0   0   0   0   0   0   0   0   0   0   0   0   0   0  1.96 inf
   47 F   -4 -5 -5 -6 -4 -5 -5 -5 -3 -2 -1 -5 -2  9 -6 -4 -4 -1  1 -3    0   0   0   0   0   0   0   0   0   0   0   0   0 100   0   0   0   0   0   0  2.10 inf
   48 L   -3 -4 -5 -5 -1 -4 -5 -5 -5  0  6 -4  1 -1 -5 -4 -3 -3 -3 -1    0   0   0   0   1   0   0   0   0   0  98   0   1   0   0   0   0   0   0   0  1.19 inf
   49 D   -4 -4  0  8 -6 -2  0 -3 -3 -5 -6 -3 -5 -6 -3 -2 -3 -6 -5 -5    0   0   0 100   0   0   0   0   0   0   0   0   0   0   0   0   0   0   0   0  1.98 inf
   50 V   -2 -4 -5 -5  2 -4 -4 -5 -5  2  0 -4 -1 -2 -4 -3 -2 -4 -3  6    0   0   0   0   5   0   0   0   0   4   4   0   0   0   0   0   0   0   0  87  1.05 inf
   51 G   -1 -4 -2 -3 -4 -4 -4  7 -4 -6 -6 -3 -5 -5 -4 -2 -3 -4 -5 -5    0   0   0   0   0   0   0 100   0   0   0   0   0   0   0   0   0   0   0   0  1.87 inf
   52 G   -1 -4 -2 -3 -4 -4 -4  7 -4 -6 -6 -3 -5 -5 -4 -2 -3 -4 -5 -5    0   0   0   0   0   0   0 100   0   0   0   0   0   0   0   0   0   0   0   0  1.87 inf
   53 G   -1 -4  0 -2 -4 -3 -3  6 -3 -5 -5 -3 -4 -5 -3  0 -1 -4 -4 -4    2   0   4   2   0   0   0  83   0   0   0   0   0   0   0   5   5   0   0   0  1.32 inf
   54 A    6 -3 -3 -3 -2 -2 -3 -2 -3 -2 -3 -2 -2 -4 -2  0 -1 -4 -3  1   89   0   0   0   0   0   0   0   0   1   0   0   0   0   0   0   2   0   0   8  0.99 inf
   55 T   -1 -2  2  0 -3 -1 -1 -2 -2 -3 -3  0 -2 -4 -2  3  5 -4 -3 -2    1   0  13   5   0   2   1   1   0   0   0   5   0   0   0  23  50   0   0   0  0.61 inf
   56 K    2  0 -2 -1 -2  1  2 -2 -2 -2 -2  2 -2 -4  3  0  0 -4 -3 -1   23   3   0   0   1   4  15   0   0   1   1  21   0   0  18   1   6   0   0   6  0.36 inf
   57 E    0 -1  0  2 -4  1  6 -2  0 -4 -4  0 -3 -4 -2 -1 -1 -4 -3 -3    6   1   3  11   0   5  64   1   2   0   0   4   0   0   0   2   2   0   0   0  0.83 inf
   58 R    0  4 -1 -2 -4  4  0 -2 -1 -3 -3  3 -1 -4 -3 -1  1 -4 -3 -3    7  27   0   0   0  26   0   1   0   0   0  25   2   0   0   1  12   0   0   0  0.57 inf
   59 V   -2 -4 -5 -5 -2 -4 -4 -5 -5  3 -1 -4 -1 -2 -4 -3 -1 -5 -3  6    0   0   0   0   0   0   0   0   0  12   0   0   0   0   0   0   1   0   0  87  1.10 inf
   60 T    2  0 -1 -2 -1 -1  1 -2 -2 -1 -1  1 -1 -2 -2  0  3 -3  0  0   19   4   0   0   1   1  12   1   0   1   3  10   1   1   0   3  35   0   4   5  0.25 inf
   61 E    1  0  1  0 -4  2  5 -2  1 -4 -4  2 -2 -4 -2  0 -1 -4 -3 -3   16   1   6   0   0   8  48   0   3   0   0  12   1   0   0   2   3   0   0   0  0.55 inf
   62 A    6 -3 -3 -3 -2 -2 -3  1 -3 -3 -3 -2 -3 -4 -2  0 -2 -4 -4 -2   88   0   0   0   0   0   0   9   0   0   0   0   0   0   0   2   0   0   0   0  1.04 inf
   63 F   -4 -5 -5 -6 -2 -5 -5 -5 -3 -1 -1 -5 -2  8 -6 -4 -4 -1  1 -2    0   0   0   0   1   0   0   0   0   1   3   0   0  95   0   0   0   0   0   1  1.88 inf
   64 K   -2  4 -1 -1 -5  1  1 -3 -1 -4 -4  6 -3 -4 -3 -1 -2 -4 -3 -4    0  22   2   1   0   2  10   0   0   0   0  61   0   0   0   2   1   0   0   0  0.88 inf
   65 I   -2 -4 -5 -5 -3 -4 -5 -5 -5  6  3 -4  0 -1 -4 -4 -2 -4 -3  1    2   0   0   0   0   0   0   0   0  67  30   0   0   0   0   0   1   0   0   0  0.89 inf
   66 I   -3 -4 -5 -5 -3 -4 -4 -5 -5  6  2 -4  2 -1 -4 -4 -2 -4 -3  2    0   0   0   0   0   0   0   0   0  68  17   0   5   0   0   0   0   0   0  10  0.88 inf
   67 L   -2 -3 -2 -3 -2 -3 -3 -4 -3  0  4 -3  1 -1 -3 -1  3 -3 -2  0    0   0   2   0   0   0   1   0   0   1  63   0   3   0   0   4  25   0   0   1  0.56 inf
   68 S    2  0  0 -1 -2  0  0  0 -2 -3 -3  1 -2 -4 -2  4  1 -4 -3 -3   14   4   2   0   0   3   3   3   0   0   0  11   0   0   0  54   4   0   0   0  0.48 inf
   69 D   -3 -3  2  7 -5 -2  0 -3 -2 -5 -5 -2 -5 -5 -3 -1 -3 -6 -5 -5    0   0   7  88   0   0   1   0   0   0   0   0   0   0   0   3   0   0   0   0  1.61 inf
   70 D   -1  0 -1  1 -4  0  1 -3 -2 -4 -4  2 -3 -4  6  1  0 -4 -3 -3    2   4   0   7   0   4   8   0   1   0   0  19   0   0  41  11   4   0   0   0  0.80 inf
   71 K   -1  1  5  0 -4  1 -1 -1  1 -4 -4  4 -3 -4 -3  0 -1 -4 -3 -4    4   5  40   4   0   4   1   3   3   0   0  32   0   0   0   5   0   0   0   0  0.61 inf
   72 V   -2 -4 -5 -5 -2 -4 -4 -5 -5  1  0 -4 -1 -3 -4 -3 -1 -5 -3  7    0   0   0   0   1   0   0   0   0   1   2   0   0   0   0   0   1   0   0  96  1.24 inf
   73 K   -2  1  0 -1 -4  2  2 -3 -1 -4 -3  6 -2 -4 -2 -1 -1 -4 -3 -3    1   4   3   2   0   7  11   0   1   0   1  63   0   0   0   3   4   0   0   0  0.73 inf
   74 A    4 -3 -2 -3  1 -2 -2  4 -3 -3 -3 -2 -2 -4 -2  1 -1 -4 -3  0   53   0   0   0   3   0   0  30   0   0   0   0   0   0   0   7   1   0   0   5  0.64 inf
   75 V   -3 -4 -5 -5 -3 -4 -5 -5 -5  6  0 -4  0 -2 -4 -4 -2 -4 -3  3    0   0   0   0   0   0   0   0   0  76   2   0   1   0   0   0   0   0   0  21  1.06 inf
   76 L   -3 -4 -5 -5 -3 -4 -4 -5 -4  0  5 -4  1  4 -5 -4 -3 -2 -1 -1    0   0   0   0   0   0   0   0   0   0  77   0   1  21   0   0   0   0   1   0  0.95 inf
   77 V   -2 -4 -5 -5 -2 -4 -4 -5 -5  3  0 -4 -1 -2 -4 -3 -2 -4 -3  6    0   0   0   0   0   0   0   0   0  15   0   0   0   0   0   0   0   0   0  84  1.09 inf
   78 N   -4 -2  8 -1 -5 -2 -2 -2 -1 -5 -6 -2 -4 -5 -4 -1 -2 -6 -4 -5    0   0 100   0   0   0   0   0   0   0   0   0   0   0   0   0   0   0   0   0  1.96 inf
   79 I   -3 -5 -5 -5 -3 -5 -5 -6 -5  7  0 -5  0 -2 -5 -4 -2 -4 -3  2    0   0   0   0   0   0   0   0   0  95   0   0   0   0   0   0   0   0   0   5  1.38 inf
   80 F   -4 -5 -5 -6 -4 -5 -5 -5 -3 -2 -1 -5 -2  9 -6 -4 -4 -1  1 -3    0   0   0   0   0   0   0   0   0   0   0   0   0 100   0   0   0   0   0   0  2.10 inf
   81 G    1 -4 -2 -3 -4 -3 -4  7 -4 -5 -5 -3 -4 -5 -4 -2 -3 -4 -5 -4    9   0   0   0   0   0   0  91   0   0   0   0   0   0   0   0   0   0   0   0  1.61 inf
   82 G   -1 -4 -2 -3 -4 -4 -4  7 -4 -6 -6 -3 -5 -5 -4 -2 -3 -4 -5 -5    0   0   0   0   0   0   0 100   0   0   0   0   0   0   0   0   0   0   0   0  1.87 inf
   83 I   -3 -5 -5 -5 -3 -5 -5 -6 -5  7  0 -5  0 -2 -5 -4 -2 -5 -3  1    0   0   0   0   0   0   0   0   0 100   0   0   0   0   0   0   0   0   0   0  1.50 inf
   84 V   -2 -3  1 -4 -3 -3 -4 -4 -3  0  1 -3  7 -2 -4 -3 -1 -4 -3  4    1   0   9   0   0   0   0   0   0   0   5   0  45   0   0   0   1   0   0  39  0.80 inf
   85 R   -3  7  1 -1 -5  0 -1 -4 -2 -5 -4  3 -3 -5 -3 -2 -2 -4 -3 -4    0  71   7   4   0   1   0   0   0   0   0  17   0   0   0   0   0   0   0   0  1.16 inf
   86 C   -3 -6 -5 -6 11 -5 -6 -5 -5 -3 -4 -5 -4 -5 -5 -3 -3 -5 -5 -2    0   0   0   0  99   0   0   0   0   0   0   0   0   0   0   0   0   0   0   1  3.02 inf
   87 D   -1 -3  0  7 -5 -2  0 -3 -3 -5 -5 -2 -5 -5 -3 -1 -2 -6 -5 -4    7   0   1  87   0   0   1   0   0   0   0   1   0   0   0   1   1   0   0   0  1.51 inf
   88 L   -1  1 -3 -4 -2 -2 -3 -4 -2  2  1 -2  2 -1 -3 -2  1  5  0  3    2  10   0   0   0   0   0   0   0  13  11   0   6   1   0   0  11   9   3  34  0.32 inf
   89 I   -3 -4 -5 -5 -3 -4 -5 -5 -5  6  1 -4  0 -1 -4 -4 -2 -4 -3  3    0   0   0   0   0   0   0   0   0  76   7   0   0   1   0   0   0   0   0  17  1.02 inf
   90 A    6 -3 -3 -4 -2 -3 -3 -1 -3 -3 -3 -2 -3 -4 -3  0 -2 -4 -4 -1   98   0   0   0   0   0   0   0   0   0   0   0   0   0   0   1   0   0   0   1  1.23 inf
   91 D   -1  0  2  1 -4  3  4 -1  0 -4 -3  1 -2 -4 -2  0  0 -4 -3 -3    3   2  13   6   0  16  37   2   2   0   1   6   0   0   0   5   6   0   0   0  0.48 inf
   92 G    0 -4 -2 -3 -4 -3 -4  7 -4 -5 -5 -3 -4 -5 -4 -2 -3 -4 -5 -5    4   0   0   0   0   0   0  96   0   0   0   0   0   0   0   0   0   0   0   0  1.74 inf
   93 I   -2 -4 -5 -5 -2 -4 -4 -5 -5  5  2 -4  0 -2 -4 -3 -2 -4 -3  4    0   0   0   0   0   0   0   0   0  52  11   0   0   0   0   0   0   0   0  37  0.82 inf
   94 I   -2 -4 -4 -4 -2 -4 -4 -5 -4  5  1 -4  0 -2 -4 -3  0 -4 -3  4    0   0   0   0   0   0   0   0   0  52   5   0   1   0   0   0   5   0   0  36  0.78 inf
   95 G    2  0  1  0 -2  2  2  0 -1 -3 -3  1 -2 -3 -2  1  0 -3 -3 -2   31   3   7   4   0  12  15   7   1   0   0   8   1   0   0   5   5   0   0   0  0.27 inf
   96 A    6 -3 -3 -3 -2 -2 -3 -1 -3 -3 -3 -2 -3 -4 -2  0 -1 -4 -3 -1   95   0   0   0   0   0   0   0   0   0   0   0   0   0   0   1   1   0   0   3  1.14 inf
   97 V    3 -3 -3 -3  3 -2 -2 -2 -3  0 -1 -2  0 -1 -3  0  1 -3  1  3   33   0   0   0   7   0   0   1   0   2   4   0   2   1   0   5   9   0   6  30  0.28 inf
   98 A   -1  3  0 -1 -4  2  1 -2 -1 -4 -4  5 -3 -4 -2  0 -1 -4 -3 -3    2  18   4   1   0   6   7   1   0   0   0  55   0   0   0   3   2   0   0   0  0.69 inf
   99 E    0 -1  1  1 -4  2  5 -2 -1 -3 -3  1 -1 -4 -2  0 -1 -4 -3 -3    6   0   8   6   0   8  53   2   0   0   1   8   1   0   0   4   2   0   0   1  0.59 inf
  100 V   -1 -3 -4 -4 -2 -3 -3 -4 -4  3  2 -3  3 -1 -3 -2  0 -3 -2  4    1   0   0   0   0   0   0   0   0  14  23   0   8   1   0   1   4   0   0  47  0.51 inf
  101 G   -1 -1  3  2 -4  0  1  4  0 -4 -4  0 -3 -4 -2  0 -2 -4 -3 -4    2   1  17  12   0   5   7  42   3   0   0   6   0   0   1   5   0   0   0   0  0.55 inf
  102 V   -2 -3 -4 -4  0 -3 -4 -4 -4  3  4 -3  1  0 -3 -3 -2 -3 -2  2    0   0   0   0   2   0   0   1   0  21  53   0   2   2   0   0   1   0   0  19  0.58 inf
  103 N   -1  1  2  1 -3  1  1 -2  1 -3 -3  3 -2 -4 -1  1  1 -4 -2 -3    2   5  14   7   0   6   7   0   4   0   0  31   0   0   1  10  11   0   0   0  0.35 inf
  104 V   -1 -2 -4 -4 -2 -3 -4 -4 -4  3  1 -2  1 -2 -4 -3 -1 -4 -2  5    1   1   0   0   0   0   0   0   0  20  13   2   2   0   0   0   2   0   0  59  0.64 inf
  105 P   -3 -4 -4 -4 -5 -3 -3 -4 -4 -5 -5 -3 -5 -6  9 -3 -3 -6 -3 -5    0   0   0   0   0   0   0   0   0   0   0   0   0   0  99   0   0   0   1   0  2.76 inf
  106 V   -2 -4 -4 -5 -2 -3 -4 -5 -4  3  4 -4  1 -1 -4 -3 -2 -3 -2  3    0   0   0   0   0   0   0   0   0  21  48   0   1   1   0   0   0   0   0  29  0.65 inf
  107 V   -2 -4 -5 -5 -2 -4 -4 -5 -5  4  0 -4 -1 -2 -4 -3 -2 -4 -3  6    0   0   0   0   0   0   0   0   0  20   0   0   0   0   0   0   0   0   0  80  1.06 inf
  108 V    0 -4 -5 -5 -1 -4 -4 -5 -5  2  0 -4  0 -2 -4 -3 -2 -4 -3  6    5   0   0   0   1   0   0   0   0   4   1   0   1   0   0   0   0   0   0  89  1.05 inf
  109 R   -3  8 -2 -4 -6 -1 -2 -4 -2 -5 -4  0 -3 -5 -4 -3 -3 -5 -4 -5    0 100   0   0   0   0   0   0   0   0   0   0   0   0   0   0   0   0   0   0  1.88 inf
  110 L   -3 -4 -5 -5 -3 -3 -4 -5 -4  0  6 -4  4 -1 -4 -4 -3 -3 -3 -1    0   0   0   0   0   0   0   0   0   0  90   0  10   0   0   0   0   0   0   0  1.10 inf
  111 E    0 -1 -1  1 -4  4  5 -3 -1 -4 -4  1 -3 -4 -2  0 -2 -4 -3 -3    8   0   1   4   0  20  55   0   0   0   0   4   0   0   0   7   0   0   0   1  0.78 inf
  112 G   -1 -4 -2 -3 -4 -4 -4  7 -4 -6 -6 -3 -5 -5 -4 -2 -3 -4 -5 -5    0   0   0   0   0   0   0  99   0   0   0   0   0   0   0   0   0   0   0   0  1.85 inf
  113 N   -2 -3  2 -2 -3 -2 -2 -3 -3 -3 -3 -2 -2 -3 -3  0  7 -4 -3 -2    1   0  11   0   0   0   0   0   0   0   0   0   1   1   0   2  85   0   0   0  1.20 inf
  114 N   -3  0  8  0 -5 -1 -1 -2 -1 -5 -5  0 -3 -5 -4 -1 -2 -6 -4 -5    0   3  90   0   0   2   1   0   0   0   0   4   0   0   0   0   0   0   0   0  1.58 inf
  115 A    2 -3 -4 -4 -2 -2 -1 -3 -4  1  0 -2  1 -1 -3 -2 -1 -4 -2  5   21   0   0   0   0   1   5   0   0   0   2   1   4   2   0   1   0   0   1  64  0.54 inf
  116 E   -1 -1  0  3 -4  1  5 -2  0 -4 -4  0 -3 -4 -1 -1 -1 -4 -3 -3    5   0   3  20   0   4  57   1   1   0   0   4   0   0   1   2   1   0   0   0  0.79 inf
  117 L    0  0 -2  0 -3  2  3 -3 -1  0  2  1 -1 -2 -2 -1 -2 -3 -2 -1   10   2   0   4   0   9  33   0   0   5  25  10   0   0   1   0   0   0   0   1  0.26 inf
  118 G    3 -4 -2 -3 -3 -3 -3  6 -3 -4 -4 -3 -4 -4 -3 -1 -2 -4 -4 -3   30   0   0   0   0   0   0  70   0   0   0   0   0   0   0   0   0   0   0   0  1.19 inf
  119 A    0  4 -1 -2 -4  2  0 -3  0 -4 -3  5 -1 -4 -3 -1 -1 -4 -3 -3    6  24   1   0   0   7   1   0   2   0   1  53   1   0   0   1   2   0   0   0  0.71 inf
  120 K    0  2 -1  0 -4  2  3 -3 -1 -4 -3  4 -2 -4 -2 -1 -1 -4 -3 -3    9  11   1   2   0  10  20   0   1   0   0  42   0   0   0   1   2   0   0   0  0.55 inf
  121 K   -2 -3 -4 -4 -2 -3 -4 -5 -4  5  3 -2  3 -1 -4 -3 -1 -3 -2  1    0   0   0   0   0   0   0   0   0  55  26   3  11   0   0   0   1   0   0   4  0.69 inf
  122 L   -3 -4 -5 -5 -3 -4 -4 -5 -4  4  5 -4  1 -1 -4 -4 -2 -3 -2  0    0   0   0   0   0   0   0   0   0  27  70   0   2   0   0   0   0   0   0   1  0.87 inf
  123 A    3  1  2  2 -2  0  1 -1 -1 -3 -2  2 -2 -3 -2  1 -1 -4 -3 -2   36   8  10  11   0   3   8   1   1   0   1  13   1   0   0   5   2   0   0   1  0.27 inf
  124 D   -1 -1  2  3 -4  1  4 -1  0 -4 -4  1 -3 -4 -2  0 -1 -4 -3 -4    2   1  13  21   0   5  44   3   1   0   0   6   0   0   0   4   2   0   0   0  0.64 inf
  125 S    0 -3 -1 -2  0 -2 -2 -2 -3 -4 -4 -2 -3 -4 -3  6  0 -5 -4 -3    4   0   0   0   2   0   0   0   0   0   0   0   0   0   0  95   0   0   0   0  1.24 inf
  126 G   -1 -3  0 -1 -4 -2 -3  7 -3 -5 -5 -2 -4 -5 -2 -2 -3 -3 -4 -5    0   0   4   3   0   1   1  85   0   0   0   2   0   0   1   0   0   0   0   0  1.35 inf
  127 L   -3 -3 -5 -5 -3 -3 -3 -5 -4  1  5 -3  3  0 -4 -4 -3 -3 -2  0    0   0   0   0   0   0   1   0   0   4  83   1   6   3   0   0   0   0   0   2  0.91 inf
  128 N    0  1  4  1 -4 -1 -1 -2 -1 -4 -4  2 -3 -4  3  0  0 -4 -3 -3    7   5  31   8   0   0   1   0   0   0   0  20   0   0  18   5   3   0   0   0  0.54 inf
  129 I   -2 -4 -5 -5 -3 -4 -4 -5 -4  6  2 -4  1  0 -4 -4 -2 -4 -2  3    0   0   0   0   0   0   0   0   0  62  16   0   1   4   0   0   0   0   1  15  0.81 inf
  130 I   -2 -3 -3 -3 -2  0 -2 -4 -2  5  1 -2  0  1 -4 -2  1 -3  0  2    0   1   0   0   0   6   3   0   1  53   8   1   1   5   0   0   9   0   4   9  0.42 inf
  131 A    3 -2  0 -2 -1 -2 -1 -1 -2 -1 -2 -2 -2 -3  3  3  2 -4 -3 -1   28   1   3   0   1   0   1   2   0   3   1   0   0   1  13  27  16   0   0   4  0.37 inf
  132 A    5 -3 -3 -3  2 -3 -2  0 -3 -1 -3 -2 -2  0 -3  0 -1 -4 -2 -1   77   1   0   0   4   0   1   5   0   3   0   0   0   5   0   1   1   0   0   2  0.77 inf
  133 K   -1 -2  2  5 -3  0  2 -1  0 -2 -3  0 -2 -4 -3  0  0 -5 -3 -1    4   0   9  43   0   2  16   2   1   2   1   3   1   0   0   5   7   0   0   4  0.53 inf
  134 G   -2 -2  3  5 -4 -1  0  0 -2 -4 -3 -2 -3 -4 -3  2  1 -5 -4 -3    0   0  14  42   0   1   4   8   0   0   1   0   0   0   0  17  12   0   0   0  0.61 inf
  135 L   -3 -4 -5 -5 -3 -3 -4 -5 -4  0  5 -4  5  1 -5 -4 -3 -3 -2 -1    0   0   0   0   0   0   0   0   0   1  79   0  16   4   0   0   0   0   0   0  1.04 inf
  136 T    1 -1  0  4 -3  1  1  0 -1 -3 -3  1 -2 -3 -2  0  2  1 -2 -2   17   2   3  30   0   6   6   6   0   1   0   8   1   0   0   3  15   2   0   0  0.31 inf
  137 D   -3 -2  0  6 -5  0  4 -3 -2 -5 -5 -1 -4 -5 -1 -1 -2 -5 -4 -5    0   0   1  62   0   1  29   0   0   0   0   1   0   0   3   2   1   0   0   0  1.21 inf
  138 A    6 -3 -3 -3 -2 -3 -3  2 -3 -3 -3 -2 -3 -4 -3 -1 -2 -4 -4 -2   85   0   0   0   0   0   0  14   0   0   0   0   0   0   0   0   0   0   0   0  1.05 inf
  139 A    6 -3 -3 -4 -2 -3 -3 -1 -4 -3 -3 -3 -3 -4 -3 -1 -2 -5 -4 -2   99   0   0   0   0   0   0   1   0   0   0   0   0   0   0   0   0   0   0   0  1.34 inf
  140 Q   -1  1  0  1 -4  4  3 -3 -1 -2 -3  3 -1 -4 -2 -1 -1 -4 -2 -2    3   7   2   6   0  25  25   0   0   3   0  21   1   0   0   1   3   0   1   1  0.48 inf
  141 Q   -2  1 -1 -2 -4  2 -1 -3 -2 -3 -2  6  1 -2 -3 -2 -2 -4 -3 -3    1   5   1   0   0   7   1   0   0   1   4  73   5   2   0   0   1   0   0   0  0.89 inf
  142 V    3 -3 -3 -4 -2 -3 -3 -3 -4  4 -1 -3 -1 -2 -3  0 -1 -4 -3  3   36   0   0   0   0   0   0   0   0  32   0   0   0   0   0   5   0   0   0  27  0.52 inf
  143 V   -1 -4 -2 -5 -1 -2 -4 -5 -4  1 -1 -3 -1 -3 -4 -3 -1 -5 -3  6    3   0   2   0   1   2   0   0   0   1   0   1   0   0   0   0   2   0   0  88  1.01 inf
  144 A    3  0  0 -1 -3  2  2 -1  0 -3 -3  3 -2 -4 -2  0 -1 -4 -3 -2   32   3   4   2   0  11  13   3   2   0   0  23   0   0   0   5   0   0   0   1  0.34 inf
  145 A    4 -3 -2 -3 -1 -2 -2 -2 -3  0  2 -2  1 -1 -3  1 -1 -3 -2  0   50   0   0   0   1   1   2   0   0   3  22   0   4   2   0   8   0   0   0   5  0.36 inf
  146 V    2 -2 -3 -3 -1 -2 -3 -3 -3  1  2 -2  0 -2 -3  0  0  1 -2  3   27   1   0   0   0   0   0   0   0   7  19   0   1   0   0   7   2   2   0  32  0.30 inf
  147 E   -2  2  2 -1 -4  2  2 -1 -1 -4 -4  5 -2 -4 -2 -1 -1 -4 -3 -4    1  10  10   0   0   8  12   3   0   0   0  53   1   0   0   2   1   0   0   0  0.64 inf
  148 G    0 -2 -1 -1 -3  0 -1  6 -2 -4 -4 -1 -3 -4 -3  1 -2 -4 -4 -4    2   0   0   1   0   6   4  74   0   0   0   4   0   0   0   9   0   0   0   0  0.93 inf
  149 K   -1  2 -1  0 -4  1  3 -2 -1 -4 -3  5 -2 -4 -2 -1 -1 -4 -3 -3    0   8   0   0   0   0  30   0   0   0   0  62   0   0   0   0   0   0   0   0  0.66 inf

                      K         Lambda
Standard Ungapped    0.1371     0.3171
Standard Gapped      0.0618     0.2670
PSI Ungapped         0.2020     0.3141
PSI Gapped           0.0618     0.2670
