
Last position-specific scoring matrix computed, weighted observed percentages rounded down, information per position, and relative weight of gapless real matches to pseudocounts
           A  R  N  D  C  Q  E  G  H  I  L  K  M  F  P  S  T  W  Y  V   A   R   N   D   C   Q   E   G   H   I   L   K   M   F   P   S   T   W   Y   V
    1 S    1 -1  0 -1 -1  0  0 -1 -1 -2 -2  0 -1 -3 -1  4  3 -3 -2 -1    0   0   0   0   0   0   0   0   0   0   0   0   0   0   0  72  28   0   0   0  0.42 inf
    2 F   -3 -4 -4 -4 -3 -4 -4 -4 -2 -1  0 -4 -1  7 -4 -3 -3  0  3 -1    0   0   0   0   0   0   0   0   0   0   0   0   0 100   0   0   0   0   0   0  1.14 inf
    3 V   -1 -2 -2 -2 -2 -2 -2 -3 -3  1  1 -1  5 -1 -3  0  2 -3 -2  2    0   0   0   2   0   0   0   0   0   5   6   2  35   0   0   7  18   0   0  25  0.34 inf
    4 K   -1  0  0 -1 -3  1  2 -2  0 -3 -3  4 -2 -3  1  2  0 -4 -2 -1    0   0   2   0   0   4  12   0   2   0   0  39   0   0   7  24   4   0   0   5  0.35 inf
    5 D    0  0  1  2 -2  0  1  2  0 -2 -2  0 -2 -3 -2  1  1 -3 -2 -1    6   6   7  19   0   3   5  16   2   0   1   6   0   0   0  11  10   0   0   7  0.20 inf
    6 F   -2 -3 -3 -4 -3 -3 -3 -4  2  2  0 -3  0  5 -4 -3 -1 -1  2  3    0   0   0   0   0   0   0   0   7  17   1   0   0  38   0   0   4   0   6  27  0.53 inf
    7 K   -1  2  0  0 -4  2  3 -2  0 -2 -3  3 -2 -4  0  0 -1 -4 -3 -2    1  10   4   4   0  11  20   0   2   3   0  33   0   0   4   5   1   0   0   1  0.41 inf
    8 P   -2 -2 -2 -2 -3 -2 -3 -1 -3  3 -1  0  2 -2  6 -2  0 -4 -3  0    0   2   2   2   0   0   0   6   0  23   0   5   9   1  41   0   5   0   0   4  0.72 inf
    9 Q    0  0  1 -2 -2  0 -1 -1 -2  1 -1  1  0 -2  0  1  1 -3 -2  1    3   5   8   0   0   5   2   3   0  12   2  15   2   0   4  16   7   0   0  16  0.11 inf
   10 A    3 -3 -2 -3 -3 -2 -2 -2 -3 -3 -3 -2 -3 -2  5  2  1 -4 -3 -1   28   0   0   0   0   0   1   0   0   0   1   1   0   1  33  20  11   0   0   3  0.77 inf
   11 L   -3 -5 -6 -6 -5 -4 -3 -6 -5  0  3 -5  9 -2 -4 -3 -3 -5 -2 -1    1   0   0   0   0   0   2   0   0   4  27   0  62   1   1   1   0   0   1   1  1.80 inf
   12 G    1 -1  0 -1 -3  0 -1  1  0 -4 -4  3 -1 -4 -2  3  3 -5 -4 -3   13   2   5   3   0   2   2   8   2   0   0  18   1   0   1  22  20   0   0   0  0.39 inf
   13 D   -1 -2  3  4 -4  1  1 -2  1 -4 -4 -1 -3 -3 -1  1  2 -5 -1 -3    4   1  16  24   0   7   9   2   3   1   1   3   1   1   2  12  12   0   2   0  0.46 inf
   14 T   -1 -4 -1  0 -4  0 -1 -4 -2 -2 -3 -2 -4 -5  0  4  5 -5 -4 -3    3   0   2   4   0   4   2   0   1   2   2   2   0   0   5  36  37   0   0   1  0.83 inf
   15 N   -1  0  2  1 -4  0 -1 -3  1 -3 -3  4 -2 -4  1  1  2 -5 -3 -3    4   4  12   8   0   2   2   1   3   1   2  26   1   0   7  10  16   0   0   1  0.39 inf
   16 L   -4 -6 -7 -8 -5 -6 -7 -7 -7 -1  7 -6  0 -3 -6 -6 -5 -6 -5 -1    1   0   0   0   0   0   0   0   0   2  91   0   1   0   0   0   0   0   0   3  1.90 inf
   17 F   -6 -7 -5 -8 -6 -7 -7 -7 -4 -2  1 -7 -2  9 -8 -5 -6 -1 -1 -4    0   0   1   0   0   0   0   0   0   2  14   0   1  80   0   1   0   1   1   0  2.46 inf
   18 K   -2 -2 -1  2 -4  3  2 -4 -3 -5 -5  2 -3 -5 -4  3  4 -4 -5 -4    2   1   2  11   0  13  13   0   0   0   0  12   0   0   0  20  24   0   0   0  0.65 inf
   19 P   -2 -4 -5 -5 -7 -4 -4 -6 -4 -7 -7 -4 -7 -8  8  0 -1 -8 -7 -7    3   1   0   0   0   1   1   0   0   0   0   1   0   0  83   7   3   0   0   0  2.60 inf
   20 I   -2 -5 -5 -6 -2 -5 -5 -4 -2  4  3 -4 -1  2 -5 -4 -1 -3  4  1    3   0   0   0   1   0   0   1   1  25  28   1   1   8   0   0   5   0  18  10  0.76 inf
   21 K   -2  2  0  0 -5  4  0 -4 -1 -5 -4  5 -4 -6 -3 -1  2 -6 -4 -3    2  11   3   6   0  16   4   0   1   0   1  36   0   0   1   3  14   0   0   1  0.76 inf
   22 I   -2 -5 -6 -6 -4 -5 -6 -6 -6  3  4 -5  4 -1 -6 -4 -3 -3 -4  4    4   0   0   0   0   0   0   0   0  14  41   0  12   2   0   0   0   0   0  26  0.99 inf
   23 G   -2 -4 -3 -5 -7 -5 -6  7 -4 -8 -8 -2 -7 -7 -4 -2 -5 -5 -7 -7    3   1   1   0   0   0   0  89   0   0   0   2   0   0   1   2   0   0   0   0  2.25 inf
   24 N    2  1  3  3 -4  0  0  0 -1 -5 -4  1 -4 -4  2  0 -1 -5 -4 -4   16   8  14  15   0   4   5   8   1   0   0  10   0   1   9   6   2   0   0   0  0.38 inf
   25 N   -3 -3  0 -5 -1 -3 -4 -5  1  3  3 -3  2  3 -5 -3  0 -2  1  1    1   1   6   0   1   1   0   0   4  16  34   2   5  11   0   1   6   0   4   7  0.49 inf
   26 E   -1 -1  1  0 -4  3  3 -4  2 -3 -3 -1 -3 -5 -1  1  4 -5 -4 -1    5   3   6   3   0  12  17   0   5   1   1   3   0   0   2   7  30   0   0   3  0.49 inf
   27 L   -2 -6 -7 -8 -5 -6 -7 -7 -7  0  6 -6 -2 -2 -7 -6 -4 -6 -5 -1    4   0   0   0   0   0   0   0   0   3  88   0   0   1   0   0   1   0   0   4  1.80 inf
   28 L    2  0 -1 -3 -3  2 -1 -3 -3 -5 -4  3 -4 -5  4  3 -1 -6 -5 -4   16   3   3   1   0  10   3   1   0   0   1  16   0   0  19  24   2   0   0   0  0.62 inf
   29 H   -6 -5  8 -4 -7 -1 -5 -5  8 -8 -8 -5 -6 -7 -7 -3 -4 -8 -5 -8    0   0  63   0   0   3   0   0  33   0   0   0   0   0   0   1   1   0   0   0  2.52 inf
   30 R   -6  9 -5 -6 -8 -4 -5 -7  0 -8 -7 -1 -6 -8 -7 -5 -6 -8 -6 -7    0  96   0   0   0   0   0   0   2   0   0   2   0   0   0   0   0   0   0   0  2.91 inf
   31 A   -2 -6 -6 -7 -4 -6 -6 -7 -6  6  0 -6  1 -2 -6 -5 -3 -6 -5  5    3   0   0   0   0   0   0   0   0  43   8   0   3   1   0   0   1   0   0  41  1.41 inf
   32 V    2 -6 -6 -6 -4 -6 -6 -4 -6  2 -1 -6 -3  1 -6 -4 -3 -2 -4  6   14   0   0   0   0   0   0   1   0   7   4   0   0   6   0   0   1   1   0  65  1.31 inf
   33 I   -6 -6 -7 -7 -6 -2 -6 -7  0 -3  2 -6 10  0 -7 -6 -5 -6  0 -4    0   0   0   0   0   2   0   0   3   1  20   0  67   3   0   0   0   0   4   0  2.38 inf
   34 P    7 -6 -5 -6  0 -5 -5 -4 -6 -5 -4 -5 -5 -6  2 -1 -4 -7 -6 -4   84   0   0   0   2   0   0   0   0   0   1   0   0   0   9   3   0   0   0   1  1.83 inf
   35 P   -5 -7 -7 -6 -8 -6 -6 -7 -7 -8 -8 -6 -8 -9  9 -5 -6 -9 -8 -7    0   0   0   0   0   0   0   0   0   0   0   0   0   0  99   0   0   0   0   0  3.50 inf
   36 L   -4 -6 -5 -7 -2 -5 -6 -7 -6 -2  5 -6  7 -4 -6 -4  1 -6 -5 -2    0   0   0   0   1   0   0   0   0   0  58   0  30   0   0   1   8   0   0   1  1.64 inf
   37 T   -4 -6 -4 -6 -6 -5 -6 -5 -6 -6 -6 -5 -5 -5 -6 -3  8 -7 -6 -5    0   0   0   0   0   0   0   0   0   0   0   0   0   0   0   1  97   0   0   0  2.73 inf
   38 R   -6  9 -5 -6 -8 -4 -5 -7 -5 -8 -7 -3 -6 -8 -7 -6 -6 -8 -7 -7    0 100   0   0   0   0   0   0   0   0   0   0   0   0   0   0   0   0   0   0  3.13 inf
   39 M    0 -3  3 -3  5  0 -3 -2 -3 -3  0 -3  3  2 -4  3  0 -4 -1 -2    8   1  13   1  11   4   0   3   0   0  10   0   9   9   0  24   4   0   2   1  0.43 inf
   40 R   -6  9 -5 -7 -8 -4 -5 -7 -5 -8 -7 -2 -6 -8 -7 -6 -6 -8 -7 -7    0  99   0   0   0   0   0   0   0   0   0   1   0   0   0   0   0   0   0   0  3.10 inf
   41 A    6 -5 -2 -5 -1 -4 -4 -3 -4 -5 -5 -4 -4 -6 -4  3  1 -6 -4 -3   64   0   2   0   1   0   0   1   0   0   0   0   0   0   0  21   7   0   1   1  1.32 inf
   42 L    0 -1  0  0 -2 -1 -1  2 -1  0  0 -2 -1 -1 -2  1  2  1  1  0    7   2   3   7   0   1   3  15   1   7   8   1   1   2   1  11  15   2   7   5  0.10 inf
   43 H   -1  0  2  3 -3  3  3 -1  1 -3 -3  1 -2 -3 -1 -1 -1 -3 -2 -2    5   4  12  16   0  14  17   3   3   1   3   8   1   1   3   3   2   0   1   2  0.35 inf
   44 P    1 -3 -1  3 -2 -1  2 -2 -2 -2 -3 -1 -3 -3  5 -1 -2 -2 -3 -2   12   1   2  18   1   2  12   3   1   2   2   3   0   1  32   3   2   1   1   2  0.67 inf
   45 G   -2 -2  1  2 -3 -1 -1  5  0 -3 -3 -2 -2 -3 -2 -1  0 -3 -3 -3    2   2   6  10   0   3   5  50   2   1   2   2   1   1   1   4   5   0   1   1  0.74 inf
   46 N   -1  2  5  3 -4 -2 -1 -1  5 -4 -2 -2 -3 -1 -4 -2 -1 -5 -3 -4    6  10  27  15   0   1   3   5  16   0   5   1   0   3   0   2   4   0   0   1  0.63 inf
   47 I   -1 -4 -5 -5 -1 -4 -3 -5 -2  4 -1 -4 -1 -3 -5 -3  0 -5 -4  6    5   0   0   0   1   0   2   0   1  23   4   1   1   1   0   1   6   0   0  52  1.03 inf
   48 P    0 -5 -5 -5 -6 -5 -3 -5 -6 -6 -5 -5 -6 -6  8 -4 -3 -6 -6 -4    7   1   0   0   0   0   2   0   0   0   1   0   0   0  84   0   1   0   0   1  2.62 inf
   49 N   -2 -2  5 -1 -3  0 -2  1  0 -2 -3 -2 -3 -3  0  1  3 -3 -3 -2    2   1  28   2   0   4   1  10   2   2   2   1   0   1   5  11  23   0   1   2  0.54 inf
   50 R    1  0  0  0 -1  2  0  0 -1 -1  0  0  0 -1  1  0  0 -2 -1 -1   16   4   3   4   1  13   6   5   1   2   9   6   2   2   6   7   7   1   2   4  0.09 inf
   51 D   -2 -3 -2  5 -4 -1  3 -3 -1 -3 -3 -2 -3 -4  5 -1 -2 -4 -4 -3    3   1   1  32   0   1  18   1   1   2   3   1   1   1  26   4   1   0   1   2  0.88 inf
   52 W   -4 -4 -3 -6 -5 -4 -5 -6  3  1  5 -5  5  0 -6 -3 -4  2 -3 -2    1   1   2   0   0   1   0   0   8   8  55   0  16   3   0   1   0   3   0   1  1.11 inf
   53 A    3 -5  2 -5 -4  0 -3 -4  2 -3 -3 -4  8 -4 -5 -2  0 -6 -5  1   27   0   8   0   0   4   1   1   4   1   0   0  36   0   0   1   7   0   0   8  1.05 inf
   54 V    4 -2 -4 -4 -3 -2 -3 -2 -4  0  0  0 -2 -4 -2 -2  0 -5 -2  3   45   1   0   0   0   2   1   3   0   6   9   7   0   0   1   1   4   0   1  19  0.58 inf
   55 E   -3 -1 -2  1 -3  1  5 -5 -3 -3  0  0 -3 -5 -4 -2  3 -5 -4 -2    1   3   1   6   0   6  43   0   0   1  10   6   0   0   0   1  18   0   0   3  0.74 inf
   56 Y   -7 -7 -6 -8 -7 -5 -7 -8  2 -6 -6 -7 -6 -1 -8 -7 -7 -3 10 -6    0   0   0   0   0   0   0   0   4   0   0   0   0   1   0   0   0   0  94   0  3.48 inf
   57 Y   -7 -7 -7 -8 -4 -7 -7 -8 -3 -6 -6 -7 -6 -2 -8 -7 -7 -3 10 -6    0   0   0   0   0   0   0   0   0   0   0   0   0   0   0   0   0   0  99   0  3.75 inf
   58 T    4  2 -2  0 -2  0  0  1 -3 -4 -4 -1 -3 -5 -4  2  1 -5 -3 -2   34  12   1   4   1   4   5  10   0   0   0   2   0   0   0  16   7   0   1   3  0.46 inf
   59 Q   -3 -4 -4  0 -8  9 -1 -7 -4 -8 -6 -3 -5 -8 -6 -5 -5 -7 -5 -7    2   0   0   5   0  88   3   0   0   0   1   1   0   0   0   0   0   0   0   0  2.71 inf
   60 R   -6  9 -5 -7 -8 -3 -5 -7 -4 -8 -7 -3 -6 -8 -7 -6 -6 -8 -7 -8    0  99   0   0   0   0   0   0   0   0   0   0   0   0   0   0   0   0   0   0  3.10 inf
   61 A    7 -4 -4 -5 -4 -5 -5 -3 -5 -5 -5 -4 -5 -6 -5  1  0 -6 -6 -4   79   0   0   0   0   0   0   1   0   0   0   0   0   0   0  11   6   0   0   0  1.68 inf
   62 Q   -1 -2 -3 -4 -1  1 -3  1 -4 -5 -5 -1 -4 -5 -4  6  3 -5 -5 -4    2   2   0   0   1   6   1   9   0   0   1   4   0   0   0  55  17   0   0   1  1.01 inf
   63 R    0  1  0  0 -1  0  0 -1  0  0 -1  1  0  0  0  0  0 -1  1  0    6   8   4   5   1   4   5   4   2   3   6   9   1   5   3   6   8   1   6  11  0.02 inf
   64 P    0 -1  0  0 -1  0  0  0 -1 -1 -1 -1 -1 -1  4  0  0 -1 -1 -1    8   4   5   5   1   3   6   6   1   3   6   4   1   2  26   6   4   1   2   4  0.28 inf
   65 G    5 -5 -4 -5 -4 -4 -5  5 -5 -5 -5 -4 -5 -6 -5 -3 -4 -6 -5 -4   55   0   0   0   0   0   0  41   0   0   0   0   0   0   0   1   0   0   0   0  1.54 inf
   66 T   -2 -6 -4 -5 -6 -5 -6  7 -6 -7 -7 -5 -6 -7 -6 -1  3 -6 -7 -6    2   0   0   0   0   0   0  76   0   0   0   0   0   0   0   4  18   0   0   0  1.93 inf
   67 M   -6 -6 -7 -8 -5 -6 -7 -8 -6 -2  7 -7  1  1 -7 -6 -5 -5 -5 -3    0   0   0   0   0   0   0   0   0   0  91   0   3   6   0   0   0   0   0   0  1.99 inf
   68 I   -5 -6 -7 -7 -5 -4 -5 -7 -7  7  3 -6  1 -4 -6 -6 -4 -6 -5  0    0   0   0   0   0   1   1   0   0  62  29   0   3   0   0   0   0   0   0   3  1.67 inf
   69 I   -5 -7 -7 -7 -5 -7 -7 -8 -7  8 -1 -7 -3 -4 -7 -6 -4 -7 -5  3    0   0   0   0   0   0   0   0   0  74   4   0   0   0   0   0   1   0   0  21  2.03 inf
   70 T    2 -5 -4 -5 -5 -4 -4 -3 -5 -5 -5 -4 -5 -6 -5  4  6 -6 -6 -4   15   0   0   0   0   0   0   1   0   0   0   0   0   0   0  29  53   0   0   1  1.45 inf
   71 E   -6 -5 -5 -3 -8 -3  8 -7 -5 -8 -8 -4 -7 -8 -6 -5 -6 -8 -7 -7    0   0   0   0   0   0  99   0   0   0   0   0   0   0   0   0   0   0   0   0  2.85 inf
   72 G    6 -6 -5 -5 -1 -5 -5  4 -6 -6 -6 -5 -5 -6 -5 -2 -4 -6 -6 -5   63   0   0   0   1   0   0  35   0   0   0   0   0   0   0   1   0   0   0   0  1.65 inf
   73 A   -1 -5 -3 -5 -2 -5 -5 -6 -6 -1 -4 -5 -4 -6 -5  0  7 -7 -6 -2    5   0   1   0   1   0   0   0   0   3   1   0   0   0   0   7  79   0   0   3  1.88 inf
   74 F    0 -3  0 -2 -5  5 -2  0  0 -2 -1 -3  1  3  1  0 -3 -3  0 -1    6   0   3   2   0  32   0   9   2   2   5   0   3  12   7   7   1   0   4   4  0.46 inf
   75 I   -3 -6 -6 -6 -5 -6 -6 -7 -7  7 -2 -6 -2 -4  3 -4 -2 -6 -5  4    2   0   0   0   0   0   0   0   0  54   0   0   0   0  13   1   2   0   0  27  1.49 inf
   76 S   -1 -5 -3 -3 -1 -3 -2 -4 -3 -5 -6 -4 -1 -4 -5  7  1 -7 -5 -5    4   0   0   1   1   1   2   0   1   0   0   0   2   1   0  79   6   0   0   0  1.66 inf
   77 P    1  1 -3  2 -5  0  1 -4  0 -4 -3 -1 -2 -2  6 -2 -3 -6 -3 -2   14   8   1  10   0   4   9   0   3   1   3   2   1   2  38   1   1   0   1   2  0.79 inf
   78 Q   -2  1  1  1 -4  5  2 -2 -2 -3 -2 -1  1 -4 -3 -1  2 -5 -3 -2    3   8   5   7   0  32  12   2   0   1   3   2   3   0   1   4  12   0   1   2  0.54 inf
   79 A    4 -5 -3 -5 -1 -2 -4  5 -3 -6 -5 -4 -5 -3 -4  0 -2 -6 -4 -5   36   0   0   0   1   1   1  48   1   0   0   0   0   1   0   8   2   0   0   0  1.21 inf
   80 G   -1  1  0 -3 -2  5 -2  2 -2 -2 -1  2 -2 -4 -3 -1 -2 -5 -2  0    4   8   3   0   1  31   1  19   1   3   5  11   0   0   1   4   1   0   1   7  0.50 inf
   81 G   -2 -6 -4 -5 -6 -6 -6  7 -6 -3 -2 -5 -4 -7 -6 -2 -4 -6 -5 -5    3   0   0   0   0   0   0  86   0   1   4   0   0   0   0   3   1   0   0   1  2.06 inf
   82 Y   -6 -5 -5 -3 -4 -5 -6 -6 -2 -4 -4 -6  0  3 -7 -5 -6  4  9 -4    0   1   0   2   0   0   0   1   1   1   1   0   2   9   0   1   0   5  75   1  2.50 inf
   83 D    3 -4 -2  0 -4  0 -1 -3 -3 -1  0 -2 -2 -3  5  0 -1 -1 -4 -1   25   0   2   6   0   3   3   1   0   4   9   1   1   1  29   7   2   1   0   4  0.55 inf
   84 N   -1  1  4  2 -2 -2 -2  2  4 -5 -3 -3 -3  2 -5 -2 -2  5  1 -5    4   7  21  13   1   1   2  14  11   0   1   0   1   9   0   1   2   8   5   0  0.56 inf
   85 A    2 -5 -2 -4 -1 -3 -3 -4 -5  0 -3 -4 -2 -4 -4 -1  6 -6 -5  3   15   0   1   0   1   1   2   1   0   4   1   0   1   0   0   4  48   0   0  21  0.98 inf
   86 P   -4 -7 -7 -7 -8 -6 -6 -7 -7 -8 -8 -6 -8 -9  9 -5 -5 -9 -8 -6    1   0   0   0   0   0   0   0   0   0   0   0   0   0  97   1   0   0   0   0  3.41 inf
   87 G   -3 -7 -5 -6 -7 -6 -5  8 -7 -8 -8 -5 -4 -8 -7 -4 -6 -7 -8 -8    1   0   0   0   0   0   0  97   0   0   0   1   0   0   0   1   0   0   0   0  2.67 inf
   88 V   -5 -7 -7 -7 -3 -7 -7 -8 -7  8  2 -7  0 -3 -7 -6 -5 -6 -5  1    0   0   0   0   1   0   0   0   0  74  17   0   1   0   0   0   0   0   0   7  1.91 inf
   89 W   -6 -6 -6 -7 -7 -6 -5 -7  6 -5 -6 -5 -6  3 -8 -4 -6  9  7 -6    0   0   0   0   0   0   0   0  18   0   0   0   0  10   0   1   0  31  38   0  2.54 inf
   90 S   -3 -3  3 -3 -5 -4 -4 -3 -2 -5 -5 -3 -5 -6 -5  5  5 -7 -6 -5    1   1  12   0   0   0   1   1   1   0   1   0   0   0   0  41  41   0   0   0  1.34 inf
   91 E    0 -1 -2  4 -5  3  2 -3 -1 -6 -5  2 -5 -6  3 -1 -3 -6 -5 -5    9   3   1  27   0  12  15   1   1   0   0  12   0   0  16   3   1   0   0   0  0.74 inf
   92 E    3 -2 -3  0 -6  0  6 -3 -3 -6 -5 -1 -5 -7 -4 -1 -3 -7 -6 -4   24   1   1   5   0   4  56   1   0   0   0   3   0   0   0   3   1   0   0   1  1.23 inf
   93 Q   -4 -4 -5 -5 -8  9 -2 -7  4 -8 -7 -4 -3 -8 -6 -4 -6 -7 -6 -7    1   0   0   0   0  87   1   0  10   0   0   0   1   0   0   1   0   0   0   0  2.80 inf
   94 M   -1 -4 -6 -6 -4 -5 -3 -6 -6  5  0 -5  0 -3 -5 -4  0 -4 -5  5    4   1   0   0   0   0   2   0   0  31   6   0   2   0   0   0   7   0   0  46  1.10 inf
   95 V    4 -1 -2  1 -5  1  4 -3 -3 -4 -4  1 -4 -6 -4 -1 -2 -6 -5 -3   36   3   1   8   0   5  30   1   0   0   1   8   0   0   0   2   1   0   0   1  0.76 inf
   96 E    4 -5 -4 -4 -5 -2 -2  6 -5 -6 -6 -5 -5 -7 -5 -1 -4 -6 -6 -4   38   0   0   0   0   2   2  53   0   0   0   0   0   0   0   4   0   0   0   1  1.45 inf
   97 W   -8 -8 -9-10 -8 -8 -9 -8 -8 -8 -7 -9 -7 -4 -9 -9 -8 13 -3 -9    0   0   0   0   0   0   0   0   0   0   0   0   0   0   0   0   0  99   0   0  5.32 inf
   98 T   -3  5 -3 -5 -3  0 -3 -5 -3 -7 -6  7 -5 -7 -5 -2 -3 -7 -6 -6    1  27   1   0   1   4   0   0   0   0   0  62   0   0   0   2   2   0   0   0  1.72 inf
   99 K   -1  2 -1 -3 -5  1  1 -3 -1 -4 -1  5 -3 -5  3 -2 -1 -6 -5 -3    6  10   2   1   0   6   7   2   1   0   6  41   0   0  12   1   3   0   0   1  0.70 inf
  100 I   -4 -7 -7 -7 -5 -6 -7 -7 -7  5 -2 -6 -3 -5 -6 -6 -2 -7 -5  6    0   0   0   0   0   0   0   0   0  36   0   0   0   0   0   0   2   0   0  61  1.83 inf
  101 F   -2 -5  0 -5 -5 -5 -5 -5 -6 -1 -4 -5 -4  0 -5 -2  7 -6 -4  3    3   0   4   0   0   0   0   1   0   3   0   0   0   3   0   1  65   0   0  20  1.50 inf
  102 N   -2 -2  0  7 -7  1  2 -3 -4 -7 -6  1 -6 -7 -5 -1 -3 -7 -6 -6    4   2   4  57   0   7  10   2   0   0   0   8   0   0   0   5   1   0   0   0  1.31 inf
  103 A    6 -1 -4 -5 -4 -4 -1 -1 -5 -4 -5 -1 -5 -6 -5 -1 -2 -7 -6 -3   76   3   0   0   0   0   3   4   0   0   0   4   0   0   0   4   2   0   0   1  1.43 inf
  104 I   -3 -7 -7 -8 -5 -7 -7 -8 -8  2 -3 -7 -4 -5 -7 -6 -4 -7 -6  8    1   0   0   0   0   0   0   0   0   9   0   0   0   0   0   0   0   0   0  89  2.29 inf
  105 H   -7 -3 -4 -6 -8 -4 -5 -7 11 -9 -8 -3 -7 -7 -8 -6 -7 -8 -3 -9    0   1   0   0   0   0   0   0  97   0   0   1   0   0   0   0   0   0   0   0  4.08 inf
  106 E    5  0 -2  1 -4  1  2 -1 -4 -5 -5  0 -4 -6 -4  0 -2 -6 -5 -4   48   5   2   8   0   6  15   3   0   0   0   6   0   0   0   6   1   0   0   0  0.73 inf
  107 K    2  1  2 -2 -4  1  1 -3 -3 -5 -5  5 -4 -6 -4 -2 -3 -6 -5 -3   21   7  10   1   0   5   8   1   0   0   0  42   0   0   0   1   0   0   0   2  0.87 inf
  108 K   -4 -4 -1 -1 -7 -3 -4  7 -5 -8 -8  0 -7 -7 -6 -4 -6 -7 -7 -7    0   1   3   3   0   1   1  84   0   0   0   7   0   0   0   0   0   0   0   0  2.06 inf
  109 S    0 -5 -4 -5  0 -5 -5  6 -6 -7 -7 -5 -6 -7 -6  3 -3 -7 -7 -6    7   0   0   0   2   0   0  67   0   0   0   0   0   0   0  22   1   0   0   0  1.67 inf
  110 F   -2  4 -3 -5 -4 -2 -3 -5  3  1 -1  4 -3  4 -3 -3 -1 -4  1  0    3  24   0   0   0   0   0   0   6   8   4  23   0  16   1   0   3   0   5   6  0.61 inf
  111 V   -3 -7 -7 -7 -5 -6 -7 -7 -7  7 -1 -6  3  2 -7 -2 -5 -6 -4  1    1   0   0   0   0   0   0   0   0  70   2   0   7  10   0   3   0   0   0   6  1.75 inf
  112 W    0 -6 -6 -7 -4 -6 -6 -6 -3 -2 -3 -6 -4  8 -7  0 -5  3  3  2    7   0   0   0   0   0   0   0   0   2   0   0   0  56   0   8   0   3   7  15  1.54 inf
  113 V    1 -5 -3 -6  7 -3 -5 -5 -5  2  2 -5  3 -4 -3 -2 -2 -5 -4  2   15   0   1   0  22   1   0   0   0  12  22   0   7   0   1   2   2   0   0  16  0.78 inf
  114 Q   -6 -4 -4 -5 -8  9 -3 -7 -5 -8 -7 -4 -6 -9 -7 -5 -6 -7 -7 -8    0   0   0   0   0 100   0   0   0   0   0   0   0   0   0   0   0   0   0   0  3.34 inf
  115 L   -5 -6 -7 -8 -5 -6 -7 -8 -7  3  6 -6  0 -1 -7 -6 -5 -6 -5 -2    0   0   0   0   0   0   0   0   0  14  82   0   2   2   0   0   0   0   0   1  1.77 inf
  116 W   -5 -8 -9-10 -4 -6 -8 -7 -8 -4 -6 -8  4 -1 -9 -8 -7 13 -3 -6    1   0   0   0   0   0   0   0   0   1   0   0   9   2   0   0   0  85   0   1  4.33 inf
  117 V    0 -5 -2 -3 -7 -4 -5 -5 11 -7 -7 -5 -4 -1 -4 -3 -6 -7  0 -3    9   0   2   1   0   0   0   1  77   0   0   0   0   2   1   2   0   0   2   2  2.81 inf
  118 L   -1 -5 -4 -5  2 -5 -5 -2 -6 -1  2 -5  2 -4 -4 -3  2 -6 -4  5    5   0   0   0   4   0   0   3   0   1  18   0   4   0   0   1  11   0   0  51  0.90 inf
  119 G   -4 -7 -5 -6 -7 -7 -7  8 -7 -9 -9 -6 -7 -8 -7 -5 -6 -7 -8 -8    0   0   0   0   0   0   0 100   0   0   0   0   0   0   0   0   0   0   0   0  2.86 inf
  120 W   -6  9 -5 -7 -8 -4 -5 -6 -5 -8 -6 -2 -6 -8 -7 -5 -6 -2 -5 -7    0  97   0   0   0   0   0   0   0   0   1   0   0   0   0   0   0   1   0   0  2.96 inf
  121 A    2 -4 -5 -6 -3  0 -5 -5 -5  4 -1 -4  3 -3 -5 -3 -1 -6 -4  5   19   0   0   0   0   4   0   0   0  25   3   0   6   1   0   1   2   0   0  37  0.88 inf
  122 A    3 -4 -3 -4 -1 -4 -4  1 -5 -6 -6 -4 -5 -5 -5  6 -1 -6 -5 -2   20   1   1   0   1   0   0  10   0   0   0   0   0   0   0  61   3   0   0   3  1.26 inf
  123 F   -5 -4  2  2 -6 -3 -3 -6 10 -5 -6 -3 -4 -1 -3 -2 -2 -3 -1 -3    0   1   9  13   0   1   1   0  61   1   1   1   0   3   1   2   2   0   1   2  2.02 inf
  124 P    0 -2 -2 -4 -3 -1 -3 -4 -4 -2 -4 -3 -3 -5  7  0  2 -5 -1  0    7   2   1   0   0   2   1   1   0   2   1   1   1   0  50   8  11   0   2   7  1.15 inf
  125 D    0 -2  0  4 -4  0  1 -1 -1 -2 -2  0 -2 -4 -2  3 -1 -5 -3 -1    8   1   4  22   0   4  10   5   2   2   3   5   1   0   1  27   3   0   1   4  0.39 inf
  126 N   -2 -2  2 -1 -1 -2 -2 -1 -1  0  2 -2  0  4 -3 -1 -1 -2  1  1    2   1  11   3   1   2   3   5   1   4  20   1   2  20   1   4   3   0   5  11  0.22 inf
  127 L   -2 -2 -3 -3 -3  3 -2 -4  0  0  4 -2  2  0 -4 -3  0 -3 -1 -1    3   1   1   1   0  15   1   1   3   5  46   1   4   3   1   1   5   0   2   2  0.53 inf
  128 A    1 -1 -1 -2 -3  5  0 -2 -1 -3 -2  2 -2 -3  3 -1 -2 -3 -1 -3   12   3   2   2   1  28   4   3   1   1   4  14   0   1  16   3   1   0   2   1  0.53 inf
  129 R   -1  0  1  0 -4 -1  0  0  2 -3 -3  1 -3 -4  5 -1 -2 -3 -3 -3    6   5   8   6   0   2   6   9   6   1   2   7   0   1  33   4   2   0   1   1  0.60 inf
  130 D   -1 -1  4  3 -5 -1  2  3  2 -4 -4 -2 -4 -5 -4 -1 -3 -4 -3 -1    3   3  19  20   0   2  11  22   5   1   1   2   0   0   0   3   1   0   1   6  0.55 inf
  131 G    2 -4 -2 -4 -5  0 -4  6 -2 -6 -4 -3 -4 -6 -5 -3 -4 -6 -5 -5   15   1   2   1   0   4   1  70   1   0   2   1   0   0   0   1   1   0   0   1  1.50 inf
  132 L    1  0 -2 -1 -3  2  1 -1  0 -1  1  0 -1 -1  2 -1 -2 -3  0 -1   16   5   1   2   0  11  11   4   2   2  18   6   1   2   9   1   1   0   3   3  0.15 inf
  133 R    2  0 -3  0 -4  1 -1 -4 -3 -1  0  0 -2 -3  4  0  0 -5 -2 -1   17   6   1   6   0   8   2   0   0   4  10   4   1   1  25   7   5   0   1   3  0.40 inf
  134 Y    1 -4 -4 -4 -5 -5 -4 -4 -4  0  0 -4 -2  0  7 -3 -4 -2  1  1   11   0   0   1   0   0   1   1   0   4   9   0   1   4  47   1   0   1   6  12  1.11 inf
  135 D    0 -5 -5 -1 -3 -3 -4 -4 -5  3  0 -4 -2 -3 -1 -1 -2 -4 -3  5    8   0   0   3   0   1   0   1   0  19   7   1   0   0   4   5   2   0   0  47  0.77 inf
  136 S    4 -3 -3 -4 -3 -2 -4  0 -4 -5 -5 -4 -5 -6  2  5 -2 -6 -4 -4   37   1   1   0   0   1   0   7   0   0   0   0   0   0  10  40   1   0   0   1  1.04 inf
  137 A    3 -5 -5 -5  0 -4 -4 -4 -5 -5 -6 -4 -5 -6  6  4 -2 -7 -6 -3   24   0   0   0   2   0   0   1   0   0   0   0   0   0  40  30   2   0   0   2  1.38 inf
  138 S    1 -4 -2 -1 -5 -3 -2 -2 -4 -4 -6 -2 -5 -6 -2  6  2 -6 -5 -4   10   0   1   4   0   0   2   2   0   1   0   1   0   0   2  64  12   0   0   1  1.22 inf
  139 D    4 -4 -1  3 -4 -3 -1 -2 -4  0 -3 -2 -4 -5  1  0  0 -5 -5 -1   43   0   3  15   0   0   3   2   0   7   1   1   0   0   7   7   6   0   0   4  0.58 inf
  140 N    0  1 -1 -2 -3  0 -1 -3 -2  3 -1  2 -1 -3 -1 -2  1 -4 -3  1    7   8   3   2   0   4   3   2   1  24   4  18   1   0   3   2   9   0   0  10  0.23 inf
  141 V    2  0 -1 -3  0  0 -3 -2 -3  2 -1  0 -2 -3  2 -1  1 -3 -1  2   21   4   3   1   2   4   0   2   0  12   3   5   0   1  12   2   9   0   2  18  0.26 inf
  142 F    2 -3 -1 -4 -2 -2 -2 -3 -2  1 -1 -3 -2  3  3 -1 -1  3  4 -1   17   1   3   0   0   1   2   1   0   8   6   1   1  12  15   4   3   4  15   4  0.40 inf
  143 M    0 -2 -1  0 -3 -1  1  1 -1  1 -1 -1  1 -2  1  0  0  1 -3  0    8   1   3   6   0   2  11  13   1  12   5   4   5   1   8   5   7   2   0   7  0.09 inf
  144 D    0  0  0  3 -3 -1  1  2 -1 -3 -3 -1 -3 -4  1  1  0  0 -2 -1    6   4   4  19   0   2   8  20   1   1   1   2   0   0   7   9   4   1   2   6  0.26 inf
  145 A    0  0  1  2 -3  2  2  0  2 -2 -2  1  0 -3 -1  0  0 -4 -1 -1    7   4   6  11   0  11  14   8   6   2   2   7   3   1   3   3   7   0   1   3  0.17 inf
  146 E    1 -1 -1  0 -2 -1  2 -1 -1  0 -1  0  1 -2  0 -1  0  1  0  1   13   2   2   5   0   2  18   5   1   5   3   5   4   1   4   3   8   2   3  13  0.10 inf
  147 Q    0 -1  0  1 -3  0 -1 -1  3 -2 -2 -1  0  2  1  1  1 -1  2 -2    6   3   5   8   0   4   3   4   8   2   3   2   3  10   6  13   9   1   8   2  0.14 inf
  148 E   -1 -1 -1  1 -3 -1  0  3  0 -3 -1  0 -2 -3  0  0  3 -4 -3 -2    3   2   2   6   0   2   8  23   2   1   6   5   0   1   4   4  24   0   1   3  0.28 inf
  149 A    0 -1  1  1 -2  0  1  0  0 -2 -2  1 -1 -2  2  0  0 -3  0 -1   10   2   8   7   0   5  10   6   2   2   4   9   1   1  11   5   7   0   4   5  0.13 inf
  150 K    0  0  0  1 -3  1  1  2 -1 -2 -2  0 -2 -2  2  0 -1 -1 -2 -2    8   6   4   7   0   5  12  19   1   3   5   6   1   2   9   4   3   1   1   2  0.16 inf
  151 A    2 -2 -1 -2 -3 -1 -1  4 -1 -1 -3 -2 -2 -2  0 -1 -1 -3 -2 -1   18   1   2   1   0   3   3  39   2   3   2   2   1   1   5   4   3   0   1   5  0.47 inf
  152 K   -1  1 -1 -2 -3  0  1 -3 -1 -1  0  2  3  3  1 -1 -2  0  0 -1    3   7   2   2   0   4   9   2   1   4   7  15  11  14   7   2   1   1   2   4  0.18 inf
  153 K    1  0 -2 -1 -2  2  1 -2 -2 -1 -1  2  0 -3 -2 -1 -1 -4 -1  3   10   5   1   3   1  11   8   3   1   2   4  16   2   1   1   2   3   0   2  24  0.21 inf
  154 A    1 -2 -2  4 -2  0  1 -3 -3 -3 -3 -1 -3 -4  5 -1 -1 -5 -4 -1   13   1   1  21   1   5  11   1   0   1   3   3   0   1  26   4   3   0   0   5  0.58 inf
  155 N   -1 -3  0 -1  3 -3 -2  0  3 -1 -3 -3 -2  3  0 -1  2 -2  4  0    5   1   5   4   7   1   1   9   7   3   1   0   1  12   6   2  12   0  17   7  0.30 inf
  156 N   -1 -3  2  0 -2 -2  1 -2 -2 -1 -2 -2 -3 -3  3  3  0 -5 -3  2    4   1  10   4   1   1   9   1   1   2   2   1   0   1  15  25   6   0   1  14  0.36 inf
  157 P    0 -2 -3 -3 -4  0  2 -4 -3 -1 -2 -1  1 -4  4 -2  4 -5 -4  2    6   1   0   0   0   4  14   0   0   3   3   3   4   0  19   0  25   0   0  15  0.55 inf
  158 Q   -2 -4 -6 -6 -7 -1 -5 -6 -3 -2 -2 -5 -6 -7  8 -5 -5 -8 -7 -4    3   1   0   0   0   3   0   0   1   3   5   0   0   0  81   0   0   0   0   1  2.44 inf
  159 H   -5  8 -5 -6 -8  0 -2 -5  3 -7 -6  1 -6 -7 -6 -4 -3 -4 -6 -5    1  78   0   0   0   3   2   0   6   0   0   5   0   0   0   0   1   0   0   1  2.12 inf
  160 S    6  1 -5 -4 -4 -3  3 -1 -5 -5 -5 -4 -4 -6  1 -2 -3 -6 -5 -3   60   7   0   0   0   0  17   3   0   0   0   0   0   0   8   2   1   0   0   1  1.09 inf
  161 L   -4 -6 -7 -7 -5 -6 -7 -7 -6 -1  6 -6  6 -4 -6 -6 -5 -6 -3 -2    1   0   0   0   0   0   0   0   0   2  76   0  17   0   0   0   0   0   1   1  1.78 inf
  162 T   -1  0 -3  0 -5 -2  4 -3 -3 -5 -5 -2 -4 -6 -4  2  5 -6 -5 -4    5   5   0   5   0   1  23   1   0   0   0   2   0   0   0  14  40   0   0   0  0.87 inf
  163 K   -1 -2 -3 -2 -4  1  2 -4 -2  2  1  0 -2 -3 -3 -2  4 -5 -4  1    5   2   0   2   0   6  13   1   1  10  11   6   0   0   1   1  29   0   0   9  0.34 inf
  164 D    1 -2 -1  5 -5  1  4 -2  0 -5 -4 -1 -5 -5 -1  1 -2 -4 -4 -4   14   1   2  28   0   5  26   2   2   0   1   2   0   0   3   8   1   0   0   0  0.67 inf
  165 E   -5 -5 -4  3 -8 -1  7 -4 -5 -6 -7 -3 -7 -8 -6 -5 -5 -8 -7 -7    0   0   0  13   0   2  81   1   0   0   0   1   0   0   0   0   0   0   0   0  2.17 inf
  166 I   -5 -7 -7 -7 -5 -7 -6 -8 -7  8  0 -7  1 -4 -7 -6 -5 -7 -5  2    0   0   0   0   0   0   0   0   0  80   7   0   2   0   0   0   0   0   0  10  2.11 inf
  167 K    0  0 -2  0 -6  2 -1 -3  2 -5 -4  3 -5 -5  6 -2 -3  0 -4 -4    9   4   1   5   0   9   3   1   5   0   1  18   0   0  35   2   1   1   0   1  0.86 inf
  168 Q    1  2 -1  2 -5  3  2  3  1 -4 -4 -1 -3 -5 -4 -1 -2 -4 -3 -4   10  13   2  11   0  15  14  22   3   1   1   1   0   0   0   3   2   0   0   1  0.46 inf
  169 Y   -2 -4 -5 -6 -2 -5 -5 -6 -5  5  1 -3 -1 -1 -5 -4  1 -4  2  3    2   0   0   0   1   0   0   0   0  40  11   1   1   2   0   0  11   0   8  22  0.89 inf
  170 I   -4 -5 -7 -7 -5 -5 -5 -7 -7  5 -1 -4 -2 -4 -6 -6 -2 -6 -4  6    0   1   0   0   0   0   0   0   0  33   3   1   0   0   0   0   2   0   0  58  1.59 inf
  171 K    2 -1  2  2 -5  2  3  0  0 -5 -4  1 -4 -5 -4 -1 -2 -5 -3 -3   21   3  11  11   0   9  23   6   2   0   1   8   0   0   0   2   2   0   0   1  0.49 inf
  172 E   -1 -4 -2  6 -6  3  2 -3  0 -5 -3 -3 -3 -5 -5 -2 -2 -5 -4 -5    5   0   1  52   0  13  15   2   2   0   4   1   1   0   0   1   3   0   0   0  1.17 inf
  173 Y   -7 -7 -7 -8 -7 -7 -7 -8 -2 -4 -4 -7 -5  7 -8 -7 -6 -1  8 -6    0   0   0   0   0   0   0   0   1   0   0   0   0  46   0   0   0   0  51   0  2.65 inf
  174 V    3  5 -4 -4 -3 -2 -2 -2 -3 -2 -4  0 -3 -4 -1 -3 -1 -6 -5  2   22  38   0   0   0   1   2   3   0   1   0   6   0   1   2   1   4   0   0  18  0.74 inf
  175 Q    0  2  2 -1 -5  5 -1 -4  3 -1 -1  1 -2 -4 -4 -2  0 -5 -2 -2    7  11   9   4   0  29   2   0   7   4   6  10   0   0   0   2   5   0   1   3  0.47 inf
  176 A    7 -6 -5 -6 -3 -5 -5  1 -6 -6 -6 -5 -5 -6 -5 -1 -4 -7 -6 -5   84   0   0   0   0   0   0  10   0   0   0   0   0   0   0   4   0   0   0   0  1.85 inf
  177 A    7 -6 -6 -6 -3 -5 -5 -3 -6 -4 -6 -5 -5 -6 -5  0 -1 -7 -6 -3   88   0   0   0   0   0   0   1   0   1   0   0   0   0   0   5   4   0   0   1  1.92 inf
  178 K    0  5 -3 -3 -5  0  2 -4 -2 -1 -1  4 -3 -5 -4 -3 -3 -6 -4 -2    8  29   0   0   0   4  13   1   1   3   5  30   0   0   0   1   0   0   0   3  0.76 inf
  179 N   -2  2  8 -3 -2 -3 -4 -5  0 -6 -3 -1 -2 -6 -6 -2 -4 -7 -3 -6    3  11  69   0   1   0   0   0   2   0   3   3   1   0   0   2   0   0   1   0  1.77 inf
  180 S    7 -6 -6 -6 -2 -5 -5 -3 -6 -6 -5 -5 -5 -6 -5 -1 -4 -7 -6 -3   91   0   0   0   1   0   0   1   0   0   1   0   0   0   0   4   0   0   0   1  2.06 inf
  181 I   -4  1 -5 -4 -4 -2 -4 -6 -3  6  1  2  3 -3 -5 -4 -3 -5 -4  2    0   7   0   1   0   1   0   0   0  42  10  15   8   0   0   0   0   0   0  12  0.86 inf
  182 A    3  1 -2  2 -5  0  5 -4 -4 -4 -3  1 -3 -6 -4 -2 -2 -6 -5 -3   24   8   1   9   0   4  39   0   0   0   2   6   0   0   0   1   2   0   0   1  0.78 inf
  183 A    7 -6 -5 -6 -2 -5 -5 -4 -5 -5 -6 -5 -4 -7 -5 -2 -4 -7 -6 -3   95   0   0   0   1   0   0   0   0   0   0   0   0   0   0   1   0   0   0   1  2.25 inf
  184 G   -4 -7 -4 -4 -6 -6 -6  8 -7 -8 -8 -5 -7 -8 -7 -5 -6 -7 -8 -8    0   0   1   1   0   0   0  98   0   0   0   1   0   0   0   0   0   0   0   0  2.70 inf
  185 A    0 -7 -8 -8 -7 -8 -8 -6 -6 -4 -4 -8 -1  9 -8 -7 -6 -4 -2 -4    8   0   0   0   0   0   0   0   0   0   0   0   1  89   0   0   0   0   0   1  2.90 inf
  186 D   -7 -7 -2  9 -9 -5 -3 -6 -6 -8 -9 -6 -8 -9 -6 -5 -6 -9 -8 -8    0   0   1  99   0   0   0   0   0   0   0   0   0   0   0   0   0   0   0   0  3.11 inf
  187 G   -4 -7 -5 -6 -7 -6 -6  7 -6 -7 -4 -6 -1  0 -7 -5 -6 -6  2 -6    0   0   0   0   0   0   0  85   0   0   2   0   2   4   0   0   0   0   6   0  2.16 inf
  188 V   -4 -7 -7 -8 -5 -7 -7 -8 -8  4 -2 -7 -3 -4 -7 -6 -4 -7 -5  7    0   0   0   0   0   0   0   0   0  17   1   0   0   0   0   0   0   0   0  81  2.10 inf
  189 E   -6 -5 -5 -3 -9  0  8 -7 -5 -8 -8 -4 -7 -8 -6 -5 -6 -8 -7 -7    0   0   0   0   0   3  97   0   0   0   0   0   0   0   0   0   0   0   0   0  2.76 inf
  190 I   -5 -6 -6 -7 -4 -6 -6 -7 -7  7  3 -6 -2 -3 -6 -6 -4 -6 -5  3    0   0   0   0   0   0   0   0   0  55  28   0   0   0   0   0   0   0   0  16  1.55 inf
  191 H   -7 -6 -5 -7 -9 -5 -5 -8 11 -9 -7 -6 -2 -7 -8 -6 -7 -8 -4 -9    0   0   0   0   0   0   0   0  99   0   0   0   1   0   0   0   0   0   0   0  4.21 inf
  192 S    4 -5 -3 -4  0 -5 -5  6 -5 -6 -5 -5 -5 -6 -5  2 -4 -6 -6 -5   30   0   1   0   2   0   0  52   0   0   0   0   0   0   0  14   0   0   0   0  1.37 inf
  193 A    7 -6 -6 -6 -3 -5 -5  0 -6 -6 -6 -5 -5 -7 -5 -1 -4 -7 -6 -5   89   0   0   0   0   0   0   8   0   0   0   0   0   0   0   2   0   0   0   0  2.05 inf
  194 N   -6 -5  8 -4 -7 -4 -5 -5  6 -8 -8 -5 -5 -5 -6 -3 -5 -8 -3 -8    0   0  77   0   0   0   0   0  19   0   0   0   0   1   0   1   0   0   1   0  2.60 inf
  195 G   -2 -7 -4 -6 -5 -6 -7  8 -7 -8 -8 -6 -7 -8 -7 -3 -5 -7 -8 -8    2   0   0   0   0   0   0  96   0   0   0   0   0   0   0   2   0   0   0   0  2.62 inf
  196 Y   -7 -7 -5 -8 -2 -7 -7 -8 -3 -6 -6 -7 -6  1 -8 -7 -7 -3 10 -6    0   0   0   0   1   0   0   0   0   0   0   0   0   5   0   0   0   0  94   0  3.50 inf
  197 L   -6 -7 -8 -8 -6 -7 -7 -8 -7 -2  7 -7 -1 -2 -7 -7 -5 -6 -5 -3    0   0   0   0   0   0   0   0   0   1  97   0   1   2   0   0   0   0   0   0  2.20 inf
  198 L   -4 -6 -7 -7 -2 -5 -6 -6 -6  5  4 -6 -1  1 -1 -5 -4 -5 -4  1    0   0   0   0   1   0   0   0   0  36  44   0   0   6   3   0   0   0   0  10  1.17 inf
  199 N   -5 -5  3  7 -7 -1  3 -5  4 -7 -7 -4 -5 -7 -6 -4 -5 -8 -6 -7    0   0  11  62   0   3  15   0  10   0   0   0   0   0   0   0   0   0   0   0  1.82 inf
  200 Q   -5 -4 -4 -5 -8  9  0 -7 -4 -8 -7 -4 -5 -8 -6 -4 -2 -7 -6 -7    1   0   0   0   0  93   4   0   0   0   0   0   0   0   0   0   2   0   0   0  2.94 inf
  201 F   -7 -8 -8 -9 -7 -8 -8 -8 -6 -5 -4 -8 -5 10 -9 -7 -7 -4 -2 -6    0   0   0   0   0   0   0   0   0   0   0   0   0 100   0   0   0   0   0   0  3.50 inf
  202 L   -4 -5 -6 -7 -5 -4 -6 -7 -6  3  6 -6  3  1 -6 -5 -2 -2 -4 -1    1   0   0   0   0   0   0   0   0  16  67   0   7   5   0   0   2   0   0   1  1.33 inf
  203 D   -1  4  2  1 -1  4 -1 -4  2 -5 -4  3 -4 -6 -4  1 -3 -6 -4 -5    5  21   9   8   2  22   1   0   6   0   1  15   0   0   0  10   1   0   0   0  0.70 inf
  204 P   -2 -3 -1  6 -6 -3  0 -3 -4 -5 -4 -3 -5 -6  4  2  1 -1 -6 -3    3   1   1  43   0   0   4   2   0   0   1   1   0   0  19  14   8   1   0   1  1.02 inf
  205 H    0 -1  3 -2  0  0 -2  3  1 -2 -4  0 -3 -4 -3  2  0 -5 -3 -1    7   2  17   1   2   4   2  26   4   2   1   5   0   0   0  16   6   0   0   4  0.42 inf
  206 S    1 -5 -4 -4  2 -4 -4 -4 -5  0 -3 -4 -4 -5 -4  5  4 -6 -5  2   13   0   0   0   3   0   0   0   0   6   2   0   0   0   0  40  22   0   0  13  0.85 inf
  207 N   -7 -5  9 -4 -8 -5 -5 -5 -4 -8 -9 -5 -7 -8 -7 -4 -5 -9 -7 -8    0   0 100   0   0   0   0   0   0   0   0   0   0   0   0   0   0   0   0   0  3.32 inf
  208 T   -3  2  0  2 -6  4 -1 -4  4 -4 -2  3 -3 -3 -4 -3  0 -6 -4 -2    0   8   4  14   0  23   1   0  11   1   4  22   0   1   0   0   7   0   0   2  0.68 inf
  209 R   -6  9 -5 -7 -9 -4 -4 -7 -5 -8 -7 -3 -6 -8 -7 -5 -6 -8 -7 -8    0  99   0   0   0   0   0   0   0   0   0   0   0   0   0   0   0   0   0   0  3.12 inf
  210 T   -2 -4 -1  1 -5 -1 -1 -4 -4 -3 -4 -3 -3 -6 -5  0  7 -7 -6 -3    2   0   2   7   0   2   4   1   0   1   1   1   0   0   0   7  70   0   0   1  1.47 inf
  211 D   -7 -7 -3  9 -9 -5 -3 -4 -6 -8 -9 -6 -8 -9 -6 -5 -6 -9 -8 -8    0   0   0  99   0   0   0   1   0   0   0   0   0   0   0   0   0   0   0   0  3.10 inf
  212 E    2  1  0  0 -4  3  4 -1 -2 -3 -4  2 -3 -5 -2 -1 -3 -5 -4 -4   17   7   3   5   0  13  28   4   0   2   0  13   0   0   1   4   1   0   0   0  0.55 inf
  213 Y   -7 -7 -7 -8 -8 -7 -7 -8 -3 -7 -6 -7 -6 -1 -8 -7 -7  5 10 -6    0   0   0   0   0   0   0   0   0   0   0   0   0   1   0   0   0   8  91   0  3.52 inf
  214 G   -4 -5 -5 -6 -7 -6 -7  8 -7 -9 -8 -6 -7 -8 -7 -4 -6 -7 -8 -8    0   0   0   0   0   0   0  99   0   0   0   0   0   0   0   0   0   0   0   0  2.81 inf
  215 G   -3 -7 -5 -5 -7 -6 -7  8 -7 -8 -8 -6 -7 -8 -7 -4 -6 -7 -8 -7    1   0   0   0   0   0   0  98   0   0   0   0   0   0   0   1   0   0   0   0  2.73 inf
  216 S   -2 -5 -1 -4 -4 -4 -4 -3 -5 -7 -6 -5 -5 -7 -1  7  0 -7 -6 -5    1   0   3   1   0   0   0   1   0   0   0   0   0   0   4  84   5   0   0   0  1.89 inf
  217 I   -2 -1 -6 -4 -4 -3 -4 -6 -4  6  2 -5 -1 -2 -2 -5 -3 -6 -4  3    3   3   0   1   0   1   1   0   0  49  20   0   1   1   3   0   1   0   0  17  1.02 inf
  218 E   -1 -4 -4  0 -7  0  7 -5 -2 -7 -7 -3 -6 -6 -2 -2 -3 -7 -6 -5    6   0   0   3   0   3  80   0   1   0   0   1   0   0   2   2   1   0   0   1  1.90 inf
  219 N   -4 -3  9 -3 -7 -4 -5 -2 -3 -8 -8  0 -7 -8 -7 -3 -5 -8 -7 -8    1   1  89   0   0   0   0   2   0   0   0   5   0   0   0   1   0   0   0   0  2.69 inf
  220 R   -6  9 -5 -7 -9 -4 -5 -7 -5 -8 -7 -2 -6 -8 -7 -6 -6 -8 -7 -8    0  99   0   0   0   0   0   0   0   0   0   1   0   0   0   0   0   0   0   0  3.11 inf
  221 A    5 -5 -4 -5  5 -3 -4 -3 -5  1  0 -4  0 -3 -4  1  0 -3 -1 -1   44   0   0   0  14   1   0   1   0   7  10   0   2   0   0  10   6   0   2   3  0.77 inf
  222 R   -6  9 -4 -6 -8 -3 -5 -7 -5 -8 -7 -1 -6 -8 -7 -6 -6 -8 -7 -7    0  96   0   0   0   1   0   0   0   0   0   3   0   0   0   0   0   0   0   0  2.95 inf
  223 F   -6 -7 -8 -8 -6 -7 -7 -8 -6 -1  3 -7 -3  8 -8 -7 -6 -4 -2 -4    0   0   0   0   0   0   0   0   0   3  28   0   0  69   0   0   0   0   0   0  2.25 inf
  224 T    2 -5 -5 -5 -3 -4 -5 -2 -5  0  4 -4  2 -1  0 -3  0 -5 -4  2   17   0   0   0   0   0   0   2   0   4  44   0   4   1   6   1   6   0   0  14  0.62 inf
  225 L   -3  0 -4 -4 -4 -3 -4 -3 -3  1  5 -1  0  2 -6 -4 -3 -4 -3  1    2   5   1   1   0   1   1   2   0   6  58   4   2   9   0   0   1   0   0   7  0.81 inf
  226 E   -3 -2 -5  0 -8  0  8 -6 -5 -8 -7 -3 -4 -8 -6 -5 -5 -7 -7 -6    2   2   0   3   0   4  88   0   0   0   0   1   1   0   0   0   0   0   0   0  2.28 inf
  227 V   -1 -6 -6 -7 -2 -6 -6 -7 -7  3 -1 -6 -3 -5 -6 -5  0 -7 -5  7    5   0   0   0   1   0   0   0   0  14   5   0   0   0   0   0   5   0   0  70  1.56 inf
  228 V    1 -5 -5 -6 -4 -5 -5 -6 -6  3  1 -5  1 -4 -5 -3  2 -6 -4  5   11   0   0   0   0   0   0   0   0  17  10   0   3   0   0   0  15   0   0  43  0.94 inf
  229 D   -1  1 -2  6 -6  2  3 -4 -3 -6 -6  1 -5 -6 -5 -2 -1 -7 -6 -5    6   8   1  42   0   7  22   1   0   0   0   7   0   0   0   1   4   0   0   0  1.03 inf
  230 A    7 -2 -5 -5 -5 -4 -2 -2  2 -6 -5 -1 -5 -6 -5 -2 -3 -7 -6 -3   81   2   0   0   0   0   3   2   5   0   0   3   0   0   0   2   1   0   0   1  1.64 inf
  231 L   -1 -6 -6 -7  1 -6 -6 -5 -6  2  2 -6  1 -3 -6 -5 -2 -6 -5  6    5   0   0   0   3   0   0   0   0   9  15   0   3   1   0   0   2   0   0  62  1.28 inf
  232 V    2 -4 -4 -4  2 -3 -4 -4 -5  4 -1 -2 -2 -4 -4  1  1 -5 -4  3   18   0   0   0   4   0   0   1   0  23   4   2   0   0   0  13   9   0   0  24  0.57 inf
  233 E    2 -1  0  4 -5  0  3  0 -2 -4 -5  1 -4 -5 -2  1  0 -6 -5 -4   19   2   4  21   0   3  21   5   0   0   0   9   0   0   1   8   6   0   0   0  0.51 inf
  234 A    4 -2 -4 -4 -4 -2  4 -3 -3  1 -4 -2 -3 -4 -4 -2 -2 -6 -5  3   34   2   0   0   0   1  25   1   0   7   0   1   0   0   0   1   1   0   0  25  0.74 inf
  235 I   -3 -7 -7 -7 -4 -6 -7 -7 -7  6 -2 -6 -1  0 -7 -6 -4  8 -3  4    2   0   0   0   0   0   0   0   0  43   2   0   1   3   0   0   1  21   0  26  1.67 inf
  236 G   -4 -6 -4  0 -7 -5 -5  7 -4 -8 -8 -5 -7 -7  0 -1 -5 -7 -7 -7    0   0   0   5   0   0   0  84   0   0   0   0   0   0   5   3   0   0   0   0  2.10 inf
  237 H    5 -2 -3 -4 -2 -2 -2 -1 -2 -5 -5  0 -4 -6  2  1 -2 -6 -5 -4   58   1   1   0   1   1   2   4   1   0   0   5   0   0  12  11   1   0   0   0  0.99 inf
  238 E   -2 -2  1  6 -5  0  3  1  2 -6 -6 -2 -5 -6 -4  0 -3 -7 -5 -6    3   2   6  42   0   3  21   9   4   0   0   2   0   0   0   5   0   0   0   0  1.01 inf
  239 K   -5  8 -3 -6 -4 -2 -4 -6  2 -7 -6  4 -6 -7 -6 -5 -5 -7 -6 -7    0  69   1   0   0   1   0   0   4   0   0  24   0   0   0   0   0   0   0   0  2.10 inf
  240 V   -4 -6 -6 -6 -5 -6 -6 -7 -7  2  1 -6 -3 -5 -6 -4  3 -6 -5  6    0   0   0   0   0   0   0   0   0   8  10   0   0   0   0   0  19   0   0  63  1.44 inf
  241 G    2 -6 -5 -6 -6 -6 -6  7 -6 -7 -7 -6 -7 -7 -6 -2 -5 -7 -7 -7   18   0   0   0   0   0   0  80   0   0   0   0   0   0   0   2   0   0   0   0  2.12 inf
  242 L   -4 -6 -7 -7 -3 -6 -7 -7 -7  6  1 -6  0 -1 -6 -6 -4 -6 -2  5    0   0   0   0   0   0   0   0   0  47   9   0   2   3   0   0   0   0   1  38  1.46 inf
  243 R   -6  8 -5 -6 -8 -4 -5 -7  2 -8 -7  0 -6 -8 -7 -5 -6 -8 -6 -7    0  92   0   0   0   0   0   0   5   0   0   3   0   0   0   0   0   0   0   0  2.81 inf
  244 L   -5 -6 -7 -7 -5 -5 -7 -7 -6  4  5 -6  0  2 -6 -6 -4 -5 -3  0    0   0   0   0   0   0   0   0   0  21  63   0   1   9   0   0   1   0   0   5  1.37 inf
  245 S    2 -5 -1 -5 -4 -4 -5 -3 -5 -7 -7 -5 -6 -5 -5  7 -1 -7 -6 -6   14   0   2   0   0   0   0   1   0   0   0   0   0   0   0  80   2   0   0   0  1.86 inf
  246 P   -6 -7 -7 -7 -8 -6 -6 -7 -7 -8 -7 -6 -8 -9  9 -6 -5 -9 -8 -8    0   0   0   0   0   0   0   0   0   0   0   0   0   0  99   0   0   0   0   0  3.52 inf
  247 Y   -2 -1  0 -5 -4 -4 -3 -1  1 -2  1 -4  0  5 -5 -2 -2  7  4  0    3   4   5   0   0   0   1   5   3   1  11   0   2  22   0   4   1  15  13   8  0.69 inf
  248 G    1 -3  2 -2 -2 -3 -3  4 -2  0 -4 -3 -2 -1 -4  2  2 -5 -4 -1   13   0  11   2   1   1   0  32   1   5   1   0   1   3   0  16  12   0   0   3  0.52 inf
  249 V   -1  0  1  2 -3 -1  0 -2 -2 -2 -3  0 -3 -3  3  0  3 -4 -1  0    4   5   5  12   0   1   5   3   1   2   2   5   0   1  13   7  26   0   2   6  0.32 inf
  250 F    0 -4 -4 -4 -3 -3 -4 -4  1 -1  0 -5 -1  7 -5 -1 -2  1  4 -1   10   0   0   1   0   1   1   1   3   3  10   0   1  43   0   5   3   2  12   3  0.90 inf
  251 N   -3 -2  5 -3 -4  5 -2  1  3 -4 -2  0  1 -1 -4 -2 -2  0 -1 -4    2   1  32   0   0  25   1   9   7   0   4   4   4   3   0   1   2   1   2   1  0.77 inf
  252 S   -2 -4  1  5 -5 -2 -1  4 -3 -5 -5 -3 -4 -5 -4  0 -1 -5 -5 -5    2   0   5  38   0   1   3  36   0   0   1   0   0   0   1   7   4   0   0   0  1.07 inf
  253 M   -2 -4 -4 -4  3 -2 -3 -4 -3  2  0 -4  8 -2 -4 -2  1 -4 -3  1    2   1   1   1   6   1   2   1   1  13   5   1  45   1   1   2   8   0   1   9  1.12 inf
  254 S    0  1  1  2 -2  0  0  0  2 -2 -2  1 -2 -1 -1  2 -1 -2 -1 -1    6  10   6  12   1   3   6   7   5   2   4   7   1   3   3  17   2   0   2   3  0.13 inf
  255 G    0 -1  0  0  1  0  1  2 -1 -1 -1 -1  2 -1  0  0  0 -1 -1 -1    8   2   5   4   4   3  11  16   1   4   4   3   9   2   5   6   5   1   2   5  0.08 inf
  256 G    1 -1  0  0  0  0  0  1  0 -1 -1  0 -1  0  0  0  0 -1  0 -1   15   3   2   6   3   2   8  13   2   4   6   3   2   4   5   9   4   1   4   4  0.05 inf
  257 A    1 -1  0  0 -1  0  0  1 -1  0 -1  0 -1 -1  1  0  0 -1  0  0   11   2   3   6   1   3   6  15   1   4   5   4   1   3   6   6   7   1   3  12  0.05 inf
  258 E   -3 -2  0  7 -4 -2  3 -3 -3 -4 -4 -3 -2 -3 -3 -2 -3 -4 -1 -4    2   2   3  57   0   1  17   1   0   1   2   1   1   1   1   3   1   0   3   1  1.23 inf
  259 T    0 -3 -1  1 -4 -1  2 -2 -2 -2 -4 -2 -3 -4  3  4  0 -5 -4 -2    7   0   2   8   0   2  11   2   1   2   1   2   1   0  14  38   5   0   0   2  0.56 inf
  260 G   -2 -3  4  6 -5 -1  1 -1  2 -5 -4 -3 -4 -5 -2 -1  0 -6 -5 -5    3   1  20  44   0   2   8   3   5   0   1   1   0   0   1   3   6   0   0   0  1.00 inf
  261 I   -1 -3 -5 -4 -5 -2 -1 -4 -4  0 -2 -4 -2 -3  7 -3  0 -5 -2 -2    4   2   0   1   0   1   4   1   0   7   4   1   1   1  62   2   5   0   2   3  1.49 inf
  262 V    0  0 -1 -1 -3  2  2 -3  1  2  0  0  0 -3 -2 -2 -1 -2 -2  2    8   5   2   2   0  12  18   1   3  12  11   4   2   0   1   1   2   1   0  14  0.20 inf
  263 A    4 -3 -2 -1 -4 -1  3 -1 -3 -4 -4 -2 -4 -5  4 -1  0 -5 -5 -2   34   1   1   4   0   3  21   4   1   0   1   1   0   0  18   3   6   0   0   2  0.66 inf
  264 Q   -2 -4 -3 -2 -4  3 -3 -5  1 -1  3 -4  1 -4 -5 -2  5 -4 -3 -2    2   0   0   2   0  16   1   0   3   2  29   0   3   0   0   1  37   0   0   2  0.80 inf
  265 Y   -1 -6 -5 -6 -4 -5 -6  1  1 -1 -4 -6 -4  7 -6 -4 -3  4  6 -4    5   0   0   0   0   0   0  10   3   4   0   0   0  41   0   1   2   5  28   0  1.45 inf
  266 A    0 -1 -1  0 -3 -2  0  1 -2 -1  2 -2 -1 -3 -2  2  2 -4 -3 -1    7   4   2   4   0   1   7  14   1   3  22   1   1   0   1  15  12   0   0   4  0.17 inf
  267 Y    1 -2 -5 -2 -6 -3 -1 -4  5 -5 -3 -4 -5 -1 -3 -2 -3  2  8 -4   12   2   0   3   0   1   4   1  11   0   2   0   0   1   1   2   1   3  54   1  1.50 inf
  268 V    1 -5 -6 -6 -4 -5 -5 -5 -5  3  4 -5  3  1 -5 -4 -3 -2 -3  4   14   0   0   0   0   0   0   0   0  13  34   0   7   5   0   0   0   1   0  25  0.79 inf
  269 A    4 -5 -5 -5  1 -4 -5 -4 -5  3  1 -5 -1 -2 -5 -2 -2 -5 -4  3   37   0   0   0   3   0   0   0   0  19  11   0   1   1   0   2   1   0   0  24  0.79 inf
  270 G    0  2  0  2 -3  2  3  0  1 -5 -4  2 -3 -5 -3  0 -1 -5 -4 -4    6  12   4   9   0   9  23   7   3   0   0  15   0   0   0   5   3   0   0   0  0.46 inf
  271 E    1  2 -2 -3 -3  4  4 -1 -1 -4 -2  1 -1 -4 -4 -1 -2 -3 -4 -2   13  10   1   0   1  20  27   4   1   1   4   9   2   0   0   4   1   0   0   3  0.51 inf
  272 L   -4 -6 -7 -7 -3 -6 -6 -7 -6  1  6 -6  0 -1 -6 -6 -4 -5 -5 -2    1   0   0   0   0   0   0   0   0   6  86   0   2   2   0   0   0   0   0   1  1.76 inf
  273 E    1 -1  5  2 -3  2  2  1 -2 -5 -5  0 -4 -5 -4  0 -2 -5 -4 -4   11   2  32   9   0  10  12   9   0   0   1   4   0   0   0   8   1   0   0   1  0.62 inf
  274 K    0  2 -1  1 -4  2  2 -2 -2 -4 -4  4 -2 -4  0 -1 -1 -4 -3 -3   10  12   2   8   0   8  11   2   0   1   1  31   1   0   5   4   2   0   0   1  0.49 inf
  275 R   -3  5 -3 -4 -2 -1 -3 -4  0  0  2 -1 -1  1 -4 -3 -3 -3  4 -2    2  35   1   1   1   2   1   1   2   5  24   2   1   5   1   1   1   0  14   2  0.65 inf
  276 A    2 -2 -1 -2 -2 -1 -1  4 -1 -2 -2 -1 -2 -2 -1  0 -1 -2 -2 -2   19   2   2   2   1   3   3  38   1   2   5   3   1   2   3   5   3   1   1   3  0.43 inf
  277 K    0  0  0  1 -1  1  0  0  0 -1 -1  1  0 -1  1  0  0 -1 -1  0    7   5   5   9   1   5   6   6   2   5   7   8   2   3   6   6   6   1   2   6  0.04 inf
  278 A    1  0  0  0  0  0  1  0  0 -1  0  0  0 -1  0  0  0  0 -1  0   15   4   5   5   2   5   9   6   2   4   7   7   2   3   4   7   5   1   2   6  0.03 inf
  279 G    0 -1  0  0 -1  0  0  3  1 -1 -1  0 -1 -1  1  0  0 -1  0 -1    6   4   3   5   1   4   6  23   4   4   6   4   2   3   6   6   5   1   3   5  0.10 inf
  280 K    0  0  1  0 -1  0  0  0  0 -1  0  1  0  0  1  0  0  0  0 -1    6   4   8   4   1   4   6   5   2   4   9  10   3   5   7   7   4   2   4   5  0.03 inf
  281 R   -1  2  2  2 -2  1  1  1  1 -2 -2  2 -2 -2 -1 -1 -1 -2 -2 -2    3  14  13  11   1   6   9  10   3   2   4  12   1   2   3   3   2   1   1   3  0.21 inf
  282 L   -4 -5 -6 -6 -4 -5 -6 -6 -6  4  5 -5 -1 -1 -2 -5 -4 -5 -4  1    0   0   0   0   0   0   0   0   0  25  61   0   0   2   2   0   0   0   0   8  1.29 inf
  283 A    6 -5 -5 -5 -4 -5 -4 -1 -5 -4  0 -4 -2 -5 -5 -1 -3 -6 -5  0   75   0   0   0   0   0   0   5   0   0   8   0   1   0   0   4   1   0   0   5  1.39 inf
  284 F   -7 -7 -7 -8 -7 -6 -7 -8 -3 -6 -6 -7 -6  4 -8 -7 -7 -2 10 -6    0   0   0   0   0   0   0   0   0   0   0   0   0  13   0   0   0   0  87   0  3.27 inf
  285 V   -4 -6 -6 -7  3 -6 -6 -6 -6  4  5 -6  0 -3 -6 -5 -4 -3 -4  3    1   0   0   0   7   0   0   0   0  23  47   0   1   0   0   0   0   0   0  19  1.16 inf
  286 H   -5 -5 -3 -3 -3 -4 -1 -6 11 -7 -7 -5 -5 -2 -6  2 -5 -7 -3 -7    0   0   1   2   1   0   3   0  78   0   0   0   0   2   0  13   0   0   0   0  2.90 inf
  287 L   -2 -5 -6 -6 -3 -4 -5 -5 -5  3  4 -5  4  0 -5 -4 -3 -4 -3  4    3   0   0   0   0   0   0   0   0  18  34   0  12   3   0   0   1   0   0  27  0.91 inf
  288 V    0  0 -3 -5 -2 -4 -4 -4 -4  3 -1 -3  3 -3 -4  1 -1 -5 -2  5    8   5   1   0   1   0   0   0   0  18   4   0   7   0   1  11   3   0   1  39  0.63 inf
  289 E   -4 -2 -2  2 -6  0  7 -5  0 -6 -6 -3 -5 -6 -4 -4 -4 -6 -5 -5    1   2   2   9   0   3  77   0   2   0   1   0   0   0   0   0   0   0   0   1  1.85 inf
  290 P    1 -3 -3 -3 -4 -1 -2  2 -3 -4 -4 -3 -3 -4  6  0 -2 -3 -3 -3   12   1   1   1   0   3   2  17   1   1   2   1   1   1  46   7   1   0   1   2  1.06 inf
  291 R    0  5 -2  3 -3  0 -1 -2 -2 -2 -2 -1 -3 -1 -2 -1 -2 -3 -2 -3    8  41   1  17   0   4   3   3   1   2   4   2   0   3   1   4   2   0   1   2  0.62 inf
  292 V   -1 -2 -2 -3 -2 -2 -2 -1 -3  1 -1 -2  3  1 -1 -1  2  7  0  2    6   1   2   1   0   1   2   5   1   7   4   1   9   5   4   3  12  16   3  16  0.42 inf
  293 T    1 -1  1  2 -1  1  0  1 -1 -1 -2  0 -1 -1 -1  1  1 -2 -2 -1   14   2   5  15   1   5   4  11   1   3   4   5   2   3   2   9   8   0   1   4  0.11 inf
  294 N    0 -2  1  2 -2 -1  0  4  0 -2 -2 -1 -2 -2 -1 -1 -1 -1 -2 -1    7   2   8  11   1   3   5  34   2   2   4   2   1   2   2   4   4   1   1   5  0.33 inf
  295 P    1 -1  1  0 -2 -1  0  0 -1  0 -1 -1 -1  0  2  1  1 -2  0 -1   16   2   7   4   1   2   4   6   1   6   3   2   1   4  12  11   8   0   3   4  0.13 inf
  296 F    0  0  0  0 -1  0  0  0  1  0  0  0  0  1  1  0  0  0  0  0    6   7   3   4   1   5   5   9   6   4   9   3   3   9   7   6   5   1   3   6  0.03 inf
  297 L    0  0  0  3 -2  0  1  0  0 -1  0  0 -1 -1 -1  0  0 -2 -1  0    5   4   3  20   1   5   9   7   2   4   9   3   1   3   3   7   7   0   1   6  0.10 inf
  298 T    0 -1 -1  0  1  0  0 -1 -1  0  0 -1  0 -1  1  0  1 -2 -1  1    9   3   2   6   3   3   5   4   1   6   6   3   2   3   6   7  13   0   2  15  0.05 inf
  299 E    0 -1  0  2 -2  0  2  0 -1 -1 -1  0  0 -1  0  0  0 -1 -1 -1    9   2   4  12   1   4  18   8   1   3   7   3   3   2   4   7   4   1   2   4  0.11 inf
  300 G    0  0  0  0 -2 -1  0  3 -1 -1 -1 -1 -2 -1  1  0 -1 -2 -2 -1    9   5   4   5   1   2   6  29   1   3   5   3   1   3   6   6   4   0   1   5  0.19 inf
  301 E    0  1  0  1 -2  1  2  1  0 -2 -2  1 -1 -1  0  0  0 -2 -1 -1    9   6   4   8   1   5  18  10   3   2   4   7   1   4   4   6   4   0   2   3  0.12 inf
  302 G    0  1  0  0 -3  0  1  0  0 -2 -2  1 -1  0  3  0  0 -1 -1 -1    6   9   4   6   0   4   9   9   3   2   3   9   2   4  16   4   5   1   2   3  0.16 inf
  303 E    0 -1 -1  3 -1  2  2 -1  0 -2 -2  0 -2 -1  2  0  0 -1 -1  0    7   2   2  17   1   9  13   5   2   1   3   6   1   3   9   4   4   1   2   7  0.19 inf
  304 Y    0 -1 -1  0 -2  0  1  0  0  1  0 -1  0  0  1 -1  0 -1  2  1    6   3   3   4   0   5  11   6   3  11   8   2   2   4   6   3   5   1   9   9  0.04 inf
  305 E    0  0 -1  1  0  1  1 -2 -1 -2 -2  0 -1 -3  4  0  1 -1 -2 -1    9   4   3   7   2   7  10   3   1   2   4   4   1   1  20   7   8   1   1   4  0.25 inf
  306 G    1 -1 -1  2 -3  0  1  1  1 -2 -2  0 -2 -3  2  0 -1  0 -2 -1   12   3   2  14   0   5  10  11   3   1   3   7   0   1  12   4   3   1   1   6  0.20 inf
  307 G    0  1  0  1 -2  0  1  2  1 -2 -2 -1  0  0 -1  1 -1 -2 -2 -1    9   7   3   8   1   5   8  17   5   2   4   2   3   5   3  11   3   0   1   4  0.11 inf
  308 S   -1 -2  0  1 -3 -2 -2 -3 -2  0  1 -2  0  4 -2  2  1 -3 -1  0    5   2   5  11   0   1   2   1   1   5  14   1   1  19   1  17   9   0   1   5  0.21 inf
  309 N   -1  2  2 -2 -2 -1 -2 -1 -1  0  2  1  1 -1 -3 -1  0 -2  0  0    5  12  14   1   1   1   1   4   1   5  22   7   3   2   1   4   6   0   4   5  0.14 inf
  310 D    1  1 -1  3 -3  1  2 -2 -1 -2 -2  1 -2 -3  2  0  0 -2 -3 -1   12   7   1  16   0   7  14   2   1   2   4   7   1   0  11   6   5   1   0   4  0.24 inf
  311 F    1 -1 -2 -1 -3  1  0 -3  0 -2 -1  0 -1  4  2 -1 -1  0  0 -2   16   3   1   3   0   6   6   1   3   1   6   5   1  25   9   2   4   1   2   2  0.27 inf
  312 V   -1 -3 -5 -4 -3 -4 -5 -5 -4  3  3 -4  3  4 -5 -4 -3  0  0  2    6   1   0   1   0   0   0   0   0  15  34   0   6  16   0   1   0   1   2  15  0.66 inf
  313 Y   -3  7 -4 -4 -5 -3 -3 -3 -2 -4 -2  1 -3 -3 -5 -2 -5 -4  2 -3    1  69   0   1   0   0   1   2   1   1   4   6   1   1   0   2   0   0   8   2  1.61 inf
  314 S    1  1  0  2 -5  2  2 -2 -2 -4 -4  3 -2 -5  1  0 -1 -5 -4 -4   13   7   4  10   0   8  16   1   0   0   1  22   1   0   6   8   2   0   0   0  0.44 inf
  315 I    3  1 -1 -3 -2 -1 -2 -2  1  2  1 -1 -1 -2 -4 -2  0 -4 -2  1   28  10   3   0   1   2   2   2   4  16  11   3   1   1   0   1   4   0   1  11  0.27 inf
  316 W   -6 -6 -7 -8 -7 -7 -7 -4 -5 -4 -3 -6 -5  7 -8 -6 -5  9  6 -5    0   0   0   0   0   0   0   2   0   1   2   0   0  44   0   0   0  27  23   0  2.39 inf
  317 K   -2  2  2  1 -5  0 -1  0  1 -5 -5  4 -4 -5  1  1  0 -5 -4 -4    2   9   9   8   0   4   2   8   3   0   0  31   0   0   8  10   6   0   0   0  0.52 inf
  318 G   -2 -2  1 -4 -6 -1 -5  7 -3 -7 -7 -3 -5 -7 -6 -1 -3 -7 -7 -6    2   2   5   0   0   3   0  79   1   0   0   1   0   0   0   4   1   0   0   0  1.85 inf
  319 P    1 -3 -1 -4 -3 -4 -4 -4 -3  0 -3 -1 -2 -4  4 -2  4 -6 -5  2   12   1   3   0   0   0   0   0   1   6   1   3   1   0  23   2  31   0   0  17  0.74 inf
  320 V   -5 -6 -6 -7 -5 -5 -6 -7 -4  4  3 -6 -1  4 -6 -5 -4  3  4  2    0   0   0   0   0   0   0   0   0  20  32   0   1  20   0   0   0   4  12  11  1.02 inf
  321 I   -4 -4 -7 -7 -5 -6 -7 -7 -7  7  2 -6  5 -2 -7 -6 -4 -6 -5  1    0   1   0   0   0   0   0   0   0  58  14   0  16   1   0   0   0   0   0   8  1.60 inf
  322 R    2  1 -3 -3  0 -2 -3  0 -3  0  1  0 -1 -2 -3 -1 -1 -4  1  2   21  10   0   1   2   0   0   8   0   5  15   5   0   1   0   2   3   0   6  20  0.23 inf
  323 A    5 -5  5 -4  2 -4 -4 -2 -4 -5 -5 -4 -5 -6 -5  0 -2 -6 -5 -3   52   0  32   0   4   0   0   3   0   0   0   0   0   0   0   7   2   0   0   1  1.30 inf
  324 G   -2 -3  2 -4 -1 -4 -1  7 -5 -7 -6 -4 -1 -6 -3 -1 -3 -6 -6 -5    2   2  11   0   1   0   4  70   0   0   0   0   2   0   1   3   1   0   0   0  1.51 inf
  325 N    0  0  4 -1 -5 -2 -3  6 -3 -6 -6 -1 -5 -6 -2 -1 -3 -6 -6 -6    6   4  17   3   0   2   1  54   0   0   0   4   0   0   2   4   1   0   0   0  1.09 inf
  326 F   -6 -6 -4 -6 -1 -6 -6 -4 -3 -4 -1 -6 -1  5 -7 -4 -5 -3  9 -5    0   0   1   0   1   0   0   2   0   0   5   0   2  23   0   1   1   0  64   0  2.24 inf
  327 A   -1 -1  1  4 -4 -3 -3 -1 -3 -4 -3 -1 -3 -5 -3  0  5 -6 -5 -3    5   3   6  27   0   0   0   4   0   1   2   3   0   0   1   6  39   0   0   1  0.84 inf
  328 L    2  4 -3 -3 -4  0 -2 -1  0 -3  0  0 -2 -2  2 -1 -1 -3  3 -2   17  25   1   1   0   4   1   4   2   1  10   6   0   1  10   2   4   0  10   3  0.34 inf
  329 H    0 -1  0  4 -5  2  5 -2  1 -5 -4 -2 -4 -5 -4 -2 -1 -5 -4 -4    9   2   3  24   0   7  40   3   3   0   1   2   0   0   0   2   3   0   0   0  0.86 inf
  330 P    1  2  0 -1 -2  0  0 -1 -2 -2  0  2  0 -2  1  1  0 -3 -2 -2   11  13   4   3   0   2   5   3   0   1  10  12   3   1   8  14   7   0   1   2  0.15 inf
  331 E    3 -1  0  1 -2  0  3  1 -2 -3 -3  1 -3 -3 -2 -1 -1 -3 -3 -3   29   3   4   8   1   4  19  10   1   1   2  10   0   1   1   2   3   0   1   1  0.36 inf
  332 V    3  0 -1 -2 -3  0  1  1 -2 -1 -1 -1  0 -2 -2  0  1 -4 -3  0   33   4   2   1   0   4   9  10   1   4   7   3   3   1   1   4   8   0   0   5  0.22 inf
  333 V    3 -2  2 -1 -3  0  2 -1 -2  1  0 -2 -1 -3 -3 -1 -1 -2 -3  1   30   1  11   3   0   3  14   4   1   8   7   1   1   0   1   1   4   0   0   9  0.26 inf
  334 R    0  2  0  2 -3  1  2 -2  0 -1 -1  2 -1 -3 -2 -1 -1 -3 -2 -2    7  11   5  11   0   7  17   1   2   4   7  15   1   1   1   3   3   0   1   3  0.23 inf
  335 E    3 -1 -1  1 -3  1  1 -2 -1  1  0 -1 -1 -3 -3 -1  0 -1 -3  1   28   3   2   8   0   6  10   1   1   7  10   4   1   0   0   1   5   1   0  12  0.20 inf
  336 E    0 -2 -3  2 -3 -1  1 -3 -2  2  2 -2 -1 -2 -4 -3 -1 -3 -2  3    9   2   0  11   0   3   9   1   1  14  22   2   1   1   0   0   2   0   1  21  0.30 inf
  337 V    3 -1 -1  0 -2 -1  1 -1 -1  1  0 -1 -2 -2 -3  0  0 -2  1  0   27   4   3   6   0   2  10   3   1   9   8   2   0   1   0   5   5   0   6   7  0.15 inf
  338 K    2 -1  0  1 -4  1  3 -1 -2 -5 -5  3 -4 -5 -2  2 -1 -4 -4 -4   17   3   4   8   0   6  19   3   1   0   0  16   0   0   2  17   3   0   0   0  0.47 inf
  339 D   -3 -3  3  3 -6 -4 -2  6 -1 -7 -6 -2 -6 -5 -5 -3 -4 -6 -5 -6    1   1  13  19   0   0   3  57   1   0   0   2   0   0   0   1   1   0   0   0  1.34 inf
  340 K   -1  2  1  2 -3  0  0  1  2 -2 -1  1 -2 -1 -2 -2 -1  2  2 -2    3  11   5  13   0   4   5  10   5   1   8  12   1   2   2   1   3   3   9   2  0.17 inf
  341 R    5  2 -2  0  0 -3 -3 -1 -4  0 -2 -1 -4 -5 -4 -2 -1 -6 -3 -2   54  13   1   5   2   0   1   4   0   6   3   3   0   0   0   0   4   0   1   2  0.73 inf
  342 T   -4 -6 -2  8 -5 -4 -2 -5 -5 -1 -7 -5 -6 -7 -6 -4  2 -8 -7 -2    1   0   1  73   0   0   2   0   0   3   0   0   0   0   0   0  14   0   0   4  1.90 inf
  343 L    3 -5 -6 -6 -3 -5 -5 -4 -6  0  5 -5  2 -3 -5 -4 -4 -5 -4  0   25   0   0   0   0   0   0   1   0   5  57   0   5   1   0   0   0   0   0   5  1.05 inf
  344 I   -2 -6 -7 -7 -5 -6 -4 -6 -7  5 -2 -6 -3 -1 -5 -5 -4 -6 -4  6    3   0   0   0   0   0   1   0   0  31   1   0   0   2   0   0   0   0   0  60  1.59 inf
  345 G    6 -5 -5 -5 -3 -4 -5  2 -5 -3 -4 -4 -3 -5 -4  1 -2 -6 -5  0   66   0   0   0   0   0   0  13   0   1   1   0   0   0   0  10   1   0   0   7  1.24 inf
  346 Y   -6 -7 -7 -8 -7 -7 -7 -6 -4 -2 -3 -7 -2  9 -8 -6 -6  1  5 -2    0   0   0   0   0   0   0   0   0   2   1   0   1  72   0   0   0   1  19   2  2.48 inf
  347 G   -2 -7 -5 -6 -4 -6 -6  7 -6 -8 -8 -6 -7 -7 -6 -1 -6 -7 -7 -7    2   0   0   0   0   0   0  92   0   0   0   0   0   0   0   5   0   0   0   0  2.44 inf
  348 R   -3  8 -4 -6 -6  0 -3 -6 -4 -5 -6  2 -4 -7 -6 -4 -2 -7 -3 -2    3  76   0   0   0   3   1   0   0   0   0   9   0   0   0   1   2   0   1   3  1.94 inf
  349 F    0 -4 -4 -1 -5 -3 -4 -4  2 -3  2 -3  0  1  5 -2 -3  3  4 -3    7   0   0   3   0   0   0   0   6   1  18   1   2   5  34   3   1   4  13   0  0.81 inf
  350 F   -5 -7 -6 -8 -7 -7 -7 -8 -5 -4 -4 -7 -4  9 -8 -7 -6  1  5 -3    1   0   0   0   0   0   0   0   0   1   0   0   0  79   0   0   0   2  15   1  2.73 inf
  351 I   -5 -6 -7 -7 -5 -6 -7 -7 -7  7  2 -6 -2 -4 -6 -5  0 -6 -5  1    0   0   0   0   0   0   0   0   0  66  20   0   0   0   0   0   7   0   0   6  1.64 inf
  352 S    6 -5 -4 -5 -5 -4 -5 -3 -5 -6 -6 -4 -5 -6 -3  5 -2 -7 -6 -5   60   0   0   0   0   0   0   1   0   0   0   0   0   0   1  37   1   0   0   0  1.59 inf
  353 N   -6 -5  9 -4 -8 -5 -5 -5 -4 -8 -8 -5 -7 -8 -7 -4 -2 -9 -7 -8    0   0  97   0   0   0   0   0   0   0   0   0   0   0   0   0   2   0   0   0  3.16 inf
  354 P   -5 -7 -7 -7 -8 -6 -6 -7 -7 -8 -8 -6 -8 -9  9 -6 -6 -9 -8 -8    0   0   0   0   0   0   0   0   0   0   0   0   0   0 100   0   0   0   0   0  3.56 inf
  355 D   -7 -7 -2  9 -9 -5 -3 -6 -6 -8 -9 -6 -8 -9 -6 -5 -6 -9 -8 -8    0   0   1  99   0   0   0   0   0   0   0   0   0   0   0   0   0   0   0   0  3.13 inf
  356 L   -5 -6 -8 -8 -6 -6 -7 -8 -7 -1  7 -7 -2  0 -7 -7 -5 -4 -4 -3    0   0   0   0   0   0   0   0   0   1  94   0   0   4   0   0   0   0   0   0  2.09 inf
  357 V   -2 -6 -7 -5 -6 -6 -5 -6 -5 -2 -4 -6 -4 -5  6 -5 -4 -7 -4  6    3   0   0   0   0   0   0   0   0   1   1   0   0   0  40   0   0   0   0  52  1.77 inf
  358 D    1  1 -2  0 -5  1  4 -4  0 -4 -2  1 -3  1 -4 -1 -1 -2  1 -3   11   8   1   4   0   4  34   1   2   0   3  10   0   7   0   4   4   0   5   1  0.46 inf
  359 R   -6  9 -5 -6 -8 -4 -5 -7 -4 -8 -7  1 -6 -8 -7 -5 -6 -8 -7 -7    0  94   0   0   0   0   0   0   0   0   0   5   0   0   0   0   0   0   0   0  2.88 inf
  360 L   -4 -6 -7 -7 -5 -6 -6 -7 -6  3  5 -6  1  5 -6 -6 -5  1 -1  0    0   0   0   0   0   0   0   0   0  14  52   0   3  24   0   0   0   2   1   4  1.27 inf
  361 E    1  5 -3 -4 -6  3  2 -5  0 -5 -4  4 -2 -3 -4 -2 -3 -6 -2 -4   13  27   0   0   0  11  14   0   2   0   2  26   1   1   0   1   1   0   1   1  0.82 inf
  362 K    0  1  3  0 -2  1  1 -3  3 -2  1  1 -2 -3 -3 -1  0 -4 -3 -2    7   7  17   5   1   6   9   1   7   2  15  11   1   0   0   3   5   0   0   3  0.23 inf
  363 G   -3 -3  4  3 -5 -1 -3  5 -1 -7 -7 -1 -6 -7 -5 -3 -4 -7 -6 -7    1   1  22  16   0   3   1  51   2   0   0   4   0   0   0   1   0   0   0   0  1.31 inf
  364 L    4 -3 -3 -4 -3 -2 -3 -1  0  1  2 -2 -3 -4 -4 -2 -2  6 -1 -1   43   1   1   0   0   2   1   3   2   8  18   2   0   0   0   2   2  10   2   3  0.66 inf
  365 P    0 -5 -5 -1 -7 -2  2 -4 -4 -6 -6 -3 -6 -7  8 -1 -3 -8 -7 -6    9   0   0   4   0   1  12   1   0   0   1   1   0   0  65   3   1   0   0   0  1.83 inf
  366 L   -5 -6 -7 -8 -5 -6 -7 -8 -7 -1  6 -7  0  1 -7 -6 -5  0 -2 -2    0   0   0   0   0   0   0   0   0   1  87   0   2   6   0   0   0   1   1   1  1.84 inf
  367 N    2 -3  7 -3 -6 -1 -3 -4 -3 -5 -6 -3 -4 -7 -6 -1  2 -7 -6 -3   17   1  60   0   0   2   1   0   0   0   0   1   0   0   0   3  13   0   0   2  1.54 inf
  368 K    0 -1 -2  0 -5  1  3 -3  0 -4 -4  3 -3 -5  4 -1  0 -6 -4 -3   10   2   1   5   0   6  20   1   3   1   1  18   1   0  22   2   6   0   0   1  0.61 inf
  369 Y    0 -5 -5 -3 -6 -2 -5 -2  1 -3 -1 -5 -4  1  4 -3 -5  4  7 -2    9   0   0   1   0   2   0   3   3   1   7   0   0   4  22   1   0   5  38   3  1.10 inf
  370 D   -5 -1  3  7 -7 -1  0 -5 -1 -4 -6 -2 -6 -7 -3 -3 -4 -8 -6 -2    0   3  15  64   0   2   4   0   2   1   0   3   0   0   1   1   0   0   0   3  1.60 inf
  371 R   -1  6 -3 -3 -6  1 -2 -2 -3 -4 -4  0  1 -4  4 -2 -2 -6 -4 -4    4  48   0   1   0   5   2   2   0   1   1   4   4   1  20   3   2   0   0   1  1.08 inf
  372 D    2 -2  1  3 -4  0  2 -2 -3 -5 -5  0 -4 -5 -1  3  0 -6 -5 -4   20   1   5  16   0   3  16   1   0   0   0   6   0   0   3  22   6   0   0   0  0.54 inf
  373 T   -2 -4 -3 -3 -5 -4 -3 -5 -2 -4 -3 -3 -4 -4 -3  1  7 -7 -3 -3    2   1   0   1   0   0   1   0   1   0   3   2   0   1   1   7  77   0   1   1  1.71 inf
  374 F   -5 -7 -7 -6 -6 -7 -7 -7 -3 -3  1 -7  1  8 -8 -6 -6  4  2 -4    1   0   0   0   0   0   0   0   1   1  12   0   3  72   0   0   0   5   5   1  2.22 inf
  375 Y   -7 -7 -7 -8 -7 -7 -7 -8 -3 -5 -6 -7 -4  3 -8 -6 -5  0 10 -6    0   0   0   0   0   0   0   0   0   0   0   0   0  11   0   0   1   1  87   0  3.21 inf
  376 Q    0 -3 -1 -3 -5 -2 -3  5 -4 -4 -3 -2 -4 -5 -3  1  4 -6 -5 -3    8   1   2   1   0   1   1  46   0   1   2   3   0   0   1   8  24   0   0   2  0.89 inf
  377 M   -2 -2 -2 -3 -5  1 -2  5  1 -5 -5 -1 -1 -2  4  0 -2 -3 -2 -4    2   2   2   1   0   8   2  45   3   0   1   4   2   2  18   6   2   0   1   1  0.83 inf
  378 S   -2 -4  1  4 -5 -3 -2  5 -3 -5 -6 -3 -5 -3 -2  1  0 -6 -2 -5    2   0   6  28   0   1   2  39   0   0   0   1   0   1   2  10   6   0   2   1  0.90 inf
  379 A    4 -3  1  0 -4 -2  3 -3  0 -5 -5 -2 -4 -6  4 -1 -2 -6 -5 -4   32   1   8   5   0   1  21   1   2   0   1   2   0   0  20   4   2   0   0   0  0.74 inf
  380 H    0  2 -2 -2 -5  0  3 -4  1 -2 -3  4 -3 -2 -4 -2 -2  3  0  2    8   9   1   1   0   3  22   0   3   1   1  25   0   1   0   1   2   4   3  15  0.48 inf
  381 G   -4 -4 -5 -6 -7 -6 -7  8 -4 -8 -8 -6 -7 -8 -7 -5 -6 -7 -8 -8    0   1   0   0   0   0   0  98   0   0   0   0   0   0   0   0   0   0   0   0  2.76 inf
  382 Y   -7 -7 -7 -8 -8 -7 -7 -8 -3 -6 -3 -7 -6 -1 -8 -7 -7 -3 10 -6    0   0   0   0   0   0   0   0   0   0   2   0   0   1   0   0   0   0  97   0  3.61 inf
  383 I   -4 -5  2 -5 -4 -5 -5 -6 -6  3 -2 -5 -4 -6 -5 -2  7 -7 -5  0    1   0  11   0   0   0   0   0   0  15   3   0   0   0   0   2  62   0   0   6  1.44 inf
  384 D   -6 -6 -3  8 -8 -5 -3 -6 -6 -8 -8 -5 -8 -8 -6 -3  1 -9 -8 -8    0   0   0  90   0   0   0   0   0   0   0   0   0   0   0   1   8   0   0   0  2.69 inf
  385 Y   -7 -7 -7 -8 -8 -4 -7 -8 -3 -6 -6 -7 -6  2 -8 -7 -7  3 10 -6    0   0   0   0   0   1   0   0   0   0   0   0   0   6   0   0   0   4  89   0  3.32 inf
  386 P   -4 -7 -3 -3 -7 -5 -3 -6 -7 -6 -6 -4 -7 -8  9 -4 -3 -8 -7 -6    1   0   2   1   0   0   1   0   0   0   1   1   0   0  89   1   2   0   0   0  2.85 inf
  387 T    2 -2 -1 -3 -4 -4 -2 -4 -4 -3 -3 -2 -2  5 -2  0  4 -4 -2  0   15   2   3   1   0   0   3   0   0   1   1   2   0  30   2   6  27   0   0   6  0.67 inf
  388 Y   -2 -5 -5 -6 -4 -5 -5 -6  1 -2  5 -5  1  0 -6  0 -4  1  6 -3    3   0   0   0   0   0   0   0   3   0  51   0   3   3   0   9   0   2  24   1  1.08 inf
  389 E    1 -2  0  3 -5  2  4  0 -1 -5 -5  1 -4 -5 -1  1 -1 -5 -4 -4   14   1   3  14   0   8  29   8   1   0   0   7   0   0   2  10   2   0   0   0  0.53 inf
  390 E   -1 -2 -2  3 -6  3  5 -2 -2 -6 -6  1 -5 -6 -1 -2 -2 -6 -5 -5    4   1   1  15   0  16  48   2   1   0   0   7   0   0   2   2   1   0   0   0  1.01 inf
  391 A    3 -3 -1 -1  0  0  2 -2 -2 -3 -3 -1 -3  1 -3  2  2 -2  1 -2   34   0   2   2   1   4  13   1   1   0   0   2   0   8   0  14  11   0   5   2  0.38 inf
  392 L    2 -2 -2 -1 -3  2  0 -2 -3  1  1 -1  1 -3 -2  0  0 -4 -3  1   26   1   1   4   0  14   5   0   0   6  14   3   3   0   1   4   7   0   0  11  0.19 inf
  393 K    3  1 -2  0 -1  1  1 -2 -2 -3 -3  4 -3 -4 -1  0 -1 -4 -3 -1   32   6   1   4   1   6   8   0   0   0   1  30   0   0   3   3   2   0   0   5  0.42 inf
  394 L   -1 -3 -2 -3 -2 -1 -2 -4 -3  1  2 -1  2  2 -2 -1 -1 -2 -1  2    5   0   1   1   0   2   1   0   0   7  29   4   6  12   1   3   2   0   1  24  0.24 inf
  395 G    0 -3  1  4 -3  0  0  4 -2 -3 -4 -2 -3 -4 -3  0 -1 -4 -4 -3    7   0   8  32   0   3   1  40   0   2   0   0   0   0   0   3   4   0   0   0  0.64 inf
  396 W    0 -1 -2 -1 -3  1  3 -3 -1 -3 -2  2 -2 -1  2 -1 -2  6  2 -3   12   0   0   0   0   7  26   0   0   0   4  15   0   0  10   0   0  16  10   0  0.48 inf
  397 D   -2 -1  2  4 -4  2  4 -2 -1 -4 -4  0 -3 -4 -2  0  0 -4 -3 -3    0   0  12  36   0   9  31   1   0   0   0   4   0   0   0   3   5   0   0   0  0.66 inf
  398 K    1  0  0  1 -3  1  3 -2 -1 -2 -2  3 -2 -3 -2  0 -1 -4 -3 -1   15   0   2   4   0   3  28   0   0   2   3  35   0   0   0   2   2   0   0   4  0.34 inf
  399 K   -1  1 -1  0 -4  3  4 -3 -1 -4 -3  4 -2 -4 -2 -1 -1 -4 -3 -3    0   3   0   0   0  13  50   0   0   0   0  34   0   0   0   0   0   0   0   0  0.69 inf

                      K         Lambda
Standard Ungapped    0.1358     0.3169
Standard Gapped      0.0627     0.2670
PSI Ungapped         0.2045     0.3140
PSI Gapped           0.0627     0.2670
