
Last position-specific scoring matrix computed, weighted observed percentages rounded down, information per position, and relative weight of gapless real matches to pseudocounts
           A  R  N  D  C  Q  E  G  H  I  L  K  M  F  P  S  T  W  Y  V   A   R   N   D   C   Q   E   G   H   I   L   K   M   F   P   S   T   W   Y   V
    1 V   -2 -4 -4 -5 -3 -3 -4 -5 -4  4  0 -4  6 -2 -4 -3 -2 -4 -3  4    0   0   0   0   0   0   0   0   0  23   0   0  34   0   0   0   0   0   0  43  0.95 inf
    2 S   -1 -1  2 -2 -3 -1 -1 -3 -3 -4 -4  3 -2 -4  4  2  3 -5 -4 -3    1   1   9   0   0   1   3   0   0   0   0  20   1   0  26  18  20   0   0   0  0.65 inf
    3 E   -1 -2  2  1 -5  2  5 -3  1 -4 -3  1 -2 -5  1 -2 -1 -5 -4 -2    5   0  11   5   0   9  44   0   3   0   2   8   1   0   7   0   2   0   0   2  0.63 inf
    4 I   -1 -2  2 -2 -3  2  0 -3 -2  2 -1  0 -1 -3  4  0  0 -4 -2 -1    5   1  10   1   0  11   5   0   0  14   4   5   1   0  25   7   4   0   1   4  0.38 inf
    5 K   -2 -3  2 -3 -3 -3 -3 -2 -4 -5 -6  1 -5 -7  7 -1 -1 -7 -6 -5    3   1  11   0   0   1   1   3   0   0   0   9   0   0  61   5   5   0   0   0  1.60 inf
    6 T    0 -4 -1 -4  7  0 -4 -4  4 -3 -1 -4 -3 -1 -4  2  3 -5 -2  0    8   0   2   0  29   4   0   1  10   0   4   0   0   3   0  14  17   0   1   7  0.80 inf
    7 L    0 -4 -3 -3  3 -3 -3  0 -4  3  1 -3 -1 -3 -4  1  3 -4 -3  2    8   0   0   1   6   0   0   8   0  17  13   0   0   0   0   9  18   0   0  19  0.35 inf
    8 V   -4 -6 -6 -6 -4 -5 -6 -7 -6  5  3 -6  4  4 -6 -5 -4 -4 -3  1    0   0   0   0   0   0   0   0   0  37  29   0   9  18   0   0   0   0   0   6  1.16 inf
    9 T   -4 -6 -6 -7 -3 -6 -6 -7 -7  3 -2 -6 -1 -2 -6 -5  2 -6 -5  7    0   0   0   0   0   0   0   0   0  12   0   0   1   2   0   0  11   0   0  73  1.65 inf
   10 F   -4 -6 -7 -7 -5 -5 -6 -7 -7  7  1 -6  0 -1 -6 -6 -3 -6 -5  4    0   0   0   0   0   0   0   0   0  61  11   0   1   2   0   0   1   0   0  24  1.57 inf
   11 F   -6 -7 -7 -8 -6 -7 -7 -7 -6 -3  0 -7  0  9 -8 -7 -6 -3 -1 -1    0   0   0   0   0   0   0   0   0   0   9   0   2  84   0   0   0   0   0   4  2.57 inf
   12 G   -4 -5 -5 -6 -7 -6 -7  8 -6 -8 -8 -6 -7 -8 -7 -5 -6 -7 -8 -8    0   0   0   0   0   0   0 100   0   0   0   0   0   0   0   0   0   0   0   0  2.75 inf
   13 G    6 -5 -5 -5 -3 -5 -5  2 -5 -2 -5 -5 -4 -6 -5 -3 -4 -6 -5  2   70   0   0   0   0   0   0  14   0   1   0   0   0   0   0   0   0   0   0  14  1.41 inf
   14 T   -2 -3 -2 -4 -5 -4 -4 -3 -5 -5 -6 -4 -3 -6 -5  5  6 -6 -5 -5    2   1   1   0   0   0   0   1   0   0   0   0   0   0   0  49  44   0   0   0  1.53 inf
   15 G   -4 -7 -5 -6 -7 -6 -6  8 -6 -8 -8 -6 -7 -8 -7 -3 -6 -7 -8 -8    0   0   0   0   0   0   0  99   0   0   0   0   0   0   0   1   0   0   0   0  2.73 inf
   16 D   -6 -6 -2  9 -8 -5 -2 -6 -6 -8 -8 -5 -8 -8 -6 -5 -6 -9 -8 -8    0   0   1  99   0   0   1   0   0   0   0   0   0   0   0   0   0   0   0   0  3.02 inf
   17 L   -6 -6 -8 -8 -5 -6 -7 -8 -7 -2  7 -7 -2 -4 -7 -7 -5 -6 -5 -3    0   0   0   0   0   0   0   0   0   0 100   0   0   0   0   0   0   0   0   0  2.28 inf
   18 A    6 -5 -2 -5 -3 -4 -4 -4 -5 -5 -5 -4 -5 -6 -5  0  5 -6 -5 -3   59   0   1   0   0   0   0   0   0   0   0   0   0   0   0   7  31   0   0   1  1.41 inf
   19 K    0  4 -3 -4 -6  1 -1 -4  5 -5 -4  5 -4 -3 -4 -1 -4  1  0 -4    7  22   0   0   0   6   2   1  12   0   1  38   0   1   0   3   0   2   3   0  0.93 inf
   20 R   -5  7 -3 -5 -8 -3 -4 -6 -2 -7 -6  5 -5 -7 -6 -5 -5 -7 -6 -7    0  65   1   0   0   0   0   0   1   0   0  34   0   0   0   0   0   0   0   0  2.14 inf
   21 K   -5 -2 -5 -5 -7 -3 -4 -6 -5 -7 -1  8 -2 -7 -6 -5 -5 -7 -6 -6    0   0   0   0   0   0   0   0   0   0   7  92   1   0   0   0   0   0   0   0  2.42 inf
   22 L   -5 -6 -6 -7 -5 -5 -6 -7 -6  4  5 -6 -2 -3 -6 -5  1 -5 -5  0    0   0   0   0   0   0   0   0   0  22  64   0   0   0   0   0  11   0   0   3  1.34 inf
   23 Y   -4 -5 -6 -6 -4 -5 -5 -6 -4  3  2 -5  4  5 -6 -4 -3 -3  5  1    1   0   0   0   0   0   0   0   0  17  22   0  11  22   0   0   1   0  18   8  0.98 inf
   24 P   -5 -7 -7 -6 -7 -6 -6 -7 -7 -7 -7 -6 -7 -8  9 -5 -4 -8 -8 -7    0   0   0   0   0   0   0   0   0   0   0   0   0   0  98   0   1   0   0   0  3.42 inf
   25 S    6 -5 -5 -5 -4 -4 -4 -1 -5 -5 -5 -4 -5 -6 -4  2  1 -6 -5 -4   73   0   0   0   0   0   0   4   0   0   0   0   0   0   0  15   7   0   0   0  1.51 inf
   26 V   -5 -6 -7 -7 -5 -6 -6 -7 -6  3  6 -6  0 -1 -6 -6 -4 -5 -3  1    0   0   0   0   0   0   0   0   0  13  74   0   1   2   0   0   0   0   0   9  1.47 inf
   27 F   -5 -6 -4 -7 -4 -4 -6 -7 -1 -4 -4 -6 -3  7 -7 -6 -5  5  8 -5    1   0   1   0   0   1   0   0   1   0   0   0   0  38   0   0   0   7  49   0  2.28 inf
   28 N   -1  2  5  3 -5  0  0  0  4 -5 -5 -1 -4 -5 -4 -1 -3  4 -3 -5    6  11  26  16   0   4   4   7  11   0   0   4   0   0   0   3   1   6   0   0  0.68 inf
   29 L   -5  1 -7 -7 -5 -5 -6 -7 -6 -2  6 -5  0 -3 -7 -6 -5 -5 -5 -3    0   8   0   0   0   0   0   0   0   0  89   0   1   0   0   0   0   0   0   0  1.84 inf
   30 Y    2 -2 -5 -4 -5 -2 -3 -4  0 -4 -4 -3 -2  5 -6 -4 -3  1  7 -4   21   3   0   1   0   2   2   1   2   0   0   2   1  28   0   0   2   2  34   0  1.20 inf
   31 K   -1  4  3 -3  2  1  0 -4 -1 -3  0  2 -3 -3 -4 -1 -1 -3  1 -1    6  27  13   0   4   7   6   0   1   1   9  10   0   0   0   3   2   0   6   4  0.40 inf
   32 K    0  3  1  3 -5  2  2 -1 -1 -3 -4  1 -4 -5 -4  0 -2  1 -4 -3    9  16   7  21   0  10  13   4   1   2   0   8   0   0   0   5   1   2   0   1  0.47 inf
   33 G   -3  1  2  0 -6 -1 -2  6 -3 -7 -7  1 -6 -7 -5 -3 -5 -6 -6 -6    1   7   8   5   0   3   2  65   1   0   0   9   0   0   0   0   0   0   0   0  1.37 inf
   34 Y   -3  2 -1 -3  2  2 -2 -5  1 -2  3  0 -1  2 -5 -3 -3  0  1 -2    1  14   4   1   4  12   1   0   4   1  37   5   1   7   0   1   0   1   5   1  0.46 inf
   35 L   -5 -6 -7 -7 -5 -6 -7 -7 -6  1  6 -6  4 -1 -7 -6 -4 -2 -5 -2    0   0   0   0   0   0   0   0   0   7  81   0   9   2   0   0   0   0   0   2  1.70 inf
   36 Q   -2 -4 -3 -2 -5 -1 -4 -2  0 -7 -7 -3 -6 -7  8  0 -2 -8 -7 -6    3   1   1   2   0   2   0   4   2   0   0   1   0   0  73   8   2   0   0   0  2.06 inf
   37 K   -1 -1 -2  2 -4  1  4 -2 -2 -5 -5  2 -4 -6  4  0 -3 -6 -5 -4    5   2   1  13   0   4  32   2   1   0   0  12   0   0  19   6   1   0   0   1  0.75 inf
   38 H   -1  0  3  2 -5  1  2  2  4 -5 -5  0 -4 -4 -1  1 -1 -5 -3 -4    3   6  14  11   0   6  14  14  11   0   0   5   0   1   3   9   3   0   0   1  0.43 inf
   39 F   -1 -6 -6 -6 -1 -6 -5 -6 -4  1 -2 -6 -2  8 -6 -2  1  0  0  0    4   0   0   0   1   0   0   0   0   6   3   0   1  61   0   3  11   1   1   6  1.47 inf
   40 A    3  2 -1 -3  1 -1 -2 -1  1 -3 -3  1 -2 -1 -3  1  1 -4  0 -1   31  14   3   0   3   1   1   3   4   0   1   8   1   3   1  12   7   0   3   4  0.34 inf
   41 I   -4 -6 -6 -7 -1 -6 -6 -7 -6  6  2 -6 -1  0 -6 -5 -4 -5 -4  4    0   0   0   0   1   0   0   0   0  47  19   0   1   4   0   0   0   0   0  27  1.30 inf
   42 V   -3 -6 -6 -6  0 -5 -6 -6 -6  5  2 -6 -1  2 -6 -5 -2 -5 -2  5    1   0   0   0   2   0   0   0   0  31  18   0   1   7   0   0   2   0   1  38  1.09 inf
   43 G   -2 -7 -5 -6 -4 -6 -6  8 -6 -8 -8 -6 -7 -8 -6 -3 -6 -7 -7 -7    3   0   0   0   0   0   0  96   0   0   0   0   0   0   0   1   0   0   0   0  2.58 inf
   44 T    1 -5 -4 -5  2 -4 -5 -5 -3  1 -1 -5 -1  4 -5 -2  1 -3  5  3   11   0   1   0   4   0   0   0   0   7   3   0   1  18   0   2   8   0  23  22  0.74 inf
   45 A    6 -5 -4 -1 -4 -4 -4  3 -5 -5 -5 -4 -5 -6 -5  2 -2 -6 -6 -3   63   0   0   3   0   0   0  20   0   0   0   0   0   0   0  12   1   0   0   1  1.28 inf
   46 R   -6  9 -5 -6 -8 -4 -5 -7 -1 -5 -7 -2 -4 -7 -7 -5 -6 -7 -5 -7    0  97   0   0   0   0   0   0   2   1   0   0   0   0   0   0   0   0   0   0  2.91 inf
   47 Q   -2  6 -3 -4 -4  0 -3 -3 -2 -6 -5  0 -5 -6 -5  4  3 -6 -4 -5    2  40   0   0   0   3   0   1   1   0   0   4   0   0   0  28  20   0   0   0  1.10 inf
   48 A   -1 -1 -1  4 -6  0  3 -3 -1 -4 -5  3 -4 -5  3 -1 -3 -6 -5 -3    5   2   2  25   0   3  21   1   1   0   0  17   0   0  17   2   1   0   0   2  0.75 inf
   49 L   -4 -3 -5 -7 -5 -3 -6 -5 -2  0  2 -1  6 -1 -6 -5 -4  9  3 -2    1   1   0   0   0   1   0   1   1   5  20   5  23   2   0   0   1  27  11   2  1.43 inf
   50 N   -2 -4 -1  3 -4 -2  0 -2 -4 -5 -5 -3 -5 -6 -2  4  4 -6 -5 -4    2   0   3  18   0   1   5   2   0   0   0   0   0   0   2  37  30   0   0   0  0.97 inf
   51 D   -2 -2  2  6 -6 -1  0 -4  5 -4 -4 -1 -3 -6 -4 -1 -1 -6 -4 -1    2   1   8  47   0   2   4   1  16   1   1   4   0   0   1   3   4   0   0   6  1.02 inf
   52 D    1 -3 -2  5 -4  1  5 -3 -1 -5 -5 -1 -5 -5 -4 -3 -3 -6 -5 -3   10   1   1  27   0   7  44   2   1   0   0   2   0   0   0   1   1   0   0   2  1.06 inf
   53 E    0 -3 -2  4 -5  1  4  0  1 -3 -4 -1 -4 -3 -3  0 -1 -5  1 -3   10   0   1  21   0   5  30   6   3   1   1   3   0   1   0   8   3   0   5   1  0.54 inf
   54 F   -6 -6 -7 -7 -6 -6 -7 -7 -4 -1  2 -5 -2  8 -7 -6 -6  3  5 -4    0   0   0   0   0   0   0   0   0   4  16   0   0  58   0   0   0   4  17   0  1.88 inf
   55 K    0  7 -4 -4 -3  1 -1 -3  1 -3 -3  1 -4 -6 -5 -4 -3 -4 -5 -4    9  65   0   0   1   5   4   1   3   2   2   7   0   0   0   0   1   0   0   1  1.42 inf
   56 Q    1  0  1  2 -5  3  4 -1 -2 -4 -5  1 -4 -5 -4  0 -1 -5 -4 -4   10   3   6  12   0  13  30   3   1   1   0   9   0   0   0   7   4   0   0   1  0.57 inf
   57 L   -2  2 -1 -1 -4  1  1 -4  2 -1 -1  2  2  0 -3 -1 -1 -2  2  0    2  13   3   2   0   8   8   0   5   3   6  15   7   5   0   5   3   0   8   7  0.20 inf
   58 V    0 -5 -5 -6  1 -4 -4 -5 -5  3  2 -5  4 -2 -5 -2 -2 -5 -2  5    7   0   0   0   3   0   0   0   0  19  15   0  13   1   0   2   1   0   1  38  0.85 inf
   59 R    0  4 -2 -3 -4 -1  0 -2  3 -2  0  3  1 -3 -4  0 -1 -4  0 -2    7  27   0   0   0   1   7   2   7   2   8  16   4   0   0   8   4   0   3   2  0.39 inf
   60 D    0 -1  0  3 -5  2  4 -1 -1 -4 -4  1 -3 -5  1  0 -1 -5 -4 -3    6   3   3  15   0  11  25   5   1   0   1  10   0   0   7   8   3   0   0   1  0.46 inf
   61 C    3 -2 -1 -2 -1 -2 -1  1  0 -4 -4 -2 -2  0 -4  3  0 -4  3 -3   29   1   3   1   1   1   3   9   2   0   1   2   1   3   0  25   6   0  13   0  0.50 inf
   62 I   -2 -5 -5 -5 -2 -4 -5 -6 -4  4  4 -5  3  1 -5 -4 -3 -5 -3  3    3   0   0   0   0   1   0   0   0  26  34   0   7   5   0   0   1   0   0  22  0.87 inf
   63 K    0  1  0 -2 -5  3  2 -2  0 -2 -3  4 -3 -5 -3 -1  1 -5 -4 -3    8   7   3   1   0  12  15   2   2   2   2  32   0   0   1   4   8   0   0   1  0.51 inf
   64 D    0 -1  1  1  2  2  4 -2 -2 -3 -3  1 -3 -4 -2  0  1 -5 -3  0    8   2   6   7   5   7  27   3   1   0   1  11   0   0   1   5   8   0   0   6  0.34 inf
   65 F   -1  1 -1 -3 -4  0 -1 -2  5 -1 -1 -1 -1  5  0 -1 -1 -3  2 -2    5   7   2   1   0   3   3   3  16   2   5   4   1  29   5   3   4   0   5   2  0.48 inf
   66 T    2 -2  0  0  0 -1  0  0 -1  0 -2 -1 -2 -4  0  3  0 -4 -3  0   19   1   3   4   2   1   7   6   1   6   3   3   0   0   5  24   6   0   0   7  0.21 inf
   67 D   -1  4 -1  2 -4 -1  1  1  0 -4 -4  2 -4 -5  0 -1  0 -5 -2 -3    5  29   2  14   0   2   9   9   2   0   0  12   0   0   5   3   5   0   1   1  0.49 inf
   68 D   -2  1  1  5 -4  0  2 -2 -2 -5 -5  0 -4 -5 -3  1  3 -6 -4 -4    3   6   6  33   0   4  13   2   1   0   0   4   0   0   1   9  17   0   0   0  0.67 inf
   69 Q    0  0 -2  1 -5  2  4 -2 -2 -4 -5  1 -3 -5  3 -1 -1 -5 -4 -4    7   5   1   9   0   7  32   3   1   1   0   9   0   0  16   3   4   0   0   1  0.61 inf
   70 A    2 -2 -1  1 -1  0  4  0 -1 -3 -3  1 -2  1 -1 -1 -1  1 -3 -2   17   1   2   6   2   3  29   7   1   0   2   8   1   8   3   4   2   2   0   3  0.30 inf
   71 Q    0  2  0 -1 -3  2  1 -2  2  0 -1  2 -1 -2 -3 -1  1 -4 -2  0    6  11   4   3   0  11   8   2   5   4   6  16   1   1   0   3   8   0   0   9  0.17 inf
   72 A    0 -4 -5 -3  0 -3  0 -5 -3  1  2 -3  2 -1 -5 -3 -3  9  0  0   10   1   0   2   2   1   6   0   1   7  24   1   4   2   0   1   1  30   2   6  1.01 inf
   73 E    0 -2  2  4 -6  1  5 -3 -2 -5 -5  1 -5 -6 -3  0 -1 -6 -5 -5    7   1   8  22   0   6  38   1   1   0   0   7   0   0   0   6   3   0   0   0  0.84 inf
   74 A    1  1  0  2 -4  2  3 -1 -1 -3 -4  1 -3 -5 -3  0 -1  0 -4 -1   13   9   4  13   0  10  20   3   1   1   0   8   0   0   0   6   3   1   0   6  0.35 inf
   75 F   -6 -7 -7 -8 -6 -7 -7 -7 -6 -4  1 -7 -2  9 -8 -7 -6  5 -1 -3    0   0   0   0   0   0   0   0   0   0  13   0   0  78   0   0   0   7   0   1  2.49 inf
   76 I    3 -1 -4 -4  4 -2 -2 -3 -4  0  3 -2  0  0 -4  0 -1  2 -3 -1   25   4   0   0   9   2   3   1   0   5  28   1   1   4   0   9   2   3   0   3  0.36 inf
   77 E    1  0  0  0 -4  3  3 -2 -2 -5 -4  2 -4 -5 -2  2 -1 -5 -3 -4   13   4   4   5   0  14  20   3   0   0   0  14   0   0   1  18   2   0   1   0  0.49 inf
   78 H   -3  4  0 -4  0 -1 -3  2  6 -3  0  0 -1 -3 -5 -1 -2 -5 -1 -4    1  26   4   0   2   1   0  16  23   1  12   4   2   1   0   4   2   0   1   1  0.68 inf
   79 F   -3 -5  0 -5  5 -5 -5 -6 -3  3  3 -5  2  4 -5 -4 -2 -4 -3  1    1   0   6   0  12   0   0   0   0  18  32   0   5  16   0   1   1   0   0   9  0.78 inf
   80 S   -4  3 -2 -1 -3 -2 -1 -4  4 -4 -4 -1 -4  4 -5  1  1 -3  5 -4    0  15   1   4   0   1   3   0  11   0   0   3   0  21   0  13   8   0  18   0  0.72 inf
   81 Y   -5 -7 -7 -8 -1 -6 -7 -8 -2 -6 -5 -7 -5  4 -8 -6 -6 -1 10 -6    1   0   0   0   1   0   0   0   0   0   0   0   0  15   0   0   0   0  82   0  3.01 inf
   82 R   -3 -2 -4 -4  2  3 -1 -5  4  2  0 -2 -1  0 -5 -3 -2 -5 -2  4    1   1   0   0   5  15   4   0  11   9   9   2   1   3   0   1   2   0   0  36  0.59 inf
   83 A    2  0 -2 -2 -1  3 -1 -3 -1 -5 -4 -1 -4 -4  3  3 -1 -4 -3 -3   18   6   0   1   1  16   2   1   2   0   0   4   0   0  15  29   2   0   1   1  0.59 inf
   84 H   -1 -5 -3 -4 -4 -4 -4  5  3  0  0 -4  0  0 -5 -2 -2 -5 -4  1    5   0   0   1   0   0   0  48   9   5   9   0   3   4   0   3   1   0   0  11  0.77 inf
   85 D   -2 -2  3  6 -6  2  0 -2 -1 -6 -6 -2 -5 -5 -1  1 -1 -6 -5 -6    3   1  12  47   0  11   5   2   1   0   0   1   0   0   3   9   4   0   0   0  1.01 inf
   86 V    0 -5 -5 -5 -4 -5 -5 -4 -3  1  0 -4 -1  5  0 -3  0 -2  6  2   10   0   0   0   0   0   0   1   0   6   6   0   2  23   5   1   5   0  28  13  0.82 inf
   87 T    0 -1  1  5 -5  0  0 -2 -1 -5 -4  0 -3 -5 -4  1  2 -6 -4 -3    6   3   6  39   0   4   5   2   2   0   1   4   1   0   0  11  16   0   0   1  0.69 inf
   88 D   -2 -1  2  6 -5  1  1  0 -3 -5 -5  0 -5 -5 -4  1 -1 -6 -2 -4    3   3   8  43   0   6   8   7   0   0   0   6   0   0   0   9   4   0   1   1  0.79 inf
   89 A    1 -1 -2  4 -4 -1  2 -2 -3 -2 -3 -1 -4 -5  4  0  0 -5 -4 -1   12   3   1  23   0   1  12   3   0   1   3   3   0   0  20   6   5   0   0   6  0.49 inf
   90 A    2 -2  0  3 -5  0  5  0 -2 -5 -5 -1 -4 -6 -3  0 -1 -6 -5 -3   18   1   3  16   0   3  36   7   1   0   0   2   0   0   1   7   4   0   0   1  0.66 inf
   91 S    2 -4 -1  3 -4 -3 -2  3  3 -5 -5 -3 -4 -3 -4  3  0 -5 -4 -4   16   0   1  17   0   0   2  26   7   0   1   0   0   1   0  22   6   0   0   1  0.67 inf
   92 Y   -6 -6 -7 -7 -4 -6 -7 -6 -4 -4 -3 -6 -3  7 -7 -6 -6  5  8 -3    0   0   0   0   0   0   0   1   0   0   1   0   0  38   0   0   0   8  49   1  2.29 inf
   93 A    1  0 -1  2 -4  3  2 -1  1 -1 -2  1 -2 -3 -3  0  0 -4 -3  0   12   4   1  14   0  14  13   4   3   4   2   9   1   0   0   5   4   0   0   8  0.22 inf
   94 V    1  3  0  0 -3  2  2 -2 -1 -3 -2  2 -2 -4 -2  0  0 -4 -3 -2   11  18   5   5   0   9  12   2   1   1   5  14   0   0   1   5   7   0   0   3  0.27 inf
   95 L   -5 -6 -7 -8 -5 -6 -7 -8 -7 -1  7 -6 -1 -2 -7 -6 -5 -6 -5 -2    0   0   0   0   0   0   0   0   0   2  95   0   1   1   0   0   0   0   0   1  2.06 inf
   96 K    2  2  3  1 -3 -1 -1  0 -1 -3 -1  3 -3 -4 -3  0 -1 -5 -3 -3   16  12  13   8   0   1   2   6   1   1   6  22   0   0   0   6   3   0   0   1  0.33 inf
   97 E    1  0  0  1 -3  2  2 -1 -1 -4 -3  3 -2 -5 -1  1  0 -5 -3 -3   11   3   4   9   0  12  17   4   1   0   1  17   0   0   2   8   6   0   1   1  0.33 inf
   98 A    0  3 -2 -2 -1  0  0 -4  3 -2  1  1  0  1 -4 -2  1 -2 -1 -1    7  19   0   1   1   2   7   0   8   1  18   9   2   6   0   1  10   0   2   4  0.22 inf
   99 I   -2 -5 -5 -6 -1 -3 -5 -5 -6  4  5 -4  2 -3 -5 -2 -3 -5 -4  2    4   0   0   0   1   1   0   0   0  20  54   0   5   0   0   3   1   0   0  10  0.95 inf
  100 E    1  1  1  3 -2  1  3 -2 -1 -4 -3  1 -1 -5 -3  0 -1 -5 -4 -2   11   8   7  16   1   6  26   3   1   0   2   8   1   0   0   6   2   0   0   2  0.41 inf
  101 E   -1  1 -2  2 -5  2  5 -2 -1 -4 -4  2 -3 -4 -2  0  0 -5 -3 -4    6   6   1   9   0   7  41   2   1   1   2  11   0   0   1   5   4   0   0   1  0.62 inf
  102 A   -2 -1 -3 -3 -2 -2 -3 -3  1  2  4 -1  1  1 -4 -3 -2 -3  0  0    4   4   1   1   1   2   1   2   3  11  50   3   2   5   1   1   1   0   3   3  0.49 inf
  103 A   -1 -1  0  5 -4  0  4 -3  1 -4 -4 -2 -2 -5 -1 -1 -2 -5 -4 -3    5   2   3  35   0   2  33   2   3   0   1   1   1   0   3   3   2   0   0   1  0.86 inf
  104 D    0  1  1  1 -2  1  2  1  0 -3 -3  2 -2 -3 -2  0  0 -3 -3 -2   10   8   7   8   1   7  15   9   2   1   1  16   1   1   1   5   6   0   0   1  0.23 inf
  105 K    0  1 -1  0 -3  2  3 -1  0 -3 -2  3 -3 -4 -2  1  1 -4 -3 -1    8   6   2   5   0   8  21   3   2   1   3  18   0   0   1   8   8   0   0   4  0.29 inf
  106 F   -1  4 -1 -3 -2  1 -2 -1  3 -1 -1  0 -1  2 -3 -2 -2  2  4 -1    4  23   3   1   1   7   2   5   6   3   5   4   1   8   1   3   1   3  17   3  0.34 inf
  107 D   -1 -1  2  0 -3  1  0  5  2 -4 -4 -1 -4 -3 -2 -1 -3 -4 -4 -4    5   3  11   5   1   7   5  43   5   1   1   3   0   1   2   4   1   0   0   1  0.63 inf
  108 I    0 -1 -2 -2  0 -2 -2 -1 -3  1  0  0 -1 -3  0  0  4 -4 -3  0    6   3   1   2   2   1   2   5   0   8   8   7   1   1   5   6  36   0   0   4  0.32 inf
  109 D   -1  2  0  1  1  2  2  2  1 -3 -3  1 -2 -4  1  0 -2 -4 -3 -2    4  10   3  10   4   8  12  18   3   1   2   7   1   0   7   5   1   0   0   3  0.25 inf
  110 G    1 -1 -1 -3 -1 -1 -1  5 -1 -4 -4 -2 -3 -5  0  1 -1 -4 -4 -2   12   4   2   1   1   3   3  47   1   0   1   1   0   0   5   9   3   0   0   4  0.66 inf
  111 N   -5 -1  8 -2 -6 -2 -2 -4  1 -3 -6 -3 -4 -6 -5 -3 -3 -7 -5 -1    0   4  77   1   0   2   2   0   3   2   0   1   0   0   0   1   1   0   0   4  1.97 inf
  112 R   -2  7 -3 -5 -4 -1 -3 -5  3 -2 -2 -1 -2 -2 -5 -3  0  1  0 -1    4  60   1   0   0   2   0   0   7   2   5   1   1   2   0   1   5   2   3   4  1.20 inf
  113 I    2 -5 -5 -6 -4 -4 -5 -4 -5  3  4 -5  2 -2 -4 -3 -1 -5 -4  2   19   0   0   0   0   0   0   1   0  16  43   0   5   0   0   0   3   0   0  13  0.78 inf
  114 F   -7 -7 -7 -8 -7 -7 -8 -8 -3 -4 -4 -7 -5  9 -8 -7 -7 -3  4 -5    0   0   0   0   0   0   0   0   0   1   1   0   0  86   0   0   0   0  12   0  2.95 inf
  115 Y   -7 -7 -7 -8 -8 -6 -7 -8 -3 -6 -6 -7 -6 -1 -8 -7 -7 -3 10 -6    0   0   0   0   0   0   0   0   0   0   0   0   0   1   0   0   0   0  99   0  3.69 inf
  116 M   -5 -6 -7 -7 -5 -6 -7 -7 -6 -2  6 -6  4  2 -7 -6 -5 -5 -4 -2    0   0   0   0   0   0   0   0   0   1  80   0  11   8   0   0   0   0   0   1  1.76 inf
  117 S    5 -5 -4 -5 -5 -4 -4 -4 -5 -6 -6 -4 -5 -6 -5  5 -3 -7 -6 -5   55   0   0   0   0   0   0   0   0   0   0   0   0   0   0  45   0   0   0   0  1.65 inf
  118 V   -3 -5 -5 -6 -4 -5 -5 -5 -6  3  2 -5  4 -3 -5 -3  3 -5 -4  4    0   0   0   0   0   0   0   0   0  15  19   0  11   0   0   1  22   0   0  32  0.93 inf
  119 A    3 -4 -5 -5 -6 -3 -5 -1 -6 -4 -6 -5 -3 -7  7  0 -4 -7 -6 -5   26   1   0   0   0   1   0   4   0   1   0   0   1   0  60   7   0   0   0   0  1.80 inf
  120 P   -2 -7 -7 -5 -8 -6 -6 -7 -7 -8 -8 -6 -7 -9  9 -6 -6 -9 -8 -7    3   0   0   1   0   0   0   0   0   0   0   0   0   0  97   0   0   0   0   0  3.33 inf
  121 R    0  1  2  1 -4  1  1 -1 -2 -4 -4  1 -3 -3 -3  4  0 -4 -4 -4    6   7   9   8   0   5   8   4   1   0   0   9   0   1   0  35   6   0   0   1  0.47 inf
  122 F    0 -5 -5 -4 -4 -3 -4 -5 -2  1  3 -5  0  5 -5 -3 -3 -1  2  3    9   0   0   1   0   1   1   0   1   6  26   0   1  25   0   2   1   1   5  20  0.66 inf
  123 F   -4 -7 -7 -8 -7 -7 -7 -7 -2 -3 -4 -7 -1  8 -8 -6 -6 -3  6 -4    2   0   0   0   0   0   0   0   1   1   1   0   1  72   0   0   0   0  22   1  2.51 inf
  124 G    1 -4 -2 -1 -3 -2  2  4 -1 -1 -3 -3 -3 -5  4 -1 -1 -5 -5 -1   11   0   1   3   0   1  13  29   2   4   2   0   0   0  21   4   4   0   0   6  0.56 inf
  125 T    0 -3 -2  2 -3  0  0 -2 -3  0 -2 -2 -2 -4  3  0  3 -5 -4  2    6   0   1  12   0   4   7   3   0   4   3   1   1   0  16   7  20   0   0  15  0.34 inf
  126 I   -1 -6 -6 -6 -4 -6 -6 -2 -6  6  0 -6 -1 -4 -6 -5 -3 -6 -5  5    6   0   0   0   0   0   0   3   0  44   6   0   1   0   0   0   1   0   0  40  1.31 inf
  127 A    3 -4 -4 -4  5 -4 -4 -3 -5  1 -1 -4 -2 -4  1  1  1 -5 -4  2   29   0   0   0  12   0   0   1   0   8   5   0   0   0   7  11  10   0   0  16  0.56 inf
  128 K   -1  2 -1  0 -5  3  3 -2  0 -3 -1  3 -2 -3 -3  0  0 -5 -3 -2    4  13   2   4   0  12  20   2   2   0   6  17   0   1   0   8   6   0   0   2  0.38 inf
  129 Y   -2  2  4 -3  4  4 -1 -1  5 -5 -4  0  1 -3 -5 -1 -3 -5 -1 -5    3   9  22   0   8  21   2   6  14   0   1   4   4   1   0   4   0   0   2   0  0.72 inf
  130 L   -4 -5 -6 -6 -4 -5 -6 -6 -6  4  6 -5  0 -3 -6 -5 -4 -5 -4 -1    1   0   0   0   0   0   0   0   0  20  73   0   1   0   0   0   0   0   0   2  1.50 inf
  131 K    2  1 -1 -2 -5  0 -1  3  3 -5 -5  4 -4 -5 -4  0 -3 -3 -2 -4   16   6   3   2   0   4   3  19   8   0   0  32   0   0   0   5   1   0   1   0  0.60 inf
  132 S    2  2  0  1 -3  0  2 -2 -2 -4 -3  3 -3 -5 -3  2  0 -4 -4 -3   17  14   3   8   0   3  14   2   1   0   1  17   0   0   0  15   4   0   0   1  0.40 inf
  133 E    2 -2 -1 -2  1  1  0 -2  5 -1 -2 -2 -2 -2 -3  2  0 -2  0 -1   22   1   2   1   3   5   7   3  19   3   3   2   0   2   0  14   6   1   3   4  0.34 inf
  134 G   -1 -2  2 -2  3 -1 -2  6 -1 -5 -5 -1 -4 -5 -4 -2 -3 -5 -5 -4    3   2   9   2   6   2   2  62   1   0   1   4   0   0   1   2   1   0   0   1  1.14 inf
  135 L   -2 -5 -6 -7  5 -4 -6 -6 -5  1  5 -5  5 -2 -6 -5 -4 -5 -3 -1    4   0   0   0  11   0   0   0   0   6  60   0  14   0   0   0   0   0   1   4  1.25 inf
  136 L    2 -3  2 -2  0 -2 -3 -2 -2 -1  1 -3  2 -2 -2  1  1 -1  1  0   24   0  13   1   2   1   0   3   0   3  13   0   6   1   2   9   8   1   6   8  0.23 inf
  137 A    0  0  0  2 -2  0  1  0 -1 -4 -4  1 -3 -4  2  2  2 -5 -3 -3    8   5   4  14   1   4   9   6   1   0   0   8   0   0   9  19  12   0   0   1  0.33 inf
  138 D   -1 -1  0  3 -2  1  4 -1 -1 -4 -4  1 -4 -5  0  0  1 -5 -4 -3    4   2   3  18   1   6  27   5   1   0   1   8   0   0   5   6  10   0   0   1  0.46 inf
  139 T   -1  1  2  1 -1  1  1  1  0 -4 -4  1 -3 -4  2  1  1 -4 -4 -3    2   7  12   9   2   5   7  13   2   1   1  10   0   0   9   9  11   0   0   1  0.29 inf
  140 G    0 -3 -2 -2 -3 -1 -3  6 -2 -4 -4 -1 -3 -5  0  1 -2 -4 -3 -4    5   1   1   1   0   3   1  60   1   1   1   4   0   0   6   8   2   0   1   1  1.03 inf
  141 Y   -4 -1 -4 -5 -3 -2 -4 -5  1 -1 -3  0 -3  3 -4 -4 -3 11  1 -3    1   4   1   1   1   1   1   1   4   4   2   5   1  10   1   1   2  54   4   2  2.12 inf
  142 N    0  4  3 -2 -3  0 -2 -4  1 -4 -4  1 -3 -5 -4  2  3 -5 -4 -2    8  26  13   1   1   3   1   0   3   0   1   9   0   0   0  13  18   0   0   2  0.58 inf
  143 R   -6  9 -4 -6 -8 -3 -5 -7 -2 -8 -7  0 -6 -8 -7 -5 -6 -7 -6 -7    0  96   1   0   0   0   0   0   1   0   0   3   0   0   0   0   0   0   0   0  2.88 inf
  144 L   -2 -6 -6 -7 -4 -6 -6 -7 -6  5  3 -6 -1 -2 -6 -5 -4 -6 -4  5    2   0   0   0   0   0   0   0   0  30  28   0   0   1   0   0   0   0   0  39  1.24 inf
  145 M   -4 -7 -7 -7 -5 -6 -7 -7 -7  6 -2 -6  1 -4 -6 -6 -4 -7 -5  6    0   0   0   0   0   0   0   0   0  48   0   0   3   0   0   0   0   0   0  49  1.84 inf
  146 I   -4 -6 -7 -7 -3 -6 -7 -7 -7  6 -1 -6 -1 -2 -6 -6 -4 -6 -5  5    1   0   0   0   0   0   0   0   0  50   3   0   1   1   0   0   0   0   0  45  1.71 inf
  147 E   -6 -5 -5 -3 -8 -3  8 -7 -5 -8 -8 -4 -7 -8 -6 -5 -6 -8 -7 -7    0   0   0   0   0   0 100   0   0   0   0   0   0   0   0   0   0   0   0   0  2.83 inf
  148 K   -5 -2 -5 -5 -8 -3 -4 -6 -5 -7 -7  8 -6 -8 -6 -5 -5 -8 -7 -7    0   0   0   0   0   0   0   0   0   0   0 100   0   0   0   0   0   0   0   0  2.83 inf
  149 P   -6 -7 -7 -6 -8 -6 -6 -7 -7 -8 -8 -6 -8 -9  9 -6 -6 -9 -8 -7    0   0   0   0   0   0   0   0   0   0   0   0   0   0 100   0   0   0   0   0  3.55 inf
  150 F   -7 -8 -8 -8 -7 -8 -8 -8 -6 -2 -3 -8 -4  9 -8 -7 -7 -4  0 -5    0   0   0   0   0   0   0   0   0   2   1   0   0  95   0   0   0   0   1   0  3.19 inf
  151 G   -4 -7 -5 -6 -7 -6 -7  8 -7 -8 -8 -6 -7 -8 -7 -5 -6 -7 -8 -8    0   0   0   0   0   0   0 100   0   0   0   0   0   0   0   0   0   0   0   0  2.81 inf
  152 T   -5  5 -3 -4 -6 -2 -2 -6  8 -6 -6  2 -3 -4 -5 -2  1 -5  3 -4    0  30   1   0   0   1   1   0  34   0   0  11   0   0   0   3   8   0   9   1  1.35 inf
  153 S   -6 -6  1  8 -8 -5 -3 -6 -2 -8 -8 -5 -8 -8 -6 -2 -5 -9 -7 -8    0   0   4  92   0   0   0   0   1   0   0   0   0   0   0   3   0   0   0   0  2.70 inf
  154 Y   -3 -4 -6 -3 -5 -3 -4 -5 -5 -1  6 -4 -1  0 -6 -1 -3 -5  2 -2    1   1   0   2   0   1   1   1   0   2  75   1   0   2   0   4   2   0   7   1  1.24 inf
  155 D    3 -2 -1  1 -5  2  4 -2 -3 -5 -5  1 -4 -6  0 -1 -1 -5 -5 -3   25   1   2   6   0  11  31   2   0   0   0  10   0   0   3   4   4   0   0   2  0.61 inf
  156 T   -3 -5 -4 -5 -5 -4 -5 -5 -5 -6 -7 -5 -6 -7 -5  7  3 -7 -6 -6    0   0   0   0   0   0   0   0   0   0   0   0   0   0   0  86  14   0   0   0  2.12 inf
  157 A    7 -5 -5 -5 -2 -5 -5 -4 -5 -5 -6 -5 -5 -3 -5  3 -4 -6 -4 -4   79   0   0   0   1   0   0   0   0   0   0   0   0   1   0  18   0   0   1   0  1.77 inf
  158 A   -1  5 -1 -2 -2  4  1 -3  0 -3 -2  3 -3 -5 -4 -2 -3 -5 -4 -2    4  33   2   1   1  18  10   1   2   2   3  17   0   0   0   1   1   0   0   2  0.73 inf
  159 E    2 -1 -2  0 -5  2  5 -4 -1 -3 -5  1 -4 -6 -4 -1 -2 -6 -4 -2   19   3   1   5   0   8  42   0   2   1   0  10   0   0   0   4   1   0   0   3  0.76 inf
  160 L   -6 -6 -8 -8 -5 -6 -7 -8 -7 -1  7 -7  0 -2 -7 -7 -5 -6 -5 -3    0   0   0   0   0   0   0   0   0   1  97   0   1   1   0   0   0   0   0   0  2.15 inf
  161 Q   -4 -4  7  2 -6  2 -2 -4 -4 -6 -5 -4 -4 -7 -5  1 -1 -7 -5 -6    0   0  63   9   0   8   1   1   0   0   1   0   0   0   0  11   4   0   0   0  1.64 inf
  162 N    2  3  1  3 -3  2  2 -1 -1 -3 -4  2 -3 -5 -3  0 -1 -5 -4 -3   16  16   6  15   0   8  12   3   1   1   0  11   0   0   0   6   2   0   0   1  0.40 inf
  163 D    0  0 -1 -1 -1  1  2 -1  3  1 -1  0 -1 -3 -3  0  1 -4 -2  1   10   3   1   3   2   9  13   4   9   9   6   4   1   0   0   5   9   0   0  12  0.13 inf
  164 L   -4 -6 -7 -7 -4 -6 -6 -7 -6  4  5 -6 -1 -3 -6 -5 -4 -5 -1  3    0   0   0   0   0   0   0   0   0  23  52   0   0   0   0   0   0   0   2  22  1.24 inf
  165 E    2  1  1 -1 -2  1  0  1  4 -3 -1  0 -3 -4 -3  1  0 -4 -2 -3   17   8   7   3   1   6   6   8  13   1   7   6   0   0   0  11   4   0   0   0  0.25 inf
  166 N    1  2  0  0 -4  2  2 -1  1 -4 -4  2 -3 -5  1  2 -1 -5 -4 -4   12  10   4   4   0  11  13   5   4   1   1  11   0   0   7  15   3   0   0   0  0.34 inf
  167 A    0 -3 -1 -2  2 -3 -3 -4  4  0  1 -4 -1  0 -4 -1 -1 -3  3  4    7   0   3   3   4   1   0   0  10   4  13   0   1   3   0   5   4   0  11  31  0.40 inf
  168 F   -3 -7 -7 -8  1 -7 -7 -4 -6 -3  1 -7 -2  8 -7 -6 -6  5 -1 -2    2   0   0   0   3   0   0   1   0   1  11   0   0  73   0   0   0   6   0   3  2.14 inf
  169 D    0  1  1  3 -4  1  1 -3  1 -4 -4  2 -4 -5  2  1  1 -5 -4 -3    6   9   6  19   0   6  10   0   4   0   0  13   0   0   9   8   9   0   0   1  0.42 inf
  170 D   -4 -3 -5 -2 -8 -2  8 -7 -5 -8 -7 -4 -6 -8  0 -3 -5 -7 -7 -7    1   1   0   1   0   1  90   0   0   0   0   0   0   0   5   1   0   0   0   0  2.36 inf
  171 N   -3  0  2  4 -6  0  3 -2  4 -6 -6  0 -5 -6 -3  2 -2 -6 -4 -5    0   4   7  27   0   4  23   2  10   0   0   5   0   0   1  14   2   0   0   0  0.77 inf
  172 Q   -3 -3 -2  1 -5  8  3 -5 -2 -7 -6 -3 -5 -6 -5  0 -4 -6 -6 -6    2   0   1   6   0  66  15   0   0   0   0   0   0   0   0   7   0   0   0   0  1.80 inf
  173 L   -5 -6 -7 -7 -5 -6 -7 -7 -7  7  1 -6 -2 -4 -6 -6 -1 -6 -5  4    0   0   0   0   0   0   0   0   0  62   9   0   0   0   0   0   4   0   0  24  1.64 inf
  174 F   -6 -7 -7 -8 -7 -7 -7 -8 -3 -5 -5 -7 -5  7 -8 -6 -6 -3  9 -6    0   0   0   0   0   0   0   0   0   0   0   0   0  39   0   0   0   0  61   0  2.80 inf
  175 R   -6  9 -5 -6 -8 -4 -5 -7 -3 -8 -7 -2 -6 -7 -7 -5 -6 -7 -3 -7    0  99   0   0   0   0   0   0   0   0   0   0   0   0   0   0   0   0   1   0  3.03 inf
  176 I   -6 -8 -8 -8 -6 -7 -8 -8 -8  8 -3 -7 -1 -5 -7 -7 -5 -7 -6 -1    0   0   0   0   0   0   0   0   0  98   0   0   1   0   0   0   0   0   0   1  2.78 inf
  177 D   -7 -6 -3  9 -8 -5 -3 -6 -6 -8 -8 -5 -8 -8 -6 -5 -6 -9 -8 -8    0   0   0 100   0   0   0   0   0   0   0   0   0   0   0   0   0   0   0   0  3.12 inf

                      K         Lambda
Standard Ungapped    0.1375     0.3211
Standard Gapped      0.0661     0.2670
PSI Ungapped         0.2155     0.3146
PSI Gapped           0.0661     0.2670
