
Last position-specific scoring matrix computed, weighted observed percentages rounded down, information per position, and relative weight of gapless real matches to pseudocounts
           A  R  N  D  C  Q  E  G  H  I  L  K  M  F  P  S  T  W  Y  V   A   R   N   D   C   Q   E   G   H   I   L   K   M   F   P   S   T   W   Y   V
    1 R   -3  6 -2 -3 -5  2 -1 -4 -2 -5 -5  5 -3 -5 -4 -3 -3 -5 -4 -5    0  46   0   0   0   7   0   0   0   0   0  47   0   0   0   0   0   0   0   0  1.32 inf
    2 Y   -4 -1 -3 -4 -5 -2 -1 -5  2 -4 -2  2 -1  0 -4 -3 -3  8  7 -4    0   2   1   0   0   1   4   0   5   0   2  17   2   1   1   1   0  26  40   0  1.34 inf
    3 L   -3 -4 -6 -6 -3 -4 -5 -6 -5  0  6 -5  0 -2 -5 -5 -3 -4 -3 -1    1   0   0   0   0   0   0   0   0   2  95   0   1   0   0   0   1   0   0   1  1.40 inf
    4 G   -2 -4  0 -3 -5 -3 -3  7 -3 -6 -6 -3 -5 -6 -5 -2 -4 -5 -5 -6    1   0   5   1   0   1   1  91   1   0   0   0   0   0   0   0   0   0   0   0  1.83 inf
    5 L   -2 -4 -5 -5 -1 -4 -5 -5 -5  3  4 -4  1 -1 -4 -4 -2 -4 -3  3    1   0   0   0   1   0   0   0   0  19  56   0   1   1   0   0   0   0   0  22  0.82 inf
    6 P   -1 -3 -3  0 -5 -1  3 -4 -3 -5 -5  0 -4 -6  7 -1 -3 -6 -5 -4    3   0   0   5   0   1  22   0   0   0   0   5   0   0  61   2   0   0   0   0  1.54 inf
    7 S   -1 -2  1 -1 -3 -2 -2  4 -2 -5 -5 -2 -4 -5 -3  5 -1 -5 -4 -4    0   1   6   2   0   0   1  32   1   0   0   1   0   0   0  55   2   0   0   0  0.90 inf
    8 E   -4 -3 -3 -1 -7 -1  8 -5 -3 -6 -6 -2 -5 -6 -4 -3 -4 -6 -5 -5    0   0   0   0   0   0 100   0   0   0   0   0   0   0   0   0   0   0   0   0  2.08 inf
    9 E   -1  0  0  2 -4  4  4 -3 -1 -4 -3  2 -1 -4 -2  0  0 -4 -3 -3    5   2   3  10   0  19  34   1   1   0   1  15   1   0   0   3   4   0   0   1  0.56 inf
   10 A    2  2 -1  0 -3  0  3 -3  0 -3 -3  3 -2 -3 -3 -1  0 -4 -3 -2   21  14   1   2   0   2  27   0   2   0   2  19   1   0   0   1   8   0   0   1  0.41 inf
   11 F   -4 -4 -1 -5 -4 -4 -5 -5 -2 -2  3 -4  0  7 -5 -4 -4  0  5 -2    0   0   4   0   0   0   0   0   0   0  26   0   1  47   0   0   0   0  21   0  1.15 inf
   12 K   -1  1  0 -2 -3  1 -1 -1 -2  0  0  3  4 -2 -3  1  0  0 -1 -1    4   9   4   0   0   7   0   3   0   5   6  21  16   1   0  17   3   1   2   1  0.20 inf
   13 G   -2 -4 -1 -4 -5 -4 -4  7 -4 -6 -6 -4 -5 -6 -5 -2 -4 -5 -6 -6    0   0   3   0   0   0   0  95   0   0   0   0   0   0   0   2   0   0   0   0  1.98 inf
   14 R   -2  5 -2 -3 -5  0 -2  0  2 -4 -3  4 -1  2 -4 -2 -3 -3  0 -4    1  40   0   0   0   2   0   6   4   0   1  28   2  10   0   2   0   0   4   0  0.69 inf
   15 G   -2 -5 -3 -4 -5 -4 -5  7 -5 -6 -6 -4 -5 -6 -5 -3 -4 -5 -6 -6    0   0   0   0   0   0   0 100   0   0   0   0   0   0   0   0   0   0   0   0  2.18 inf
   16 V   -3 -5 -5 -6 -3 -5 -5 -6 -6  1 -1 -5 -2 -3 -5 -4 -2 -5 -4  7    0   0   0   0   0   0   0   0   0   2   1   0   0   0   0   0   0   0   0  96  1.65 inf
   17 S   -1 -3 -2 -3 -4 -3 -3 -2 -4 -5 -5 -3 -4 -5 -3  7 -1 -6 -4 -4    0   0   0   0   0   0   0   1   0   0   0   0   0   0   0  99   1   0   0   0  1.73 inf
   18 A    5 -3 -3 -4 -3 -3 -3  0 -2 -3 -3 -3 -3 -1 -3  0  1  4  4 -2   56   0   0   0   0   0   0   5   0   0   0   0   0   1   0   4   8   6  20   0  0.79 inf
   19 C   -3 -7 -6 -7 12 -6 -7 -6 -6 -4 -4 -6 -5 -6 -6 -4 -4 -6 -6 -4    0   0   0   0 100   0   0   0   0   0   0   0   0   0   0   0   0   0   0   0  3.62 inf
   20 A    7 -4 -4 -4 -3 -3 -3 -2 -4 -4 -4 -3 -3 -5 -3 -1 -2 -5 -4 -3   99   0   0   0   0   0   0   0   0   0   0   0   0   0   0   1   0   0   0   0  1.63 inf
   21 T   -2 -4 -3 -4 -3 -3 -4 -4 -4 -1 -3 -3 -3 -4 -4 -1  7 -5 -4  3    0   0   0   0   0   0   0   0   0   1   0   0   0   0   0   1  77   0   0  22  1.36 inf
   22 S   -3 -7 -6 -7 12 -6 -7 -6 -6 -4 -4 -6 -5 -6 -6 -3 -4 -6 -6 -4    0   0   0   0  99   0   0   0   0   0   0   0   0   0   0   1   0   0   0   0  3.58 inf
   23 D   -5 -4 -1  8 -6 -3 -1 -4 -4 -6 -7 -3 -6 -6 -4 -3 -4 -7 -6 -6    0   0   0 100   0   0   0   0   0   0   0   0   0   0   0   0   0   0   0   0  2.37 inf
   24 G   -1 -5 -3 -4 -5 -4 -5  7 -5 -6 -6 -4 -5 -6 -5 -3 -4 -5 -6 -6    2   0   0   0   0   0   0  98   0   0   0   0   0   0   0   0   0   0   0   0  2.11 inf
   25 F    1 -5 -4 -5 -4 -5 -5 -5 -1 -3 -2 -5 -2  8 -2 -3 -3 -2  1 -3   16   0   0   0   0   0   0   0   1   0   0   0   1  77   2   1   1   0   1   0  1.59 inf
   26 F   -5 -6 -6 -6 -5 -6 -6 -6 -4 -3 -2 -6 -2  9 -7 -5 -5 -2  0 -4    0   0   0   0   0   0   0   0   0   0   1   0   0  98   0   0   0   0   0   0  2.48 inf
   27 Y   -5 -5 -5 -6 -5 -5 -5 -6 -2 -3 -3 -5 -3  7 -6 -5 -4 -1  8 -4    0   0   0   0   0   0   0   0   0   0   0   0   0  49   0   0   0   0  51   0  2.01 inf
   28 R   -3  7 -2 -3 -6 -1 -2 -4 -3 -5 -5  5 -4 -5 -4 -2 -3 -5 -4 -5    0  65   1   0   0   0   1   0   0   0   0  32   0   0   0   0   0   0   0   0  1.50 inf
   29 N   -2 -3  5  4 -5 -1 -1  4 -2 -5 -5 -1 -4 -5 -4 -1 -2 -5 -4 -5    0   0  33  22   0   2   2  37   0   0   0   3   0   0   0   1   0   0   0   0  0.96 inf
   30 Q   -3  1 -2 -2 -2  6  1 -4  1 -5 -4  5 -1 -5 -3 -1 -2 -5 -4 -4    0   5   0   0   1  39   4   0   2   0   1  44   1   0   0   2   0   0   0   1  1.01 inf
   31 K   -2  0  1  4 -4  0  3 -3  1 -3 -4  2 -3 -4  1 -1  0 -5 -3 -2    0   2   6  28   0   1  25   0   4   1   0  18   0   0   8   0   5   0   0   3  0.56 inf
   32 V   -2 -5 -5 -5 -2 -4 -5 -5 -5  4  1 -4 -1 -3 -5 -4 -2 -5 -3  6    0   0   0   0   0   0   0   0   0  23   7   0   0   0   0   0   0   0   0  69  1.15 inf
   33 A    4 -3 -4 -4  2 -3 -3 -2 -4  1 -1 -3 -1 -1 -3 -1 -1 -4 -3  3   51   0   0   0   4   0   0   1   0   9   4   0   1   2   0   0   1   0   0  26  0.58 inf
   34 V   -3 -5 -5 -6 -3 -5 -5 -6 -6  2 -1 -5 -2 -3 -5 -4 -2 -5 -4  7    0   0   0   0   0   0   0   0   0   6   1   0   0   0   0   0   0   0   0  93  1.58 inf
   35 I   -2 -5 -5 -5 -3 -5 -5 -6 -5  5  0 -5 -1 -3 -5 -4 -2 -5 -3  6    1   0   0   0   0   0   0   0   0  30   1   0   0   0   0   0   0   0   0  67  1.22 inf
   36 G   -2 -5 -3 -4 -5 -4 -5  7 -5 -6 -6 -4 -5 -6 -5 -3 -4 -5 -6 -6    0   0   0   0   0   0   0 100   0   0   0   0   0   0   0   0   0   0   0   0  2.18 inf
   37 G    0 -5 -3 -4 -5 -4 -5  7 -5 -6 -6 -4 -5 -6 -5 -3 -4 -5 -6 -5    5   0   0   0   0   0   0  95   0   0   0   0   0   0   0   0   0   0   0   0  2.01 inf
   38 G   -2 -5 -3 -4 -5 -4 -5  7 -5 -6 -6 -4 -5 -6 -5 -3 -4 -5 -6 -6    0   0   0   0   0   0   0 100   0   0   0   0   0   0   0   0   0   0   0   0  2.18 inf
   39 N   -4 -3  6  6 -5 -2 -1 -3 -2 -6 -6 -3 -5 -6 -4 -2 -3 -6 -5 -5    0   0  48  51   0   0   0   0   0   0   0   0   0   0   0   1   0   0   0   0  1.62 inf
   40 T   -1 -3 -2 -3 -3 -3 -3 -3 -4 -3 -4 -3 -3 -4 -3  4  6 -5 -4 -2    3   0   0   0   0   0   0   0   0   0   0   0   0   0   0  36  60   0   0   1  1.16 inf
   41 A    7 -4 -4 -4 -3 -3 -3 -2 -4 -4 -4 -3 -3 -5 -3 -1 -2 -5 -4 -3   99   0   0   0   0   0   0   0   0   0   0   0   0   0   0   0   1   0   0   0  1.63 inf
   42 V    0 -4 -5 -5  0 -4 -4 -5 -4  2  1 -4  5 -1 -4 -3 -2 -4 -3  5    7   0   0   0   2   0   0   0   0   8   6   0  21   1   0   0   0   0   0  55  0.84 inf
   43 E   -3 -3 -3  0 -6  0  7 -5 -3 -6 -5 -2 -5 -6 -4 -2 -2 -6 -5 -5    1   0   0   1   0   2  94   0   0   0   0   0   0   0   0   2   1   0   0   0  1.83 inf
   44 E   -4 -3 -3  1 -6 -1  7 -5 -3 -6 -6 -2 -5 -6 -4 -3 -3 -6 -5 -5    0   0   0   4   0   0  96   0   0   0   0   0   0   0   0   0   0   0   0   0  1.95 inf
   45 A    6 -4 -4 -4 -3 -3 -3  1 -4 -4 -4 -3 -3 -5 -3  0 -1 -5 -4 -3   87   0   0   0   0   0   0   9   0   0   0   0   0   0   0   2   1   0   0   0  1.28 inf
   46 L   -2 -3  0 -3 -2 -2 -3 -4 -2  1  4 -3  1 -2 -4 -1  2 -4 -3  0    0   0   4   1   0   1   0   1   1   6  61   0   1   0   0   3  16   0   0   4  0.56 inf
   47 Y   -5 -5 -5 -6 -5 -4 -5 -6  0 -3 -3 -5 -3  6 -6 -5 -4 -1  8 -4    0   0   0   0   0   0   0   0   1   0   0   0   0  34   0   0   0   0  65   0  2.07 inf
   48 L   -4 -5 -6 -6 -4 -5 -5 -6 -5 -1  6 -5  1 -2 -5 -5 -4 -4 -3 -1    0   0   0   0   0   0   0   0   0   0  99   0   1   0   0   0   0   0   0   0  1.55 inf
   49 S    2 -3 -1 -3 -3 -2 -3 -3 -3 -3 -4 -2 -3 -4 -3  4  5 -5 -4 -2   20   0   1   0   0   0   0   0   0   0   0   0   0   0   0  32  47   0   0   0  0.91 inf
   50 N   -3  4  6 -2 -5  1 -2 -2  1 -5 -5  3 -4 -5 -4 -1 -2 -5 -4 -5    0  23  45   0   0   5   0   2   4   0   0  19   0   0   0   1   1   0   0   0  0.95 inf
   51 I   -3 -4 -5 -5 -4 -4 -5 -5  1  5  1 -5  0  6 -4 -3 -3 -2  1  0    0   0   0   0   0   0   0   0   5  37  11   0   2  42   0   1   0   0   2   1  0.95 inf
   52 A    6 -4 -4 -4  5 -3 -3  0 -4 -3 -3 -3 -3 -4 -3  0 -1 -5 -4 -1   75   0   0   0  13   0   0   4   0   0   0   0   0   0   0   2   3   0   0   4  1.08 inf
   53 S    0  2  1  1 -3 -1  0 -2 -2 -4 -4  3 -3 -4 -2  4  1 -4 -3 -3    5   9   5   6   0   0   5   1   0   0   0  22   0   0   1  39   6   0   0   0  0.49 inf
   54 E   -2  0 -1 -1 -4  1  2 -3  3 -4 -4  5 -3 -5 -3  2  0 -5 -3 -4    0   1   2   2   0   3  15   0   8   0   0  46   0   0   0  19   4   0   0   0  0.68 inf
   55 V   -3 -5 -6 -6 -3 -5 -5 -6 -6  1 -1 -5 -2 -3 -5 -4 -2 -5 -4  7    0   0   0   0   0   0   0   0   0   1   1   0   0   0   0   0   0   0   0  99  1.71 inf
   56 H   -3 -2 -1 -3 -3 -2 -3 -3  4 -2 -3 -2 -3  0 -4 -1  6 -3  4 -2    0   1   1   0   0   0   0   1  13   1   0   1   0   3   0   1  60   0  15   2  0.97 inf
   57 L   -3 -4 -5 -5 -3 -4 -5 -5 -5  3  4 -4  3 -1 -4 -4 -2 -4 -3  3    0   0   0   0   0   0   0   0   0  21  50   0   7   0   0   0   0   0   0  22  0.81 inf
   58 I   -3 -5 -5 -5 -3 -5 -5 -6 -5  6  1 -5  0 -2 -5 -4 -2 -5 -3  5    0   0   0   0   0   0   0   0   0  52   7   0   0   1   0   0   0   0   0  40  1.09 inf
   59 H   -4 -3 -1 -4 -6 -2 -3 -5 11 -4 -5 -4 -4 -4 -5 -4 -4 -5  0  0    0   0   1   0   0   0   0   0  89   0   0   0   0   0   0   0   0   0   1   8  2.62 inf
   60 R   -4  8 -3 -4 -6 -2 -3 -5 -1 -6 -5  0 -4 -6 -5 -3 -4 -6 -4 -5    0  99   0   0   0   0   0   0   1   0   0   0   0   0   0   0   0   0   0   0  2.26 inf
   61 R   -4  8 -3 -4 -6 -1 -3 -3 -3 -6 -5  1 -4 -6 -5 -2 -4 -5 -4 -5    0  92   0   0   0   0   0   2   0   0   0   6   0   0   0   1   0   0   0   0  1.96 inf
   62 D   -4 -4  1  7 -6 -2  2 -2 -1 -4 -6 -3 -4 -6 -3 -1 -3 -6 -5 -5    0   0   4  79   0   1   9   2   1   1   0   0   0   0   0   3   0   0   0   0  1.57 inf
   63 G    0  0  0 -1 -4  2  4 -1  1 -3 -4  2 -3 -3 -2  2  1 -4 -2 -3    5   2   3   0   0  10  31   3   3   1   0  14   0   0   0  16  10   0   1   0  0.41 inf
   64 F   -4 -5 -5 -6 -4 -5 -5 -6 -4 -1  4 -5  2  7 -5 -5 -4 -2  0 -2    0   0   0   0   0   0   0   0   0   0  45   0   4  50   0   0   0   0   0   0  1.27 inf
   65 R   -4  8 -3 -4 -6 -1 -3 -5 -3 -6 -5  1 -4 -6 -5 -2 -3 -5 -4 -5    0  93   0   0   0   0   0   0   0   0   0   5   0   0   0   1   1   0   0   0  2.02 inf
   66 A    6 -4 -3 -4 -1 -3 -3 -1 -4 -4 -4 -3 -3 -5 -2  1 -2 -5 -4 -3   87   0   0   0   1   0   0   2   0   0   0   0   0   0   1  10   0   0   0   0  1.28 inf
   67 E   -1 -2 -1  0 -4  2  5 -3 -2 -5 -5 -1 -4 -5 -3  4  0 -5 -4 -4    2   0   1   2   0   9  47   0   0   0   0   0   0   0   0  36   3   0   0   0  0.90 inf
   68 K   -1  2 -2 -3 -5  1 -1 -4 -3 -5 -4  6 -2 -5  2 -2 -3 -5 -4 -4    5   8   0   0   0   6   1   0   0   0   1  67   1   0   9   1   0   0   0   0  1.03 inf
   69 I   -1 -5 -5 -5 -3 -5 -4 -5 -5  7  0 -5  0 -2 -3 -4 -2 -5 -3  2    6   0   0   0   0   0   0   0   0  78   2   0   1   1   1   0   2   0   0   8  1.20 inf
   70 L   -2 -4 -4 -5 -3 -3 -4 -5 -4  0  5 -4  7 -2 -5 -4 -2 -4 -2 -1    2   0   0   0   0   0   1   0   0   2  53   0  38   0   0   0   2   0   1   0  1.12 inf
   71 I    0 -1 -2 -3 -4  6 -1 -3 -2  1  0 -1  0 -4 -4 -1 -2 -4 -3  1    6   1   0   0   0  56   1   0   0  10   8   1   2   0   0   3   1   0   0  10  0.77 inf
   72 K   -2 -2  1  6 -5  1  3 -2  1 -5 -4  1 -3 -5 -3 -2 -2 -5 -4 -4    2   0   5  48   0   6  23   1   3   0   1  10   1   0   0   0   1   0   0   0  0.88 inf
   73 R   -4  8 -2 -4 -6  0 -2 -5  0 -5 -4  2 -4 -5 -4 -3 -3 -5 -4 -5    0  82   0   0   0   3   1   0   2   0   0  12   0   0   0   1   0   0   0   0  1.70 inf
   74 L    4 -4 -4 -4 -2 -3 -4 -3 -4  0  4 -3  0 -2 -3 -2 -2 -4 -3  2   39   0   0   0   0   0   0   0   0   3  44   0   1   0   0   0   1   0   0  12  0.60 inf
   75 M   -2  1 -2 -3 -3  0 -1 -3 -1  0  1  0  4  5 -4 -3 -2 -2  0 -2    1   8   2   0   0   5   3   1   1   3  13   7  17  36   0   0   1   0   1   0  0.49 inf
   76 D    0  0  2  2 -1  0  1  0  0 -2 -1  1 -1 -2 -1  1  0 -1 -1 -1   10   3  10  12   1   3  13   4   1   2   4   9   1   2   2  12   4   1   2   3  0.12 inf
   77 K    0  2  0  0 -1  0  0 -1  0 -1 -1  3 -1 -1  0  0  0 -1 -1 -1    6   9   3   4   1   3   4   5   1   4   6  29   1   3   3   6   4   1   2   5  0.11 inf
   78 V    0  0  0  0  0  0  0  0  0  0  0  0  0 -1  0  0  0 -1 -1  1   10   4   4   4   2   3   9   5   2   4   6   4   1   2   3   6   7   1   2  20  0.02 inf
   79 E    3  0  0 -1 -1  1  2 -1 -1 -2 -2  3 -2 -2 -1  0 -1 -2 -2 -2   32   3   4   2   1   4  13   2   1   1   2  23   1   1   1   3   2   0   1   2  0.26 inf
   80 N   -1 -2  6  1 -2 -1  1 -2  3 -4 -4 -1 -3 -3 -3  0  0 -4 -3 -4    5   0  57   4   1   1  11   1   6   1   1   1   0   1   0   3   7   0   0   0  0.86 inf
   81 G   -2 -3  0  2 -4 -1  3  3 -3 -5 -5  0 -4 -5  5 -1 -3 -5 -4 -4    1   0   3  10   0   1  21  24   0   0   0   5   0   0  32   2   0   0   0   0  0.82 inf
   82 N   -3  0  5 -2 -5 -1 -2 -3 -2 -5 -5  6 -4 -5 -3 -2 -3 -5 -4 -4    0   2  27   0   0   0   0   0   0   0   0  68   0   0   0   0   0   0   0   0  1.30 inf
   83 I   -3 -5 -5 -5 -3 -5 -5 -6 -5  7  0 -5  2 -2 -5 -4 -3 -5 -3  3    0   0   0   0   0   0   0   0   0  75   2   0   5   0   0   0   0   0   0  18  1.34 inf
   84 I   -1  1  0  1 -3  0  4 -3  0  0 -3  2 -2 -4 -2  1  1 -4 -3 -1    2   5   2   8   0   2  31   0   2   6   0  13   0   0   0  11  11   0   0   5  0.33 inf
   85 L   -3 -4 -5 -5 -3 -4 -4 -5 -4  3  2 -4  1  5 -1 -4 -2  4  0  3    0   0   0   0   0   0   0   0   0  20  18   0   2  29   3   0   2   5   0  21  0.61 inf
   86 H   -1  0 -2 -3 -2 -1  0 -3  3  2  2  0  1 -1 -3 -2 -1 -3 -1  2    5   4   0   0   0   1   6   1  12  19  19   7   4   1   0   2   2   0   1  17  0.19 inf
   87 T   -4 -5 -4 -6 -4 -4 -5 -5 -4 -3  1 -4 -2  1 -6 -4  2 11  2 -3    0   0   1   0   0   0   0   0   0   0  16   0   1   4   0   0  13  57   6   1  2.12 inf
   88 N   -4 -3  7  5 -5 -2 -1 -3  1 -5 -5 -2 -4 -1 -3 -1 -2 -4 -3 -5    0   0  59  29   0   0   1   0   4   0   0   0   0   3   1   2   0   0   0   0  1.32 inf
   89 R    0  1 -1 -2 -1  0 -1 -2  5 -3 -4  1 -2 -2 -3  3  2 -4 -1 -2    7   9   1   0   1   3   1   0  18   0   0   7   0   1   0  33  18   0   1   1  0.48 inf
   90 T    0 -2  0 -2 -3  1  2 -3 -2  0 -2 -1 -2 -3 -3 -1  3 -4 -3  3    7   1   3   0   0   6  20   1   0   3   0   1   0   0   0   2  24   0   0  30  0.36 inf
   91 L   -2 -4 -4 -5 -3 -4 -4 -5 -5  2  2 -4  0 -2  0 -3  0 -4 -3  5    1   0   0   0   0   0   0   0   0  11  23   0   0   0   5   0   6   0   0  53  0.71 inf
   92 E   -1 -2 -1  4 -4  0  4 -3 -2 -2 -2  1 -3 -4 -3 -1  0 -5 -3  0    4   1   1  33   0   2  30   0   0   1   4   8   0   0   0   1   7   0   0   7  0.55 inf
   93 E   -1 -1 -1  1 -6  0  7 -3 -2 -5 -5  0 -4 -5 -3 -1 -2 -5 -4 -5    4   3   1   5   0   2  78   2   0   0   0   4   0   0   0   2   1   0   0   0  1.30 inf
   94 V   -3 -5 -5 -5 -3 -5 -5 -6 -5  5  0 -5 -1 -1 -5 -4 -2 -5 -2  5    0   0   0   0   0   0   0   0   0  46   1   0   0   1   0   0   0   0   1  50  1.15 inf
   95 T   -2 -2 -1 -3  0 -1 -1 -4  1  1  4 -1  1 -1 -4 -2 -1 -3 -1  1    1   1   4   1   2   2   3   0   5   8  52   4   1   0   0   1   4   0   2   9  0.35 inf
   96 G    0 -5 -3 -2 -5 -4 -2  7 -4 -6 -6 -4 -5 -6 -4 -2 -3 -5 -5 -5    4   0   0   1   0   0   2  90   0   0   0   0   0   0   0   1   0   0   0   0  1.77 inf
   97 D   -2 -2  2  6 -4 -1  2 -1 -2 -4 -4 -1 -3 -4 -3 -1  0 -5 -4 -3    2   1  10  55   0   1  13   4   0   0   1   2   0   0   1   2   7   0   0   1  0.89 inf
   98 Q   -1 -2  2  4 -4  1  3  1 -1 -4 -4 -1 -3 -4  2 -1 -1 -4 -3 -4    5   0   9  31   0   7  19  12   0   0   0   2   0   0   9   3   1   0   0   0  0.54 inf
   99 M    0  0  1 -1 -3  1  0  0 -1 -2 -2  3  3 -2 -1  2  1 -3 -2 -1    5   3   7   1   0   5   3   6   1   1   1  22  13   1   2  17   8   0   1   3  0.19 inf
  100 G    0  0  0 -1 -3 -1 -1  5  0 -3 -3  2 -2 -3 -2  0 -1 -3 -3 -1    4   4   3   2   0   2   2  45   2   1   2  17   1   1   1   5   2   0   1   4  0.46 inf
  101 V   -2 -5 -6 -6 -3 -4 -5 -6 -6  0  0 -5 -1 -3 -5 -4 -3 -5 -4  7    1   0   0   0   0   0   0   0   0   1   6   0   1   0   0   0   0   0   0  91  1.60 inf
  102 T   -2 -2  0 -2 -2 -1  2 -2 -2 -3 -4 -2 -3 -5 -3  1  6 -5 -4 -2    1   1   4   1   0   2  13   3   0   0   0   1   0   0   0   7  64   0   0   1  0.96 inf
  103 G    0 -3 -2 -4 -5 -3 -4  6  1 -6 -6 -2 -5 -5 -4  1 -3 -5 -5 -5    7   1   1   0   0   1   0  76   3   0   0   2   0   0   0   9   1   0   0   0  1.43 inf
  104 V    0 -4 -5 -5 -2 -4 -4 -5 -5  3  3 -4  1 -2 -4 -3 -2 -4 -3  5    6   0   0   0   0   0   0   0   0  17  25   0   3   0   0   0   0   0   0  48  0.80 inf
  105 R   -2  6 -1 -2 -3  0  0 -4 -2 -2 -2  3 -2 -4 -4 -2  1 -5 -4 -1    2  48   1   1   0   1   4   0   0   2   4  20   0   0   0   1   9   0   0   4  0.76 inf
  106 L   -2 -4 -5 -5 -3 -4 -5 -5 -5  4  4 -4  1 -1 -5 -4 -2 -4 -1  3    1   0   0   0   0   0   0   0   0  23  45   0   3   0   0   0   1   0   2  24  0.78 inf
  107 R   -2  4 -1 -3 -4  0  0 -4  0 -2 -3  5 -3 -3 -3 -2 -2 -4 -2 -1    1  28   1   0   0   3   6   0   2   2   2  44   0   1   0   0   1   0   1   5  0.73 inf
  108 D   -3 -2  6  4 -3 -1 -1 -2  3 -5 -5 -2 -4 -5 -3  2 -2 -6 -4 -5    0   0  47  27   0   1   1   1   6   0   0   1   0   0   0  14   0   0   0   0  1.11 inf
  109 T   -1 -1  3 -2 -3 -2 -3 -3 -3  0  0  0 -1 -3 -3 -1  4 -4 -3  3    2   2  19   0   0   0   0   0   0   2   8   5   0   0   0   3  34   0   0  24  0.47 inf
  110 Q   -1  1  0 -1 -4  3  1 -3  0 -1 -1  4 -2 -3 -2 -1 -1 -4 -2  1    3   5   3   2   0  15   9   1   2   2   5  36   0   1   1   1   1   0   1  13  0.38 inf
  111 N   -2 -3  1  2 -3 -2 -2 -2 -3 -3 -3 -1 -3 -4 -3  1  6 -4 -3 -2    0   0   7  14   0   0   1   2   0   1   1   2   0   0   0   8  62   0   0   1  0.92 inf
  112 S   -1 -3  1 -1 -2 -1 -2  6 -2 -4 -4 -1 -4 -4 -3  0 -2 -3 -4 -4    2   0   6   4   1   2   3  67   1   1   1   3   0   0   1   7   1   0   0   1  1.03 inf
  113 D    0 -2  0  3 -4  1  5 -1 -1 -3 -3  0 -3 -4 -2  0 -2 -3 -3 -3    6   1   5  13   0   5  50   5   1   1   1   3   0   1   1   4   1   0   0   1  0.65 inf
  114 N    1  0  0  0 -2  0  2 -1  0 -2 -2  2 -2 -3 -2  1  2 -3 -2 -1   13   2   3   4   0   3  20   2   2   2   3  15   0   1   1  10  15   0   1   3  0.22 inf
  115 I   -1  0 -1 -1 -1  0  0 -2  0  1  0  0  0 -1 -2  1  3 -2 -1  1    3   5   1   2   1   4   4   2   2  10   8   6   1   1   1   9  29   0   1   9  0.15 inf
  116 E   -2  1 -1 -1 -4  2  5 -3  1 -3 -3  1 -3 -4 -3  2  0 -3 -2 -3    1   7   1   1   0   7  40   0   3   1   2   9   0   0   0  20   6   0   1   0  0.58 inf
  117 S   -1  0  0  3 -2  1  2 -2  1  0 -1  0 -1 -2 -1  0  2 -3 -2 -1    3   3   3  19   0   5  20   2   3   6   5   4   1   2   2   3  15   0   1   5  0.20 inf
  118 L   -3 -3 -4 -4 -2 -3 -4 -4 -2  4  4 -4  1  0 -4 -3 -2 -3 -1  2    1   1   0   0   1   1   1   1   1  31  43   0   3   4   0   0   1   0   1  11  0.66 inf
  119 D    2 -1  0  3 -4  0  2 -2 -3 -4 -4  1 -3 -5  4  0 -1 -5 -4 -3   20   1   4  20   0   2  14   1   0   0   0   9   0   0  21   4   3   0   0   0  0.55 inf
  120 V    2 -4 -4 -4  4 -3 -4 -4 -4  2  1 -3 -1 -1 -4 -2  1 -4 -3  4   19   0   0   0   8   0   0   0   0   7  11   0   1   2   0   1  10   0   0  41  0.52 inf
  121 A    0 -2  0  4 -4  1  0 -1  2 -4 -4  0  0 -4 -2  1  2 -5 -3 -3   10   0   2  33   0   6   3   3   5   0   0   6   3   0   1   9  18   0   0   0  0.46 inf
  122 G   -1 -5 -3 -4 -5 -5 -5  7 -5 -7 -7 -4 -6 -6 -5 -3 -4 -5 -6 -6    3   0   0   0   0   0   0  97   0   0   0   0   0   0   0   0   0   0   0   0  2.21 inf
  123 L   -1 -4 -5 -5  1 -4 -5 -4 -5  2  2 -4  2  2 -4 -4 -2 -4 -2  5    3   0   0   0   4   0   0   1   0  10  17   0   4   8   0   0   0   0   0  54  0.75 inf
  124 F   -5 -6 -6 -7 -6 -6 -6 -6 -4 -3 -3 -6 -3  9 -7 -6 -5 -2  0 -4    0   0   0   0   0   0   0   0   0   0   0   0   0 100   0   0   0   0   0   0  2.75 inf
  125 V   -3 -5 -5 -5 -2 -5 -5 -6 -5  6  0 -5  0 -2 -4 -4 -2 -5 -3  5    1   0   0   0   0   0   0   0   0  54   3   0   1   0   1   0   1   0   0  39  1.19 inf
  126 A    6 -4 -4 -5 -3 -3 -4 -2 -3 -4 -3 -3 -3  1 -4 -2 -2 -4  3 -3   80   0   0   0   0   0   0   1   0   0   1   0   0   5   0   0   0   0  13   0  1.26 inf
  127 I   -4 -6 -6 -6 -4 -5 -6 -6 -6  8 -1 -5 -1 -3 -5 -5 -3 -5 -4  3    0   0   0   0   0   0   0   0   0  87   0   0   0   0   0   0   0   0   0  13  1.75 inf
  128 G   -3 -5 -3 -4 -5 -5 -5  7 -5 -7 -7 -4 -6 -6 -5 -3 -4 -5 -6 -6    0   0   0   0   0   0   0 100   0   0   0   0   0   0   0   0   0   0   0   0  2.30 inf

                      K         Lambda
Standard Ungapped    0.1371     0.3184
Standard Gapped      0.0579     0.2670
PSI Ungapped         0.1897     0.3182
PSI Gapped           0.0579     0.2670
