
Last position-specific scoring matrix computed, weighted observed percentages rounded down, information per position, and relative weight of gapless real matches to pseudocounts
           A  R  N  D  C  Q  E  G  H  I  L  K  M  F  P  S  T  W  Y  V   A   R   N   D   C   Q   E   G   H   I   L   K   M   F   P   S   T   W   Y   V
    1 L   -5 -6 -7 -8 -5 -5 -7 -7 -6 -3  5 -6  9 -4 -7 -6 -5 -6 -5 -3    0   0   0   0   0   0   0   0   0   0  49   0  51   0   0   0   0   0   0   0  2.22 inf
    2 P   -3 -2 -3 -5 -7 -3 -4 -5 -2 -7 -7  5 -6 -8  7 -3 -3 -8 -7 -7    2   1   1   0   0   0   0   1   1   0   0  38   0   0  53   1   1   0   0   0  1.97 inf
    3 N   -3  4  3 -3 -4 -1 -2 -5  2 -6 -4  5 -5 -4 -5 -2  1 -6 -5 -3    1  22  15   1   0   2   1   0   5   0   2  39   0   1   0   1   8   0   0   2  0.98 inf
    4 I   -5 -7 -7 -7 -5 -7 -7 -8 -7  6  1 -7 -3 -4 -7 -6 -4 -7 -5  5    0   0   0   0   0   0   0   0   0  50  12   0   0   0   0   0   0   0   0  39  1.71 inf
    5 T    2 -1 -4 -5 -2 -2 -4 -3 -1  0  3 -1  0 -2 -4  0  0  1 -1  2   19   3   0   0   0   1   0   1   2   3  33   5   1   0   0   9   6   2   2  14  0.37 inf
    6 I   -3 -6 -6 -7 -5 -6 -6 -7 -6  5  3 -6  1  0 -6 -5 -4 -6 -4  5    1   0   0   0   0   0   0   0   0  34  24   0   2   3   0   0   0   0   0  34  1.24 inf
    7 L   -3 -6 -6 -7 -5 -6 -6 -3 -6  5  5 -6  0  0 -6 -5 -4 -5 -1  2    2   0   0   0   0   0   0   3   0  30  48   0   1   3   0   0   0   0   2  11  1.13 inf
    8 A    4 -4 -2 -4 -3 -4 -3  2  5 -5 -5 -4 -4  0 -4  2  2 -5 -1 -3   35   0   2   0   0   0   1  15  13   0   0   0   0   4   0  16  11   0   1   1  0.75 inf
    9 T   -2 -6 -3 -6 -2 -5 -6 -4 -7 -4  0 -6 -1 -6 -6 -3  8 -7 -6 -5    3   0   1   0   1   0   0   1   0   0   9   0   1   0   0   0  83   0   0   0  2.12 inf
   10 G   -5 -3 -5 -6 -8 -7 -7  8 -7 -9 -9 -6 -8 -8 -7 -5 -7 -8 -8 -8    0   1   0   0   0   0   0  99   0   0   0   0   0   0   0   0   0   0   0   0  2.83 inf
   11 G   -5 -7 -5 -4 -8 -7 -7  8 -7 -9 -9 -7 -8 -8 -7 -5 -7 -8 -8 -8    0   0   0   1   0   0   0  99   0   0   0   0   0   0   0   0   0   0   0   0  2.87 inf
   12 T   -5 -6 -5 -6 -6 -6 -6 -6 -7 -6 -6 -6 -6 -7 -6 -2  8 -8 -7 -5    0   0   0   0   0   0   0   0   0   0   0   0   0   0   0   1  98   0   0   0  2.89 inf
   13 I   -5 -8 -8 -8 -6 -8 -8 -9 -8  8 -2 -8 -1 -4 -8 -7 -6 -7 -6 -1    0   0   0   0   0   0   0   0   0  93   2   0   1   0   0   0   0   0   0   3  2.70 inf
   14 A    7 -6 -5 -6 -2 -5 -5 -2 -6 -6 -4 -5 -3 -5 -5  2 -3 -7 -6 -3   77   0   0   0   1   0   0   2   0   0   1   0   0   0   0  16   1   0   0   1  1.72 inf
   15 G   -2 -4 -4 -5  0 -4 -5  4 -5 -4 -3 -5  7 -4 -5  5 -2 -6 -6 -4    2   0   0   0   2   0   0  26   0   0   1   0  25   1   0  40   1   0   0   0  1.32 inf
   16 G    1  2 -2 -3 -3  1 -1 -2  0 -1 -3  3 -2 -4 -3  2  2 -5 -3  1   11  13   1   0   0   7   2   2   2   3   1  18   1   0   0  16  12   0   1  10  0.33 inf
   17 G    2  0 -2 -2 -3  0  1  2 -1  0 -2  0 -2 -3 -1  0 -1 -4 -1  1   19   4   1   1   0   5  11  17   1   6   2   5   0   1   2   8   2   0   2  12  0.18 inf
   18 D    0 -3  2  5 -3 -1  0  0 -3 -3 -4 -1 -4 -4 -2  1  1 -4 -4 -3    8   1   7  40   0   2   4   6   0   2   2   4   0   1   1  11   8   0   0   2  0.65 inf
   19 S    0  0 -1  1 -3  0  1 -2  0 -3 -3 -1 -1 -2  2  2  0 -3  3 -2    8   4   3   8   0   3  11   3   2   1   2   3   1   1  10  20   6   0  13   1  0.27 inf
   20 A    2  1  1  0 -2  0  0  0 -1 -2 -1  0 -2 -1  0  1  0 -2 -2 -1   18  10   7   4   1   2   7   6   1   1   5   6   1   3   4  11   5   1   0   5  0.11 inf
   21 T   -1 -2  1  0 -2 -2 -1  2 -1 -2 -2 -1 -1 -3 -2  1  4 -4 -3 -1    4   2   5   5   1   1   4  18   1   2   3   3   2   1   2   8  33   0   1   3  0.40 inf
   22 K    0  0  0  1 -2  2  0  2 -1 -1 -1  1 -2 -1 -2  1  0 -2 -1 -1    7   5   3   8   1  10   4  17   1   3   5   9   1   2   1  10   7   1   2   3  0.13 inf
   23 S    2 -1  0 -1 -1  0  0  0  0  0 -2 -1 -1 -2  0  1  2 -2 -2  1   17   2   4   3   1   4   5   7   2   4   3   3   1   1   3  11  17   1   1  11  0.13 inf
   24 N    0 -1  2  2 -2 -1 -1  4 -2 -3 -3 -2 -2 -2 -1  0  0 -4 -3  1    6   3  10  11   1   3   3  29   1   1   2   1   1   1   3   7   6   0   1  11  0.31 inf
   25 Y    1 -4 -3 -2 -4 -2 -3  3  1 -4 -2 -3 -3 -1 -1 -2 -1 -2  7 -2   13   1   1   2   0   1   2  24   4   1   4   1   0   1   3   2   3   0  35   2  0.81 inf
   26 T    0  0 -1 -1 -2  1  0 -2 -1 -1  0  1 -1 -2  0  0  1 -2  1  1    9   6   3   2   0   8   4   3   1   2  12   8   1   1   5   4  10   0   6  15  0.08 inf
   27 V    3 -1 -1 -2 -2 -2 -2 -1 -1 -1 -2  0 -2 -3 -1  2  1 -4 -2  2   31   2   2   2   0   1   2   3   2   3   2   5   1   1   2  14   9   0   1  16  0.29 inf
   28 G    1 -4 -4 -3 -5 -4 -2  4 -4 -1 -4 -3 -3 -5  6  0 -3 -5 -5 -2   10   0   0   1   0   0   3  30   0   3   1   1   1   0  37   6   1   0   0   4  1.05 inf
   29 K    2 -1 -1  0 -2  3  0  0 -1 -1 -2  1 -1 -4 -1  1  1 -4 -3  0   19   2   2   4   0  14   4   8   1   2   2   7   1   0   3  11  10   0   1   8  0.19 inf
   30 V   -1 -3 -2 -2 -3 -3 -2 -3 -4  2  4 -3  1  2 -3 -2 -1 -3 -1  2    4   1   2   2   0   1   2   2   0   8  41   1   3   9   1   3   2   0   2  15  0.45 inf
   31 G   -1 -2  0  1 -4 -2 -2  3 -2 -4 -4 -1 -3 -4  0  3  4 -5 -4 -4    3   1   5   7   0   1   2  22   1   1   2   3   0   1   5  21  24   0   0   0  0.53 inf
   32 V    2 -3 -3 -3 -1 -2 -2  2 -2  2 -2 -3  0 -2  0  0 -1 -3 -3  3   21   1   1   1   1   1   2  18   1  14   2   1   2   2   5   5   2   0   0  21  0.33 inf
   33 E    0 -2  2  4 -6  2  5 -3 -2 -6 -5  0 -5 -6 -2 -1 -2 -6 -5 -5    7   1   8  24   0  10  36   2   1   0   1   4   0   0   1   4   2   0   0   0  0.87 inf
   34 N    0 -1  1  4 -4  2  4 -3 -1 -3 -5 -1 -4 -4  0 -1  0 -3 -3 -3    9   2   6  24   0  11  24   1   1   1   0   3   0   1   4   4   5   0   1   2  0.55 inf
   35 L   -5 -5 -6 -5 -5 -3 -5 -7 -4  3  6 -5  1 -1 -1 -5 -4 -3 -3 -1    0   0   0   1   0   1   0   0   0  15  69   0   3   2   3   1   0   0   1   3  1.27 inf
   36 V   -1 -5 -4 -5 -3 -4 -4 -6 -4  4  4 -4  3 -2 -5 -4 -2 -5 -2  2    4   0   1   1   0   0   1   0   0  23  44   0   6   1   0   1   1   0   1  14  0.86 inf
   37 N    3  1  1  2 -4  0  2  0 -1 -4 -3  1 -3 -4 -3  1 -1 -5 -3 -3   25   7   8  12   0   4  13   6   1   0   1   8   0   0   0  10   3   0   0   0  0.36 inf
   38 A    4  0 -1 -2 -3  1 -1 -1  0 -3 -3 -1  1 -1 -1  1  0  0  1 -2   40   4   3   2   0   6   3   3   2   1   1   3   4   2   2  11   4   1   6   1  0.37 inf
   39 V   -1 -5 -2 -4 -1 -4 -4 -5 -5  4  1 -4  0 -1 -5 -3 -3 -5 -3  5    4   0   2   1   1   0   1   1   0  20  14   1   1   2   0   1   1   0   1  49  0.93 inf
   40 P   -2 -5 -3 -2 -1 -4 -3  0 -4 -3 -5 -3 -4 -6  8 -1 -1 -6 -3 -4    2   0   1   2   1   0   1   8   0   1   1   1   0   0  66   6   5   0   1   1  1.75 inf
   41 Q    0 -1  0  2 -4  2  3  2  0 -3 -2 -1 -2 -3 -1 -1 -2 -4 -2 -2    6   3   4  10   0  11  26  18   2   1   3   2   1   1   3   3   1   0   1   2  0.36 inf
   42 L   -1 -2 -4 -4 -4 -3 -4 -5 -1  3  4 -3  1  0 -3 -2 -2 -3 -3  1    6   2   0   1   0   1   1   0   2  19  47   1   3   3   1   2   2   0   0   7  0.65 inf
   43 K    1  1  1  1 -2  1  1  0 -1 -3 -1  1 -2 -1  2  1 -1 -3 -2 -3   14   7   7   7   0   6   7   6   1   0   8  12   0   2  10   9   2   0   0   0  0.17 inf
   44 D   -1  1  2  3 -4  2  2  0  0 -4 -3  1 -3 -3 -1  0 -1 -5 -3 -3    5   6   9  20   0   8  14   9   2   0   2  11   0   1   2   7   4   0   0   1  0.35 inf
   45 I   -1 -1 -2 -1 -3 -2 -1 -1  0  3  1 -2  1  0 -2 -2 -1 -2  1  2    4   5   2   4   0   1   4   6   2  21  14   1   3   3   1   1   3   0   7  18  0.16 inf
   46 A    5 -4 -4 -3  4 -4 -3 -2 -3  1 -2 -4 -2 -1 -3 -1 -1 -4  0  1   56   1   0   1   9   0   1   3   0   7   2   0   1   2   1   2   3   0   3   8  0.81 inf
   47 N   -1  1  4  3 -2  2  2 -3  0 -4 -4  0 -3 -3 -1 -1  0 -5 -3 -3    4   8  19  15   1  11  16   1   2   1   1   5   1   1   3   4   7   0   0   1  0.44 inf
   48 V   -3 -5 -5 -5 -2 -5 -5 -6 -5  5  2 -5  0  0 -4 -4 -3 -1  0  4    1   0   0   0   1   0   0   0   0  35  22   0   1   3   1   0   1   1   4  30  0.95 inf
   49 K   -1  1  0  2 -2  1  3 -3  1 -1 -3  1 -3 -3 -2  1  2 -4 -2  0    5   9   3  10   1   4  19   1   4   4   1   8   0   0   1  11  12   0   1   6  0.25 inf
   50 G    2 -3 -2 -3 -1 -2 -2  2 -3 -1 -2 -3  0 -2  0  0  1 -3  0  3   19   0   1   1   1   1   3  19   0   3   2   0   2   2   5   6  11   0   4  23  0.28 inf
   51 E   -2  2 -2  0 -4  1  4 -4  1  0 -1  0 -1 -2 -3 -2 -1 -4 -1  1    3  14   1   3   0   5  32   0   3   6   6   6   1   2   0   1   3   0   2  12  0.38 inf
   52 Q   -1 -1  1  3 -5  6  2 -4 -1 -3 -3 -1 -3 -5 -1  0  0 -5 -4 -1    3   1   6  15   0  36  10   0   1   1   2   2   0   0   3   8   5   0   0   5  0.65 inf
   53 V   -2 -5 -5 -5 -2 -4 -5 -5 -4  3  3 -5 -1  4 -1 -3 -3  0 -1  4    2   0   0   0   1   0   0   0   0  16  24   0   0  20   4   1   1   1   1  27  0.72 inf
   54 V    2 -2 -3 -2  3 -3 -2 -1 -3 -1  1 -3  3  3 -3  1 -1 -3  0  0   16   2   0   2   6   0   1   5   0   1  13   1  10  16   0  13   3   0   3   6  0.25 inf
   55 N   -1 -1  6 -1 -4  3 -2 -3  0 -5 -3 -2 -2 -5 -2  2 -1 -6 -4 -4    5   3  47   1   0  14   1   1   2   0   3   2   1   0   2  12   4   0   0   0  0.96 inf
   56 I   -2 -2 -4 -5 -3 -3 -2 -3 -4  5  2  0  0 -2 -4 -3 -2 -4 -3  3    2   2   0   0   0   1   3   2   0  35  21   8   1   0   1   1   2   0   1  21  0.62 inf
   57 G   -1 -4 -1  4 -5 -3 -3  2 -3 -2 -1 -4 -3 -1  5 -2 -3 -5 -4 -4    5   0   2  26   0   0   0  18   0   2   8   0   0   3  30   3   1   0   0   0  0.81 inf
   58 S   -3 -5 -3 -4 -5 -4 -4  0 -5 -6 -6 -4 -5 -6 -5  7 -3 -6 -5 -5    0   0   0   0   0   0   0   5   0   0   0   0   0   0   0  92   0   0   0   0  2.08 inf
   59 Q    0 -2  0 -1 -3  1  2 -1 -1 -3 -4  1 -1  0  3  1  1 -1 -1 -3    6   0   3   2   0   7  18   5   1   1   0   7   2   4  17  12  11   1   2   1  0.33 inf
   60 D   -2 -1  4  4 -5 -1  0 -1  5 -5 -3 -3 -4 -4 -4  1 -3 -3 -1 -5    3   2  21  27   0   2   5   4  17   0   3   0   0   0   0  12   0   0   2   0  0.78 inf
   61 M   -4 -5 -5 -6 -4 -4 -5 -6 -5  4  2 -5  8  0 -5 -4 -2 -1  0  0    1   0   0   0   0   0   0   0   0  23  15   0  45   3   0   1   2   1   3   4  1.40 inf
   62 N   -2  0  2  1 -3  1 -1  1 -1 -4 -3  0 -2 -5 -3  1  5 -5 -3 -3    1   4  11   9   0   7   2   9   1   0   2   5   1   0   0  10  37   0   1   1  0.52 inf
   63 D   -1 -4 -1  1 -3 -3 -1 -3 -1 -1  0 -3  0  2  6 -1 -2 -1 -2 -2    4   0   3   8   0   1   3   2   2   4   9   0   3  11  38   5   2   1   1   2  0.70 inf
   64 N    2  0 -1  2 -3  1  4 -2 -1 -4 -4  1 -3 -4  0  1 -1 -4 -2 -2   18   4   2  10   0   6  26   2   1   1   1   9   0   0   3  10   3   0   1   2  0.38 inf
   65 V   -2  0  0  2 -3  0  1 -3  5  1 -1 -1  0 -1 -3 -1 -1 -4  1  1    1   4   3  15   0   5   7   0  18   8   7   3   3   2   0   2   4   0   5  13  0.28 inf
   66 W   -3 -4 -6 -7 -5 -3 -6 -4 -5 -2  2 -5  5 -2 -6 -4 -5 11  0 -1    2   1   0   0   0   1   0   1   0   2  21   0  15   1   0   1   0  47   3   5  2.03 inf
   67 L   -1  1 -2 -2 -2  0 -1 -3 -1  1  3  0  1  1 -3 -2 -1  0 -1  0    5   8   1   2   1   6   3   1   1   8  36   5   3   5   1   2   2   1   2   7  0.20 inf
   68 T    1  1  0  1 -4  2  2 -2  1 -2 -2  2  0 -3 -2 -1  1 -4 -2 -1   12   8   5   7   0  10  13   2   4   2   4  14   3   1   0   2   9   0   0   4  0.20 inf
   69 L   -3 -5 -6 -7 -4 -5 -6 -7 -6  4  5 -6  2 -3 -6 -5 -2 -5 -4  1    2   0   0   0   0   0   0   0   0  23  63   0   4   0   0   0   2   0   0   7  1.28 inf
   70 A    4  0 -3 -4  0  1 -2 -1  0 -2 -2  0 -3 -4 -4  1  0 -4  1  0   46   6   0   0   2   5   1   3   2   2   2   6   0   0   0   8   6   0   5   6  0.48 inf
   71 K    0  3  1  0 -4  2  2 -2  3 -3 -2  3 -2 -4 -3 -1 -1 -3 -3 -3    9  16   6   4   0   9  15   2   9   1   4  18   0   0   0   2   2   0   0   2  0.40 inf
   72 K    2  4 -2 -2 -1  0  1 -3  1 -2 -2  1 -2 -2 -4 -2 -1  3  0 -2   19  30   0   1   1   3   8   1   4   3   4   8   0   2   0   1   4   4   3   1  0.40 inf
   73 I    1 -5 -6 -5  2 -5 -4 -6 -6  6 -1 -5 -1 -4 -1 -4 -3 -6 -4  4   12   0   0   0   4   0   1   0   0  44   3   0   1   0   3   0   0   0   0  31  1.05 inf
   74 N    1  1  3  1 -1  2  2 -2  1 -3 -2  1 -2 -3 -3 -1 -1 -4  1 -2   14  10  15   8   1   8  13   1   4   1   3   8   1   1   0   3   3   0   5   2  0.26 inf
   75 T    1  1 -1  2 -4  1  4 -2  0 -4 -3  2 -4 -5 -3  0  1 -5 -3 -3   15   7   2  10   0   7  28   1   2   0   2  11   0   0   0   4   9   0   0   1  0.46 inf
   76 D    3 -1  0  1 -3  1  2 -2  2 -1  1  0 -2 -3 -3 -1 -1 -3 -2 -1   27   3   5   7   0   5  15   1   6   2  16   5   0   0   0   2   2   0   1   3  0.23 inf
   77 C    0 -2 -3 -1  1 -2 -2 -4 -2  2  3 -3  0  1 -3  0 -2 -3  2  1    7   2   1   4   3   2   2   0   1  13  33   1   1   4   0   8   1   0   9   8  0.28 inf
   78 D    0  0  2  4 -1  0  2 -2 -1 -4 -5  1 -4 -5  4  0 -2 -3 -4 -5    7   4  10  22   1   3  13   2   1   0   0   8   0   0  21   5   1   0   0   0  0.61 inf
   79 K   -1  0  1  4 -4  0  2  2 -1 -4 -4  0 -4 -5 -3  0  0 -5 -3 -3    4   6   6  28   0   4  12  18   1   0   1   6   0   0   0   5   5   0   1   1  0.50 inf
   80 T    1 -4 -3 -3  0 -3 -2 -2 -1  1 -1 -3  0  2 -1 -2  0 -2  4  3   16   0   1   1   2   1   2   2   1   9   5   1   2   7   2   2   4   0  18  24  0.35 inf
   81 D    0 -1  0  7 -4  0  0 -4 -2 -4 -5 -2 -3 -5 -4 -1 -2 -6 -5 -3    9   3   3  63   0   4   4   1   1   1   1   2   1   0   0   4   2   0   0   2  1.27 inf
   82 G    0 -6 -4 -5 -6 -5 -5  7 -5 -7 -7 -5 -6 -6 -5 -3 -5 -6 -6 -5    7   0   0   0   0   0   1  88   0   0   0   0   0   0   0   1   0   0   0   1  2.16 inf
   83 F    0 -5 -5 -5 -1 -5 -5 -4 -5  4 -1 -5 -2  3 -5 -4 -3 -4 -2  5    7   0   0   0   1   0   0   1   0  26   2   0   0  14   0   0   0   0   1  45  1.02 inf
   84 V   -3 -6 -6 -6 -4 -6 -6 -6 -6  3 -2 -6 -3 -4 -6 -5 -4 -6 -5  7    1   0   0   0   0   0   0   0   0  12   1   0   0   0   0   0   0   0   0  83  1.91 inf
   85 I   -4 -5 -6 -6 -4 -5 -6 -6 -6  6  0 -5  0 -3 -5 -5 -3 -5 -2  5    0   0   0   0   0   0   0   0   0  48   7   0   1   0   0   0   0   0   1  40  1.43 inf
   86 T    0 -5 -4 -5  0 -4 -4 -3 -5 -3 -2 -4  0 -2 -4 -1  7 -5 -5 -2    6   0   0   0   2   0   0   2   0   1   4   0   2   2   0   3  75   0   0   2  1.52 inf
   87 H   -4 -4 -4 -5 -7  2 -4 -6 11 -3 -6 -5 -5 -5 -6 -5 -3 -6 -3 -6    1   0   0   0   0   7   0   0  85   2   0   0   0   0   0   0   2   0   0   0  3.20 inf
   88 G   -4 -6 -4 -5 -6 -5 -6  8 -6 -7 -7 -5 -6 -7 -6 -4 -5 -6 -6 -7    0   0   0   0   0   0   0  97   0   0   0   0   0   0   0   0   0   0   0   0  2.55 inf
   89 T   -4 -6 -4 -6 -5 -5 -5 -6 -6 -5 -6 -5 -5 -7 -6 -2  8 -7 -6 -5    0   0   0   0   0   0   0   0   0   0   0   0   0   0   0   1  99   0   0   0  2.70 inf
   90 D   -3 -6  1  8 -8 -4 -3 -4 -5 -7 -8 -5 -7 -8 -6 -4 -4 -9 -7 -7    2   0   5  91   0   0   0   1   0   0   0   0   0   0   0   1   0   0   0   0  2.57 inf
   91 T   -2 -5 -4 -5 -5 -5 -5 -6 -6 -5 -5 -5 -2 -6 -5  1  8 -7 -6 -4    2   0   0   0   0   0   0   0   0   0   0   0   1   0   0   8  89   0   0   1  2.25 inf
   92 M   -4 -6 -7 -7 -3 -3 -6 -7 -6  0  5 -6  8 -3 -6 -6 -5 -5 -5 -2    0   0   0   0   0   1   0   0   0   3  59   0  35   0   0   0   0   0   0   1  1.78 inf
   93 E    2 -4 -4 -1 -6  0  7 -3  1 -6 -6 -3 -3 -7 -5 -2 -4 -7 -5 -3   15   0   0   2   0   2  71   1   4   0   0   0   1   0   0   2   0   0   0   1  1.56 inf
   94 E   -5 -4 -5 -1 -7 -1  7 -6 -4 -7 -6 -4 -6 -2 -5 -4 -5 -5  5 -6    0   0   0   3   0   1  73   0   0   0   0   0   0   2   0   0   0   0  21   0  1.99 inf
   95 T   -2 -5 -4 -5 -2 -5 -5 -5 -6 -3 -5 -5 -3 -2 -5  2  7 -6 -5 -3    2   0   0   0   1   0   0   0   0   1   0   0   1   2   0  13  80   0   0   1  1.91 inf
   96 A    7 -5 -5 -6 -4 -5 -5 -3 -6 -5 -5 -5 -5 -6 -4  0 -2 -7 -6 -3   90   0   0   0   0   0   0   1   0   0   0   0   0   0   1   6   2   0   0   1  1.94 inf
   97 Y    1 -5 -5 -6 -3 -5 -5 -6 -3 -3 -3 -5 -1  6 -6  0 -4  2  7 -4   14   0   0   0   0   0   0   0   0   1   1   0   1  31   0   9   0   3  40   0  1.50 inf
   98 F    3 -5 -6 -6 -5 -5 -6 -3 -5 -2  2 -5  0  7 -6 -4 -4  2  1 -2   24   0   0   0   0   0   0   2   0   1  18   0   2  46   0   0   0   3   3   2  1.19 inf
   99 L   -2 -6 -7 -7  0 -6 -6 -7 -6  0  6 -6  1 -2 -6 -6 -3 -5 -5  0    3   0   0   0   2   0   0   0   0   3  84   0   2   1   0   0   1   0   0   5  1.60 inf
  100 D   -1 -3  2  6 -5  0  0 -3  3 -6 -6 -3 -5 -5 -4  3 -2 -6 -5 -6    4   0  10  44   0   4   3   1   7   0   0   0   0   0   0  25   1   0   0   0  1.07 inf
  101 L   -2 -3 -4 -6 -2 -3 -5 -6 -3 -1  5 -5  0  4 -5 -1 -1 -3  2 -2    3   1   1   0   1   1   0   0   0   1  58   0   1  15   0   7   3   0   8   1  0.88 inf
  102 T    0 -4 -4 -5 -1 -4 -4 -4 -1 -1  1 -4  5 -3 -5 -2  5 -5 -1  2    6   0   0   0   1   0   0   1   1   2  14   0  18   0   0   1  39   0   2  14  0.83 inf
  103 V   -2 -5 -3 -5 -2 -3 -4 -6  1  4  3 -4 -1  0 -5 -4 -1  4 -2  3    2   0   1   0   1   1   1   0   4  24  30   0   0   2   0   0   4   6   1  23  0.68 inf
  104 K    0  1  3  3 -3  2  0 -1  1 -4 -4  3 -4 -5  0  0 -1 -5 -3 -3    6   7  14  18   0  10   3   3   4   1   1  18   0   0   5   7   2   0   0   1  0.41 inf
  105 C    0 -2  0  1  3 -2 -2  0  0 -1 -1 -2 -2 -2  0  3  2 -4 -3 -1    5   2   5   7   6   0   1   7   2   3   6   2   0   1   4  31  14   0   0   4  0.30 inf
  106 D    0  0  1  4 -4  0  2 -2  0 -4 -4  0 -2 -5  4  1 -1 -5 -3 -4    7   4   5  23   0   3  12   3   2   0   0   4   1   0  20  10   4   0   1   0  0.54 inf
  107 K   -1  2 -3 -4 -3 -1 -1 -2 -4  0 -2  6 -2 -4 -4 -3 -2 -6 -4  1    5   8   1   0   0   2   2   2   0   6   3  54   1   1   0   0   2   0   0  12  0.85 inf
  108 P   -5 -7 -7 -6 -8 -5 -4 -6 -7 -7 -8 -6 -7 -8  9 -5 -5 -8 -8 -6    0   0   0   0   0   0   1   0   0   0   0   0   0   0  97   0   0   0   0   0  3.31 inf
  109 V   -4 -6 -7 -7 -4 -6 -6 -7 -7  5  0 -6 -2 -2 -6 -5 -4 -6 -5  6    0   0   0   0   0   0   0   0   0  33   5   0   0   2   0   0   0   0   0  60  1.63 inf
  110 V   -2 -6 -7 -7 -2 -6 -6 -7 -7  3 -3 -6 -3 -4 -6 -5 -3 -7 -5  7    2   0   0   0   1   0   0   0   0  15   0   0   0   0   0   0   0   0   0  81  1.91 inf
  111 M   -2 -5 -6 -6 -2 -5 -6 -5 -5  2  4 -5  2  4 -6 -5 -3 -4 -3  2    2   0   0   0   1   0   0   1   0  12  45   0   5  17   0   0   1   0   0  16  0.91 inf
  112 V   -3 -5 -5 -5 -1 -5 -5 -6 -6 -2 -4 -5 -4 -5 -5 -2  7 -6 -5  5    1   0   0   0   1   0   0   0   0   1   0   0   0   0   0   1  62   0   0  34  1.67 inf
  113 G   -1 -6 -4 -5 -1 -6 -6  7 -6 -8 -8 -6 -7 -7 -6 -3 -5 -7 -7 -7    5   0   0   0   2   0   0  92   0   0   0   0   0   0   0   1   0   0   0   0  2.38 inf
  114 A    6 -5 -4 -5 -4 -4 -4 -4 -5 -5 -6 -4 -5 -6 -5  4 -3 -7 -6 -4   69   0   0   0   0   0   0   0   0   0   0   0   0   0   0  31   0   0   0   0  1.66 inf
  115 M   -4 -5 -6 -6 -6  6 -4 -7 -2 -3 -3 -4  9 -5 -6 -5 -5 -6 -5 -4    1   0   0   0   0  37   0   0   1   0   1   0  60   0   0   0   0   0   0   0  2.54 inf
  116 R   -5  8 -4 -6 -7 -1 -3 -6 -3 -3 -3  0 -5 -4 -6 -5 -5 -7 -3 -3    0  85   0   0   0   1   1   0   0   2   2   4   0   1   0   0   0   0   1   2  2.20 inf
  117 P   -2 -2  1 -3 -6 -4 -4 -3 -3 -5 -6 -4 -4 -6  7  4 -2 -7 -2 -6    2   2   7   1   0   0   0   2   1   1   0   0   0   0  53  29   1   0   1   0  1.56 inf
  118 S    4 -3 -3 -2 -4 -2 -3 -1 -4  1 -2 -3  0  0  2  3 -2  2 -2 -3   34   1   0   1   0   1   0   3   0  10   2   0   2   3  10  28   0   3   1   0  0.56 inf
  119 T   -2 -3  3  4 -3 -3 -1 -1 -2 -4 -4 -3 -4 -6 -4  2  5 -6 -4 -4    1   1  13  25   0   0   2   5   1   0   1   0   0   0   0  14  36   0   0   0  0.88 inf
  120 S    3  2 -1  0 -4  0  3 -2  1 -3 -2 -1 -1 -2 -3  1 -2 -5 -2 -1   31  12   2   4   0   3  21   1   3   0   3   1   2   2   0   9   1   0   1   4  0.39 inf
  121 M   -1 -3 -4 -2 -4 -2 -2 -4 -4  3  3 -2  1 -2  4 -2 -2 -3 -4  1    6   1   0   2   0   1   2   0   0  17  30   2   4   1  22   2   2   0   0   7  0.53 inf
  122 S   -1 -3 -1 -1 -5 -3 -2  4 -4 -3 -3 -2 -5 -3 -4  5 -2 -6 -4 -3    4   1   1   4   0   1   2  33   0   2   2   1   0   1   0  46   1   0   1   1  0.92 inf
  123 A    4 -4 -2 -4 -4 -3 -3 -2 -3 -5 -4 -4 -4 -2  1  4  2 -1  1 -4   34   0   1   0   0   0   0   2   0   0   0   0   0   2   7  32  14   1   6   0  0.80 inf
  124 D   -6 -6 -3  9 -8 -5 -2 -6 -6 -8 -8 -5 -8 -8 -6 -5 -6 -9 -8 -8    0   0   0  99   0   0   1   0   0   0   0   0   0   0   0   0   0   0   0   0  2.97 inf
  125 G    3 -5 -1 -5 -5 -5 -5  6 -5 -6 -6 -5 -3 -6 -5 -2 -4 -6 -6 -4   23   0   3   0   0   0   0  69   0   0   0   0   1   0   0   2   0   0   0   1  1.65 inf
  126 P    0 -1 -4 -2 -5 -2 -4 -5 -4 -2 -1  0 -2 -2  7 -3 -3 -6 -1 -1    9   4   0   2   0   2   0   0   0   2   8   7   1   2  52   1   0   0   2   5  1.14 inf
  127 F    1  1 -2 -2 -3  0 -2 -2 -1  0  2 -1  4  0 -3  0 -1 -3  2 -1   16  11   1   1   0   3   2   3   1   4  19   3  15   3   0   6   3   0   7   2  0.20 inf
  128 N   -6 -5  9 -3 -7 -5 -5 -4 -4 -8 -8 -5 -7 -8 -7 -4 -5 -8 -7 -8    0   0  99   0   0   0   0   1   0   0   0   0   0   0   0   0   0   0   0   0  3.12 inf
  129 L   -3 -5 -6 -7 -4 -5 -6 -6 -5  2  6 -6  0  2 -6 -5 -4 -4  0  0    2   0   0   0   0   0   0   0   0   8  73   0   1   7   0   0   0   0   3   4  1.30 inf
  130 Y    0  1 -4 -4 -3 -1 -3 -5 -1  1  2 -2  0  2 -4 -2 -2 -2  5  0    7   8   0   0   0   3   1   0   1  10  25   2   2   9   0   2   2   0  23   4  0.45 inf
  131 N    1 -3  4  3  2  3  0 -2  1 -5 -3 -2 -4 -4 -4  2  0 -5 -4 -4   14   0  19  19   4  14   3   1   3   0   2   0   0   0   0  14   5   0   0   0  0.56 inf
  132 A    7 -5 -5 -5 -4 -5 -5 -2 -5 -5 -6 -5 -5 -6 -5  2 -4 -7 -6 -4   85   0   0   0   0   0   0   2   0   0   0   0   0   0   0  14   0   0   0   0  1.85 inf
  133 V   -1 -5 -6 -6 -2 -5 -5 -6 -6  4  1 -5 -1  1 -5 -4  0 -5 -4  5    4   0   0   0   1   0   0   0   0  23  12   0   1   5   0   0   4   0   0  49  1.01 inf
  134 V    1  4 -2 -3  2  0 -1 -3 -1  0  0  1 -1 -2 -3  0  1 -3 -1  0   14  23   1   0   5   5   3   1   1   5  10   7   1   1   0   5   9   0   2   7  0.25 inf
  135 T    1 -5 -5 -5 -1 -3 -4 -5 -5  1  1 -4 -1  1 -5 -2  2 -3  0  5   14   0   0   0   1   1   0   0   0   7  12   0   1   6   0   1  13   0   3  40  0.62 inf
  136 A    7 -6 -6 -6 -2 -5 -5 -3 -6 -4 -4 -5 -5 -6 -5 -2 -4 -7 -6 -1   91   0   0   0   1   0   0   1   0   1   1   0   0   0   0   1   0   0   0   4  1.98 inf
  137 A    4 -1 -3 -4  3 -3 -3 -1 -4 -1  0 -2 -1 -3 -4  2  1 -5 -4  1   37   3   1   0   7   0   1   4   0   3   8   2   2   0   0  16   7   0   0   9  0.43 inf
  138 D    1 -2  1  4  1 -2  0 -3  3 -5 -4 -2 -2 -5 -4  4 -1 -5 -3 -3    9   2   5  21   4   1   5   1   7   0   1   2   1   0   0  36   3   0   0   1  0.63 inf
  139 K    0 -1  0  3 -5  0  1 -1  0 -4 -4  1 -2 -4  5 -1 -2 -5 -4 -3    7   3   4  15   0   3  10   5   2   1   1  10   1   1  30   3   2   0   0   1  0.62 inf
  140 A    1  0  0  2 -2  2  3 -1 -2 -1 -2  1 -2 -3 -1  0 -1 -3 -3 -1   13   5   4  12   1  10  18   3   1   4   5  10   0   1   2   6   2   0   0   3  0.21 inf
  141 S    5 -4 -3 -3 -4 -3 -4  0 -4 -3 -2 -3 -2 -1 -2  4  0 -5 -4 -3   45   0   1   1   0   0   0   6   0   2   4   0   1   3   2  30   5   0   0   1  0.82 inf
  142 A    1  5 -2 -1  1 -1  0 -1  0 -2 -3  2 -1 -3 -1 -1 -2 -1 -2 -1   11  37   1   3   3   2   7   4   3   2   2  11   2   1   2   3   1   1   1   4  0.45 inf
  143 N   -1 -2  2  3  0 -1  0  4  0 -3 -3 -1 -2 -1 -2 -2 -2 -1 -3 -3    3   2  11  15   2   2   7  38   2   2   3   3   1   2   1   2   1   1   1   2  0.50 inf
  144 R    0  4 -2 -2 -2  0 -2 -2  1 -2  0  3  0 -1 -1 -1  0 -2 -2 -2    7  26   1   1   1   4   1   3   4   1   9  21   2   3   3   4   4   0   1   2  0.34 inf
  145 G   -3 -5 -3 -3 -5 -4 -1  7 -5 -6 -6 -4 -5 -5 -4 -3 -4 -5 -5 -5    1   0   1   1   0   0   5  85   0   0   1   1   0   0   1   1   1   0   0   1  1.97 inf
  146 V    0 -5 -5 -6 -2 -5 -5 -4 -6  0 -2 -5 -3 -4 -2 -3  1 -6 -5  7    9   0   0   0   1   0   0   2   0   3   1   0   0   0   2   1   8   0   0  73  1.41 inf
  147 L   -3 -5 -3 -6  1 -3 -5 -6 -2 -1  4 -5  5  0 -5 -3 -1 -3  2  2    2   0   1   0   3   1   0   0   1   2  47   0  15   3   0   2   5   0   7  14  0.82 inf
  148 V   -1 -6 -7 -7 -2 -6 -6 -7 -7  4  0 -6 -1 -4 -6 -5 -3 -6 -5  6    6   0   0   0   1   0   0   0   0  20   8   0   1   0   0   0   1   0   0  64  1.47 inf
  149 V    2 -6 -4 -6  4 -4 -5 -5 -6 -2 -1 -5  1 -3 -5 -2  0 -6 -5  6   20   0   1   0   8   0   0   0   0   0   4   0   3   0   0   2   5   0   0  57  1.15 inf
  150 M   -3 -6 -6 -7 -1 -5 -6 -7 -5 -1  3 -6  8  6 -6 -5 -4 -4 -3 -3    2   0   0   0   1   0   0   0   0   2  22   0  37  34   0   0   0   0   0   1  1.66 inf
  151 N    0 -4  7  2 -3 -4 -3  0  5 -6 -6 -4 -3 -6 -5 -2 -3 -7 -5 -6    8   0  55  12   1   0   1   6  14   0   0   0   1   0   0   2   1   0   0   0  1.48 inf
  152 D   -1 -3  1  6 -6 -2  0  4 -2 -6 -7 -3 -6 -6 -5 -1 -4 -7 -6 -6    4   1   7  46   0   1   6  30   1   0   0   1   0   0   0   3   0   0   0   0  1.23 inf
  153 T   -2  4 -2 -1 -5  2  4 -4 -1 -4 -3  2 -2 -4 -4  0  1 -5 -1 -2    3  21   1   2   0   7  31   0   1   1   2  10   1   0   0   5  10   0   2   2  0.60 inf
  154 V   -2 -6 -6 -6 -3 -6 -5 -7 -6  7  1 -6 -2 -3 -6 -5 -2 -6 -5  4    2   0   0   0   0   0   0   0   0  56  10   0   0   1   0   0   2   0   0  28  1.45 inf
  155 L   -4 -4  0 -4 -4  0 -4 -1  9  2  0 -4  1  2 -6 -3 -3 -3  0 -2    1   0   4   0   0   4   0   6  46  11   8   0   4   8   0   1   1   0   3   2  1.20 inf
  156 D    3  2 -1 -1  1 -2 -2  0 -2 -3 -1 -2 -2 -4 -1  3  0 -5 -3 -2   28  12   2   3   3   1   1   5   1   1   6   1   0   0   3  24   6   0   1   1  0.36 inf
  157 G    6 -5 -5 -5 -5 -5 -5  4 -6 -3 -6 -5 -5 -6 -1 -2 -4 -6 -6 -4   60   0   0   0   0   0   0  33   0   1   0   0   0   0   4   1   0   0   0   0  1.47 inf
  158 R   -1  6 -2 -3  0 -1 -3 -5 -3 -3 -3  0 -3  1 -4 -1  3 -3  1 -1    4  42   2   1   2   2   1   0   0   1   2   5   0   6   0   3  19   0   5   5  0.74 inf
  159 D   -3  4  0  3 -2 -2  1 -1  0 -5 -3  0 -4  0 -4 -2 -2  4  4 -5    1  22   4  19   1   1  11   6   2   0   1   6   0   4   0   2   1   5  15   0  0.57 inf
  160 V    2 -6 -6 -6 -3 -5 -5 -4 -6  1 -2 -5 -2 -5 -5 -2  1 -6 -5  6   18   0   0   0   0   0   0   1   0   5   2   0   0   0   0   3   8   0   0  62  1.23 inf
  161 T   -2  4 -3 -4 -3  2 -3 -4 -1 -2 -4  1 -2 -3 -4  0  5 -4 -3  1    2  23   0   0   0   8   1   0   1   2   0   6   1   1   0   5  38   0   0  11  0.75 inf
  162 K   -5 -2 -5 -5 -8 -3 -4 -6 -5 -7 -7  8 -2 -8 -6 -5 -5 -8 -7 -7    0   0   0   0   0   0   0   0   0   0   0  99   1   0   0   0   0   0   0   0  2.78 inf
  163 T    0 -2  1 -3 -1 -1 -2 -2 -4  0 -1 -3  4 -3 -4  0  5 -3 -4  1    5   2   7   1   1   2   3   2   0   6   5   0  12   0   0   7  35   0   0  12  0.50 inf
  164 N   -1  2  4  0 -6 -3 -3 -5  9 -3 -5 -2 -3 -4 -5  0 -4 -4 -1 -4    4   9  22   5   0   0   0   0  45   2   0   2   0   0   0   7   0   0   1   1  1.46 inf
  165 T    2 -5  1 -4 -2 -4 -4 -4 -5 -5 -5 -4 -5 -6 -1  2  6 -6 -5 -3   17   0   6   0   1   0   0   0   0   0   0   0   0   0   4  13  59   0   0   1  1.31 inf
  166 T   -1 -1  2 -3 -4 -1 -2 -2  0 -1  0  0  1  0 -4  3  3 -2  2 -2    3   2  10   0   0   2   1   2   2   4   8   5   3   4   0  24  22   1   7   2  0.32 inf
  167 D    1  3  3  0 -3 -1 -2  0  1 -5 -3  1 -3 -5 -4  2  1 -5 -4 -4   11  20  18   4   0   1   1   6   3   0   2   6   0   0   0  19   7   0   0   0  0.48 inf
  168 V   -3  2 -4 -5 -2 -4 -4 -4 -2  1  2 -3  0  1  0 -3  0 -4  1  3    0  13   0   0   1   0   0   1   1   6  25   0   2   6   6   1   7   0   5  27  0.44 inf
  169 A    0 -3  3  6 -4  2  1 -2 -1 -6 -5 -3 -5 -6 -5  0 -3 -7 -5 -5   10   1  12  48   0   9   8   3   1   0   1   0   0   0   0   6   0   0   0   0  1.06 inf
  170 T    5 -5 -3 -5 -4 -5 -5 -2 -5 -5 -5 -5 -5 -6 -3 -1  5 -6 -6 -4   56   0   1   0   0   0   0   3   0   0   0   0   0   0   1   2  37   0   0   0  1.48 inf
  171 F   -7 -8 -8 -8 -7 -8 -8 -8 -6 -5 -4 -8 -2 10 -9 -7 -7 -4 -1 -6    0   0   0   0   0   0   0   0   0   0   0   0   1  98   0   0   0   0   1   0  3.37 inf
  172 K    0  2  0  1 -3  4  1 -1  0 -3 -4  2 -2 -4 -3  1 -1 -5 -3 -2    8  14   3   7   0  19   9   4   1   1   0  13   0   0   0  11   3   0   0   4  0.38 inf
  173 S    2 -4 -2 -3 -3 -3 -3 -1 -5 -5 -5 -4 -4 -6 -2  6  2 -6 -5 -4   14   0   1   1   0   1   1   4   0   0   0   0   0   0   2  64  12   0   0   1  1.26 inf
  174 V   -2 -1 -3 -4 -3 -4 -2  0 -4  3 -1 -3 -1  0  5 -2 -1 -5 -2  2    3   4   1   0   1   0   2   8   0  16   4   0   1   4  34   1   4   0   1  14  0.64 inf
  175 N   -2 -2  5  2 -3  0  2  2 -1 -3 -4 -3 -2 -4  0 -1  0 -2 -4 -4    2   1  32  11   0   4  15  16   1   1   2   0   1   0   4   2   5   1   0   1  0.62 inf
  176 Y    1  0 -3  0 -2  1 -2 -2  2 -2 -1 -2 -1  4 -4  1 -1  3  4 -1   16   5   0   5   1   6   2   3   5   1   4   1   2  17   0   9   4   4  13   3  0.29 inf
  177 G   -3 -5 -3 -4 -6 -3 -2  6 -4 -4 -4 -2 -6 -6  3 -3 -3 -6 -4 -4    1   0   0   1   0   1   3  70   0   1   2   2   0   0  14   1   2   0   0   1  1.52 inf
  178 P    0 -3 -1 -2 -1 -1 -2 -5 -2 -1 -3 -3 -4 -2  7 -2 -3 -3  3 -1    8   1   3   3   1   3   2   0   1   3   2   1   0   2  50   2   1   0  11   5  1.12 inf
  179 L   -2 -5 -6 -6 -1 -3 -4 -6 -6  4  5 -5  0 -3 -5 -5 -4 -5 -4  2    2   0   0   0   1   2   1   0   0  19  58   0   2   0   0   0   0   0   0  15  1.12 inf
  180 G    3 -6 -5 -5 -6 -6 -6  7 -6 -7 -5 -5 -6 -5 -6 -4 -5 -6 -5 -6   22   0   0   0   0   0   0  75   0   0   1   0   0   0   0   0   0   0   0   0  1.95 inf
  181 Y   -1  1 -1 -3 -3 -1  0 -4 -1  2  0  0  1  0 -4 -1  1  4  4  1    3   9   2   1   0   2   6   0   1  12   8   5   4   3   0   3   8   5  17  10  0.25 inf
  182 I   -3 -6 -6 -7 -4 -6 -6 -7 -6  5  0 -6  2  2 -6 -5 -3 -5 -3  6    1   0   0   0   0   0   0   0   0  28   5   0   4   9   0   0   1   0   1  51  1.31 inf
  183 H   -1  0 -1  3 -4  1  0 -3  2  1 -1 -1 -1 -1 -3 -1  1  0  1  1    5   4   2  20   0   6   6   1   6   7   4   3   2   1   0   2  10   1   6  13  0.18 inf
  184 N   -2 -1  3  3 -3 -1  3  2 -1 -4 -5  1 -4 -3  1 -1 -2 -5  0 -4    3   2  16  16   1   2  20  15   1   1   0   8   0   1   6   3   1   0   5   0  0.47 inf
  185 G   -2 -1  3  3 -5  0  0  4 -1 -4 -5 -2 -4 -4 -2 -1 -3 -6 -5 -5    3   4  16  19   0   4   6  36   1   1   0   2   0   1   2   4   0   0   0   1  0.73 inf
  186 K   -1  3  0  0 -5  2  1  1  0 -4 -3  3 -3 -5 -4  0  0 -5 -3 -1    4  20   3   5   0   8  11  10   2   0   2  21   0   0   0   5   5   0   1   4  0.39 inf
  187 I   -1 -5 -3 -6 -4 -5 -5 -6 -6  4  0 -5 -2 -1  2 -3 -2 -6 -4  5    4   0   1   0   0   0   0   0   0  21   9   0   0   2  12   1   2   0   0  47  0.98 inf
  188 D   -2  3 -1 -1 -1  0  1 -3  3  1  0  0 -1  1 -4 -2  0  0  2  1    1  17   2   3   1   2  10   1   7  10   7   4   0   7   0   2   5   1  10   9  0.19 inf
  189 Y   -5 -2 -6 -5 -5 -5 -4 -6 -3  1  1 -5  0  6 -5 -4 -3  4  6 -1    0   3   0   0   0   0   1   0   0   9  15   0   2  32   0   1   2   6  26   3  1.14 inf
  190 Q   -1  0 -1 -3 -3  0 -2 -3  3 -1  1 -3 -2  4 -5 -3 -1  0  5 -2    4   5   3   1   0   4   3   2   8   2  12   1   0  20   0   1   3   1  24   3  0.57 inf
  191 R   -1  5  1 -3 -4  2 -1 -2  3 -3 -3  0 -1  0 -2  0 -1 -2  2 -3    6  32   7   1   0   9   2   3   7   1   2   4   2   4   1   6   3   0   8   1  0.46 inf
  192 T    1  2  1  1 -1  1  1 -2  1 -2 -2  1 -1 -4  1  1  1 -3 -3 -2   12  13   6   9   1   5   8   2   3   2   2  10   1   0   8   8   9   0   1   1  0.21 inf
  193 P    0 -3 -2  0 -5 -3 -3 -4 -2 -2 -1 -2 -3 -4  7  0 -2  0 -1 -1    6   1   1   5   0   1   1   1   1   2   7   3   0   0  52   7   3   2   3   4  1.12 inf
  194 A    1 -1 -2 -1 -2 -1  1 -2 -1  0  1 -1 -1  0  1  0  0  0  1  1   16   3   1   2   1   1   9   3   1   5  14   4   1   4   7   5   6   2   6  12  0.07 inf
  195 R   -1  5 -2 -2 -3  1 -1 -3  0 -3 -2  3 -3 -4  1  0 -1 -5  0 -2    5  37   2   1   1   5   4   1   2   1   3  18   0   0   7   5   3   0   4   2  0.62 inf
  196 K   -1  5 -3 -2 -5  0 -2 -4  0 -4 -3  3 -4 -4  4  0 -2 -5 -3 -2    5  35   0   1   0   4   2   1   2   1   2  15   0   0  19   5   2   0   1   4  0.76 inf
  197 H   -1  1  0 -1 -2  2  0  0  7 -3 -2 -1 -2 -3  2 -2 -2 -4  0 -4    5   8   4   3   1   8   7   7  31   2   5   3   1   1  10   1   2   0   2   1  0.60 inf
  198 T    0 -2  0 -1 -2 -2  0 -1 -1 -1 -1  0 -1 -2  0  0  5 -4 -2  0    6   2   3   2   1   1   6   5   2   3   4   4   1   2   5   7  38   0   1   8  0.35 inf
  199 S   -1 -1  0  0  0 -1  0  1 -1  0  0 -1  0  0  0  0  0  2  1  0    4   3   3   7   2   1   5  12   1   6  14   4   1   5   3   5   8   3   7   6  0.03 inf
  200 D   -1  1  1  2 -3  2  2 -1  1 -3 -2  1 -1 -3  2 -1 -1 -1 -1 -3    5   7   6  14   1  11  12   5   4   1   3  11   1   0   9   3   2   1   2   1  0.27 inf
  201 T    0 -2 -1 -2 -3 -2 -1 -3 -3  0  1 -1 -1 -3  1  2  3 -4 -3  2    7   2   2   1   0   1   3   1   0   3  12   3   1   1   7  20  21   0   0  14  0.27 inf
  202 P   -1  1 -3 -2 -2  0  3 -4  2 -2 -3  0 -3 -2  5 -2 -1 -4  0  1    6   7   1   1   1   3  21   0   5   2   1   6   0   2  26   2   3   0   3  11  0.51 inf
  203 F   -2 -3 -3 -3 -5 -5 -2 -5 -4 -2  1 -5 -3  8 -5 -4 -2  1  1 -2    3   1   2   2   0   0   3   0   0   2  13   0   0  63   1   1   3   2   3   2  1.44 inf
  204 D    0 -1  2  6 -3 -3 -1 -4 -1 -3 -4 -1 -3 -4 -1  1 -3 -6 -4 -3    8   3  11  52   0   0   1   0   1   1   2   3   0   1   3  10   1   0   0   2  0.95 inf
  205 V   -1 -3 -2 -1 -3 -4 -4 -4 -4  4  2 -2  0 -2  0 -3 -1 -1 -2  3    5   0   2   3   0   0   0   1   0  26  21   2   1   0   5   1   3   1   1  26  0.47 inf
  206 S    1  1  0  3 -4 -1  1 -2  0 -3 -2 -1 -2 -3  2  2  1 -5 -3 -3   10   8   3  18   0   2   9   1   3   1   5   3   0   1   8  21   8   0   0   0  0.31 inf
  207 K    1  1  3 -1 -3  1  1  0 -1 -3 -2  3 -3 -4  0  0  0 -4 -2 -2   11   6  18   2   0   6   7   6   1   0   3  23   0   0   3   3   4   0   1   3  0.29 inf
  208 L   -2 -4 -5 -5 -4 -4 -3 -4 -5  4  4 -4  1  0 -3 -3 -1 -4 -3  2    2   0   0   0   0   0   2   1   0  29  39   0   2   3   1   1   3   0   0  16  0.76 inf
  209 N   -1 -1  1  4 -4 -1  2 -2 -3 -4 -4  2 -4 -5  1  1  2 -5 -4 -3    5   2   6  25   0   1  11   2   0   0   0  14   0   0   7  10  17   0   0   1  0.49 inf
  210 E    1  0 -1  0 -4  0  4 -2 -2 -2 -4  2 -3 -5 -2  2  0 -5 -4 -3   13   5   2   3   0   1  37   2   0   3   1  12   0   0   1  13   6   0   0   1  0.51 inf
  211 L   -4 -2 -6 -6 -4 -5 -6 -6 -5  0  6 -5 -1  1 -6 -5 -4  2 -1  1    0   2   0   0   0   0   0   0   0   4  77   0   0   6   0   0   0   3   2   7  1.23 inf
  212 P   -4 -6 -6 -5 -7 -5 -5 -6 -6 -7 -7 -5 -6 -7  9 -4 -5 -8 -7 -6    0   0   0   0   0   0   0   0   0   0   0   0   0   0 100   0   0   0   0   0  3.27 inf

                      K         Lambda
Standard Ungapped    0.1311     0.3132
Standard Gapped      0.0543     0.2670
PSI Ungapped         0.1759     0.3100
PSI Gapped           0.0543     0.2670
