
Last position-specific scoring matrix computed, weighted observed percentages rounded down, information per position, and relative weight of gapless real matches to pseudocounts
           A  R  N  D  C  Q  E  G  H  I  L  K  M  F  P  S  T  W  Y  V   A   R   N   D   C   Q   E   G   H   I   L   K   M   F   P   S   T   W   Y   V
    1 V   -3 -5 -6 -6 -4 -5 -5 -6 -6  2 -2 -5 -2 -4 -5 -5 -3 -6 -4  7    0   0   0   0   0   0   0   0   0   8   0   0   0   0   0   0   0   0   0  92  1.73 inf
    2 F   -5 -6 -6 -3 -5 -6 -6 -6 -4 -3 -1 -6 -3  9 -1 -5 -5 -2  4 -4    0   0   0   2   0   0   0   0   0   0   5   0   0  78   4   0   0   0  12   0  1.99 inf
    3 G   -3 -5  0 -4 -6 -5 -5  7 -5 -7 -7 -5 -6 -6 -5 -3 -5 -6 -6 -6    0   0   5   0   0   0   0  95   0   0   0   0   0   0   0   0   0   0   0   0  2.21 inf
    4 N   -3 -3  8 -2 -5 -3  0 -4 -3 -2 -2 -3 -3 -4 -5 -1 -3 -6 -3 -1    1   1  77   0   0   0   5   0   0   2   4   0   1   1   0   3   0   0   1   5  1.58 inf
    5 K   -1  0 -3 -4 -1 -1 -3  1  0  0  2 -1  6  0 -4 -2 -1 -3  1 -1    4   6   0   0   1   2   0  14   2   5  17   4  28   2   0   2   3   0   6   2  0.36 inf
    6 G   -1 -1  1  2 -4  1 -2  5 -3 -5 -5 -3 -4 -5 -4  1 -2 -5 -5 -5    3   3   7  12   0   8   1  54   0   0   1   0   0   0   0  10   2   0   0   0  0.89 inf
    7 E    1 -1  1  3 -3 -1  2  2  0 -2 -2  0 -1 -3  0  0 -1 -1 -3 -2   12   1   7  19   0   1  14  14   2   2   5   6   1   0   5   6   1   1   0   2  0.22 inf
    8 T   -2  1  2  4 -4  2  3 -3  0 -3 -3 -1 -2 -4 -2  0  2 -5 -2 -3    2   7  10  26   0   8  19   1   2   1   2   2   1   0   1   4  15   0   1   0  0.49 inf
    9 S   -1 -4 -3 -3  6 -3 -3 -3 -4 -5 -5 -3 -4 -3 -4  7 -2 -6 -5 -4    3   0   0   0  17   0   0   0   0   0   0   0   0   1   0  79   0   0   0   0  1.54 inf
   10 G    2 -5 -3 -4 -1 -4 -4  6 -4 -5 -5 -4 -5 -1 -4 -1 -4 -5 -1 -5   19   0   0   0   1   0   0  72   0   0   0   0   0   2   0   3   0   0   3   0  1.40 inf
   11 T    1 -1 -2 -3 -3 -2 -3 -3 -4 -2 -4 -3 -3 -5 -3  4  6 -5 -4 -3   10   2   0   0   0   1   0   0   0   3   0   0   0   0   0  34  50   0   0   0  1.02 inf
   12 G   -3 -6 -4 -4 -6 -5 -5  8 -5 -7 -7 -5 -6 -6 -5 -3 -5 -6 -6 -6    0   0   0   0   0   0   0 100   0   0   0   0   0   0   0   0   0   0   0   0  2.39 inf
   13 V   -2  0 -5 -6 -4 -5 -5 -6 -6  0 -2 -4 -2 -4 -5 -2 -1 -6 -4  7    1   6   0   0   0   0   0   0   0   2   1   0   0   0   0   3   3   0   0  85  1.41 inf
   14 A    3 -4 -4 -4  3 -3 -4 -1 -4  1  2 -3  1  2 -4 -2 -2 -3 -2  1   37   0   0   0   7   0   0   5   0   9  19   0   3  11   0   1   1   0   0   8  0.40 inf
   15 F   -5 -5 -5 -6 -6  4 -5 -6 -2 -3 -1 -5 -1  8 -6 -4 -5 -3 -1 -2    0   0   0   0   0  18   0   0   1   1   3   0   1  74   0   1   0   0   0   2  1.90 inf
   16 T   -3 -4 -3 -4 -4 -4 -4 -3 -4 -3  0 -4 -3  2 -4  3  6 -5 -1 -3    0   0   0   0   0   0   0   2   0   0   8   0   0   8   0  23  57   0   2   0  1.07 inf
   17 R   -1  7 -4 -5 -6 -2 -3 -5  1 -2 -4 -1 -4 -5 -5 -2 -4 -5  0  1    5  71   0   0   0   0   0   0   3   3   0   0   0   0   0   2   0   0   3  12  1.44 inf
   18 N   -2 -4  6  6 -2 -3 -2 -4  2 -6 -6 -3 -5 -6 -5  0 -3 -7 -5 -6    3   0  42  42   1   0   1   0   5   0   0   0   0   0   0   7   0   0   0   0  1.40 inf
   19 P   -1 -4 -4 -1 -3 -4 -2 -1 -5 -1 -4 -4 -1 -6  8  0 -3 -6 -6 -4    4   1   0   3   1   0   2   5   0   4   1   0   2   0  68   8   1   0   0   1  1.69 inf
   20 S    3 -2  0 -2 -2 -1 -1 -1 -2 -1 -2 -1 -1  0 -3  3  1  0  1  1   25   1   3   1   0   2   3   3   0   4   2   3   1   3   0  26   7   1   4   9  0.23 inf
   21 T   -3  0  2 -1 -3 -3 -2 -4 -2 -4 -4 -3 -4 -5 -2  0  7 -6 -5 -3    0   4  10   3   0   0   2   0   1   0   1   0   0   0   2   6  70   0   0   0  1.24 inf
   22 G   -2 -3 -3 -4 -6 -4 -2  7 -5 -7 -7 -1 -6 -6 -5 -2 -5 -6 -6 -6    2   1   0   0   0   0   3  88   0   0   0   4   0   0   0   2   0   0   0   0  1.93 inf
   23 E    1  1 -2  1 -4  1  5 -3  0 -3 -2 -1  0 -5 -3 -1  0 -5 -4 -1   13   6   0   7   0   4  47   1   2   0   4   1   2   0   0   1   5   0   0   6  0.59 inf
   24 K   -1  1  3  0 -5  0 -1 -1 -1 -5 -4  3 -4 -5  5  1 -1 -5 -4 -4    3   7  15   6   0   4   2   3   1   0   1  21   0   0  27   8   3   0   0   0  0.63 inf
   25 G   -1  3 -1 -2 -3  3  2  2  1 -3 -2  2 -2 -3 -3 -1 -1 -4 -1 -2    5  17   1   1   0  14  14  17   3   1   3  15   1   0   0   1   2   0   2   3  0.35 inf
   26 I   -2 -4 -5 -4 -2 -4 -4 -5 -3  3  4 -4  0  3  3 -4 -3 -2  0  1    2   1   0   1   0   0   0   0   0  23  37   0   0  11  13   0   0   0   2   8  0.63 inf
   27 Y   -4 -3  0 -5  2  0 -3 -5 -2 -2 -3 -2  1  4 -5 -2  2  6  6 -1    0   1   4   0   5   4   1   0   0   1   0   2   3  18   0   2  13   9  33   4  0.86 inf
   28 G   -2 -6 -4 -5 -6 -5 -5  7 -5 -2 -6 -5 -6 -6 -5 -4 -5 -6 -6 -3    2   0   0   0   0   0   0  93   0   3   0   0   0   0   0   0   0   0   0   2  2.15 inf
   29 E   -3  3  0  4 -5  1  5 -4 -2 -5 -4 -1  1 -5 -3 -2 -3 -5 -4 -4    0  18   2  22   0   5  48   0   0   0   0   0   5   0   0   0   0   0   0   0  0.94 inf
   30 Y   -4 -4 -4 -5 -1 -4 -5 -5 -2 -1 -1 -4  0  6 -5 -1 -3  4  7 -1    0   0   0   0   2   0   0   0   0   2   3   0   2  41   0   6   0   5  37   4  1.25 inf
   31 L   -1 -1 -4 -5 -3  0 -4 -5 -4  1  4 -3  2  2 -4 -3  0 -3 -2  1    5   4   0   0   0   5   0   0   0   6  51   0   5   9   0   0   5   0   0   9  0.50 inf
   32 I    0 -2 -1 -3 -1 -1 -2 -1 -3  1  1 -1  0  0  3  0 -1 -3 -1  2    9   1   3   0   1   2   1   4   0   8  11   4   2   5  15   6   2   0   2  23  0.17 inf
   33 N   -1  0  4  1  2  3 -1  2  0 -4 -4 -1  2 -4 -3 -1 -2 -4 -2 -3    4   5  25   6   5  19   2  18   2   0   0   2   7   0   0   2   0   0   1   2  0.45 inf
   34 A    4  1  0 -1 -3 -2 -2  0 -3 -3 -4 -2 -3 -4  0  3  1 -5 -4 -1   45   8   4   4   0   0   0   6   0   0   0   0   0   0   4  21   6   0   0   3  0.50 inf
   35 Q   -2  1 -3 -3 -5  8  0 -4  2 -4 -2 -1  2 -5 -4 -3 -3 -4 -4 -2    3   7   0   0   0  67   3   0   4   0   3   0   6   0   0   0   0   0   0   3  1.28 inf
   36 G   -1 -6 -4 -5 -6 -5 -5  8  0 -7 -7 -5 -6 -6 -6 -4 -5 -6 -6 -6    4   0   0   0   0   0   0  92   2   0   0   0   0   0   0   0   0   0   0   0  2.26 inf
   37 E   -2  3 -3  0 -6 -2  7 -5  1 -6 -6  0 -5 -6 -3 -3 -4 -6 -5 -5    4  18   0   3   0   0  65   0   3   0   0   5   0   0   1   0   0   0   0   0  1.43 inf
   38 D   -3 -5 -2  8 -6 -2  2 -3 -4 -6 -6 -4 -6 -6 -5 -2 -4 -7 -6 -3    2   0   1  77   0   1  10   2   0   0   0   0   0   0   0   2   0   0   0   3  1.87 inf
   39 V    2 -5 -6 -6 -4 -5 -5 -4 -6  2 -1 -3 -2 -4 -5 -4 -2 -6 -4  6   16   0   0   0   0   0   0   1   0   9   4   1   1   0   0   0   1   0   0  65  1.24 inf
   40 V   -4 -3 -1 -6 -4 -5 -5 -4 -6 -1  2 -5 -1 -4 -5 -3 -3  0 -4  7    0   2   3   0   0   0   0   1   0   0  15   0   1   0   0   1   0   1   0  73  1.39 inf
   41 A    5 -3 -2 -3 -4 -1 -2 -1 -2 -4 -4 -2 -4 -3 -3  3 -1 -5 -3 -4   55   1   1   1   0   3   2   4   1   0   1   2   0   1   1  24   2   0   1   0  0.90 inf
   42 G   -2 -3 -3 -1 -2 -4 -3  7 -2 -6 -3 -3 -5 -5 -5 -2 -4 -5 -5 -4    3   1   0   3   1   0   2  79   1   0   3   1   0   0   0   2   0   0   0   1  1.67 inf
   43 V   -1  1 -3 -2 -4 -2 -1 -1 -4  5 -1 -3 -2 -3 -4 -2  1 -5 -4  1    5   7   1   2   0   1   5   6   0  43   4   1   0   0   0   3  11   0   0   9  0.50 inf
   44 R    0  7 -2 -3 -2 -1 -2 -1  1 -5 -4 -1 -4 -4 -4 -2 -3 -5 -1 -1    7  63   1   1   1   2   2   4   3   0   2   2   0   1   1   3   1   0   2   5  1.20 inf
   45 T   -1 -1  2  1 -4 -2  0 -2 -2 -3 -4 -1 -3 -5 -2  0  6 -5 -5 -4    4   3   8   7   0   1   6   3   1   1   0   2   0   0   1   5  56   0   0   0  0.92 inf
   46 P    1 -5 -5 -5 -3 -4 -3 -4 -5 -4 -5 -2 -5 -6  7 -1  2 -6 -5 -2   13   0   0   0   1   0   1   1   0   1   0   2   0   0  60   4  13   0   0   3  1.61 inf
   47 Q   -2  0 -1  0 -4  3  2 -3  0  1  1  1  2 -3 -2 -1 -2 -4 -2 -1    2   5   2   4   0  19  14   1   2   7  18   7   6   0   2   4   1   0   1   4  0.25 inf
   48 P   -1 -3 -1  1 -3 -1 -2 -2 -1 -4 -4  0 -3  0  6 -1 -2 -4  4 -4    4   1   3   8   1   3   2   4   1   1   1   5   1   4  42   5   2   0  13   1  0.88 inf
   49 I   -3 -5 -5 -5 -4 -5 -2 -6 -2  6  4 -5  0 -3 -5 -5 -4 -5 -4  1    1   0   0   0   0   0   3   0   1  42  38   0   1   0   0   0   0   0   0   7  1.01 inf
   50 T    2 -2  0  2 -3  0  2 -1 -2 -3 -2 -1 -3 -4 -2  2  2 -4 -4 -2   18   2   3  11   0   3  14   5   0   1   3   2   0   0   1  16  16   0   0   1  0.28 inf
   51 Q    1  2 -1  1 -4  1  3 -3  0 -3 -2  2 -2 -4 -3  0  1 -4 -3 -2   13  12   1   7   0   6  19   1   2   0   3  13   0   0   0   5   9   0   0   3  0.28 inf
   52 L   -4 -5 -6 -6 -1 -3 -5 -6 -5  0  6 -5  6 -2 -3 -5 -4 -5 -4 -1    0   0   0   0   1   1   0   0   0   2  64   0  21   1   1   0   0   0   0   2  1.31 inf
   53 E    2  0 -1 -2 -5  1  5 -2  0 -5 -5  2 -4 -5 -3 -2 -3 -5 -3 -3   18   4   3   1   0   5  41   3   2   0   0  15   0   0   1   2   1   0   0   1  0.69 inf
   54 N    0  1  0  3 -5  1  4 -2 -1 -4 -4  1 -2 -5 -4 -1 -1 -5 -2 -3    6   8   5  18   0   6  31   3   1   1   1   7   1   0   0   2   4   0   2   1  0.49 inf
   55 D    0  1 -2  0 -1  0  1 -2  0  1  1  0  0 -2 -3 -1  0 -1 -2  1   11  10   1   4   1   5  10   1   2  10  16   3   1   1   0   3   6   1   1  10  0.06 inf
   56 M    0 -3 -1  1 -1 -1 -2 -4  0 -1  1 -1  6  2 -2 -2 -3  1  0 -1    9   1   3   9   1   3   2   0   2   1  15   3  28   8   2   2   0   2   3   3  0.35 inf
   57 P   -2 -2 -5 -5 -7 -2 -1 -3 -6 -6 -3 -1 -6 -7  8 -3 -5 -7 -7 -6    4   2   0   0   0   2   4   2   0   0   2   4   0   0  74   1   0   0   0   0  2.02 inf
   58 D    1  0 -1  2 -4  1  4 -1  1 -3 -3  1 -1 -5  0  0 -1 -5 -4 -2   13   3   2  10   0   4  31   4   4   1   1   7   1   0   4   4   3   0   0   2  0.34 inf
   59 C    2 -3 -1 -2  2 -1 -3 -2 -1  2  0 -3 -1 -3 -2  0  0 -4  0  2   25   1   2   3   5   2   0   1   1  11   7   0   1   0   1   8   5   0   3  19  0.19 inf
   60 Y   -3 -2 -3 -6 -5 -5 -3 -2  3 -2 -2 -5 -1  4 -6 -5 -5  2  8 -3    2   2   1   0   0   0   1   4   6   2   3   0   1  16   0   0   0   2  48   2  1.19 inf
   61 K    2  1  1  1 -4  2  1  0  0 -3 -3  2 -3 -4 -3 -1 -1 -4 -4 -3   20   9   6   9   0   8  10   5   2   1   1  14   0   0   0   1   4   0   0   0  0.21 inf
   62 Q   -1 -1 -2  0 -6  4  5 -3  0 -5 -3 -1 -2 -6 -4 -1 -2 -5 -5 -4    4   3   1   5   0  22  41   2   2   0   2   2   1   0   0   2   1   0   0   1  0.73 inf
   63 F   -5 -6 -7 -7 -5 -6 -7 -7 -6 -1  6 -6 -2  4 -7 -6 -5 -5 -4 -2    0   0   0   0   0   0   0   0   0   3  71   0   0  16   0   0   0   0   0   2  1.41 inf
   64 M   -1  0 -1  0  1  0  0 -2 -1  0  1  1  2 -1 -3 -1 -1 -3 -1  1    3   6   1   5   4   4   7   1   1   4  13   8   6   2   0   2   4   0   2  14  0.01 inf
   65 D    1  2  0  3 -3  1  3 -1 -1 -4 -4  0 -4 -5 -3  0 -1 -5 -4 -3   13   9   2  18   1   7  19   4   1   1   1   5   0   0   0   6   3   0   0   1  0.31 inf
   66 L    0 -4 -1 -4 -2 -3 -4 -3  3  5 -1 -4  0 -1 -5 -3  0 -1  1  3    7   0   3   1   1   1   0   1   8  33   4   0   1   2   0   1   6   1   5  17  0.44 inf
   67 A    2  1 -3 -4  5  0 -3 -1 -1 -2 -1 -2  3  0 -4  0  0 -4  0  0   21   9   0   0  13   4   1   5   1   1   3   1   8   5   0   4   7   0   3   6  0.21 inf
   68 M    1  2  0  1 -2  1  2 -1  2 -3 -3  2 -2 -4 -3  0  0  1 -3 -3   14   9   4   9   1   5  11   4   5   0   1  13   1   0   0   5   6   2   0   1  0.16 inf
   69 K   -1  3 -2 -3 -4  1 -2 -3 -2  1  1  3 -1 -3 -4 -1  2 -4 -4 -1    4  16   1   1   0   5   1   1   1   9  14  20   1   1   0   2  13   0   0   2  0.24 inf
   70 L   -4 -6 -7 -7  1 -6 -6 -5 -6  0  6 -6  3 -3 -6 -4 -5  0 -5 -1    1   0   0   0   3   0   0   1   0   3  74   0   6   0   0   1   0   2   0   3  1.32 inf
   71 E   -5  3 -4 -2 -7 -2  7 -4 -4 -7 -6 -3 -6 -7 -5 -4 -3 -6 -2 -4    0  14   0   1   0   0  72   1   0   0   0   0   0   0   0   0   1   0   2   1  1.64 inf
   72 K    0  3  1  1 -1  1  1 -2  0 -3 -3  2 -1 -3 -3 -1  0 -4 -2 -2   10  17   8   8   1   7   7   2   1   1   1  14   1   1   0   4   6   0   1   2  0.20 inf
   73 H   -2  1 -2 -2 -6 -3 -2 -4  9 -5 -2  0 -2 -3 -6 -4 -1 -5  2 -2    3   7   2   2   0   0   2   1  53   0   4   5   1   1   0   1   3   0   5   3  1.38 inf
   74 F   -3 -5 -2 -5 -4 -4 -4 -3 -1 -2  1 -2 -2  3 -6 -4 -2  1  8 -3    1   0   2   1   0   1   1   2   1   2  14   3   1  11   0   1   3   1  48   1  1.11 inf
   75 R   -2  6 -3 -4  0 -1 -3  0  1 -6 -4  4 -4 -5 -5 -1 -2  2 -2 -5    3  43   1   0   2   1   0   8   3   0   1  21   0   0   0   3   2   3   1   0  0.89 inf
   76 D   -2 -5  0  7 -7 -3  3 -5 -5 -6 -7 -2 -6 -7 -3 -4 -3 -7 -6 -5    3   0   4  65   0   0  16   0   0   0   0   2   0   0   1   0   1   0   0   1  1.59 inf
   77 M    0 -2 -2 -1  3 -2  0 -3  1  1  1 -2  4 -2  0 -2 -1 -3 -2  1    7   0   0   5   7   0   7   0   5   6  14   0  19   0   5   0   0   0   0  15  0.12 inf
   78 Q    0  1 -2 -3  4  1 -1 -2 -2 -1  0 -1  2 -2  2 -1 -1 -3 -2  1   11  11   0   0  11  11   0   0   0   0  11   0  11   0  11   0   0   0   0  11  0.12 inf
   79 D   -2 -2  1  5 -3  1  2 -2 -1  1 -2 -1 -2 -3 -2 -1 -2 -3 -1 -2    0   0   5  39   0   8  18   0   0  14   3   0   0   0   0   0   0   0   3   0  0.35 inf
   80 M   -1 -3 -2 -3  0 -2 -3 -3 -3  3  1 -2  2  1 -3  0  0 -3 -1  2    2   0   0   0   2   0   0   0   0  31   4   0   9   5   0  14   2   0   0  20  0.16 inf
   81 E   -2  1 -1  1 -4  1  6 -3 -1 -4 -4  1 -3 -4 -2  1 -1 -4 -3 -3    0   8   0   5   0   0  69   0   0   0   0   5   0   0   0  14   0   0   0   0  0.80 inf
   82 F   -3 -4 -3 -4 -3 -4 -4 -4 -2  0 -1 -4 -1  7 -4  1 -2  4  3 -2    0   0   0   0   0   0   0   0   0   4   0   0   0  73   0  14   0   5   4   0  1.00 inf
   83 T   -1 -3 -2 -3 -3 -3 -3 -4 -4  0 -2 -3  1 -4  1 -1  6 -4 -3  0    3   0   0   0   0   0   0   0   0   4   0   0   5   0   7   0  75   0   0   6  0.97 inf
   84 I   -2  0 -4 -5 -3 -3 -4 -5 -4  5  1 -3  0  1 -4 -3 -1 -4 -2  3    0   7   0   0   0   0   0   0   0  49  10   0   0   5   0   0   1   0   0  28  0.64 inf
   85 E   -2 -2 -2  1 -5  3  6 -1 -2 -4 -3 -1 -2 -2 -3 -1 -2 -4 -3 -3    0   0   0   4   0  17  66   5   0   0   2   1   1   2   0   2   0   0   0   1  0.94 inf
   86 E    0  1  3  4 -2  1  2 -1  0 -4 -4  1 -2 -4 -3  0 -1 -4 -3 -3    7   7  17  34   1   5  10   4   1   0   1   7   1   0   0   6   0   0   0   0  0.48 inf
   87 G   -1 -3  0 -1 -4 -2 -1  6 -2 -5 -5 -1 -4 -5 -3  0 -2 -4 -4 -5    1   1   5   2   0   1   3  79   1   0   0   2   0   0   1   4   1   0   0   0  1.24 inf
   88 K   -1  4  0 -1 -4  2  1 -1  0 -2 -3  4 -2 -4 -3 -1 -1 -4 -3 -2    3  23   3   1   0   9   8   3   2   1   0  36   0   0   0   2   4   0   0   4  0.46 inf
   89 L   -3 -4 -5 -5 -3 -4 -5 -5 -4  1  5 -4  1  0 -5 -4 -3 -3 -2  2    0   0   0   0   0   0   0   0   0   2  83   0   2   3   0   0   0   0   0  11  0.98 inf
   90 Y   -3 -3 -4 -5 -4 -2 -4 -4  3 -3 -3 -3 -3  4 -5 -1 -1  9  6 -3    1   1   0   0   0   2   0   0   7   0   0   1   0  15   0   5   4  32  32   0  1.37 inf
   91 F   -3 -4 -4 -5  0 -3 -4 -5 -4  4  3 -4  6  1 -4 -3 -2 -3 -2  1    0   0   0   0   2   0   0   0   0  30  24   0  29   6   0   0   0   0   0   7  0.69 inf
   92 L   -3 -4 -5 -5 -3 -4 -5 -5 -4  2  6 -4  2 -1 -5 -4 -3 -3 -3  0    0   0   0   0   0   0   0   0   0   7  87   0   4   0   0   0   0   0   0   0  1.03 inf
   93 Q   -3 -1 -1  4 -5  7  2 -3 -2 -5 -4 -1 -3 -5 -3 -2 -2 -4 -4 -4    0   0   0  27   0  65   8   0   0   0   0   0   0   0   0   0   0   0   0   0  1.23 inf
   94 T    2 -2 -2 -3  5  0 -2  1 -3 -2 -3 -2 -2 -4 -3  1  4 -4 -3 -1   17   0   0   0  14   5   0  10   0   0   0   1   0   0   0   7  45   0   0   2  0.52 inf
   95 R   -3  6 -2 -3 -4 -1 -2 -4 -1 -1 -2  1 -2 -4 -4 -2 -2 -4 -3  2    0  67   0   0   0   0   0   0   1   1   2   5   0   0   0   0   2   0   0  22  0.91 inf
   96 N    0  3  3 -1 -3 -1 -1 -2 -1 -2 -3  0 -2 -3  0  2  1 -4 -3  1    4  23  21   1   0   0   1   1   0   1   0   3   0   0   4  17  10   0   0  14  0.29 inf
   97 G    2 -4 -2 -3 -3 -3 -3  5 -4  0 -2 -3 -2 -3 -3 -1 -1 -4 -3  2   16   0   0   0   0   0   0  51   0   4   2   0   0   0   0   0   2   0   0  26  0.65 inf
   98 K   -1  2 -1 -1 -4  2  1 -3 -2 -4 -3  5 -2 -4  1 -1 -1 -4 -3 -2    2   6   0   2   0  10   7   0   0   0   1  56   0   0   7   2   2   0   0   2  0.64 inf
   99 R   -3  7 -2 -4 -2 -1 -2 -4 -2 -4 -4  2  1 -2 -4 -3 -3 -4 -3 -4    0  86   0   0   1   0   0   0   0   0   0   6   4   2   0   0   0   0   0   0  1.48 inf
  100 T   -1 -3  1 -3 -3 -2 -3 -2 -3 -3 -3 -3 -3 -4 -2  4  6 -5 -4 -3    1   0   7   0   0   0   0   1   0   0   0   0   0   0   1  28  60   0   0   0  1.01 inf
  101 A    4 -3  0 -3 -2 -2 -2  2 -3 -1 -3 -2 -3 -4  2  1  0 -4 -4 -2   49   0   3   0   0   0   0  18   0   4   0   0   0   0   8  10   6   0   0   1  0.54 inf
  102 P    1  4 -1 -2 -3  3  0 -1 -1 -1 -1  2 -1 -1  0 -1  0 -3 -2 -2   13  25   1   0   0  17   5   3   1   5   4  10   1   2   4   2   4   0   1   2  0.25 inf
  103 A    6 -4 -4 -4 -3 -3 -1 -1 -4 -4 -4 -3 -3 -5 -3  0 -2 -5 -4 -2   88   0   0   0   0   0   3   3   0   0   0   0   0   0   0   5   0   0   0   1  1.23 inf
  104 A    6 -3 -2 -4 -2 -2 -2 -1 -3 -2 -2 -3  2 -4 -3  0  0 -1 -4 -2   73   1   1   0   0   0   1   3   0   1   2   0   7   0   0   5   3   1   0   0  0.82 inf
  105 L   -2 -4 -5 -5 -3 -4 -4 -5 -5  3  2 -4  1  1 -4 -4 -2 -4 -2  5    1   1   0   0   0   0   0   0   0  13  23   0   2   6   0   0   0   0   0  55  0.76 inf
  106 Q   -1  6 -1 -3 -5  2 -1 -3  1 -4 -4  5 -3 -5 -3 -2 -2 -5 -3 -4    3  44   2   0   0   6   2   1   3   0   0  36   0   0   0   0   0   0   0   1  0.96 inf
  107 I   -2 -5 -5 -5 -1 -4 -5 -5 -3  6  1 -4  1  0 -5 -3  0 -4 -3  2    1   0   0   0   1   0   0   0   1  68   6   0   3   4   0   1   5   0   0  11  0.94 inf
  108 A    6 -4 -3 -4 -3 -3 -3 -2 -4 -3 -1 -3 -3 -4 -3  0 -2 -5 -2 -1   85   0   1   0   0   0   0   0   0   0   5   0   0   0   0   4   1   0   1   3  1.11 inf
  109 C   -1 -3 -4 -4  2 -4 -4 -4 -3  2  1 -4  1 -2 -4 -3  0 -4 -2  6    2   1   0   0   5   0   0   1   0   9   9   0   2   0   0   1   4   0   1  65  0.75 inf
  110 D    1  0 -1  6 -5  2  2 -2 -1 -5 -5 -1 -3 -5 -3 -1 -2 -5 -4 -4   12   6   1  55   0   9  12   1   1   0   0   0   0   0   0   1   1   0   0   0  0.91 inf
  111 L   -3 -4 -5 -6 -3 -2 -5 -5 -4 -1  5 -4  7  1 -5 -4 -3 -3 -3 -1    1   0   0   0   0   1   0   0   0   0  54   0  38   5   0   0   0   0   0   1  1.16 inf
  112 V    3 -2 -3 -4  0 -1 -2 -3  1  0 -1 -2 -1 -1 -3 -2 -1  0  1  4   33   2   0   0   1   2   2   0   4   1   4   1   0   2   0   0   1   2   5  40  0.39 inf
  113 D    0  1  2  3 -4  2  3 -2  2 -4 -3  2 -2 -4 -3  0 -1 -4 -3 -3    6   7  14  16   0   7  21   2   5   0   2  12   0   0   0   6   0   0   0   0  0.39 inf
  114 E   -2  0 -2  3 -5  1  6 -3 -2 -5 -4 -1 -4 -5 -3  0 -2 -5 -4 -4    2   4   0  18   0   4  63   1   0   0   2   0   0   0   0   5   2   0   0   0  1.03 inf
  115 G   -2 -2 -1 -2 -5 -2 -2  7 -3 -6 -5  1 -5 -5 -3 -2 -3 -5 -5 -5    1   1   2   2   0   1   2  80   0   0   0  11   0   0   0   0   0   0   0   0  1.40 inf
  116 M   -2 -1 -4 -4 -3 -3 -3 -5 -3  3  4 -2  2 -1 -4 -3 -1 -1 -2  2    0   4   0   0   0   1   1   0   0  21  47   1   5   0   0   0   2   1   0  15  0.55 inf
  117 I   -3 -3 -5 -5 -2 -5 -5 -6 -5  7  0 -4  0 -2 -5 -4 -2 -5 -3  2    0   2   0   0   0   0   0   0   0  82   4   0   2   0   0   0   1   0   0   9  1.32 inf
  118 T   -1 -3  0  4 -3 -2 -1 -1 -3 -4 -4 -2 -3 -4  2  2  4 -5 -4 -3    2   0   3  29   0   0   1   3   0   0   0   0   0   0   9  19  34   0   0   0  0.67 inf
  119 E    0  3 -2  0 -4  1  3 -3 -2 -3 -3  4 -2 -4  1 -1 -1 -1 -3 -2    6  19   0   4   0   5  20   0   0   1   1  29   1   0   7   1   2   1   0   2  0.48 inf
  120 E    0  1  0  2 -5  2  5 -3  0 -4 -4  2 -2 -5 -1 -1 -2 -5 -3 -3   10   6   3  13   0   6  43   0   1   0   0  12   1   0   2   1   1   0   1   0  0.62 inf
  121 E   -2 -1 -1  2 -5  1  6 -3 -1 -4 -5 -1 -3 -4 -3 -1  1 -5  0 -3    2   2   1   8   0   4  62   1   1   1   0   1   0   0   0   2  10   0   4   1  0.93 inf
  122 A    6 -4 -4 -4 -3 -3 -3 -1 -4 -3 -4 -3 -2 -5 -3 -1 -1 -5 -4  0   88   0   0   0   0   0   0   3   0   0   0   0   1   0   0   1   2   0   0   5  1.31 inf
  123 V   -3 -3 -5 -5 -3 -4 -5 -5 -5  4  4 -4  1 -2 -5 -4 -2 -4 -3  4    0   1   0   0   0   0   0   0   0  23  42   0   2   0   0   0   0   0   0  31  0.84 inf
  124 V    0  1 -2 -2  0  0 -2 -2 -2  0  3  1  5 -2 -3 -1  0 -3 -3 -1    6   9   1   1   2   3   2   2   1   1  35   9  19   0   0   4   6   0   0   1  0.28 inf
  125 R   -2  7 -1 -4 -5 -1 -3 -5 -3 -4 -3  1  3 -5 -4 -2 -2 -5 -3 -4    2  75   3   0   0   1   0   0   0   0   2   6   8   0   0   1   2   0   0   0  1.43 inf
  126 I   -3 -5 -5 -5  0 -4 -5 -6 -5  5  0 -5 -1 -3 -5 -4 -1 -5 -3  6    0   0   0   0   1   0   0   0   0  32   4   0   0   0   0   0   2   0   0  61  1.12 inf
  127 E   -1 -2  1  4 -4  1  4 -3 -2 -4 -4  1 -3 -5  1  1  1 -5 -4 -3    5   0   4  24   0   4  31   0   0   0   0   8   0   0   5   8   8   0   0   1  0.54 inf
  128 A    2 -5 -4 -4 -5 -4 -4 -1 -3 -5 -5 -3 -5 -6  8 -2 -3 -6 -4 -2   15   0   0   0   0   0   0   5   0   0   0   0   0   0  74   0   1   0   0   3  1.92 inf
  129 K    1  3  1  0 -3  2  2 -2  0 -4 -3  2 -1 -4 -2  0 -1 -4 -2 -3   17  16   8   2   0   8  19   1   2   0   0  17   2   0   0   5   2   0   0   0  0.35 inf
  130 S    3 -3  1 -2 -2 -2 -2 -2 -3 -4 -4 -2 -3 -4 -3  5  2 -5 -4 -3   29   0   5   0   0   0   0   0   0   0   0   0   0   0   0  53  12   0   0   0  0.78 inf

                      K         Lambda
Standard Ungapped    0.1342     0.3158
Standard Gapped      0.0587     0.2670
PSI Ungapped         0.1931     0.3213
PSI Gapped           0.0587     0.2670
