
Last position-specific scoring matrix computed, weighted observed percentages rounded down, information per position, and relative weight of gapless real matches to pseudocounts
           A  R  N  D  C  Q  E  G  H  I  L  K  M  F  P  S  T  W  Y  V   A   R   N   D   C   Q   E   G   H   I   L   K   M   F   P   S   T   W   Y   V
    1 D   -5 -4 -1  8 -6 -3 -1 -4 -4 -6 -7 -3 -6 -6 -4 -3 -4 -7 -6 -6    0   0   0 100   0   0   0   0   0   0   0   0   0   0   0   0   0   0   0   0  2.37 inf
    2 S   -1 -4 -2 -3 -1 -3 -3  0 -4 -4 -5 -3 -4 -5  6  5  0 -5 -3 -4    2   0   1   0   1   0   0   6   0   0   0   0   0   0  39  47   4   0   1   0  1.18 inf
    3 V   -1 -4 -4 -5 -1 -4 -4 -5 -5  1  0 -4 -1 -2 -4 -2  2 -4 -1  6    3   0   0   0   1   0   0   0   0   5   5   0   0   1   0   2  17   0   1  65  0.86 inf
    4 E    2 -1 -1  2 -3  0  3 -2 -2 -3 -3  1 -3 -3 -2  1  1 -4 -3 -1   25   2   1   9   0   2  26   1   0   1   1   8   0   0   0  10   9   0   0   3  0.35 inf
    5 A   -1 -4  1  7 -4 -2  0 -3 -1 -3 -5 -3 -5 -6 -2 -1 -3 -6 -5 -4    7   0   5  75   0   0   4   1   1   2   0   0   0   0   1   2   0   0   0   0  1.42 inf
    6 Y   -5 -5 -5 -6 -5 -4 -5 -6  1 -4 -4 -5 -4  1 -6 -5 -5  3 10 -4    0   0   0   0   0   0   0   0   3   0   0   0   0   2   0   0   0   3  92   0  2.61 inf
    7 A    3 -3 -4 -4 -1 -2 -3 -3 -3  1  2 -3  0 -2 -3 -1 -1 -4 -2  4   31   0   0   0   1   1   1   0   0   6  19   0   2   1   0   2   1   0   1  34  0.44 inf
    8 T    2  0  1  3 -3  1  3 -1 -2 -1 -3  1 -2 -4 -2 -1  0 -4 -3 -2   22   3   5  15   0   7  25   2   0   4   1   9   0   0   0   1   5   0   0   0  0.35 inf
    9 M   -2 -4 -5 -5 -2 -2 -4 -5 -1  0  5 -4  4  0 -5 -3 -3 -3  1  0    1   0   0   0   1   1   0   0   2   0  68   0  15   2   0   1   0   0   6   2  0.88 inf
   10 L   -3 -4 -5 -6 -2 -1 -5 -5 -4  0  3 -4  9 -2 -5 -4 -3 -4 -3 -1    1   0   0   0   1   2   0   0   0   1  31   0  62   0   0   0   0   0   0   2  1.55 inf
   11 R   -2  2 -2 -2 -5  3  4 -3  0 -5 -4  5 -3 -5 -3 -1 -2 -5 -4 -4    2  11   0   0   0  15  25   1   2   0   1  42   0   0   0   1   0   0   0   0  0.84 inf
   12 N   -1 -1  1  2 -4  2  4 -1 -1 -3 -4  1 -3 -4 -3  2  2 -4 -3 -3    1   2   6   9   0   7  32   3   1   1   0   6   0   0   0  18  15   0   0   0  0.49 inf
   13 I   -2 -5 -5 -5  2 -4 -5 -5 -5  6  3 -4  0 -2 -5 -4 -2 -4 -3  2    2   0   0   0   4   0   0   0   0  52  33   0   0   0   0   0   2   0   0   7  0.92 inf
   14 F   -5 -6 -6 -6 -5 -6 -6 -6 -4 -1 -2 -6 -3  9 -7 -5 -5 -2  0 -3    0   0   0   0   0   0   0   0   0   3   0   0   0  96   0   0   0   0   0   1  2.45 inf
   15 D   -5 -4 -1  8 -6 -3 -1 -4 -1 -6 -7 -3 -6 -6 -4 -3 -4 -7 -6 -6    0   0   1  97   0   0   0   0   2   0   0   0   0   0   0   0   0   0   0   0  2.30 inf
   16 F   -5 -6 -6 -6 -5 -6 -6 -6 -4 -3 -1 -6  0  9 -7 -5 -5 -2  0 -4    0   0   0   0   0   0   0   0   0   0   2   0   2  96   0   0   0   0   0   0  2.46 inf
   17 N   -1 -3  1  5 -4  0  2  0 -1 -5 -5 -1 -4 -5  3  0 -2 -5 -4 -4    4   0   5  39   0   3  15   7   2   0   0   2   0   0  16   5   0   0   0   0  0.70 inf
   18 A    3  1 -3 -3 -1  0 -2 -2 -3 -1  2  2 -1 -3 -3  0 -1 -4 -3 -1   38   7   0   0   1   4   0   1   0   1  24  15   0   0   0   7   1   0   0   1  0.33 inf
   19 L   -4 -5 -6 -6 -3 -5 -5 -6 -5  7  2 -5  1 -2 -5 -5 -3 -5 -3  1    0   0   0   0   0   0   0   0   0  77  19   0   3   0   0   0   0   0   0   1  1.37 inf
   20 K   -1  5 -2 -3 -5  0 -2 -3  0 -5 -5  6 -3 -5 -3  0 -3 -5 -4 -4    4  31   0   0   0   3   0   1   2   0   0  54   0   0   0   5   0   0   0   0  1.11 inf
   21 E    1  0  1  2 -3  1  1  0 -1 -4 -4  2 -3 -4 -2  2  0 -4 -3 -3   17   3   6  11   0   6   9   4   1   0   0  18   0   0   0  20   6   0   0   0  0.32 inf
   22 L   -3 -4 -4 -6 -4 -4 -5 -5 -2 -1  4 -4  2  5 -5 -4 -3  1  1 -1    1   0   0   0   0   0   0   1   1   0  55   0   5  31   0   0   0   2   3   0  0.97 inf
   23 L   -3 -3 -5 -5 -1 -4 -4 -5 -4  3  4 -4  1  3 -5 -4 -3 -3 -1  2    0   1   0   0   1   0   0   0   0  15  51   0   1  17   0   0   0   0   0  13  0.74 inf
   24 S    2  0  0 -1 -3  1 -1 -1  0 -2 -3  2 -3 -4 -2  3  1 -4 -3 -2   24   5   3   3   0   6   1   2   2   2   0  15   0   0   0  29   9   0   0   0  0.38 inf
   25 G   -1  3  0 -1 -2 -1 -1  3  2 -2 -2  1 -1 -3 -2  1  1 -3 -2 -2    3  18   2   1   1   1   4  26   7   1   3   6   2   1   1  12  10   0   1   1  0.27 inf
   26 P   -1  0  0 -1 -2  1  0  1  2 -2 -2  2 -2 -3  3  1  0 -2 -2 -2    2   3   3   3   0   5   3  14   7   1   4  18   1   1  18  11   4   0   1   2  0.29 inf
   27 N   -1 -1  2  4 -3  0  0 -1 -1 -3 -3  1 -2 -2  1  1 -1 -3 -1 -3    2   2  10  30   0   3   5   4   1   1   2   9   0   2   6  14   2   0   3   1  0.34 inf
   28 R   -1  1  1  3 -3  0  0  3  1 -3 -2  1 -2 -2  0 -1 -2 -3 -2 -2    2   7   5  20   0   5   4  28   5   1   3   9   0   1   4   2   1   0   1   2  0.31 inf
   29 L   -4 -5 -5 -6 -4 -5 -5 -5 -4  0  2 -5 -1  8 -4 -5 -4  3  0 -2    0   0   0   0   0   0   0   0   0   5  15   0   1  72   1   0   0   3   1   1  1.64 inf
   30 K   -2  4  0 -3 -1  0 -1 -3 -1 -4 -4  5 -3 -5  0  1  2 -5 -4 -3    1  20   4   0   1   2   0   1   1   0   0  41   0   0   4  10  14   0   0   1  0.64 inf
   31 I   -2 -4 -3 -5 -3 -4 -4 -5 -4  3  2 -4  5  3 -4 -4 -2 -3 -2  4    1   0   1   0   0   0   0   0   0  13  19   0  22  14   0   0   0   0   0  30  0.73 inf
   32 R   -1  3 -2 -3  4 -1 -3 -4  0  0  3 -1  0 -2 -4 -2 -2 -4 -2  1    6  22   1   0  11   3   0   0   3   5  32   3   1   0   0   1   1   0   1  11  0.34 inf
   33 I   -3 -5 -5 -6 -4 -5 -5 -5 -3  2  0 -5  0  7 -5 -4 -4 -2  3  1    1   0   0   0   0   0   0   0   0  14   5   0   2  57   0   0   0   0  10   8  1.23 inf
   34 D   -5 -4  1  8 -6 -3 -1 -4 -4 -6 -7 -4 -6 -7 -4 -2 -4 -7 -6 -6    0   0   5  93   0   0   0   0   0   0   0   0   0   0   0   2   0   0   0   0  2.26 inf
   35 A    5 -3 -3 -3  1 -3 -2  3 -4 -4 -4 -3 -3 -5 -3  3 -1 -5 -4 -3   51   0   0   0   3   0   1  21   0   0   0   0   0   0   0  22   1   0   0   1  0.84 inf
   36 M   -4 -4 -5 -6 -4 -4 -5 -6 -5 -1  4 -4  9  0 -5 -4 -3 -4 -3 -2    0   0   0   0   0   0   0   0   0   0  38   0  60   2   0   0   0   0   0   0  1.68 inf
   37 H   -4 -3  4 -3  1 -2 -3 -4  9 -6 -5 -3 -4 -4 -5  1 -3  0  0 -5    0   0  24   0   4   0   0   0  59   0   0   0   0   0   0  11   0   1   2   0  1.70 inf
   38 G    4 -4 -3 -4 -4 -4 -4  6 -4 -5 -5 -3 -4 -5 -4 -2 -3 -5 -5 -4   40   0   0   0   0   0   0  60   0   0   0   0   0   0   0   0   0   0   0   0  1.33 inf
   39 V    1 -5 -5 -6 -3 -5 -5 -5 -6  2 -2 -5 -2 -3 -5 -4 -2 -5 -4  7    9   0   0   0   0   0   0   0   0   8   0   0   0   0   0   0   0   0   0  83  1.36 inf
   40 V    0 -4  0 -3  0 -3 -3 -1 -4 -3 -3 -3  2 -4 -4  0  6 -5 -4 -1    9   0   3   0   1   0   0   5   0   0   0   0   5   0   0   5  70   0   0   3  1.08 inf
   41 G   -1 -5 -3 -4 -5 -5 -5  7 -5 -7 -7 -4 -6 -6 -5 -3 -4 -5 -6 -6    3   0   0   0   0   0   0  97   0   0   0   0   0   0   0   0   0   0   0   0  2.20 inf
   42 P    0 -5 -5 -4 -5 -2 -4 -5 -5 -3 -5 -4 -5 -6  8 -2 -3 -6 -6 -2    8   0   0   0   0   1   0   0   0   2   0   0   0   0  83   3   1   0   0   3  2.28 inf
   43 Y   -4 -4 -4 -5 -4 -4 -4 -5  0 -4 -3 -4 -3  2 -5 -4 -4 -1  9 -4    1   0   0   0   0   0   1   1   1   0   1   1   0   4   0   1   1   0  87   1  2.35 inf
   44 V    4 -3 -2 -3 -1 -3 -3  2 -3 -1 -2 -2 -1 -3 -3 -1 -2 -4 -3  2   52   0   2   0   1   0   1  15   0   3   2   1   1   0   0   2   1   0   0  18  0.56 inf
   45 K   -1  2 -1 -1 -3  1  0 -2  3 -2 -3  4 -2 -3 -2  0  1 -3 -1 -1    4  10   2   3   0   6   3   1   7   2   1  41   0   0   0   4   8   0   1   5  0.41 inf
   46 K    2  3  0  0 -3  0  2 -2  0 -3 -3  2 -2 -3  0 -1  0 -3 -1 -1   21  22   3   4   0   2  15   1   1   0   1  13   0   0   5   1   5   0   2   3  0.30 inf
   47 I   -2 -4 -4 -4 -3 -4 -4 -5 -4  6  1 -4 -1  0 -4 -4 -2 -4 -3  2    1   0   0   0   0   0   1   1   0  67  12   1   0   4   0   1   2   0   0   9  1.00 inf
   48 L   -3 -4 -4 -5 -4 -4 -4 -4 -3 -1  3 -4  0  7 -4 -4 -3 -2  1 -1    1   0   0   0   0   0   1   1   0   2  26   1   2  60   0   1   1   0   1   3  1.24 inf
   49 C   -1 -3 -3 -2  4  0  4 -3  1  0 -1 -2 -2 -3 -3 -2 -2 -4 -3  4    3   0   0   0  10   2  30   2   4   3   4   1   0   0   0   1   1   0   0  36  0.47 inf
   50 E   -2  0  2  3 -4  1  4  0  0 -3 -4  1 -3 -4  0 -1 -1 -4 -3 -3    1   4   8  22   0   7  28   7   1   1   1  10   0   0   4   3   3   0   0   1  0.46 inf
   51 E   -1  2 -2 -1  1  1  4 -3  2 -2 -1  1  0 -2 -3 -1 -1 -3 -2 -2    4  14   1   0   4   3  41   1   6   3   8   7   3   1   0   1   2   0   1   1  0.43 inf
   52 L   -3 -4 -4 -5 -2 -1 -4 -5 -4  0  6 -4  1  1 -4 -4 -3 -3 -2 -1    1   0   0   0   1   4   1   1   0   1  81   1   2   5   0   1   1   0   0   1  1.04 inf
   53 G   -2 -1 -1 -1 -2 -2 -3  7 -3 -5 -5 -2 -4 -4 -4 -2 -3 -4 -4 -4    1   4   1   3   1   2   1  80   0   0   1   1   0   0   0   2   1   0   0   1  1.43 inf
   54 A    4 -3 -3 -4  0 -1 -3 -2 -3 -1  2 -3  0 -1 -3 -1 -2 -3 -3  1   50   0   0   0   2   2   1   1   0   2  25   1   2   2   0   2   1   0   0   9  0.55 inf
   55 P    0 -3 -1  1  1 -1 -2 -2 -1 -4 -3 -1 -4 -4  7  1 -2 -4 -4 -3    7   0   3  10   4   2   2   3   1   0   2   4   0   0  50   9   1   0   0   2  1.03 inf
   56 A    2 -1 -1  1 -3  0  2 -2 -1 -3 -1  1 -2 -3  2  1 -1 -3 -3 -2   21   2   1   6   0   3  19   1   1   1   6   9   0   0  12  12   3   0   0   2  0.29 inf
   57 N    0 -2  1  2 -3 -1  1  3 -2 -1 -3  0 -3 -4 -2  2 -1 -4 -3 -2    6   0   8  13   0   2   9  25   0   4   1   5   0   0   0  21   2   0   0   3  0.35 inf
   58 S    0 -3  0 -1  3 -2 -1 -1 -3 -1 -2 -2 -2 -1 -3  4  3 -4 -1 -1    5   0   4   2   6   0   3   2   0   4   3   1   0   3   0  36  24   0   1   4  0.42 inf
   59 A    0 -3 -3 -4  2 -3 -3 -3 -3  2  2 -3  1 -2 -3 -2  0 -3 -2  4    8   1   0   1   4   0   1   1   0  12  22   1   2   0   1   1   5   0   0  40  0.43 inf
   60 V   -1  1 -2 -2  0  2 -1 -3  1  2  1  1  2  0 -2 -1 -1 -3 -2  2    2  10   0   1   2  13   1   1   3  12  10   8   7   3   1   4   2   0   0  19  0.14 inf
   61 N   -3  1  7  1 -4 -2 -1 -1  4 -4 -4 -1 -3 -4 -3 -1 -2 -4 -3 -4    1   7  61   4   0   0   3   4  11   1   1   3   0   0   1   1   1   0   0   1  1.10 inf
   62 C    1 -2 -1 -2  5 -1 -2  3 -1 -2 -2 -1 -2  0 -1  0  1  2 -1 -2   12   2   1   2  18   2   2  26   1   2   2   3   0   5   2   4   9   3   2   2  0.33 inf
   63 V   -1  1  1  0 -2  0  1 -2  1  1 -1  0  0 -2 -2  0  1 -3 -1  1    1  10   8   4   0   3  10   1   5  10   4   7   3   1   1   3  11   0   0  18  0.08 inf
   64 P   -2 -3 -3 -2  3 -2 -2 -3 -3 -2 -3 -2 -3 -4  7  0 -2 -4 -3  0    1   1   1   1   8   1   1   1   0   1   1   1   0   1  65   8   1   0   0   8  1.40 inf
   65 L   -1  0 -2  0 -2  0 -1 -2 -2  0  3  1  2 -1 -2  1 -1 -2 -2 -1    1   5   1   5   0   5   1   1   0   1  45  14   5   1   1  13   1   0   0   1  0.20 inf
   66 E   -1 -1 -1  1 -3  0  3  0 -1 -3 -3  0 -2 -3  5 -1 -1 -3 -2 -2    3   1   1   7   0   2  30   7   1   1   2   2   0   1  33   2   2   0   1   3  0.61 inf
   67 D   -2 -2  1  7 -3 -1  0 -2 -2 -3 -3 -1 -3 -3 -2 -1 -1 -3 -3 -3    2   1   5  75   0   1   1   1   0   1   2   1   0   1   1   1   4   0   1   1  1.00 inf
   68 F   -3 -3 -3 -3 -3 -3 -3 -3 -2 -1 -1 -3 -1  8 -3 -3 -2  0  2 -2    2   1   1   1   0   1   1   1   0   1   2   1   0  81   1   1   1   0   1   1  1.17 inf
   69 G    0 -2  2 -1 -3 -2 -2  5 -2 -3 -3 -2 -3 -3  1 -1 -2 -3 -3 -3    4   1  11   1   0   1   1  64   0   1   2   1   0   1   7   1   1   0   1   1  0.76 inf
   70 G   -1 -1  0  0 -3 -1 -1  5  0 -3 -3  1 -2 -3 -2 -1 -2 -2 -1 -3    2   1   5   3   0   2   4  59   3   1   2  11   0   1   1   1   1   0   2   1  0.60 inf
   71 H   -1 -1 -1 -2  1  0 -1  4  2 -1  0  0  0 -1 -2 -1 -1 -2 -2 -2    2   3   1   1   4   6   1  43   7   3  14   5   2   2   1   2   1   0   1   1  0.29 inf
   72 H   -2  0  1 -2 -3 -1 -1 -2  9 -3 -3 -1 -2 -2 -1 -2 -2 -3  0 -3    2   3   7   1   0   1   1   1  71   1   2   1   0   1   3   1   1   0   1   1  1.25 inf
   73 P   -1 -2 -2 -2 -3 -2 -2 -2 -3 -3 -3 -2 -3 -3  8 -1 -2 -3 -3 -3    5   1   1   1   0   1   1   1   0   1   2   1   0   1  78   1   1   0   1   1  1.73 inf
   74 D   -2 -2  1  6 -3 -1  1 -2 -1 -3 -3 -1 -3 -3 -2 -1 -1 -3 -3 -3    2   1   3  76   0   1   3   2   0   1   2   1   0   1   1   1   1   0   1   1  0.94 inf
   75 P   -1 -2 -2 -2 -3 -2 -2 -2 -2 -3 -3 -2 -3 -3  8 -1 -2 -3 -3 -3    2   1   1   1   0   1   1   2   0   1   2   1   0   1  81   1   1   0   1   1  1.75 inf
   76 N   -2  1  6  0 -3 -1 -1 -1  0 -3 -3 -1 -2 -3 -2  0 -1 -3 -2 -3    2   7  72   1   0   1   1   2   0   1   2   1   0   1   1   4   1   0   1   1  0.79 inf
   77 L   -1 -2 -2 -2 -2 -1 -2 -3 -2  0  4 -2  1 -1  3 -2 -1 -2 -2  0    3   1   1   1   0   2   1   2   0   1  61   1   2   1  18   1   1   0   1   1  0.41 inf
   78 T    1 -2 -1 -2 -1 -1 -1 -2 -2  1 -1 -1 -1 -2 -1  0  4 -2 -2  2   10   1   1   1   0   1   1   2   0   6   2   1   0   1   1   1  50   0   1  19  0.31 inf
   79 Y   -2 -1  0 -2 -2 -1 -1 -2  4 -2 -1 -2 -1  2 -2 -1 -2  4  6 -2    2   1   5   1   1   1   2   2  14   1   3   2   1   3   1   2   2   7  47   2  0.60 inf
   80 A    4 -1 -1 -2  1 -1 -1  0 -2 -1 -1 -1 -1 -2 -1  1  0 -2 -2 -1   69   1   1   1   2   1   2   2   1   4   2   2   1   1   1   3   3   0   1   2  0.39 inf
   81 A    1  1 -1  0 -2  0  0 -1  4 -2 -2  3 -1 -2 -1  0  0 -2 -1 -2   13   6   1   4   0   2   6   4  15   1   2  28   1   1   2   7   5   0   1   1  0.25 inf
   82 D   -1 -1  0  3 -3  0  4 -1  0 -3 -2 -1 -2 -3  0  0  1 -3 -2 -2    5   1   2  23   0   2  33   4   2   1   2   1   1   1   4   6   9   0   1   2  0.40 inf
   83 L   -2 -3 -3 -4 -2 -3 -3 -4 -3  0  5 -3  0  0 -3 -3 -2 -2 -2 -1    1   1   1   1   0   1   1   1   0   2  82   1   0   2   1   1   1   0   1   1  0.84 inf
   84 V    0 -2 -3 -3  0 -2 -2 -3 -2  1  0 -1  2  0 -1 -1 -1  0  1  4    6   1   1   1   2   1   1   1   0   5   4   3   7   2   2   6   1   1   5  49  0.31 inf
   85 E    0 -1  1  4 -3  2  2 -2  0 -3 -3  1 -2 -2 -2  0 -1 -3 -2 -2   11   1   5  30   0   9  18   2   2   1   2  10   0   1   1   3   3   0   1   2  0.38 inf
   86 T    1  1 -1 -1 -2  0  0 -2  0  1  1  0  1 -1 -2  0  0 -2 -1  0   20   8   1   2   0   2   6   1   3   9  18   6   3   1   1   5   7   0   1   6  0.06 inf
   87 M   -3  3 -4 -5 -1 -2 -4 -5 -2  0  2 -2  8 -2 -4 -3 -2 -4 -3  2    0  17   0   0   1   0   0   0   1   1  13   0  49   1   0   0   2   0   0  15  0.91 inf
   88 K   -1  3  0  1 -3  0 -1  0  0 -1 -1  2  1  1 -3  0 -1  1  1 -2    5  19   3   9   0   1   1   7   2   6   3  14   6   7   0   6   1   2   6   1  0.12 inf
   89 S    1 -1  0  0 -3  0  3  3 -2 -4 -3  1 -2 -4 -1  1 -1 -4 -3 -2   10   2   2   3   0   1  27  24   0   0   3   9   0   0   2  13   2   0   0   1  0.36 inf
   90 G   -1 -2  2  5 -4 -1  1  3  2 -4 -4 -1 -4 -4  1 -1 -1 -5 -3 -4    5   1   8  34   0   1   9  22   6   0   1   3   0   0   7   0   3   0   0   0  0.58 inf
   91 E    0 -1  4  3 -3  1  2  1 -1 -3 -4  0 -3 -4 -1  0 -1 -4 -3 -2    9   1  25  18   0   5  15  10   1   1   1   5   0   0   2   3   2   0   0   2  0.40 inf
   92 H    0 -3 -3 -4 -4 -3 -3 -4  0  3 -2 -3 -2  1  6 -2 -3 -3  4 -1   10   1   0   0   0   0   1   0   2  25   1   0   0   5  37   2   0   0  16   1  0.88 inf
   93 D    2 -1  0  6 -4  0  0  0  0 -4 -4 -2 -1 -4 -1  0 -2 -5 -4 -2   18   3   1  49   0   3   3   7   2   0   0   0   1   0   2   5   1   0   0   3  0.68 inf
   94 F   -5 -5 -6 -6 -2 -6 -6 -6 -4 -1  1 -6  3  8 -6 -5 -5 -2  0 -3    0   0   0   0   1   0   0   0   0   3  10   0   7  79   0   0   0   0   0   0  1.88 inf
   95 G   -1 -5 -3 -4 -2 -4 -4  7 -4 -6 -6 -4 -5 -5 -4 -2 -4 -5 -5 -5    4   0   0   0   1   0   0  95   0   0   0   0   0   0   0   0   0   0   0   0  1.93 inf
   96 A    6 -4 -4 -4  0 -3 -3 -1 -4 -3 -2 -3 -3 -3 -3 -1 -2 -5 -4 -1   89   0   0   0   2   0   0   2   0   0   4   0   0   1   0   0   0   0   0   3  1.20 inf
   97 A    7 -4 -4 -4 -3 -3 -3 -2 -4 -4 -4 -3 -3 -5 -3 -1 -2 -5 -4 -1   98   0   0   0   0   0   0   0   0   0   0   0   0   0   0   0   0   0   0   2  1.52 inf
   98 F    0 -3 -1 -3  3 -3 -3 -2 -3 -3 -3 -3 -3  4 -3  5  0 -1 -1 -3    4   0   1   0   6   0   0   2   0   0   1   0   0  23   0  59   2   1   0   0  0.80 inf
   99 D   -4 -4 -1  8 -6 -3 -1 -4 -4 -6 -6 -3 -6 -6 -4 -3 -4 -7 -6 -6    0   0   0 100   0   0   0   0   0   0   0   0   0   0   0   0   0   0   0   0  2.29 inf
  100 G    0 -5 -3 -4 -5 -4 -4  7 -4 -6 -6 -4 -5 -5 -4 -2 -4 -5 -5 -5    6   0   0   0   0   0   0  94   0   0   0   0   0   0   0   0   0   0   0   0  1.90 inf
  101 D   -4 -4 -1  8 -6 -3 -1 -4 -4 -6 -6 -3 -6 -6 -4 -3 -4 -7 -6 -6    0   0   0 100   0   0   0   0   0   0   0   0   0   0   0   0   0   0   0   0  2.29 inf
  102 G    1 -4 -3 -4  0 -4 -4  7 -4 -6 -6 -4 -5 -5 -4 -2 -4 -5 -5 -5    9   0   0   0   2   0   0  89   0   0   0   0   0   0   0   0   0   0   0   0  1.73 inf
  103 D   -4 -4 -1  8 -6 -3 -1 -2 -4 -5 -6 -3 -5 -6 -4 -3 -3 -7 -6 -4    0   0   0  97   0   0   0   3   0   0   0   0   0   0   0   0   0   0   0   1  2.07 inf
  104 R   -4  8 -3 -4 -6 -1 -2 -5 -3 -6 -5  0 -4 -5 -5 -2 -3 -5 -4 -5    0  98   0   0   0   0   0   0   0   0   0   0   0   0   0   2   0   0   0   0  2.06 inf
  105 N   -4 -3  8  1 -2 -2 -2 -3 -1 -4 -2 -2 -4 -4 -4 -1 -2 -5  0 -5    0   0  85   4   1   0   0   0   0   1   4   0   0   0   0   1   0   0   4   0  1.54 inf
  106 M   -3 -4 -4 -5 -4 -3 -4 -5  1 -1  2 -4 10 -2 -5 -4 -3 -4 -3 -2    0   0   0   0   0   0   0   0   4   0  12   0  84   0   0   0   0   0   0   0  1.88 inf
  107 I   -3 -5 -5 -5 -3 -5 -5 -6 -5  7  1 -5  0 -2 -5 -4 -2 -4 -3  2    0   0   0   0   0   0   0   0   0  82   7   0   0   0   0   0   0   0   0  11  1.25 inf
  108 L   -2 -1 -4 -4 -3 -3 -4 -5 -2  2  4 -3  1  0 -4 -3 -1 -2  4  2    1   4   0   0   0   0   0   0   0   9  45   0   2   0   0   0   2   0  19  17  0.51 inf
  109 G   -1 -4 -2 -1 -5 -3 -1  7 -4 -6 -6 -3 -5 -5 -4 -2 -3 -5 -5 -5    2   0   0   4   0   0   4  90   0   0   0   0   0   0   0   0   0   0   0   0  1.64 inf
  110 K    0  4  1 -1 -1  2  1 -3  0 -4 -4  4 -2 -4  0 -1 -1 -4 -1 -3   10  26   6   1   1   8   5   0   2   0   0  33   0   0   3   2   1   0   2   0  0.50 inf
  111 H    0  2  3  0 -4  1 -1  3  3 -4 -4  0 -3 -4 -3 -1 -2 -4 -1 -4    9  12  22   5   0   9   0  25   9   0   0   6   0   0   0   1   0   0   2   0  0.43 inf
  112 G    2 -2 -3 -3  3 -2 -3  2 -1  0 -1 -3 -1  4 -1 -1 -1 -1 -1 -1   20   2   0   0   9   2   0  20   2   6   2   0   0  28   3   1   4   0   0   1  0.34 inf
  113 F   -3 -5 -5 -5 -4 -5 -5 -5 -3 -2  0 -5 -2  8 -5 -3 -4 -1  4 -3    2   0   0   0   0   0   0   0   0   0   4   0   0  81   0   1   0   0  11   0  1.68 inf
  114 F   -3 -4 -4 -5 -3 -4 -4 -4 -2 -1  1 -4 -1  7 -5 -3 -3  4  2 -2    0   0   0   0   0   0   0   0   0   0   9   0   0  85   0   0   0   6   0   0  1.16 inf

                      K         Lambda
Standard Ungapped    0.1408     0.3204
Standard Gapped      0.0572     0.2670
PSI Ungapped         0.1863     0.3157
PSI Gapped           0.0572     0.2670
