
Last position-specific scoring matrix computed, weighted observed percentages rounded down, information per position, and relative weight of gapless real matches to pseudocounts
           A  R  N  D  C  Q  E  G  H  I  L  K  M  F  P  S  T  W  Y  V   A   R   N   D   C   Q   E   G   H   I   L   K   M   F   P   S   T   W   Y   V
    1 K   -3  4  1 -2 -5  2  3 -4 -2 -5 -5  5 -3 -5 -3 -2 -3 -5 -4 -4    0  21   7   0   0   6  21   0   0   0   0  44   0   0   0   0   0   0   0   0  0.97 inf
    2 L   -1  0 -1 -3 -3 -1 -3 -3  1  2  2 -1  3 -2 -3  1  2 -4 -2  1    4   7   2   0   0   1   0   1   4  12  21   2  10   0   0   9  19   0   0   7  0.24 inf
    3 R   -2  1  3  3 -4 -2 -2 -2 -3 -5 -4 -2 -4 -5 -4  4  4 -6 -5 -4    1   8  15  16   0   1   1   2   0   0   0   1   0   0   0  28  28   0   0   0  0.78 inf
    4 I   -2 -5 -5 -4 -4 -5 -5 -6 -6  5  0 -4  2 -2 -5 -3  1 -5 -4  5    2   0   0   1   0   0   0   0   0  38   4   1   5   1   0   1   8   0   0  40  1.07 inf
    5 T    2 -3 -2 -3 -4  0 -3 -2 -4 -4 -5 -3 -3 -5  2  2  6 -6 -4 -2   15   1   1   0   0   4   1   2   0   0   0   1   0   0  11  15  47   0   0   2  0.93 inf
    6 E   -3 -3  3  5 -3 -2  5 -2  0 -6 -5 -3 -5 -6 -5  0 -2 -2 -5 -6    1   1  14  32   1   1  36   3   2   0   1   0   0   0   0   8   2   1   0   0  1.06 inf
    7 A    6 -5 -5 -6 -3 -5 -5 -3 -6 -4 -5 -5 -5 -6 -5  1 -1 -7 -6  1   76   0   0   0   0   0   0   1   0   0   0   0   0   0   0  10   4   0   0   8  1.55 inf
    8 V   -5 -7 -7 -7 -5 -6 -7 -8 -7  7  0 -6  0 -4 -7 -6 -3 -7 -5  4    0   0   0   0   0   0   0   0   0  61   5   0   2   0   0   0   1   0   0  31  1.78 inf
    9 C    4 -5 -4 -5  6 -4 -4  1 -5 -5 -5 -4 -5 -6 -5  4  1 -6 -5 -3   35   0   0   0  14   0   0  12   0   0   0   0   0   0   0  31   7   0   0   2  1.07 inf
   10 R   -1  3 -2 -2 -1  2  0 -3  5 -1  0  0  1 -1 -4  1 -2 -4  2 -2    6  19   1   1   1  10   4   2  15   4   8   5   3   2   0  10   0   0   8   2  0.34 inf
   11 G    6 -4 -3 -5 -5 -5 -5  1 -5 -6 -6 -4 -5 -6 -5  3 -2 -6 -3 -4   62   0   1   0   0   0   0  10   0   0   0   0   0   0   0  23   2   0   1   1  1.36 inf
   12 A    5 -5 -5 -5  0 -5 -5 -4 -5 -2 -3 -5 -3 -5 -5  0  3 -6 -5  3   50   0   0   0   2   0   0   0   0   1   1   0   0   0   0   6  16   0   0  23  1.05 inf
   13 V    2  2 -3 -4  6 -3 -4 -2 -1 -2 -3 -1 -2 -4 -5  0 -2  1 -1  4   16  11   1   1  19   0   0   3   2   1   0   4   1   0   0   6   1   2   2  31  0.70 inf
   14 E   -1  1  1  2 -5  3  3 -3  3 -4 -3  0 -2 -3 -4  0  1 -3  0 -3    5   7   6  11   0  13  23   1   6   0   2   4   1   1   0   6  10   0   4   1  0.42 inf
   15 T    1 -5 -4 -5 -4 -4 -5 -5 -5  4  1 -5  2 -4 -5 -2  4 -5 -4  2   14   0   0   0   0   0   0   0   0  28  11   0   5   0   0   2  28   0   0  11  0.78 inf
   16 A    6 -5 -5 -5 -1 -5 -5  0 -6 -5 -4 -5 -5 -5 -5  2 -1 -7 -6 -2   73   0   0   0   1   0   0   7   0   0   1   0   0   0   0  12   3   0   0   2  1.46 inf
   17 E   -1  2  0  1 -5  1  4 -2  3 -1 -1  0  0  0 -4  0 -2 -4  0 -3    5  10   5   6   0   5  27   2   7   5   6   5   2   4   0   5   2   0   4   1  0.30 inf
   18 K    0  0  2  3 -3  2  2 -3 -2 -3 -3  1 -3 -1 -4  1  1 -5 -3 -3    6   4  11  19   0   9  13   0   1   1   1  10   0   4   0   8  11   0   0   1  0.38 inf
   19 L   -4 -6 -6 -7  1 -4 -6 -7 -6  3  5 -6  2 -2 -6 -4 -1 -5 -4  2    1   0   0   0   3   1   0   0   0  12  62   0   4   1   0   1   3   0   0  12  1.17 inf
   20 D   -3 -1  4  4 -1  0  1  3  1 -6 -4  1 -5 -6 -2 -1 -3 -6 -4 -5    1   2  22  20   1   3   7  24   4   0   2   9   0   0   1   3   0   0   0   0  0.70 inf
   21 A    6 -6 -6 -6 -2 -5 -5 -3 -6  0 -2 -5 -2 -6 -2 -2 -3 -7 -6  2   72   0   0   0   1   0   0   2   0   6   4   0   1   0   2   2   0   0   0  12  1.37 inf
   22 P    2  1 -1 -1 -4  0 -2 -1 -2 -5 -5  5 -4 -6  1  2 -1 -6 -5 -2   17   5   2   3   0   4   1   3   1   0   0  37   0   0   6  14   3   0   0   3  0.62 inf
   23 L    6 -5 -3 -5  2 -5 -5 -3 -5 -2  1 -5 -2 -2 -5 -3 -1 -6  0 -1   62   0   1   0   5   0   0   2   0   2  14   0   1   2   0   1   4   0   4   4  1.04 inf
   24 I   -6 -7 -8 -8 -6 -7 -8 -8 -8  8  1 -7 -3 -4 -7 -7 -3 -7 -4  1    0   0   0   0   0   0   0   0   0  81  10   0   0   0   0   0   1   0   0   7  2.20 inf
   25 V   -2 -6 -7 -7  1 -6 -6 -7 -7  5  1 -6  1 -2 -6 -5 -4 -6 -5  5    3   0   0   0   3   0   0   0   0  31  11   0   3   1   0   0   0   0   0  47  1.32 inf
   26 V    4 -5 -3 -5  4 -5 -5 -4 -5 -2 -4 -5 -4 -5 -2  0  5 -6 -5  3   30   0   1   0   8   0   0   0   0   1   0   0   0   0   2   6  31   0   0  21  0.97 inf
   27 A    2 -3 -2 -5  0 -4 -3 -3 -2 -1  1 -4 -1  5  2 -1 -3  2  2  0   17   1   2   0   2   0   1   1   1   3  15   0   1  23  10   4   0   3   8   6  0.46 inf
   28 T   -5 -6 -5 -6 -6 -6 -6 -6 -7 -6 -6 -6 -6 -7 -6  1  8 -8 -7 -5    0   0   0   0   0   0   0   0   0   0   0   0   0   0   0  11  89   0   0   0  2.53 inf
   29 Q    0  0  0 -2 -5  4  3 -3 -1 -2 -2  2  0 -4 -4  1  0 -2 -2 -2    6   4   3   0   0  18  24   1   1   3   3  14   3   1   0   9   6   0   2   3  0.44 inf
   30 G   -2 -3 -4 -5 -5 -4 -5 -1 -3 -6 -6 -5 -6 -7 -5  7  3 -7 -6 -6    2   1   0   0   0   0   0   4   0   0   0   0   0   0   0  72  20   0   0   0  1.74 inf
   31 G   -5 -5 -5 -6 -7 -7 -7  8 -7 -9 -9 -6 -8 -8 -7 -4 -6 -7 -8 -8    0   1   0   0   0   0   0  99   0   0   0   0   0   0   0   1   0   0   0   0  2.82 inf
   32 K    1  1  2  1 -4 -1 -1 -1  2 -3 -3  1 -3  1 -3  2  0 -3  3 -3   10   8   9   9   0   1   2   3   6   1   2   9   0   6   0  15   7   0  12   0  0.26 inf
   33 S   -2 -6 -4 -6 -5 -5 -5 -4 -6 -6 -6 -5 -5 -7 -6  3  7 -7 -6 -4    3   0   0   0   0   0   0   1   0   0   0   0   0   0   0  18  77   0   0   1  2.07 inf
   34 A    7 -6 -6 -6 -2 -5 -5 -2 -6 -5 -6 -5 -5 -7 -2 -2 -1 -7 -6  0   84   0   0   0   1   0   0   3   0   0   0   0   0   0   2   2   4   0   0   5  1.82 inf
   35 R   -2  7 -4 -5 -5 -1 -4 -4  1 -3  0  3 -2 -4 -6 -3 -4 -6 -3 -3    3  59   0   0   0   2   0   1   4   2   8  14   1   1   0   2   1   0   1   2  1.34 inf
   36 A   -2  5  0 -3 -3 -1 -4 -5 -3 -1  2  0  6 -2 -5 -1 -2 -5 -4 -1    3  30   5   1   1   2   0   0   0   2  21   4  20   1   0   5   1   0   0   3  0.74 inf
   37 V   -1 -6 -6 -7 -5 -6 -5 -7 -6  5  2 -6  2 -3 -6 -5 -2 -6 -5  5    4   0   0   0   0   0   0   0   0  32  18   0   5   1   0   0   2   0   0  37  1.18 inf
   38 R    4  1 -4 -4 -3 -5 -5 -4 -5 -5 -6 -4 -6 -7 -5  6 -3 -7 -6 -5   28   7   0   1   0   0   0   0   0   0   0   0   0   0   0  62   1   0   0   0  1.55 inf
   39 K   -5  6 -2 -5 -8 -2 -3 -5  0 -7 -7  6 -4 -7 -6 -3 -4 -7 -5 -7    0  37   2   0   0   1   1   0   2   0   0  54   0   0   0   1   1   0   0   0  1.84 inf
   40 Y   -4 -5 -5 -5  0 -2  0 -7  1 -4  0 -4 -4  5 -7 -5 -4  0  8 -5    1   0   0   0   2   1   7   0   3   0  10   1   0  18   0   0   1   1  53   0  1.70 inf
   41 F   -6  8 -3 -6 -8 -4 -5 -5  1 -8 -7  1 -6  1 -7 -6 -6 -7 -6 -7    0  82   1   0   0   0   0   1   3   0   0   7   0   6   0   0   0   0   0   0  2.42 inf
   42 P   -3 -6 -5 -7 -2 -6 -6 -6 -7 -8 -8 -6 -7 -9  9 -1 -3 -9 -8 -4    2   0   0   0   1   0   0   0   0   0   0   0   0   0  88   5   2   0   0   2  2.89 inf
   43 D    0  2  1  1 -1  1  1 -1  0 -4 -3  2 -2 -4  2  1  0 -5 -3 -3    7  12   7   8   1   7   8   5   2   0   2  13   1   1  11   9   5   0   0   2  0.26 inf
   44 A    3 -3 -4 -5  6  1 -4 -4 -3  1 -1 -3  1 -4 -1  0  1 -4 -4  2   27   1   0   0  15   8   0   0   0   7   5   1   3   0   3   6   7   0   0  16  0.54 inf
   45 T   -3 -2 -1  0 -7  0 -3 -5 -1 -7 -4 -3 -1 -8  8 -3 -1 -5 -7 -6    2   2   3   6   0   4   1   1   2   0   2   2   2   0  68   1   5   0   0   0  1.90 inf
   46 I   -5 -7 -8 -8 -2 -7 -8 -8 -3  8  0 -7 -3 -5 -7 -7 -5 -7 -6  3    1   0   0   0   1   0   0   0   1  78   6   0   0   0   0   0   0   0   0  14  2.17 inf
   47 L   -4 -6 -7 -7 -5 -6 -7 -6 -6  5  4 -6  0 -1 -6 -6 -4 -2  0  3    0   0   0   0   0   0   0   1   0  37  39   0   1   2   0   0   0   1   3  17  1.25 inf
   48 A    7 -6 -6 -6  0 -5 -5  1 -6 -6 -5 -5 -3 -7 -5 -2 -3 -7 -6 -2   80   0   0   0   2   0   0  11   0   0   1   0   0   0   0   2   1   0   0   2  1.77 inf
   49 L   -1 -5 -6 -6  2 -5 -5 -5 -5  2  2 -5  1  4 -4 -3 -2 -4 -1  4    6   0   0   0   5   0   0   1   0  12  23   0   3  15   0   1   2   0   2  31  0.74 inf
   50 T   -2 -6 -5 -6 -1 -6 -6 -6 -7 -6 -5 -6 -3 -7 -6  1  8 -7 -7 -3    3   0   0   0   1   0   0   0   0   0   0   0   1   0   0   9  85   0   0   1  2.28 inf
   51 T   -1  0 -1 -2 -6 -2 -4 -5  1 -4 -5 -4 -2  1  7  0  2 -6 -2 -4    4   5   3   3   0   1   1   1   3   1   1   0   1   6  49   6  12   0   2   1  1.17 inf
   52 N   -3 -1  5  4 -1 -2  0 -4  2 -2 -3 -1 -3 -1 -4  2 -1 -2 -1 -2    1   2  25  20   1   1   6   0   4   2   3   3   0   3   0  19   3   1   2   3  0.57 inf
   53 E   -1 -1 -3  1 -6  0  5 -3 -1 -1 -2  1 -2 -5  3 -2 -2 -6 -4  0    5   4   0   6   0   3  40   2   1   4   4   7   1   0  14   2   2   0   0   6  0.64 inf
   54 K    0  3  0  1 -4  2  1 -2  1 -3 -3  3 -1 -4 -3  1  0 -2 -2 -1    7  15   4   7   0  11  10   2   3   1   2  17   1   0   0  10   5   1   1   4  0.30 inf
   55 T   -1 -5 -4 -6 -3 -4 -6 -5 -6  1 -4 -5 -2 -6 -6 -3  6 -7 -6  5    4   0   0   0   0   1   0   1   0   6   0   0   1   0   0   1  45   0   0  40  1.41 inf
   56 A    4  3 -4 -5  2  2 -3 -3 -3 -2 -1 -3  1 -2 -4 -1 -2  2  2  0   35  18   0   0   4   8   1   1   0   2   5   0   4   1   0   4   2   2   6   6  0.51 inf
   57 H   -3  8  2 -4 -3 -2 -4 -5  2 -7 -7  0 -6 -7 -4 -1 -5 -7 -2 -7    2  69  10   1   1   1   0   1   5   0   0   4   0   0   1   5   0   0   2   0  1.79 inf
   58 Q   -4  4 -4 -5 -3  6 -1 -2  1 -5 -6  2 -4 -3 -5  0 -4 -3 -5 -4    1  25   0   0   1  42   3   3   3   0   0  12   0   1   0   6   1   0   0   2  1.24 inf
   59 L   -3 -6 -7 -8 -1 -5 -7 -8 -7 -2  6 -6  5 -4 -7 -4 -3 -6 -5 -2    3   0   0   0   1   0   0   0   0   1  80   0  11   0   0   2   1   0   0   1  1.76 inf
   60 V    4 -3  2 -4  2  2 -3 -1  2 -2 -2 -2  1 -5 -4  2  0 -5 -4 -2   34   0  10   0   4   9   0   3   5   2   3   1   4   0   0  17   4   0   0   3  0.53 inf
   61 L   -3 -6 -7 -8 -5 -6 -7 -8 -7  2  6 -6  2 -2 -4 -6 -5 -2 -5  1    2   0   0   0   0   0   0   0   0  11  73   0   4   1   1   0   0   0   0   8  1.53 inf
   62 S   -1 -2  2 -4  0 -3 -3 -4 -2 -1 -1 -4 -1 -1 -4  3  2 -1  3  3    3   2   9   0   2   1   1   0   1   2   6   0   1   2   0  22  11   1  11  26  0.47 inf
   63 K   -6  3 -4 -9 -5 -6 -7 -8 -7 -8 -7  0 -7 -1 -9 -4 -7 12 -1 -8    0  14   1   0   0   0   0   0   0   0   0   5   0   2   0   2   0  74   2   0  3.67 inf
   64 G   -3 -7 -3 -4 -7 -7 -7  8 -7 -9 -9 -4 -8 -8 -7 -5 -6 -8 -8 -8    1   0   1   1   0   0   0  96   0   0   0   1   0   0   0   0   0   0   0   0  2.69 inf
   65 V   -2 -7 -7 -7 -1 -6 -7 -7 -7  3 -2 -7 -3 -5 -7 -4 -1 -7 -6  7    4   0   0   0   1   0   0   0   0  12   3   0   0   0   0   1   3   0   0  75  1.80 inf
   66 V   -3  0 -1 -3 -3  1  1 -5  4  1 -1  0 -1  2 -4 -2  2 -3  3  0    0   5   2   0   0   7  11   0  10   9   4   6   1   7   0   1  16   0  12   7  0.35 inf
   67 P    0 -6 -4 -6  3 -6 -6 -4 -6 -7 -7 -5 -6 -8  8  1  2 -8 -7 -6    9   0   0   0   5   0   0   1   0   0   0   0   0   0  63  11  11   0   0   0  1.94 inf
   68 Q   -3 -1 -4 -6 -2 -2 -4 -5  0  2  2 -2  2  3 -5 -3 -2 -4  2  4    0   3   0   0   1   2   1   0   2  12  18   2   4  11   0   1   2   0   6  32  0.59 inf
   69 L   -3 -1 -4 -5 -1  0 -3 -5  0  1  3  0  2 -2 -2 -3 -2 -1 -1  3    1   3   1   0   1   5   1   0   2   7  34   7   5   1   2   2   2   1   2  25  0.49 inf
   70 V    1 -3 -3 -2  2 -3 -3  0 -4  2 -1 -2  0 -2 -4  1  2 -4  0  3   12   0   0   2   5   0   1   8   0  11   3   1   2   1   0  10  12   0   4  26  0.33 inf
   71 K   -1 -1  0  3 -4  1  3  0 -1 -4 -3  2 -3 -6  4 -2 -1 -6 -3 -4    4   3   4  14   0   5  24   7   2   1   2  11   1   0  18   2   3   0   1   1  0.53 inf
   72 E   -1  1  0  2 -4  1  2 -2  0 -2 -3  2 -1  0  1  1  0 -2 -1 -3    4   6   5  11   0   6  15   2   3   2   1  14   2   4   7  10   6   1   2   1  0.23 inf
   73 I    1 -2 -4 -3  0  0  0 -3 -2  1  0 -1  2  1  2 -2 -1 -1 -1  2   15   1   0   1   2   4   5   1   1  10   7   3   5   6  12   1   4   1   1  20  0.21 inf
   74 T    0  0  2  2 -4  1  2 -1  2 -2 -3  1 -2 -4 -1  1  1 -2 -2 -2    8   4   8  13   0   6  12   4   5   2   2  11   1   0   3  11   8   1   1   1  0.23 inf
   75 S   -3 -2  3  3 -5 -1 -2  0  2 -6 -5 -3 -3 -6 -4  4  3 -6 -4 -5    0   2  12  17   0   2   1   8   5   0   1   1   1   0   0  34  16   0   0   0  0.77 inf
   76 T    0 -3 -3 -4 -5 -2 -3 -5 -5  0 -1 -3  1 -2 -3 -1  6 -6 -1  0    6   1   1   0   0   2   2   0   0   5   6   1   4   2   1   4  57   0   2   7  0.99 inf
   77 D   -4 -3 -2  7 -7 -3  3 -4 -3 -7 -5 -3 -7 -5 -6 -2 -2 -8 -7 -7    1   1   1  68   0   1  18   1   0   0   1   1   0   0   0   3   2   0   0   0  1.82 inf
   78 D    1 -2  0  4 -5  1  5 -3  1 -3 -3 -1 -3 -6 -4 -1 -1 -2 -5 -3   10   2   3  21   0   7  35   2   3   2   2   3   1   0   0   4   3   1   0   2  0.68 inf
   79 F   -2  0 -6 -4 -5 -1 -5 -5 -5  1  2 -5  8  2 -6 -4 -1 -5 -4  0    3   5   0   1   0   2   0   1   0   8  18   0  42   8   0   1   5   0   0   6  1.17 inf
   80 Y   -3 -5 -6 -6  1 -5 -4 -6 -5  4  1 -5  1  5 -6 -3 -1 -4  1  4    1   0   0   0   3   0   1   0   0  21  14   0   3  22   0   1   3   0   5  25  0.84 inf
   81 R    1  2  1  2 -5  2  3 -3  0 -3 -2  0 -3 -4 -3  0 -1 -4 -2 -3   10  11   7  13   0   9  24   1   2   2   3   5   0   0   0   7   2   0   1   1  0.40 inf
   82 L   -1  2  2 -1 -3  2  0 -2  1  0  1  1  0  0 -3  0 -1 -4  0 -1    5  10  10   2   0  12   5   1   3   5  15  11   2   4   0   5   3   0   3   4  0.14 inf
   83 G    6 -5 -5 -4  0 -5 -4  1 -6 -2 -4 -5 -3 -3 -5  1 -2 -6 -5  2   58   0   0   0   2   0   1  10   0   1   0   0   0   1   0   9   2   0   0  16  1.10 inf
   84 K   -1 -1 -2  1  1 -2  0 -3 -2  2  0  0  2 -3 -3 -1  0 -5 -3  3    5   4   1  11   3   0   8   1   1  12   8   8   7   0   0   4   5   0   0  22  0.21 inf
   85 E    1  2  2  2 -5  2  4 -3  0 -4 -5  1 -3 -4 -4 -1  0 -6 -4 -3   10   9   9  10   0   9  28   1   2   1   0  10   0   1   0   4   5   0   0   2  0.52 inf
   86 L    2 -2 -2 -3 -2 -2  0 -2 -1  2  0  1  0  0 -3  0  0 -4  0  2   19   1   1   0   0   1   8   2   1  15   9   8   3   3   0   5   6   0   3  13  0.17 inf
   87 A    5 -5 -5 -6  0 -5 -5  0 -5 -2  2 -5 -1 -4 -5  0 -2 -6 -5  1   57   0   0   0   2   0   0   6   0   1  17   0   2   0   0   5   2   0   0   9  0.96 inf
   88 L   -2  1 -4 -4 -3  2  0 -4 -3  0  3  4  0 -1 -5 -3 -2 -5 -3  1    2   6   0   0   1   8   5   0   0   3  30  27   2   3   0   1   2   0   0   9  0.49 inf
   89 Q    1  1  1  1 -3  2  4 -2 -1 -5 -4  2 -3 -6 -4  1 -2 -6 -5 -3   10   6   5   8   0   8  33   2   1   0   1  14   0   0   0   8   1   0   0   2  0.59 inf
   90 S    0  1  1  0 -3  1  1 -2  1 -1  0  1  2 -1 -3  1  1 -4 -1 -1   10   8   7   3   0   5  11   1   4   2  10   7   6   2   0  10   9   0   2   3  0.12 inf
   91 G   -3 -3  1 -1 -6  0 -1  6 -1 -7 -6  0 -4 -4 -5 -3 -5 -6 -5 -7    1   2   7   4   0   4   5  67   2   0   1   6   0   1   0   1   0   0   0   0  1.42 inf
   92 L   -3  1 -4 -5 -1 -3 -4 -4  0  1  4 -3  0  4 -5 -4 -3  0  4 -1    1   7   1   0   1   1   1   2   2   6  35   1   2  20   0   0   1   1  12   4  0.67 inf
   93 A    3 -5 -5 -5  2 -4 -5 -2 -4  2  1 -4 -1  0 -5 -3 -3 -5  0  4   28   0   0   0   4   0   0   4   0  10  14   0   1   3   0   1   0   0   3  31  0.64 inf
   94 H   -1  1  1  0 -4  2  3 -3  1 -5 -5  5 -4 -4 -4  0 -1 -6 -5 -3    5   7   6   4   0   9  18   1   3   0   1  35   0   1   0   6   3   0   0   1  0.69 inf
   95 K    0  0  0  1 -3  0  2 -3  0 -3 -3  3 -3 -4  2  1  0 -5 -3 -1    7   5   5   8   0   3  12   1   2   1   1  20   0   0  11  11   6   0   1   5  0.31 inf
   96 G   -4 -6 -1 -2 -7 -5 -6  7 -7 -8 -7 -4 -7 -8 -6 -4 -5 -7 -8 -8    0   0   3   2   0   0   0  91   0   0   0   1   0   0   0   1   0   0   0   0  2.45 inf
   97 D   -5 -5 -3  8 -8  0  2 -5 -6 -8 -8 -4 -5 -8 -6 -3 -5 -9 -7 -8    0   0   0  82   0   4  10   0   0   0   0   1   0   0   0   1   0   0   0   0  2.38 inf
   98 V   -2  1 -1 -2 -2  0 -3 -4 -1  1  3  0  1 -2 -2 -1  1 -4 -1  1    3  10   3   1   0   3   1   0   1   9  31   7   2   1   2   3  12   0   2   9  0.25 inf
   99 V   -1 -6 -7 -7 -2 -6 -6 -7 -7  5 -1 -6  0 -3 -6 -5 -2 -6 -3  6    4   0   0   0   1   0   0   0   0  26   5   0   1   1   0   0   2   0   1  60  1.50 inf
  100 V   -4 -7 -7 -8 -5 -7 -7 -6 -8  4 -1 -7 -2 -5 -7 -6 -3 -7 -6  7    1   0   0   0   0   0   0   1   0  22   5   0   0   0   0   0   1   0   0  71  1.87 inf
  101 M   -1 -6 -6 -7 -3 -2 -5 -7 -6  6  1 -6  3 -1 -6 -4 -3 -6 -4  4    5   0   0   0   0   2   0   0   0  45   9   0   8   2   0   0   1   0   0  27  1.19 inf
  102 V    0 -5 -4 -6 -2 -5 -5 -6 -6  0 -1 -5 -3 -5 -5 -1  6 -6 -5  4    7   0   0   0   1   0   0   0   0   5   4   0   0   0   0   3  51   0   0  27  1.25 inf
  103 S    6 -5 -5 -5  1 -2 -5  0  1 -5 -4 -4  0 -4 -5  2  0 -6 -5 -3   64   0   0   0   2   1   0   6   4   0   1   0   3   1   0  12   5   0   0   1  1.19 inf
  104 G   -3 -7 -4 -6 -7 -7 -7  8 -7 -9 -9 -6 -8 -8 -7 -4 -6 -7 -8 -6    1   0   1   0   0   0   0  97   0   0   0   0   0   0   0   1   0   0   0   0  2.74 inf
  105 A    0 -4 -3 -3 -4 -2 -3 -4 -1  2 -1 -3  3 -2 -3  1  1  3 -1  4    8   0   0   1   0   1   1   0   1  13   4   1   7   1   1  11   9   4   2  32  0.46 inf
  106 L   -4 -1 -5 -4 -7 -3 -4 -6 -4 -2  0  0  0 -5  8 -4 -3 -7 -6 -2    1   3   0   1   0   1   1   0   0   2   9   6   3   0  67   0   1   0   0   3  1.83 inf
  107 V   -1 -4 -3 -3 -1 -2 -2  3 -4  0  0 -3 -2  2  0  0  0 -4 -2  3    4   0   0   0   1   2   3  26   0   6   8   0   0  11   5   7   6   0   1  21  0.34 inf
  108 P   -1 -2 -1 -2 -5 -1  2  4 -1  0 -4 -1 -4 -5  1 -2 -2 -5 -5  1    4   2   2   2   0   3  14  37   1   7   1   4   0   0   6   2   2   0   0  12  0.50 inf
  109 S    2 -1 -2 -4 -3 -1 -1 -3 -2 -4 -4  0 -2 -5  2  4  3 -6 -5 -1   14   3   1   0   0   2   3   0   1   0   1   5   1   0   8  36  18   0   0   5  0.61 inf
  110 G   -3 -6 -1 -6 -7 -6 -6  7 -6 -8 -8 -4 -5 -6 -5 -2 -5 -7 -6 -6    2   0   3   0   0   0   0  90   0   0   0   1   0   0   0   2   0   0   0   0  2.37 inf
  111 T   -1 -2  1 -3 -5 -2 -3 -2 -1 -4 -4 -1 -3 -1 -5  3  6 -4 -2 -3    5   2   8   1   0   1   1   3   2   0   1   3   1   3   0  24  44   0   1   1  0.88 inf
  112 T   -4 -4 -5 -6 -3 -6 -6 -7 -7 -4 -6 -6 -6 -7 -6  0  8 -8 -7 -4    1   1   0   0   1   0   0   0   0   1   0   0   0   0   0   5  92   0   0   1  2.54 inf
  113 N   -6 -5  9  1 -8 -5 -5 -5 -4 -8 -8 -5 -7 -8 -7 -3 -5 -9 -7 -6    0   0  92   6   0   0   0   0   0   0   0   0   0   0   0   2   0   0   0   1  2.95 inf
  114 T   -2 -5 -2 -5 -4 -4 -4 -6 -5  1  3 -5  6 -1 -5 -1  3 -5 -3 -1    3   0   2   0   0   0   0   0   0   7  33   0  24   2   0   6  19   0   0   4  0.88 inf
  115 A   -2 -6 -6 -7 -5 -5 -6 -6 -6  4  3 -5  7 -2 -6 -4 -4 -5 -4  2    3   0   0   0   0   0   0   0   0  26  30   0  26   1   0   1   0   0   0  11  1.22 inf
  116 S   -5  6 -2 -4 -7 -1 -2 -5  0 -5 -5  6 -5 -6 -5 -1 -3 -3 -4 -5    0  39   1   0   0   2   1   0   2   1   1  44   0   0   0   5   1   0   1   0  1.46 inf
  117 V   -4 -6 -7 -7 -3 -6 -7 -7 -7  4 -1 -6 -3 -5 -6 -6 -4 -7 -5  7    1   0   0   0   1   0   0   0   0  21   5   0   0   0   0   0   0   0   0  72  1.83 inf
  118 H   -2 -1 -3 -3 -3  2  2 -2  9 -4 -4 -3 -1 -4 -5 -2 -2 -6 -1 -1    4   3   0   1   1  10  13   3  51   1   2   1   1   0   0   3   2   0   2   5  1.40 inf
  119 V   -2  2 -2 -4 -4 -2 -1 -5  1  2  0  0  0 -2 -4 -1  3 -5 -2  3    2  12   1   0   0   1   3   0   4  13   6   5   2   1   0   2  21   0   1  26  0.39 inf
  120 L   -4 -6 -7 -7 -4 -6 -6 -7 -7  5  2 -6 -2 -4 -6 -5 -4 -6 -5  6    0   0   0   0   0   0   0   0   0  32  16   0   0   0   0   0   0   0   0  52  1.46 inf

                      K         Lambda
Standard Ungapped    0.1301     0.3155
Standard Gapped      0.0590     0.2670
PSI Ungapped         0.1929     0.3149
PSI Gapped           0.0590     0.2670
