
Last position-specific scoring matrix computed, weighted observed percentages rounded down, information per position, and relative weight of gapless real matches to pseudocounts
           A  R  N  D  C  Q  E  G  H  I  L  K  M  F  P  S  T  W  Y  V   A   R   N   D   C   Q   E   G   H   I   L   K   M   F   P   S   T   W   Y   V
    1 V   -2 -4 -5 -5 -2 -4 -4 -5 -5  4  1 -4  3 -2 -4 -3 -2 -4 -3  5    0   0   0   0   0   0   0   0   0  28   6   0   9   0   0   0   0   0   0  57  0.85 inf
    2 S    1 -1 -1 -1 -3 -2 -2  4 -3 -4 -4 -2 -4 -5  1  3  0 -4 -4 -4    8   3   1   3   0   1   1  41   0   0   0   1   0   0   7  26   7   0   0   0  0.65 inf
    3 G   -1  4 -2 -3 -5 -2 -1  6  0 -5 -3 -2 -4 -5 -4 -1 -3 -5 -4 -5    4  27   0   0   0   0   4  58   2   0   3   0   0   0   0   3   0   0   0   0  1.07 inf
    4 F   -6 -6 -7 -7 -6 -7 -7 -7 -5 -4 -3 -7 -3  9 -7 -6 -6  2  0 -4    0   0   0   0   0   0   0   0   0   0   0   0   0  98   0   0   0   2   0   0  2.83 inf
    5 L   -2  0 -2 -4 -3 -2 -3 -5 -2  2  1  0 -1 -3 -4 -2 -1 -5 -3  5    0   7   2   0   0   1   1   0   1   7  14   5   0   0   0   2   2   0   0  57  0.67 inf
    6 T    0 -4 -3 -4  0 -4 -4 -5 -5 -4 -4 -4 -1 -5 -4 -1  8 -6 -5 -3    6   0   0   0   2   0   0   0   0   0   0   0   1   0   0   1  89   0   0   0  1.90 inf
    7 G   -2 -5 -2  0 -5 -3 -2  7 -5 -6 -5 -4 -5 -6 -5 -2 -2 -5 -3 -6    2   0   1   6   0   1   2  83   0   0   1   0   0   0   0   1   2   0   1   0  1.68 inf
    8 E    2  0 -1  4 -4 -1  3 -1 -2 -3 -4 -1 -3 -5  2  0 -1 -5 -4 -1   18   6   2  24   0   2  20   3   0   1   0   1   0   0  10   7   3   0   0   4  0.43 inf
    9 Q   -2  1 -3 -2 -5  6  1 -1 -2 -4  1 -2  3 -3 -4 -2 -3 -4 -2 -4    2   7   0   1   0  49   7   6   1   0  17   0   8   1   0   1   0   0   1   0  0.88 inf
   10 G   -3  1 -4 -5 -6 -5 -5  7 -5 -7 -7 -1 -6 -6 -5 -3 -5 -6 -6 -6    0   8   0   0   0   0   0  88   0   0   0   3   0   0   0   0   0   0   0   0  2.04 inf
   11 L    0 -5 -6 -6 -4 -5 -5 -6 -5  2  5 -5  5  2 -5 -4 -4 -4 -2  1    7   0   0   0   0   0   0   0   0  11  50   0  15   7   0   0   0   0   1  10  0.94 inf
   12 G   -2 -6 -4 -5 -6 -5 -6  7 -6 -7 -7 -5 -6 -7 -6  0 -3 -6 -7 -7    2   0   0   0   0   0   0  89   0   0   0   0   0   0   0   8   1   0   0   0  2.20 inf
   13 H   -7 -5 -4 -6 -8 -4 -5 -7 11 -8 -8 -6 -7 -6 -7 -6 -7 -7 -3 -8    0   0   0   0   0   0   0   0 100   0   0   0   0   0   0   0   0   0   0   0  4.14 inf
   14 F    0 -5 -6 -6  3 -2 -5 -6 -5  3  1 -5 -1  1 -5 -4 -2 -5  0  5    6   0   0   0   7   2   0   0   0  14   9   0   1   5   0   0   2   0   3  50  0.89 inf
   15 V    0 -6 -1 -6  1 -5 -6 -2 -6  2 -1 -5 -1 -2 -5 -4 -3 -6 -4  6    9   0   3   0   2   0   0   3   0  10   4   0   1   2   0   0   1   0   0  66  1.17 inf
   16 R   -3 -2 -6 -6 -4 -2 -4 -6 -5  2  5 -4  1  2 -5 -4 -3  0  1  2    1   2   0   0   0   2   1   0   0   9  55   0   3   9   0   0   1   1   4  12  0.84 inf
   17 C   -1  1  2 -1  0  0 -1 -1  1  0 -1 -1  0  1  2  0  0  0 -2  0    5  10  11   3   3   5   3   5   5   7   5   0   3   7  13   4   6   1   0   6  0.10 inf
   18 V    2 -4 -3 -2 -1  1 -2 -3 -4 -1 -3 -3 -3 -3 -3  2  4 -5 -4  3   15   0   0   1   1   6   1   1   0   1   1   0   0   1   1  17  26   0   0  27  0.60 inf
   19 P   -1  1  0  0 -4 -2  0 -3 -2 -3 -3  1 -2 -3  5  0  2 -5 -4 -1    5   7   4   6   0   0   6   1   1   0   1  10   1   1  32   7  13   0   0   5  0.61 inf
   20 D   -2 -1  2  7 -2 -1  1 -3 -2 -6 -5  0 -3 -6 -5 -1 -2 -7 -6 -4    3   4   9  60   1   2   6   2   1   0   0   5   1   0   0   3   2   0   0   1  1.25 inf
   21 S   -1 -2 -3 -1 -3 -3 -3 -3 -1  1  1 -3  0  3  2 -2 -1 -1  2  3    4   3   0   5   0   1   0   1   2   7  12   1   2  16  11   3   2   1   9  22  0.30 inf
   22 D    1 -1 -1  4 -5  1  4 -2  1 -4 -3  0 -3 -5  0 -2 -2 -5 -4 -3   15   3   2  23   0   6  27   2   4   0   2   5   0   0   5   1   2   0   0   1  0.55 inf
   23 K    4  2 -3 -2 -4  1  4  0 -3 -4 -4  1 -2 -5 -3 -2 -1 -5 -4 -2   33  10   0   0   0   6  26   5   0   0   1  10   1   0   1   0   4   0   0   3  0.58 inf
   24 A    3 -4 -2 -2  0 -1 -3 -1 -4 -2  0 -3  2 -4 -4  1  3 -4  0 -1   32   0   1   2   2   2   0   3   0   0  10   0   6   0   0  10  24   0   4   3  0.46 inf
   25 L   -1  1 -2 -1 -2  0  1 -3  2 -1  1 -1  1  1 -3 -1  0 -3  2  1    4   7   0   3   0   4  12   1   5   2  18   2   4   5   0   4   7   0  10  10  0.13 inf
   26 A    2  3  1  3 -4 -1  1 -1  1 -5 -4  1 -4 -5 -1  0 -1 -5 -4 -4   24  17   6  15   0   2   9   4   4   0   0   8   0   0   3   6   3   0   0   0  0.41 inf
   27 F   -5 -7 -7 -8 -7 -7 -7 -7 -5 -5 -3 -7 -4  9 -8 -5 -6  7  1 -5    1   0   0   0   0   0   0   0   0   0   2   0   0  82   0   1   0  12   2   0  2.75 inf
   28 Y   -5 -6 -6 -7 -1 -2 -6 -7 -3 -5  0 -6 -1  3 -7 -6 -5  5  9 -3    1   0   0   0   1   2   0   0   0   0  11   0   1   9   0   0   0   6  67   2  2.13 inf
   29 T   -1  3 -1 -2  1  1  0 -4  1  0 -1  0 -1 -4 -3  0  3 -4 -3 -1    4  21   1   1   4   7   7   0   4   6   6   3   1   0   0   5  24   0   0   5  0.33 inf
   30 D   -3  1  0  5 -1  1  4 -1 -3 -4 -4  1 -4 -5 -1 -1  0 -5 -4 -3    1   9   3  29   1   5  26   5   0   0   1   6   0   0   2   4   5   0   0   1  0.64 inf
   31 V   -1  1 -2 -4 -2 -3 -4 -1  2  0  1 -1  1 -3 -4 -3  1 -5 -2  4    5   9   2   1   1   1   0   4   5   3  12   3   3   0   0   0   9   0   1  41  0.44 inf
   32 L   -5 -6 -7 -7  1 -6 -6 -7 -6  0  6 -6  3  3 -6 -6 -5 -5 -4 -2    0   0   0   0   2   0   0   0   0   2  76   0   6  12   0   0   0   0   0   1  1.52 inf
   33 G   -4 -4  0  0 -6 -5 -3  7 -6 -8 -8 -5 -7 -7 -6 -1 -5 -7 -7 -7    0   1   4   6   0   0   1  84   0   0   0   0   0   0   0   3   0   0   0   0  2.02 inf
   34 F    0 -6 -7 -7 -6 -6 -7 -6 -5 -3  1 -6  3  8 -7 -6 -5 -3 -1 -2    9   0   0   0   0   0   0   0   0   0  14   0   8  66   0   0   0   0   0   3  1.85 inf
   35 Q   -2  5 -2 -3 -5  1 -1 -1  3  0 -1  2 -3 -4 -4 -1 -1 -5 -1 -1    3  35   1   0   0   6   4   6   7   5   6  15   0   0   0   3   2   0   2   5  0.51 inf
   36 L   -1 -4 -4 -2  1 -3 -3  1 -2  1  3 -3  0 -1  2 -2 -1 -4 -3  3    2   0   0   2   3   0   1  11   1   7  28   1   2   2  10   3   4   0   0  23  0.31 inf
   37 S   -1  3 -2 -1 -4 -3 -3 -3 -4 -5 -5 -3 -5 -5 -4  6  2 -6 -5 -5    4  14   1   2   0   0   0   1   0   0   0   0   0   0   0  66  10   0   0   0  1.27 inf
   38 D   -3 -5 -1  8 -6 -4 -1  0 -5 -3 -6 -4 -5 -6 -5 -2 -4 -7 -6  0    2   0   1  74   0   0   3   7   0   2   0   0   0   0   0   2   0   0   0   7  1.72 inf
   39 V    0  2 -3 -1 -3 -2  1 -3  0  0 -1 -2 -1  2 -3  0  0  5  3  0   10  13   0   2   0   1  12   0   2   6   5   0   1   7   0   7   6   7  14   7  0.26 inf
   40 I   -3 -4 -3 -4 -3 -2 -4 -3 -2  4  1 -4  3  2 -2 -3 -1 -2  4  1    1   0   1   0   0   2   0   2   1  30  12   0   8   9   3   2   4   0  18   6  0.58 inf
   41 D   -1  3 -1  1 -1  0  0  0  2 -1 -1  1 -2  0 -2  0 -1  0  1 -1    2  21   2  10   2   2   7   7   5   2   6   7   0   3   1   7   3   1   6   5  0.14 inf
   42 M    0 -2  0  1 -2 -1  0 -1  0  0  1 -1  1  1 -1  0  0  3  0  0    6   1   3   8   0   2   7   6   2   7  17   2   4   6   3   5   6   6   2   6  0.05 inf
   43 K   -1  1  0 -1 -3  1  1  0  0 -3 -2  1 -2 -1  4 -1 -1  1  0 -3    6   6   3   3   0   6   9   8   2   1   4   8   1   3  25   2   4   2   3   1  0.35 inf
   44 M    1 -2 -2 -1 -2 -2 -2  2 -1  1  1 -2  2  1  1 -1 -1 -2 -1  1   12   1   1   4   0   1   1  16   2   8  14   1   8   6   7   2   3   0   2  10  0.12 inf
   45 G    2 -1 -1 -1  0  1 -1  2 -1 -2 -2 -1  0 -3  3  0  0 -3 -2 -2   18   3   2   2   3   7   3  18   2   2   2   2   3   1  18   5   6   0   2   2  0.29 inf
   46 P   -1  0  1  2 -2 -1  0  1 -2 -2 -2  0 -1 -2  4  0 -1 -3 -2 -2    4   6   8  12   1   2   4   9   1   2   4   4   2   2  25   5   4   0   1   3  0.35 inf
   47 D    0 -1 -1  2 -3 -1  2  4 -1 -2 -3 -2 -3 -1  0  0 -2 -3 -3 -3    7   3   2  15   0   2  13  34   1   3   3   1   1   2   4   4   1   0   1   2  0.40 inf
   48 V    0  2 -1 -1 -2 -1 -1  0 -1  0  0  0  2  1  1 -1 -1 -2 -1  1    8  13   1   3   0   2   3   9   1   5   9   5   8   6   8   3   3   0   2  11  0.06 inf
   49 T    0 -1 -1 -1 -1 -1 -1  1 -2  0 -1  0 -2 -2  3  0  1 -1 -2  1    6   4   2   3   1   2   3  13   0   7   4   8   0   2  18   4  10   1   1  11  0.20 inf
   50 V    2 -2 -1  0 -2 -2 -1  1 -2  0  0 -2  0  0  2 -1 -1  0 -1  1   19   2   2   6   0   1   5  13   0   3  10   2   2   4   9   2   3   2   2  14  0.10 inf
   51 P   -1  4 -1  1 -3  0  0 -2 -1 -2 -3  1 -1 -3  2 -1  0  3  0 -2    5  25   1   9   0   4   6   3   1   2   1   9   2   1   9   3   7   5   3   3  0.29 inf
   52 A    1 -3 -3 -3 -2 -3 -3  0 -3  2  2 -2  4  0  1 -2 -1 -3 -2  2   11   1   1   1   0   1   1   6   0  13  18   2  13   5   8   1   3   0   0  15  0.28 inf
   53 Y    1  3 -1 -2 -1 -2 -2 -1  3 -1 -2 -1 -1 -1 -1  0  1  3  2  0   14  18   2   2   2   1   1   3   9   3   1   2   1   2   3   6  11   4   9   7  0.22 inf
   54 F   -3 -6 -6 -6 -5 -6 -6 -6 -5 -4 -2 -6 -4  9 -6 -5 -5 -3 -1 -3    2   0   0   0   0   0   0   0   0   0   3   0   0  88   0   0   0   0   0   2  2.62 inf
   55 L   -4 -3 -5 -3 -4 -4 -5 -6 -4  0  4 -5  7  3 -5 -4 -3 -3  2 -1    0   1   0   2   0   0   0   0   0   4  41   0  26  12   0   0   1   0   7   2  1.04 inf
   56 H   -4  6 -3 -5 -6 -3 -4  2  8 -6 -6 -1 -5 -5 -5 -4 -5 -5 -1 -6    0  39   0   0   0   0   0  16  39   0   0   2   0   0   0   0   0   0   2   0  1.71 inf
   57 C    0 -3 -5 -6 10 -5 -5 -5 -5  1 -2 -5 -2 -3 -5 -2 -2 -5 -5  2    8   2   0   0  54   0   0   0   0   6   3   0   1   1   0   3   2   0   0  16  1.76 inf
   58 N   -2 -1  7  1 -3 -1 -2 -1 -3 -3 -5 -1 -4 -5 -4  0  0 -5 -2 -4    3   3  61   6   1   2   1   4   0   1   1   2   0   0   0   7   5   0   1   1  1.25 inf
   59 E    0 -1  0  1 -4  2  2  3 -1 -4 -3 -2 -4 -5  4  0  0 -5 -4 -3    8   3   5   9   0  10  12  20   1   0   2   1   0   0  18   4   7   0   0   1  0.44 inf
   60 R   -4  7 -1  2 -4  0 -1 -4 -1 -4 -3  0 -4 -3 -5 -3 -1 -2 -2 -3    1  61   3  12   0   3   3   1   1   1   2   3   0   1   0   1   3   1   1   2  1.20 inf
   61 H   -3 -3 -4  0 -7  0 -2 -6 11 -7 -7 -5 -6 -6 -7 -2 -6 -7 -3 -4    2   1   0   4   0   4   2   0  82   0   0   0   0   0   0   3   0   0   0   2  2.96 inf
   62 H   -7 -5 -4 -6 -8 -4 -5 -7 11 -8 -8 -6 -7 -6 -7 -2 -7 -8 -3 -8    0   0   0   0   0   0   0   0  97   0   0   0   0   0   0   3   0   0   0   0  3.99 inf
   63 T   -1 -2  1  2 -3 -3 -3 -4 -1 -4 -5 -1 -3 -3 -4  5  4 -6 -5 -1    3   1   7  11   0   0   0   0   1   0   0   3   0   1   0  46  22   0   0   4  0.87 inf
   64 L   -4 -5 -6 -6 -4 -5 -6 -7 -6  3  5 -5  1  2 -4 -5 -3 -5 -3  3    0   0   0   0   0   0   0   0   0  15  51   0   2   8   1   0   1   0   0  21  1.05 inf
   65 A    6 -5 -2 -5 -4 -5 -5 -1 -5 -5 -2 -4 -2  2 -5 -1 -4 -6 -4 -2   75   0   2   0   0   0   0   4   0   0   4   0   1   9   0   3   0   0   0   2  1.38 inf
   66 I   -3 -5 -5 -4 -4 -1 -5 -6 -5  3  4 -5  3  4 -5 -4 -1 -3  1  1    1   0   0   1   0   3   0   0   0  16  36   0   7  21   0   0   4   0   3   7  0.78 inf
   67 A    3 -4 -1 -4  2 -2 -4  2 -1  0  1 -3  3  1 -4 -1 -1 -1 -3  1   25   0   3   0   5   1   0  16   1   4  13   0   8   7   0   2   3   1   0  11  0.29 inf
   68 A    0  1  0 -1 -4  2  1  0  2 -3 -1  1 -2 -2  3 -1 -1  2 -2 -3   10   8   3   2   0  12   8   7   6   1   8   8   1   2  15   4   2   3   1   1  0.23 inf
   69 F    2 -2 -1 -3 -1 -2 -2  3 -2 -1  0 -2  3  1 -3  0  0 -4 -2  0   22   2   2   1   1   1   2  21   1   2  10   0  11   6   1   6   6   0   1   5  0.25 inf
   70 P   -2 -4 -3 -1 -2 -2 -2 -1 -3 -5 -5 -3 -5 -5  8 -1 -4 -5 -5 -3    3   0   1   4   1   2   3   5   1   1   1   1   0   0  70   4   1   0   0   2  1.86 inf
   71 L    1  0  0 -1 -2 -1 -1  3  3 -1 -1 -1  2  0 -1  0 -1 -1 -2  0   12   6   4   3   1   2   2  21   9   4   5   1   7   4   2   7   3   1   1   6  0.14 inf
   72 P    0  2 -2  0 -4 -1  0 -1 -1 -4 -4 -1  0 -4  6 -1 -1  0 -4 -1    7  13   2   5   0   2   7   6   1   1   1   2   2   0  35   4   4   2   0   5  0.64 inf
   73 K    1  0  1 -2 -3 -2 -2 -1 -1 -2 -2  3  0 -4  2  1  1 -4 -3 -2   12   5   6   1   0   0   1   4   1   2   4  24   3   0  11  12  11   0   0   1  0.30 inf
   74 R   -2  5 -3 -3  0 -1 -2  5 -2 -3 -3  0 -2 -1 -4 -2 -2 -4 -2 -3    3  31   1   1   2   2   1  39   1   2   2   5   1   3   1   2   2   0   1   1  0.78 inf
   75 I   -2 -5 -4 -5  2 -4 -5 -5 -4  3  4 -5  1  3 -5 -4 -2 -4  1  2    2   0   1   0   5   0   0   0   0  17  41   0   3  11   0   0   2   0   4  12  0.73 inf
   76 H   -4 -4  5 -2  0  2 -1 -2  8 -1 -4 -4 -4 -5 -5 -4 -4 -6 -2  2    0   0  27   1   2   8   3   3  34   4   1   0   0   0   0   0   0   0   1  15  1.17 inf
   77 H   -7 -5 -4 -6 -8 -5 -5 -7 11 -8 -8 -6 -7 -6 -7 -6 -7 -8 -3 -8    0   0   0   0   0   0   0   0 100   0   0   0   0   0   0   0   0   0   0   0  4.17 inf
   78 F   -1 -5 -5 -5  0 -4 -5 -5 -5  3  3 -4  1  3 -5 -1 -1 -4 -2  3    6   0   0   0   2   0   0   0   0  14  28   0   3  15   0   6   3   0   0  22  0.58 inf
   79 M    3 -5  2 -5 -5 -4 -3 -1 -5 -4 -2 -4  9 -5 -5  1 -3 -6 -5 -4   24   0   9   0   0   0   1   5   0   0   1   0  49   0   0  10   1   0   0   0  1.41 inf
   80 L   -3 -5 -6 -6 -4 -5 -5 -6 -1  1  3 -5 -1  5 -6 -5 -3  3  3  3    1   0   0   0   0   0   0   0   1   6  26   0   1  30   0   0   1   4  11  20  0.94 inf
   81 E   -2 -3 -4 -1 -6  4  6 -5 -1 -5 -2 -3 -2 -1 -5 -3  0  0 -3 -3    2   0   0   2   0  19  58   0   1   0   4   0   1   2   0   0   7   1   0   2  1.23 inf
   82 V    0 -5 -6 -6  0 -5 -5 -6 -5 -1  0 -5  4 -1 -5 -4  0 -5  2  6    7   0   0   0   2   0   0   0   0   1   6   0  10   2   0   1   4   0   7  60  1.12 inf
   83 A    0  2  1  2 -1  1  2 -1 -2 -4 -2  0 -3 -4  2  0  1 -5 -4 -3    7  14   6  12   1   5  14   5   0   0   3   5   0   0   9   5  12   0   0   0  0.28 inf
   84 S   -3 -4  2  6 -3 -3  1  0  0 -6 -6 -3 -5 -4 -4  3  1 -6 -5 -5    0   0   8  41   1   0   7   6   2   0   0   1   0   1   0  23   9   0   0   0  0.95 inf
   85 L   -3 -4 -4 -5 -4 -3 -5 -5 -5  4  4 -2  4  2 -1 -2 -2  1 -2  1    1   0   1   0   0   0   0   0   0  23  36   3  10   7   3   3   2   2   1   9  0.64 inf
   86 D   -4  0  0  7 -7 -2  1 -5  3 -6 -7 -3 -6 -6 -4 -1 -2 -7 -4 -6    1   6   4  64   0   1   8   0   6   0   0   1   0   0   0   5   3   0   1   0  1.49 inf
   87 D    1 -4 -1  6 -6  0  3 -3  2 -5 -6 -3 -3 -6 -4 -1 -1 -7 -5 -4   11   0   1  49   0   4  21   2   5   1   0   0   1   0   0   3   3   0   0   1  1.12 inf
   88 V   -4 -6 -6 -7 -4 -3 -6 -7 -6  2  2 -5  2  0 -6 -5 -3 -1  0  6    0   0   0   0   0   1   0   0   0   7  14   0   5   3   0   0   1   1   3  65  1.27 inf
   89 G   -1 -3 -4 -2 -5 -3 -3  6 -5 -2 -2 -2  5 -4 -5 -4 -2 -6 -6 -4    4   1   0   3   0   1   1  61   0   2   4   2  17   0   0   0   3   0   0   1  1.28 inf
   90 F    0  5 -3 -2 -3  2 -1 -3  0 -1  1  0  2 -1 -4 -2 -2 -4 -1 -2    7  37   0   2   0  10   3   1   2   2  16   2   6   2   0   2   2   0   3   1  0.51 inf
   91 A    5 -2 -2 -4  2 -4 -3  4  1 -5 -4 -4 -4 -5 -4  0  1 -5 -3 -4   45   2   2   0   4   0   1  27   4   0   1   0   0   0   0   6   8   0   1   0  0.83 inf
   92 F    0 -3 -2 -5  1 -3 -4  1  4  0  2 -2  2  1 -5 -2 -2  3  5 -2    7   0   1   0   3   0   0  10  11   6  18   2   5   4   0   3   1   4  23   2  0.47 inf
   93 D   -1 -1  1  6 -4  1  1  0  0 -5 -3 -2 -3 -5 -4 -2 -2 -6  0 -5    6   3   5  50   0   5   8   9   2   0   2   2   1   0   0   2   2   0   3   0  0.88 inf
   94 R   -1  6 -2 -4 -5  0 -3 -5  1  1  0  1 -2  0 -5 -3 -2  1  1 -2    5  44   1   1   0   3   0   0   3  10  11   5   1   3   0   0   2   2   5   2  0.65 inf
   95 V    1 -5 -4 -4  5 -2 -4 -5 -4  0  3 -4  3 -1 -5 -2 -3 -5 -4  4   11   0   0   0  12   1   0   0   0   4  29   0   9   2   0   3   0   0   0  27  0.65 inf
   96 D   -1  3  0  1 -2  2  0 -1  0 -1  0  2  1 -3 -3 -1  0 -4 -3 -1    4  16   4  10   1  10   6   5   2   3  10  16   4   1   0   3   5   0   0   3  0.19 inf
   97 A    2  3  0  0 -4  2  2 -1  0 -4 -4  2 -1 -4 -4 -1 -2  3 -3 -3   18  18   4   5   0  11  13   3   2   0   0  14   1   0   0   2   1   5   1   1  0.44 inf
   98 D    1  3  1  2 -4 -1  0 -1  4 -3 -1  1 -1 -4 -2  0 -2 -1 -3 -3   16  17   7  12   0   2   5   3  13   0   8   6   1   0   1   7   1   1   0   0  0.31 inf
   99 G   -2 -2  0  0 -5  0 -2  6  0 -2 -5  0 -4 -2 -4 -2  0 -1 -3 -2    1   2   3   4   0   4   3  55   3   3   0   6   0   2   1   2   6   1   1   3  0.80 inf
  100 L   -2  0 -3 -2 -2 -3 -2 -4 -2  2 -1 -3 -1  3  3 -3 -2  4  4  2    3   7   1   2   1   0   2   0   0  12   2   1   1  13  14   1   2   5  16  16  0.43 inf
  101 I   -3 -1 -4 -4 -4  0 -1 -5 -2  5  1 -1  3  0  1 -3 -2 -4 -3  2    0   3   0   0   0   5   4   0   1  33  12   3   8   3   7   2   1   0   0  16  0.48 inf
  102 T    2 -2 -2 -2 -3  1  1 -2 -2 -1  0 -1  1 -3 -3  2  2 -4 -3  1   16   0   1   1   0   6   8   2   1   3   8   3   5   0   0  20  13   0   0  12  0.23 inf
  103 S    1  0 -3 -5 -4 -3 -4 -3 -1 -3  1 -3  5  0 -5  0 -1  9  0 -1   11   5   1   0   0   1   1   1   2   0  12   1  16   4   0   9   3  27   3   3  0.93 inf
  104 T   -2 -4 -2 -2 -5  1 -2  5 -3 -5 -5 -4 -3 -6 -5 -1  5 -6 -5 -5    2   1   1   1   0   6   3  48   0   0   0   0   1   0   0   4  34   0   0   0  1.16 inf
  105 L   -1 -3 -3 -3 -2 -2 -2 -3 -3  1  1 -2  2  1  6 -2 -1 -3 -1  1    0   0   0   0   0   0   0   0   0  11  18   0   8   9  45   0   0   0   0   9  0.73 inf
  106 G    1 -3 -1 -2 -2 -2 -2  5 -3 -2 -3 -2 -2 -3 -2 -1 -1 -3 -3  1   17   0   0   0   0   0   0  66   0   0   0   0   0   0   0   0   0   0   0  17  0.68 inf
  107 R   -2  5 -1 -2  1  2  0 -3  1 -1 -1  3  0 -3 -3 -1 -2 -3 -2 -1    0  49   0   0   4   7   4   0   5   4   3  18   4   0   0   0   0   0   0   3  0.50 inf
  108 H   -4 -3 -2 -4 -6 -2 -3 -5 10 -5 -5 -3 -4  2 -5 -3 -4 -4  0 -5    0   0   0   0   0   0   0   0  92   0   0   0   0   8   0   0   0   0   0   0  2.56 inf
  109 T    0  0 -1 -2  0 -1  0  1  0  0 -1 -1 -1 -3  3  1  1 -3 -1  0    4   6   0   0   2   0   8  11   2   8   3   2   1   0  17  14  12   0   1   8  0.19 inf
  110 N   -1  1  5 -1 -3  0 -2 -2 -2  1  1 -1  0 -1  1 -1 -1 -4 -1  0    6   7  37   0   0   6   0   1   0  13  13   0   1   2   6   0   2   0   1   4  0.28 inf
  111 D   -1 -3 -1  5 -4 -2 -1  4 -3 -4 -5 -2 -4 -5 -3  1  1 -5 -4 -4    3   0   0  40   0   0   0  38   0   0   0   0   0   0   0   9  10   0   0   0  0.83 inf
  112 H   -1  2  1  1 -3  2  0  0  4 -4 -3  1 -2 -4 -1  3 -1 -4 -1 -3    1  10   6   7   0  12   3   5  11   0   2   8   1   0   2  28   1   0   1   0  0.33 inf
  113 M    2 -3  4 -1 -3  1 -1  0  0 -3 -2 -2  6 -3 -3 -1 -1 -4 -3 -2   20   0  26   1   0   8   4   6   2   0   0   0  26   0   0   2   3   0   0   2  0.54 inf
  114 V   -2 -3 -4 -4 -1 -2 -4 -4 -3  2  2 -3  0  3 -2 -3  1  5  2  2    2   1   0   0   1   2   0   0   0  15  19   0   2  18   1   0  10   8   7  14  0.41 inf
  115 S   -2 -4 -3 -4 -4 -4 -4 -2 -3 -3 -3 -4 -3  7 -4  4  0 -2  1 -3    0   0   0   0   0   0   0   2   0   0   0   0   0  49   0  40   6   0   3   0  1.14 inf
  116 F   -1 -2 -4  1  0 -4 -4 -4 -2 -2  0 -4 -2  6 -5 -1  0  7  0 -2    5   2   0   8   2   0   0   1   1   2   9   0   0  44   0   3   7  14   1   1  0.91 inf
  117 Y   -5 -5 -6 -7 -6 -5 -6 -7 -2 -5 -5 -6 -1  1 -7 -5 -5 -1 10 -3    0   0   0   0   0   0   0   0   0   0   0   0   2   2   0   0   0   0  95   2  2.96 inf
  118 A    0 -4 -4 -5  1 -4 -4 -2  3  0  0 -4  3  4 -4 -3 -2  5  0  3    7   0   0   0   4   0   0   3   8   3   6   0   8  24   0   1   1   8   2  26  0.55 inf
  119 S    0  4  0 -2 -4  1  0 -2  1 -1 -1  2  0  0  0 -1 -1 -3  0 -1    9  25   5   1   0   4   3   1   4   3   8  16   3   4   4   1   2   0   4   3  0.22 inf
  120 T    0 -3  2  4  1 -2  0  0 -3 -4 -4 -2 -4 -5 -3  2  4 -5 -4 -3    7   0  12  25   4   0   3   5   0   0   0   0   0   0   0  13  30   0   0   1  0.61 inf
  121 P   -1 -6 -6 -5 -6 -5 -5 -6 -6 -6 -7 -5 -6 -7  9 -4 -5 -7 -7 -6    4   0   0   0   0   0   0   0   0   0   0   0   0   0  96   0   0   0   0   0  3.06 inf
  122 S    1 -3 -1  3  0 -2 -1  2 -1 -4 -3 -2  0  0 -2  3 -1  0 -3 -3   13   0   1  20   2   1   1  14   2   0   2   0   3   5   1  33   1   2   0   1  0.43 inf
  123 G   -3 -4 -1  0 -6 -3 -4  7 -2 -7 -5 -3 -6 -6 -3 -2 -4 -6 -6 -6    0   1   3   4   0   1   1  87   1   0   1   1   0   0   1   1   0   0   0   0  1.82 inf
  124 V   -2 -4  3 -3  0  0 -3  1 -1 -1 -1 -3  0  5 -3 -2 -2  6  0 -2    1   0  15   0   2   5   0  13   2   3   6   0   2  32   1   2   2  11   1   2  0.58 inf
  125 E    1  0  0  2 -3  0  1 -2  0  0  1 -1  0  0 -3 -1  0 -3 -2  0   13   7   4  13   0   2  12   1   2   7  15   1   3   5   0   1   7   0   0   9  0.09 inf
  126 V   -1 -4 -5 -5  0 -4 -4 -5 -4  4  1 -4  1  2 -4 -2 -2  3  0  4    5   0   0   0   2   0   0   0   0  29   8   0   3   9   0   2   1   5   3  33  0.62 inf
  127 E   -4 -4 -4 -2 -7 -1  8 -6 -4 -7 -6 -3 -6 -7 -5 -4 -4 -6 -6 -6    0   0   0   0   0   0 100   0   0   0   0   0   0   0   0   0   0   0   0   0  2.40 inf
  128 Y   -3 -4 -3 -5 -2 -4 -4 -5  3  0  1 -4 -2  4 -1 -4 -3 -1  7  0    1   0   1   0   1   0   0   0   8   6  14   0   0  14   3   0   1   0  44   7  1.03 inf
  129 G   -2 -4 -3 -2 -4 -4 -4  5 -2 -2 -4 -4 -4  3 -4  0  1  1  3 -4    2   0   0   2   0   0   0  49   1   3   0   0   0  14   0   8  10   1  11   0  0.83 inf
  130 W    2 -4 -4 -5  4 -4 -4 -4  0 -4 -4 -4 -3  1 -4  1  3  8  1 -3   22   0   0   0  10   0   0   0   2   0   0   0   0   5   0   9  23  23   4   1  1.01 inf
  131 S   -2 -2  1  5 -5 -2  3  4 -3 -6 -5 -3 -5 -6 -4 -2 -3 -6 -5 -5    3   1   6  32   0   0  24  32   0   0   1   0   0   0   0   2   0   0   0   0  0.95 inf
  132 A    1 -4 -3 -2 -1 -3 -1  4 -4 -1  0 -3  4 -3  0 -1 -2 -4 -3  0    9   0   0   2   2   0   3  40   0   3  10   0  13   0   4   4   1   0   1   8  0.47 inf
  133 R   -1  3 -1  4 -2  1  1 -4 -1  1  0 -1  0 -4 -3 -2 -2 -5 -4 -1    4  17   0  32   1   6   9   0   1   9  11   2   3   0   1   1   2   0   0   3  0.40 inf
  134 T    0  1 -2 -2  1  2  1 -3  1  0  1  0  0 -1  0 -1  1 -3 -1  1    5   8   1   1   4  15   8   0   4   3  13   6   2   1   4   1   9   0   2  12  0.11 inf
  135 V   -1 -4 -5 -5 -3 -4 -4 -5 -1  4  1 -4  0  0 -4 -4 -2  2 -2  4    6   0   0   0   0   0   0   0   2  30  13   0   1   4   0   0   0   3   0  40  0.74 inf
  136 D   -3 -3  1  6 -5 -1  1 -1 -1 -4 -5 -3 -4 -1  0 -2  0 -5 -4 -4    1   1   6  59   0   2   9   5   1   1   0   0   0   3   4   0   6   0   0   1  1.05 inf
  137 R    1  0 -1  4 -2  0  4 -1  1 -5 -5 -2 -4 -5  1 -1 -2  1 -4 -4   12   4   2  24   1   3  33   4   3   0   0   0   0   0   7   3   1   2   0   0  0.60 inf
  138 S    0 -2  1  3 -3  0  0  0 -1 -3 -2 -1 -3 -4 -2  2  3 -4 -3 -2    6   1   5  17   0   3   5   7   1   1   4   2   0   0   1  19  26   0   0   1  0.38 inf
  139 W   -4 -5 -3 -6 -2 -4 -5 -3  3 -5 -2 -5 -2 -1 -1 -3 -1 11  3 -5    1   0   2   0   1   0   0   2   7   0   3   0   1   2   4   2   4  60   9   0  2.39 inf
  140 V    0  0 -1  0 -1  1  2 -2  2  0 -1  0 -1  0  0  0  1 -3  0  1    8   5   0   5   1   8  14   1   6   4   3   3   0   4   3   5  12   0   4  12  0.09 inf
  141 V    1 -3 -3 -3  0 -1  0 -4 -4 -2 -3 -3 -1 -4  6 -2  1 -4 -3  2   12   1   0   0   2   3   6   0   0   1   1   0   2   0  40   1  10   0   1  19  0.84 inf
  142 V   -1  4 -1 -1 -2  1  1 -1  2 -2 -1  1  0  0 -3  0  0 -3  1 -1    5  25   1   2   1   7  10   5   5   1   5   6   2   5   0   5   7   0   5   3  0.19 inf
  143 R   -2  2  0  0 -4  0  4 -4 -1 -2 -2 -1 -2 -2 -3  0  1 -4 -3  1    2  11   4   4   0   3  36   0   1   1   3   1   1   2   0   6  12   0   1  11  0.42 inf
  144 H   -1 -2 -3 -3 -4 -2  1 -4  4 -1 -1 -1 -3  3  2 -1 -1  4  5 -3    6   1   0   0   0   0   9   1  13   3   6   3   0  15  11   5   3   6  19   0  0.51 inf
  145 D   -1  0  0  3 -4  0  2  0 -1 -4 -3  0 -3 -2 -1  0  2 -1  2 -3    2   6   3  22   0   4  14   8   1   0   1   4   0   1   2   8  15   1   8   1  0.31 inf
  146 S    1  3 -2 -3 -1  0  0  2  1 -2 -2  0 -2 -4 -3  0  0 -4 -3  1   14  24   1   0   1   4   5  18   3   1   2   3   0   0   0   6   6   0   0  12  0.29 inf
  147 P   -1 -1 -2  0 -1 -2 -2  0 -2  1  1 -2  1 -1  3 -1  1 -4 -3  1    4   4   0   6   1   1   1  10   1  10  18   0   4   2  15   3  10   0   0  12  0.18 inf
  148 S    1 -2  0  4 -4 -1 -2 -1  1 -5 -5 -1 -4 -4 -3  4  0 -5  0 -4   11   1   3  26   0   2   0   2   4   0   0   2   0   0   0  42   4   0   3   0  0.70 inf
  149 M   -1 -1 -3 -1 -3  3 -2 -4  0  2  1 -2  2  1 -3 -2  0 -1  2  1    5   2   0   3   0  16   1   0   3  17  15   0   7   4   0   2   4   1   9   9  0.23 inf
  150 W   -6 -7 -7 -8 -6 -6 -7 -6 -6 -6 -4 -7 -2  2 -7 -6 -2 13 -1 -6    0   0   0   0   0   0   0   0   0   0   1   0   1   7   0   0   3  86   1   0  4.01 inf
  151 G   -3 -5 -3 -4 -5 -5 -5  7 -5 -6 -6 -4  0 -6 -5 -3 -5 -5 -6 -6    0   0   0   0   0   0   0  96   0   0   0   0   3   0   0   0   0   0   0   0  2.23 inf
  152 H   -5 -3  1 -4 -6 -3 -3 -5 11 -7 -6 -4 -5 -5 -5 -1 -5 -6 -2 -6    0   0   7   0   0   0   0   0  90   0   0   0   0   0   0   3   0   0   0   0  2.92 inf
  153 K   -2  3 -1  1 -5  3  3 -3  2 -4 -4  4 -3 -4 -3 -2 -2 -4 -3 -3    0  16   0   8   0  17  25   0   5   0   0  28   0   0   0   0   0   0   0   2  0.68 inf
  154 S   -2  3 -1 -3 -4  1 -2 -2  0 -3 -2  0  1 -1  3  2 -2  8 -1 -3    0  17   2   0   0   6   0   2   3   0   2   3   6   2  17  18   0  23   0   0  0.71 inf
  155 V   -2 -3 -4 -4 -2 -3 -4 -4 -4  2  3 -3  2 -1 -4 -3 -1 -3 -2  4    0   0   0   0   0   0   0   0   0   5  36   0   6   0   0   0   0   0   0  53  0.59 inf

                      K         Lambda
Standard Ungapped    0.1379     0.3238
Standard Gapped      0.0523     0.2670
PSI Ungapped         0.1710     0.3181
PSI Gapped           0.0523     0.2670
