
Last position-specific scoring matrix computed, weighted observed percentages rounded down, information per position, and relative weight of gapless real matches to pseudocounts
           A  R  N  D  C  Q  E  G  H  I  L  K  M  F  P  S  T  W  Y  V   A   R   N   D   C   Q   E   G   H   I   L   K   M   F   P   S   T   W   Y   V
    1 G   -2 -4 -2 -3 -5 -4 -4  7 -4 -6 -6 -4 -5 -5 -4 -2 -4 -5 -5 -5    0   0   0   0   0   0   0 100   0   0   0   0   0   0   0   0   0   0   0   0  1.98 inf
    2 G   -3 -2  6  0 -5  2  1  2 -2 -5 -4  1 -4 -5 -3 -1 -2 -5 -4 -5    0   1  44   5   0  12   7  15   0   0   1  10   0   0   1   4   1   0   0   0  0.87 inf
    3 I   -3 -5 -4 -6 -4 -5 -5 -6 -6  5  3 -5 -1 -3 -5 -4 -1 -5 -4  4    0   0   1   0   0   0   0   0   0  35  26   0   1   0   0   0   3   0   0  34  1.02 inf
    4 A    5 -4 -1 -4 -3 -4 -4 -2 -4 -1 -3 -4  1 -3 -4  0  2 -5 -4  3   47   0   4   0   0   0   0   1   0   1   0   0   3   1   0   4  15   0   0  24  0.76 inf
    5 I   -1 -5 -5 -5 -4 -5 -5  2 -5  3 -1 -5  0 -3 -5 -4  0 -5 -3  5    3   0   0   0   0   0   0  17   0  16   4   0   2   0   0   0   4   0   1  53  0.88 inf
    6 Y   -6 -6 -2 -7 -6 -6 -6 -7 -2 -2 -5 -6 -5  3 -7 -6 -3 -2 10 -5    0   0   2   0   0   0   0   0   0   2   0   0   0  11   0   0   1   0  84   0  2.79 inf
    7 W   -7 -5 -8 -9 -7 -7 -8 -7 -7 -7 -6 -8 -6 -1 -9 -8 -7 13  2 -8    0   1   0   0   0   0   0   0   0   0   0   0   0   2   0   0   0  92   6   0  4.59 inf
    8 G   -2 -4 -3 -3 -4 -3 -4  7 -4 -4 -4 -3 -4 -4 -4 -2 -3 -4 -4 -4    1   1   1   1   0   1   1  84   0   1   1   1   0   1   1   2   1   0   1   1  1.78 inf
    9 Q   -2  2 -3 -4 -6  8 -2 -4  2 -6 -4 -1 -4 -6 -5 -2 -2 -5 -4 -5    4  12   0   0   0  71   1   1   4   0   1   2   0   0   0   2   2   0   0   0  1.76 inf
   10 N   -2 -2  7  1 -5 -3 -1  0  0 -6 -5 -2 -5 -4 -3 -1 -2 -6  0 -5    3   2  64   6   0   0   4   8   2   0   1   1   0   0   1   2   1   0   3   0  1.34 inf
   11 G    0 -2  0 -1 -4 -1 -2  4 -1 -3 -3  1 -3  3 -1  2 -1 -3 -1 -2    6   2   3   4   0   2   1  31   2   1   1  11   0  13   3  16   2   0   1   2  0.37 inf
   12 N    2 -1  4  3 -4 -2  0  2 -2 -4 -4 -2 -4 -4 -3  0 -1  0  0 -3   17   2  24  20   0   0   6  14   0   0   0   0   0   0   1   5   3   2   4   1  0.51 inf
   13 E   -2 -2  4 -1 -5  5  5 -3 -1 -5 -4 -1 -4 -6 -4 -1 -1 -5 -4 -5    2   0  18   2   0  30  36   1   1   0   1   2   0   0   0   2   3   0   0   0  1.04 inf
   14 G   -2 -1  0 -2 -5  2  0  5 -2 -3 -3  1 -2 -5 -1 -2 -1 -5 -3 -4    2   2   4   1   0  11   5  50   1   2   2   9   1   0   4   1   4   0   1   1  0.71 inf
   15 T    1  3  0  0 -4 -1 -2 -2 -1 -3 -2 -1 -2 -4  1  3  3 -5 -4 -3    9  21   4   5   0   1   1   2   1   1   3   1   1   0   6  21  23   0   0   0  0.44 inf
   16 L   -2 -5 -6 -6 -4 -3 -6 -6 -6  0  6 -5 -1 -3 -6 -4 -1 -5 -4 -1    3   0   0   0   0   1   0   0   0   2  86   0   0   0   0   1   3   0   0   2  1.50 inf
   17 T    2  4 -1 -2 -1 -1 -1  0 -3 -2 -3  0 -1 -4 -3  3  0 -5 -4  0   21  23   1   1   1   1   2   6   0   2   1   4   1   0   0  24   4   0   0   8  0.39 inf
   18 Q   -1 -3 -1  3 -4  2  3 -4  2 -4 -3 -1 -3 -1 -2  1  0 -3  3 -3    5   0   1  19   0  12  21   0   6   0   1   1   0   3   1   9   6   0  12   2  0.47 inf
   19 T    2 -2 -4 -3 -2 -3 -4 -4  1 -1 -2 -1 -3  2 -4 -2  3 -2  6  1   17   1   0   1   1   0   0   0   3   3   1   3   0   8   0   1  21   0  29  11  0.64 inf
   20 C   -3 -5 -2 -3 11 -5 -5 -4 -5 -1 -2 -5 -4 -4 -4 -2 -2 -4 -3 -3    1   1   2   1  77   1   1   1   0   4   4   1   0   0   1   2   2   0   1   1  2.63 inf
   21 S    2 -1  2  3 -3  2  1 -1 -2 -3 -3  0 -2 -4 -2  1 -1 -4 -3 -1   19   2  10  21   0   9   8   2   0   1   2   3   1   0   1  13   3   0   0   3  0.34 inf
   22 T   -2  0  2  3 -4  1  0 -3 -1 -4 -4 -2 -2 -5 -1  3  4 -5 -4 -4    2   4  11  15   0   6   4   0   1   0   0   1   1   0   2  26  25   0   0   0  0.59 inf
   23 R    1 -2  1  2 -2 -1 -1  4 -2 -4 -4 -2 -3 -3  1  1  2 -4 -2 -3   10   1   5  11   1   2   2  30   1   0   0   2   0   1   7  12  13   0   2   1  0.43 inf
   24 K    0  0  4  1 -3  0  0 -1 -1 -3  0  1 -1 -3 -1  1  0 -4 -1 -2    9   4  23   9   0   4   3   5   1   1   9  11   1   0   3  10   5   0   2   1  0.23 inf
   25 Y   -2 -5 -5 -6 -1 -4 -5 -5 -1  2 -2 -5 -2  2 -5 -4 -4  5  8  1    3   0   0   0   1   1   0   0   1  11   2   0   1   7   0   1   0   7  53  10  1.44 inf
   26 S   -2 -2  3  6 -5  1  0 -3 -2 -5 -5  0 -5 -5 -4  0  1 -6 -5 -5    3   1  13  50   0   6   3   2   1   0   0   5   0   0   0   6  10   0   0   0  1.03 inf
   27 Y   -2 -5 -5 -5 -4 -4 -5 -5 -1  5  0 -4  2  2 -5 -3  2 -4  3  3    2   0   0   0   0   0   0   0   1  36   4   0   4   7   0   1  12   0   9  22  0.76 inf
   28 V   -3 -6 -6 -6 -4 -5 -6 -6 -6  6 -1 -5 -2  2 -3 -5 -3 -5 -1  5    1   0   0   0   0   0   0   0   0  43   2   0   0   7   1   0   0   0   2  44  1.34 inf
   29 N    0 -3  4  0 -2  0 -2 -3 -2  3 -1 -3 -1 -2  1 -2  0 -5 -3  2   10   0  25   6   1   4   1   0   1  20   5   0   1   2   7   0   4   0   0  13  0.37 inf
   30 I   -4 -3 -6 -6 -4 -5 -5 -6 -6  5  3 -5  2 -3 -5 -5 -3 -5 -4  3    0   1   0   0   0   0   0   0   0  38  32   0   5   0   0   0   0   0   0  22  1.13 inf
   31 A    5 -4 -2 -2 -4 -3 -2  2 -4 -5 -5 -3 -4 -5 -4  4 -1 -5 -5 -4   47   0   2   2   0   0   2  12   0   0   0   0   0   0   0  31   2   0   0   0  0.99 inf
   32 F   -4 -6 -7 -7 -6 -3 -7 -7 -5 -4 -4 -7 -4  9 -7 -4 -3 -3  1 -5    2   0   0   0   0   2   0   0   0   0   0   0   0  88   0   2   2   0   3   0  2.76 inf
   33 L    2 -4 -5 -5 -4 -4 -4 -2 -1  0  4 -4  2 -2 -4 -3 -3 -4  0  2   22   0   0   0   0   0   0   3   2   3  43   0   6   1   0   1   0   0   4  14  0.66 inf
   34 N   -3 -2  5  3 -3 -3  1 -4  0 -2 -4 -2 -2 -3 -2  2  1 -5  2 -2    1   1  26  20   1   0   9   0   2   2   1   2   1   1   1  13   8   0   8   3  0.58 inf
   35 K    1  1 -1 -1 -3  1 -1  0 -2 -1 -2  0 -1 -2  0  2  1 -4 -1  2   12   8   2   3   0   6   3   6   1   3   2   6   1   1   4  15  10   0   2  17  0.13 inf
   36 F   -3 -2  0 -2 -4 -4 -4 -3 -1  2 -2 -4 -3  7 -4 -2 -1  1  3 -1    2   3   5   3   0   0   1   2   1  13   2   1   0  45   1   3   4   2   9   3  0.92 inf
   37 G   -2 -3  1 -3 -4 -3 -3  5 -4 -5 -5 -2 -4  0  3 -1  0 -4 -4 -3    2   1   7   1   0   1   1  50   0   1   1   2   0   5  16   4   5   0   0   2  0.95 inf
   38 N   -1 -1  4  2 -1  0  0  1  2 -2 -3  0 -2 -3  0  0  1 -3  0 -2    4   2  20  11   1   3   5  11   6   2   2   6   1   1   5   6   9   0   4   3  0.25 inf
   39 G   -1 -1  0  1 -4 -1 -3  4 -1 -2 -2 -1  0 -3  3 -1  0 -4 -4 -2    4   4   4   7   0   2   1  38   1   2   3   2   3   1  14   3   7   0   0   3  0.51 inf
   40 Q    0  2  1 -1 -3  2 -1  2  0 -1 -2  0 -1 -3 -2  0  1  0 -2 -1    5  11   8   3   0  10   3  20   2   5   3   5   2   0   1   4   8   2   1   5  0.17 inf
   41 T   -1 -2 -1 -1 -3 -1 -1 -2  0 -1  0 -1 -1  0 -1  0  3  2  3  0    5   1   3   3   0   3   4   2   3   3   8   4   1   4   3   5  26   3  12   6  0.22 inf
   42 P   -1 -2  2 -2 -5 -4 -4 -2  1 -1 -2 -4 -4 -1  6 -3 -4  2  1  0    5   2  10   2   0   0   0   3   3   4   5   0   0   2  47   1   0   3   5   6  1.02 inf
   43 Q    0  0  0 -1 -3  0  1  2  0 -2 -1  0  0  1 -2  0  1 -3 -2 -1    8   6   5   2   0   3   9  17   2   1   6   4   2  10   1   8   9   0   0   4  0.08 inf
   44 I    1 -3 -1 -3 -2 -2 -2  1 -2  0  1 -2  2  2 -1  0  0  1  0  0   15   0   4   0   0   0   2  10   0   4  18   0   7  12   2   8   7   2   3   5  0.13 inf
   45 N   -1 -2  5  3 -4  0  0  0 -2 -1 -2 -1 -3 -4 -3  0  0 -4 -3  0    3   0  36  16   0   3   4   6   0   5   4   3   0   0   0   5   4   0   0   9  0.48 inf
   46 L   -1 -3 -3 -2 -3 -2 -3 -1 -1  1  2 -3  1  4  1 -1  1 -2 -1  0    4   0   0   2   0   2   0   5   2   8  24   0   4  25   6   3  10   0   0   3  0.31 inf
   47 A    1 -1 -1  1  0 -1 -1  2  0 -1 -2 -2 -2  1 -1  2  0 -2  0 -1   15   2   0   7   3   2   3  19   2   3   4   1   0   9   2  17   3   0   3   2  0.16 inf
   48 G   -2 -3  4  0 -1 -1 -2  4 -2 -2 -2 -2 -4 -1 -1  0 -1  2 -4 -2    2   0  26   4   1   2   2  31   1   3   3   2   0   3   3   7   4   3   0   3  0.54 inf
   49 H    0 -2  1 -1 -1  2 -2 -4  8 -3  0 -3  0 -4 -2 -1  0 -4 -1 -2    7   2   6   3   1  11   1   1  37   1  10   0   2   0   2   5   6   0   2   2  0.81 inf
   50 C   -2 -5 -3  0 10 -4 -5 -2 -5 -4 -2 -5  0 -1  0  0 -1 -5 -4 -4    3   1   1   6  57   0   1   4   0   1   5   1   2   2   6   6   3   0   0   1  1.78 inf
   51 N    0 -2  2  2 -3 -2 -1  1 -2 -3 -2 -1 -1 -1 -3  2  1  2  1 -1    6   2   8  15   0   0   3  10   0   1   3   2   1   2   0  21  11   3   6   5  0.26 inf
   52 P    1 -3 -1  0  1 -2 -2 -1 -3  0 -1 -1 -1 -3  5  0  1 -1 -2 -2   11   0   4   6   3   1   1   5   0   6   6   3   2   1  34   5   9   1   1   2  0.54 inf
   53 A    1 -1  0  0 -1 -1 -1  1 -1 -2 -1 -1 -2  0  0  2  1  0  1 -1   13   3   3   6   1   1   2  12   1   2   7   3   0   5   4  20   9   1   5   3  0.12 inf
   54 A    0 -1  1  0 -2  0 -1 -1 -2  0  1 -1  0  0  0  1  1 -2  1  0    8   2   6   4   0   4   3   4   0   5  17   2   3   5   4  13  10   0   5   5  0.06 inf
   55 G    0 -1  2  0 -3 -1 -1  3 -1 -3 -1  0 -1 -2  0  1  0 -3  0 -3    9   2  14   4   0   3   2  22   1   1   7   4   2   2   5  13   5   0   3   1  0.21 inf
   56 G    0 -1  1  2 -3 -1 -1  3  2 -3 -2  0 -3 -2  0  1  1 -4 -1 -2    5   3   6  11   0   3   3  29   5   0   3   4   0   2   5   9   8   0   2   2  0.30 inf
   57 C   -1 -5 -5  0 10 -2 -2 -2 -5 -1 -1 -5  0 -4 -2 -2 -2 -5 -1  0    6   0   0   5  53   2   2   3   0   3   5   1   3   0   2   3   2   0   2   6  1.57 inf
   58 T    0  0  0  1 -3  0 -1 -1  0 -1 -2  0  0 -3  3  1  2 -4 -1 -1    8   5   3   8   0   4   3   3   3   4   3   7   2   0  14  10  17   0   2   3  0.22 inf
   59 I    0  1  0  0 -3  1  1  0  1 -1 -1  1 -2  0  0  0  0  2  0  0    6   8   4   4   0   9  10   8   3   5   4   8   0   4   3   6   4   3   3   6  0.07 inf
   60 V    0 -2 -2 -2 -2  1 -2 -2 -1  1  1 -2  2  2  2 -1  1 -1  2  1   10   0   0   0   0   9   1   1   0  10  10   1   9   9  10   1  10   0   9  10  0.14 inf
   61 S    1  0 -1 -1 -3  0  0  3 -2 -1 -3  1 -1 -3 -2  2  0 -1 -3 -1   10   5   1   2   0   3   7  22   0   6   1  12   1   0   1  21   3   1   0   3  0.23 inf
   62 N    2  0  1  1 -2  1  2 -1 -2 -3 -3  0 -2 -3  1  2  0 -3 -3 -2   24   3   5  10   0   5  13   3   0   1   2   5   0   1   6  16   3   0   0   2  0.25 inf
   63 G   -1 -3 -1  6 -4  1  1  0 -1 -4 -2 -2 -4 -4 -3 -1 -3 -5 -4 -4    6   1   2  60   0   6   6   7   1   1   5   1   0   0   1   2   1   0   0   1  1.01 inf
   64 I   -3 -4 -2 -4 -3 -4 -4 -5 -4  7  0 -4  1 -2 -4 -4 -3 -4 -3  2    1   1   2   1   0   0   1   1   0  71   6   1   4   0   1   1   1   0   0  10  1.22 inf
   65 R    1  2  0 -2 -3  1  0 -2  2 -2 -2  4 -1 -3  1  0  0 -3 -2 -2   11  11   4   1   0   7   3   1   5   2   4  33   1   0   6   4   5   0   0   2  0.34 inf
   66 S    1 -1  0 -1 -2  0  0 -2  4 -1 -1 -1 -2 -1 -2  1  1 -2  2 -1   17   2   4   2   0   3   5   1  14   4   7   4   0   2   1  12  13   0   8   2  0.17 inf
   67 C   -2 -4 -4 -5 10 -3 -4 -4 -4 -2  0 -1 -3 -4 -4 -1 -3 -4 -2  0    2   1   0   1  65   1   1   1   0   2  10   4   0   0   1   4   1   0   1   5  1.90 inf
   68 Q   -3  0 -1 -3 -5  8 -1 -4  1 -4 -2  1 -3 -5 -4 -3 -3 -4 -4 -4    1   3   3   1   0  75   1   1   3   1   4   7   0   0   1   1   1   0   0   1  1.60 inf
   69 I    2  0  1 -1 -2  0 -1 -1 -2 -2 -1  0 -2 -1 -2  4  0 -3 -3 -2   24   4   5   2   0   4   3   3   0   1   5   5   0   3   0  34   3   0   0   1  0.33 inf
   70 Q    0  2  1 -2 -3  2  0 -2 -1  0 -1  3  0  0 -3 -1 -1 -3 -1 -2   11  10   6   0   0  12   3   1   1   7   6  28   2   5   0   2   1   0   2   1  0.25 inf
   71 G   -2 -3  1 -2 -4 -3 -3  6  0 -2 -5 -3 -4 -4 -4 -2 -3  3 -3 -4    2   1   7   1   0   0   1  71   2   4   1   0   0   0   0   2   0   4   1   0  1.28 inf
   72 I   -2  0 -3 -3 -3  0 -2 -4 -3  4 -1  4 -2 -3 -3 -3 -2 -4 -3  3    1   4   0   0   0   3   0   1   0  24   5  38   0   0   0   1   2   0   0  20  0.60 inf
   73 K   -1  0  0 -2 -2  0  0 -2  0  0 -1  3  0 -1  1  0  0 -2  1  0    4   3   3   1   0   3   5   1   2   7   5  26   3   3   7   8   8   0   8   6  0.12 inf
   74 V   -2 -3 -4 -4 -2 -3 -3 -4 -4  3  1 -3  2  2 -3 -3 -2 -3 -2  5    1   1   0   1   0   0   1   1   0  13   9   1   7   9   1   1   1   0   0  54  0.62 inf
   75 M   -2 -2 -3 -3 -2  0 -3 -3 -3  2  2 -2  3  3 -3 -1  1 -2 -1  2    1   0   0   0   0   4   1   1   0  12  27   1  10  14   0   5   9   0   0  13  0.27 inf
   76 L   -4 -4 -5 -5 -4 -4 -5 -4 -5  3  6 -5  2 -1 -3 -4 -3 -4 -3 -1    0   0   0   0   0   0   0   2   0  14  70   0   5   1   1   0   0   0   0   3  1.18 inf
   77 S    0 -4 -3 -3 -4 -3 -3 -2 -4 -5 -5 -3 -4 -5 -4  7  0 -5 -5 -4    5   0   0   0   0   0   0   2   0   0   1   0   0   0   0  83   4   0   0   0  1.66 inf
   78 L   -4 -5 -5 -5 -4 -5 -5 -6 -5  5  4 -5  1 -1 -5 -4 -2 -4 -3  2    0   0   0   0   0   0   0   0   0  37  44   0   3   2   0   0   1   0   0  10  1.05 inf
   79 G   -1 -2 -3 -2 -5 -2 -4  7 -4 -5 -5 -4 -5  0 -4 -3 -4 -5 -5 -5    4   2   0   2   0   2   1  81   0   0   1   0   0   4   0   1   0   0   0   1  1.73 inf
   80 G   -1 -5 -3 -4 -5 -5 -5  7 -5 -6 -6 -4 -5 -6 -5 -2 -4 -5 -5 -5    4   0   0   0   0   0   0  89   0   0   1   0   0   0   0   3   0   0   0   0  2.07 inf
   81 G    4 -3 -2  0 -3  1  1  3 -1 -4 -4 -2 -3 -2  0  0 -1 -4 -2 -2   37   0   0   6   0   8   8  21   2   0   1   0   0   2   4   4   3   0   2   2  0.46 inf
   82 I    1 -1  0 -1 -3 -1 -1  3 -2 -1 -2 -1 -2 -3  0  1  2 -1  0  0   11   3   4   3   0   1   4  24   0   3   3   4   0   0   3  13  14   1   3   6  0.22 inf
   83 G    0 -3  0 -1 -2 -3 -3  5 -2 -5 -4 -2 -4 -3 -2  1 -1 -4  3 -3    7   1   3   3   1   0   1  53   1   0   1   1   0   0   2  11   4   0  10   1  0.85 inf
   84 S    0  0  2  1 -3  0 -1  1  1 -3 -3 -1 -1 -3 -1  2  2  0 -2 -2    5   5  10   8   0   4   2  11   3   0   1   3   1   1   3  22  16   1   1   3  0.25 inf
   85 Y   -2 -4 -2 -3 -4  1  0 -3 -1  0 -2 -2 -3  0 -4 -2 -3 -2  8  1    3   0   2   1   0   5   7   2   1   6   2   2   0   2   1   3   1   0  50  11  1.00 inf
   86 T   -1 -1 -1 -1 -3  1  0  2 -1 -2 -2 -1 -3 -2 -2  3  1  2  0 -2    3   2   2   2   0   6   4  19   1   1   5   3   0   2   1  31   7   3   3   2  0.31 inf
   87 L   -2 -4 -5 -5 -4 -4 -5 -2 -4  1  4 -4 -1  4 -5 -2 -3  2  0  1    3   0   0   0   0   0   0   3   0   7  50   0   0  15   0   3   0   2   2  10  0.74 inf
   88 A    1 -1  1  1  0  0 -1 -1  0 -2 -1  0 -2  0  2  2  1 -3 -1 -1   10   2   7   7   2   3   2   3   3   1   5   5   0   5   9  21  11   0   1   3  0.16 inf
   89 S    0 -2  1  1 -3 -1  0  0  1 -1 -3  0  1 -3 -2  3  2 -4 -3 -2    5   0   7   9   0   0   5   6   4   5   1   5   4   0   0  33  14   0   0   0  0.32 inf
   90 Q    0  1  1  1 -2  1  1  0 -1  0 -1  1 -1 -2  1  0  0 -3 -2  0    7   7   7   7   0   7   7   7   0   7   7   7   0   0   7   7   7   0   0   7  0.08 inf
   91 A    2  0  0  2 -4  3  2 -2 -2 -3 -4  0 -2 -4  0  1  0 -4 -3 -3   21   3   3  13   0  17  12   2   0   1   0   5   1   0   4  11   6   0   1   0  0.38 inf
   92 D    2 -2 -1  4 -4  1  2 -2 -3 -3 -4 -1  0 -4 -3  3  0 -5 -2 -3   16   1   1  25   0   7  13   1   0   2   0   2   3   0   1  21   3   0   1   1  0.48 inf
   93 A    6 -3 -4 -4 -4 -2 -1  0 -4 -4 -4 -1  0 -5 -4 -1 -2 -5 -5 -2   75   1   0   0   0   2   3   6   0   0   0   4   3   0   0   2   1   0   0   2  1.23 inf
   94 K    1  2  0 -1 -1  2  1 -2 -2  0 -1  2 -2 -3 -2  0  1 -4 -3  0   15  12   4   2   1   9   8   2   0   5   4  15   0   1   1   3  11   0   0   7  0.19 inf
   95 N    1 -1  4  3  1  2  1 -2 -1 -4 -3  0 -1 -2 -3  0  0  1 -2 -2   11   2  22  16   3   9   8   1   1   0   3   4   1   1   0   5   7   2   1   2  0.33 inf
   96 V   -1 -3 -1 -5 -4 -1 -4 -2 -4  0  1 -4 -1  6 -5 -2 -3 -1  0  3    5   1   3   0   0   3   0   4   0   5  13   0   1  38   0   2   1   1   1  23  0.69 inf
   97 A    6 -4 -2 -3 -3 -2 -3 -1 -2 -1 -2 -3 -3 -2 -4 -1 -3 -5 -4 -1   73   0   2   1   0   2   1   4   1   4   3   0   0   2   0   2   0   0   0   4  1.09 inf
   98 D   -2 -2  3  4 -4  1  1 -2  0 -3 -3 -1 -1 -3 -1 -1  1  2 -1 -3    3   1  18  29   0   7   8   2   1   1   1   4   1   1   3   3   9   3   2   1  0.47 inf
   99 Y   -1 -1  1 -2 -3 -1 -1 -3  2  0 -1 -2 -1  3 -3  1  2  0  5 -2    4   3   8   1   0   3   2   1   4   6   5   2   1  11   0  12  12   1  22   1  0.33 inf
  100 L   -1 -3 -4 -4 -2 -3 -4 -4 -4  2  4 -3  3  0 -4 -3 -1 -3 -2  2    3   0   0   0   0   0   1   1   0  13  47   0  10   3   0   1   3   0   0  16  0.59 inf
  101 W   -4 -4 -2 -5 -4 -2 -4 -4  2 -1 -2 -3 -3  2 -5 -4 -2 10  4 -1    1   0   2   0   0   2   0   1   4   3   2   2   0   8   0   0   3  49  17   4  1.85 inf
  102 N    0 -1  4  2 -3  0  0  1  2 -2 -3 -1 -3 -3 -2  1  0 -3  0 -3   10   2  29  10   0   5   6  10   4   2   2   2   0   0   0  11   3   0   4   0  0.34 inf
  103 N    1 -2  1 -2 -2 -1 -2 -2 -1  0  2 -1  1 -1  0  0  1  0 -1 -1   16   1  10   0   0   1   0   1   1   4  29   2   5   2   5   6  10   1   2   2  0.15 inf
  104 F   -2 -1 -2 -3 -3 -2 -2 -3  2 -1  0 -2 -1  6 -3 -2 -2 -1  4  0    2   5   1   1   1   1   2   2   5   1   5   2   1  44   1   2   2   0  15   8  0.69 inf
  105 L   -1 -2 -2 -2 -2  0 -2  3 -2 -1  3 -2  1  0 -2 -2 -2 -2 -2 -1    4   1   1   1   0   6   2  28   1   1  36   1   4   4   1   2   2   0   1   2  0.30 inf
  106 G   -1 -2  0  0 -3 -2 -1  4 -2 -2 -2 -2 -3 -3  4  0 -1 -3 -3 -3    4   1   5   6   0   1   4  32   1   2   3   1   1   1  22   6   2   0   1   2  0.49 inf
  107 G   -1 -2  0 -1 -3 -2 -2  5 -1 -3 -3 -1 -2 -2  0  0 -1 -3 -1 -1    4   2   4   3   0   2   2  49   1   1   2   3   1   2   4   5   4   0   3   6  0.53 inf
  108 K   -1  0  1 -1 -2  1  0 -1  1 -2 -1  0  0 -1 -1  2  1  2  1 -2    3   4   7   3   0   8   4   4   3   1   5   6   2   1   3  21  12   3   4   1  0.13 inf
  109 S    0  1  0  2 -3  0  0 -1  0 -3 -3 -1 -2 -2 -1  4  1 -3  1 -3    5   7   3  10   0   3   4   3   2   1   1   2   0   2   2  33  10   0   6   1  0.28 inf
  110 S    1 -1  1  0 -2 -1 -1  1  0  0  0 -1 -1 -2  0  1  0 -3 -2  0   13   2   6   4   0   2   3  13   2   5   9   3   0   1   4  14   7   0   1   9  0.07 inf
  111 S   -1 -1  0  1 -2 -1  0  0 -1  1  0 -1  0 -1  1  1  2 -2 -1 -1    3   3   3   9   0   2   5   6   2  10   7   4   3   2   8  14  14   0   2   3  0.08 inf
  112 R   -1  6 -2  0 -3  1 -1 -1  0 -3 -1  0 -2 -3 -3  0 -2  1 -2 -3    6  49   1   6   0   5   1   4   2   1   7   4   0   1   1   6   1   2   1   1  0.64 inf
  113 P   -1 -3 -3 -2 -3  0  1 -3 -3  0 -1 -2 -2 -3  6  0  0 -4 -3 -1    3   1   1   1   0   5   9   1   0   6   7   1   0   1  48   6   5   0   1   4  0.93 inf
  114 L   -1 -3 -3 -4 -3 -3 -3 -1 -3  2  1 -3  3  5 -3 -1 -2 -2  2  0    5   0   0   0   0   0   1   6   0  13  13   0  12  31   0   6   0   0   5   5  0.45 inf
  115 G    0  0  0  1 -3  1  0  4 -2 -3 -2  0 -2  0 -3  0  0 -3  0 -1    5   5   4  11   0   6   4  34   0   0   4   4   0   4   0   4   5   0   4   4  0.27 inf
  116 D   -1  0  1  3 -3  1  2  0  2 -3 -3  1 -2 -1  1  1  1 -3 -2 -3    4   4   5  17   0   8  14   5   6   0   1   7   0   4   6  10   9   0   0   0  0.25 inf
  117 A    3 -3 -1 -1 -2 -2 -1 -1 -2  0  0 -2 -2 -1  0  0  0  5  4  0   30   0   3   3   0   0   3   3   0   5   7   0   0   0   4   4   4   8  17   7  0.29 inf
  118 V    1 -3 -3 -3 -3  0 -2  1 -4  1 -2 -2 -1 -1 -3  0 -1  0 -1  4   10   1   1   1   0   4   1  13   0   8   1   3   1   3   0   7   3   1   2  40  0.35 inf
  119 L   -3 -4 -4 -4 -3 -4 -4 -1 -4  2  4 -4  1  3 -4 -3 -3 -3 -2  3    1   1   0   1   0   0   1   5   0   8  39   1   2  13   1   1   1   0   0  27  0.64 inf
  120 D   -4 -4  3  8 -5 -3 -1 -4 -4 -5 -5 -3 -5 -5 -4 -2 -3 -6 -5 -3    1   0  11  76   0   0   2   1   0   0   1   0   0   0   0   1   1   0   0   3  1.84 inf
  121 G   -3 -5 -3 -4 -5 -4 -5  7 -5 -6 -5 -4 -5 -5 -5 -3 -4 -5 -5 -5    1   1   0   1   0   0   1  91   0   1   1   1   0   0   1   1   1   0   0   1  2.19 inf
  122 I   -3 -4 -4 -4 -3 -4 -4 -2 -3  4  0 -4 -1  5 -4 -4 -3  1  2  3    2   1   0   1   0   0   1   4   0  28   4   1   1  26   1   1   1   2   7  20  0.77 inf
  123 D   -4 -4  2  8 -5 -3 -2 -4  0 -5 -5 -4 -5 -5  0 -3 -4 -6 -5 -5    1   1   8  77   0   0   1   1   2   1   1   1   0   0   4   1   1   0   0   1  1.92 inf
  124 F   -1 -4 -4 -5 -4 -4 -4 -5 -4  2  2 -4  0  7 -4 -4 -2 -2  0 -1    5   1   0   1   0   0   1   1   0  13  19   1   1  48   1   1   3   0   1   3  1.07 inf
  125 D   -2 -4  1  7 -5 -3  1 -3  0 -4 -4 -3 -4  1 -4 -3 -3 -4  1 -2    3   1   6  59   0   0   9   2   2   1   1   1   0   7   1   1   1   0   4   3  1.19 inf
  126 I   -2 -4  1 -4 -3 -4 -4 -3 -4  5  2 -2  1  3 -4 -3 -2 -3 -2  0    3   1   7   1   0   0   1   2   0  45  16   2   3  12   1   1   2   0   0   4  0.71 inf
  127 E   -3  0 -2  2 -5  2  6 -3  0 -4 -2 -1 -4  0 -3 -3 -2 -4 -4 -3    1   5   2   9   0   7  57   2   3   1   3   1   0   4   1   1   1   0   0   2  0.98 inf
  128 H    0 -1  3  1 -3  1  0  1  2 -1 -2  0 -2 -1 -2  1  1 -1 -1 -2    9   3  17   8   0   6   3  10   7   3   5   5   0   3   1  10   7   1   2   1  0.16 inf
  129 G    0 -2  1  0 -3 -1 -2  5  0 -4 -3 -1 -3 -3  1 -1 -2 -3  0 -3    5   2   8   4   0   2   2  48   2   1   2   3   0   1   8   3   2   0   4   2  0.65 inf
  130 S    0 -1  1  1 -3  1  0  1 -2 -1 -2 -1 -2 -3 -1  3  2 -1 -2 -2    5   2   7   7   0   7   4  12   0   3   3   2   0   1   3  25  14   1   1   2  0.24 inf
  131 T   -1 -1  2  0 -3  0  1  1 -1 -2 -2 -1 -1 -2  3  0  1  0 -1 -1    5   2  11   3   0   4   9  13   1   2   2   3   2   1  16   7  12   1   3   4  0.24 inf
  132 L    0  0  1  1 -2  2  0  0 -1 -1  0  0 -1 -1  0  0  1 -3 -1 -1   10   3   7   9   0  13   5   8   1   2  11   3   1   4   5   5   9   0   2   3  0.08 inf
  133 Y   -1 -1  3 -3 -4 -2 -2  2  6 -2 -3 -2 -3  2 -3 -2 -1  1  4 -3    4   3  15   1   0   1   1  15  20   2   2   2   0   7   1   1   3   2  17   1  0.58 inf
  134 W   -2 -2 -2 -4 -4 -1 -4 -2 -2  0 -2 -3  3  1 -3 -2 -2  7  7 -2    4   2   2   1   0   4   1   3   0   7   4   1   7   3   1   3   3  16  38   2  1.05 inf
  135 D    1 -2  1  4 -3  0  0  0 -1 -2 -2 -2 -2 -3  0  0  0 -3 -1  0   15   1   7  29   0   4   3   6   1   2   4   1   0   1   5   6   4   0   3   8  0.30 inf
  136 D    0 -1  0  1 -2  1  1 -2  0  0 -1  0  2  0  1  0  0 -2  0  0   11   3   4   8   0   8  11   1   2   6   4   3  11   5   6   4   4   0   4   5  0.08 inf
  137 L    0 -1 -3 -4 -3 -1 -3 -1 -3  2  3 -3  4  3 -4 -3 -2 -2  1  0    7   3   0   0   0   4   0   5   0  12  30   0  13  14   0   0   0   0   4   6  0.35 inf
  138 A    3 -1  0 -3 -2  0 -2  0 -3  1  0 -1 -1 -1 -2  0  0 -3 -2  1   35   3   4   0   0   5   0   5   0  12   7   3   0   3   0   6   6   0   0   9  0.20 inf
  139 R    0  4  2 -1 -4  2 -1 -2 -1 -2 -3  2 -1 -4  0  0  0 -4 -3 -3    9  25  10   2   0  11   2   1   1   2   2  14   1   0   4   7   7   0   0   1  0.38 inf
  140 Y    1  2 -1 -1 -3  0  1 -3 -1 -1  0  0  1  1  0 -1  0 -3  0 -1   18  14   1   3   0   5  10   0   1   1  12   5   4   6   4   3   7   0   3   3  0.11 inf
  141 L   -3  1 -4 -5 -4 -2 -4 -2 -4  0  5  0  2  0 -3 -3 -2  2 -3 -1    0   8   0   0   0   2   0   3   0   5  56   6   4   3   1   2   2   3   0   3  0.66 inf
  142 S   -1  5  1  0 -4 -1  0 -3  0 -4 -3  1 -3 -2  0  2 -1  0  0 -4    5  34   5   5   0   1   4   1   2   0   2   8   0   1   4  18   3   1   4   0  0.50 inf
  143 A    1  1  1  0 -3  1  1  1  1 -2 -2  0 -2 -2 -2  2  1 -1  0 -2   13   8   6   4   0   8   8   9   4   3   2   4   0   1   0  15   8   1   3   2  0.15 inf
  144 Y   -1 -1 -2 -3 -1 -3 -3 -4  3  0  3 -3 -1  4 -3 -3 -1 -2  4 -1    6   3   2   2   1   0   1   1   8   6  29   1   1  16   1   1   4   0  16   2  0.49 inf
  145 S    1  1  3 -1 -1  0 -1  0  0 -3 -2 -1  0  1 -1  3  0 -3  0 -2   10   8  16   1   1   3   2   5   2   0   3   2   2   7   3  23   4   0   3   2  0.24 inf
  146 K    0  1  1  3 -4  1  0 -1  1 -4 -3  3 -3 -4 -2  0  0 -4 -4 -4    7   8   6  21   0   7   4   3   4   0   2  21   0   0   1   8   5   0   0   0  0.42 inf
  147 Q    0  0  1  0 -1  2  0  0  1 -2 -1  1  0 -1  2  0  1 -3  0 -2   10   4   7   5   1  12   5   6   5   1   6   7   2   2   9   5   9   0   3   1  0.12 inf
  148 G   -1 -1  1  0 -4 -2 -2  4 -3 -3 -3 -1 -2 -1 -2  2 -1  0  0 -3    3   3   7   6   0   1   2  38   0   1   2   3   1   3   1  20   2   1   4   2  0.53 inf
  149 K   -1  2  1  0 -4  0  0  0  2 -4 -4  4 -3  0  1  0  0 -4  0 -3    5  11   5   5   0   4   4   7   5   0   1  27   0   4   7   6   5   0   4   0  0.31 inf
  150 K   -1  1  0  1 -3  1  1  1  1 -1 -2  1  0 -3  0  0  1 -3  0 -1    4   7   4   9   0   8   8  10   4   3   3  10   3   0   4   7   9   0   3   3  0.12 inf
  151 V   -3 -2 -3 -4  0 -3 -3 -3 -2  0  1 -1  2  3 -2 -2 -2  1  5  3    1   2   0   0   2   0   1   2   0   3  12   3   5  13   2   3   1   1  27  21  0.52 inf
  152 Y    0 -2 -3 -4 -1 -2 -2 -4  1  1  2 -2  1  1 -4 -2 -1  1  6  1    7   2   0   0   1   1   2   1   3   9  18   1   3   4   0   2   3   1  32   9  0.48 inf
  153 L   -1 -2 -3 -3 -2 -2 -3 -3 -3  3  3 -2  2  1 -2 -2  0  2 -1  1    5   1   1   1   0   1   1   1   0  30  36   1   5   4   1   1   4   4   0   5  0.27 inf
  154 T    1 -1  0  2 -2  1  0  1 -1 -2 -2 -1 -2 -3 -1  2  3 -3 -2 -1    9   1   1  13   0   9   1   8   0   1   1   1   0   0   1  21  31   0   0   1  0.28 inf
  155 A    2  1 -1 -2 -1 -1 -1  0  1  0 -1 -1  1 -2 -2  0 -1 -2 -1  1   35  10   1   1   0   1   1   8   6   6   1   1   8   0   1   7   1   0   0  14  0.12 inf
  156 A    3  1 -1  0 -1 -1  0 -1 -2 -2 -2 -1 -1 -3 -1  1  1 -3 -2  0   51  10   0   5   0   0   7   1   0   0   1   0   0   0   0  10   7   0   0   5  0.27 inf
  157 P    0 -2  0 -2 -3 -2 -1 -2 -2 -2 -3 -1 -2 -3  7  1  0 -3 -3 -1    5   1   4   1   0   0   1   1   0   1   1   1   0   0  64  10   5   0   0   6  1.20 inf
  158 Q   -1  3 -1  1 -3  5  2 -1 -1 -3 -2  1 -2 -3 -2  0 -1  0 -2 -3    2  16   1   7   0  40  10   5   0   1   3   3   0   1   1   6   2   1   0   1  0.46 inf
  159 C   -1 -4 -3 -4 10 -3 -4 -3  0 -3 -3 -3 -3 -1 -3  0  0 -3 -3 -2    4   0   0   0  70   0   0   1   3   0   1   0   0   3   0   8   7   0   0   0  1.61 inf
  160 P    0 -2 -2 -2 -2 -2 -1 -1 -1  0 -1 -1  0 -1  6  0  0 -3 -2  0   10   1   0   0   0   0   2   3   1   9   5   2   3   2  41   7   4   0   1   8  0.61 inf
  161 F   -2 -2 -3 -1 -1 -2 -3 -3 -1  0  0 -3  1  5 -2 -1 -1 -1  5 -1    2   1   0   5   1   1   0   1   0   6   8   0   5  27   2   6   4   0  26   4  0.45 inf
  162 P   -1 -3 -2 -1 -3 -1 -2 -2 -3 -3 -2 -1  0  0  7 -1 -2 -4 -3  0    4   0   2   3   0   3   1   2   0   0   3   3   4   4  58   4   2   0   0   7  1.12 inf
  163 D   -4 -4  1  7 -5  2  0 -2 -3 -4 -5 -3 -5 -1 -1 -2 -2 -5 -4 -5    1   0   6  61   0  10   4   3   0   1   1   0   0   3   3   2   2   0   0   0  1.29 inf
  164 R    2  1 -1  0 -3  0  0  0  1 -2 -2  0 -1 -2  2  0 -1  1  1 -2   22   8   2   6   0   3   6   5   4   2   4   5   1   1  11   8   2   2   5   2  0.17 inf
  165 Y    0  1  1 -3 -4  1 -1  0  3 -2 -2 -1 -1  0 -2  1  0  4  4 -3    9   8   8   0   0   6   3   7   7   2   3   2   2   3   2  11   6   6  16   0  0.28 inf
  166 L   -1 -3 -1  0 -3 -1 -1 -1 -3  1  2 -1  4  1 -1 -1 -1  1  0  1    5   0   4   5   0   3   4   5   0   6  25   3  14   5   2   3   3   2   3   9  0.19 inf
  167 G   -1 -1  1  1 -3  1  0  3 -2 -2 -2  1 -3 -1  1  0 -1  1  0 -2    5   3   7   7   0   6   5  24   0   2   5   8   0   3   7   8   3   2   3   2  0.19 inf
  168 T    0  0  0  1 -2  0  1  0  0 -1 -1  0  0 -2  1  0  1  1  0 -1   10   4   4   7   0   4   8   9   2   3   8   6   2   0   8   7   9   2   4   4  0.07 inf
  169 A    4 -4 -1 -1 -3 -3 -2 -2 -4  1  0 -3  3 -1  0  0 -1 -4  1  0   37   0   4   3   0   0   2   2   0   8  10   0   7   2   5   5   3   0   6   6  0.37 inf
  170 L   -1 -5 -1 -5 -4 -5 -5 -5 -5  4  4 -3  2  0 -2 -4 -4 -4 -1  1    5   0   3   0   0   0   0   0   0  27  41   2   4   4   2   0   0   0   2   8  0.79 inf
  171 N    1  0  2  1  2  1  0  0 -1  0 -3  1 -1 -2 -2  1  0  0  1 -2   15   4  13   7   5   6   6   6   1   6   1   8   1   1   1  10   4   1   5   1  0.15 inf
  172 T    0 -1  2  0 -3  2 -1  1  1 -2 -3  1 -3 -4 -3  1  4 -4 -1 -1    5   2  10   4   0   8   3  10   4   2   2   8   0   0   0   7  29   0   2   3  0.32 inf
  173 G    1 -1  0 -1 -1  0 -1  3 -3 -2 -3  0 -3 -4 -1  2 -1  0 -1  0   14   3   4   4   2   5   3  25   0   2   2   5   0   0   2  14   3   1   2   9  0.24 inf
  174 L   -1 -2 -1  0 -3  0 -2 -3 -1  0  3  0  0  0  0 -1 -1 -3  0  0    5   2   4   5   0   5   2   2   2   5  36   5   1   3   5   5   2   0   4   7  0.18 inf
  175 F   -2 -2 -5 -5 -5 -5 -5 -5 -4  2  1 -2  2  7 -5 -1 -4 -3  2  1    3   3   0   0   0   0   0   0   0  11  12   3   4  43   0   5   0   0   6   8  0.96 inf
  176 D    0  1  1  1 -3 -1  1  1  2 -3 -3 -1 -2 -2  2  1  1 -2  1 -2    9   9   9   9   0   0   9   9   9   0   1   0   0   0   9   9   9   0   9   1  0.19 inf
  177 Y    0  3 -1 -1 -3  0 -1  0  1  0 -1  0  1  1 -3 -1 -2  2  2  0    9  21   2   2   0   2   2   7   4   8   3   2   6   8   0   4   0   2  11   5  0.14 inf
  178 V    0 -4 -4 -4 -2 -3 -4 -4 -4  4  2 -3 -1  1 -4 -1 -2 -3 -2  4    6   0   0   0   0   0   0   0   0  33  17   0   0   6   0   6   0   0   0  28  0.56 inf
  179 W   -2 -3  2 -3 -4 -1 -2  0  5 -3 -2 -3 -1  3 -4 -1 -3  7  3 -3    2   0  13   0   0   3   1   7  19   0   3   0   2  15   0   4   0  18  10   1  0.71 inf
  180 V   -2 -3 -3 -4 -2 -1 -3 -4 -4  3  0 -3  3 -2  1  0  0 -4 -3  5    1   0   0   0   0   3   1   1   0  16   3   0   8   0   7   6   3   0   0  48  0.54 inf
  181 Q   -3  3  0 -2 -4  7  0 -3  1 -2 -4  1 -2 -4 -3  0 -2 -4 -3 -4    1  18   3   0   0  55   3   1   2   3   1   5   0   0   0   6   0   0   0   1  1.00 inf
  182 F   -3 -3 -2 -4 -3 -3 -3 -4  0 -1  0 -2  1  7 -4 -3 -1  1  4 -1    1   0   2   0   0   0   2   1   3   3   7   2   3  53   0   1   4   2  14   2  0.93 inf
  183 Y   -3 -3 -3 -2 -4 -3 -3 -1 -1 -3 -2 -3 -2  4 -4 -3 -1  0  8 -3    1   1   1   3   0   1   1   5   0   1   1   1   0  16   1   1   4   0  62   1  1.34 inf
  184 N   -2 -2  6  2 -3 -1  0  2 -1 -4 -4 -1 -3 -3 -3  0 -1 -3  0 -3    1   1  52  11   0   1   4  13   0   1   1   2   0   1   1   7   1   0   3   1  0.73 inf
  185 N    0 -3  6  4 -4 -2 -1 -2 -2 -5 -5 -3 -4 -5 -4  1  0 -5 -4 -4    9   0  44  21   0   0   3   2   0   0   1   0   0   0   0  12   6   0   0   0  0.97 inf
  186 P    0 -2 -1  0 -3 -1 -1  3 -2 -3 -2 -2 -3 -1  4  1 -1  1  2 -3    5   2   2   6   0   2   3  23   0   1   3   1   0   2  21  12   3   2  10   1  0.42 inf
  187 P   -1 -1 -1  0  7  0 -1  0  0 -2 -2 -2 -1 -3  1  0  0  1  2 -2    5   3   3   5  24   4   4   8   2   2   3   2   2   0   7   7   7   2   7   3  0.43 inf
  188 C   -2 -1 -1 -5  9 -5 -2  1  0 -1 -2 -2  3 -1 -5 -2 -1 -5 -5 -2    3   4   4   0  43   0   3  10   3   3   3   3   9   3   0   3   3   0   0   3  1.24 inf
  189 Q    1 -1  1  0 -3  2  0 -1  0 -2  0 -1  1 -1  0  1  1 -3 -1  0   10   2   7   4   0  10   6   3   2   0   8   2   4   3   5  13  10   0   2   6  0.11 inf
  190 Y    1 -1  0 -1  3 -1 -1  2 -1 -1 -2 -2 -1  1 -1 -2 -1  2  4  0   11   3   4   3   6   3   4  14   2   3   4   2   2   5   3   2   3   3  16   6  0.23 inf
  191 S    1  0  1  0  1  0 -1  1  0 -2 -3  0 -1 -2  0  2  0  0 -1 -1   14   5   8   5   4   3   2   9   2   2   2   6   1   2   5  19   5   1   2   3  0.16 inf
  192 S    0 -1  1  1  1  2  0 -2  2 -3 -2 -1 -2 -1  0  3  0 -5  0 -4    8   2   6   8   3  11   5   2   4   1   4   4   1   3   5  24   6   0   3   0  0.27 inf
  193 G   -1 -1  0  0 -4  0 -1  4 -3 -2 -3 -1 -3  1 -2  1  0  1  0 -2    4   3   5   4   0   5   4  31   0   2   3   3   0   6   2  13   6   2   3   2  0.34 inf
  194 N   -1 -2  4  1 -1  2  0  1 -3 -2 -3 -1 -3 -1 -2  1 -1 -4 -2  0    4   2  23   8   2  10   5  11   0   3   2   3   0   3   2  11   3   0   2   7  0.32 inf
  195 I    1 -2  2 -1 -3 -1 -1  0 -1 -1 -1 -1 -1  2  1  0  1  0  0  1   11   2   9   2   0   2   3   7   2   3   4   4   1  12   8   6  11   1   2  11  0.11 inf
  196 N    0 -1  3  3 -4  0  0  1 -3 -1 -3 -1 -2 -4 -2  0  0  0  0 -1   10   3  16  17   0   4   5  11   0   3   2   3   1   0   2   7   7   1   3   4  0.27 inf
  197 N    0 -1  3  0 -1 -1 -1  1  0 -2 -1  0  0  2 -1  1  0 -3  2 -2    7   2  15   6   1   2   4   9   2   2   5   5   3  11   3   9   5   0   7   2  0.14 inf
  198 I    0 -3  2 -1 -4 -1 -1  0  1 -1  2 -2  1  2 -1  1 -1  4 -2 -1    8   0  11   4   0   2   3   6   3   3  19   2   3  10   2  10   3   6   0   4  0.18 inf
  199 I   -1  0 -2 -2 -3  0 -1 -1  0  0  0  0  1  2  0 -2  0  4  1  1    3   6   2   2   0   5   5   5   3   5  11   5   5   9   5   2   5   6   6  11  0.10 inf
  200 N    1 -1  2  2 -4  0  0  1 -3 -2 -2 -1 -1  3 -2  0 -1 -4  0 -2   14   2  12  11   0   5   6   9   0   2   4   4   2  13   2   6   2   0   3   3  0.19 inf
  201 S    2 -2  3 -1 -1  1 -1 -1 -3 -4 -2 -2 -2 -3 -3  3  2  1 -2 -2   20   2  14   3   1   5   3   4   0   0   4   2   1   1   0  21  13   2   1   2  0.36 inf
  202 W   -3 -6 -1 -7  1 -6 -6 -4 -5 -5 -2 -6 -1  3 -3 -4 -3 11  3  0    2   0   3   0   3   0   0   2   0   0   5   0   1  10   2   2   1  52   9   7  2.24 inf
  203 N   -1 -1  4  5 -5 -1  0 -3 -1 -1 -1  0 -1 -4 -4  0 -1 -5 -1 -2    6   3  18  29   0   2   6   1   1   4   7   7   1   0   0   6   3   0   2   3  0.47 inf
  204 R   -1  1  3  2 -4  3  0 -2 -1 -3 -2  2 -1 -1 -4  0  0 -5 -2 -3    5   5  15  11   0  17   6   3   1   1   3  14   1   3   0   5   7   0   1   1  0.36 inf
  205 W   -4 -6 -6 -4 -6 -3 -6 -1 -2 -2  0 -6  2  2 -6 -4 -3 11  2 -2    2   0   0   1   0   1   0   5   1   3   9   0   4   7   0   2   2  53   5   2  2.20 inf
  206 T    2 -3 -2 -2 -1 -2  0 -3 -4  0  0 -3 -1  1 -3  0  4 -4 -3  1   21   0   1   1   1   1   6   1   0   6   7   0   1   6   0   7  27   0   0  10  0.36 inf
  207 T    2  1  1 -1 -4  1  0 -1 -2 -3 -4  2 -1 -4  1  3  1 -1 -4 -3   16   6   5   2   0   5   4   4   1   1   1  13   1   0   8  21   7   1   0   1  0.28 inf
  208 S    1  0  1  0  0 -1 -1  1 -2 -2 -2 -1 -2  0  0  2  1  0  0 -1   13   5   6   4   2   1   4  12   1   2   2   3   1   4   3  18  10   2   3   3  0.12 inf
  209 I   -1 -1 -1 -2 -2 -1 -1 -2  0  2  1 -1  0  0 -1 -1  0 -2  2  1    5   2   3   2   0   3   2   3   2  15  13   3   2   4   3   4   6   0  10  11  0.04 inf
  210 N    0  1  2  0 -4  0  0  0 -3 -4 -4  0 -4 -5  4  2  0 -5 -4 -4    5   7   9   4   0   5   5   6   0   0   0   6   0   0  23  19   4   0   0   0  0.44 inf
  211 A    2  0  1  0 -3  0 -1  1  0 -2 -2  0 -2 -2  2  0  0 -4 -3 -1   19   4   9   4   0   3   3   9   2   2   3   6   0   2  12   5   5   0   0   4  0.13 inf
  212 G    1 -1  2  1 -1 -1 -1  0 -2 -2 -2  0 -2 -3  0  2  1 -3 -3 -2   12   3  14   7   1   1   2   5   0   2   2   7   0   0   5  17  11   0   0   2  0.15 inf
  213 K   -2  2  0 -1 -4  3  0 -2 -1 -3 -3  4 -1 -4 -3  0  0 -1 -2 -3    1   9   4   2   0  14   4   1   1   0   2  37   1   0   0   6   5   1   1   1  0.42 inf
  214 I   -2 -3 -4 -4 -3 -3 -4 -4 -4  3  2 -3  1  1 -3 -3 -2 -3 -2  4    2   1   0   1   0   0   1   1   0  20  19   1   3   6   1   1   1   0   0  35  0.50 inf
  215 F   -2 -3 -4 -4 -4 -2 -4 -2 -1 -1  0 -1  1  6 -4 -3 -3  1  5 -1    3   0   0   0   0   1   0   4   1   2   7   3   3  38   0   1   0   2  20   4  0.71 inf
  216 L   -2 -3 -4 -4 -3 -3 -4 -4  0  3  3 -3  2  0 -4 -3 -2 -3 -1  3    2   0   0   0   0   0   0   1   2  21  33   0   4   2   0   1   0   0   1  21  0.47 inf
  217 G   -2 -4 -3 -2 -4 -4 -3  6 -4 -5 -5 -4 -4 -4 -4 -2 -2 -4  0 -5    2   0   0   2   0   0   1  75   0   0   1   0   0   0   0   2   3   0   3   0  1.36 inf
  218 L   -1 -3 -4 -4 -3 -3 -4 -4 -4  1  4 -2  0 -1 -4 -3 -2  2 -2  2    6   0   0   0   0   0   0   1   0   6  48   2   1   2   0   1   1   3   0  18  0.49 inf
  219 P   -1 -4 -4 -4 -4 -3 -3 -1 -4 -2 -1 -3 -3 -4  7 -2 -1 -5 -4  1    5   0   0   0   0   0   0   4   0   1   6   0   0   0  57   2   3   0   0  10  1.24 inf
  220 A    5 -3 -3 -3 -3 -3 -3  2 -3 -1 -2 -3 -3 -4 -2  0 -2 -4 -4 -1   59   0   0   0   0   0   0  12   0   3   4   0   0   0   1   6   2   0   0   2  0.68 inf
  221 A    2 -2  1 -1  0 -2 -1  0  0 -3 -3 -2  1 -4  0  4 -1 -4 -3 -2   18   1   7   3   2   0   2   6   2   1   1   0   4   0   3  38   3   0   0   2  0.37 inf
  222 P   -1 -1 -1  0 -4  1  1  0 -2 -3 -3 -1 -3 -4  5  0  1  1 -3 -2    3   3   3   4   0   7  10   6   1   1   1   2   0   0  31   7   9   2   0   3  0.46 inf
  223 E    1  0  0  1 -3  1  2  0 -2 -2 -2  0 -2 -2  0  2  0 -3 -2 -2   12   6   5   6   0   5  16   5   0   1   4   4   1   1   3  16   6   0   1   2  0.12 inf
  224 A    4 -3 -1  0 -2 -1 -2  1 -1 -2 -2 -2  0 -3 -1  1  0 -4 -3 -1   45   1   2   4   0   3   1   8   1   2   4   1   2   0   2   8   5   0   0   2  0.35 inf
  225 A    5 -3 -2  0 -3  0 -2  1 -3 -3 -2 -2 -3 -4 -2  1 -1 -4 -3 -1   55   1   2   7   0   4   1  11   0   1   4   2   0   0   1   7   2   0   0   3  0.63 inf
  226 G   -1  1  1  1 -3 -1 -1  4 -2 -4 -3  0 -3 -2  2  0 -2 -3 -2 -3    3   9   7   8   0   1   3  35   0   1   2   6   0   2  10   9   1   0   1   1  0.43 inf
  227 S    0  1  1  1 -3  1  0  0  0 -3 -3 -1 -3 -4 -1  4  0 -4 -2 -2    8   8   7   7   0   5   6   6   3   1   1   0   0   0   2  35   5   0   1   3  0.32 inf
  228 G   -1 -4 -2  0 -5 -2 -2  6  0 -4 -5 -3 -3 -5 -4 -2 -4 -5 -1 -3    5   0   1   5   0   2   2  73   3   1   0   1   1   0   0   2   0   0   2   2  1.35 inf
  229 Y   -3 -4 -2 -6 -5 -2 -4 -6  0 -4 -3 -5 -1  4 -6 -2 -3  4  8 -4    2   1   2   0   0   2   1   0   1   0   1   0   1  16   0   3   2   5  62   0  1.77 inf
  230 V   -1 -3 -3 -5 -3 -2 -4 -2 -4  4  0 -4  2 -1 -4 -3 -1 -1  2  4    5   1   1   0   0   2   0   3   0  30   8   0   6   1   1   0   2   1   7  31  0.61 inf
  231 P   -1 -3 -1  2 -3 -1 -1 -2  0 -3 -3 -2 -4  2  5  2  1 -2 -1 -4    5   1   2  14   0   2   3   2   3   1   1   2   0   9  28  16   9   1   2   0  0.55 inf
  232 P    1 -2 -2 -1 -4  0 -2 -2 -1 -2 -1 -2 -1 -5  6 -1  1 -5 -4  1   14   2   1   3   0   5   1   2   2   2   6   1   1   0  39   3   9   0   0  10  0.72 inf
  233 D    0 -1  1  3 -4  1  1  0 -2 -3 -3  2 -3 -4  0  2 -1 -5 -4 -3    7   2   6  20   0   5   7   8   0   1   2  15   0   0   5  18   2   0   0   1  0.34 inf
  234 V    0 -1  1  3 -3  1  2 -3 -3 -1 -3 -1 -2 -4 -2  0  1 -4 -1  2    8   3   8  18   0   5  12   1   0   3   1   2   0   0   1   6  12   0   2  17  0.26 inf
  235 L   -1 -4 -4 -5 -4 -1 -2 -4 -5  1  5 -4  2 -1 -5 -3 -2 -4 -4  2    4   0   1   0   0   4   3   2   0   5  57   0   5   1   0   1   2   0   0  17  0.79 inf
  236 I    1  0  0 -2 -2 -1 -1 -2 -1  1  0  1  0 -1 -2 -1  2 -2  3  0   11   4   4   1   0   2   4   2   1   9   9   9   3   1   1   2  16   0  15   6  0.15 inf
  237 S    1 -1  1 -1 -4  0 -1  0 -1 -3 -4  0 -3 -2  0  4  0 -3  4 -3    9   3   7   3   0   4   3   6   1   1   0   7   0   1   4  33   4   0  15   1  0.40 inf
  238 R    1 -1  0  1 -3  3  0  0 -1 -1  0  0 -1 -2 -1  0  1 -3  0 -2   17   2   4   7   0  16   5   8   1   3   9   6   1   1   2   4   8   0   4   1  0.14 inf
  239 I    0 -5 -6 -6 -4 -5 -5 -4 -5  4  2 -5  0 -1 -5 -4 -2 -1  0  5    6   0   0   0   0   0   0   1   0  21  21   0   2   2   0   0   2   1   4  41  0.85 inf
  240 L   -1 -1 -2  0 -1 -1 -2 -4 -2  2  4 -1  0  0 -3 -1 -1 -4 -1  1    3   4   2   5   1   3   1   0   1  15  41   3   1   2   1   4   3   0   2   9  0.34 inf
  241 P   -1 -2  0 -1  2  3  0 -2 -4 -5 -5  1 -3 -4  6  1 -1 -5 -2 -4    5   1   5   3   5  15   6   3   0   0   0   7   0   1  36   9   2   0   2   0  0.80 inf
  242 E    0 -2 -1 -1 -3 -1 -1 -2 -1 -1  0  0  0  3 -2  1  0  0  3  1   10   1   2   4   0   2   3   2   1   2   8   7   2  12   1  10   4   1  14  12  0.14 inf
  243 I    1 -3 -4 -4 -2 -3 -2 -3 -3  4  0 -3  2  0 -4  0  0 -4  0  3   11   1   0   0   1   1   2   1   0  32   5   1   5   3   0   8   4   0   4  19  0.45 inf
  244 K   -2  1  1 -1 -5  3  0 -4  0 -5 -2  5 -2 -3 -3  0 -2 -5 -3 -3    2   6   6   4   0  14   3   0   2   0   4  44   1   1   1   8   2   0   1   2  0.73 inf
  245 K   -1 -1  2  1  1  0 -1  3 -2 -4 -3  2  0 -3 -2  1  1 -5 -2 -4    3   2  11   7   3   4   3  22   0   0   2  18   3   1   1   9   9   0   1   0  0.33 inf
  246 S    1  0  0  0 -2 -1 -1 -3  0 -3  0  0 -3  2 -4  2  0 -1  4 -2   12   4   5   6   1   1   3   1   2   0   8   5   0   9   0  22   4   0  15   2  0.25 inf
  247 P    1 -2 -2  0 -5 -2 -2 -2 -5 -6 -5 -1 -5 -6  6  3 -1 -6 -4 -4   11   2   1   5   0   1   2   2   0   0   1   4   0   0  42  23   4   0   1   0  1.07 inf
  248 K   -1  0  5 -1 -1 -1 -2 -2  0 -5 -4  3 -3 -3 -4  2  0 -5 -1 -4    4   3  35   2   2   2   1   2   2   0   1  21   1   1   0  16   5   0   2   1  0.72 inf
  249 Y   -6 -6 -7 -5 -6 -6 -7 -6 -4  0 -1 -6 -2  7 -7 -6 -6  2  7 -3    0   0   0   1   0   0   0   0   0   4   4   0   1  46   0   0   0   2  39   2  2.03 inf
  250 G   -1 -1 -3 -5 -7 -4 -6  7 -6 -8 -8 -2 -7 -7 -4 -3 -5 -7 -7 -7    4   4   1   0   0   1   0  86   0   0   0   2   0   0   1   1   0   0   0   0  2.12 inf
  251 G   -4 -7 -5 -6 -7 -6 -6  8 -6 -8 -8 -6 -7 -8 -7 -3 -6 -7 -8 -8    0   0   0   0   0   0   0  99   0   0   0   0   0   0   0   1   0   0   0   0  2.72 inf
  252 V    0 -6 -6 -6 -4 -5 -6 -6 -6  5  1 -4  0  0 -6 -5 -3 -6 -4  5    9   0   0   0   0   0   0   0   0  31   9   1   1   3   0   0   0   0   0  46  1.13 inf
  253 M   -1 -6 -5 -7 -6 -5 -6 -7 -6 -2 -2 -6 10 -5 -7  1 -3 -6 -6 -1    5   0   0   0   0   0   0   0   0   1   1   0  79   0   0   9   1   0   0   3  2.66 inf
  254 L   -3 -5 -5 -6 -4 -5 -5 -4 -5  3  4 -5  3 -1 -5 -3  2 -5 -4  2    1   0   0   0   0   0   0   1   0  15  49   0   7   1   0   1  12   0   0  13  0.88 inf
  255 W   -8 -8 -9 -5 -8 -7 -8 -5 -7 -8 -6 -8 -7 -4 -9 -5 -8 13  0 -8    0   0   0   1   0   0   0   1   0   0   1   0   0   0   0   1   0  94   3   0  4.76 inf
  256 S   -4 -4  2  6 -6 -2  2 -4 -4 -6 -7 -4 -6 -7 -5  4 -3 -7 -4 -6    0   0   8  49   0   1  11   0   0   0   0   0   0   0   0  29   1   0   1   0  1.39 inf
  257 K    4  4 -4 -4 -2 -2 -3 -3 -2  1 -3  2  0 -5 -4 -1 -1 -5 -4  0   37  26   0   0   1   0   0   0   1   9   1  12   2   0   0   2   4   0   0   5  0.67 inf
  258 F   -1 -3  3 -4 -4  0 -3 -1 -1 -4 -3 -2 -4  3 -4  3  1 -1  5 -3    4   1  13   0   0   5   0   5   1   0   1   1   0  12   0  21  11   1  26   0  0.66 inf
  259 Y   -1 -2 -1 -4 -2  2 -4 -3  0 -3 -1 -4 -3  3 -5  0 -2  8  6 -2    5   1   3   1   1  11   0   2   2   1   5   0   0  10   0   7   3  19  27   2  0.97 inf
  260 D    2 -5 -1  7 -5 -4 -2 -2 -4 -4 -4 -4 -2 -3 -5  2 -4 -7 -6 -3   16   0   2  60   0   0   0   3   0   1   2   0   1   1   0  13   0   0   0   2  1.30 inf
  261 D    1 -1  0  3 -3  1  1 -2 -1 -2 -2  2 -2 -1 -2 -1 -1  3  0  0   14   2   4  16   0   5   9   2   1   2   2  17   0   3   1   3   2   4   3  10  0.20 inf
  262 K    0  1  3 -1 -4  3  0 -1  0 -2 -2  2 -2 -4 -2  0  1 -4 -3 -2    6   7  19   2   0  16   4   3   2   2   3  17   1   0   2   5   8   0   1   3  0.34 inf
  263 N   -1 -4  7  0 -3 -3 -3 -2 -3 -6 -6 -4 -5 -6 -5  2  3 -6 -4 -5    4   0  52   4   0   1   0   2   0   0   0   0   0   0   0  16  19   0   0   0  1.32 inf
  264 G   -2 -1  3 -1 -5 -1 -3  5  2 -4 -6 -2 -5 -5 -2 -1  0 -5 -3 -5    2   3  18   3   0   3   0  51   6   1   0   2   0   0   2   3   5   0   1   0  0.94 inf
  265 Y   -6 -6 -2 -7 -3 -6 -6 -7 -2 -4 -4 -6 -4  5 -7 -6 -5  4  9 -3    0   0   2   0   1   0   0   0   0   1   0   0   0  26   0   0   0   6  63   1  2.32 inf
  266 S   -1 -4 -2 -2 -4 -1 -2  1 -1  0  0 -3 -3 -4 -4  5  0 -5 -2 -2    3   0   0   1   0   2   1  10   1   5  11   0   0   0   0  56   5   0   1   1  0.70 inf
  267 S    1  0  2  3 -4 -1  0  1 -3 -4 -4  1 -4 -5 -2  3 -1 -5 -4 -3   13   6  11  17   0   1   5   9   0   0   0   7   0   0   1  26   3   0   0   2  0.42 inf
  268 S    2 -1  0 -2 -3  3 -1  0  1 -3 -3  1 -1 -3 -2  2  1  0  1 -1   20   2   5   1   0  15   2   5   4   1   1   8   1   1   1  18   7   1   5   4  0.25 inf
  269 I   -3 -5 -6 -6 -4 -5 -6 -6 -6  6  1 -5  1 -2 -5 -5 -3 -5 -4  5    0   0   0   0   0   0   0   0   0  44  11   0   3   1   0   0   0   0   0  40  1.25 inf
  270 L    0  2 -3 -4 -5  0 -2 -1 -3 -1 -1  6 -1 -4 -4 -3 -3 -5 -1  0    7   8   0   0   0   2   0   6   0   4   5  58   1   0   0   0   0   0   2   8  0.80 inf
  271 D    1 -1  2  3 -3 -1  0  2 -2 -4 -4  0 -4 -4  1  3 -2 -5 -3 -4   13   2   8  21   0   1   4  15   0   0   0   4   0   0   5  25   0   0   0   0  0.45 inf
  272 S    3 -2 -1  0 -2 -2 -2 -2  5 -2 -3 -1 -3 -1 -3  3 -2 -1  1 -1   27   1   2   6   1   0   1   0  18   2   1   2   0   2   0  28   0   1   5   3  0.47 inf
  273 V   -3 -5 -5 -6 -3 -4 -5 -6 -5  2  4 -5 -1 -2 -5 -4 -3 -5 -3  5    0   0   0   0   0   0   0   0   0   7  37   0   0   0   0   0   0   0   0  56  1.09 inf

                      K         Lambda
Standard Ungapped    0.1367     0.3171
Standard Gapped      0.0485     0.2670
PSI Ungapped         0.1578     0.3143
PSI Gapped           0.0485     0.2670
