
Last position-specific scoring matrix computed, weighted observed percentages rounded down, information per position, and relative weight of gapless real matches to pseudocounts
           A  R  N  D  C  Q  E  G  H  I  L  K  M  F  P  S  T  W  Y  V   A   R   N   D   C   Q   E   G   H   I   L   K   M   F   P   S   T   W   Y   V
    1 T   -3 -4  2 -4 -4 -4 -4 -4 -4 -5 -5 -4 -5 -6 -4  6  5 -6 -5 -4    0   0   8   0   0   0   0   0   0   0   0   0   0   0   0  55  37   0   0   0  1.47 inf
    2 T   -2 -1 -2 -5 -4 -3 -4 -5 -5 -1 -4 -2 -4 -5  2 -1  6 -6 -1  3    3   3   1   0   0   0   0   0   0   3   0   3   0   0  10   2  52   0   3  20  1.00 inf
    3 H    3 -4  2 -4 -3  2 -3 -2  4 -1 -4 -3 -4 -5 -4  2  3 -6 -2  0   22   0   9   0   0   8   0   2  10   3   0   0   0   0   0  18  19   0   1   8  0.56 inf
    4 L   -6 -7 -8 -8 -4 -7 -7 -8 -8  5  5 -7 -1 -4 -7 -7 -5 -7 -6  3    0   0   0   0   0   0   0   0   0  33  46   0   1   0   0   0   0   0   0  20  1.55 inf
    5 V   -4 -6 -6 -7  0 -6 -6 -7  4  1  1 -6  3  3 -7 -6 -4  0  0  5    1   0   0   0   2   0   0   0   9   7  11   0   7  12   0   0   0   1   3  46  1.16 inf
    6 W   -9-10-11-11 -9 -9-10 -9 -9 -6 -2-10 -2 -6-11-10 -9 13 -5 -6    0   0   0   0   0   0   0   0   0   1   5   0   1   0   0   0   0  93   0   1  5.00 inf
    7 F   -7 -8 -8 -9 -6 -8 -8 -9  4 -1  1 -8 -3  9 -9 -8 -7 -5  0 -3    0   0   0   0   0   0   0   0   8   3  14   0   0  70   0   0   0   0   2   2  2.40 inf
    8 R   -7  9 -5 -7 -9 -1 -6 -8 -4 -9 -6  0 -2 -9 -8 -6 -1 -8 -6 -8    0  88   0   0   0   2   0   0   0   0   1   4   1   0   0   0   4   0   0   0  2.75 inf
    9 Q   -3  7  3  0 -2  2 -3 -4  0 -7 -7  0 -2 -7 -6  0 -3 -7 -5 -7    2  52  13   5   1   8   1   1   2   0   0   5   1   0   0   6   1   0   0   0  1.33 inf
   10 D   -8 -8 -1  9-10 -6 -3 -7 -7 -9-10 -7 -9-10 -8 -5 -7-10 -9 -9    0   0   2  97   0   0   1   0   0   0   0   0   0   0   0   0   0   0   0   0  3.26 inf
   11 L   -7 -7 -8 -9 -6 -6 -8 -9 -8 -4  7 -8 -1  1 -5 -8 -6 -7 -6 -4    0   0   0   0   0   0   0   0   0   0  91   0   1   6   1   0   0   0   0   0  2.25 inf
   12 R   -7  9 -6 -8 -9 -5 -6 -8 -6 -9 -8 -4 -7 -9 -8 -7 -7 -9 -8 -8    0  99   0   0   0   0   0   0   0   0   0   0   0   0   0   0   0   0   0   0  3.40 inf
   13 L   -4 -6 -6 -5 -1 -5 -7 -7 -4  3  5 -6 -1 -2 -7 -3  0 -6 -4  3    1   0   0   1   1   0   0   0   0  16  50   0   1   1   0   2   6   0   0  20  1.10 inf
   14 H    1  1  0  1 -3  0  1 -2  6 -2 -3 -2 -4 -1 -3  1  1 -3  0 -2   12   7   4   8   0   3  10   3  19   2   2   1   0   3   1  10   9   0   3   2  0.38 inf
   15 D   -7 -8 -5  9-10 -6 -4 -7 -4 -9 -7 -7 -9 -9 -8 -5 -7 -5 -6 -9    0   0   0  97   0   0   0   0   0   0   1   0   0   0   0   0   0   0   0   0  3.25 inf
   16 N   -6 -6  8 -5 -8 -1 -6 -6  7 -9 -5 -6 -7 -8 -8 -4 -6 -9 -6 -8    1   0  71   0   0   3   0   0  22   0   2   0   0   0   0   1   0   0   0   0  2.70 inf
   17 L    1  0 -3 -4 -3 -1 -1 -6  0 -2 -2 -1 -3 -6  6 -2  2 -4 -6 -2   12   6   1   1   1   3   4   0   2   3   4   4   0   0  42   2  12   0   0   3  0.93 inf
   18 A    6 -6 -5 -6 -4 -4 -6  2 -6 -4 -5 -5 -1 -7  0 -2 -3 -7 -6 -4   70   0   0   0   0   1   0  15   0   1   1   0   2   0   5   3   1   0   0   1  1.53 inf
   19 L   -5 -6 -7 -7 -6 -6 -7 -7 -7 -2  7 -6 -2  0 -6 -6 -6 -3 -5 -3    1   0   0   0   0   0   0   0   0   2  89   0   1   3   0   0   0   0   0   1  2.04 inf
   20 A    2  0 -1 -2  0 -1 -3 -3  4 -1  0 -2 -2  1 -4  1  1  2  3 -1   17   4   3   2   2   3   1   1  11   3   8   2   0   6   0  11   8   3  11   5  0.27 inf
   21 A    5  0 -2 -2 -4  0  1 -4  5 -5 -2  0 -2 -4 -5 -2 -2 -2  0 -4   43   5   2   2   0   4  11   0  12   0   5   5   1   0   0   1   1   1   4   1  0.71 inf
   22 A    7 -7 -7 -7 -4 -6 -6 -3 -7 -6 -4 -6 -6 -7 -6 -3 -5 -8 -7 -4   91   0   0   0   0   0   0   2   0   0   2   0   0   0   0   1   0   0   0   1  2.27 inf
   23 C    4 -3 -5 -5  6 -4 -4 -4 -4  0  2 -5 -1 -3 -5 -1 -1 -5 -3  1   30   1   0   0  15   1   0   1   0   5  22   0   1   1   0   4   4   0   1  11  0.70 inf
   24 R    2  3 -2 -1 -3  4  2 -3  0 -4 -2  3 -3 -4 -3  0 -2 -4 -4 -3   15  18   1   3   1  16  12   1   2   1   4  15   0   0   1   5   1   0   0   1  0.48 inf
   25 N    1  1  2  2 -3  1  2 -2  2 -2 -2  0 -1 -2 -2  0  0 -2 -2 -2   15   9   9  12   1   7  12   2   5   2   5   4   2   1   1   5   5   1   1   1  0.20 inf
   26 S    2 -2 -1 -1  1 -2 -1  3  2 -4 -4 -2 -4 -4 -1  3  0 -5 -4 -3   17   2   3   4   3   2   3  24   5   1   1   2   0   1   3  21   5   0   0   1  0.44 inf
   27 S    0  0  1  3 -2  1  1  3 -2 -4 -4 -1 -4 -4 -1  1 -1 -4 -3 -3    8   4   6  14   1   7   8  26   1   0   1   4   0   0   3  11   3   0   1   1  0.39 inf
   28 A    2  1  0  1 -2  0  0  2  1 -1 -1  0 -2 -2 -1  0 -1 -1 -1 -1   18  10   3   7   1   3   5  14   3   4   5   4   1   2   3   6   4   1   3   4  0.09 inf
   29 R   -1  1 -1 -1 -4  2  1 -3  1 -3 -3  1 -3 -3  6 -2 -1 -4 -3 -3    4   9   2   3   0   8  11   2   3   1   2   8   1   1  34   3   4   0   1   2  0.68 inf
   30 V   -3 -6 -6 -7 -2 -6 -6 -6 -5  2  2 -6 -1 -5 -4 -5 -2 -3 -4  6    2   0   0   0   1   0   0   1   0   9  18   0   1   0   1   0   3   0   1  61  1.40 inf
   31 L   -2 -3 -6 -5 -2 -4 -4 -6 -2  5  3 -5 -1 -1 -5 -4 -1  0 -1  4    2   1   0   0   1   1   1   0   1  28  26   0   1   2   0   1   3   1   2  26  0.83 inf
   32 A    4 -6 -6 -6  5 -6 -6  1 -6 -6 -4 -6 -6 -2  6 -3 -3 -7 -4 -4   27   0   0   0  12   0   0  11   0   0   2   0   0   2  39   2   2   0   0   1  1.36 inf
   33 L   -2 -6 -7 -7  1 -6 -7 -6 -7  2  3 -6 -1  1 -7 -6 -3 -6 -5  5    4   0   0   0   3   0   0   0   0  11  30   0   1   5   0   0   1   0   0  44  1.17 inf
   34 Y   -7 -8 -8 -9 -6 -8 -8 -9 -4 -4 -5 -8 -4  8 -9 -8 -7  3  7 -1    0   0   0   0   0   0   0   0   0   1   1   0   0  54   0   0   0   3  36   4  2.58 inf
   35 I   -5 -7 -6 -8  4 -3 -7 -8  0  6 -1 -7 -4 -1 -5 -6 -2 -2 -3  5    0   0   0   0   7   2   0   0   2  42   4   0   0   3   0   0   2   1   1  34  1.42 inf
   36 A    0 -2 -4 -2 -3 -4 -4 -5  3  0  3 -4 -1  5 -6 -3 -4  5  0  0    9   3   0   3   0   0   1   1   7   5  29   0   1  21   0   2   1   9   3   6  0.68 inf
   37 T   -1 -6  1  7  3 -4 -1 -5 -5 -5 -7 -4 -6 -5 -4  1  2 -7 -7 -6    4   0   7  52   7   1   3   0   0   0   0   0   0   0   1   9  13   0   0   0  1.37 inf
   38 P   -4 -1 -4  2 -7 -2  2 -5 -4 -4 -6 -1 -6 -7  7 -2  0 -7 -5 -6    1   4   1  12   0   2  11   1   0   1   1   4   0   0  52   3   6   0   0   0  1.42 inf
   39 R    1  2  1  1 -4  1  3 -1  1 -2 -4  1 -2 -5 -3 -1 -1 -3 -3 -2   14  10   6   8   0   7  23   5   3   2   1   8   1   0   1   4   4   0   1   3  0.33 inf
   40 Q   -2 -2 -1  1 -3  5  2 -4  0  3  0 -2 -1 -2 -3 -1 -1  1 -2 -1    3   1   3   8   1  26  11   1   2  16   9   2   1   1   1   3   3   2   2   5  0.40 inf
   41 W   -1 -4 -4 -1  0 -3  2 -3 -2 -2  2 -3 -3  2  0 -3 -3  8  0 -2    5   1   1   4   2   1  13   2   1   2  24   2   0   9   5   2   1  21   3   2  0.74 inf
   42 A    1  1  0  1 -3  2  1  3  1 -2 -2  1 -3 -3 -3  0 -1 -4 -3 -3   10   8   4   8   0  10  11  21   3   2   5   7   0   1   1   5   3   0   0   1  0.27 inf
   43 T    1  1 -1  0 -2  2  1  0  1 -2 -1  1 -2 -3  0  0  1 -2 -3 -2   15   8   2   4   1  13   8   7   4   2   5   7   1   1   5   5   9   0   0   3  0.15 inf
   44 H   -2  2 -2  0 -3 -1  0  0  7 -4 -1 -1 -3  1  0 -2 -3  4  1 -4    3  11   1   6   0   3   5   7  26   0   8   3   0   6   6   3   1   5   4   1  0.58 inf
   45 N    0  0  0  2 -2 -1 -1 -1  3 -2 -1  0 -1  0  3  0 -1 -3  1 -3    6   4   5  15   1   2   2   6   7   1   6   6   2   4  16   7   4   0   6   1  0.23 inf
   46 M    0  0 -2  0 -1 -2 -1 -3 -2  0  1  0  4 -1  2 -1  0 -1 -2  1    7   4   1   6   1   1   3   1   1   5  16   7  13   3  12   3   7   1   1   8  0.20 inf
   47 S    3 -5 -2 -1 -4 -3 -3  5 -2 -6 -6 -3 -3 -6 -4  2 -2 -6 -5 -4   26   0   2   3   0   1   1  44   1   0   0   1   1   0   1  15   2   0   0   1  1.04 inf
   48 P    2  1 -1  3 -5 -3 -2  2 -5 -5 -5 -1 -5 -4  5 -1 -4 -3 -4 -4   14   9   2  16   0   1   2  13   0   0   1   3   0   1  30   4   0   0   0   1  0.76 inf
   49 R    4  3  0 -5  1 -2 -4 -4 -1  1 -3 -1 -1  0  0 -1 -3  0 -3  1   38  16   5   0   3   1   0   0   1   7   1   3   2   5   4   3   1   1   0   9  0.54 inf
   50 Q    0  6 -3 -5 -1  4 -4 -5  0 -6 -6  1 -5 -5 -1  2 -2 -2 -5 -5    6  40   1   0   1  17   0   0   2   0   0   8   0   0   3  16   2   1   0   1  1.06 inf
   51 A    1  4 -2 -3 -2  0 -3 -3 -1  1  0  1 -3 -3 -5 -2 -2 -1 -4  3   14  24   1   1   1   4   1   1   2   7   8  10   0   1   0   2   2   1   0  20  0.42 inf
   52 E    2 -1 -3  3 -3  1  0 -3 -3 -5 -5 -3 -3 -2 -6 -2  0  9  0 -4   16   4   1  16   1   6   6   2   1   0   1   1   1   1   0   3   6  29   3   1  1.09 inf
   53 L   -6 -1 -8 -9 -7 -6 -8 -8 -3 -6 -1 -7 -4  7 -8 -7 -7 10  3 -5    1   4   0   0   0   0   0   0   1   0   7   0   0  48   0   0   0  31   8   1  2.48 inf
   54 I   -4 -1 -6 -7 -5 -5 -5 -7 -3  4  5 -5  3  2 -6 -5 -3  1 -1 -2    1   4   0   0   0   0   1   0   1  23  49   0   8   7   0   0   1   2   2   1  1.08 inf
   55 N    0  0 -3 -2  0 -1 -2 -1  6 -1  2  0 -1  1 -5 -2 -3  3  2 -2    9   5   1   2   2   2   2   5  19   3  19   7   1   6   0   3   1   4   8   2  0.39 inf
   56 A    0  3  0  1 -6  4  2 -1  5 -6 -2 -1 -4 -5 -5 -2 -4 -6 -2 -5    9  18   4   7   0  18  15   6  13   0   4   3   0   0   0   3   0   0   1   0  0.64 inf
   57 Q    2 -1  2 -4  3  0 -3 -1  2 -5 -5 -4 -4 -6 -5  5  1 -6 -3 -3   13   4   8   0   5   4   1   4   4   0   1   0   0   0   0  46   7   0   1   2  0.85 inf
   58 L   -2 -7 -8 -8 -4 -7 -7 -8 -7  1  6 -7 -2 -4 -7 -7 -5 -6 -6  2    3   0   0   0   0   0   0   0   0   6  76   0   0   0   0   0   1   0   0  12  1.69 inf
   59 N    2  2  0 -1 -2  2  1 -2  0 -1 -1  1 -1 -3 -3  0  0 -3 -2 -1   20  12   4   3   1  11  11   3   2   4   5   8   1   1   1   4   5   0   1   4  0.20 inf
   60 G    2 -1 -1  2  0  1  2 -3  3 -2 -2 -1 -3 -2 -4  1 -2 -5 -2 -1   21   3   3  13   2   6  13   1   8   2   3   3   0   1   0  12   1   0   1   3  0.31 inf
   61 L   -6 -7 -8 -8 -6 -7 -8 -8 -7  0  6 -5  1  2 -8 -7 -5 -6 -4 -2    0   0   0   0   0   0   0   0   0   4  81   1   3   7   0   0   0   0   0   2  1.84 inf
   62 Q    0  3  0  3 -3  4  0 -1  1 -6 -5  2 -3 -6 -5 -1 -2 -6 -4 -4    9  15   4  19   1  18   4   4   3   0   0  14   0   0   0   4   2   0   0   1  0.58 inf
   63 I    2  2  0  1 -4  4  2 -1  1 -3 -4  2 -3 -6 -4  0 -1 -6 -5 -4   15   9   4   6   0  17  15   3   3   1   1  12   0   0   0   7   3   0   0   0  0.43 inf
   64 A    2  0  0  2 -4  2  2 -2 -2 -4 -4 -1 -2 -6 -4  3 -1 -2 -4 -4   19   5   5  10   0  10  13   2   1   1   1   3   1   0   0  25   3   1   0   1  0.48 inf
   65 L   -6 -6 -7 -5 -2 -6 -7 -7 -6 -1  6 -7 -2 -1 -7 -6 -5  1  2 -3    0   0   0   1   1   0   0   0   0   3  80   0   0   2   0   0   0   2   7   1  1.74 inf
   66 A    3  4 -1 -1 -4  2  1 -2 -1 -5 -4  2 -4 -5 -3  0 -2 -6 -4 -4   22  24   3   4   0  10  10   3   1   0   1  12   0   0   1   5   2   0   0   1  0.56 inf
   67 E    2  1 -1  1 -3  2  3 -1  0 -5 -4  3 -4 -5 -2  1  0 -5 -4 -4   18   6   2   6   0   9  20   5   2   0   1  15   0   0   1   9   4   0   0   0  0.43 inf
   68 K   -1  4 -2 -4 -1  0 -3 -5  1  0  4  1  1 -2 -5 -4 -3 -2 -1 -2    5  23   2   1   1   4   1   0   3   4  37   8   3   2   0   1   1   1   2   2  0.58 inf
   69 G   -3 -4  3  0 -6 -4 -4  7  1 -6 -5 -4 -6 -7 -6 -3 -5 -6 -4 -7    1   1  14   5   0   1   1  67   3   0   1   1   0   0   0   2   0   0   1   0  1.63 inf
   70 I    0 -4 -3 -4 -3 -2 -4  3 -4  4 -1 -4 -3 -4 -5  3 -1 -6 -5  0    6   0   1   1   1   2   0  21   0  26   4   0   0   0   0  25   3   0   0   7  0.64 inf
   71 P   -1  3 -1  2 -3  1  0 -1  0 -4 -4 -1 -5 -6  5  0  0 -6 -5 -3    5  18   3  10   1   5   5   4   3   1   1   3   0   0  27   6   6   0   0   2  0.57 inf
   72 L   -5 -7 -8 -8 -6 -7 -8 -7 -8  0  7 -5 -2 -1 -6 -4 -5 -6 -6 -3    0   0   0   0   0   0   0   0   0   4  86   1   0   3   0   1   0   0   0   1  1.95 inf
   73 L   -2 -3 -3 -4 -2 -2 -3 -5  3  4  2 -4  0 -1 -5 -3 -1  2  2  3    2   1   1   1   1   2   1   0   7  23  19   1   2   2   0   1   3   3   7  20  0.52 inf
   74 F   -3 -4 -5 -6  1 -5 -5 -5 -3  3  2 -4  1  1 -5 -3 -1 -2  1  4    1   1   0   0   2   0   0   1   1  18  22   0   3   5   0   2   4   1   5  31  0.71 inf
   75 R   -2  5 -3 -4 -3  0  0 -4  2  1  2  1  0  1 -4 -3 -2 -2  0 -1    3  33   0   1   0   3   6   1   4   7  17   6   2   5   0   1   2   1   2   4  0.48 inf
   76 E   -2  4 -1 -2 -3  2  2 -4  3 -3 -3  2 -4 -4 -4  0  1 -5  0 -2    4  24   2   2   1   8  13   0   8   1   3  10   0   0   1   8   9   0   3   3  0.46 inf
   77 V    0 -4 -3 -3  3 -2 -4  6 -3 -1 -3 -4 -4 -3 -4  0 -2 -5 -3  1    7   1   1   1   5   2   1  54   0   3   3   1   0   1   1   6   2   0   1   9  0.95 inf
   78 D   -1 -1  1  4 -2 -1  1 -2  0 -3 -2 -1 -2 -3  2 -1  1 -3 -3 -3    5   3   7  28   1   2   8   3   2   1   5   2   1   1  11   4   9   0   1   2  0.39 inf
   79 D   -1  0  0  3 -1 -1  0 -1 -1 -1 -1  0 -1  0  2  0  1  0  0 -1    5   6   4  18   1   2   6   4   1   3   7   5   1   4   9   5   9   1   4   4  0.11 inf
   80 F   -1  1 -1 -1 -1 -1 -1 -1  0 -1 -1 -1 -1  3 -1  0  0  4  2  0    5   8   3   3   1   3   5   4   2   3   5   4   2  16   3   8   7   6   7   6  0.14 inf
   81 V    1  0  0  1 -1  0  0  1  0 -1 -1  1 -1 -1 -1  0  0 -1 -1  0   12   6   3   9   1   4   7   9   3   3   6   8   1   2   3   8   5   1   2   7  0.04 inf
   82 A    1  0  1  2 -1  1  2 -1 -1 -2 -2  1 -1 -2 -1  1  0 -1 -1 -2   11   6   5  11   2   7  15   3   1   2   3   8   1   2   2  12   4   1   2   3  0.15 inf
   83 S    3 -3 -4 -4  1 -1 -3 -3 -4  1 -2 -3 -3  0  5  1  0 -4 -3  0   22   1   1   1   2   3   1   1   0   7   3   1   1   4  28  12   6   0   1   6  0.61 inf
   84 V    1 -1 -2 -1 -1  0  1 -2 -2  0  1 -1 -1 -2  1 -1  0 -3 -3  2   15   3   2   3   1   3  12   3   1   5  14   3   1   2   8   3   5   0   0  17  0.14 inf
   85 E    0  0 -1  2 -2  2  4 -3  0 -2 -3  1 -3 -4 -2  0  1 -4 -3 -2    8   5   3  12   1  11  24   2   2   2   2   8   0   0   2   7   9   0   0   2  0.37 inf
   86 I    1  0 -4 -3 -1  0  1 -4 -3  2  0 -1 -1 -1 -4 -2 -1  3 -2  3   13   5   0   1   1   4   9   1   1  13  10   3   1   2   0   1   4   4   1  27  0.31 inf
   87 V   -4 -6 -7 -7 -5 -6 -6 -7 -6  4  5 -4 -1  1 -6 -6 -4 -1 -3  3    1   0   0   0   0   0   0   0   0  25  46   1   1   6   0   0   1   1   0  16  1.19 inf
   88 K    0  1 -2 -1  0  0  0 -2 -3 -1  1  1 -2 -3  5 -1 -1 -5 -3  0    9   8   1   3   2   4   5   2   1   3  14   8   0   1  26   5   4   0   1   6  0.37 inf
   89 Q    1  1  0  2 -4  3  4 -3 -1 -4 -4  1 -3 -5 -4  0 -1 -6 -5 -4   14   9   3  12   0  15  25   2   2   1   1   8   0   0   0   5   3   0   0   1  0.56 inf
   90 V   -3 -6 -6 -6  1 -3 -5 -6 -6  1  5 -5 -1  2 -6 -5 -3  0  0  3    2   0   0   0   3   1   0   0   0   7  52   1   1   8   0   0   1   2   3  18  1.00 inf
   91 C    4 -4 -5 -5  6 -4 -5 -4 -5  2 -1 -2  0 -4 -5 -2 -3 -5 -3  3   35   1   0   0  16   0   0   1   0  13   5   2   2   1   0   2   1   0   1  18  0.90 inf
   92 A    1  3  0  1 -3  3  1 -1  0 -4 -3  3 -4 -4 -4  0 -1 -5 -3 -3   12  17   3   6   1  12  10   3   2   1   3  18   0   0   0   5   4   0   1   2  0.39 inf
   93 E    1  1 -2  0 -4  4  4 -3 -1 -3 -4  1 -3 -4 -4  1  0 -5 -3 -3   10   6   1   5   0  16  31   1   1   1   2   7   0   1   0   8   5   0   1   2  0.58 inf
   94 N   -2 -4 -1 -4  1 -1 -3 -4  3  1  2 -3 -1  0 -2 -1  3  3  3  0    3   0   3   1   3   3   1   1   8   7  22   1   1   3   2   4  19   4  10   6  0.35 inf
   95 S   -2 -1  2  3 -6  1  0  5  0 -7 -6  1 -6 -6 -3 -1 -3 -6 -6 -6    2   3  10  15   0   7   5  40   2   0   0   9   0   0   1   4   2   0   0   0  0.84 inf
   96 V    5 -6 -5 -6 -2 -5 -5 -4 -6  3 -4 -5 -3 -3 -4 -3 -3  2 -5  3   53   0   0   0   1   0   0   0   0  16   0   0   0   1   1   1   1   3   0  20  1.21 inf
   97 T    0  0  0  3 -2  2  1  0 -2 -4 -5  1 -4 -5 -3  1  3 -6 -5 -2    8   4   4  15   1   8   9   7   1   0   0   9   0   0   0  10  20   0   0   2  0.40 inf
   98 H    4  1 -1  0 -1  1  1 -1  3 -3 -4  0 -3 -3 -4  0  0 -5 -4 -2   31   7   3   5   1   7   8   5   8   1   1   6   0   1   0   6   7   0   0   3  0.37 inf
   99 L   -4 -7 -8 -8 -4 -7 -7 -8 -8  2  2 -7 -2 -3 -7 -6 -5 -7 -6  7    1   0   0   0   0   0   0   0   0  11  19   0   0   1   0   0   0   0   0  67  1.78 inf
  100 F   -4 -5 -6 -7 -3 -6 -6 -5  6 -2 -2 -6 -1  6 -7 -4 -2  0  7  0    1   1   0   0   1   0   0   1  16   2   4   0   1  31   0   1   3   1  30   8  1.51 inf
  101 Y    3 -5 -7 -7  3 -5 -5 -5 -3 -3 -2 -6 -1  4 -7 -3 -1  9  3  0   22   1   0   0   5   0   0   0   0   1   3   0   1  17   0   2   4  27   9   6  1.36 inf
  102 N   -1 -5  8 -2 -5 -1 -4 -3  2 -6 -4 -5 -4 -4 -6  1 -1 -8 -5 -5    5   0  64   1   0   2   0   2   4   0   3   0   0   1   0  10   4   0   0   1  1.69 inf
  103 Y    0  5 -2 -2 -4  1  1 -3  5 -1 -2  1  0 -2 -5 -2 -1 -1  0 -3    8  32   1   2   0   5   9   1  13   4   3   6   2   2   0   3   3   1   3   1  0.59 inf
  104 Q   -1  1 -2  4  2  1  3 -2  1 -2  1 -2 -4 -5 -4 -1 -3 -6 -3 -2    4   8   1  26   5   6  19   3   4   2  13   1   0   0   0   4   1   0   1   2  0.49 inf
  105 Y   -3 -5 -5 -3 -5 -6 -2 -5 -1 -1 -3 -7 -4  1 -1 -5 -3  1  9  1    2   1   0   2   0   0   3   1   1   3   2   0   0   4   4   0   2   2  62  10  1.82 inf
  106 E   -1 -2 -3  3 -4 -2  5  1  0 -4 -5 -4 -4 -7 -2  0  2 -7 -4 -4    4   2   1  17   0   1  38  10   2   1   1   0   0   0   2   6  13   0   0   1  0.79 inf
  107 V    0 -3 -5 -6 -6 -3 -3  0 -2  0 -2 -3 -4 -2  7 -1 -2  0 -6  1    7   1   0   0   0   1   1   8   1   5   5   2   0   2  51   4   3   1   0   8  1.16 inf
  108 N    1 -3  2  2 -4 -1  1 -3  0 -1 -2 -3 -3  1 -1 -2 -3  4  5 -1   10   1  12  13   0   2   8   1   2   4   4   1   0   5   4   2   1   6  19   4  0.43 inf
  109 E    3  0 -3 -2 -5 -1  5  1 -2 -5 -4 -3 -5 -4 -4  2 -3  1 -4 -4   22   5   0   1   0   2  34  12   1   1   2   1   0   1   0  14   1   2   0   1  0.70 inf
  110 R   -2  5 -3 -4 -3  2 -3 -5 -1  2  2  1 -1 -4 -5 -3 -1 -3 -3  0    3  29   1   1   1   8   1   1   1  12  22   7   1   0   0   1   3   0   1   6  0.56 inf
  111 A    2  3  1  0 -4  2  2 -3 -1 -3 -2  1 -2 -4 -3 -1 -1 -3 -1  0   17  18   6   4   0   9  13   1   1   0   3   9   0   0   1   3   3   0   3   8  0.30 inf
  112 R   -3  8 -5 -6 -4  0 -3 -6 -4 -2 -2 -3 -3 -4 -6 -4 -3 -7 -5  0    2  73   0   0   0   3   1   0   0   2   4   0   1   1   0   1   2   0   0   7  1.88 inf
  113 D   -1 -3 -1  8 -8 -1  2 -6 -6 -6 -6 -5 -7 -8 -6 -4 -4 -1 -7 -7    5   2   2  73   0   3  12   0   0   1   1   0   0   0   0   1   1   1   0   0  2.05 inf
  114 V    2  1  1  0 -3  2  1 -2  4 -3 -2  1 -2 -5 -4 -1  0 -5 -3 -2   18   9   5   6   0  10  10   2  10   2   4   9   1   0   0   3   7   0   1   2  0.31 inf
  115 E    3  4 -1 -1 -3  2  0 -2 -1 -3 -3  2 -3 -4 -4 -1  0 -2 -2 -3   26  22   3   3   0  10   6   2   1   1   3  10   0   1   0   4   5   1   1   1  0.46 inf
  116 V    0 -4 -6 -5  0 -4 -4 -6 -6  4  3 -4  1 -2 -6 -5 -2 -6 -5  5    7   1   0   0   2   0   1   0   0  19  22   1   3   1   0   0   2   0   0  39  0.94 inf
  117 E    1  2 -2 -3 -3  1  2 -2 -2 -1 -3  5 -1 -5 -4 -2 -2  0 -2 -1   14  11   2   1   1   6  13   2   1   4   2  32   1   0   0   2   2   1   1   4  0.51 inf
  118 R    1  2  0  0 -3  3  3 -2  0 -4 -3  2 -1 -5 -3  0  0 -5 -4 -3   14  11   3   5   0  12  22   3   2   0   2  12   1   0   1   6   5   0   0   1  0.42 inf
  119 A    3  0 -2 -2 -2  0  0 -1 -1  0  0  1  0  0 -3  0  0  0 -2  0   31   6   1   2   1   4   5   3   1   4   8   7   3   4   0   4   7   1   1   6  0.19 inf
  120 L   -3 -4 -5 -4  2 -4 -5 -5 -6 -1  6 -3  0  1 -4 -5 -5 -5 -5 -2    2   1   1   1   3   1   1   1   0   2  75   2   1   5   1   0   0   0   0   1  1.39 inf
  121 R    0  3  0  0 -4  3  2 -2  1 -5 -3  3 -4 -4  0  0 -2 -5 -4 -4    6  16   5   5   0  15  12   2   4   0   3  17   0   0   4   7   2   0   0   0  0.46 inf
  122 N   -2 -2  2  1 -6 -1 -1  6  0 -6 -5 -1 -6 -6 -4 -1 -4 -6 -6 -4    3   2   9   8   0   3   5  57   2   0   1   3   0   0   1   4   1   0   0   2  1.12 inf
  123 V   -2 -1 -4 -4 -1 -3 -4 -5 -3  6  0 -3  0 -1 -3 -4 -2 -4 -3  4    2   3   1   1   2   2   1   1   1  44   7   2   1   2   2   1   3   0   1  25  0.93 inf
  124 V    1  1  0  1 -3  1  2  0  0 -2 -2  0 -2 -3  1  1  1 -4 -3 -1   14   7   3   7   0   7  13   8   2   3   3   5   0   0   7   9   9   0   0   4  0.17 inf
  125 C    0 -3 -6 -6  4 -5 -5 -6  0  0  2 -5 -1  4 -5 -3 -1  0 -1  4   10   1   0   0  10   0   0   0   3   4  16   0   1  16   0   2   3   1   2  31  0.70 inf
  126 E   -2  3 -1 -1 -1  3  2 -4  5 -2 -2  2 -4 -2 -4 -1 -1 -3 -2 -1    3  13   2   3   1  14  15   0  15   3   5  11   0   2   0   3   4   0   1   4  0.46 inf
  127 G    0  1 -3 -2 -2 -1 -1  0 -3 -1  0 -2 -2 -2 -1  4  2  0 -2  0    7   7   0   1   1   2   4   6   0   3  11   1   1   1   3  32  12   2   1   5  0.31 inf
  128 F   -4 -4 -4 -3  1 -4 -4 -6  4 -3 -1 -6 -4  7 -5 -2 -1 -1  5  0    1   1   1   1   3   0   1   0  10   1   7   0   0  41   1   3   5   1  16   7  1.18 inf
  129 D   -1 -2  4  2 -3  0 -1 -1  5 -4 -3  1 -3 -4  1 -3 -1  6 -2 -3    5   2  19  10   1   4   3   5  14   1   3  10   0   0   6   1   5   9   1   1  0.55 inf
  130 D    0 -2 -3  6 -2 -3 -2  4 -4 -7 -6 -5 -4 -5 -5  0 -2 -7 -5 -6    8   2   1  45   1   1   2  27   0   0   1   0   0   1   0   8   3   0   0   0  1.18 inf
  131 S    0  0  1  2 -2  3 -2 -2  5 -2 -3 -1 -3 -3 -1  1  1 -5  0 -3    9   4   6  13   1  15   1   3  14   2   2   3   0   1   3  12   7   0   3   1  0.37 inf
  132 V   -3 -5 -3 -6  5 -4 -5 -5 -1 -1  4 -5 -2 -1 -6 -3  2 -5  2  3    2   0   1   0  12   0   0   0   1   2  36   0   1   3   0   2  12   0   8  19  0.78 inf
  133 I   -2 -6 -7 -7 -1 -6 -7 -7 -3  3  6 -6  1 -2 -7 -6 -4 -2 -1  1    4   0   0   0   1   0   0   0   1  15  63   0   2   1   0   0   0   1   2   9  1.27 inf
  134 L   -2 -2 -3 -6 -3 -2 -5 -6  4  0  1 -5  1  5 -2 -4 -2  1  4  3    4   2   1   0   0   2   0   0  11   4  12   0   3  22   2   0   2   1  13  19  0.71 inf
  135 P    1 -2 -1  1 -6 -1  5 -2  3 -6 -6 -2 -4 -7  4 -1 -2 -7 -5 -4   13   2   3   8   0   2  36   2   7   0   0   2   0   0  17   5   2   0   0   1  0.80 inf
  136 P   -2 -2 -5 -5 -8 -4 -4 -7 -6 -5 -4 -1 -5 -5  8 -4 -5 -3 -5 -3    4   3   0   1   0   1   1   0   0   1   2   4   0   1  77   1   0   1   0   2  2.33 inf
  137 G   -1 -3 -1  2 -3 -1  0  4  1 -7 -5 -2 -4 -3 -6 -1 -2  8 -2 -6    5   2   3  12   0   3   6  35   3   0   1   2   0   1   0   4   2  20   1   0  1.05 inf
  138 A    0  1 -2  2 -4  1  4 -4 -2 -3 -2  0 -2 -5 -4  2  2 -6 -5 -3    7   7   1  12   0   6  25   1   1   2   4   4   1   0   0  13  12   0   0   1  0.43 inf
  139 V   -3 -6 -5 -7 -2 -6 -6 -7 -3  5  2 -6 -1 -1 -4 -5 -4 -6 -5  5    2   0   0   0   1   0   0   0   1  26  20   0   1   2   1   0   0   0   0  45  1.26 inf
  140 M   -1  2 -1 -3 -3  0 -1 -4 -1 -1  2  2  1 -1  2 -2  1 -4  0  0    4  13   2   0   0   3   4   1   1   2  22  12   3   2  10   2  10   0   3   6  0.24 inf
  141 T   -3 -1  3  1 -3 -3 -2 -3 -4 -5 -5  2 -2  1  1  0  5 -5 -3 -4    1   3  13   6   1   0   1   1   0   0   0  14   1   5   7   6  37   0   1   1  0.71 inf
  142 G    0  0  0  2 -3  3  1  3 -3 -5 -3  3 -3 -5 -1 -1 -1 -5 -5 -4    9   4   4  11   0  12   7  22   0   0   2  17   0   0   4   5   3   0   0   1  0.42 inf
  143 N    0 -2  2  3 -3  3 -1 -1  0 -1 -1  0 -2 -4 -1  2  0 -5 -2 -3    8   2  10  16   0  13   2   5   2   3   6   5   0   0   2  16   6   0   1   1  0.26 inf
  144 H   -3 -2  1  0 -6 -1 -3  6 -1 -7 -4 -2 -6 -6 -2 -1 -2 -6 -2 -6    2   3   7   5   0   3   2  62   1   0   2   3   0   0   2   4   2   0   1   0  1.24 inf
  145 E   -1  1  0  3 -3  2  2  1  0 -4 -3  2 -2 -3 -4  0  2 -5 -3 -4    4   7   3  14   0  10  13  12   2   1   2  12   1   1   0   6  12   0   1   0  0.34 inf
  146 M   -1 -4 -3 -5 -3  0 -3 -3  3 -1 -1 -4  3  0  6 -3 -3 -3  2 -3    6   1   2   0   0   5   1   2   6   4   6   0   8   4  44   2   2   0   6   1  1.02 inf
  147 Y   -6 -7 -7 -6 -7 -6 -4 -3 -2 -6 -5 -7 -3  5  1 -6 -6  0  9 -4    0   0   0   1   0   0   1   2   1   0   1   0   1  23   8   0   0   1  60   1  2.27 inf
  148 K    0  3 -3 -1 -5  2 -1 -3 -3 -4 -4  5 -3 -5 -2  1  2 -6 -5 -3    8  15   0   3   0   9   4   1   0   1   1  32   0   0   2  10  12   0   0   1  0.64 inf
  149 V   -3 -6 -3 -5 -5 -6 -6 -7 -7  1 -2 -4  0 -5 -6 -3  0 -7 -4  7    1   0   2   1   0   0   0   0   0   7   4   1   2   0   0   2   6   0   0  73  1.66 inf
  150 F   -6 -7 -7 -7 -3 -7 -7 -7 -1 -5 -4 -7 -5  9 -7 -6 -6 -4  6 -6    0   0   0   0   1   0   0   0   2   0   1   0   0  69   0   0   0   0  24   0  2.68 inf
  151 T   -2 -5 -3 -3 -5 -4 -4 -1 -6 -4 -6 -4 -4 -6 -3  2  7 -7 -6 -5    3   0   1   2   0   0   1   5   0   1   0   1   0   0   1  14  70   0   0   0  1.74 inf
  152 P    0 -3 -3 -3 -4  0 -4 -4  0 -7 -7 -3 -4 -5  8 -2 -4 -7 -1 -5    7   2   2   1   0   4   1   1   2   0   0   2   1   0  69   3   1   0   2   1  1.97 inf
  153 F   -7 -7 -7 -8 -7 -7 -7 -7 -5 -5 -4 -7 -2  8 -8 -7 -7  5  6 -6    0   0   0   0   0   0   0   0   0   0   1   0   1  63   0   0   0   6  27   0  2.64 inf
  154 K   -2  3 -4 -6 -5 -2 -5 -4  1 -6 -3  2 -1  2 -6  0 -5  9  5 -5    3  13   1   0   0   1   0   1   3   0   3  14   2   8   0   6   0  27  16   0  1.29 inf
  155 N   -4  6  3 -1 -7 -1 -1 -5 -2 -7 -5  5 -5 -7 -6 -3 -4 -7 -4 -4    1  35  15   4   0   2   3   1   1   0   1  35   0   0   0   1   1   0   0   1  1.31 inf
  156 A    4  3  1 -1 -2  1 -2 -4 -1 -5 -4  3 -3 -4 -5  0 -1 -6 -4 -3   34  14   6   3   1   5   1   0   1   0   1  19   0   0   0   5   4   0   0   2  0.60 inf
  157 W    1 -6 -6 -7  6 -6 -6 -1  0  0 -1 -6  0  1 -6 -2 -2  9  0  2   10   0   0   0  13   0   0   5   3   4   5   0   3   6   0   3   3  30   3  12  1.32 inf
  158 L   -1  1 -1 -1  3  1  1 -4  1  0  2  0  1 -1 -1 -1 -1  1  0 -1    3   9   2   2   6   7   9   0   3   6  22   4   3   2   3   4   3   2   3   4  0.11 inf
  159 K    1  0 -1  0  0  2  1 -1  0 -2 -1  2 -1 -2  0  0  0  1 -3 -1   13   5   2   6   2   9   9   4   2   2   5  12   2   2   3   8   4   2   0   4  0.09 inf
  160 R   -2  4 -1 -2 -3  3 -1 -3  4 -1 -1  2  2 -2 -2 -2 -2  0 -1 -2    3  20   3   2   1  12   4   2   9   3   7  10   5   2   2   3   3   1   2   3  0.33 inf
  161 L   -1 -1 -3 -1 -1 -1 -1 -1 -1  1  2 -2  0  1  2 -2 -2  0  0  1    6   3   1   4   1   3   3   6   1   6  24   2   2   6   9   3   2   1   4   8  0.11 inf
  162 R    0  0 -1  1 -4  1  0 -2  1 -1 -1  1  1 -2  1  0  0  2  0 -1    8   6   3   7   0   6   6   3   4   4   4  11   4   1   7   5   5   3   3   4  0.06 inf
  163 E    0  0 -2  2 -2  1  3 -3 -1 -1 -2 -1  0 -3  3  0 -1 -5 -3  0    8   6   2  11   1   6  16   2   1   4   4   3   2   1  12   6   3   0   1   6  0.19 inf
  164 G    1  0  0  0 -1  0 -1  0  2 -2 -3  0 -2  0  3  1  0 -1 -2 -3   11   6   5   6   1   4   3   7   4   3   3   5   1   4  16   8   5   1   1   2  0.15 inf
  165 M    1 -1 -2  1 -4 -1  0 -1  1  0  0 -2  0 -2  3 -1 -2  0  0  0   11   4   2   7   0   3   6   5   4   5  10   2   3   2  16   3   2   1   4   6  0.13 inf
  166 P    0 -1 -2 -3  0 -3 -4 -4 -2  0  0 -3 -3 -1  6 -2 -2 -1 -1 -2    7   4   2   2   2   1   1   2   1   6  10   2   1   3  41   3   2   1   3   4  0.81 inf
  167 E    1  1 -3  0 -5  1  3 -2 -2 -2 -1  2 -4 -2  1  1 -1 -4 -2 -2    9   8   1   6   0   7  15   3   1   2   8  10   0   2   7   9   4   0   2   4  0.20 inf
  168 C    0 -1 -3 -2  4 -4 -4 -3 -1 -1  1  0 -2 -2  5  0  1 -4 -2 -1    8   3   1   3   8   1   2   2   1   4  11   6   1   2  23   8   7   0   2   4  0.45 inf
  169 V   -1 -4 -4 -3 -4 -3 -3 -3 -1  2  3 -2 -2  0  2 -2  0 -1  3  2    5   1   1   2   0   2   2   2   2   9  22   3   1   4  10   3   6   1   9  15  0.37 inf
  170 A    2  0 -3 -1 -9 -1  1 -3  1 -5 -4 -1 -4 -7  6  0 -2 -9 -5 -4   15   5   2   4   0   3   8   3   3   1   3   4   0   0  36   8   3   0   1   2  0.87 inf
  171 A    3 -1 -2 -1 -3 -3 -2 -3 -1 -1  0  0 -3 -2  2 -1  0  2  0  1   26   4   3   4   1   1   3   2   2   4   8   6   1   2   9   5   5   3   3  10  0.29 inf
  172 P   -2 -3 -1 -1 -4 -1 -1 -6 -3 -3 -2  0 -5 -4  7 -1 -1 -3 -4 -1    5   2   4   4   0   3   4   1   1   2   5   5   0   1  48   5   4   0   1   5  1.12 inf
  173 K    2  2 -1  1 -5  1  1 -2  0 -4 -2  3 -5 -5  0  1  0 -1 -4 -2   14   9   3   7   0   5  10   3   2   1   4  15   0   0   5  10   6   1   1   3  0.29 inf
  174 V    1  1 -2 -1 -3 -1 -1 -1  0  1  1  1 -1 -2  1  0 -1  0  0  1   11   8   2   4   1   3   5   6   2   8  12   7   1   1   8   6   3   1   3  11  0.07 inf
  175 R   -1  3  1 -1 -4  2 -2 -4  0  1  1  0 -2 -1  1 -3 -2  5 -2 -1    6  14   6   4   0   8   2   1   2   7  15   6   1   3   8   2   3   6   1   4  0.29 inf
  176 S    1 -1  1  0 -3  0  0 -1  0 -1 -1  0 -2 -3  3  1  0  1 -3 -1   12   3   7   5   1   4   5   5   3   3   8   5   1   1  15  10   5   2   1   4  0.17 inf
  177 S    1 -1 -1  1 -3 -1  0  0  0 -2  0 -1 -2 -2  2  2  0 -1 -4  0   11   3   3   7   1   3   7   8   2   2   9   4   1   2  10  14   6   1   1   6  0.13 inf
  178 G    0 -3  2  0 -2 -2 -1  3 -2 -3 -1 -1 -3 -3  3  1 -1 -2 -1 -2    7   2   8   6   1   2   5  18   1   2   8   4   1   1  13  11   4   1   2   3  0.26 inf
  179 S    1 -2 -2  2 -2  0  2 -3  1  0  1 -1 -2 -3  1  1  0  1 -3 -2   13   2   2  11   1   4  12   2   3   5  11   4   1   1   6   8   6   2   1   3  0.16 inf
  180 I    0 -1 -3 -1 -5 -2 -1 -1 -4  3  2 -2 -1  0 -1  0 -1 -1 -2  2    9   3   2   4   0   2   4   5   0  16  17   2   1   3   3   8   4   1   1  12  0.22 inf
  181 E   -1 -2  0  2 -4  1  2 -4 -1 -1  1  1 -3 -1  2 -1 -1  0 -7 -1    5   2   5  13   0   6  14   2   2   3  12   9   1   2   9   6   4   2   0   5  0.25 inf
  182 P    1 -1  1  1 -4  0 -1 -2 -1 -3  0  0 -1 -3  4  0  0  1 -6 -3   10   3   6   8   1   4   5   4   2   2  10   5   2   1  22   6   6   2   0   2  0.35 inf
  183 S    1 -2 -1  2  2 -1  0 -1  0 -1  1 -1 -3 -4  1  1 -1  0 -4 -1   10   2   2  12   5   3   6   5   2   4  15   4   0   1   8  10   4   1   1   5  0.16 inf
  184 P   -2 -1 -2  1 -8 -1  1 -2 -3 -2 -2 -1 -5 -3  5  1  1  5 -4 -4    4   4   2   7   0   3  10   3   1   2   5   5   0   1  24  11   8   7   1   1  0.54 inf
  185 S    1 -3  0  2 -2  0  0 -2  0 -1  2  0 -4 -3 -1  2 -1 -3 -4 -2   13   2   5  10   1   4   6   3   3   4  18   6   0   1   4  13   4   1   1   3  0.20 inf
  186 I    1 -2 -5  0 -1 -1  0 -3 -3  1  3  1  0 -2  2 -3 -3  0 -2  0   10   2   1   5   1   2   7   2   1   7  27   8   2   2   9   3   2   2   1   7  0.29 inf
  187 T   -1 -1  0  2 -5 -1  1  0 -1 -3  1 -2 -2 -1  2  1  1 -4 -5 -2    6   4   4  12   0   3   8   8   1   2  12   3   1   2  10  10   8   0   0   3  0.19 inf
  188 L   -1 -2 -4 -1 -4 -2 -1 -4 -3  0  4 -4 -1  3  2 -3 -2  1 -3 -1    6   2   1   4   1   2   4   2   1   6  36   1   2  11   9   2   3   2   1   5  0.55 inf
  189 N    0 -1  1  2 -3  0  1  3  1 -2 -4 -1 -4 -5  0  2  1 -5 -5 -4    7   4   7  12   1   3   8  18   3   2   2   4   0   1   5  12   8   0   0   2  0.32 inf
  190 Y   -2 -3 -4  1 -3 -3  0 -3  1  0  2 -1  1  4  0 -4 -3  0  4 -2    5   2   1   7   1   1   6   2   3   5  21   4   4  15   5   1   2   1  11   3  0.44 inf
  191 P    0 -1 -3  1 -6 -2  2 -3 -4  0 -2 -2 -4 -3  6 -1  0  1 -8 -3    8   3   1   7   0   2  13   3   1   5   5   3   1   1  33   5   6   2   0   2  0.72 inf
  192 R   -2  2 -2  3 -4  1  1 -2 -4 -3 -2  1 -1 -1  1 -1 -2  6 -3 -3    4  11   2  16   0   6   8   4   1   2   4   8   2   3   6   5   3   9   1   3  0.40 inf
  193 Q    1 -1 -2  1 -5  0  1 -1 -2  0 -2  1 -1 -1  2  0  2  5 -4 -2   10   4   2   6   0   4   9   5   1   6   5   7   1   2   9   7  10   7   1   2  0.21 inf
  194 S    2  0  2  2 -4 -2  0  2 -3 -3 -4  0 -5 -3 -1  2 -1 -2 -4 -3   17   4   8   9   0   2   6  14   1   1   3   6   0   1   4  16   4   1   1   2  0.34 inf
  195 F   -1  0 -2 -2 -1 -1 -1  0  1  0  2 -1 -2  3  0 -1 -2  5 -2  1    5   4   2   2   2   3   4   7   3   6  16   4   1  11   5   6   3   6   1   9  0.18 inf
  196 D   -1 -2 -1  4  0 -2  1  0 -4 -1  0 -1  0  0 -2  1 -2  1 -4 -1    6   2   3  22   2   2   8   7   1   3  10   4   2   4   3  11   3   2   1   5  0.28 inf
  197 T    1  2 -2 -1 -6  0  1 -2 -2 -2 -1  1 -2 -1  0  2  0  0 -3  0   12  10   2   4   0   4  10   4   1   2   7   7   1   3   6  15   5   2   1   6  0.16 inf
  198 A    1  1 -4  0  0  1  1  0 -3 -1  1 -1 -3 -2  1  2 -1 -7 -3 -3   12   7   1   5   2   6   8   9   1   3  12   3   1   2   7  14   5   0   1   2  0.17 inf
  199 H    1  0 -2  1 -4  1 -2 -1  3  0  2 -1  0  0  0 -1 -1  0  1 -3   11   5   2   7   0   6   3   4   8   5  17   4   2   5   5   5   4   1   4   2  0.14 inf
  200 F   -3 -9 -6 -5  2 -2 -9 -7 -6  1  1 -5 -2  4 -1 -6 -5 11  1 -3    3   0   1   1   4   2   0   1   0   8  11   1   1  12   4   1   1  42   4   3  2.05 inf
  201 P   -1  1 -3 -1 -1  2  1 -5  0 -4 -6  0 -6 -5  6  0  1 -4 -5 -4    6   7   2   4   1   8   9   1   2   1   1   5   0   1  33   8   9   0   1   2  0.78 inf
  202 V    3 -6 -7 -7  0 -7 -5  1 -6  0 -2 -9 -4 -2  6 -5 -1-10 -9  3   20   1   0   0   2   0   1  10   0   5   4   0   1   2  33   1   5   0   0  15  1.06 inf
  203 E   -5 -6 -6 -1 -5 -7 -4  7-10-11 -8 -5 -4-10 -1 -1 -2-10 -5 -7    1   1   0   4   0   0   2  76   0   0   1   1   1   0   3   6   3   0   1   1  2.13 inf
  204 E   -3 -3 -7 -2 -6 -3  7 -8 -3-10 -7 -5  0 -2 -6 -2 -1  5 -5 -7    3   2   0   3   0   2  68   0   1   0   1   1   2   2   1   4   4   6   1   0  1.99 inf
  205 K    2  0 -1  2 -7  1  2 -3  1 -4 -5  1 -4 -8 -4  1  2 -8 -1 -3   17   6   4  11   0   7  14   2   3   1   1   7   0   0   1  10  10   0   2   2  0.43 inf
  206 A    5 -6  1 -2 -8 -2  2  3 -1 -4 -7 -2 -8 -2 -6 -3 -1 -8 -3 -2   39   1   6   3   0   2  11  18   1   1   1   3   0   2   1   3   4   0   1   3  0.86 inf
  207 A    7 -9 -9 -9 -8 -8 -7  1 -9  0 -5 -6 -3 -5 -4 -4 -6 -9 -9 -2   71   0   0   0   0   0   1  11   0   5   1   1   1   1   1   1   1   0   0   4  1.95 inf
  208 I   -2  3 -2  0 -4  3 -1 -4  4  1  2  0  0 -4 -6 -2 -2  3 -1 -3    4  15   2   6   0  13   4   2   8   7  19   6   2   0   0   2   2   4   2   1  0.42 inf
  209 A    2  2 -1  2 -6  2  3 -3 -1 -5 -5  3 -5 -6 -3  0 -1 -7 -6 -5   14  11   3   9   0  10  16   2   2   1   1  18   0   0   2   7   4   0   0   1  0.55 inf
  210 Q    0  6 -4 -5 -4  3 -4 -4 -2 -2  0  1 -2 -4 -7 -4 -1 -7 -4 -2    8  44   1   1   1  13   1   2   1   2   9   6   1   1   0   1   4   0   1   3  1.03 inf
  211 L   -5 -8 -6 -8 -2 -8 -8 -8 -8 -1  6 -8  0  1 -8 -8 -7  4 -5 -2    1   0   1   0   1   0   0   0   0   3  77   0   2   6   0   0   0   5   0   2  1.96 inf
  212 R    0  3  1  3 -5  1  3 -2  1 -5 -5  1 -4 -5 -2 -1  1 -4 -3 -5    9  13   5  14   0   6  18   4   3   0   1   9   0   1   2   5   7   0   1   0  0.42 inf
  213 Q    2  1  0  3 -4  2  2 -4  2 -3 -4  0 -4 -4 -5 -1  0 -3 -2 -3   18   8   4  16   0   9  14   1   4   1   1   5   0   1   0   5   7   0   1   2  0.41 inf
  214 F   -6 -7 -6 -8 -7 -7 -7 -7 -7 -4 -4 -7 -6  9 -8 -7 -7  4  2 -6    1   0   1   0   0   0   0   1   0   1   2   0   0  79   0   0   0   5   5   1  2.99 inf
  215 C   -1 -3 -4 -4  6 -5 -4 -5 -5  4  3 -5  0  1 -5 -3 -2 -1 -4  2    5   2   1   1  13   0   1   1   0  18  29   1   2   6   0   2   2   1   1  11  0.75 inf
  216 Q    0  1  0  3 -3  1  3 -3 -1 -4 -5  1 -4 -4 -2  1  0  2 -4 -3    9   9   5  18   1   6  15   2   2   1   1   7   0   1   2   9   6   3   0   2  0.40 inf
  217 N   -2  0  2  2 -3  2  3  2  3 -5 -4  0 -4 -5 -4  0  0 -5 -2 -4    3   4   8  12   1   8  19  13   6   1   2   6   0   1   1   8   5   0   1   1  0.42 inf
  218 G    1  3  0  0 -4  1 -2  2  1 -3 -3  3 -3 -4  1 -1 -2 -3 -4 -4   10  17   3   4   0   5   2  13   3   2   3  17   1   1   6   5   2   0   0   1  0.36 inf
  219 A   -1 -6 -8 -8 -5 -7 -7 -5 -4  5  4 -7  1 -2 -8 -3 -6 -5 -6  3    5   0   0   0   0   0   0   1   0  27  41   0   2   1   0   2   0   0   0  17  1.23 inf
  220 G    2  0  1  2 -2  1  0  0 -1 -1 -1  1 -2 -3  0  0 -1 -5  0 -2   17   4   5  13   1   7   6   7   1   3   5   8   1   1   5   7   3   0   4   2  0.14 inf
  221 E    0  2  2  4 -4  0  1  1  3 -6 -6  0 -6 -3 -6  0 -2 -7 -1 -4    7  10   8  22   0   4  10  11   6   0   0   5   0   1   0   7   3   0   2   1  0.49 inf
  222 Y   -7-10-10-11-10-10-10-11 -7 -9 -9-10 -9 -3-11-10-10 -6 11 -9    1   0   0   0   0   0   0   0   0   0   0   0   0   1   0   0   0   0  96   0  4.25 inf
  223 E    2  0  0  2 -4  2  2 -1  3 -7 -5  3 -6 -6 -1  1 -3 -7 -6 -4   18   4   4  12   0   8  11   4   7   0   1  15   0   0   3   9   1   0   0   1  0.48 inf
  224 Q    0  0 -2  3 -7  2  4 -4 -1 -2 -3  2 -4 -5 -3 -2  0 -7 -5 -2    9   4   2  16   0  10  24   1   2   2   3  11   0   0   1   3   6   0   0   3  0.52 inf
  225 Q    0  1  2  2 -4  2  1  1  0 -3 -3  0 -2 -6 -5 -2  3 -2 -3 -4    9   8  11  12   0   8   8  10   2   1   3   5   1   0   0   2  16   1   1   1  0.34 inf
  226 R   -9  9 -8 -9-10 -4 -8 -7  1-10 -9 -3 -9-10 -9 -4 -9-10 -9-10    0  90   0   0   0   1   0   1   3   0   0   2   0   0   0   1   0   0   0   0  3.22 inf
  227 D   -7 -3  5  8 -6 -4 -3 -7 -2 -8 -6 -4 -4 -5 -8 -4 -7-10 -9 -9    0   1  22  65   0   1   1   0   1   0   1   1   0   1   0   1   0   0   0   0  2.27 inf
  228 F   -5  2 -4  0 -3 -4 -3 -6 -4  1  1  0  2  6 -7 -5 -3 -5  2 -2    1  12   1   5   1   1   2   1   0   8  11   5   4  35   0   1   2   0   7   2  0.91 inf
  229 P   -2 -9 -9 -9 -9 -9 -8 -9 -9 -3  1 -7 -1 -4  8 -8 -7-10 -9 -1    4   0   0   0   0   0   0   0   0   2  13   0   2   1  71   0   0   0   0   5  2.37 inf
  230 A    5 -6 -1  3 -4 -5 -3  2 -3 -5 -7 -7 -6 -4 -5  2 -5 -3 -2 -5   43   0   3  16   0   0   1  14   1   1   0   0   0   1   1  13   0   0   1   1  1.04 inf
  231 V    0  1 -3 -2 -2  1  0  0 -1  2  1  0 -1 -4 -4 -1 -1 -6 -5  2    7   8   1   2   1   7   6   9   2  13  15   5   1   0   1   4   3   0   0  14  0.18 inf
  232 E    1 -2  3  5 -5 -1  2 -6 -1 -6 -6  1 -4 -6  2 -3 -3 -5 -8 -4   10   2  14  32   0   3  11   0   1   0   1   9   1   0   9   2   2   0   0   2  0.84 inf
  233 G    2 -4 -2 -4 -2 -4 -6  6 -1 -5 -6 -3 -6 -6 -6  1  1 -8  0 -3   16   1   2   1   1   1   0  50   2   1   1   2   0   0   0  10   7   0   4   2  1.13 inf
  234 T   -7 -8 -6 -8 -5 -8 -8 -6 -1 -8 -7 -8 -8 -9 -2  1  8-10 -9  0    0   0   0   0   0   0   0   1   2   0   0   0   0   0   3   8  79   0   0   6  2.46 inf
  235 S   -4 -9 -7 -8 -9 -8 -8 -5 -9-10-11 -8-10-11 -9  8 -1-11-10-10    2   0   0   0   0   0   0   1   0   0   0   0   0   0   0  94   3   0   0   0  2.99 inf
  236 R   -4  5 -2 -6  0  2 -4  0  3 -4  0  1  1  0 -7 -3 -2 -5  2 -3    1  33   2   0   2   9   1   7   6   1  10   9   3   4   0   2   3   0   6   2  0.74 inf
  237 L   -9 -9-11-11 -9 -9-10-11-10  0  7-10  3  1-10-10 -8 -9 -8 -3    0   0   0   0   0   0   0   0   0   4  84   0   7   4   0   0   0   0   0   1  2.35 inf
  238 S   -3 -9 -7 -8 -9 -8 -8 -1 -9-10-10 -8 -9-10 -9  8 -6-11-10 -9    2   0   0   0   0   0   0   6   0   0   0   0   0   0   0  92   0   0   0   0  2.86 inf
  239 A    2 -3 -9 -7 -1 -6 -1 -7 -5 -3 -7 -8 -5 -8  8 -7 -3-10 -7  1   18   2   0   0   1   0   4   0   0   2   1   0   0   0  59   0   2   0   0  10  1.92 inf
  240 S   -1 -5  0 -3 -4 -6 -8 -8  8 -9 -9 -8 -9  0 -5 -3 -9  4  8 -9    6   1   4   2   1   0   0   0  35   0   0   0   0   3   1   2   0   5  40   0  2.40 inf
  241 L   -9 -9 -5-11 -9 -7-10-11 -2 -1  7-10 -2  1-10-10 -8 -9 -8 -4    0   0   1   0   0   0   0   0   1   3  87   0   1   5   0   0   0   0   0   1  2.38 inf
  242 A    4  5 -2 -7 -5 -5 -6 -7  6 -9 -8  2 -8 -9 -8  0 -1 -9 -7 -7   28  26   2   0   0   0   0   0  19   0   0  11   0   0   0   8   4   0   0   0  1.39 inf
  243 T   -1 -8 -1 -9 -1 -6 -8 -8  0  2  0 -8 -3  7 -9 -2 -1  4  1 -2    5   0   3   0   1   0   0   0   2  10  10   0   0  47   0   3   5   5   4   2  1.42 inf
  244 G   -8-10 -8 -9-11-10-10  8-10-12-12-10-11-11-10 -8-10-11-11-11    0   0   0   0   0   0   0 100   0   0   0   0   0   0   0   0   0   0   0   0  3.39 inf
  245 G    1 -5 -2 -5  4  0  5 -5 -4 -1 -3 -6  0 -8 -7 -2  4 -8 -7  2   10   0   2   0   7   4  30   1   0   4   2   0   2   0   0   2  23   0   0  11  0.88 inf
  246 L   -8 -9-10-10 -8 -9-10-11-10  7  4 -9 -4 -5-10 -9 -6 -9 -8  3    0   0   0   0   0   0   0   0   0  49  34   0   0   0   0   0   0   0   0  16  2.01 inf
  247 S   -2 -8 -5 -8 -9 -8 -8  1  2-10-10 -8 -9-10 -7  7 -4-10 -9 -9    3   0   0   0   0   0   0   9   5   0   0   0   0   0   0  82   1   0   0   0  2.46 inf
  248 P    1 -9 -9 -9 -8 -8 -8 -7 -6  5 -6 -8 -5 -8  7 -3 -3-10 -6  3   10   0   0   0   0   0   0   1   0  24   1   0   0   0  44   2   2   0   0  17  1.70 inf
  249 R   -2  8 -2 -7-10 -5 -6 -8 -1 -9 -5  0 -8 -3 -9 -8 -4  1 -5 -4    4  78   2   0   0   0   0   0   2   0   2   5   0   1   0   0   1   2   0   1  2.47 inf
  250 Q   -3  0 -6 -3 -4  6  2 -6 -2 -7 -3  2 -1 -4 -7 -2  3  1 -1 -4    2   6   0   1   0  32  14   0   1   0   3  11   2   1   0   4  18   2   2   2  0.96 inf
  251 C    0 -8 -8 -8  7 -7 -8 -8 -8  3  2 -6  3 -5 -8 -4 -5 -8 -7  4    7   0   0   0  20   0   0   0   0  16  16   0   7   0   0   1   0   0   0  30  1.38 inf
  252 L    0 -7 -8 -8 -7 -6 -7 -8 -2  0  2 -7  0  3 -8 -7 -6  9  4  2    9   0   0   0   0   0   0   0   1   6  15   0   2  10   0   0   0  28  11  15  1.52 inf
  253 H    2  2  2 -2 -1  3 -1 -5  7 -4 -3 -1 -6 -4 -6 -3 -3  2  1 -4   14  12   8   2   1  13   4   1  24   1   3   3   0   1   0   2   1   3   4   1  0.84 inf
  254 R    4  3 -2 -1 -1  1  1 -3 -1 -4 -2  0 -1 -4 -5 -1 -1 -3  0 -2   34  15   1   4   1   6   8   2   2   1   4   6   2   1   0   4   4   0   3   3  0.50 inf
  255 L    4 -5 -6 -7 -1 -6 -6 -2 -5  1  3 -6 -3 -5 -6 -3  0 -7 -6  3   34   0   0   0   1   0   0   4   0   7  28   0   0   0   0   1   6   0   0  16  0.91 inf
  256 L   -1  3 -2 -3 -2  2 -1 -3  0  0  2  1  0  0 -5 -2 -2  4  0 -1    6  16   1   1   1   9   3   2   3   6  19   9   2   4   0   3   2   6   3   4  0.30 inf
  257 A    3  2 -1  1 -3  2  2 -2  1 -4 -4  0 -1 -4 -3 -1  0 -4 -3 -4   23  13   3   9   0   9  11   4   3   1   2   6   2   1   2   5   6   0   1   1  0.37 inf
  258 E    3  1  1 -1 -3  0  2 -3  3 -2 -1  1 -3 -2 -4 -1 -1 -1  1 -2   23   8   6   3   1   5  13   2   6   2   5   7   0   1   1   5   3   1   6   2  0.30 inf
  259 Q    0  1  2 -1  1  2  2 -2  1 -3 -1  0  2  0 -2  0 -1 -3  0 -2    8   9  10   3   3  10  12   2   4   1   6   6   5   4   2   5   4   0   3   3  0.17 inf
  260 P    1  1  0  0 -2  2  1  0  1 -2 -2  0 -3 -3  3  0 -1 -3 -2 -2   13   7   4   4   1   8   9   9   3   2   5   5   0   1  13   8   4   0   1   3  0.18 inf
  261 Q    0  0  2  1  0  2  1  1  0 -2 -2  1  0 -2  0  0 -1 -3 -2 -2    7   6   9   8   2   9  10  13   2   2   5   7   2   2   4   6   4   0   1   2  0.14 inf
  262 A    1  0 -1  1 -1  0  0  1  1 -1 -1  0 -1 -2  0  1  0  2 -2 -1   14   6   2   7   1   4   5  12   3   3   5   6   2   2   4  11   5   3   1   4  0.09 inf
  263 L    1  1 -1 -1 -2 -1  0 -1 -1  1  1  0 -1  0  1  0  0  0 -1  1   11   7   2   3   1   2   6   5   1   7  19   5   1   3   6   6   4   1   2   8  0.05 inf
  264 D   -1 -1  1  3 -2 -1  1  1 -1 -3 -2  0 -3  0  0  1 -2 -3 -2 -3    6   3   7  18   1   3   9  12   2   2   5   6   0   4   5  12   2   0   1   2  0.23 inf
  265 G    0  0  2  2 -3 -1  2  3 -1 -4 -3 -1 -2 -3 -3  2  0 -5 -4 -4    6   5  11   9   1   2  13  19   1   1   3   4   1   1   1  14   5   0   0   1  0.35 inf
  266 G    0  0  0  1 -3  1  3  2  0 -3 -3  0 -3 -4  0  0 -1 -2 -3 -4    9   4   4   8   1   6  21  14   2   1   3   6   1   1   4   7   5   1   1   1  0.29 inf
  267 A    1 -2  0  1 -3  1 -1  4 -2 -4 -4 -2 -5 -5 -1  2 -2 -5 -4 -4    9   3   4   9   1   6   5  34   1   1   2   2   0   0   3  17   2   0   1   1  0.60 inf
  268 G    4 -2 -1 -1 -2 -1 -2  0 -2  2 -2 -2 -2 -4 -2 -1  1 -5 -2  2   33   3   3   3   1   3   3   7   1  12   4   2   1   0   2   3   7   0   1  11  0.40 inf
  269 S    1  0  1  2 -3  2  3 -2  0 -4 -5 -1 -3  1 -5 -1  0 -3  1 -3   12   5   5  12   1  10  22   3   2   1   1   3   1   6   0   4   5   0   5   2  0.40 inf
  270 V    1 -3 -4 -4 -3 -3 -3 -4  1  0 -1  2 -2 -4 -2  0  5  4 -4  2   10   1   1   1   1   1   2   2   3   5   6  12   1   1   2   6  30   5   0  11  0.55 inf
  271 W   -9 -9-10-10 -9 -9-10-10 -8 -8 -2-10 -4  7-10 -9 -9 10  3 -7    0   0   0   0   0   0   0   0   0   0   5   0   1  44   0   0   0  39   9   0  3.17 inf
  272 L   -4  0 -7 -8 -3  1 -2 -7 -6  4  5 -5 -1 -1 -8 -7 -4  0 -4  1    2   5   0   0   1   7   3   0   0  18  49   1   1   2   0   0   1   2   1   8  1.08 inf
  273 N   -3  4  4 -1 -7  1 -4 -3 -2 -8 -7  3 -5  0 -7  3 -2 -8 -4 -7    3  23  16   3   0   6   1   2   1   0   0  15   0   5   0  23   3   0   1   0  0.91 inf
  274 E   -4 -4 -5 -6-10  4  8 -6 -7-10 -9 -5 -8-10 -8 -1 -8 -9 -9 -9    2   1   1   0   0  15  75   1   0   0   0   1   0   0   0   4   0   0   0   0  2.41 inf
  275 L   -8 -9 -9-10 -8 -8 -9-10 -9  3  6 -9 -2 -3 -9 -9 -7 -8 -7  0    0   0   0   0   0   0   0   0   0  15  76   0   1   1   0   0   0   0   0   6  2.10 inf
  276 I    3 -6 -7 -7  2 -7 -7  3 -4  5  0 -7 -3 -5 -7 -4 -5 -7 -1  1   25   0   0   0   4   0   0  21   0  26   8   0   1   0   0   1   0   0   2  10  0.95 inf
  277 W  -10 -6-11-11-10 -7-10-10-10-10 -2-10 -9  0-11-10-10 13 -4-10    0   1   0   0   0   0   0   0   0   0   5   0   0   4   0   0   0  89   1   0  4.94 inf
  278 R   -9  9 -8 -9-11 -7 -8-10 -8-11-10 -6 -9-10-10 -9 -9-10 -9-10    0  99   0   0   0   0   0   0   0   0   0   0   0   0   0   0   0   0   0   0  3.73 inf
  279 E   -7 -8 -7  6-11 -6  7 -9 -8-11-11 -7-10-11 -9 -8 -8-11-10-10    0   0   0  39   0   0  60   0   0   0   0   0   0   0   0   0   0   0   0   0  2.64 inf
  280 F  -10-11-11-11-10 -4-11-11 -9 -8 -4-11 -8 10-11-10-10 -7  4 -9    0   0   0   0   0   1   0   0   0   0   2   0   0  87   0   0   0   0  11   0  3.55 inf
  281 Y    1 -8 -3 -9  1 -7 -8 -6  2 -8 -8 -8 -5  3 -9  3 -5 -2  8 -8   12   0   2   0   2   0   0   1   4   0   0   0   0  11   0  19   1   0  48   0  1.94 inf
  282 R    0  4 -2 -7 -3  3 -6 -6  4 -4 -5  1  2  0 -7 -4 -2  3  5 -5    9  22   2   0   1  13   0   1   9   1   1   7   5   4   0   1   3   3  18   1  0.95 inf
  283 H   -4 -7 -3 -1 -9  4 -6 -7  9 -7 -7 -7  4 -3 -9 -3 -3  1  5 -7    1   0   2   4   0  17   0   0  45   0   0   0   8   1   0   2   2   2  15   0  2.15 inf
  284 L   -2 -4 -7 -9  1 -2 -7 -9 -6  4  5 -8 -2 -6 -8 -5 -3 -8 -5  3    3   1   0   0   3   3   0   0   0  23  45   0   0   0   0   1   2   0   0  19  1.27 inf
  285 I   -2 -8 -9 -9  2 -8 -9 -9 -4  0  6 -7  4 -4 -9 -2 -2 -8  0 -2    3   0   0   0   3   0   0   0   0   6  66   0  10   0   0   3   2   0   3   2  1.57 inf
  286 T    1 -5 -4 -3  0 -3 -7 -8  4 -4 -4 -6 -4  5 -8 -3 -3  6  6  2   10   1   1   2   2   1   0   0   7   1   1   0   0  23   0   2   2  10  25  12  1.31 inf
  287 Y    1 -2  3 -2 -8 -1 -3 -3  9 -5 -6 -3 -5  2 -8 -3 -3 -1  1 -6   11   2  11   3   0   3   2   2  45   1   1   2   0   7   0   2   2   1   4   0  1.61 inf
  288 H   -7  1  1 -8 -6 -4 -2 -9  5 -6 -5 -6 -4  7 -9 -5  0  6  4 -5    0   7   6   0   0   1   3   0  14   0   1   0   0  40   0   1   5   8  12   1  1.64 inf
  289 P   -9-10-10 -9-11 -9 -9-10-10-11-11 -9-10-12  9 -9 -9-12-11-10    0   0   0   0   0   0   0   0   0   0   0   0   0   0 100   0   0   0   0   0  3.91 inf

                      K         Lambda
Standard Ungapped    0.1340     0.3206
Standard Gapped      0.0515     0.2670
PSI Ungapped         0.1686     0.3154
PSI Gapped           0.0515     0.2670
