
Last position-specific scoring matrix computed, weighted observed percentages rounded down, information per position, and relative weight of gapless real matches to pseudocounts
           A  R  N  D  C  Q  E  G  H  I  L  K  M  F  P  S  T  W  Y  V   A   R   N   D   C   Q   E   G   H   I   L   K   M   F   P   S   T   W   Y   V
    1 W   -5 -5 -5 -6 -5 -4 -5 -5 -3 -4 -4 -5 -4  0 -6 -5 -4 11  6 -5    0   0   0   0   0   0   0   0   0   0   0   0   0   0   0   0   0  67  33   0  2.95 inf
    2 Q   -4  0 -2  2 -6  4  3 -5  7 -5 -5  3 -4 -5 -4 -2 -3 -5 -3 -4    0   5   1   9   0  21  18   0  27   1   0  16   0   0   0   2   1   0   0   1  1.02 inf
    3 E   -1 -2 -1  0 -6  0  5 -5 -2 -4 -5  0 -5 -6  6 -2 -2 -6 -5 -3    4   2   3   4   0   4  37   0   1   1   0   5   0   0  35   2   2   0   0   2  1.10 inf
    4 C   -1 -5 -5 -6  3 -4 -4 -5 -3  3  2 -5  6  2 -5 -4 -2  0  3  0    6   0   0   0   7   0   0   0   0  19  18   0  24   9   0   0   2   1   9   5  0.76 inf
    5 M   -4 -4 -5 -1 -5 -4 -3 -6  2 -1  5 -4  3  1 -6 -5 -3 -4  4 -1    0   0   0   4   0   0   1   0   5   2  56   0   7   6   0   0   1   0  13   3  0.95 inf
    6 D   -1 -2  5  4 -5  2  2 -3 -2 -5 -5 -1 -5 -6 -4 -1  1 -6 -4 -3    4   2  30  23   0   8  15   1   1   0   0   3   0   0   0   3   8   0   0   2  0.81 inf
    7 Y   -2 -5 -4 -4 -1 -3 -4 -5  1  4  0 -4 -1  4 -5 -2  1 -4  1  3    2   0   1   1   1   1   1   0   4  26   7   0   0  18   0   3   9   0   3  22  0.61 inf
    8 A    6 -5 -5 -6 -3 -5 -5 -3 -6  0 -2 -5  4 -4 -5 -2 -3 -6 -5 -1   72   0   0   0   0   0   0   1   0   4   4   0  11   1   0   2   1   0   0   4  1.42 inf
    9 V   -2 -2 -4 -4 -2 -2 -2 -5 -3  4  1  0  0 -2 -5 -3  1 -5 -1  4    2   2   0   0   1   2   2   0   0  25  11   7   2   1   0   1   8   0   2  34  0.58 inf
   10 T    0  3  0  2 -5  2  2 -1 -2 -4 -4  3 -3 -5 -1 -1 -1 -5 -4 -4    7  20   5  10   0   8  15   3   1   1   1  20   0   0   2   4   3   0   0   0  0.51 inf
   11 L    5 -5 -5 -6 -1 -4 -4 -4 -5  1  3 -5 -3 -4 -5 -3 -2  4 -3  0   48   0   0   0   1   0   1   0   0   9  27   0   0   0   0   0   2   5   1   5  0.90 inf
   12 A    6 -5 -5 -6 -4 -5 -5 -2 -6  1 -4 -5 -4 -6 -5 -2 -1 -6 -5  2   71   0   0   0   0   0   0   3   0   7   1   0   0   0   0   1   3   0   0  14  1.38 inf
   13 R   -3  6 -2 -4 -5 -1 -1 -5 -2 -3  0  3  0 -2 -5 -3 -2 -4 -1 -3    1  50   1   1   0   2   3   0   0   1  10  17   2   2   0   1   2   0   2   2  1.01 inf
   14 Q    0  3 -1 -1 -4  1  3 -3 -2 -5 -3  5 -3 -5 -4 -1 -1 -6 -4 -4    8  14   2   3   0   6  18   1   1   0   3  36   0   0   0   5   3   0   0   0  0.71 inf
   15 A    7 -6 -6 -6  1 -5 -5  0 -6 -4 -5 -5 -5 -6 -5 -3 -4 -7 -6 -1   86   0   0   0   3   0   0   5   0   1   0   0   0   0   0   1   0   0   0   4  1.85 inf
   16 G   -1 -5 -4 -6 -4 -6 -6  7 -6 -8 -8 -5 -7 -7 -6 -3 -5 -7 -7 -7    6   1   0   0   0   0   0  90   0   0   0   1   0   0   0   2   0   0   0   0  2.34 inf
   17 E    0  2  2  1 -5  2  3 -2 -1 -3 -4  2 -3 -4 -1  0 -1 -5 -3 -3    9  13  11   9   0  10  20   2   1   1   1  10   0   0   3   5   4   0   0   2  0.39 inf
   18 V   -2 -1 -2 -4 -3 -3 -1 -3  1  4  2 -2  3 -1 -4 -1 -2 -2  0  2    2   4   2   0   0   0   4   2   4  29  21   3   8   2   0   5   1   1   2  11  0.39 inf
   19 V   -2 -6 -6 -6 -4 -3 -6 -7 -4  6  3 -5  1 -2 -6 -5 -3 -5 -4  2    3   0   0   0   0   2   0   0   1  47  32   0   3   1   0   0   1   0   0  10  1.19 inf
   20 C    1  3  1 -3 -3  0 -2 -4 -2  0  2  2  2 -2 -4 -2 -1 -4 -3  1   11  20   6   0   0   3   2   0   0   4  19  12   7   1   0   2   2   0   0   9  0.29 inf
   21 E    0  4  0  1 -4  1  2 -2 -1 -4 -4  3 -3 -5 -4 -1 -1 -3 -2 -4    7  26   4   9   0   5  16   3   1   1   1  19   0   0   0   5   3   0   2   0  0.56 inf
   22 A    3  0  0  1 -3 -2 -2  2  2 -4 -3 -1 -1 -2 -4  1 -2 -2  2 -3   32   5   5   9   0   1   1  15   5   0   1   3   2   1   0  10   0   0   7   0  0.39 inf
   23 I   -1 -1 -1 -4 -3 -2 -4 -4  0  0  1 -3  2  5 -5  0 -2  4  3  0    4   3   4   0   0   2   0   1   3   6  15   1   6  25   0   8   1   5  11   5  0.45 inf
   24 K   -1  0  1  1 -4  2  2  2  1 -4 -2  1 -2 -3  0  0 -1 -1 -1 -3    3   6   8   7   0   8  17  19   3   0   3   8   0   1   5   5   2   1   3   1  0.28 inf
   25 N   -1  1  3  2 -5  2  3 -1 -1 -4 -3  2 -3 -5 -3  0  0 -5 -3 -3    5   9  16  11   0  10  18   4   1   0   2  12   0   0   0   5   7   0   0   1  0.42 inf
   26 E    0  1 -1  1 -3  0  1 -2 -2  0  0  0 -1 -3  2 -1  0 -4 -2  1    7  10   1   9   0   2  12   2   0   6  12   3   0   0  10   4   6   0   1  13  0.14 inf
   27 M   -1  0 -1  2 -4  1  2 -2  0  0  1  2  1 -1 -2  0 -2 -4 -2 -2    2   4   2  15   0   5  14   2   2   5  16  15   4   3   1   7   1   0   1   2  0.19 inf
   28 N    0  1  3  1 -3  1  1 -1  1 -2 -2  2 -2 -3 -2  1  1 -4 -3 -1    7   7  16   8   0   6  10   3   3   2   4  12   0   0   1   8   9   0   0   3  0.22 inf
   29 V   -3 -4 -5 -5 -4 -3 -3 -6 -4  5  2 -4  0  1 -5 -4 -1 -4  1  4    1   1   0   0   0   1   1   0   0  30  16   1   1   5   0   1   4   0   4  32  0.79 inf
   30 M   -1  0 -1  1 -4  3  4 -2 -1 -2 -4  1  0 -5 -3  0  1 -5 -3 -1    4   5   2   8   0  14  29   3   1   2   1   8   2   0   0   8   8   0   0   4  0.44 inf
   31 L   -2 -2 -2 -2 -1 -1  1 -4  2  1 -1 -2 -1 -1 -3  1  3 -4  1  3    2   1   0   2   2   2  12   0   5   6   4   1   1   2   1   8  25   0   5  21  0.33 inf
   32 K   -2  0 -3 -3 -6  2  0 -4 -4 -6 -6  7 -5 -6 -4  0 -3 -6 -2 -5    2   4   1   1   0   8   6   0   0   0   0  66   0   0   0   8   1   0   1   0  1.41 inf
   33 S   -1 -1 -1 -1 -4 -1 -1  2 -3 -5 -3  5 -2 -4 -3  3  0 -5 -4 -3    3   1   2   3   0   1   3  17   0   0   2  37   1   0   1  21   5   0   0   1  0.62 inf
   34 S   -1  1  3  0 -2  1 -1  3  1 -3 -4  0 -2 -4 -3  2 -1 -4 -4 -4    4   7  17   4   1   6   2  26   3   1   1   6   1   0   0  17   3   0   0   1  0.44 inf
   35 P    2  0  0  0 -2 -1  0 -1  1 -2 -2 -1 -2  0  4  1  1 -3 -1 -2   16   5   3   5   0   2   5   3   4   2   2   2   1   6  21  11   7   0   1   2  0.29 inf
   36 V    1 -1  4 -1 -3 -1 -2  1  0  1 -2 -1 -2 -2 -3 -1  0 -1  0  1   11   3  26   2   0   2   1  11   3   8   2   3   1   1   0   4   4   1   4  13  0.26 inf
   37 D   -5 -5  1  8 -7 -4 -1 -4 -5 -7 -7 -4 -6 -7 -5 -4 -3 -7 -6 -6    0   0   6  88   0   0   3   1   0   0   0   0   0   0   0   0   1   0   0   0  2.43 inf
   38 L   -4 -5 -6 -6 -4 -4 -5 -6 -4  1  4 -5 -1  5 -3 -5 -3 -1  2  0    0   0   0   0   0   0   0   0   0   6  45   0   0  29   2   0   1   0   7   7  1.06 inf
   39 V   -3 -6 -5 -7 -2 -6 -6 -7 -7 -1 -2 -6 -3 -3 -6 -5 -3 -6 -5  8    1   0   1   0   1   0   0   0   0   1   2   0   0   1   0   0   1   0   0  92  2.12 inf
   40 T   -4 -5 -4 -5 -3 -4 -5 -5 -5 -5 -5 -4 -5 -6 -5  3  7 -6 -5 -4    0   0   0   0   0   0   0   0   0   0   0   0   0   0   0  17  81   0   0   0  2.06 inf
   41 A    0  0  3  2 -5  2  5 -4 -2 -4 -4  0 -3 -5 -3 -1 -2 -5 -3 -2    9   5  16  10   0   8  37   0   1   1   1   5   0   0   1   2   1   0   1   4  0.66 inf
   42 T    2 -4 -4 -5 -2 -3 -4 -4 -4  2 -2 -4  1 -2 -4 -2  3 -3  2  4   20   0   0   0   1   0   0   0   0   9   1   0   4   1   0   1  19   0   8  34  0.67 inf
   43 D   -5 -6 -2  8 -7 -4 -2 -5 -5 -7 -7 -5 -7 -7 -6 -4 -5 -8 -7 -7    1   0   1  95   0   0   2   0   0   0   0   0   0   0   0   0   0   0   0   0  2.78 inf
   44 Q   -3  4  0 -3 -5  2  0 -4  1  0 -2  5 -2 -4 -3 -3 -2 -4 -4 -1    1  25   3   0   0  10   4   1   4   6   4  34   1   1   1   0   1   0   0   3  0.68 inf
   45 K    3  1 -1  0 -4  1  3 -2 -1 -3 -2  2 -1 -3 -3 -1 -2 -4 -2 -3   32   7   3   6   0   7  19   2   1   1   4  11   1   1   0   2   1   0   1   0  0.40 inf
   46 V    4 -4 -3 -4  3 -4 -4 -3 -4  1 -3 -4 -2 -4 -4  2  0 -5 -4  3   36   0   1   0   7   0   0   0   0   8   1   0   0   0   0  15   6   0   0  24  0.70 inf
   47 E   -5 -4 -4 -2 -7  1  8 -6 -4 -7 -7 -2 -6 -7 -5 -3 -5 -7 -6 -6    0   0   0   1   0   4  91   0   0   0   0   1   0   0   0   1   0   0   0   0  2.34 inf
   48 K    2  1  1  2 -4  3  2 -3 -1 -4 -4  3 -3 -4 -3 -1 -1 -5 -2 -3   17   8   5  11   0  13  16   0   1   1   1  17   0   0   0   2   4   0   1   1  0.43 inf
   49 M    1 -3 -3 -4 -2 -3 -1 -4 -1  2  2 -3  3  3 -4 -2  0 -3  0  0   16   1   1   0   0   0   4   0   1  14  24   1   9  14   0   2   5   0   3   6  0.36 inf
   50 L   -4 -6 -6 -6 -3 -5 -6 -6 -6  7  3 -6 -1  1 -6 -5 -2 -5 -3  2    0   0   0   0   0   0   0   0   0  60  22   0   0   5   0   0   1   0   0   9  1.38 inf
   51 I   -2  1 -3 -4 -1 -3 -3 -5 -2  4  0  1  2  1 -4 -2  0 -4  0  2    2   9   0   0   1   1   1   0   1  34   8   8   5   6   0   3   5   0   3  13  0.41 inf
   52 S    0  0  2  3 -4  1  4  0 -1 -5 -4  1 -4 -4 -3  1  0 -5 -1 -4    9   5   9  14   0   5  26   6   1   0   0   7   0   0   0   9   6   0   2   0  0.44 inf
   53 S    0  0  0 -1 -1  0  2  0  1  0 -1  0  0 -2 -3  0  2 -3 -2  0    9   6   3   2   1   3  16   7   3   7   3   6   2   2   0   7  15   0   1   7  0.11 inf
   54 I   -4 -6 -6 -6 -4 -5 -6 -7 -6  6  5 -6 -1 -2 -6 -5 -4 -5 -4  0    0   0   0   0   0   0   0   0   0  46  48   0   0   0   0   0   0   0   0   3  1.46 inf
   55 K   -1  4 -1 -3 -4  1 -1 -3  0 -3  1  4  0 -4 -4  1 -1 -5 -4 -3    3  25   2   0   0   7   3   1   3   1  13  24   3   0   0  11   4   0   0   1  0.50 inf
   56 E    0  2 -1  0 -4  1  3 -1 -1 -4 -4  4 -3 -3 -3  0  1 -5 -2 -4   10  10   2   4   0   5  21   3   1   0   0  26   0   1   0   6   7   0   2   0  0.46 inf
   57 K    3  2 -1 -2 -3  0 -1 -2  3 -3 -3  2 -2 -3 -3  2  0 -5 -3 -2   30  11   3   1   0   3   2   1   8   0   2  14   1   1   0  15   6   0   0   2  0.43 inf
   58 Y   -5  2 -5 -7 -4 -5 -6 -5 -1 -5 -3 -4 -2  6 -7 -5 -4 -1  8 -3    0  12   0   0   0   0   0   1   1   0   2   0   1  34   0   0   0   1  46   1  1.84 inf
   59 P   -5 -7 -7 -6 -7 -6 -6 -5 -5 -7 -8 -3 -7 -4  9 -3 -5 -8 -7 -7    0   0   0   0   0   0   0   0   0   0   0   1   0   1  95   1   0   0   0   0  3.22 inf
   60 S   -2 -2  2  5 -4  1  3  0  1 -5 -5 -1 -4 -5 -4  1  2 -6 -4 -5    1   1   9  30   0   5  17   9   4   0   0   2   0   0   0   9  12   0   0   0  0.67 inf
   61 H   -4 -4 -4  1 -7 -3 -4 -6 10 -4 -6 -5 -6  0 -6 -3 -5 -3  4 -5    1   0   0   8   0   0   0   0  70   1   0   0   0   3   0   2   1   0  13   0  2.51 inf
   62 S    1  1 -1  0  1  0 -1  3  0 -4 -3  2 -3 -3 -3  2  0 -2 -2 -2   13   6   2   4   3   4   3  22   3   0   1  15   0   1   0  15   6   0   1   2  0.30 inf
   63 F   -5 -5 -7 -7 -5 -6 -7 -7 -6  6 -1 -6 -1  7 -7 -6 -5  2 -1  0    0   0   0   0   0   0   0   0   0  43   4   0   1  42   0   0   0   3   1   6  1.62 inf
   64 I   -4 -5 -6 -6 -3 -5 -6 -7 -1  5  5 -5  2 -1 -6 -5 -3 -3 -3  1    0   0   0   0   0   0   0   0   1  35  48   0   4   2   0   0   1   0   1   7  1.15 inf
   65 G    3 -5 -4 -4  1 -4 -4  6 -5 -5 -5 -4  0 -5 -4  0 -1 -5 -3 -4   29   0   0   0   3   0   0  53   0   0   1   0   3   0   0   5   4   0   1   0  1.18 inf
   66 E   -4 -4 -4 -2 -7 -2  8 -6 -4 -6 -6 -3 -6 -6 -5 -4 -5 -6 -6 -6    1   0   0   0   0   0  95   0   0   0   0   1   0   0   0   0   0   0   0   0  2.44 inf
   67 E   -5 -4 -4 -2 -7 -2  8 -6 -4 -6 -6 -3 -6 -6 -5 -4 -5 -6 -6 -6    0   0   0   0   0   0  96   0   0   0   0   0   0   0   0   0   0   0   0   0  2.51 inf
   68 S   -1 -2  0 -1 -3 -2 -1  3 -3 -4 -4 -2 -3 -3 -3  4  2 -4 -3 -3    3   1   4   3   0   1   4  22   0   1   1   1   1   1   1  40  15   0   1   1  0.66 inf
   69 V    0 -2 -1 -1 -2 -1  0  3 -1 -1 -1 -1 -1  0 -2  0  1 -1  2  0    6   1   2   2   1   1   6  25   1   4   4   3   2   5   1   7   9   1  10  10  0.16 inf
   70 A    2 -1 -1  0 -1  0  1  1  0 -1 -1  0 -1 -1  0  1  0 -2 -1  0   24   3   2   5   1   4   8   9   2   3   6   5   1   2   4  11   3   1   2   5  0.10 inf
   71 A    1  0  0  0 -1  1  0  0  1 -1 -1  1 -1 -1  1  1  0 -2 -1 -1   17   4   3   5   1   8   5   7   4   4   6   9   1   3   6   9   4   0   1   4  0.07 inf
   72 G   -1 -3  1 -1 -2  0 -2  6 -2 -4 -3 -1 -2 -3 -2 -1 -1 -1 -2 -3    5   1   6   2   1   4   3  56   1   1   2   3   1   1   2   5   3   1   1   1  0.80 inf
   73 E    0 -1  1  1 -2  0  3  1  1 -1 -2  0 -1 -3 -1  0  0 -3 -2 -1    9   1   8   8   0   3  25   9   3   3   3   5   2   1   3   6   5   0   1   4  0.21 inf
   74 K   -1  1  1  0 -3  1  1  0  1  0 -1  1 -1 -2  1  0  0 -3 -1 -1    3   7   6   4   0   6  11   7   4   6   7  13   0   1   6   6   8   0   1   4  0.10 inf
   75 S    0  0  0  0  1  0  1  0 -1 -1 -1  1 -1 -2  1  1  0 -3 -2  0   10   5   4   5   5   5  13   6   1   5   6   7   1   1   5   9   6   0   1   5  0.07 inf
   76 I    0 -1 -1  0 -2  0  2  3 -2 -1 -1  0 -1 -2  0 -1  0 -3 -2  0    7   2   1   5   0   3  16  26   1   4   7   6   1   1   5   3   4   0   1   7  0.18 inf
   77 L    0 -1 -1  0 -1 -1  0 -1 -1  0  2  0  0 -1 -1  0  1 -1 -2  0    7   3   1   5   1   2   9   6   2   4  28   6   2   2   2   8   8   1   1   4  0.06 inf
   78 T   -2 -2  1  4 -3 -2  0  0 -2 -3 -2  0 -2 -4 -2  0  4 -4 -3 -3    2   1   5  30   0   1   4   6   1   1   4   4   1   0   2   6  28   0   0   1  0.55 inf
   79 D    0 -1  2  4 -2 -1  0 -1 -1 -4 -4  1 -3 -4  1  2  0 -3 -2 -3    6   2   8  26   1   2   6   5   1   0   1   9   0   0   6  19   5   0   1   1  0.41 inf
   80 N    1  0  1  4 -4  0  3  1 -2 -4 -4  0 -3 -4 -1  0  0 -4 -3 -3   10   5   5  23   0   4  20  12   1   0   1   4   0   0   3   6   6   0   0   1  0.41 inf
   81 P   -3  0 -1 -4 -1 -4 -4 -5  3 -1 -3 -3 -3  2  5 -3 -1  3  5  1    1   6   2   1   1   0   0   0   7   4   1   1   0   8  32   0   3   4  18  10  0.84 inf
   82 T   -3  3 -3 -4  1  3 -1 -4 -3 -1  0 -2 -1 -4 -4 -2  5 -5 -4  2    1  15   0   0   3  13   3   1   0   3  10   1   1   0   0   0  38   0   0  13  0.65 inf
   83 W   -8 -8 -9-10 -8 -7 -8 -8 -8 -8 -7 -8 -7  1 -9 -8 -8 13 -3 -5    0   0   0   0   0   0   0   0   0   0   0   0   0   5   0   0   0  94   0   1  4.84 inf
   84 I   -2 -6 -7 -7  0 -6 -7 -7 -3  7 -1 -6 -1 -2 -6 -6 -4 -6 -1  3    2   0   0   0   2   0   0   0   1  70   3   0   1   1   0   0   0   0   2  18  1.65 inf
   85 I   -5 -7 -7 -7 -1 -6 -7 -6 -7  7 -2 -6 -2 -4 -6 -6 -4 -6 -5  5    0   0   0   0   1   0   0   0   0  65   1   0   0   0   0   0   0   0   0  33  1.88 inf
   86 D   -6 -6 -3  9 -8 -5 -3 -6 -6 -8 -8 -5 -8 -8 -6 -5 -6 -9 -8 -8    0   0   0 100   0   0   0   0   0   0   0   0   0   0   0   0   0   0   0   0  3.06 inf
   87 P   -6 -7 -7 -6 -8 -6 -6 -7 -7 -8 -8 -6 -7 -9  9 -6 -6 -9 -8 -7    0   0   0   0   0   0   0   0   0   0   0   0   0   0 100   0   0   0   0   0  3.51 inf
   88 I   -5 -6 -7 -7 -5 -6 -6 -7 -6  6  5 -6 -2 -3 -6 -6 -4 -5 -5  1    0   0   0   0   0   0   0   0   0  40  54   0   0   0   0   0   0   0   0   6  1.50 inf
   89 D   -6 -6 -1  9 -8 -5 -3 -6 -6 -8 -8 -5 -8 -8 -6 -5 -6 -9 -8 -8    0   0   2  98   0   0   0   0   0   0   0   0   0   0   0   0   0   0   0   0  2.96 inf
   90 G   -4 -7 -5 -6 -7 -6 -6  8 -6 -8 -8 -6 -7 -8 -7 -5 -6 -7 -7 -8    0   0   0   0   0   0   0 100   0   0   0   0   0   0   0   0   0   0   0   0  2.76 inf
   91 T   -5 -6 -3 -6 -5 -5 -5 -6 -2 -5 -6 -5 -5 -7 -6 -3  8 -7 -6 -5    0   0   1   0   0   0   0   0   1   0   0   0   0   0   0   0  98   0   0   0  2.68 inf
   92 T   -2 -3  0 -5 -1 -3 -4 -5 -3 -1 -1 -2  3 -5 -5  0  6 -6 -5  1    1   1   4   0   1   1   0   0   0   2   5   2   9   0   0   5  58   0   0  11  1.07 inf
   93 N   -6 -5  9 -3 -7 -5 -3 -5 -4 -8 -8 -5 -7 -8 -7 -3 -5 -8 -7 -8    0   0  98   0   0   0   1   0   0   0   0   0   0   0   0   1   0   0   0   0  3.09 inf
   94 F   -6 -7 -7 -8 -7 -7 -7 -8 -5 -5 -4 -7 -4  9 -8 -7 -6 -3  5 -5    0   0   0   0   0   0   0   0   0   0   0   0   0  79   0   0   0   0  20   0  2.81 inf
   95 V    1 -5 -5 -6 -4 -5 -5 -5 -6  3  2 -5  0 -3 -5 -3  0 -5 -4  5   12   0   0   0   0   0   0   0   0  19  19   0   1   0   0   1   5   0   0  42  0.89 inf
   96 H   -4  1 -3 -5 -4 -3 -4 -6 10 -7 -6  2 -6 -6 -6 -3 -6 -7  0 -7    1   7   0   0   0   1   0   0  76   0   0  10   0   0   0   2   0   0   3   0  2.74 inf
   97 R   -2  2 -1 -3 -3  2 -4  6  0 -5 -4 -2 -4 -6 -5 -1 -3 -6 -5 -6    3  10   2   1   0  12   0  61   2   0   2   1   0   0   0   4   1   0   0   0  1.20 inf
   98 F   -4 -3 -3 -5 -5 -1 -5 -6  0  3  2 -1  1  6 -6 -4 -4 -2  3  0    0   1   1   0   0   3   0   0   2  18  15   4   2  36   0   1   0   0  11   4  0.86 inf
   99 P   -4 -1 -6 -6 -7 -4 -2 -6 -2 -6 -7 -4 -7 -5  9 -5 -5 -8 -6 -6    1   4   0   0   0   1   2   0   1   0   0   1   0   0  89   0   0   0   0   0  2.82 inf
  100 F   -2 -3  1 -2 -2  2 -3 -4  7 -1 -1 -3  2  4 -4 -2 -2  1  2 -1    2   0   7   2   1   9   0   0  32   3   6   1   5  16   0   2   2   2   5   4  0.77 inf
  101 V   -2 -6 -6 -6  3 -5 -6 -6 -4 -2 -3 -6 -3  7 -6 -1 -2  4  4  2    3   0   0   0   6   0   0   0   0   2   0   0   0  45   0   6   2   6  15  15  1.30 inf
  102 A    5 -6 -4 -6  8 -5 -5 -1 -6 -5 -5 -5 -2 -6 -5  1 -3 -6 -6 -3   46   0   0   0  36   0   0   4   0   0   0   0   1   0   0  12   1   0   0   1  1.66 inf
  103 V   -4 -6 -6 -7 -2 -6 -6 -7 -7  5 -2 -6 -2 -4 -4 -4 -1 -6 -5  6    0   0   0   0   1   0   0   0   0  36   0   0   0   0   1   1   3   0   0  59  1.65 inf
  104 S   -3 -5 -3 -5 -2 -4 -4 -4 -5 -7 -7 -5 -4 -7 -5  7 -2 -7 -6 -5    1   0   0   0   1   0   0   1   0   0   0   0   0   0   0  97   1   0   0   0  2.32 inf
  105 I   -5 -7 -7 -7 -5 -6 -7 -8 -7  8  0 -6  0 -4 -7 -6 -4 -6 -5  3    0   0   0   0   0   0   0   0   0  76   7   0   2   0   0   0   0   0   0  15  1.94 inf
  106 G    6 -5 -5 -5 -3 -5 -5  5 -6 -6 -6 -5 -5 -6 -5 -3 -4 -6 -6 -5   58   0   0   0   0   0   0  42   0   0   0   0   0   0   0   0   0   0   0   0  1.65 inf
  107 F   -2 -5 -6 -6  1 -4 -6 -6 -5  1  5 -5 -1  3 -6 -5 -4 -4  1  2    3   0   0   0   3   0   0   0   0   7  56   0   1  13   0   0   0   0   4  14  0.99 inf
  108 A    1  1 -3 -2  0  1  2 -3 -1 -1  0  0  0 -1 -3  0  0  1  2  0   17   9   0   0   2   6  15   0   1   4  10   6   2   2   0   4   4   2   9   6  0.16 inf
  109 V   -3  1 -3 -2 -3  0  1 -4  5  3 -2  0 -1 -2 -4 -3 -3 -2  2  3    1   8   1   2   0   3  10   1  14  21   2   5   1   1   0   1   0   1   6  22  0.44 inf
  110 N   -3  2  4  3 -6  0  1  0 -1 -6 -5  4 -4 -5 -3 -2 -3 -6 -4 -5    1   9  24  19   0   3   9   7   1   0   0  25   0   0   0   0   0   0   0   0  0.78 inf
  111 K   -3  1 -1 -1 -5 -1 -2  6 -1 -7 -6  3 -5 -6 -5 -3 -4 -6 -6 -6    0   7   3   4   0   2   3  59   1   0   0  20   0   0   0   1   0   0   0   0  1.25 inf
  112 K   -3  3 -1 -2 -5  3  4 -4 -3  0 -4  3 -3 -5 -4 -3 -2 -5 -4  1    1  14   2   1   0  13  29   1   0   5   0  18   0   0   0   0   2   0   0  13  0.63 inf
  113 I   -2 -4 -4 -5 -3 -4 -4 -1 -5  3  2 -4  1 -4  5 -3  2 -5 -4  1    2   1   0   0   0   0   0   6   0  18  18   0   3   0  26   1  13   0   0  11  0.65 inf
  114 E   -1 -1 -4 -2 -3  1  3 -5 -4  1 -1  0  0 -3 -4 -2  1 -5 -1  4    3   2   0   1   0   6  26   0   0   9   4   5   2   1   0   1   7   0   2  31  0.48 inf
  115 F    2 -3 -4 -4 -2  1 -3 -4  3  2  1 -3  0  2 -4 -2 -2 -4 -1  3   17   0   0   1   1   7   1   0   7  12  14   0   2   8   0   1   0   0   2  26  0.41 inf
  116 G    3 -6 -4 -5 -6 -5 -6  7 -6 -7 -7 -5 -6 -7 -6 -3 -5 -6 -7 -6   25   0   0   0   0   0   0  75   0   0   0   0   0   0   0   1   0   0   0   0  1.94 inf
  117 V   -1 -6 -6 -7  1 -6 -6 -6 -6  3  0 -6 -1 -1 -6 -5 -3 -3 -1  6    4   0   0   0   3   0   0   0   0  11   7   0   1   2   0   0   0   0   2  69  1.38 inf
  118 V   -4 -6 -7 -7 -3 -6 -6 -7 -7  5 -2 -6 -2 -4 -6 -5 -2 -6 -5  6    1   0   0   0   0   0   0   0   0  36   1   0   0   0   0   0   1   0   0  61  1.75 inf
  119 Y   -4 -6 -1 -5 -2 -5 -4 -7  2 -4 -2 -6 -4  3 -7 -4 -5 -2  9 -4    1   0   3   1   1   0   1   0   4   1   3   0   0  10   0   1   0   0  73   1  2.28 inf
  120 S    1 -4  5  6 -3 -1 -2 -4  0 -5 -5 -4 -5 -6 -5  0 -4 -7 -6 -3   10   0  31  45   1   2   1   0   2   0   1   0   0   0   0   5   0   0   0   2  1.30 inf
  121 C   -2 -6 -6 -6  3 -6 -6 -6 -7 -5 -6 -5 -6 -7  8 -5 -4 -8 -7  0    3   0   0   0   6   0   0   0   0   0   0   0   0   0  81   0   1   0   0   8  2.56 inf
  122 V    1 -3 -2 -4 -2 -3 -3 -4 -1  3  0 -3  5  3 -1 -2  0 -1 -1  2   11   1   2   0   1   0   2   1   2  21   6   0  17  12   3   3   5   1   2  12  0.38 inf
  123 E   -2  4  0 -3 -2  0  0 -3  1 -2  2  1  2 -3 -4 -1  1 -5 -3 -3    3  30   4   1   1   4   5   1   3   2  20   9   5   0   0   2   9   0   0   0  0.42 inf
  124 G   -4  0  5  6 -6  1  1  1  0 -6 -6  0 -4 -6 -5 -2 -3 -7 -5 -6    1   4  26  40   0   5   7   9   2   0   0   4   0   0   0   1   0   0   0   0  1.08 inf
  125 K   -4 -2 -3  2 -7  2  7 -6 -1 -6 -4  1 -4 -6 -5 -3 -1 -3 -4 -3    0   2   0   8   0   8  66   0   1   0   1   6   0   0   0   0   3   0   0   2  1.40 inf
  126 M   -4 -3 -6 -6 -1 -5 -3 -6 -5  0  5 -4  5  0 -6 -4  0 -2 -4 -1    0   1   0   0   1   0   2   0   0   3  61   0  18   4   0   0   5   0   0   3  1.13 inf
  127 Y   -6 -7 -7 -8 -4 -7 -7 -7 -4 -5 -4 -7 -4  8 -8 -6 -6  0  7 -4    0   0   0   0   0   0   0   0   0   0   1   0   0  67   0   0   0   1  30   0  2.59 inf
  128 T   -2 -1 -3 -4 -1 -3 -3 -4  4 -1 -3 -3 -2 -1 -4  2  5  1  2 -1    2   4   0   0   1   1   1   0   9   3   1   0   1   3   0  17  46   2   6   3  0.81 inf
  129 A    7 -5 -5 -6 -4 -5 -5  1 -6 -5 -5 -5 -5 -6 -5 -1 -2 -6 -6 -3   86   0   0   0   0   0   0   8   0   0   0   0   0   0   0   3   2   0   0   1  1.79 inf
  130 R    0  1 -2 -2  1  1  2 -4 -2  2 -1  0 -1 -3 -3  1  1 -1 -2  2    7  10   0   0   4   5  16   0   0  12   2   5   1   1   0  14   7   1   1  15  0.21 inf
  131 K   -2  6 -3 -4 -4  0 -2 -5 -2 -4 -1  5 -4 -6 -4 -2 -3 -6 -4 -1    3  40   0   0   0   3   2   0   1   0   5  38   0   0   0   1   1   0   0   4  1.16 inf
  132 G   -4 -6 -1 -2 -7 -4 -5  7 -4 -8 -8 -5 -7 -7 -6 -3 -5 -7 -7 -7    0   0   3   2   0   0   0  92   0   0   0   0   0   0   0   1   0   0   0   0  2.33 inf
  133 K    0  2 -1 -2 -4  4  2  0  1 -4 -2  3 -1 -3 -4  0 -2 -4 -1 -3    7  13   2   1   0  21  12   8   4   0   4  18   1   1   0   5   1   0   2   1  0.44 inf
  134 G   -4 -7 -5 -6 -7 -6 -6  8 -6 -8 -8 -6 -7 -5 -6 -4 -6 -7 -7 -8    0   0   0   0   0   0   0  99   0   0   0   0   0   0   0   0   0   0   0   0  2.70 inf
  135 A    7 -5 -5 -6 -3 -5 -5 -4 -6 -4 -5 -5 -5 -5 -5 -1 -2 -7 -6 -3   92   0   0   0   0   0   0   0   0   0   0   0   0   0   0   4   2   0   0   1  1.99 inf
  136 F   -4 -1 -5 -6 -5  2 -4 -6 -1 -4 -2 -2 -2  7 -6 -4  0  5  5 -3    1   3   0   0   0  12   0   0   1   0   2   3   1  41   0   0   5   8  22   1  1.31 inf
  137 C   -4 -1 -6 -6  5 -4 -3 -6 -4 -1  5 -2  3  0 -6 -5 -4 -5 -2 -1    0   4   0   0  11   0   2   0   0   2  63   3   7   3   0   0   0   0   1   3  1.06 inf
  138 N   -6 -4  9 -1 -7 -4 -4 -4 -2 -8 -8 -5 -7 -8 -6 -3 -4 -8 -7 -7    0   0  95   2   0   0   0   1   0   0   0   0   0   0   0   0   0   0   0   0  2.89 inf
  139 G   -3  0  2  4 -6 -1  1  5 -2 -6 -6 -3 -5 -6 -5 -2 -4 -6 -3 -6    0   4   9  22   0   2   8  50   1   0   0   0   0   0   0   2   0   0   1   0  1.10 inf
  140 Q   -2  4 -1 -2 -5  4  2 -4  1 -3 -4  2 -1 -1 -4 -1 -1 -3  0 -2    2  28   1   1   0  17  11   1   4   1   1  14   1   3   0   5   4   0   4   3  0.56 inf
  141 K   -3  7 -3 -5 -7 -1 -3 -6 -4 -5 -6  1 -4 -7  5 -3 -4 -7 -6 -5    2  54   1   0   0   2   1   0   0   0   0   9   0   0  29   2   1   0   0   1  1.58 inf
  142 L   -5 -6 -7 -7 -5 -6 -6 -7 -6  7  4 -6  2 -3 -6 -6 -4 -6 -5  0    0   0   0   0   0   0   0   0   0  57  37   0   4   0   0   0   0   0   0   2  1.56 inf

                      K         Lambda
Standard Ungapped    0.1329     0.3181
Standard Gapped      0.0629     0.2670
PSI Ungapped         0.2054     0.3146
PSI Gapped           0.0629     0.2670
