
Last position-specific scoring matrix computed, weighted observed percentages rounded down, information per position, and relative weight of gapless real matches to pseudocounts
           A  R  N  D  C  Q  E  G  H  I  L  K  M  F  P  S  T  W  Y  V   A   R   N   D   C   Q   E   G   H   I   L   K   M   F   P   S   T   W   Y   V
    1 H   -5 -4 -3 -5 -7 -3 -4 -6 11 -7 -6 -4 -5 -5 -6 -4 -5 -6 -2 -7    0   0   0   0   0   0   0   0 100   0   0   0   0   0   0   0   0   0   0   0  3.48 inf
    2 R   -1  4  4 -1 -4  1 -1 -2  1 -4 -3  2 -1 -4 -3  1  1 -4 -3 -2    4  23  24   2   0   7   1   1   4   0   1  14   1   0   0   8   8   0   0   3  0.46 inf
    3 F   -5 -6 -6 -7 -5 -6 -6 -6 -4 -3  0 -6 -3  9 -6 -5 -5  4  1 -2    0   0   0   0   0   0   0   0   0   0   8   0   0  83   0   0   0   6   1   2  2.13 inf
    4 K   -1  1  0 -1 -4  2  2 -2  1 -1 -2  4 -2 -2 -3  0 -1 -4 -1  0    4   6   3   1   0   7  16   2   3   3   2  35   0   1   0   4   3   0   1   6  0.33 inf
    5 V   -1 -1 -2 -2 -2 -1  1 -3 -3  2  0  1 -1 -3  1  0  1 -4 -2  3    3   2   1   0   0   1  10   1   0  10   5  11   1   0   8   8   9   0   0  30  0.20 inf
    6 Y   -2  1 -1 -3 -2  1 -2 -4  8 -4 -4  1  0 -1 -4 -2  1  3  3 -2    1   7   2   0   1   5   1   0  45   0   0   8   2   1   0   0  11   4   8   2  0.99 inf
    7 N   -1 -1  3 -2 -3 -1 -2 -3 -3 -3 -4 -2  0 -2 -1  3  5 -5 -3 -3    2   2  16   0   0   2   0   0   0   0   0   0   2   2   2  27  45   0   0   0  0.75 inf
    8 Y   -2 -4 -5 -6 -5 -4 -5 -5 -2 -3 -1 -5 -3  6 -5 -3 -4 -1  8 -3    4   0   0   0   0   0   0   0   0   0   3   0   0  36   0   2   0   0  55   0  1.71 inf
    9 M   -1  2 -1 -2 -3 -1 -1 -1  0 -2  0  3  2 -1 -2  1  2 -3 -2 -1    2  13   1   0   0   1   0   4   2   0  10  23   7   3   1  14  17   0   1   2  0.22 inf
   10 S    0  1 -1 -2 -3  0 -2  2  1 -1 -3  1 -2 -2 -3  3  2 -4 -3 -1    5   8   1   0   0   3   0  15   5   6   1   8   0   1   0  31  14   0   0   2  0.28 inf
   11 P   -2 -5 -5 -4 -5 -4 -4 -5 -5 -3 -1 -4 -4 -1  8 -2 -4 -6 -5 -3    1   0   0   0   0   0   0   0   0   1   8   0   0   4  82   2   0   0   0   1  2.16 inf
   12 T   -1 -3  0 -3 -2 -2 -3 -4  3 -1 -3 -3 -1 -4 -4 -1  7 -5 -3 -2    4   0   4   0   1   1   0   0   8   4   1   0   1   0   0   0  77   0   0   0  1.22 inf
   13 F   -4 -4  1 -4 -4 -2 -4 -4 -3 -2 -2 -2 -2  6 -5 -2 -2  7  4 -1    0   0   9   0   0   2   0   0   0   1   1   3   0  46   0   3   1  17  12   5  1.11 inf
   14 C   -4 -7 -6 -7 11 -6 -7 -6 -6 -4 -4 -6 -5 -6 -6 -4 -4 -6 -6 -4    0   0   0   0 100   0   0   0   0   0   0   0   0   0   0   0   0   0   0   0  3.67 inf
   15 D   -3 -3  2  6 -2  1  2 -3  0 -5 -5 -1 -2 -5 -3 -1 -2 -5  0 -5    0   0   8  63   1   6  12   0   2   0   0   1   1   0   0   3   1   0   4   0  1.14 inf
   16 H   -2 -3 -1 -2 -5 -2  0 -4  8 -4 -1 -1 -1  2 -4 -2 -3 -3  4 -3    3   0   3   1   0   0   6   0  47   0   5   4   2  11   0   2   1   0  14   1  1.01 inf
   17 C   -4 -7 -6 -7 11 -6 -7 -6 -6 -4 -4 -6 -5 -6 -6 -4 -4 -6 -6 -4    0   0   0   0 100   0   0   0   0   0   0   0   0   0   0   0   0   0   0   0  3.67 inf
   18 G    0 -2  0 -1 -4 -2 -1  5  0 -4 -4 -1 -2 -3 -1  0  1 -4 -4 -4    8   1   3   3   0   1   4  55   3   0   0   3   1   1   2   7   9   0   0   0  0.70 inf
   19 S   -1  0  3  1 -3  1  1  1  0 -4 -3  0 -2 -4 -3  3  0 -4 -3 -3    0   5  16   7   0   6   8  11   2   0   1   6   1   0   0  34   2   0   0   1  0.39 inf
   20 L   -3 -1 -5 -5 -3 -4 -4 -5 -4  0  4 -4  4  4 -5 -4 -2 -3 -1  0    0   4   0   0   0   0   0   0   0   3  55   0  11  22   0   0   1   0   0   5  0.80 inf
   21 L   -3 -4 -5 -6 -3 -4 -5 -6 -5  2  5 -4  5  0 -3 -4 -3 -4 -3 -1    0   0   0   0   0   0   0   0   0   8  74   0  15   2   1   0   0   0   0   0  1.11 inf
   22 W   -4 -3 -5 -6 -5 -4 -5 -4  3 -4 -4 -2 -4  1 -6 -5 -3 11  5  0    0   2   0   0   0   0   0   1   6   0   0   2   0   5   0   0   1  53  22   8  2.15 inf
   23 G   -2 -5 -3 -4 -5 -4 -5  7 -5 -7 -6 -4 -5 -6 -5 -3 -4 -5 -6 -6    0   0   0   0   0   0   0 100   0   0   0   0   0   0   0   0   0   0   0   0  2.21 inf
   24 L   -3 -4 -5 -5 -3 -4 -4 -5 -4  3  5 -4  1  1  1 -4 -3 -3 -2  1    0   0   0   0   0   0   0   0   0  20  59   0   1   5   6   0   0   0   0   9  0.78 inf
   25 V    0 -2 -3 -4 -1 -3 -3 -2 -3  3  1 -1  1  3 -3 -1  0 -2  1  2    7   2   0   0   1   0   0   2   0  22   9   3   5  14   0   4   7   0   5  19  0.23 inf
   26 K    0  4 -1 -3 -4  0 -1 -2  4 -3 -3  3 -2 -3 -3  0 -1 -4 -2 -3   10  31   2   0   0   3   0   1  14   1   2  26   1   1   0   5   3   0   0   0  0.58 inf
   27 Q   -3 -2 -1 -3 -5  8  0 -4 -2 -5 -5  1 -3 -6 -4 -3 -1 -5 -4 -5    0   0   2   0   0  84   3   0   0   0   0   6   0   0   0   0   4   0   0   0  1.81 inf
   28 G   -1 -2 -3 -4 -5 -2 -4  7 -4 -6 -6 -4 -5 -6 -5 -3 -4 -5 -5 -6    3   2   0   0   0   2   0  93   0   0   0   0   0   0   0   0   0   0   0   0  1.91 inf
   29 L   -3 -3 -3 -5 -1 -3 -4 -5 -2  0  3 -2  4  2 -4 -3 -2  0  3  3    0   0   1   0   1   0   0   0   1   1  36   3  15   7   0   0   1   1  13  22  0.54 inf
   30 K   -2  3 -1  0 -5  4 -1 -4  0 -2 -4  5 -3 -5 -3 -2 -1 -5 -3 -3    2  18   1   4   0  19   0   0   2   2   0  48   0   0   0   0   3   0   0   2  0.81 inf
   31 C   -4 -7 -6 -7 11 -6 -7 -6 -6 -4 -4 -6 -5 -6 -6 -4 -4 -6 -6 -4    0   0   0   0 100   0   0   0   0   0   0   0   0   0   0   0   0   0   0   0  3.67 inf
   32 E   -1  2 -1  2 -3  2  3 -2 -2 -2 -3  2  0 -3 -2  1  0 -4 -3 -1    5  10   0  13   0   8  23   2   0   1   0  15   3   1   1   9   5   0   0   6  0.31 inf
   33 D    0 -3  2  5 -1 -1  1  0 -2 -1 -3 -2 -2 -4 -3 -1 -1 -5 -4  0   10   0   8  44   1   1   8   6   0   3   0   1   0   0   0   3   4   0   0  11  0.55 inf
   34 C   -4 -7 -6 -7 12 -7 -7 -6 -7 -5 -5 -7 -5 -6 -6 -4 -4 -6 -6 -4    0   0   0   0 100   0   0   0   0   0   0   0   0   0   0   0   0   0   0   0  3.81 inf
   35 G    0 -2  2  2 -2 -1 -1  5  0 -5 -4  1 -2 -5 -3  0 -2 -4 -4 -4    6   1  12  10   1   1   2  47   2   0   1  10   1   0   0   5   0   0   0   0  0.65 inf
   36 M   -2 -2 -1 -4 -1 -2 -4 -2 -2  1  2 -3  5  3 -4 -3 -1 -2  4  1    2   2   3   0   1   2   0   2   0   8  16   0  20  17   0   0   3   0  15  10  0.44 inf
   37 N   -1 -3  7 -1  0 -2 -2 -3 -2 -2 -4  0 -2 -5 -4  1  1  0 -4 -2    4   0  60   1   2   1   0   0   0   3   0   4   1   0   0  12   8   2   0   3  1.00 inf
   38 V    0 -5 -5 -5  8 -4 -5 -5 -4  0 -2 -4 -2  2 -5 -3 -2 -4  2  4    8   0   0   0  35   0   0   0   0   3   0   0   0   8   0   1   1   0   7  38  1.08 inf
   39 H   -5 -4 -3 -4 -6 -3 -3 -5 11 -7 -6 -4 -5 -5 -1 -4 -5 -6 -2 -7    0   0   0   0   0   0   0   0  97   0   0   0   0   0   3   0   0   0   0   0  3.24 inf
   40 H   -1  2 -1 -1 -4  0  2 -3  3 -2 -3  5 -2 -2  0  0 -1 -4 -3 -1    3   8   2   3   0   1  12   0   7   1   0  42   1   2   4   6   4   0   0   4  0.46 inf
   41 K   -2  5 -2 -3 -3  2 -1 -2  2 -4 -4  5 -1 -4 -3 -1 -3 -4 -2 -3    1  38   0   0   1   9   1   2   5   1   1  36   1   0   1   4   0   0   1   1  0.86 inf
   42 C   -4 -7 -6 -7 11 -6 -7 -6 -6 -5 -5 -6 -5 -6 -6 -2 -4 -6 -6 -4    0   0   0   0  97   0   0   0   0   0   0   0   0   0   0   3   0   0   0   0  3.59 inf
   43 R    2  1 -2 -2  0  3  2 -2  0 -2 -2  2 -1 -2 -3  1  0 -4 -2  0   20   7   0   0   2  14  12   0   2   1   1  14   1   2   0  12   3   0   1   8  0.25 inf
   44 E   -1  0  0  2 -4  1  3 -2  0 -2 -3  2  1 -1  0  0  0 -4 -1 -2    4   3   4  14   0   5  20   2   2   1   0  17   6   3   4   4   7   0   2   2  0.24 inf
   45 K   -1  0  3 -2 -2  0 -1 -2  0 -2  1  3  1 -1 -3  1 -1 -4 -1 -2    4   4  19   0   1   3   2   1   2   0  20  24   4   2   0  10   1   0   1   1  0.28 inf
   46 V    0 -5 -5 -5 -3 -4 -5 -3 -5  2  1 -4  1 -2 -3 -2 -1 -5 -3  6    8   0   0   0   0   0   0   1   0  10   9   0   3   1   1   1   4   0   0  62  0.88 inf
   47 A    2 -2 -1 -4 -4 -3 -3 -3 -4 -2 -3 -2 -1 -5  7 -2 -1 -6 -5  0   16   3   4   0   0   0   1   1   0   1   1   1   2   0  58   1   4   0   0   7  1.31 inf
   48 N    0 -1  5 -1 -2  0 -2 -2  2 -3 -2  1 -2 -2  2  0 -1 -1 -3 -2   11   2  33   2   1   3   0   0   5   1   5  10   1   2  11   7   2   1   0   3  0.40 inf
   49 L   -2 -2  4  3 -4  0  1 -3  0 -2  2 -1  1 -3 -1 -1 -1 -4 -3 -1    2   0  22  20   0   4  10   0   3   1  23   2   4   0   3   1   2   0   0   3  0.37 inf
   50 C   -4 -7 -7 -8 12 -7 -8 -6 -7 -5 -5 -7 -5 -6 -7 -5 -5 -6 -6 -5    0   0   0   0 100   0   0   0   0   0   0   0   0   0   0   0   0   0   0   0  4.01 inf

                      K         Lambda
Standard Ungapped    0.1417     0.3292
Standard Gapped      0.0589     0.2670
PSI Ungapped         0.1919     0.3198
PSI Gapped           0.0589     0.2670
