
Last position-specific scoring matrix computed, weighted observed percentages rounded down, information per position, and relative weight of gapless real matches to pseudocounts
           A  R  N  D  C  Q  E  G  H  I  L  K  M  F  P  S  T  W  Y  V   A   R   N   D   C   Q   E   G   H   I   L   K   M   F   P   S   T   W   Y   V
    1 H   -7 -5 -4 -6 -8 -4 -5 -7 11 -8 -8 -6 -7 -6 -7 -6 -7 -8 -3 -8    0   0   0   0   0   0   0   0 100   0   0   0   0   0   0   0   0   0   0   0  4.15 inf
    2 H    2  2 -2  0 -4  1  2 -2  0 -2 -3  0 -3 -4  3  0  0 -5 -2 -3   18  12   1   4   0   6  15   2   3   3   2   5   0   0  16   5   6   0   1   0  0.37 inf
    3 E    1 -3  0  3 -6  0  4 -3 -1 -4 -5 -1 -5 -6  4 -2 -1 -6 -5 -4   13   0   3  16   0   4  31   1   1   1   0   3   0   0  21   2   3   0   0   1  0.80 inf
    4 T   -3 -6 -4 -4 -5 -5 -5 -6 -6 -5 -6 -5 -5 -7 -6  3  8 -7 -6 -3    2   0   0   1   0   0   0   0   0   0   0   0   0   0   0  20  76   0   0   2  2.06 inf
    5 A    3  3 -2 -2 -3  0  0 -1  1 -4 -3 -1 -1  0 -4  1  1 -2 -1 -2   27  21   1   1   0   3   7   3   4   0   2   2   2   4   0   9   9   0   2   2  0.36 inf
    6 L    1  0 -2  0 -2  0 -2 -4  0  2  2 -2 -1  1 -4 -2 -1  0  1  1   14   7   1   6   1   5   1   0   2  13  21   2   1   5   0   2   4   1   5  11  0.15 inf
    7 R    3  5 -5 -5  8 -2 -1 -5 -4 -5 -3 -2 -4 -6 -5 -2 -1 -6 -5 -3   23  28   0   0  31   1   5   0   0   0   2   2   0   0   0   2   5   0   0   1  1.28 inf
    8 V    0 -6 -6 -6  6 -6 -6 -5 -6  1  0 -6 -3 -5 -6 -4  1 -6 -4  6    6   0   0   0  15   0   0   0   0   7   6   0   0   0   0   0   9   0   1  55  1.28 inf
    9 T    0  1 -1 -2 -1 -1  1 -3  0  0  1  0  0 -2 -4  0  3 -4 -2 -1    7   9   2   1   1   2  11   1   3   4  18   5   2   1   0   6  23   0   1   3  0.21 inf
   10 A    7 -6 -6 -6  3 -5 -5 -3 -6 -1 -4 -5 -4 -6 -5 -2 -3 -7 -6 -2   84   0   0   0   5   0   0   1   0   4   1   0   0   0   0   2   1   0   0   2  1.83 inf
   11 E   -6 -5 -5 -3 -9 -3  8 -7 -5 -9 -8 -3 -7 -9 -6 -5 -6 -8 -7 -8    0   0   0   0   0   0  99   0   0   0   0   1   0   0   0   0   0   0   0   0  2.89 inf
   12 R   -7  9 -6 -7 -9 -4 -5 -8 -5 -8 -7 -1 -7 -8 -7 -6 -6 -8 -7 -8    0  98   0   0   0   0   0   0   0   0   0   2   0   0   0   0   0   0   0   0  3.12 inf
   13 A    6 -4 -3 -2 -4 -3 -2 -1 -3 -2 -5 -3  0 -6 -5  2  0 -6 -4 -2   61   0   1   3   0   1   3   4   1   2   0   1   3   0   0  13   6   0   0   3  1.00 inf
   14 M   -6 -7 -7 -8 -2 -6 -7 -7 -6 -2  2 -7  5  7 -7 -6 -5 -4  0  2    0   0   0   0   1   0   0   0   0   1  20   0  16  47   0   0   0   0   2  12  1.61 inf
   15 N   -3 -5  4 -5 -3 -5 -6 -5 -5 -1  5 -5  3 -4 -6  0 -3 -6 -5  0    1   0  18   0   0   0   0   0   0   2  58   0   6   0   0   6   1   0   0   6  1.10 inf
   16 T    2  6 -2 -3 -2 -1 -1 -4  1 -5 -3  2 -3 -4 -5 -1  0 -2 -3 -4   20  40   2   1   1   2   3   1   4   0   2  11   1   1   0   4   6   1   0   0  0.80 inf
   17 R    2  4 -2 -3 -4  0  1 -1  2 -3 -3  0 -1 -5 -4 -1  3 -4 -1 -1   19  21   1   0   0   3   9   4   5   1   1   5   2   0   0   2  19   0   3   6  0.42 inf
   18 L   -6 -7 -8 -8 -2 -7 -7 -8 -7 -1  7 -7  2 -3 -7 -7 -6 -6 -6 -2    0   0   0   0   1   0   0   0   0   3  89   0   5   1   0   0   0   0   0   2  2.02 inf
   19 E   -3 -3  1  2 -7  2  6  2  0 -7 -7 -2 -3 -7 -5 -4 -5 -7 -6 -7    2   1   7  12   0   8  53  14   2   0   0   1   1   0   0   0   0   0   0   0  1.24 inf
   20 G    0 -7 -5 -6 -7 -7 -7  7 -7 -8 -8 -6 -7 -8 -7 -3 -5 -7 -8 -4    8   0   0   0   0   0   0  89   0   0   0   0   0   0   0   1   1   0   0   1  2.40 inf
   21 G   -4 -6 -3 -2 -6 -5 -5  7 -1 -7 -7 -5 -6 -6 -6  3 -5 -6 -3 -6    0   0   1   2   0   0   0  72   1   0   0   0   0   0   0  20   0   0   1   0  1.83 inf
   22 C   -6 -8 -7 -8 12 -7 -8 -7 -7 -6 -5 -7 -6 -7 -7 -6 -6 -7 -7 -6    0   0   0   0  95   0   0   0   0   0   1   0   0   0   0   0   0   0   0   0  4.33 inf
   23 Q   -2  0 -2 -3 -6  7  1 -5  2 -6 -4 -2 -3 -5 -5  3  0 -6 -5 -5    2   5   1   1   0  49   7   0   5   0   1   2   1   1   0  18   6   0   0   0  1.22 inf
   24 V    2 -5 -6 -6 -4 -5 -5 -6 -6  2 -2 -5 -2 -5 -5 -2  1 -6 -5  6   14   0   0   0   0   0   0   0   0   9   2   0   0   0   0   2   9   0   0  61  1.27 inf
   25 P   -4 -7 -7 -7 -8 -6 -6 -7 -7 -8 -8 -6 -7 -8  9 -6 -6 -8 -8 -7    2   0   0   0   0   0   0   0   0   0   0   0   0   0  96   0   0   0   0   0  3.41 inf
   26 I   -3 -6 -7 -7 -5 -6 -6 -7 -7  7  1 -6  1 -4 -6 -5 -3 -6 -5  3    2   0   0   0   0   0   0   0   0  59  13   0   2   0   0   1   1   0   0  21  1.56 inf
   27 G    5 -6 -5 -6 -6 -5 -6  6 -6 -6 -6 -5 -6 -1 -6 -3 -5 -6 -6 -6   39   0   0   0   0   0   0  55   0   0   0   0   0   3   0   1   0   0   0   0  1.66 inf
   28 S    4 -5 -5 -5  2 -5 -5  3 -5 -1 -4 -5 -4 -5 -5  0 -3 -6 -5  3   40   0   0   0   5   0   0  22   0   3   0   0   0   0   0   7   1   0   0  21  0.92 inf
   29 Y   -5 -4  1 -4 -6 -3  0 -5  5 -2  1 -4 -1  4 -6 -4 -3  0  7 -4    1   1   7   0   0   1   6   1  14   2  12   1   1  13   0   1   1   1  36   1  1.12 inf
   30 A    6 -5 -5 -6  0 -5 -5 -1 -6 -5 -6 -5 -3 -6 -5  1  2 -6 -6 -4   72   0   0   0   2   0   0   4   0   0   0   0   1   0   0   7  12   0   0   0  1.56 inf
   31 E   -2  2 -1 -1 -3  1  3 -4  0 -1 -2  0 -1 -3 -4  0  3 -2 -2  1    2  11   2   2   0   6  23   0   2   3   3   5   1   1   0   5  20   1   1  11  0.37 inf
   32 L   -3 -2 -4 -6 -3 -2 -3 -5 -2  4  3 -3  1 -1 -3 -4 -3  6  1  2    1   2   1   0   1   2   1   0   1  21  33   2   3   2   1   1   1  11   5  11  0.74 inf
   33 I   -2  0  1  3 -5  2  3 -3  0 -1 -2  1 -1 -3 -3  0 -1 -5 -4  0    3   4   6  18   0   8  23   1   2   3   3  10   1   1   1   5   4   0   0   7  0.39 inf
   34 D   -2 -5  4  4 -4 -1  1  5 -3 -5 -6 -2 -6 -7 -4 -1 -4 -7 -6 -5    3   0  16  24   0   3   9  36   0   1   1   3   0   0   1   3   0   0   0   1  0.97 inf
   35 G   -3 -4  2  5 -7 -1  2  4 -2 -7 -6 -2 -6 -7 -3 -1 -2 -7 -6 -6    1   0  11  35   0   2  11  30   1   0   0   1   0   0   1   4   2   0   0   0  1.05 inf
   36 E   -1  1  0  0 -4  4  3 -3  0 -3 -2  1 -1 -4 -4 -1  3 -5 -3 -1    4   6   4   6   0  18  20   1   2   1   3   7   2   1   0   4  18   0   0   4  0.43 inf
   37 I   -5 -6 -7 -8 -1 -6 -7 -8 -7  4  5 -7  2  0 -7 -6 -4 -6 -3  1    0   0   0   0   1   0   0   0   0  21  62   0   4   3   0   0   1   0   1   7  1.43 inf
   38 W   -2  3 -3 -4 -1 -1  0 -5  4 -1 -1  0 -2 -1 -5  0  2  6  1 -1    2  16   0   0   1   3   7   0  11   4   6   5   1   3   0   7  16  10   4   4  0.45 inf
   39 L   -3 -6 -8 -8 -5 -6 -7 -8 -7  2  6 -7  3  2 -7 -6 -5 -6 -5  0    2   0   0   0   0   0   0   0   0  10  69   0   7   8   0   0   0   0   0   5  1.51 inf
   40 R   -3  6 -1  0 -6  1  0 -4  0 -3 -4  1 -3 -5 -5 -1  3 -6 -4 -3    1  39   2   5   0   7   6   1   2   1   1   8   0   0   0   3  21   0   0   2  0.87 inf
   41 A    4 -7 -5 -6 -2 -6 -6  6 -6 -7 -7 -6 -6 -7 -6 -2 -4 -7 -7 -4   35   0   0   0   1   0   0  59   0   0   0   0   0   0   0   2   1   0   0   1  1.77 inf
   42 L   -1 -1 -5 -5  1 -3 -2 -1 -5  2  3 -4  4  2 -5 -4 -3 -2 -2  2    4   4   0   0   3   1   3   5   0  10  31   1  11  10   0   1   1   0   1  13  0.51 inf
   43 V   -3 -7 -8 -5 -3 -7 -7 -8 -8  3  0 -7 -2 -5 -7 -6 -5 -7 -6  7    1   0   0   1   1   0   0   0   0  15   7   0   1   0   0   0   0   0   0  74  1.92 inf
   44 G    4 -5 -5 -5  0 -5 -5  4 -5 -2 -1 -5  0 -1 -5 -1 -2 -1 -2  1   33   0   0   0   2   0   0  34   0   2   5   0   2   2   0   3   2   1   1  11  0.79 inf
   45 A    1  0  0  1 -3 -2 -1 -3 -1 -4 -2 -2 -1 -6 -5  5  1 -6 -5 -5   10   5   3   7   1   1   3   1   2   0   5   1   1   0   0  50   8   0   0   0  0.80 inf
   46 P   -2 -5 -6 -6 -3 -4 -4 -6 -6  0  3 -5 -2 -5  6 -3 -2 -7 -6  2    3   1   0   0   1   1   1   0   0   5  26   0   1   0  41   2   3   0   0  15  1.18 inf
   47 D   -5 -5  0  8 -5 -5 -1 -5 -3 -8 -9 -3 -8 -9 -7 -2 -4 -9 -8 -8    1   1   3  85   0   0   4   0   1   0   0   2   0   0   0   2   1   0   0   0  2.47 inf
   48 G   -4 -7 -5 -3 -8 -7 -5  8 -7 -9 -9 -7 -8 -8 -7 -5 -4 -8 -8 -8    1   0   0   2   0   0   1  95   0   0   0   0   0   0   0   0   1   0   0   0  2.72 inf
   49 S   -1  1 -3 -3 -5  1 -1 -1  1 -3 -5  3 -4 -6 -4  4  2 -6 -5 -4    3   6   0   1   0   7   4   4   3   1   1  21   0   0   0  37  11   0   0   0  0.72 inf
   50 Q   -2  4  0  0 -4  2  4 -4  0 -2 -3  1 -3 -4 -2 -1  1 -6 -4 -1    2  20   3   5   0   9  24   0   2   2   2   9   0   0   2   3   9   0   0   5  0.50 inf
   51 I    0 -2 -4 -4  0 -2 -3 -3 -1  3  2 -2  3  0 -3  0 -1 -2  0  3    6   2   0   1   2   2   1   2   1  19  20   2   8   3   1   8   3   0   3  18  0.32 inf
   52 I   -2 -5 -6 -6 -1 -5 -6 -6 -1  5  3 -6  0  1 -6 -5 -4 -3  1  3    3   0   0   0   1   0   0   0   1  30  31   0   2   6   0   0   0   0   4  19  0.94 inf
   53 R   -1  6 -2 -2 -3  1  2 -5  0 -5 -4  3 -3 -4 -5 -1 -1 -6 -3 -4    4  43   1   2   1   4  12   0   2   1   1  17   0   1   0   4   4   0   1   1  0.95 inf
   54 G    3  0  0  3 -2 -1  2  2 -1 -3 -2  0 -2 -4 -4 -1 -1 -5 -2 -1   24   5   3  15   1   2  13  14   2   1   4   4   1   1   0   3   3   0   1   4  0.29 inf
   55 E   -2 -1 -1  1 -4  1  5 -3 -1 -4 -5  0 -2 -4 -3  2  2 -6 -3 -3    3   3   2   6   0   6  39   2   2   1   0   4   1   1   1  14  13   0   1   2  0.70 inf
   56 R    1  2 -3 -3 -2  0  0 -1  0  2  0  0  2 -2 -3 -2 -1 -1 -1  2   13  14   0   1   1   3   5   4   2  16  10   6   5   1   1   1   2   1   2  13  0.17 inf
   57 R   -1  2 -1 -1  0  2  2 -4 -1  0 -2  0 -1 -3 -2  2  3 -1 -3  0    4  13   1   2   2   8  13   0   1   5   2   4   1   1   1  14  18   1   1   8  0.28 inf
   58 G    1 -4 -3 -3 -2 -5 -3  6 -6 -3 -4 -2 -4 -2 -6 -1  0 -6 -5 -2   11   1   1   1   1   0   1  64   0   2   1   2   0   2   0   4   5   0   0   4  1.27 inf
   59 A    1 -2  0  2 -2 -1 -1 -3  1 -4 -2 -1 -2 -5  4  2  1 -5 -4 -3   10   1   5  11   1   2   4   1   3   0   4   4   1   0  24  19  10   0   0   2  0.50 inf
   60 P    2  1 -2 -3 -2  0 -2 -1 -1  1 -1  1 -1 -3  3 -1 -1 -2 -2  2   21   8   1   1   1   4   2   4   1   7   6   7   1   0  15   2   4   0   2  14  0.23 inf
   61 Q    2 -2  0  2 -4  1  4 -2 -2 -4 -3  0 -3 -5 -3  2  0 -5 -4 -3   19   1   5  12   0   5  25   2   1   1   2   5   0   0   1  13   5   0   0   2  0.47 inf
   62 D   -1 -2  1  6 -7  3  3 -5 -2 -6 -6 -1 -5 -5 -4 -2 -2 -7 -2 -5    6   2   6  40   0  12  21   0   1   0   1   3   0   0   0   3   2   0   2   0  1.03 inf
   63 A    6 -6 -6 -3  0 -5 -5  0 -3 -5 -5 -5 -2 -2  4 -1 -3 -3 -1 -5   62   0   0   1   2   0   0   7   1   0   1   0   1   2  17   3   1   0   2   0  1.29 inf
   64 E    1 -1 -2  1 -4  1  5 -4 -1 -1 -3 -1 -1 -3 -3 -3 -1 -2 -3  0   14   3   1   6   0   5  44   1   1   4   3   4   2   1   1   1   3   0   1   7  0.63 inf
   65 Q    3 -1  0  1 -3  3  3 -2 -2 -3 -3  1 -2 -5 -4  0 -1 -5 -4 -2   28   3   4   8   0  12  16   3   1   1   2  10   1   0   0   4   4   0   0   2  0.43 inf
   66 M   -1 -3 -7 -7 -1 -6 -6 -7 -6  2  5 -5  3  1 -6 -4 -4 -3 -4  1    4   1   0   0   1   0   0   0   0  12  58   1   6   6   0   1   1   0   0   9  1.10 inf
   67 G   -3 -8 -6 -7 -8 -7 -5  8 -7 -9 -9 -7 -8 -8 -7 -4 -7 -8 -8 -5    2   0   0   0   0   0   1  95   0   0   0   0   0   0   0   1   0   0   0   1  2.72 inf
   68 I   -1  3 -1 -2 -2  2  1 -3  1  2 -1  2 -1 -2 -4 -2  0 -3 -2  1    4  16   3   1   1   8   9   2   4  14   5  13   1   1   0   1   6   0   1  11  0.25 inf
   69 S    1  2 -1  2 -5  2  4 -3 -2 -4 -3  1 -3 -6 -4  1  0 -6 -4 -3   13  10   2  10   0  10  27   1   1   1   2   7   0   0   0  10   5   0   0   1  0.52 inf
   70 L    0 -6 -7 -7 -1 -4 -6 -7 -7  0  5 -6  1 -2 -7 -6 -4 -6 -3  4    7   0   0   0   1   1   0   0   0   4  56   0   3   1   0   0   0   0   1  27  1.24 inf
   71 A    7 -6 -6 -4 -5 -6 -6  0 -6 -5 -4 -6 -6 -7 -6 -1 -4 -7 -7 -3   84   0   0   1   0   0   0   7   0   1   2   0   0   0   0   4   0   0   0   1  1.91 inf
   72 E    0  1  1  2 -6  3  5 -3 -1 -5 -4  2 -4 -6 -5 -2 -2 -6 -5 -4    9   6   6  13   0  14  33   2   1   0   1  10   0   0   0   2   2   0   0   1  0.68 inf
   73 E    0  1 -1  2 -2  2  4 -3 -1 -1 -1  2 -1 -5 -4 -1 -1 -5 -3 -1    8   8   2  12   1   9  26   1   1   3   6  13   2   0   0   3   2   0   0   3  0.38 inf
   74 L   -5 -7 -8 -8 -6 -6 -7 -8 -7  1  6 -7  4  1 -7 -7 -4 -6 -5 -1    1   0   0   0   0   0   0   0   0   5  76   0   8   6   0   0   1   0   0   4  1.66 inf
   75 L   -2  0 -4 -6 -5 -4 -3 -7 -4  3  5  0 -1 -1 -6 -3 -3 -5 -3  0    3   6   1   0   0   0   1   0   0  14  58   6   1   2   0   2   1   0   0   5  0.91 inf
   76 N    4 -1  0  2 -5  2  3 -1 -2 -4 -4  0 -4 -6 -4  1 -2 -6 -4 -3   31   3   4  12   0   8  16   3   1   1   1   6   0   0   0  11   1   0   0   1  0.53 inf
   77 N    1  2  1  1 -4  5  0 -3 -2 -5 -1  3 -1 -6 -5 -2 -3 -6 -5 -5   10  12   5   7   0  31   6   1   0   0   6  15   2   0   0   2   1   0   0   0  0.69 inf
   78 G   -3 -7 -5 -4 -7 -7 -5  8 -7 -9 -8 -6 -8 -8 -7 -4 -6 -7 -8 -8    2   0   0   1   0   0   1  96   0   0   0   0   0   0   0   1   0   0   0   0  2.71 inf
   79 A    7 -6 -6 -6 -5 -6 -6  3 -6 -6 -6 -5 -6 -7 -3 -3 -5 -7 -7 -4   78   0   0   0   0   0   0  19   0   0   0   0   0   0   1   1   0   0   0   1  1.90 inf
   80 R    1  3 -1  2 -5  1  1  1 -1 -5 -4  3 -2 -4 -4 -2 -2 -3 -1 -5   11  17   2  14   0   5   7  11   1   0   1  22   1   0   0   1   2   0   3   0  0.47 inf
   81 E    1  0 -1  2 -6  1  5 -3 -2 -5 -5  2 -5 -6 -3 -2 -1 -6 -5 -4   13   5   3  12   0   5  43   1   1   1   0  11   0   0   1   2   3   0   0   1  0.83 inf
   82 I   -6 -7 -8 -8 -6 -7 -8 -8 -7  7  3 -7 -1 -2 -7 -7 -5 -2 -3  0    0   0   0   0   0   0   0   0   0  69  24   0   1   2   0   0   0   1   1   3  1.91 inf
   83 L   -6 -7 -8 -8 -5 -6 -7 -8 -7  3  6 -7  1 -1 -7 -7 -5 -6 -5 -1    0   0   0   0   0   0   0   0   0  12  80   0   3   2   0   0   0   0   0   3  1.76 inf
   84 A    3  0 -1  3 -2  1  3 -3 -2 -5 -4  2 -4 -6 -3  0 -1 -6 -5 -4   27   5   2  16   1   7  18   1   1   0   1  11   0   0   0   7   2   0   0   0  0.54 inf
   85 E    3  1 -1  1 -5  0  4 -3 -4 -5 -5  2 -4 -5 -4 -1 -2 -6 -5 -3   26   8   2   8   0   4  33   2   0   0   0  10   0   0   0   4   2   0   0   2  0.68 inf
   86 V   -3 -6 -7 -7 -4 -6 -6 -7 -7  5  3 -6 -2 -3 -6 -5 -4 -6 -5  5    1   0   0   0   0   0   0   0   0  37  26   0   0   0   0   0   0   0   0  35  1.32 inf
   87 Y   -5 -5 -5 -6 -6 -5 -5 -6  2 -4 -4 -5 -4  5 -6 -5 -5 -1  9 -4    0   0   0   0   0   0   0   0   5   0   0   0   0  22   0   0   0   0  73   0  2.32 inf

                      K         Lambda
Standard Ungapped    0.1350     0.3159
Standard Gapped      0.0633     0.2670
PSI Ungapped         0.2060     0.3147
PSI Gapped           0.0633     0.2670
