
Last position-specific scoring matrix computed, weighted observed percentages rounded down, information per position, and relative weight of gapless real matches to pseudocounts
           A  R  N  D  C  Q  E  G  H  I  L  K  M  F  P  S  T  W  Y  V   A   R   N   D   C   Q   E   G   H   I   L   K   M   F   P   S   T   W   Y   V
    1 V   -4 -5 -5 -6 -4 -5 -5 -6 -6 -2 -3 -5 -3 -5 -5 -3  6 -6 -5  6    0   0   0   0   0   0   0   0   0   0   0   0   0   0   0   0  49   0   0  51  1.64 inf
    2 A    7 -5 -5 -6 -4 -5 -5 -4 -6 -5 -6 -5 -5 -6 -5 -1 -4 -7 -6 -4   97   0   0   0   0   0   0   0   0   0   0   0   0   0   0   3   0   0   0   0  2.17 inf
    3 E   -5 -4 -3  5 -8  0  6 -6 -3 -7 -7 -3 -6 -7 -5 -4 -5 -7 -6 -7    0   0   0  36   0   3  61   0   0   0   0   0   0   0   0   0   0   0   0   0  1.92 inf
    4 H   -5 -4 -4 -2 -5 -2 -4 -6  8 -1  3 -4  4  1 -6 -4  0 -5 -1 -3    0   0   0   2   0   2   0   0  41   2  26   0  12   6   0   0   7   0   1   1  1.28 inf
    5 V    4 -4 -4 -5 -4 -3 -2 -1 -5 -1 -3 -4 -2 -5 -4 -2  5 -6 -5  2   36   0   0   0   0   0   2   4   0   2   1   0   0   0   0   1  38   0   0  16  0.92 inf
    6 V   -4 -5 -6 -6 -3 -5 -6 -6 -5  3  1 -5  6  5 -6 -4 -4  4 -2  3    0   0   0   0   1   0   0   0   0  15  12   0  20  25   0   0   0   6   0  20  1.06 inf
    7 M    5 -5 -4 -5 -1 -4 -4  3 -5 -4 -2 -4  5 -2 -4  0  0 -5 -5 -3   51   0   0   0   1   0   0  18   0   0   3   0  16   2   0   5   4   0   0   0  0.98 inf
    8 M   -3 -2 -6 -4 -5 -2 -5 -5 -3 -2  5 -5  6 -3 -6 -4  0 -5 -4 -3    1   2   0   1   0   1   0   0   1   0  66   0  21   0   0   1   5   0   0   0  1.34 inf
    9 I   -3 -6 -6 -7 -5 -5 -6 -7 -6  5  3 -5  7 -3 -6 -5 -3 -5 -4  0    2   0   0   0   0   0   0   0   0  38  24   0  31   0   0   0   1   0   0   3  1.43 inf
   10 L   -4 -5 -7 -7 -3 -5 -6 -7 -6  1  6 -6  4  2 -6 -4 -4 -5 -4 -2    1   0   0   0   0   0   0   0   0   7  74   0  10   7   0   1   1   0   0   0  1.43 inf
   11 S    5 -4  0 -3 -1 -3 -2  0 -2 -2 -3 -4 -1 -5 -4  3 -1 -6 -5 -1   54   0   4   1   1   0   3   7   1   2   1   0   1   0   0  19   3   0   0   4  0.80 inf
   12 L    1 -4 -4 -5  2 -4 -2 -4 -3  0  4 -4  1 -2 -4 -1  1 -5 -4  3   12   0   0   0   4   0   2   1   0   2  39   0   2   1   0   5   8   0   0  23  0.54 inf
   13 V    4 -4 -4 -4  2 -3 -3 -2 -4 -1 -1 -4  0 -3  0  1  1 -5 -1  2   44   0   0   0   4   0   0   2   0   2   5   0   2   0   5   9  10   0   2  13  0.56 inf
   14 R   -6  8 -3 -6 -8 -3 -4 -7 -2 -7 -6  1 -6 -7 -6 -5 -5 -7 -6 -7    0  90   1   0   0   0   0   0   1   0   0   7   0   0   0   0   0   0   0   0  2.60 inf
   15 N   -4  6  5 -2 -6  1 -3 -3  3 -6 -4  1 -3 -5 -5 -2 -4 -6 -4 -6    0  45  26   2   0   7   0   1   8   0   1   7   0   0   0   2   0   0   0   0  1.27 inf
   16 Y   -2 -5 -6 -6 -4 -5 -6 -5 -5  5  2 -5  0  2 -5 -4 -2 -4  1  3    3   0   0   0   0   0   0   0   0  40  18   0   2   9   0   0   2   0   6  21  0.92 inf
   17 L    1 -2 -2 -4  0 -3 -3 -2  0  0 -1 -4 -1 -3  5 -2  0 -5 -3  3   12   3   2   0   2   1   1   4   2   5   6   0   1   1  30   2   4   0   0  24  0.59 inf
   18 P    0  0 -2 -1 -6  3  5 -3  0 -3 -3 -2 -4 -2  3 -2 -2  0 -2 -3    8   4   1   2   0  15  41   1   2   1   3   1   0   2  13   1   2   1   2   2  0.71 inf
   19 S    4 -3 -3 -4 -1 -1 -2  3  0 -3  0 -4  0 -3 -4  1 -3 -2 -1 -2   40   0   1   0   1   2   1  26   2   0   9   0   2   1   0   9   0   0   2   2  0.62 inf
   20 H    0 -3  2  5 -3 -1  0 -4  6 -3 -3 -3 -2 -3 -4 -1 -1 -3  2 -2   10   0   8  30   0   2   6   0  20   2   3   0   1   1   0   4   4   0   6   2  0.68 inf
   21 E    2  3  0  0 -4  2  1 -2  3 -3 -3  1 -2 -4 -4  0 -1 -5 -3 -3   22  20   5   4   0   8  11   2   7   2   2   8   1   0   0   5   3   0   0   1  0.39 inf
   22 W    0  0 -1 -1 -2  1  0 -2 -1 -1  0 -1  0  1 -3  2  0  4  1 -1   10   6   2   2   1   8   5   1   1   4  11   3   3   6   0  16   4   7   6   5  0.13 inf
   23 A    0 -5 -4 -6 -1 -4 -5 -5 -5  2  2 -5  5 -2 -5 -3  1 -5 -3  4    9   0   0   0   1   0   0   0   0  11  22   0  14   1   0   1   8   0   0  34  0.75 inf
   24 R   -1  6 -3 -4 -2  2 -2 -5  1 -1 -3  4 -2 -5 -3 -3 -2 -6 -4  0    5  42   0   0   1   7   2   0   3   4   2  24   1   0   1   1   1   0   0   6  0.91 inf
   25 K    2  0  2  1 -4  1  3 -1 -2 -5 -4  1 -4 -5 -3  2  0 -4 -4 -4   23   6  10   7   0   5  18   4   0   0   1   7   0   0   0  15   5   0   0   0  0.41 inf
   26 G   -3 -3 -3 -2 -6 -5 -4  7 -2 -8 -7 -2 -7 -7 -2 -3 -4 -7 -7 -6    1   2   1   2   0   0   1  86   1   0   0   2   0   0   2   1   1   0   0   0  2.06 inf
   27 G   -1  1  0  1 -5  1  3  2  1 -4 -3  3 -4 -4 -3 -2 -1 -5 -4 -2    5   8   4   6   0   7  21  19   3   0   1  17   0   0   0   1   4   0   0   3  0.41 inf
   28 W   -6 -4 -8 -9 -7 -7 -6 -7 -7 -7 -6 -8 -6  2 -8 -7 -4 13 -2 -7    1   1   0   0   0   0   1   0   0   0   0   0   0   7   0   0   1  88   0   0  4.41 inf
   29 N   -1  0  3  3 -4  2  2 -1 -1 -4 -4  2 -3 -5 -1  0  1 -4 -3 -4    5   5  16  16   0   8  15   3   1   1   1  12   0   0   3   5   8   0   0   0  0.41 inf
   30 I   -1  3 -1 -2 -3  0 -2  2 -1  0 -2  2 -2 -1 -2  0  0  2 -2  0    5  21   1   1   0   3   1  15   1   8   2  16   0   2   2   6   4   3   1   6  0.24 inf
   31 A    2 -1 -1 -2 -4 -2 -2 -1 -2 -3 -4  2 -3 -2 -2  2  0  8 -1 -3   17   4   3   2   0   1   2   4   1   1   1  13   0   1   1  17   5  23   2   1  0.73 inf
   32 D    0  1 -1  1 -4  0  0  1 -1 -3 -3  2 -2 -3  4  0 -2 -1 -2 -3    9   8   2   8   0   2   7  11   1   1   2  14   1   1  22   6   2   1   1   1  0.39 inf
   33 C    0 -2 -2  0  2 -2 -2 -1 -3  0  0 -2  0  4  2 -1  1 -2  2  0    7   1   1   5   6   1   2   4   0   4   8   2   2  21   9   4  11   0   6   5  0.21 inf
   34 V    1 -2 -1  0 -2 -1 -1 -1 -2  0  0 -2  4  1 -2 -1  0  4 -1  1   16   2   2   6   1   2   2   5   1   3  10   1  13   7   1   3   7   6   1  11  0.16 inf
   35 S   -1  0  0 -2 -1  0 -1  0  2 -1  1  0  3  1 -1  0 -1  4  0 -1    4   4   4   1   1   4   4   8   6   2  13   7  12   6   3   5   3   6   3   3  0.09 inf
   36 H   -1  1  0 -1 -1  0 -1 -1  1  0  1  0  1  1  0 -1  0 -1  0  0    3   9   6   3   1   6   2   3   4   2  21   5   5   8   4   4   5   1   3   5  0.05 inf
   37 A    0 -5 -3 -4 -2 -3 -2  6 -5 -3 -4 -4 -3 -6 -3  0 -3 -5 -5 -3    7   0   0   0   1   1   3  72   0   1   2   0   1   0   1   8   1   0   0   1  1.40 inf
   38 Y   -1  2 -2 -3 -2  0 -2 -1  2  0 -1 -1  0  1 -1 -1  1  0  3  2    4  11   1   0   0   3   1   4   7   4   5   3   2   6   3   4   9   1  14  19  0.17 inf
   39 D   -4  2 -1  5 -6  0  5 -1 -3 -6 -6 -1 -4 -6 -4 -3 -2 -6 -5 -5    1  11   2  32   0   4  42   4   0   0   0   1   0   0   0   1   2   0   0   0  1.14 inf
   40 L   -4 -5 -6 -6 -4 -5 -6 -6 -6  3  5 -5  0 -2 -4 -5 -3 -5 -4  4    0   0   0   0   0   0   0   0   0  16  56   0   1   1   1   0   0   0   0  24  1.15 inf
   41 E    0  1  0 -1 -3  1  2 -1  4 -3 -3 -1 -2  0 -3  1  1  2  3 -3    8   9   3   2   0   5  15   5  10   0   2   2   1   4   0   9  10   3  11   1  0.25 inf
   42 A   -2 -3  0 -1 -6 -3 -1  7  3 -6 -7 -2 -6 -6 -5 -3 -5 -6 -5 -6    1   1   4   4   0   1   4  76   7   0   0   2   0   0   0   1   0   0   0   0  1.63 inf
   43 M    0  2 -3 -4 -4 -1 -2 -4 -3 -5 -3  7  2 -5 -4  0 -3 -6 -5 -5    7   8   0   0   0   2   1   0   0   0   2  67   6   0   0   6   0   0   0   0  1.31 inf
   44 H   -3  2 -3 -3 -4 -2 -4 -5  0 -2 -4 -2 -4 -5 -5 -2  7 -6 -4  1    0  10   1   1   0   1   0   0   3   2   0   2   0   0   0   1  70   0   0   8  1.39 inf
   45 V   -3 -4 -6 -6 -4 -5 -5 -6 -4  3  5 -5  1 -1 -5 -5 -3 -2 -4  3    1   0   0   0   0   0   0   0   0  13  60   0   3   1   0   0   0   1   0  19  1.09 inf
   46 G   -2 -6 -4 -5 -6 -5 -6  7 -6 -7 -5 -5 -6 -7 -6 -3 -5 -6 -6 -6    2   0   0   0   0   0   0  94   0   0   1   0   0   0   0   1   0   0   0   0  2.35 inf
   47 T   -4 -5 -5 -6 -3 -5 -5 -6 -6  7  1 -5 -1 -3 -5 -4  1 -5 -4  3    0   0   0   0   0   0   0   0   0  59   9   0   0   0   0   1  10   0   0  20  1.29 inf
   48 V   -3 -5 -6 -6 -4 -5 -6 -6 -6  5  1 -5 -1 -1 -5 -5 -3 -5 -3  5    1   0   0   0   0   0   0   0   0  35  11   0   1   2   0   0   0   0   0  49  1.28 inf
   49 A    0 -6 -4 -5 -6 -5 -6  7 -6 -7 -7 -5 -6 -7 -6 -4 -5 -6 -6 -6    6   0   0   0   0   0   0  92   0   0   0   0   0   0   0   0   0   0   0   0  2.31 inf
   50 A    1 -4 -5 -5 -1 -4 -5 -4 -4 -1  3 -4  7  3 -5 -3 -2 -4  0 -1   14   0   0   0   1   0   0   1   0   2  27   0  33  13   0   1   2   0   3   2  0.93 inf
   51 G   -4 -6 -4 -5 -6 -5 -6  8 -6 -7 -7 -5 -6 -7 -6 -4 -5 -6 -7 -7    0   0   0   0   0   0   0  98   0   0   0   0   0   0   0   0   0   0   0   0  2.57 inf
   52 R   -1  7  2 -3 -6 -1 -2 -3  0 -6 -5  0 -3 -6 -5 -1 -3 -6 -5 -5    6  66   9   1   0   2   2   1   2   0   0   4   0   0   0   3   1   0   0   0  1.41 inf
   53 I   -5 -7 -7 -7 -5 -6 -7 -7 -7  8 -2 -6 -3 -4 -6 -5 -4 -6 -5  1    0   0   0   0   0   0   0   0   0  93   1   0   0   0   0   0   0   0   0   5  2.36 inf
   54 G   -3 -6 -4 -5 -6 -6 -6  8 -6 -7 -7 -5 -6 -7 -4 -4 -5 -6 -7 -7    1   0   0   0   0   0   0  97   0   0   0   0   0   0   1   0   0   0   0   0  2.52 inf
   55 L   -1  3 -2 -3 -3  5  0 -2 -2 -2 -1  1  0 -2 -4  1  0 -4  1 -2    4  17   0   0   0  27   5   3   0   2   7   5   2   1   0  14   6   0   4   3  0.41 inf
   56 A    4  2 -2 -2 -4  0  1 -2  0  0 -1  0 -3 -4 -3 -1 -2 -5 -3 -2   45  12   2   1   0   4  11   1   2   5   7   3   0   0   0   2   1   0   1   1  0.47 inf
   57 V   -3 -6 -6 -6 -4 -5 -6 -6 -6  1  1 -5  0  0 -6 -5  0 -6 -4  7    1   0   0   0   0   0   0   0   0   6  11   0   1   4   0   0   5   0   0  72  1.39 inf
   58 L    6 -5 -5 -4  0 -4 -4 -2 -5 -2  1 -4 -2 -5 -4 -2 -3 -6 -5 -1   79   0   0   0   2   0   0   2   0   1  12   0   1   0   0   0   0   0   0   3  1.39 inf
   59 R   -1  6 -2 -1 -6  3  0 -4 -1 -4 -4  4 -3 -5 -4 -2 -2 -5 -4 -3    6  43   1   2   0  12   5   1   1   1   1  23   0   0   0   2   2   0   0   1  0.95 inf
   60 R   -4  8 -4 -5 -6 -3 -4 -6 -4  1 -1  0  0 -3 -6 -4 -5 -6 -5 -2    0  76   0   0   0   0   0   0   0   8   6   3   2   1   0   0   0   0   0   3  1.75 inf
   61 L    6 -5 -5 -5  2 -4 -4 -1 -5 -3  2 -4 -1 -4 -4 -2 -3 -5 -5 -2   64   0   0   0   4   0   0   4   0   0  23   0   1   0   0   1   0   0   0   1  1.10 inf
   62 A    1  4 -1 -3 -5  2 -1 -3  3 -2 -1  4 -1 -4 -4 -1 -2 -5 -4 -1   10  21   1   0   0  11   1   1   6   3   6  31   1   0   0   2   1   0   0   3  0.57 inf
   63 P    5 -5 -4 -5 -2 -4 -4  4 -4 -5 -5 -4 -5 -6  3 -1 -3 -6 -5 -4   47   0   0   0   1   0   0  34   0   0   0   0   0   0  15   2   1   0   0   0  1.20 inf
   64 F   -6 -7 -7 -7 -2 -5 -7 -7 -4 -3  1 -7  2  9 -7 -6 -6 -2 -1 -4    0   0   0   0   1   0   0   0   0   1  11   0   5  82   0   0   0   0   0   0  2.38 inf
   65 D   -3 -2  3  3 -6 -2  1  5 -3 -6 -6 -1 -5 -6 -5 -2 -4 -6 -6 -6    1   2  12  18   0   1   8  52   0   0   0   3   0   0   0   1   0   0   0   0  1.10 inf
   66 V   -3 -5 -6 -7  3 -5 -6 -6 -6 -2  1 -3 10 -3 -5 -5 -2 -5 -5  1    2   0   0   0   7   0   0   0   0   1   8   2  68   1   0   0   3   0   0   9  2.09 inf
   67 H   -3  3  3  0 -5  2  1 -3  2 -5 -5  4 -4 -5 -1  0  0 -5 -4 -5    0  18  14   5   0   8   8   1   6   0   0  27   0   0   3   5   7   0   0   0  0.61 inf
   68 L   -3 -6 -6 -6 -3 -5 -5 -6 -6  5  2 -5 -1 -2 -5 -5 -2 -5 -4  5    1   0   0   0   0   0   0   0   0  30  18   0   1   1   0   0   1   0   0  49  1.20 inf
   69 H   -2 -4 -4 -5 -2 -2 -4 -5  5  4  4 -4  1 -2 -5 -4 -3 -4 -2  2    2   0   0   0   1   1   0   0  16  21  41   1   2   1   0   1   1   0   1  11  0.80 inf
   70 Y    3 -5 -5 -6 -3 -5 -5 -1 -1 -4 -4 -5 -4  0 -6 -3 -4 -2  8  0   29   0   0   0   1   0   0   4   1   0   1   0   0   2   0   0   0   0  55   6  1.59 inf
   71 T   -3 -4 -1 -5 -4 -3 -4 -5  7 -5 -4 -5 -3  3 -6 -1  1  2  7 -4    1   0   3   0   0   0   0   0  27   0   1   0   0  11   0   4   9   3  38   1  1.44 inf
   72 D   -2 -4  5  6 -6 -2 -2 -1 -4 -6 -6 -3 -6 -6 -5  0 -3 -7 -6 -5    4   0  26  54   0   2   0   4   0   0   0   1   0   0   0   8   1   0   0   0  1.39 inf
   73 R   -4  6 -4 -5 -6 -2 -4 -5 -2 -3 -4 -2 -5 -5  6 -3 -3 -6  1 -2    1  45   0   0   0   1   0   0   1   2   1   1   0   0  39   1   1   0   4   3  1.51 inf
   74 H   -2  3  0 -3 -4  0 -2 -3  4 -2 -2  0 -2  3 -4  1  0 -2  5 -2    3  15   4   0   0   5   1   1  10   2   2   5   0  14   0  11   5   0  19   2  0.46 inf
   75 R    0  5 -1 -2 -2  0 -1 -2 -1 -1  0  0 -1 -2  2 -1 -2 -2 -2  0    7  36   2   2   1   4   3   3   1   4   8   4   2   1  11   2   1   1   1   6  0.37 inf
   76 L   -1  0  0 -1 -2  0 -2 -3  0  0  2  1  0 -2 -2  0  0 -1 -2  1    5   6   5   2   0   3   1   1   2   5  29  14   2   0   1   6   7   1   0   9  0.13 inf
   77 P    1  0 -1  1 -3 -1  0 -2  1 -3 -3  0 -3 -4  6  1 -1 -4 -3 -3   10   5   3   6   0   2   5   2   3   1   3   5   0   0  36  13   4   0   1   1  0.66 inf
   78 E    1 -1 -2  2 -4  1  4 -2 -1 -3 -3  0 -2 -3  3 -1 -1 -2 -3 -2   13   2   1   9   0   4  35   2   1   1   3   4   1   1  14   4   2   0   0   2  0.51 inf
   79 S    2  1 -1  1 -3  0  4 -1 -2 -3 -3  1 -1 -3 -2  0 -1 -3 -2 -2   22   8   1   9   0   3  29   3   1   1   1   6   1   1   1   6   2   0   1   2  0.38 inf
   80 V    2  2 -2 -2 -2 -1  0 -2 -3  1  0 -1 -1 -1 -3 -1  0 -3 -2  2   26  13   1   2   0   2   6   1   0  10   8   3   1   3   1   1   5   0   1  17  0.19 inf
   81 E    2 -2 -2  0 -4 -1  6 -3 -3 -2 -4 -2 -4 -1 -2 -2 -2 -5 -4 -3   21   1   1   3   0   2  56   2   0   2   1   1   0   3   2   1   1   0   0   2  0.94 inf
   82 K    2  2 -1  1 -2  2  2 -3 -1 -3 -3  3 -2 -3 -1 -1 -1 -4 -3 -3   18   9   1   8   1  11  14   1   1   1   2  24   0   1   2   2   3   0   0   1  0.38 inf
   83 E    1  0 -1  0 -4  2  4 -1 -1 -3 -3  1  1 -2 -2  0 -1 -4 -2 -3   14   4   2   5   0  11  35   3   1   1   2   6   4   2   1   5   2   0   1   1  0.41 inf
   84 L    0 -3 -2 -3 -3 -2 -3 -2 -1  1  4 -3  1  1 -2 -3 -1 -1  1  0    7   1   2   1   0   1   1   3   2   7  49   1   3   5   1   1   3   1   5   6  0.42 inf
   85 N   -2 -2  2  1 -4 -2  0  5  0 -3 -4 -1 -4 -4 -2 -1 -3 -4 -3 -4    2   2  11   6   0   2   8  54   2   2   1   2   0   1   1   2   1   0   1   1  0.84 inf
   86 L    4 -4 -2 -4  1 -2 -3  1 -3  0 -1 -3 -2 -2 -3 -2 -2 -2 -3  3   40   0   1   0   3   1   1  12   0   5   6   1   0   1   0   1   1   0   1  24  0.51 inf
   87 T    0  2 -2 -2 -3  0  2 -3 -1 -1 -2  1 -2 -3 -2  0  4 -4 -3  1    6  11   1   1   0   4  14   1   1   3   2   8   0   1   2   4  28   0   0  12  0.31 inf
   88 W   -3  4 -3 -3 -4 -1  1 -4  1 -3  0  0 -2  2 -2 -2 -2  2  6 -3    1  21   0   1   0   3  10   1   2   1   8   5   1   8   1   2   1   3  31   0  0.68 inf
   89 H   -1  0 -3 -4  3 -2 -2 -4  3 -1  1 -1  1  1 -3 -3 -2  5  2  3    4   5   0   1   8   1   2   1   9   0  13   4   3   5   1   0   1   9   6  26  0.39 inf
   90 A    1 -1 -2  1  0 -1  3 -1 -2 -1 -2 -1 -1 -3  1  0  0 -3 -3  2   15   2   1   8   2   1  21   4   1   1   3   1   1   1   7   4   4   0   0  22  0.23 inf
   91 T   -2 -2  0  4 -3 -2  0 -1 -2 -4 -3 -1 -3 -4  1  4  2 -4 -3 -3    1   1   4  24   0   1   5   3   1   1   2   3   0   1   5  33  14   0   0   1  0.57 inf
   92 R   -3 -3 -6 -6 -4 -4 -5 -6 -5 -1  5 -2  0  2 -3 -5 -3 -4 -2  1    1   2   0   0   0   0   0   0   0   2  71   3   1  10   1   0   1   0   1   7  1.09 inf
   93 E   -3 -3  0  7 -7  0  4 -4 -2 -6 -6 -2 -6 -7 -2 -3 -3 -7 -5 -6    2   1   3  54   0   3  31   1   1   0   0   2   0   0   1   0   1   0   0   0  1.46 inf
   94 D   -1 -1 -2  3 -5  3  5 -3 -1 -5 -4 -1 -4 -5 -4  0  2 -5 -4 -4    5   2   1  16   0  11  40   1   1   0   1   2   0   0   0   6  13   0   0   0  0.77 inf
   95 M   -3 -5 -6 -7 -3 -5 -6 -7 -6  0  6 -5  6 -2 -6 -5 -4 -5 -4  0    1   0   0   0   0   0   0   0   0   4  72   0  17   1   0   0   0   0   0   4  1.47 inf
   96 Y   -2 -5 -6 -6  0 -5 -6 -6 -5  0  5 -5  0  2 -6 -5 -3 -3  0  2    2   0   0   0   2   0   0   0   0   3  67   0   1   8   0   0   1   0   3  12  1.10 inf
   97 P    3  2 -3 -3 -4  1  1 -2 -3 -4 -4  2 -2 -5  1  1  0 -5 -4 -3   32  14   0   0   0   6  10   2   0   0   0  13   0   0   7  10   5   0   0   1  0.47 inf
   98 V   -1  4 -1 -1 -4  4  3 -3  0 -3 -3  1 -3 -5 -3  0  0 -3 -4 -1    4  22   3   2   0  18  20   1   2   1   1   7   0   0   0   5   7   0   0   5  0.48 inf
   99 C    4 -4 -4 -4  5 -4 -4 -3 -5 -3 -4 -4  2 -5 -4  5 -2 -6 -5 -1   31   0   0   0  11   0   0   0   0   1   0   0   6   0   0  46   0   0   0   4  1.08 inf
  100 D   -6 -5 -2  8 -8 -3 -2 -6 -3 -7 -8 -5 -7 -8 -6 -4 -5 -9 -7 -7    0   0   0  98   0   1   0   0   0   0   0   0   0   0   0   0   0   0   0   0  2.83 inf
  101 V   -3 -6 -6 -6 -2 -5 -6 -6 -1  3 -2 -5 -2  6 -6 -5 -4 -3  3  4    2   0   0   0   1   0   0   0   2  19   1   0   0  36   0   0   0   0   8  32  1.19 inf
  102 V   -4 -6 -6 -6 -4 -6 -6 -7 -6  5  2 -6 -1 -3 -6 -5 -3 -6 -4  6    0   0   0   0   0   0   0   0   0  33  15   0   0   0   0   0   0   0   0  51  1.37 inf
  103 T   -2 -4 -2 -3  3 -4 -4 -4 -5 -2 -4 -4 -1 -4 -4  5  5 -6 -5  1    0   0   1   0   5   0   0   0   0   1   1   0   1   0   0  42  37   0   0  11  1.07 inf
  104 L   -3 -5 -5 -6  0 -5 -6 -6 -6  4  4 -5  0 -2 -6 -5 -3 -5 -4  3    0   0   0   0   2   0   0   0   0  27  48   0   1   1   0   0   0   0   0  21  1.10 inf
  105 N   -3 -4  4 -4 -3 -1 -4 -5 10 -3 -2 -4 -2 -5 -6 -3 -1 -6 -3 -2    2   0  19   0   1   2   0   0  62   1   5   0   1   0   0   1   4   0   0   3  2.02 inf
  106 C    0 -5 -5 -5  8 -5 -5 -4 -5 -1  1 -5  1 -3 -3 -2  3 -5 -4  3    9   0   0   0  31   0   0   0   0   1  14   0   4   0   1   1  17   0   0  21  1.00 inf
  107 P   -1 -2 -4 -5 -7 -5 -5 -5 -6 -7 -6 -5 -6 -6  8 -3 -4 -8 -7 -4    5   2   1   0   0   0   0   0   0   0   0   0   0   0  88   2   0   0   0   1  2.72 inf
  108 L   -1 -2 -5 -5 -3 -4 -5 -4  2 -2  5  0  0 -2 -5 -2 -3 -4  0 -1    4   2   0   0   0   0   0   1   6   0  70   6   1   1   0   3   0   0   3   2  0.97 inf
  109 H   -3 -4  0 -4 -5 -4 -4 -2  3 -2 -3 -4 -3 -5 -4  0  7 -6 -2 -3    0   0   5   0   0   0   0   2   8   2   2   0   1   0   0   4  72   0   1   1  1.48 inf
  110 P    0 -3 -2  2 -6 -2  2 -4 -4 -5 -6  1 -5 -6  7 -2 -3 -7 -6 -5    9   1   2  12   0   1  14   0   0   0   0  10   0   0  48   2   1   0   0   0  1.29 inf
  111 E    0 -1 -2  1 -5  2  6 -2 -2 -6 -5  1 -4 -6 -4  1 -2 -6 -5 -5    9   2   1   7   0   9  51   3   1   0   0   7   0   0   0   9   1   0   0   0  0.93 inf
  112 T   -4 -5  0 -5 -5 -5 -5 -5 -6 -5 -5 -5 -4 -6 -5  0  8 -7 -6 -4    0   0   5   0   0   0   0   0   0   0   1   0   0   0   0   4  90   0   0   0  2.21 inf
  113 E   -2  5 -3 -2 -5  0  1 -4  4 -3 -4  3 -3  1 -4 -3 -1 -4  3 -3    2  35   0   1   0   4   9   0   9   1   1  16   0   5   0   0   4   0  10   1  0.71 inf
  114 H   -4 -1  3 -2 -6 -2 -2  4  8 -7 -6 -1 -4 -5 -5 -3 -4 -3 -1 -6    1   3  12   1   0   1   2  30  44   0   0   3   0   0   0   0   0   0   1   0  1.52 inf
  115 M   -4 -5 -6 -7 -5 -5 -6 -7 -6  1  5 -4  7 -2 -6 -5 -3 -3 -4 -1    0   0   0   0   0   0   0   0   0   8  60   1  27   1   0   0   1   0   0   2  1.46 inf
  116 I   -4 -6 -6 -6  0 -5 -6 -7 -6  6  2 -6  2  4 -6 -5 -4 -4 -3  1    0   0   0   0   2   0   0   0   0  50  18   0   6  19   0   0   0   0   0   6  1.21 inf
  117 N   -3 -3  6  3 -5 -3 -3  4 -3 -6 -6 -3 -5 -6 -5  1 -2 -6 -5 -6    1   1  37  18   0   0   0  29   0   0   0   0   0   0   0  12   1   0   0   0  1.14 inf
  118 D    4  2 -3  0 -4 -1  2 -3 -1 -4 -4  3 -1 -4 -3 -1 -2 -5 -2 -3   41  11   0   4   0   1  16   0   1   0   0  17   1   0   0   1   2   0   1   1  0.62 inf
  119 E    1  3 -1  2 -5  0  4 -3 -2 -5 -5  1 -4 -4 -1 -1 -2 -5 -4 -4   14  20   2  13   0   2  31   1   0   0   0   9   0   0   2   2   2   0   0   1  0.63 inf
  120 T    1  3 -1 -2 -4  2  3 -4 -2 -3 -1  0 -1 -2 -3 -1  1 -4 -3 -2   14  21   3   0   0  11  22   0   0   0   7   2   2   2   0   3  10   0   0   2  0.41 inf
  121 L   -5 -6 -6 -7 -5 -6 -6 -7 -6  4  5 -6 -1  5 -6 -5 -4 -4 -2 -2    0   0   0   0   0   0   0   0   0  22  55   0   1  22   0   0   0   0   0   0  1.31 inf
  122 K    4  1 -1 -2 -3  0  0  0 -2 -4 -4  3 -3 -3 -3  2 -2 -5 -3 -3   41   7   2   1   0   2   6   6   1   0   0  17   0   1   0  14   0   0   1   0  0.56 inf
  123 L   -1  2 -2 -4 -4  0 -2 -4  0 -2  3  4  2 -3 -4 -2 -1 -1 -3 -2    4  12   1   0   0   5   0   0   2   1  32  29   5   0   0   3   4   1   0   1  0.51 inf
  124 F   -4 -6 -6 -7 -1 -5 -6 -7 -6 -2  1 -6 10  0 -7 -5  0 -6 -5 -2    1   0   0   0   1   0   0   0   0   1   9   0  77   3   0   0   5   0   0   2  2.48 inf
  125 K   -5  2 -4 -5 -7 -1 -3 -5 -4 -7 -6  8 -5 -7  0 -4 -5 -7 -6 -6    0   8   0   0   0   2   0   0   0   0   0  86   0   0   5   0   0   0   0   0  2.10 inf
  126 R   -3  2 -1  2 -5 -1 -1 -5 -3 -6 -6  4 -5 -6  6 -1 -3 -6 -5 -5    0  13   3  10   0   2   2   0   0   0   0  23   0   0  40   5   1   0   0   0  1.13 inf
  127 G   -2 -4 -1  0 -5 -3 -1  5  0 -5 -6 -3 -5 -6 -4  2  4 -6 -5 -5    0   0   3   4   0   0   3  48   2   0   0   0   0   0   0  14  25   0   0   0  1.01 inf
  128 A    6 -5 -5 -5 -3 -4 -4 -3 -5 -3 -3 -4 -2 -5 -4  2 -2 -6 -5  3   66   0   0   0   0   0   0   1   0   1   1   0   1   0   0  12   1   0   0  18  1.20 inf
  129 Y   -4  2 -5 -5 -2 -3 -5 -6 -3  4  0 -4 -1  2 -5 -4 -1  3  5  2    0  13   0   0   1   0   0   0   0  28   7   0   1   8   0   0   3   3  22  13  0.74 inf
  130 I   -4 -5 -6 -6 -4 -5 -6 -7 -6  5  5 -6 -1  3 -6 -5 -4 -4 -3  1    0   0   0   0   0   0   0   0   0  29  53   0   0  12   0   0   0   0   0   6  1.19 inf
  131 V   -4 -6 -6 -7 -4 -6 -6 -7 -7  6 -1 -6 -2 -3 -6 -5 -2 -6 -5  5    0   0   0   0   0   0   0   0   0  50   2   0   0   1   0   0   1   0   0  45  1.62 inf
  132 N   -6 -5  9 -2 -7 -4 -5 -5 -4 -8 -8 -4 -7 -7 -6 -3 -4 -8 -7 -7    0   0  99   0   0   0   0   0   0   0   0   0   0   0   0   0   0   0   0   0  3.03 inf
  133 T    2 -5 -2 -5  6 -4 -5 -4 -5  0 -3 -4 -4 -5 -4 -2  6 -6 -5  0   14   0   2   0  18   0   0   1   0   5   1   0   0   0   0   0  52   0   0   6  1.22 inf
  134 A    6 -5 -4 -5 -4 -4 -4  0 -5 -5 -5 -4 -5 -6 -4  3 -2 -6 -5 -4   72   0   0   0   0   0   0   5   0   0   0   0   0   0   0  22   1   0   0   0  1.48 inf
  135 R   -6  9 -5 -6 -8 -3 -4 -7 -3 -7 -7 -2 -6 -7 -6 -5 -5 -7 -6 -7    0  99   0   0   0   0   0   0   1   0   0   0   0   0   0   0   0   0   0   0  2.90 inf
  136 G   -2 -6 -4 -5 -6 -6 -6  8 -6 -8 -8 -5 -7 -7 -6 -4 -5 -7 -7 -7    3   0   0   0   0   0   0  97   0   0   0   0   0   0   0   0   0   0   0   0  2.55 inf
  137 K    1 -3 -2 -1 -4 -1  2  4 -4 -5 -4  1 -4 -5  4 -1 -3 -5 -4 -5   14   1   1   2   0   2  13  37   0   0   1   9   0   0  18   2   1   0   0   0  0.73 inf
  138 L   -3 -5 -5 -6 -2 -4 -5 -6 -6  5  3 -5 -1 -3 -5 -4 -1 -5 -4  4    0   0   0   0   1   0   1   0   0  39  27   0   0   0   0   0   3   0   0  29  1.07 inf
  139 C   -3 -6 -6 -6  3 -5 -6 -6 -3  5 -1 -6  1 -4 -6 -5 -2 -6 -3  6    1   0   0   0   6   0   0   0   1  28   1   0   3   0   0   0   1   0   0  58  1.41 inf
  140 D   -5 -3  2  8 -5 -3 -1 -5 -2 -5 -7 -3 -6 -7 -5 -3 -4 -8 -6 -1    0   1   9  79   0   1   1   0   1   0   0   1   0   0   0   1   0   0   0   6  1.98 inf
  141 R   -2  0 -3  0 -6  2  7 -5 -2 -5 -6 -1 -5 -6 -4 -2  1 -6 -2 -5    2   5   0   3   0   8  68   0   1   1   0   3   0   0   0   1   8   0   1   0  1.35 inf
  142 D    2 -1  1  3 -4  2  2 -2 -1 -4 -4  1 -3 -5 -2  0 -1 -5 -4 -2   23   2   7  19   0  11  17   2   1   0   1   8   0   0   1   3   2   0   0   2  0.44 inf
  143 A    7 -5 -4  3 -4 -4 -3 -4 -5 -5 -5 -4 -5 -6 -5 -2 -3 -6 -6 -4   83   0   0  14   0   0   1   0   0   0   0   0   0   0   0   1   1   0   0   0  1.70 inf
  144 V   -5 -6 -7 -7 -5 -6 -6 -7 -6  1  6 -6  1 -3 -6 -6 -4 -5 -4  1    0   0   0   0   0   0   0   0   0   4  85   0   2   0   0   0   0   0   0   9  1.65 inf
  145 A    3 -3 -4 -5 -3 -3 -4 -4 -2  3  0 -3 -1 -2 -4 -2  0 -3  4  3   29   1   0   0   0   0   0   0   1  16   6   1   1   1   0   1   6   0  16  21  0.56 inf
  146 R    1  2 -1  3 -5  1  4 -3  0 -5 -5  1 -4 -5 -3 -2 -2 -5 -4 -4   14  14   2  18   0   4  33   1   2   0   0   8   0   0   1   1   1   0   0   1  0.67 inf
  147 A    7 -4 -5 -5 -3 -4 -5 -3 -5 -4 -2 -4  2 -3 -5 -2 -3 -6 -4 -3   87   1   0   0   0   0   0   1   0   0   3   0   5   1   0   1   0   0   1   1  1.67 inf
  148 L   -5 -6 -7 -7  0 -6 -6 -7 -6  2  6 -6  0 -3 -6 -5 -4 -5 -4  0    0   0   0   0   2   0   0   0   0   9  83   0   1   0   0   0   0   0   0   5  1.57 inf
  149 E    0  3  0  0 -3  2  2 -3 -2 -4 -4  4 -3 -5 -3 -1  0 -5 -4 -1    8  16   3   3   0  11  15   1   0   0   1  28   0   0   0   4   4   0   0   5  0.53 inf
  150 S    1 -1  2  1 -3  0  3 -2 -2 -5 -5 -1 -4 -4 -4  4  0 -5 -3 -4   12   3  10   5   0   4  19   1   0   0   0   2   0   0   0  39   4   0   0   0  0.63 inf
  151 G   -3 -1 -2 -3 -6 -4 -4  7 -2 -7 -7  1 -6 -7 -6 -3 -5 -6 -6 -7    0   3   1   1   0   0   1  85   1   0   0   8   0   0   0   0   0   0   0   0  1.96 inf
  152 R   -3  3 -2 -1 -5  3  2 -4  6 -3 -4  3 -3 -4 -3 -2  0  3 -2 -2    1  15   0   3   0  15  11   0  19   2   0  17   0   0   1   1   5   5   0   4  0.67 inf
  153 L   -4 -6 -6 -6 -4 -6 -6 -7 -6  6  3 -6 -1 -3 -4 -5 -4 -5 -4  3    0   0   0   0   0   0   0   0   0  53  29   0   0   0   1   0   0   0   0  17  1.36 inf
  154 A    5  2 -3 -4 -3 -1 -3  1  0 -4 -3 -1 -3  0 -4 -1 -3  1  0 -3   59  10   0   0   0   2   1  10   2   0   2   2   0   4   0   3   0   2   3   0  0.80 inf
  155 G    3 -5 -4 -4 -4 -5 -5  7 -5 -6 -6 -5 -5 -6 -5 -2 -4 -6 -4 -6   21   0   0   0   0   0   0  75   0   0   0   0   0   0   0   2   0   0   1   0  1.80 inf
  156 Y    7 -5 -5 -6 -1 -5 -5 -4 -5 -5 -4 -5 -5 -3 -5 -3 -4 -5  4 -2   83   0   0   0   1   0   0   0   0   0   0   0   0   0   0   0   0   0  13   2  1.75 inf
  157 A    4 -5 -4 -5 -3 -5 -5  6 -5 -6 -5 -5 -2 -6 -5 -2 -4 -6 -6 -4   35   0   0   0   0   0   0  61   0   0   0   0   1   0   0   1   0   0   0   0  1.57 inf
  158 G   -3 -5 -6 -6 -4 -5 -6  1 -6  1  6 -5 -1  0 -6 -5 -3 -5 -4 -1    1   0   0   0   0   0   0  13   0   6  72   0   0   4   0   0   1   0   0   3  1.15 inf
  159 D   -6 -6 -3  9 -8 -4 -2 -6 -5 -8 -8 -5 -7 -8 -6 -4 -5 -9 -7 -8    0   0   0  99   0   0   1   0   0   0   0   0   0   0   0   0   0   0   0   0  2.91 inf
  160 V   -3 -6 -6 -7 -2 -6 -6 -7 -7 -1 -3 -6 -3 -5 -6 -3  0 -7 -5  7    1   0   0   0   1   0   0   0   0   0   0   0   0   0   0   1   5   0   0  92  2.06 inf
  161 W   -5 -6 -6 -7 -6 -5 -6 -6 -2 -4 -2 -6 -2  8 -7 -5  0  7  5 -3    0   0   0   0   0   0   0   0   1   0   3   0   1  58   0   0   7  13  16   2  1.90 inf
  162 F    0 -2 -1  2 -2 -1  5 -4 -2 -4 -4 -2 -4  1 -2  0  0 -4  1 -2    9   1   2   9   1   1  48   0   0   0   0   0   0   8   1   5   5   0   5   4  0.70 inf
  163 P   -2  0  1 -1 -3  2  1 -2  3 -2 -3  1 -3 -2  4 -1  0 -4 -2  1    2   4   8   2   0  12   9   2   8   1   0   8   0   2  19   2   7   0   1  12  0.36 inf
  164 Q   -4 -4 -3 -2 -7  3  7 -5 -4 -7 -6 -3 -5 -7 -5 -4 -4 -6 -5 -6    0   0   0   0   0  13  83   1   0   0   0   0   0   0   0   0   0   0   0   0  2.10 inf
  165 P   -5 -6 -6 -5 -7 -5 -5 -3 -3 -7 -7 -5 -7 -8  9 -5 -5 -8 -7 -6    0   0   0   0   0   0   0   2   1   0   0   0   0   0  95   0   0   0   0   0  3.15 inf
  166 A    2 -2 -2 -2  1 -2 -1 -2 -1  1  2 -2  0 -2  3 -1  0 -3 -2  0   21   1   2   1   3   1   3   1   2   8  24   2   2   1  16   2   4   0   1   5  0.26 inf
  167 P    0 -1 -2 -1 -3 -1 -1 -2 -3 -1 -2 -2 -3 -3  6  0  0 -4 -3 -1    8   3   2   3   0   2   5   3   1   4   3   2   0   1  45   6   6   0   1   5  0.82 inf
  168 K    2  0 -1 -2 -3  0  0 -1 -1 -1 -2  2 -1 -2  2  0  2 -4 -2  0   17   4   2   1   0   4   5   4   1   2   2  17   1   2  11   4  13   0   1   8  0.19 inf
  169 D   -3 -3  2  7 -6 -2  1 -1 -2 -5 -4 -3 -5 -6  0 -2 -2 -6 -5 -3    2   1  11  58   0   1   9   5   1   0   2   1   0   0   4   2   1   0   0   2  1.17 inf
  170 H   -3 -2  3 -1 -4 -2  0 -2  8 -4 -5 -2 -4 -3  1  2 -3  0 -2 -4    1   2  15   3   0   0   4   2  40   1   1   1   0   1   6  19   0   1   1   1  1.07 inf
  171 P   -2  1 -4 -3 -5 -3 -2 -4 -5 -4 -4  0 -5 -6  8 -3 -4 -6 -4 -3    2   8   0   1   0   1   3   1   0   1   1   6   0   0  72   1   0   0   1   2  1.93 inf
  172 W   -5 -6 -7 -7 -5 -6 -6 -7 -6 -1  6 -6 -1  2 -7 -6 -5  6 -1 -3    0   0   0   0   0   0   0   0   0   1  79   0   0   7   0   0   0  11   1   0  1.68 inf
  173 R   -1  4 -4 -5 -3 -2 -3 -5 -3  0  4 -1  0  3 -5 -3 -2  0 -1 -1    4  23   0   0   0   1   0   0   0   3  39   3   1  15   0   0   2   1   1   4  0.58 inf
  174 T    1  0  0  0 -4  1  2  1  0 -4 -3  2 -3 -4 -3  1  2 -4  0 -3    9   5   4   5   0   6  12  11   2   0   1  12   0   0   0  12  16   0   3   0  0.27 inf
  175 M    0 -3 -4 -5 -1 -2 -4 -5  1 -1  5 -4  5  0 -5 -3 -3 -4 -2  0    8   1   0   0   1   1   1   0   4   1  55   0  18   3   0   1   1   0   1   4  0.88 inf
  176 P   -2 -1 -1  4 -6 -1  1 -3 -2 -6 -6  1 -5 -6  6 -2 -3 -6 -5 -5    3   3   2  21   0   3   8   2   1   0   0   7   0   0  47   3   1   0   0   0  1.23 inf
  177 Y   -5 -1  8 -2 -6 -1 -3 -3  2 -7 -6  0 -6 -6 -6 -2 -4 -2 -3 -6    0   3  77   0   0   3   1   2   4   0   0   5   0   0   0   1   0   1   1   0  1.95 inf
  178 N   -1 -5  1 -5  2 -4 -4 -5  1  1  0 -5 -2 -1 -5 -4 -2 -5 -4  6    4   0   7   0   5   0   1   0   4   6   5   0   0   3   0   0   2   0   0  63  1.02 inf
  179 G    0 -5 -5 -5 -4 -5 -5 -1 -5  4  0 -5 -1 -1 -5 -3  0 -3 -3  5    9   0   0   0   0   0   0   5   0  22   5   0   1   2   0   0   5   0   0  49  0.86 inf
  180 M    1 -4 -5 -5  3 -4 -5 -4 -4  2  4 -4  5 -2 -4 -3 -1 -4 -3  2   11   0   0   0   6   0   0   1   0   8  37   0  17   1   0   1   3   0   0  15  0.69 inf
  181 T   -1 -5 -4 -5 -4 -4 -5 -5 -5 -3  2 -4 -1 -5 -4 -1  7 -6 -5  0    3   0   0   0   0   0   0   0   0   0  22   0   1   0   0   3  65   0   0   5  1.34 inf
  182 P   -3 -6 -6 -6 -4 -6 -5 -6 -6 -5 -7 -5 -7 -8  9 -4 -5 -8 -5 -5    2   0   0   0   0   0   0   0   0   1   0   0   0   0  95   1   0   0   1   1  3.12 inf
  183 H   -6 -5 -4 -6 -8 -4 -5 -7 11 -8 -8 -5 -6 -6 -7 -6 -6 -7 -3 -8    0   0   0   0   0   0   0   0 100   0   0   0   0   0   0   0   0   0   0   0  4.04 inf
  184 I   -2 -5 -6 -6 -3 -5 -6 -6 -5  6  3 -5  4 -3 -5 -5 -1 -5 -1  2    2   0   0   0   0   0   0   0   0  47  25   0  11   0   0   0   3   0   2  10  1.06 inf
  185 S    2 -5 -4 -4 -5 -5 -5  6 -5 -6 -6 -4 -5 -6 -5  2 -4 -6 -6 -6   16   0   0   0   0   0   0  70   0   0   0   0   0   0   0  14   0   0   0   0  1.62 inf

                      K         Lambda
Standard Ungapped    0.1368     0.3225
Standard Gapped      0.0616     0.2670
PSI Ungapped         0.2022     0.3154
PSI Gapped           0.0616     0.2670
