
Last position-specific scoring matrix computed, weighted observed percentages rounded down, information per position, and relative weight of gapless real matches to pseudocounts
           A  R  N  D  C  Q  E  G  H  I  L  K  M  F  P  S  T  W  Y  V   A   R   N   D   C   Q   E   G   H   I   L   K   M   F   P   S   T   W   Y   V
    1 S   -2 -4 -2 -3 -4 -3 -3 -3 -4 -5 -5 -3 -4 -5 -4  7  1 -6 -5 -5    0   0   0   0   0   0   0   0   0   0   0   0   0   0   0  95   5   0   0   0  1.78 inf
    2 W   -7 -7 -8 -8 -6 -6 -7 -7 -6 -7 -6 -7 -5 -3 -8 -7 -7 13 -2 -7    0   0   0   0   0   0   0   0   0   0   0   0   0   0   0   0   0 100   0   0  4.80 inf
    3 Q   -2 -2  1  2 -6  8  0 -4 -3 -6 -5 -2 -4 -6 -2 -2 -2 -5 -5 -5    3   0   5  13   0  72   2   0   0   0   0   0   0   0   1   1   2   0   0   0  1.57 inf
    4 T    3 -3 -1  2 -3  1  0  1 -3 -4 -4 -2 -3 -4 -1  2  2 -4 -4 -2   33   0   2  13   0   6   3  10   0   0   0   0   0   0   3  16  14   0   0   0  0.43 inf
    5 Y   -5 -5 -6 -7 -6 -5 -6 -7 -2 -3 -4 -5 -4  2 -6 -5 -5  1 10 -4    0   0   0   0   0   0   0   0   0   1   1   0   0   4   0   0   0   1  92   0  2.76 inf
    6 V   -3 -4 -5 -5 -3 -4 -5 -5 -2  4  0 -4 -1 -3 -5 -4  0 -5 -3  6    0   1   0   0   0   0   0   0   1  21   4   0   0   0   0   0   5   0   0  66  1.12 inf
    7 D   -4 -4  0  8 -6 -2 -1 -4 -2 -6 -6 -2 -6 -6 -4 -1 -1 -7 -5 -6    0   0   3  84   0   1   1   0   1   0   0   2   0   0   0   4   4   0   0   0  1.90 inf
    8 E   -2 -2  4  3 -4  2  2 -2 -2 -4 -4  1 -3 -5 -3  1  1 -5 -4 -2    0   0  25  19   0   9  13   1   0   0   0   7   0   0   0  12  11   0   0   2  0.59 inf
    9 H   -3 -2  3 -2 -4  3  0 -3  7 -2  1 -2 -1 -2 -4  2 -1 -4 -2 -3    0   0  13   0   0  13   3   1  29   1  15   0   1   2   0  18   2   0   0   0  0.64 inf
   10 L   -4 -5 -5 -6  0 -4 -5 -6 -5  1  6 -5  1 -1 -3 -4 -1 -4 -3  1    0   0   0   0   2   0   0   0   0   5  77   0   1   1   1   1   4   0   0   7  1.09 inf
   11 M    1 -3 -4 -2  0 -2 -3 -4 -4  2  2 -2  6 -2 -4 -2 -1 -4 -3  3   13   0   0   2   2   2   1   0   0  14  15   2  27   0   0   1   1   0   0  20  0.53 inf
   12 L   -2 -4 -5 -5  3 -2 -4 -2 -5  3  3 -4 -1  0 -4 -4 -2 -4 -3  4    2   0   0   0   6   2   0   4   0  17  28   0   0   4   0   0   0   0   0  36  0.62 inf
   13 A    1 -2 -1  4 -4  1 -1 -3 -3 -3 -4  1 -3 -4 -3  2  3 -2 -2 -3   13   1   1  26   0   7   2   0   0   1   0   8   0   0   0  19  21   1   1   1  0.52 inf
   14 A    2  1 -1 -3 -1  2 -1 -1  1 -4 -3  4  0 -4 -3  1 -2 -5 -3 -3   18   6   1   0   1   9   2   4   3   0   1  37   3   0   0  13   0   0   0   1  0.49 inf
   15 S    6 -4 -4 -5  2 -2 -4  1 -5 -4 -5 -4 -4 -5 -4 -1 -3 -6 -5 -3   84   0   0   0   5   1   0   9   0   0   0   0   0   0   0   1   0   0   0   0  1.47 inf
   16 A    6 -4 -4 -4  4 -2 -4 -2 -4 -1 -1 -4 -3 -4 -4 -1 -2 -5 -4  0   71   0   0   0   7   1   0   2   0   4   4   0   0   0   0   3   0   0   0   7  1.04 inf
   17 I   -4 -6 -6 -6 -4 -6 -6 -7 -6  8  0 -6 -2 -1 -6 -5 -2 -6 -4  0    0   0   0   0   0   0   0   0   0  90   5   0   0   2   0   0   1   0   0   2  1.93 inf
   18 V    0 -4 -4 -4  3 -3 -4 -4  2  4  2 -2  0  1 -4 -2 -2 -3  2  2    8   0   0   0   8   0   0   0   6  31  17   3   1   4   0   2   0   0   9  10  0.43 inf
   19 G   -2 -3 -3  0 -5 -4 -4  6 -4 -4 -5 -2 -5 -6 -4  2 -3 -5 -5 -5    1   1   0   6   0   0   0  69   0   1   1   2   0   0   0  19   0   0   0   0  1.35 inf
   20 H    0  1 -1 -2 -4  2 -1 -4  6 -1  2 -1  1 -1 -3 -2 -1 -3  1 -2   10   8   2   1   0  10   2   0  25   1  24   2   4   2   1   1   3   0   5   2  0.40 inf
   21 D    1 -4  0  7 -1  0  1 -3 -4 -6 -6 -1 -5 -6 -4 -2 -2 -6 -5 -5   12   0   3  69   1   4   5   1   0   0   0   3   0   0   0   1   1   0   0   0  1.39 inf
   22 G   -3 -1 -1 -4 -5 -2 -5  7 -5 -4 -3 -4 -5 -2 -5 -2 -4 -5 -5 -6    0   4   2   0   0   2   0  86   0   1   3   0   0   2   0   1   0   0   0   0  1.75 inf
   23 S    1 -3  2 -3 -1 -3 -2  1 -3 -4 -5 -3 -4 -5 -3  5  2 -5 -4 -2   10   0   9   0   1   0   2  11   0   0   0   0   0   0   0  54  11   0   0   2  0.80 inf
   24 V    0 -2 -2 -4  0 -3 -2 -4 -4  2  1 -3  0 -2 -1 -2  0 -4  0  5    8   2   2   0   2   1   2   0   0  13   9   1   1   0   3   1   4   0   3  48  0.50 inf
   25 W   -5 -4 -3 -7  1 -6 -2 -6 -6 -6 -4 -6 -5 -3 -7 -4 -6 12  0 -7    1   1   2   0   3   0   3   0   0   0   2   0   0   0   0   2   0  85   2   0  3.78 inf
   26 A    6 -4 -4 -5 -2 -3 -4  0 -4 -4 -4 -4 -4 -5 -4 -1 -1 -1 -5 -1   82   0   0   0   0   1   0   6   0   0   1   0   0   0   0   1   4   1   0   4  1.32 inf
   27 Q    1  0 -1 -3  1  4 -1 -3 -1 -3 -3  2 -2 -4 -3  1  2 -4  1 -1   14   3   1   0   4  26   1   0   1   1   1  12   0   0   0  12  16   0   5   3  0.40 inf
   28 S   -1 -4 -2 -3 -4 -3 -2 -2 -4 -5 -5 -3 -4 -2 -3  7  1 -5 -4 -4    3   0   0   1   0   0   1   2   0   0   0   0   0   2   1  82   7   0   0   0  1.45 inf
   29 S    2 -2  0  1 -3 -1  1  1 -3 -4 -3  0 -3 -3  4  2 -1 -5 -4 -2   22   0   3   8   0   1  11   8   0   0   2   5   0   1  18  18   2   0   0   1  0.40 inf
   30 S    0 -2  3  1 -4 -2 -2  5  0 -5 -5 -2 -3 -5 -2  1  0 -5 -4 -4    5   2  15  10   0   1   1  47   3   0   0   2   0   0   2   8   5   0   0   0  0.75 inf
   31 F   -2 -5 -2 -2  0 -5 -4 -5  0 -1 -1 -5 -2  8 -5 -4 -3  1  2 -3    3   0   2   2   2   0   1   0   2   3   5   0   0  70   0   0   1   1   3   0  1.50 inf
   32 P    0 -1  1 -1  1  0 -1 -1 -1 -1 -1  0 -1 -2  4  0  0 -2 -1  0    8   3   9   4   3   3   3   3   1   3   7   5   1   1  26   4   7   0   2   6  0.29 inf
   33 Q    0 -1  3 -1 -3  4  1 -2  0 -2 -2  1 -2 -2  1  0  0 -4 -3  0    6   0  14   0   0  24  10   2   2   1   3   7   0   1   5   7   6   0   0  10  0.30 inf
   34 F   -3 -3 -4 -4 -2 -4 -4 -5 -4  2  3 -4  0  3 -3 -2  0 -3 -1  3    0   1   0   0   1   0   0   0   0  12  37   0   0  16   1   3   5   0   0  22  0.56 inf
   35 K    0  0  0 -2 -4  2  0 -2 -3 -4 -4  3  0 -4 -1  3  2 -5 -4 -3    6   2   4   1   0   9   4   1   0   0   0  25   3   0   2  27  16   0   0   0  0.49 inf
   36 P    1 -2 -2  1 -4  2 -1 -2 -3 -4 -4  1 -3 -4  6 -1 -1 -5 -4 -3   11   1   1   7   0  11   2   3   0   0   1   7   0   1  47   4   2   0   0   1  1.01 inf
   37 Q    0 -2  1  1 -5  3  5 -1 -2 -5 -5 -1 -4 -5 -2 -1  0 -5 -4 -4   10   0   7   8   0  11  49   5   0   0   0   1   0   0   1   3   6   0   0   1  0.77 inf
   38 E   -3 -3 -2  0 -7  1  7 -5 -3 -6 -6 -2 -5 -6 -4 -2 -4 -6 -5 -3    2   0   1   4   0   4  85   0   0   0   0   0   0   0   0   2   0   0   0   2  1.81 inf
   39 I    0 -2 -3 -4 -2 -1 -3  0 -4  4  2 -3  3  0 -4 -3 -2 -4 -3  3    9   2   1   0   1   4   1   9   0  27  15   0   9   3   0   0   1   0   0  21  0.37 inf
   40 T    2  1  1 -1 -3  2 -1 -2 -2 -3 -3  3 -1 -4 -2  1  2 -4 -3 -1   17   6   5   2   0  10   2   1   0   1   1  22   2   0   1   9  18   0   0   3  0.33 inf
   41 G    2 -1  1 -2 -3 -1  0  2  1 -1 -2  2 -2 -1 -3  0  1 -4 -2 -1   25   2   7   1   0   0   5  15   3   3   2  17   0   3   0   2   9   0   1   4  0.21 inf
   42 I   -2 -5 -5 -5 -4 -5 -5 -3 -5  6  3 -5  2  1 -5 -4 -1 -4 -3  0    2   0   0   0   0   0   0   2   0  53  27   0   5   5   0   0   4   0   0   3  0.95 inf
   43 M    3 -3 -3 -4 -2 -1 -3 -2 -4  2  1 -2  4 -1 -3 -1  0 -4 -3  2   27   0   1   0   0   2   0   3   0  16  12   2  13   2   0   3   4   0   0  15  0.34 inf
   44 K    2  0  3  1 -3  0 -1 -1 -2 -4 -4  3 -3 -2 -3  1  0 -5 -3 -3   24   4  17   9   0   4   1   3   0   0   0  20   0   2   0  11   4   0   0   0  0.39 inf
   45 D    2 -3 -1  2  3 -1  0  3 -3 -1  0 -2  0 -3 -3  0 -2 -4  0 -2   17   0   2  16   8   1   6  22   0   3   9   0   2   0   0   7   1   0   4   2  0.26 inf
   46 F   -3 -5 -5 -6 -5 -5 -4 -6 -4  0  0 -3  1  8 -6 -5 -3 -2  2 -2    2   0   0   0   0   0   1   0   0   4   6   1   3  72   0   0   2   0   4   2  1.66 inf
   47 E    0 -1  2  4 -4  1  1  0 -2 -4 -4  2 -3 -4 -1  0  0 -4 -1 -3   10   1   8  24   0   6   9   6   0   0   0  18   0   0   2   7   5   0   2   0  0.39 inf
   48 E   -2 -3  4  5 -5  0  3 -3 -1 -5 -5 -1 -4 -5 -4  1  0 -6 -4 -4    2   0  22  34   0   3  21   1   1   0   0   2   0   0   0   8   5   0   0   0  0.85 inf
   49 P   -1 -2 -1 -2 -4  1 -2 -2 -3  0 -2 -1 -3 -1  6  1 -1 -5 -4 -2    5   2   3   2   0   7   1   3   0   6   3   4   0   3  47  10   3   0   0   2  0.91 inf
   50 G    0 -2  1  2 -3  0  1  3 -2 -2 -2  1 -3 -4 -1  2  0 -4 -3 -3    5   0   5  14   0   3   7  23   0   2   3   8   0   0   2  22   5   0   0   0  0.33 inf
   51 H    0 -1  1 -1 -1  0  0  0  2 -2 -1  0  0  0  0  2  0 -1 -1 -1    5   1   9   1   1   5   6   8   6   1   3   8   3   7   5  19   4   1   1   6  0.09 inf
   52 L    1 -1 -4 -4 -3 -3 -4 -3 -4  0  4 -3  0  1 -3 -1 -1 -3  0  2   13   3   0   0   0   0   0   1   0   3  41   0   1   7   0   4   4   0   3  20  0.42 inf
   53 A    3  1 -2 -3 -3  3 -1 -3 -1 -1 -1 -1  0  2  0  0  0 -1  1 -1   27   9   1   0   0  18   2   0   1   5   3   1   2  10   5   4   7   0   4   2  0.25 inf
   54 P    2  0 -1 -2 -3  0  0  0 -3 -1 -2  0 -1 -3  3  2  0 -4 -2 -1   22   4   1   1   0   3   6   7   0   4   2   4   2   0  16  18   6   0   1   2  0.29 inf
   55 T   -1 -3  3  0 -4 -2  1  0 -1 -4 -4  0 -2 -5 -2  2  4 -5 -4 -2    2   0  16   3   0   0  10   5   2   0   0   6   1   0   1  19  34   0   0   1  0.57 inf
   56 G   -2 -5 -3 -4 -5 -4 -2  7 -5 -6 -6 -4 -5 -6 -5 -2 -4 -5 -6 -6    2   0   0   0   0   0   3  91   0   0   0   0   0   0   0   2   0   0   0   0  2.07 inf
   57 L   -1 -4 -5 -5 -1 -4 -4 -5 -4  4  3 -4  1  1 -4 -3 -1 -4 -2  3    5   0   0   0   1   0   0   0   0  24  32   0   3   7   0   0   4   0   0  23  0.62 inf
   58 H   -3  0 -1  0 -1 -2 -2 -4  5 -2 -2  0  1  3 -4 -2  3 -2  4 -1    0   5   2   5   1   0   1   0  14   2   1   6   4  11   0   1  23   0  19   5  0.48 inf
   59 L   -1 -4 -5 -5 -3 -4 -2 -5 -5  4  4 -4  1  2 -5 -4 -3 -4 -1  3    3   0   0   0   0   0   3   0   0  23  41   0   2   8   0   0   0   0   1  19  0.71 inf
   60 G    2 -2  1  0  0  0  1  4 -3 -4 -4  0 -3 -4 -3  0 -1 -4 -2 -4   22   1   8   4   2   4   9  34   0   0   1   5   0   0   0   6   1   0   2   0  0.49 inf
   61 G   -2 -3  0 -3 -5 -2 -1  7 -4 -6 -6 -3 -5 -6 -2 -2 -4 -5 -6 -6    1   1   3   1   0   1   4  84   0   0   0   1   0   0   2   1   1   0   0   0  1.76 inf
   62 I    0 -1  0 -1 -3  2  2 -3 -2  0 -2  1 -2 -3 -3  0  3 -4 -3  2    9   2   3   3   0  11  13   1   0   4   1   8   0   1   0   5  23   0   0  16  0.27 inf
   63 K   -4  3 -2 -1 -6  0 -2 -2  1 -5 -5  7 -4 -6 -4 -3 -2 -6 -2 -5    0  13   1   3   0   2   0   2   4   0   0  72   0   0   0   0   1   0   1   0  1.41 inf
   64 Y   -5 -2 -1 -5 -1 -4 -5 -5  2 -2 -3 -4 -4  3 -5 -4 -4 -1  9 -4    0   2   3   0   2   0   0   0   3   2   1   0   0  12   0   0   0   0  73   0  2.04 inf
   65 M   -3 -2 -4 -4  1 -1 -4 -5 -4  2  0  0  6  4 -4 -2 -1 -3 -1  2    0   1   0   0   4   3   0   0   0  10   7   6  30  18   0   3   4   0   1  13  0.60 inf
   66 V    0 -3 -3 -4  4 -3 -3  0 -1  1  0 -2  0  4 -4 -2  0 -2  1  3    7   0   0   0  10   0   0   8   2   4   6   2   3  19   0   0   8   0   5  24  0.31 inf
   67 I   -2 -4 -4 -2 -3 -3 -2 -4 -4  4  4 -4  0  0  0 -2  0 -4 -3  1    3   0   0   2   0   0   2   0   0  30  41   0   0   2   4   3   5   0   0   6  0.53 inf
   68 Q   -1  5  0 -2 -4  4  0 -2 -2 -4 -4  2 -2 -4  0  0 -1 -4 -3 -2    2  33   4   0   0  23   2   2   0   0   0  11   1   0   4   8   4   0   0   3  0.61 inf
   69 G    3 -3  0 -2  1 -2 -1  3 -1  0 -3 -2 -2 -3 -3  2  0 -4 -3  0   26   0   3   0   3   0   5  28   1   5   0   0   0   0   0  15   3   0   0   8  0.39 inf
   70 E   -1 -3  0  5 -4  0  4 -1  0 -3 -4 -2 -4 -4 -3 -1 -1 -5 -4 -2    6   0   4  42   0   2  28   4   3   2   1   0   0   0   0   3   2   0   0   3  0.78 inf
   71 A   -1 -1  1  2  0  1  3 -1 -2 -3 -2  1 -2 -3  3  0  1 -3 -3 -3    5   3   5  15   3   5  21   3   0   1   3   8   0   0  14   4   8   0   0   1  0.32 inf
   72 G   -2  1  1  4 -4  1  0  3  0 -2 -2  0 -1 -4 -2 -1 -1 -4 -1 -3    0   8   4  26   0   5   4  25   2   3   3   6   1   0   2   3   3   0   2   2  0.38 inf
   73 A    0  1  0  1  1  0  1 -1  0  0 -1  1 -1  0 -1  1  0 -3 -2  0   10  10   4   7   4   3   8   3   2   7   4   8   0   5   2  14   3   0   0   7  0.06 inf
   74 V    0 -2 -1 -3  3 -1 -2 -3  0  1  0 -2  1  0 -3  0  1 -3  0  3    5   2   2   1   8   3   1   1   2   6   9   1   4   3   1   8   8   0   3  32  0.23 inf
   75 I    0 -2 -4 -1 -3 -3 -4 -4 -4  5  2 -3  1  1 -4 -1 -2 -3  0  2    9   3   0   3   0   0   0   0   0  37  21   0   2   5   0   4   0   0   3  10  0.48 inf
   76 R   -1  4 -3 -4 -4  0 -3 -2  1 -1  0  0  2  2 -4 -1 -3 -2  5 -3    5  23   0   0   0   4   0   3   3   4   9   5   6   8   0   5   0   0  23   0  0.46 inf
   77 G    1  0 -2 -3  4 -3 -3  5 -3 -3 -3  1 -3  0 -3 -1 -1  0 -3 -1   13   4   0   0   9   0   0  42   0   0   2   9   0   4   0   4   3   1   0   4  0.52 inf
   78 K    0  3 -1 -3 -4 -1  0 -3 -3 -4 -1  6 -3 -4 -3 -2  0 -4 -4 -2    9  14   2   0   0   0   5   0   0   0   5  50   0   0   0   0   7   0   0   2  0.71 inf
   79 K   -1  1 -1 -3 -1  3 -1 -4  0 -4 -1  6  0 -3 -3 -2 -3 -5 -4 -4    4   4   2   0   1  12   2   0   2   0   6  59   3   1   0   2   0   0   0   0  0.92 inf
   80 G   -1  0  0  1 -4  1  1  5 -3 -5 -5 -1 -4 -5 -4 -1 -2 -4 -4 -3    2   5   4   9   0   6  10  54   0   0   0   2   0   0   0   4   1   0   0   1  0.83 inf
   81 S    1  0  0  1 -3  0  1  0  0 -3 -3  3 -2 -4  2  1 -1 -4 -3 -1   11   4   5   7   0   3   8   7   2   0   1  22   0   0  11  11   3   0   0   5  0.25 inf
   82 G    0 -2  1  0 -3 -1  2  3  0 -2 -2 -1 -3 -3 -3  1  1  3 -3 -2    5   1   6   5   0   2  18  23   2   2   3   3   0   0   0  11  11   5   0   2  0.30 inf
   83 G    0 -1 -3 -4 -1 -4 -4  7 -4 -5 -5 -4 -5 -1 -4 -2 -4 -4  0 -5    6   3   0   0   2   0   0  78   0   0   0   0   0   3   0   2   0   0   4   0  1.50 inf
   84 I    0 -4 -4 -4  0 -4 -4 -2 -4  4  1 -4  1  2 -4 -3 -2 -3 -2  4   10   0   0   0   2   0   0   3   0  25   9   0   2   9   0   0   0   0   0  39  0.57 inf
   85 T   -1 -3 -3 -3  4 -3 -3 -3  3  1 -1 -3  0  1 -3  0  3 -3  0  2    4   0   0   0  11   0   0   0  10  10   3   0   2   5   0   5  25   0   3  20  0.39 inf
   86 I    1 -4 -4 -4  4 -4 -4 -4 -4  5  1 -4  0 -2 -1 -3  0 -4 -3  3   12   0   0   0  12   0   0   0   0  36   9   0   2   0   3   0   4   0   0  20  0.59 inf
   87 K    1  0 -2 -3  1  1 -2 -3 -2  0 -2  2  1 -1 -3  0 -1 -1  1  3   10   5   0   0   4   6   0   0   0   2   0  20   3   1   0   6   3   1   7  30  0.23 inf
   88 K   -1  3 -2 -3 -4  0 -2 -3 -3 -3 -2  6 -3 -2 -2 -1 -1 -4 -3 -3    5  13   0   0   0   1   0   0   0   1   4  63   0   2   2   3   3   0   0   0  0.92 inf
   89 T   -1 -3 -2 -3  1 -3 -3 -3 -4 -3 -3 -1  0 -4 -3  1  7 -4 -4 -2    4   0   0   0   3   0   0   2   0   0   1   4   3   0   0  11  70   0   0   0  1.14 inf
   90 G   -1  0  3 -1 -3  0  0  1  1 -2 -3  3 -2 -4 -1  0  1 -4 -3 -2    4   4  16   0   0   3   3  12   4   3   2  30   0   0   2   5   9   0   0   2  0.32 inf
   91 Q   -2 -1 -2 -3 -1  6 -1 -2 -2 -4 -1  0  1 -4 -3  1  2 -4  0 -3    1   2   0   0   1  50   0   3   0   0   5   4   3   0   0  11  15   0   4   0  0.78 inf
   92 A    5 -3 -3 -3  5 -3 -3 -1 -3 -3 -2 -3 -3 -1 -2  1  0 -4  0 -1   55   0   0   0  14   0   0   3   0   0   2   0   0   3   1  11   5   0   3   2  0.71 inf
   93 L   -2 -4 -4 -4 -2 -4 -4 -4 -4  4  3 -4  1  2 -4 -3 -2 -3 -2  3    2   0   0   0   1   0   0   0   0  29  32   0   2   9   0   0   1   0   0  21  0.61 inf
   94 V   -2 -4 -4 -4 -3 -4 -4 -5 -4  5  2 -4  1  0 -4 -3 -2 -4 -2  4    0   0   0   0   0   0   0   0   0  43  20   0   3   2   0   0   0   0   0  27  0.77 inf
   95 F   -2 -4 -4 -4 -3 -4 -4 -5 -4  5  1 -4  3  1 -4 -3 -2 -4 -2  4    1   0   0   0   0   0   0   0   0  46   5   0   7   6   0   0   0   0   0  30  0.80 inf
   96 G    3 -3 -2 -3 -1 -3 -3  5 -3 -4 -4 -3 -3 -4 -3  1 -1 -4 -4 -2   26   0   0   0   1   0   0  51   0   0   1   0   0   0   0  12   2   0   0   3  0.85 inf
   97 I   -1 -3 -2 -3 -2 -2 -1 -3  6  3  0 -3  1 -1 -3 -2  1 -1  1  1    5   0   0   0   1   0   5   2  23  23   9   0   5   2   0   0  11   1   3  10  0.36 inf
   98 Y   -3 -4 -4 -5  1 -3 -4 -2  4 -4 -3 -4 -3  2 -5 -3 -1 -1  8 -4    1   0   0   0   4   0   0   3  11   0   1   0   0   5   0   1   4   0  67   0  1.64 inf
   99 E   -1 -1  1  3 -3 -1  2  1 -2 -2 -3  0 -2 -3  3 -1  0 -3 -1 -2    2   1   6  20   0   0  18  14   0   2   2   4   1   0  15   3   5   0   3   3  0.35 inf
  100 E    0 -2  0  3 -4  0  5 -2  0 -4 -4 -1 -3 -4 -1 -1 -2 -4 -3 -3    9   1   3  17   0   1  51   2   2   1   1   2   0   0   3   4   1   0   1   1  0.74 inf
  101 P   -1 -3  1 -1 -4 -2 -1  2 -3 -4 -4 -1 -3 -4  6  1  0 -4 -2 -4    4   0   9   3   0   0   3  19   0   0   1   4   1   0  38  11   5   0   2   0  0.79 inf
  102 V   -1 -3 -2 -3  0  0 -2 -1 -1  2  1 -3  4 -1 -2 -1 -1 -3 -1  3    4   0   1   0   2   5   1   5   2  10  14   0  16   2   1   2   3   0   1  30  0.29 inf
  103 T   -1 -2  0 -2 -3  5  0 -2  1 -2 -1  0 -2 -1  0 -1  2 -3  0 -1    4   0   4   0   0  40   3   2   3   1   5   4   0   2   5   3  16   0   4   4  0.47 inf
  104 P    2 -3 -1 -3 -3  1 -1  0 -3 -4 -4 -2 -3 -4  6 -1  1 -4 -4 -2   18   0   2   0   0   6   2   6   0   0   1   0   0   0  48   3   8   0   0   2  1.02 inf
  105 G    0 -2  0 -3 -4  1  0  5 -3 -4 -5 -3 -4 -5  1  0 -1 -4 -4 -2    8   2   4   0   0   6   5  57   0   0   0   0   0   0   6   5   4   0   0   3  0.82 inf
  106 Q    0 -1  4  0  2  5  2 -3 -2 -3 -3 -1  0 -5 -2 -1  0 -5 -4 -2    7   1  22   3   5  33  11   0   0   1   1   0   3   0   2   3   5   0   0   3  0.59 inf
  107 C    4 -4 -3 -5  8 -4 -4 -2  0 -3 -1 -4 -3 -4 -3 -2  0 -5 -4  0   35   0   1   0  39   0   0   2   3   0   6   0   0   0   1   1   5   0   0   6  1.13 inf
  108 N    2  0  5 -2 -3 -1 -1 -3 -2 -2 -3 -2 -3 -3 -3  1  1 -4  1 -1   22   4  38   0   0   2   2   0   0   1   2   0   0   1   0   7  11   0   5   5  0.54 inf
  109 M   -1 -1  1  0  0 -1  0 -3  0 -1 -1  2  3 -3 -1  2  2 -4 -1 -1    4   1   6   3   2   1   6   0   3   1   6  16  13   0   1  17  13   0   2   3  0.18 inf
  110 V    1 -3 -3 -4  0 -2 -2 -2 -1  2  0 -2 -1  1 -3 -2  1 -3  0  4   13   0   0   0   2   2   1   2   2  10   4   3   0   6   0   0  11   0   2  40  0.35 inf
  111 V   -2 -5 -5 -5 -2 -4 -5 -5 -5  2 -1 -4 -2 -3 -4 -4  1 -5 -4  6    2   0   0   0   1   0   0   0   0   9   2   0   0   0   0   0   8   0   0  76  1.26 inf
  112 E   -1 -3 -1  0 -5  0  6  0 -3 -5 -5  0 -4 -1 -4 -1 -2  2 -2 -3    3   0   2   4   0   1  65   7   0   0   0   5   0   3   0   3   1   3   1   1  1.01 inf
  113 R    0  3  0 -1 -2  1  0  0 -2 -3 -4  4 -3 -4 -3  0 -1 -4 -2 -1    9  20   5   3   1   6   3   8   0   1   0  35   0   0   0   4   2   0   1   5  0.44 inf
  114 L   -3 -4 -5 -6  0 -1 -5 -6 -5  2  5 -4  3 -1 -5 -4 -2  2 -3  0    0   0   0   0   2   3   0   0   0  11  69   0   6   1   0   0   2   2   0   3  0.97 inf
  115 G    5 -2 -3 -4  0 -2 -4  5 -4 -4 -4 -3 -4 -5 -4 -2 -3 -5 -5 -1   50   1   0   0   2   1   0  40   0   0   0   0   0   0   0   0   0   0   0   4  1.05 inf
  116 D   -4 -1  0  7 -6  0  2 -4 -3 -6 -6  1 -5 -6 -4 -3 -2 -6 -5 -4    0   3   3  70   0   3  11   0   0   0   0   8   0   0   0   0   2   0   0   1  1.47 inf
  117 Y   -5 -5 -5 -6 -6 -1 -2 -6  2 -4 -4 -5 -4  0 -6 -3 -5  2  9 -2    0   0   0   0   0   3   2   0   5   0   0   0   0   0   0   2   0   2  84   3  2.31 inf
  118 L   -4 -5 -6 -6 -4 -5 -6 -6 -5  0  6 -5  0  1 -6 -5 -4 -4 -3 -2    0   0   0   0   0   0   0   0   0   3  91   0   0   6   0   0   0   0   0   0  1.51 inf
  119 I   -1  2 -2 -3 -1 -2 -1 -4 -3  4  0  1  1 -2 -4 -2  0 -4 -2  2    3  11   1   0   1   1   5   0   0  40   6  11   4   0   0   1   4   0   1  10  0.38 inf
  120 D    0 -1  2  3  0  0  2  0 -1 -4 -4  1 -3 -4 -3  2  0 -4 -3 -3    7   1  13  17   3   3  15   5   1   0   0  10   0   0   0  23   3   0   0   1  0.40 inf
  121 Q    1  0  2 -2  2  4 -1 -3  0  0  0  0 -2 -3 -3  1 -1 -4 -3  1   12   3  12   0   4  25   0   0   3   4   9   6   0   0   0  12   0   0   0  11  0.26 inf
  122 G   -2 -5  0 -2 -5 -4 -3  7 -4 -6 -6 -4 -5 -6 -5 -2 -4 -5 -6 -6    0   0   4   1   0   0   1  91   0   0   0   0   0   0   0   2   0   0   0   0  1.89 inf
  123 L   -4 -4 -5 -6 -4 -4 -5 -5 -2 -1  2 -4  4  4 -5 -4 -4 -1  7 -2    0   0   0   0   0   0   0   0   0   3  20   0  12  14   0   0   0   0  52   0  1.31 inf

                      K         Lambda
Standard Ungapped    0.1383     0.3175
Standard Gapped      0.0519     0.2670
PSI Ungapped         0.1704     0.3146
PSI Gapped           0.0519     0.2670
