
Last position-specific scoring matrix computed, weighted observed percentages rounded down, information per position, and relative weight of gapless real matches to pseudocounts
           A  R  N  D  C  Q  E  G  H  I  L  K  M  F  P  S  T  W  Y  V   A   R   N   D   C   Q   E   G   H   I   L   K   M   F   P   S   T   W   Y   V
    1 L   -2 -3 -4 -4 -2 -3 -4 -4 -4  2  4 -3  1  0 -3 -3 -2 -3 -2  2    0   0   0   0   0   0   0   0   0  13  69   0   0   0   0   0   0   0   0  18  0.59 inf
    2 P   -2 -3 -3 -3 -4 -2 -2 -3 -3 -4 -4 -2 -4 -5  8  0 -2 -5 -4 -4    0   0   0   0   0   0   0   0   0   0   0   0   0   0  94   6   0   0   0   0  2.30 inf
    3 V   -1 -3 -3 -4 -2 -1 -3 -4 -4  2  0 -3  0 -2 -3 -2  0 -4 -2  5    0   0   0   0   0   4   0   0   0   6   0   0   0   0   0   0   5   0   0  85  0.67 inf
    4 P   -2 -3 -3 -3 -4 -2 -2 -3 -3 -3 -4 -2 -3 -5  8 -2 -2 -5 -4 -1    0   0   0   0   0   0   0   0   0   0   0   0   0   0  95   0   0   0   0   5  2.31 inf
    5 G   -1 -3 -1 -1 -4 -3 -3  6 -3 -5 -5 -2 -4 -4 -3 -1 -3 -4 -4 -4    0   0   0   3   0   0   0  97   0   0   0   0   0   0   0   0   0   0   0   0  1.44 inf
    6 A    5 -2 -2 -3 -1 -2 -2  1 -3 -2 -3 -2 -2 -3 -2  0 -1 -4 -3 -1   92   0   0   0   0   0   0   8   0   0   0   0   0   0   0   0   0   0   0   0  0.80 inf
    7 R   -1  4 -1 -2 -3  0  0 -3 -1 -1 -2  4 -2 -3 -2 -1  1 -4 -2 -1    0  35   0   0   0   0   2   0   0   5   0  41   0   0   0   0   9   0   0   7  0.50 inf
    8 V   -1 -3 -4 -4 -2 -3 -4 -4 -4  4  1 -3  0 -1 -3 -3 -1 -3 -2  4    0   0   0   0   0   0   0   0   0  44   7   0   0   0   0   0   0   0   0  49  0.62 inf
    9 A    0 -1 -2  0 -2  1  3 -3  0  1 -1  1 -1 -2 -2 -1 -1 -3 -2  2    5   0   0   3   0   6  28   0   2   6   0  14   0   0   0   0   0   0   0  36  0.23 inf
   10 G    0  0  5  2 -3  0  1  1 -1 -4 -4 -1 -3 -4 -2  1  0 -4 -3 -3    8   5  42  13   0   0  12  12   0   0   0   0   0   0   0   8   2   0   0   0  0.46 inf
   11 G   -1 -3 -1 -2 -4 -3 -3  7 -3 -5 -5 -3 -4 -4 -3 -1 -3 -4 -4 -4    0   0   0   0   0   0   0 100   0   0   0   0   0   0   0   0   0   0   0   0  1.54 inf
   12 K   -1  1 -1 -2 -3  0  0 -3  1  0 -1  4 -1 -2 -2 -1  0 -3  0  2    0   3   0   0   0   2   4   0   4   5   3  48   0   0   0   0   5   0   3  24  0.26 inf
   13 L   -2 -3 -4 -5 -2 -3 -4 -5 -4  1  5 -3  1  0 -4 -3 -2 -3 -2  0    0   0   0   0   0   0   0   0   0   0 100   0   0   0   0   0   0   0   0   0  0.90 inf
   14 E    1  0  0  0 -2  1  3 -2  1 -1 -1  0  1 -2 -2  1  0 -3 -2 -1   19   4   5   0   0   5  34   0   5   5   6   0   7   0   0  10   2   0   0   0  0.21 inf
   15 A    4 -2 -2 -3 -2 -1 -2 -2 -2 -1  0 -2  5 -2 -2  0  2 -3 -2 -1   49   0   0   0   0   0   0   0   0   0   0   0  36   0   0   0  15   0   0   0  0.48 inf
   16 N   -3 -2  7  2 -4 -1 -1 -2 -1 -4 -5 -1 -3 -4 -3  0 -1 -5 -3 -4    0   0  93   7   0   0   0   0   0   0   0   0   0   0   0   0   0   0   0   0  1.34 inf
   17 I   -1 -3 -4 -4 -2 -3 -4 -4 -4  4  1 -3  0 -1 -3 -3 -1 -4 -2  5    0   0   0   0   0   0   0   0   0  34   3   0   0   0   0   0   0   0   0  63  0.66 inf
   18 A    3 -1 -1  1 -2  3  1 -1 -1 -3 -3 -1 -2 -3 -2  3  0 -3 -2 -2   34   0   0   6   0  19   7   0   0   0   0   0   0   0   0  34   0   0   0   0  0.40 inf
   19 L   -2 -3 -4 -4 -3 -3 -4 -4 -2  0  3 -3  3  5 -4 -3 -2 -1  2 -1    0   0   0   0   0   0   0   0   0   0  39   0  11  45   0   0   0   0   6   0  0.66 inf
   20 P   -2 -3 -3 -3 -4 -2 -2 -3 -3 -4 -4 -2 -4 -5  8 -2 -2 -5 -4 -4    0   0   0   0   0   0   0   0   0   0   0   0   0   0 100   0   0   0   0   0  2.52 inf
   21 G   -1 -3 -1 -2 -3 -3 -3  6 -3 -5 -5 -2 -4 -4 -3  0 -2 -4 -4 -4    0   0   0   0   0   0   0  94   0   0   0   0   0   0   0   6   0   0   0   0  1.39 inf
   22 L   -2 -3 -4 -4 -2 -3 -4 -4 -4  1  4 -3  1 -1 -4 -3 -2 -3 -2  3    0   0   0   0   0   0   0   0   0   0  74   0   0   0   0   0   0   0   0  26  0.64 inf
   23 G    1  0 -1 -1 -2  0  1  0 -2  1 -1  0 -1 -2  2  0  1 -3 -2  1   15   7   0   0   0   3  11   8   0  17   0   4   0   0   9   3  10   0   0  13  0.10 inf
   24 I   -2 -3 -4 -4 -2 -3 -4 -4 -4  4  3 -3  2 -1 -3 -3 -1 -3 -2  2    0   0   0   0   0   0   0   0   0  49  31   0   4   0   0   0   0   0   0  15  0.54 inf
   25 E   -2  0 -1  0 -4  6  4 -3 -1 -4 -3  0 -2 -4 -2 -1 -2 -3 -3 -3    0   0   0   0   0  63  37   0   0   0   0   0   0   0   0   0   0   0   0   0  1.02 inf
   26 Y   -3 -3 -3 -4 -4 -3 -3 -4  1 -3 -2 -3 -2  2 -4 -3 -3  1  8 -2    0   0   0   0   0   0   0   0   0   0   0   0   0   3   0   0   0   0  97   0  1.74 inf
   27 S    1  2  0 -1 -2 -1 -1 -1 -2 -3 -3 -1 -2 -3 -2  5  0 -4 -3 -3    6  12   0   0   0   0   0   0   0   0   0   0   0   0   0  82   0   0   0   0  0.72 inf
   28 T    0 -2 -2 -2 -1 -2 -2 -3 -3  1  2 -2  0 -1 -2 -1  3 -2 -2  2    3   0   0   0   0   0   0   1   0   7  31   0   0   0   0   1  36   0   0  18  0.28 inf
   29 D   -3 -3  1  7 -4 -1  0 -2 -2 -3 -4 -2 -4 -4 -3 -1 -2 -5 -4 -1    0   0   5  89   0   0   0   0   0   0   0   0   0   0   0   0   0   0   0   6  1.27 inf
   30 G    1 -1  1  1 -2 -1 -1  4 -1 -2 -2 -1 -2 -2 -1  0 -1 -2 -2 -2   11   1  11   7   0   1   3  46   1   1   2   1   1   1   1   7   1   0   1   2  0.39 inf
   31 G    1 -3 -1 -2 -3 -2 -3  6 -3 -4 -4 -2 -3 -4 -3  0 -2 -3 -4 -4    7   0   0   0   0   0   0  87   0   0   0   0   0   0   0   6   0   0   0   0  1.22 inf
   32 K    0  1  0  1 -3  1  1  0  0 -3 -3  4 -2 -3 -2  1  0 -3 -2 -2    5   0   3   9   0   7   9   8   2   0   0  44   0   0   0   8   4   0   0   0  0.33 inf
   33 Q   -1  0  4 -1 -3  3  0 -2  2 -3 -3  0 -2 -3 -2  1  3 -3 -2 -2    0   2  30   0   0  24   0   0   6   0   0   0   0   0   0  12  26   0   0   0  0.46 inf
   34 W   -4 -4 -5 -6 -4 -4 -4 -4 -4 -4 -3 -5 -3 -1 -5 -4 -4 12  1 -4    0   0   0   0   0   0   0   0   0   0   0   0   0   0   0   0   0 100   0   0  3.53 inf
   35 Q    0 -1  0 -1 -2  4  0 -2 -1 -1  1  0  0 -1 -2  1  1 -3 -2 -1    5   0   5   0   0  39   2   0   0   0  23   2   0   3   0   9   8   0   0   2  0.25 inf
   36 R    0  2  0  2 -2  0  0 -2 -2  0  0  1 -1 -2 -2  0  2 -3 -2  0    6  15   2  15   0   4   2   0   0   6   7   7   0   0   0   0  25   0   0  10  0.15 inf
   37 Y   -3 -3 -3 -4 -3 -3 -3 -4  0 -2 -2 -3 -2  2 -4 -3 -3  4  8  0    0   0   0   0   0   0   0   0   0   0   0   0   0   3   0   0   0   5  85   7  1.44 inf
   38 D    0 -2  2  5 -3 -1  0 -1 -1 -3 -3 -1 -2 -3 -2  0 -1 -3 -1 -2   10   1  10  58   0   1   1   1   0   1   1   1   0   1   1   7   1   0   3   1  0.58 inf
   39 A    3 -2  1  2 -2 -1  0  0  0 -2 -2 -1 -1 -3  0  0  1 -3 -2 -1   46   0  10  16   0   0   3   2   3   0   1   1   2   0   3   1   7   0   0   2  0.25 inf
   40 K    1  1  1  2 -2  2  2 -1  1 -3 -3  2 -2 -3 -1  1 -1 -3 -2 -2   15   3   7  11   0  11  11   0   5   0   0  21   0   0   0  14   0   0   0   0  0.26 inf
   41 A    3 -1  2 -1 -2  1 -1 -1 -1 -1 -1  1 -1 -3 -2  0  0 -3 -2  0   47   0  18   0   0   7   0   0   0   3   2   9   0   0   0   0   5   0   0   8  0.25 inf
   42 K   -1  3 -1 -2 -3  3  0  0  1 -3 -3  3 -2 -4  4 -1 -1 -3 -2 -3    4  19   0   0   0  20   0   7   3   0   0  26   0   0  21   0   0   0   0   0  0.53 inf
   43 P   -2 -3 -3 -3 -4 -2 -2 -3 -3 -1 -3 -2 -3 -4  8 -1  0 -5 -4 -2    0   0   0   0   0   0   0   0   0   7   0   0   0   0  84   2   8   0   0   0  1.88 inf
   44 A    2  2  0 -1 -2  1  0 -1  0 -2 -2  2 -1 -3 -2  1  1 -3 -2  0   22  13   4   0   0   3   5   1   3   0   0  20   0   0   0  12  10   0   0   8  0.20 inf
   45 V    0 -3 -4 -4 -2 -3 -3 -4 -3  2  0 -3  0 -1 -3 -2 -1 -3  0  5    7   0   0   0   0   0   0   0   0   6   0   0   0   0   0   0   0   0   5  82  0.63 inf
   46 S    1  0  1  0 -2 -1  0  0 -2 -2 -3  0 -2 -3 -2  4  2 -3 -2 -1    5   2   6   2   0   0   4   3   0   0   0   6   0   0   0  51  16   0   0   5  0.35 inf
   47 G    1 -3  0 -1 -3 -2 -2  6 -3 -4 -4 -2 -3 -4 -3 -1 -1 -3 -4 -3   10   0   3   2   0   0   0  80   0   0   0   0   0   0   0   0   5   0   0   0  1.05 inf
   48 E    0 -1  1  2 -3  1  4 -2 -1 -3 -3  2 -2 -4 -2  1  0 -4 -3 -3    4   0   9  13   0   0  47   0   0   0   0  13   0   0   0   7   7   0   0   0  0.51 inf
   49 V    0 -3 -3 -4 -2 -3 -3 -4 -4  2  0 -3  0 -2 -3 -2  1 -4 -2  5    5   0   0   0   0   0   0   0   0   7   0   0   0   0   0   0  10   0   0  79  0.60 inf
   50 Q   -1 -1 -1 -1 -2  2  2 -3 -1 -1  1  1  1  1 -2  0 -1  2  2  0    3   0   0   0   0  16  16   0   0   0  14   9   6   9   0   8   0   4   9   7  0.14 inf
   51 V   -2 -3 -4 -4 -2 -3 -4 -4 -4  4  3 -3  1 -1 -3 -3 -1 -3 -2  3    0   0   0   0   0   0   0   0   0  49  28   0   0   0   0   0   0   0   0  23  0.55 inf
   52 R   -1  7 -2 -3 -4  0 -1 -3 -1 -4 -3  1 -2 -4 -3 -2 -2 -4 -3 -3    7  93   0   0   0   0   0   0   0   0   0   0   0   0   0   0   0   0   0   0  1.24 inf
   53 S    3 -2 -1 -1 -1 -1 -1 -1 -2 -2 -3 -1 -2 -3 -2  4  3 -3 -2 -2   27   0   0   0   0   0   0   0   0   0   0   0   0   0   0  52  21   0   0   0  0.53 inf
   54 V    0  1 -2 -3 -2 -1 -2 -3 -3  1  1  0  0 -2 -2 -1  2 -3 -2  3    4  12   0   0   0   0   0   0   0   3  12   6   0   0   0   0  20   0   0  43  0.23 inf
   55 S    1 -2  0 -1 -2 -1 -1 -1 -2 -3 -3 -1 -2 -3 -2  6  0 -4 -3 -3    7   0   0   0   0   0   0   0   0   0   0   0   0   0   0  93   0   0   0   0  0.88 inf
   56 P    2 -2 -2 -2 -2 -2 -1 -2 -2 -2 -2 -2 -2  1  5  0  2 -3 -2 -1   25   0   0   0   0   0   3   0   0   0   0   0   0   8  40   4  18   0   0   2  0.70 inf
   57 D   -2 -2  2  6 -4 -1  0 -2 -2 -3 -4 -1 -3 -4 -2  1  1 -5 -4 -3    0   0   8  71   0   0   0   0   0   0   0   0   0   0   0   7  14   0   0   0  0.93 inf
   58 G   -1  0 -1 -2 -3 -2 -2  6 -2 -4 -4 -2 -3 -4 -3 -1 -2 -3 -3 -4    1   7   0   0   0   0   0  87   0   0   1   0   0   0   0   1   0   0   0   0  1.15 inf
   59 K    0  2 -1 -1 -3  1  3 -2 -1 -3 -1  4  0 -3 -2 -1 -1 -3 -2 -2    6   7   0   0   0   3  25   0   0   0   8  48   3   0   0   0   0   0   0   0  0.44 inf
   60 R   -2  7 -1 -3 -4  0 -1 -3 -1 -4 -3  2 -2 -4 -3 -2 -2 -4 -3 -4    0  90   0   0   0   0   0   0   0   0   0  10   0   0   0   0   0   0   0   0  1.25 inf
   61 Y    2 -2 -2 -3 -2 -2 -2 -2 -1 -1  0 -2 -1  3 -2  1  2 -1  3  0   22   0   0   0   0   0   0   0   0   0   7   0   0  20   0  10  19   0  15   7  0.23 inf
   62 S    0 -2  0 -1 -2 -1 -1  1 -2 -4 -4 -1 -3 -3 -2  6  0 -4 -3 -3    0   0   0   0   0   0   0   7   0   0   0   0   0   0   0  93   0   0   0   0  0.87 inf
   63 R   -3  7 -2 -3 -5  0 -1 -3 -1 -4 -3  1 -2 -4 -3 -2 -2 -4 -3 -4    0 100   0   0   0   0   0   0   0   0   0   0   0   0   0   0   0   0   0   0  1.43 inf
   64 A    2 -3 -3 -1 -1 -2 -1 -2 -3  3  0 -2  0 -2 -2 -1 -1 -3 -2  4   25   0   0   3   0   0   3   0   0  17   0   0   0   0   0   0   0   0   0  51  0.33 inf
   65 E   -1 -1 -1  1 -3  0  4 -3 -2 -2 -2 -1 -2 -3 -2  0  4 -3 -3  0    0   0   0   7   0   0  39   0   0   0   0   0   0   0   0   0  44   0   0  10  0.47 inf
   66 K    0 -1  1 -1 -2  0  1 -2 -1 -1 -2  1 -2 -3  2  3  1 -3 -2 -1    0   0  10   0   0   0  10   0   0   6   0  12   0   0  12  35  10   0   0   6  0.27 inf
   67 V   -1 -3 -4 -4 -2 -3 -3 -4 -4  3  2 -3  0 -1 -3 -3 -1 -3 -2  5    0   0   0   0   0   0   0   0   0   9  19   0   0   0   0   0   0   0   0  72  0.57 inf

                      K         Lambda
Standard Ungapped    0.1321     0.3102
Standard Gapped      0.0475     0.2670
PSI Ungapped         0.1551     0.3154
PSI Gapped           0.0475     0.2670
