
Last position-specific scoring matrix computed, weighted observed percentages rounded down, information per position, and relative weight of gapless real matches to pseudocounts
           A  R  N  D  C  Q  E  G  H  I  L  K  M  F  P  S  T  W  Y  V   A   R   N   D   C   Q   E   G   H   I   L   K   M   F   P   S   T   W   Y   V
    1 P   -2 -4 -3 -3 -4 -3 -2 -4 -4 -4 -4 -2 -4 -5  8 -2 -2 -5 -4 -4    0   0   0   0   0   0   0   0   0   0   0   0   0   0 100   0   0   0   0   0  2.55 inf
    2 Q    0 -1  4 -1 -4  4  2 -3 -1 -2 -4  3 -3 -4 -3  0 -1 -4 -3 -2    7   0  28   0   0  21  13   0   0   3   0  21   0   0   0   3   2   0   0   3  0.57 inf
    3 P    3 -5 -5 -5  0 -2 -1 -5 -5 -6 -6 -2 -5 -6  7 -2 -2 -7 -6 -5   22   0   0   0   2   1   4   0   0   0   0   2   0   0  65   2   3   0   0   0  1.82 inf
    4 G    3  0 -1 -2 -3  0  1 -1  0 -3 -3  1 -3 -2 -2  1  0  2 -2  1   31   4   2   2   0   4   8   4   3   0   0   7   0   2   1  13   3   3   1  13  0.27 inf
    5 L    0  0  1 -1 -1  0  0 -1  0  1  0  1  0 -2 -2 -1  2 -3 -2  1    7   5   7   2   1   4   5   3   3   9  11  12   2   1   1   2  14   0   0  11  0.07 inf
    6 G   -4 -3  1  1 -7 -4 -5  7 -6 -8 -8 -5 -7 -7 -6 -3 -5 -7 -7 -7    0   2   7   9   0   1   0  80   0   0   0   0   0   0   0   1   0   0   0   0  1.99 inf
    7 R    0  3 -2 -2 -2  2  1 -2  1 -1 -2  2 -1 -3 -4  1  0 -4 -1 -1    6  21   0   1   1  11   9   2   4   4   4  11   2   1   0  10   7   0   3   6  0.28 inf
    8 W   -8 -8 -9-10 -8 -8 -9 -8 -7 -8 -7 -9 -7  3 -9 -6 -8 13  2 -8    0   0   0   0   0   0   0   0   0   0   0   0   0   9   0   1   0  84   7   0  4.42 inf
    9 G   -1 -1 -1  1 -4  0  3  1 -2 -1 -4  0 -2 -3 -4  3  3 -5 -4 -3    4   3   2   9   0   3  18   9   0   3   1   4   1   1   0  24  16   0   0   1  0.41 inf
   10 P    0 -1 -2 -1 -2  0 -1 -1  0  0  1 -2  0  1  4 -1  0 -4 -2  0    7   3   2   4   1   4   5   4   2   5  12   1   2   6  24   4   6   0   1   8  0.26 inf
   11 T   -1 -2 -3 -5 -4 -3 -4 -1 -5  2  2 -1 -1  0  1 -2  2 -4 -3  3    4   2   1   0   0   0   0   4   0  10  21   4   0   4   7   1  15   0   1  26  0.39 inf
   12 I    2 -1 -2 -1 -3  0 -2  0 -1  2  0 -1  0  0  1 -1 -1 -4 -2  1   17   3   1   3   0   5   0   9   2  15  10   3   2   4   8   5   2   0   1  11  0.13 inf
   13 D   -1 -1  2  4 -5 -2  1 -1 -4 -4 -4 -2 -5 -6  4  2 -1 -6 -5 -3    5   3  10  21   0   1   9   4   0   1   1   2   0   0  21  16   3   0   0   1  0.63 inf
   14 L   -1 -4  1 -3 -4 -3 -4 -1 -3  0  2 -3  5  2 -4  1 -2  5  0 -1    3   0   7   1   0   1   0   6   0   4  24   1  18   8   0  12   1   8   3   2  0.52 inf
   15 P   -1 -1  2 -4 -6 -2 -3  1 -3 -2 -4 -2 -1 -6  6  0 -2 -7 -6 -2    5   3  10   0   0   1   2  11   1   2   2   1   1   0  46   8   2   0   0   4  1.04 inf
   16 I   -1 -1 -2 -2 -1 -1 -2  0 -1  2  1 -2  0 -1 -1 -1  1 -1  0  2    4   3   1   1   1   2   1   9   1  16  14   2   2   2   3   3  12   1   3  18  0.15 inf
   17 V    1  2  1 -3 -2 -2 -4 -3 -4  3 -1 -2 -1 -2 -2  1 -2 -1 -3  4   10  11   7   1   1   1   0   1   0  14   3   2   1   1   2  10   1   1   1  33  0.43 inf
   18 P    3  4 -5 -5 -5 -4 -4  0 -5 -6 -5 -3 -5 -5  5  1 -1 -7 -6 -2   22  20   0   0   0   0   0   6   0   0   1   1   0   1  33  10   3   0   0   3  0.99 inf
   19 A    2 -3 -3 -3 -1 -1 -3  0 -1  2  1 -3  3 -2 -2  0  0 -1 -1  2   18   0   0   1   1   3   0   7   2  13  10   0   8   1   1   9   5   1   2  18  0.26 inf
   20 A    2 -2  0 -4 -6 -2 -3 -1  8 -3 -4 -3  5 -5 -4  0 -3 -6 -4 -3   20   1   4   1   0   1   2   5  37   1   1   1  15   0   1   8   1   0   0   1  1.25 inf
   21 A    4 -4 -4 -5 -4 -3 -4 -1  5  0 -2 -4  2 -3 -5  0  2 -5 -3  1   33   1   0   0   0   1   0   5  13   6   4   0   6   1   0   7  14   0   0   9  0.60 inf
   22 A    5 -1 -4 -5 -1 -1 -4  1  0 -1 -3 -4  3 -3 -4  0  0 -5 -1 -3   51   3   0   0   1   3   0  10   2   4   2   0   7   1   1   6   5   0   2   1  0.77 inf
   23 I    1 -3 -1 -4 -4  1 -4 -3 -1  1  2 -4  0 -4 -5 -2  1 -5 -4  4   14   1   4   1   0   8   0   1   2   7  21   0   2   0   0   3   9   0   0  27  0.45 inf
   24 E   -1 -4 -4 -3 -1 -4 -1 -1 -5  1  4 -2  2 -3 -3 -3  0 -5 -4  2    4   0   1   1   1   0   5   5   0   6  42   2   6   0   2   2   6   0   0  16  0.54 inf
   25 P   -2  0 -3 -4 -2 -3 -3 -2 -4 -1  2 -3  4 -2  5 -2 -1 -5 -3  0    3   5   1   1   1   1   2   3   0   2  23   1  11   1  31   2   4   0   1   7  0.70 inf
   26 T   -1  1  0  0  0  0  0 -1  3  0  0  0 -1 -1  1  0  1 -1  0 -1    4   7   6   4   2   4   4   5  10   6   8   6   1   2   8   6   9   1   3   5  0.07 inf
   27 S   -2 -4  5  4 -5 -2 -1  0  2 -4 -5 -3 -5 -4 -3  1  2 -5 -2 -4    3   0  28  24   0   2   4   6   5   1   1   1   0   1   1  10  12   0   2   1  0.78 inf
   28 G   -3 -2  0  0 -7 -2 -4  7 -3 -7 -7 -2 -6 -7 -5 -3 -2 -7 -7 -7    1   2   5   5   0   2   1  75   1   0   0   2   0   0   0   2   3   0   0   0  1.77 inf
   29 R   -5  4  1 -1 -7  1 -2 -5  1 -4 -4  6 -3 -5 -5 -2 -1 -7 -5 -3    0  24   6   3   0   5   1   0   3   1   2  46   1   0   0   3   3   0   0   2  1.14 inf
   30 V   -2 -5 -7 -6 -3 -5 -6 -7 -7  4  1 -4 -2 -2 -4 -6 -4 -6 -2  6    3   1   0   0   0   0   0   0   0  19  13   1   0   2   1   0   0   0   1  57  1.36 inf
   31 L   -3 -5 -4 -6 -5 -3 -5 -6 -3  2  4 -5  3  2 -6 -3 -1 -2  3  2    1   0   1   0   0   1   1   0   1  11  38   0   7   8   0   1   3   0  11  15  0.79 inf
   32 M    1 -5 -5 -6 -2 -5 -5 -5 -5  3  2 -5  3  4 -5 -2  0 -4 -2  3   12   0   0   0   1   0   0   0   0  13  19   0   8  15   0   2   6   0   1  21  0.66 inf
   33 W    0 -5 -5 -4 -4 -5 -3 -3 -4  2  1 -5  2  4 -5 -2  0  6  2  2    7   0   0   1   0   0   2   2   0  10  10   0   5  19   0   3   5  11   7  17  0.66 inf
   34 S    1 -2 -2  3  0 -4 -2  5 -5 -5 -5 -3 -5 -6 -4  3 -2 -6 -5 -5   12   2   1  14   2   0   3  41   0   1   1   1   0   0   1  19   2   0   0   0  0.90 inf
   35 S    2  0 -3 -3 -4 -3 -2  5 -4 -4 -5  1 -3 -4 -4  1  0 -2 -3 -4   15   5   1   1   0   0   2  46   0   1   1   8   1   1   1   9   7   1   1   1  0.81 inf
   36 Y    0 -2  0  0 -1 -2 -2 -1 -1 -3 -2 -1 -2  1 -1  2  1  6  3 -1    6   1   4   5   1   2   3   5   2   1   4   3   1   7   3  17   8  11  12   6  0.31 inf
   37 R    0  0  0  2 -2  0  0  3  0 -1 -3  0 -3 -3 -1  1  0 -1 -2 -1    7   5   5  10   1   4   7  21   2   4   2   5   0   1   3  12   6   1   1   4  0.18 inf
   38 N   -2  1  4  1 -3  1 -2  0 -1 -3 -3  0 -2 -1  3  0  0 -3 -1 -1    2   9  21   7   0   6   2   7   1   2   2   5   1   3  13   5   7   0   2   5  0.31 inf
   39 D   -1  0  1  3 -2 -1  0  1 -2 -1 -2 -1 -1 -1 -1  0  1 -1  1 -1    3   4   8  21   1   2   6   9   1   4   4   2   1   2   3   7   8   1   7   5  0.18 inf
   40 A    1  1  0  1 -3  2  1 -1  0 -1 -2  0 -2 -3  0  1  2 -3 -1 -1   10   7   4   6   0  10  10   5   2   3   2   3   1   1   5  13  12   0   2   4  0.15 inf
   41 F    0  0 -1 -1 -1  0  0 -1 -1 -1  0 -1 -1  4  0  0  0  1  1  0    8   5   3   3   2   5   5   4   1   2   8   4   1  20   4   8   5   2   5   7  0.11 inf
   42 G    0 -1  2  0 -3  0  0  3  0 -1  0 -1  0 -2  1 -1  0 -2 -2 -1    6   4  11   4   0   4   5  22   3   4  10   4   3   2   6   4   6   1   1   3  0.14 inf
   43 G    0 -1  2 -1 -3  0 -2  3 -1 -1 -1 -1 -1  1 -2  1  0 -3  0 -2    7   4  11   4   0   3   2  24   1   4   5   3   1   8   2   9   5   0   3   3  0.20 inf
   44 S    0 -1  1  1 -2  0  0  1 -1 -1 -1 -1 -1  0 -1  2  1 -3 -1 -1    9   2   5   8   1   3   6  11   2   4   6   2   1   5   3  15  12   0   2   4  0.10 inf
   45 P    1  0  2  1 -1  2  0 -2 -2 -2 -2 -1  0 -3  3 -1  0 -3 -3  0   12   6   9   8   1  10   7   3   1   2   3   3   2   1  17   4   5   0   1   7  0.25 inf
   46 G   -1 -2  1  2  0 -1 -1  4  0 -3 -3  0 -3 -3 -1  1 -1 -2 -1 -3    4   2   8  10   2   2   4  34   2   2   3   5   0   1   3  11   4   1   2   2  0.41 inf
   47 G    0 -1  0  0  3 -1 -1  3  0 -2 -3  1 -2 -3 -1 -1  0 -1 -1 -1    8   3   5   6   7   2   4  28   3   2   2   8   1   1   3   4   6   1   3   4  0.25 inf
   48 I   -1  0 -1 -2 -1  1 -1 -2 -1  0  1  1  0  1 -1 -1  1  2  2  0    4   4   3   1   1   6   3   3   2   6  19   9   2   6   2   4  10   3   7   6  0.07 inf
   49 T    2  1 -1 -1  0  0 -2 -2 -2 -2 -2  0 -1  1 -3  1  4 -4  0 -1   17   6   3   4   2   3   2   2   1   2   4   5   1   6   0   8  27   0   3   3  0.29 inf
   50 L    0 -1  0 -1 -2  1 -1 -1  4 -2 -1 -1 -1  0 -2  1  1  3  2 -1    6   3   4   4   1   6   3   4  13   2   6   2   1   4   1  14   9   4   9   4  0.21 inf
   51 T    2 -3 -2 -2 -2 -3 -2 -2 -1  0 -1 -3  0 -1 -2  3  3 -4  1  2   15   1   2   1   1   0   2   2   1   4   5   1   2   3   2  21  18   0   6  13  0.34 inf
   52 S    2  0 -3  1 -3 -2  4 -1 -3 -3 -3 -2 -4 -2 -3  0  0 -5  0  2   17   4   1   9   0   1  28   4   0   1   2   1   0   1   1   8   5   0   4  14  0.41 inf
   53 S   -2 -1 -4 -2  2 -2  1 -5 -4  2  2 -2  2 -1 -3 -2 -1  1 -3  3    3   4   0   3   5   1  10   0   0  12  22   3   5   3   1   3   3   2   0  19  0.31 inf
   54 W   -7 -7 -5 -8 -7 -5 -6 -8 -5 -4 -1 -7  0  5 -8 -6 -7  8  8 -6    0   0   1   0   0   0   0   0   0   1   6   0   2  23   0   1   0  20  45   0  2.37 inf
   55 D   -6 -4  4  7 -8 -4 -3 -6 -3 -6 -6 -4 -3 -6 -6 -1 -2 -8 -5 -5    0   1  17  67   0   0   1   0   1   0   1   1   1   0   0   5   3   0   0   1  2.00 inf
   56 P   -3 -6 -4 -5 -4 -4 -5 -7 -5  0  0 -6  0 -2  8 -2 -4 -5 -1 -2    2   0   1   1   0   1   1   0   0   6  10   0   2   2  65   3   1   0   2   4  1.80 inf
   57 S    2  1  1  0 -3  0  0 -1 -2  0 -1  0 -2 -1 -3  1  0 -1 -1  0   21   7   8   4   0   5   6   3   1   5   4   6   1   2   1  11   6   1   2   8  0.13 inf
   58 T    0 -2  0 -1 -5 -4  0 -3 -3 -3 -1 -2 -3 -6 -3  2  6 -3 -6 -4    7   2   5   3   0   0   5   2   1   1   7   3   1   0   1  12  50   0   0   1  0.93 inf
   59 G   -3  0  5  2 -5  0 -2  4  1 -7 -5  0 -6 -7 -4 -2 -2 -3 -4 -6    2   5  31  10   0   4   2  31   3   0   1   5   0   0   0   2   2   0   1   0  0.95 inf
   60 I    0  0 -1 -2 -5  1  1 -1 -3 -1 -2  2 -3 -2 -3  1  4 -2 -3 -1    8   5   2   1   0   8   8   4   0   3   3  10   0   2   1  11  27   1   0   4  0.34 inf
   61 V   -1 -2 -5 -6 -6 -4 -6 -3 -4  1 -1 -6 -5  3 -5 -1 -4 10 -1  2    6   2   0   0   0   1   0   3   0   9   7   0   0  12   1   6   1  37   2  13  1.53 inf
   62 S    0  3 -1 -2 -3  0 -1 -3 -2 -2 -2  1  0 -3 -1  2  3 -5 -2 -1    7  16   2   1   0   3   3   1   1   2   3  10   3   1   3  14  22   0   2   5  0.36 inf
   63 D    1  0  1  0 -4  2  0 -2  1 -2 -3  0 -3 -1  4  0  0  0  0 -3   11   4   7   5   0   9   5   2   3   2   2   6   0   3  21   7   5   1   4   1  0.33 inf
   64 R    1  1 -2 -2  0 -2 -2  0 -3  0  2 -1  1  0 -2 -1  1  1  0  1   14   9   1   2   2   1   2   6   0   4  22   3   4   3   1   2   8   2   4   9  0.12 inf
   65 T    1  0  0 -2 -3  0  0  0  2 -1 -1  0  0  0  3  0  1 -2 -1 -1   13   6   5   2   0   3   5   7   5   5   4   4   3   4  13   6  10   1   2   4  0.12 inf
   66 V   -1 -3 -2 -1 -2  0  0 -1 -2  1  0 -2  1 -3  2  1  0 -4  0  2    5   1   1   4   1   4   7   4   1   9  10   2   3   0  12   9   5   0   3  18  0.18 inf
   67 T   -1 -3 -2 -1 -4 -1 -4 -2 -4  2  2 -3  6  0  1  0  1 -4 -2 -1    6   1   1   3   0   2   1   3   0   9  16   2  25   4   6   7  10   0   1   2  0.50 inf
   68 V   -1  0  4  1 -1 -1  0 -1  1 -1 -1 -1 -2 -1  2  1  0 -3  0 -2    4   5  19   6   1   2   6   4   4   4   8   3   0   3  10  10   5   0   3   3  0.18 inf
   69 T    0 -2 -1 -1 -3  0 -1 -2 -1 -1 -1 -2  0 -1 -1  0  5 -2  0  0    6   1   3   3   0   4   4   3   1   3   7   2   2   3   3   7  36   0   3   8  0.39 inf
   70 K    0  3 -1 -2 -2  1 -1  0  0 -2 -3  2 -2 -3  4 -1  0 -4 -1 -2    7  15   3   2   1   6   2   8   3   3   2  11   1   1  21   3   5   0   2   2  0.38 inf
   71 H   -3  5 -1 -1 -5 -3 -3 -4  5 -4 -3 -2 -4 -1 -2 -1  4  2  0 -2    2  29   2   3   0   1   1   1  11   1   2   2   0   2   2   5  26   3   3   3  0.82 inf
   72 D   -1 -1  4  5 -2 -1 -1 -1  1 -4 -4 -1 -4 -4 -3  0 -2 -4 -1 -3    5   4  17  38   1   3   4   5   3   1   2   3   0   1   1   8   2   0   2   2  0.75 inf
   73 M    0  0 -1 -2 -3 -1 -2  0  1  0  1 -2  4 -1 -1  0  2 -3 -1  1    7   6   2   2   0   2   2   6   3   4  12   2  12   2   2   7  15   0   1  11  0.16 inf
   74 F   -2 -2 -3 -4 -4 -2 -3 -3  3 -3 -1 -3 -2  7 -3 -3 -2  7  2 -3    3   2   1   1   0   2   2   3   7   1   5   1   1  43   2   2   3  14   5   2  1.23 inf
   75 C    0 -4 -2 -3 10 -2 -4 -1 -3 -4 -4 -4 -4 -4 -4 -3 -1 -4  0 -2    6   1   2   2  62   2   1   5   1   1   2   1   0   1   1   2   5   0   3   2  2.25 inf
   76 P    3 -3 -3 -4  1 -4 -3 -3  0 -4 -4 -2  0 -5  3  4 -1 -5 -3 -2   26   2   1   1   3   0   2   2   2   1   1   2   2   0  13  34   4   0   1   3  0.75 inf
   77 G    1 -4 -3 -4 -4 -5 -5  5 -1 -6 -5 -4 -3 -6 -5  3  0 -6 -6 -3   13   1   1   1   0   0   0  45   2   0   1   1   1   0   0  25   6   0   0   2  1.11 inf
   78 I    1 -4 -2 -4 -4  0 -4  4  4  1 -1 -4 -1 -2 -3 -1  0 -5 -3  2   11   0   1   0   0   5   1  28  11   7   7   1   2   1   1   3   5   0   1  14  0.49 inf
   79 S    3 -3 -1 -4 -2  1 -3 -1 -5  0  0 -3 -1 -4 -5  2  2 -6 -4  2   22   1   3   0   1   5   1   5   0   4   9   0   2   0   0  16  15   0   0  14  0.40 inf
   80 M    0 -2 -1 -5 -1  0 -3 -4  0  0  2 -3  2  4 -3 -1  0 -4  0  3    8   2   3   0   1   6   1   1   3   4  16   1   6  15   1   4   7   0   3  19  0.33 inf
   81 D   -2 -4 -4  1 -5 -3 -4 -5 -5  0  5 -4  3 -2 -5 -3 -1 -5 -3  0    3   1   1   9   0   1   1   1   0   4  59   1   6   1   1   2   3   0   1   5  0.98 inf
   82 G    2 -1 -1 -1 -2 -1 -2  2 -2 -3 -3 -2 -1 -3  5  1 -2 -1 -3 -2   20   3   2   4   1   2   3  14   1   2   3   2   1   1  25   9   2   1   1   3  0.48 inf
   83 N   -5 -6  5  7 -7 -5 -1 -4 -5 -6 -7 -3 -7 -4 -5 -1 -2 -7 -7 -5    1   0  27  54   0   0   3   2   0   1   0   1   0   1   1   5   3   0   0   1  1.78 inf
   84 G   -4 -5 -3 -4 -7 -3 -5  7 -2 -6 -7 -2 -7 -7 -6 -4 -5 -7 -5 -7    1   1   1   1   0   1   1  85   1   1   0   3   0   0   0   1   1   0   1   0  2.28 inf
   85 Q   -3  5  2 -2 -6  0 -3 -5 -1 -4 -2  3  0 -1 -5  0  2 -6 -2 -2    2  27   9   2   0   4   1   1   2   1   4  17   2   3   0   7  14   0   2   4  0.60 inf
   86 I   -3 -6 -7 -4 -6 -1 -5 -6 -7  4  4 -6  3 -1 -7 -6 -4  3 -2  4    2   0   0   1   0   3   1   0   0  20  35   0   6   2   0   0   0   3   1  24  1.03 inf
   87 V   -2 -7 -7 -8 -6 -6 -7 -6 -3  1  4 -7  1  2 -7 -5 -2 -3  6  3    4   0   0   0   0   0   0   1   1   8  32   0   3   9   0   1   2   0  22  18  1.07 inf
   88 V    2 -5  0 -4 -5  3 -5 -4 -6  3 -1 -5 -4 -1 -6 -1  0 -6 -3  5   15   0   4   1   0  13   0   1   0  13   5   0   0   3   0   4   6   0   1  33  0.72 inf
   89 T    2 -6 -4 -6 -3 -3 -6 -3 -6  2  0 -5  1  1 -5  0  4 -6 -3  4   14   0   1   0   1   1   0   2   0  11   7   0   3   5   0   6  24   0   1  25  0.68 inf
   90 G   -3 -9 -7 -8 -9 -8 -9  8 -9-10-10 -8 -9-10 -4 -2 -8 -9-10-10    2   0   0   0   0   0   0  94   0   0   0   0   0   0   1   3   0   0   0   0  2.90 inf
   91 G   -5 -9 -7 -8 -4 -9 -7  8 -9 -4 -9 -8 -9 -5 -6 -4 -8 -9-10 -7    1   0   0   0   0   0   0  94   0   1   0   0   0   1   0   1   0   0   0   1  2.86 inf
   92 N   -2  0  3  3 -3 -1 -1 -2  3 -3 -4 -2  0  1 -4  1  0  3  2 -3    4   4  16  17   1   3   4   3   8   1   2   2   3   6   1   9   6   3   8   1  0.41 inf
   93 D    0 -3  3  4 -2 -1 -1  2 -4 -3 -4  0 -5 -2 -3  2  0 -6 -3 -4    7   1  13  22   1   3   3  15   0   2   2   6   0   2   1  15   5   0   1   1  0.49 inf
   94 A    2  0 -1  1 -5 -1  1  2  0 -4 -2 -1 -2 -3 -2  2  0 -3 -4 -2   17   5   2   8   0   2   9  18   2   1   4   3   1   1   1  16   6   0   0   3  0.29 inf
   95 K    0  1  2  0 -4 -1  0  1 -1 -2 -3  2 -2 -1  1  1  1 -5  0 -2    8   9   8   5   0   2   6  11   1   2   1  12   1   2   6  13   8   0   3   3  0.19 inf
   96 K    0  1  0  2 -3  0  0  0 -1 -3 -2  1 -2 -4 -1  2  1 -5 -4 -1    7   7   5  10   0   3   7   9   2   1   3  10   1   1   2  18   8   0   0   6  0.21 inf
   97 T    2 -3 -2 -5  0 -5 -5 -3 -2  0 -3 -2  0 -5 -2  0  4 -6  1  4   14   1   2   0   2   0   0   3   1   4   2   3   2   0   2   7  23   0   5  28  0.61 inf
   98 S   -1  2 -1  0 -2 -2  4 -4 -1 -3 -2 -1 -2 -3 -3  2  1  1  2 -2    4   9   3   5   1   1  28   1   1   1   3   4   1   1   1  14   8   2   8   3  0.43 inf
   99 L   -1  1 -4 -3  3 -4 -2 -5 -5  3  2 -2  1  0 -4 -3  0 -1  0  3    5   8   1   1   6   0   3   1   0  19  16   2   4   3   1   2   5   1   3  20  0.44 inf
  100 Y   -6 -3 -4 -5 -4 -4 -8 -3 -3 -5 -1 -6 -4  6 -4 -6 -4  1  8 -4    1   2   1   1   0   1   0   3   0   0   7   0   0  28   1   1   1   1  48   1  1.98 inf
  101 D   -3 -3  3  7 -4 -4 -2 -4 -2 -7 -5 -4 -2 -4 -4 -1  0  1 -4 -6    2   1  13  59   0   1   2   1   1   0   1   1   1   1   1   5   5   2   1   1  1.54 inf
  102 S   -2 -5 -5 -5 -2 -5 -4 -1 -4 -5 -1 -4 -2 -2  7  0 -2  0 -3 -3    4   1   1   1   1   1   1   6   0   1   6   1   1   2  60   6   3   1   1   3  1.57 inf
  103 S    2  1 -2  1  4  0  0 -2 -1 -1 -1  0 -1  0 -3  1  0 -1 -2  0   16   9   1   8   8   5   6   3   2   4   5   5   1   5   1   9   6   1   1   6  0.13 inf
  104 S    0 -1  0  0 -1 -1 -2 -1 -3 -3 -2  0 -2 -4 -5  1  5 -6 -4 -3    9   4   5   5   1   3   2   5   1   1   4   6   1   1   0   9  41   0   0   1  0.64 inf
  105 D   -3 -1  5  4  3  0  0  2  0 -6 -5 -1 -4 -7 -3 -1 -3 -2 -6 -6    2   4  23  24   5   4   7  15   2   0   1   3   0   0   1   5   1   1   0   0  0.81 inf
  106 S   -1  1 -1  2 -4  1  0 -1 -1 -2 -3  1 -2 -5 -2  1  3  0 -5 -1    5   7   3  12   0   5   4   5   1   2   2   9   1   0   2  12  22   2   0   5  0.31 inf
  107 W   -5 -5 -9-10 -9 -8 -9 -5 -8 -6 -2 -6 -5  0 -7 -1 -8 12  2 -5    1   1   0   0   0   0   0   1   0   0   4   1   0   4   0   5   0  75   5   1  3.79 inf
  108 I   -1  0 -1 -2 -4 -1  0 -5  0  2 -2  0  1 -3 -5  1  3 -3 -2  2    4   6   3   2   0   2   8   0   3  12   2   5   3   1   0  12  21   0   1  15  0.33 inf
  109 P    0  1 -2 -1 -2  1  3 -3 -1 -3 -1  0  0 -1  3  0  1 -1 -3 -2    6   9   2   2   1   6  19   2   2   1   6   6   2   2  14   8   7   1   1   3  0.27 inf
  110 G    1 -2  0 -2  0 -2 -2  2 -2  1  1 -2  0 -1 -3  0  1 -4 -1  2   10   1   5   2   2   1   2  14   1   8  13   1   2   3   1   5  10   0   2  16  0.17 inf
  111 P    3 -2  2 -1 -2 -1 -2  1  0 -5 -4 -1 -2 -4  4  0  0 -6 -1 -2   23   2   8   3   1   2   2  12   2   0   2   4   1   1  22   6   6   0   2   2  0.50 inf
  112 D   -1 -1  3  3 -3  1  0 -2 -1 -5 -4 -1 -2 -5  4  2 -1 -7 -5 -6    6   4  13  17   1   6   5   3   1   0   1   3   1   1  17  17   4   0   0   0  0.56 inf
  113 M   -4 -7 -8 -6 -7 -5 -8 -6 -8 -3  4 -6 10 -3 -2 -6 -4 -7 -7 -3    2   0   0   0   0   0   0   1   0   1  33   0  56   1   2   1   1   0   0   1  2.40 inf
  114 Q    1  0  3 -3 -4  2 -1 -3  1 -1 -1  0 -3 -5  1  2  1 -2 -3 -3   13   5  15   1   0  10   3   2   3   4   5   6   0   0   8  14   8   1   1   1  0.30 inf
  115 V    1  0 -1  0 -1  0  1 -1  0  1 -2 -1  0 -1 -3  1  2 -1  0  1   10   4   3   5   1   5   9   4   2   7   2   3   3   3   0   8  15   1   3  12  0.11 inf
  116 A    2  3 -2 -2  0  0 -2  2 -2 -4 -5  1 -4 -5  4  0 -3 -6 -4 -4   17  14   2   2   2   5   2  18   1   1   0   7   0   0  19   6   1   0   1   1  0.55 inf
  117 R   -7  9 -7 -3 -9 -5 -6 -6  1 -6 -8 -2 -7 -9 -8 -5 -5 -9 -4 -6    0  89   0   2   0   0   0   1   3   1   0   2   0   0   0   1   1   0   1   1  2.92 inf
  118 G    0  1 -3 -4  2 -2 -4  1  0 -3 -2 -4 -3 -3 -7  1 -4 10  1 -5    8   7   1   1   4   2   1  11   2   2   4   1   1   1   0  10   1  39   4   1  1.54 inf
  119 Y   -2  1 -2 -3 -2 -2 -2 -1  1 -5 -2 -4 -3 -1 -6 -1 -2  0  8 -4    3   7   2   2   1   2   3   6   3   0   4   1   1   2   0   6   3   1  52   1  1.37 inf
  120 Q    3 -4 -2 -3  0  2 -4 -2  5 -3 -2 -4 -1  0  4  0 -3 -6 -4 -1   21   0   2   1   2   8   1   3  15   2   5   0   1   5  23   6   1   0   0   4  0.72 inf
  121 S    1 -1 -2 -5 -1  0 -4  3 -6 -5 -5 -4 -3 -3 -6  3  5 -7 -6 -2   10   3   1   0   1   4   1  19   0   0   1   0   1   1   0  24  30   0   0   3  0.85 inf
  122 S    3 -5  2 -3 -2  0 -4  0 -5 -1  1 -4  1 -3 -3  1 -1 -6 -4  2   24   0  10   1   1   4   0   6   0   3  12   0   4   1   1  11   4   0   0  17  0.39 inf
  123 A    3 -5 -4 -5  0  3 -1 -2  1 -1 -2 -4  1 -5 -5 -1  3 -6 -5  3   22   0   0   0   2  13   4   3   4   4   4   0   3   0   0   4  19   0   0  18  0.56 inf
  124 T    1 -1 -3 -5 -2 -3 -3 -3 -3  2  1 -2 -1 -2 -2 -2  4 -6 -5  3    9   4   1   0   1   1   1   1   1  11  13   2   1   1   2   2  25   0   0  23  0.54 inf
  125 M   -3 -7 -8 -8 -1 -2 -6 -4 -5  0  6 -7  3 -2 -7 -5 -2 -6 -3  0    3   0   0   0   1   2   1   1   0   4  70   0   6   2   0   1   2   0   1   6  1.44 inf
  126 S    2 -2 -1  0 -3 -1 -1  1 -1 -3 -3 -1 -1 -3  5  1 -2 -2 -3 -2   15   2   2   6   0   2   4  13   1   1   3   4   2   1  25  12   2   1   1   3  0.44 inf
  127 D   -5 -5  5  7 -3 -4 -2 -2 -3 -5 -7 -5 -7 -7 -6 -1 -2 -7 -7 -5    1   1  27  52   1   1   3   4   1   1   0   0   0   0   0   4   3   0   0   1  1.74 inf
  128 G   -4 -4  0 -4 -3 -1 -3  7 -3 -7 -7 -3 -6 -7 -6 -4 -5 -6 -6 -7    1   1   4   1   1   3   2  80   1   0   1   2   0   0   0   1   1   0   0   0  2.08 inf
  129 R   -3  4  0  0  0  1  0 -4  1 -4 -3  3  0 -1 -2  1  1 -6 -1 -5    1  24   3   5   2   5   5   1   4   1   2  18   2   2   2  12   8   0   2   0  0.53 inf
  130 V   -3 -4 -5 -7 -6  1 -6 -6 -2  5  1 -5  1  1 -7 -4 -4 -3 -2  5    2   1   0   0   0   6   0   0   1  30  13   1   3   5   0   1   0   0   1  34  1.07 inf
  131 F   -3 -7 -7 -8 -3 -7 -7 -8 -5  3  2 -7  2  5 -8 -7 -3  1  6  0    3   0   0   0   1   0   0   0   0  17  21   0   5  20   0   0   2   2  25   5  1.27 inf
  132 T    2 -6 -5 -7 -2 -5 -6 -5 -6  4 -2 -6 -2 -3 -4 -2  0 -6  0  5   17   0   0   0   1   0   0   1   0  21   3   0   1   1   1   3   6   0   3  41  1.05 inf
  133 I    1 -6 -4 -7  1 -5 -6 -3 -6  4  1 -6  3  1 -6 -3 -1 -6 -5  4    9   0   1   0   3   1   0   2   0  24  12   0   7   6   0   1   4   0   0  30  0.85 inf
  134 G   -2 -7 -6 -7 -2 -7 -5  7 -7 -8 -8 -7 -4 -4 -3  1 -6 -8 -8 -3    3   0   0   0   1   0   1  78   0   0   0   0   1   1   2  12   0   0   0   2  2.13 inf
  135 G   -6 -3 -6 -4 -8 -4 -8  8 -8 -9 -9 -7 -8 -8 -8 -5 -7 -8 -8 -8    0   2   0   1   0   1   0  93   0   0   0   0   0   0   0   1   0   0   0   0  2.82 inf
  136 S   -1  3  0 -2 -1 -1  0  0 -1 -1  0 -2 -1  0 -3  2  1  1 -1 -2    5  18   3   2   1   2   6   7   1   3  11   1   1   5   1  19   7   2   2   2  0.22 inf
  137 W   -2  2  1  3 -3 -1 -2  0 -1 -1 -1 -2 -3  1 -2 -1 -1  5  3 -1    2  10   7  15   0   2   2   8   1   3   6   2   0   7   2   4   4   8  11   5  0.31 inf
  138 S    1 -2  3  3 -4  1  1  0  0 -2 -3 -1 -2 -4 -2  2 -1 -3 -2 -1    9   1  12  18   0   6   7   7   2   2   3   3   1   1   2  16   4   0   1   5  0.30 inf
  139 G   -2 -3  2  1 -3  0 -3  5 -1 -4 -4 -4 -3  0 -4  0 -1 -3 -3 -1    3   2  10   9   1   4   2  42   1   1   2   1   1   4   1   7   5   0   1   5  0.71 inf
  140 G    0 -2  1  0 -2  0 -2  4 -1 -3 -2 -2 -2 -1  0  1  0 -1  0 -3    8   2   7   4   1   4   3  30   1   1   4   3   1   2   4  13   5   1   4   2  0.34 inf
  141 V    0  1  0  0 -1  1  0 -1 -1 -1 -1  0 -2 -1 -1  1  1  1  1  0    7   8   4   4   1   5   7   5   1   4   5   5   0   3   3  10  12   2   6   8  0.06 inf
  142 F   -1  0  0 -1 -1 -2  0  1 -1  1 -1 -1 -1  1  1  0 -1  1  1  1    5   7   5   3   1   1   5  12   1   9   4   3   1   8   8   5   3   2   7  10  0.07 inf
  143 E   -2 -2  3  0 -3 -1  0  0 -1 -1  3 -2  0 -1  0  0  0 -4 -2 -1    3   2  14   5   1   2   7   8   1   3  27   1   2   2   5   6   6   0   1   5  0.20 inf
  144 K    1  1  3 -1 -3 -1 -2  0 -2 -2 -2  1 -2  1  3  1 -1 -4 -2 -1   10   7  13   3   0   2   2   7   1   2   4   9   1   6  15  10   4   0   1   5  0.24 inf
  145 N   -1 -3  4  1 -1 -1 -2 -2 -2 -2 -3 -1 -3 -1 -3  3  4 -5 -2 -1    4   1  16   7   1   3   2   2   1   2   2   4   1   3   1  19  23   0   1   4  0.48 inf
  146 G    1 -4  1 -4 -1 -3 -4  1 -4 -1 -1 -3  1 -2  2 -2  1 -4  2  3   14   0   8   1   1   1   1  10   0   3   4   1   3   1   9   3   8   0   8  24  0.36 inf
  147 E   -4 -3 -3 -2 -6  0  7 -5 -3 -6 -5 -2 -4 -2  1 -4 -4 -1 -3 -4    1   1   1   2   0   4  69   1   1   0   2   2   0   2   6   1   1   1   1   2  1.68 inf
  148 V   -2  2 -1 -4  3 -2 -2 -4 -3  2  1 -2  1  2 -4 -1  0 -1  0  2    2  13   3   0   6   1   2   1   0  14  12   2   4   7   0   4   7   1   3  17  0.30 inf
  149 Y   -5 -6 -6 -7 -6 -6 -6 -5 -2 -3 -2 -5 -5  5 -7 -3 -3  5  8 -3    1   0   0   0   0   0   0   1   1   2   5   1   0  21   0   2   2   8  52   2  2.08 inf
  150 S   -4 -2  3  6 -3 -2  0 -5 -2 -4 -3 -3 -3 -5  1  1 -2 -3 -4 -1    1   2  13  43   1   2   6   0   1   1   3   1   1   1   6  10   3   1   1   5  0.96 inf
  151 P   -2 -4 -3 -4 -4 -1 -4 -5 -3 -1 -3 -2 -4 -4  7 -2 -1 -4 -3 -1    4   1   1   1   0   4   1   1   1   4   4   3   0   1  60   3   5   0   1   4  1.54 inf
  152 S    2  1  1  0 -3  0  1 -1  0 -2 -1  1 -1 -2 -2  0  1 -4 -2  0   18   7   7   6   0   3   8   5   2   2   5  11   1   2   2   7   7   0   1   7  0.12 inf
  153 S    0 -1  2  1 -1 -2  0  0 -1 -2 -2 -1 -1 -1 -2  1  4  0  1 -2    6   3   8   7   2   1   5   7   1   2   4   3   1   3   2   9  26   1   5   2  0.26 inf
  154 K   -1  1  3  2 -5  2  1  2  0 -3 -3  1 -1 -5  1 -1 -2 -5 -1 -3    5   6  15  12   0   8   7  15   2   2   3   7   2   0   6   4   2   0   2   2  0.29 inf
  155 T    0  1  2  0  0  1  0  0  0 -2 -3  1 -1 -2 -1  1  2 -4 -1 -1    6   7   9   5   2   6   6   8   2   2   2   9   1   2   3   9  15   0   2   4  0.14 inf
  156 W   -2 -2 -1 -2 -6 -5 -2  0 -5 -2 -2 -5 -5  1 -6 -2 -3 11  0 -3    4   3   3   2   0   0   3   9   0   3   5   1   0   6   1   3   2  50   3   2  2.05 inf
  157 T   -1  1  0 -2 -1  0  0 -1 -1 -1 -2  0 -1  0  1  1  3 -3 -1 -1    4   9   5   2   1   5   7   5   2   4   3   5   2   4   7  11  17   0   2   4  0.14 inf
  158 S    0 -1 -1 -1 -1  0 -1 -1 -1 -1  0 -1  1  1  2  0  2  0  0  0    9   3   3   3   1   4   3   4   1   3   8   4   4   7  12   8  12   1   3   7  0.11 inf
  159 L   -1 -1 -1 -1  0 -1 -1 -1  1  1  2 -1  1  1 -3 -1  0 -2  0  1    6   3   3   3   2   3   3   5   4   7  25   4   4   5   1   3   4   0   4   8  0.10 inf
  160 P    0 -1  0 -1 -4 -1 -1  1 -1 -4 -3 -1 -1 -4  6  1 -1 -4 -1 -2    7   3   5   4   0   3   3  10   1   1   3   3   2   1  35  11   4   0   2   3  0.65 inf
  161 N    0  0  0  0 -2  1  0  0  1  0 -1  0  1  0  1  0  0 -2  1  0    6   6   5   6   0   5   6   6   5   6   6   6   5   5   6   6   6   0   5   6  0.03 inf
  162 A    1  0  0 -1  1  0 -1 -1 -2  0  0 -1  2  0  0  0  0  2  0  0   13   4   4   4   3   3   4   5   0   5   8   3   7   4   5   6   7   4   4   6  0.04 inf
  163 K   -2  2  0  0 -2  0  0  0 -2 -2  0  1 -1  0  2  0  0 -1 -1  0    3  10   4   5   1   5   6   6   1   2   8   9   1   4   9   8   5   1   3   8  0.09 inf
  164 V    1 -2 -1 -2 -1 -1 -1 -1 -1  1  0 -1  2  0 -2  0  0 -4 -1  3   10   3   3   3   1   3   3   5   2   6   8   4   5   4   2   8   7   0   3  20  0.17 inf
  165 N    0  0  2  0 -2 -1  0 -1 -1 -2 -1  0  0  2  1  1  1 -1 -1 -2    9   5   9   5   1   3   7   5   2   2   6   5   2   9   7  11   8   1   2   3  0.12 inf
  166 P   -1  2 -2  0 -7 -3 -2 -4 -3 -2 -1 -3  2 -2  6 -1 -1 -1 -1 -1    6  12   3   5   0   2   4   2   1   3   6   2   4   2  33   5   4   1   2   4  0.68 inf
  167 M    0 -1 -2 -3  0 -2 -3 -1 -2  1  1 -1  5  1  1  0  0 -5 -1  0    8   4   2   2   2   2   2   5   1   6  13   4  14   6   7   6   7   0   2   6  0.25 inf
  168 L    0  0  0 -3 -2  1 -2 -2  0 -1  3 -2  1  2 -2  0 -1 -2  1  0    7   5   4   1   1   7   2   4   3   3  22   3   3   8   2   8   4   1   5   7  0.19 inf
  169 T   -1  0  1 -1 -1 -3 -1 -1 -2 -2  1 -4  2 -1  1  1  4 -6 -1 -1    5   4   6   4   1   1   4   6   1   2  11   1   4   3   7  10  22   0   3   5  0.28 inf
  170 A    2  1  0  1 -2  0  0  0  1 -2 -3 -2 -1 -1  1  0  1  2 -1  0   17   6   5   7   1   4   6   7   3   3   3   3   2   2   7   7   7   3   3   6  0.12 inf
  171 D    0  1  1  4  0 -1 -1 -2 -2 -2 -2 -1 -3  1 -3  1  0  1  0  0    7   6   5  21   2   3   4   3   1   2   4   3   1   6   2  10   6   2   3   8  0.25 inf
  172 K    0  0  1 -2  0  0 -1  2  1 -2  0 -1  0 -1  2  0  0  1  0 -1    9   6   6   2   2   4   3  14   3   2   8   3   2   3  10   7   7   2   4   4  0.10 inf
  173 Q    0  1  0  1 -1  0  1  0 -1 -2  0 -1 -1 -2 -2  0  0  3  0  0    9   7   5   9   1   4  10   8   1   2  10   4   2   2   2   7   5   4   3   7  0.08 inf
  174 G    0  0  1  1  0 -1 -2  4 -1 -2 -1 -1 -2 -2 -1  0 -3 -4  0 -2    8   6   8   8   2   3   3  25   1   3   6   4   1   2   4   8   2   0   3   4  0.27 inf
  175 L    0 -1 -1 -2 -2 -2 -3 -1 -2  2  2 -2 -1 -1  1 -2  1 -2 -1  2    9   4   3   3   1   2   2   5   1  10  19   3   2   3   7   3   7   1   2  14  0.18 inf
  176 Y    0 -4 -2 -2  0  0 -2  0  0 -2  0 -3 -1  2 -3 -2  0  3  5  0    9   1   2   3   2   4   3   8   2   2   9   2   1   8   2   3   7   3  20   7  0.42 inf
  177 R    0  2  0  0 -1 -1  0  1 -1 -2 -1 -1  0 -2  2 -1 -1 -3  0  0    8  14   4   5   2   2   8  12   1   2   6   3   2   1  10   4   3   0   3   8  0.12 inf
  178 S    1 -1  2  0 -1 -1 -1  1  0 -1  0 -2 -1  0  1  1  0 -3  0  0   13   3  12   6   1   2   3  10   2   4   8   2   2   4   6   8   4   0   3   5  0.08 inf
  179 D    0 -2  4  4 -2  0 -1  0  0 -1 -1 -2 -2 -3 -2 -1  0 -4 -1 -1    7   3  20  23   1   3   4   6   2   3   6   2   1   1   2   5   5   0   2   4  0.39 inf
  180 N   -1 -1  3 -1 -2 -2 -2  2  1 -1  2 -3  1 -1  0 -1 -1  0  0 -2    5   3  17   2   1   2   3  14   3   3  20   1   3   2   5   5   4   1   4   3  0.21 inf
  181 H   -2  1  2 -1 -1  0 -1 -3  6 -3 -4 -1 -4 -1 -2  0 -1 -3  6 -2    2   6   9   3   2   3   3   2  18   2   1   3   0   2   2   6   3   0  27   3  0.75 inf
  182 A    2 -1 -2 -2 -2 -2 -1  1 -1  0 -1 -3  2 -3  4 -2  0 -4 -3  0   16   3   2   2   1   1   4  12   1   5   6   1   6   1  24   3   5   0   1   5  0.40 inf
  183 W   -2  0 -2 -3 -2 -1 -1 -2  2 -2  0 -1 -1  4 -2 -2  0  7  4 -2    3   5   2   2   1   3   4   3   5   3   9   3   1  16   2   3   6  15  12   2  0.53 inf
  184 L    0 -2 -1 -3 -1 -2 -3 -1 -3  1  3 -3  3  1 -3 -1  0  0 -1  2    8   2   3   1   1   1   1   5   0   5  30   1   8   5   1   3   5   1   1  17  0.32 inf
  185 F   -1 -2 -2 -4 -2 -2 -3 -2  3  1 -1 -2 -1  5 -3 -1 -2  2  4  1    5   2   1   1   1   1   1   4   7   9   6   3   1  22   1   5   2   2  15  11  0.45 inf
  186 G    2 -3 -2 -2  0 -2 -3  3 -2 -1  2 -3  0 -3 -2 -1 -1 -4  0  1   18   1   1   3   2   2   1  24   1   3  19   1   3   0   2   3   3   0   3  11  0.30 inf
  187 W    0 -2 -2 -2 -1 -2 -3  2 -2 -1  3 -3  2 -2 -1 -2 -1  4  0  1    9   2   2   2   1   1   1  16   1   3  27   1   6   1   3   2   4   6   3   9  0.29 inf
  188 K   -1  0  0 -2 -2 -1 -1  1  2 -2 -2  0  0 -2  4  0  0 -4  0  0    5   5   4   2   1   3   3  10   4   1   5   7   2   2  22   8   5   0   3   8  0.27 inf
  189 K   -3 -3  5  5 -6 -1 -1  2 -2 -6 -4 -2 -2 -6 -3  1 -2 -6 -5 -3    1   1  25  28   0   2   4  14   1   0   2   3   1   0   2  11   2   0   0   2  0.84 inf
  190 G   -2 -4  0 -4 -1 -4 -3  7 -1 -4 -4 -3 -6 -4 -4 -2 -3 -6 -3 -3    2   1   4   1   2   1   2  71   1   1   3   2   0   1   1   3   2   0   1   2  1.51 inf
  191 S   -1  2  2  0 -4  1 -1 -1  0 -2 -2  2 -1 -2 -1  1  1  1 -1 -3    3  12  11   6   0   5   3   4   3   3   4  15   1   2   3  13   9   2   2   1  0.21 inf
  192 V   -2 -2 -3 -3 -1 -4 -4 -2 -3  3  3 -4  2 -2 -4 -1 -1  2 -2  3    3   2   1   2   1   0   1   3   1  18  25   1   5   1   1   4   3   3   2  23  0.53 inf
  193 F   -3 -1 -2 -3 -2 -2 -4 -3 -2 -2  2 -4 -1  7 -3 -2 -1 -1  4 -2    3   4   2   1   1   2   1   2   1   2  17   1   1  38   1   4   4   1  12   3  0.90 inf
  194 Q    0 -2  0 -1 -1  2  0 -2  2  2  0 -3  1  0 -2 -1 -1  0  2  2    7   2   6   3   1   9   5   2   4  13   8   1   3   3   1   3   3   1   9  16  0.16 inf
  195 A    2 -1 -2 -1  2  0 -2 -1 -2 -1 -1 -2 -2  2 -3  1  1  1  1  1   22   3   1   4   5   4   2   5   1   4   4   2   1   9   1  10   7   2   4   9  0.18 inf
  196 G    1 -2 -1  0 -2  0 -2  5 -2 -3 -2 -3 -4 -2 -1  0 -2 -4 -1 -3   12   2   3   5   1   4   2  45   1   2   5   2   0   2   3   7   2   0   2   2  0.66 inf
  197 P   -1 -1  1 -1 -1 -2 -2  3 -2  0 -3 -2 -1 -2  3  1  0 -1  1 -1    5   3   6   4   1   2   3  19   1   5   2   2   2   1  17  12   5   1   5   5  0.29 inf
  198 S   -1  0  3  1 -1 -1 -1  0  2 -2 -1 -1  0 -1 -3  3 -1  2  2 -2    5   4  14   7   1   2   3   7   5   2   6   2   2   2   1  21   2   3   8   2  0.26 inf
  199 T    0  1  2  1 -1  0 -1  0  0 -1  0  0 -2 -2 -2  1  1 -4 -2  0    7   8  10   8   1   3   4   7   2   3   9   5   0   1   1  10   9   0   1   9  0.09 inf
  200 A    1  0  0  1 -3  0  1  2 -3 -2 -2  0  0 -2 -2  1  0 -1  0 -1   14   5   4   9   0   4   8  14   0   2   4   5   3   2   2  13   5   1   3   4  0.14 inf
  201 M    1  0  0 -1 -1  0 -1  1 -2  0 -1 -2  3 -1 -2  1  1  1  0  0   11   5   4   3   1   5   4   9   0   6   5   2  10   2   1  12   7   2   3   5  0.11 inf
  202 N   -1  1  2 -2 -2  0  0 -1  2  0  0 -1  0 -1 -3  0 -1 -1  2  2    5   7  12   1   1   4   6   4   5   6   9   2   2   3   1   6   4   1   7  14  0.12 inf
  203 W   -2  0  0 -1  0 -1  2 -3 -2  1  1 -1 -3  1 -2 -2 -3  7  2 -1    3   5   6   4   2   2  14   3   1   9  13   3   0   6   2   3   2  15   6   3  0.41 inf
  204 Y   -2 -2  1  2  1 -3 -3 -4  0  1  2 -3  0  1  0 -1 -3 -2  4 -1    3   3   6  12   3   1   1   1   3   8  21   1   2   6   4   4   1   0  13   5  0.32 inf
  205 Y   -3 -2  1  4 -2 -2 -1 -1  1 -4 -2 -4 -5  1  1 -1 -1 -2  5 -4    2   2   7  23   1   2   4   4   3   1   5   1   0   6   8   5   4   1  21   1  0.66 inf
  206 T    0 -1 -1  3 -3 -3  0 -2 -1 -1 -2 -2 -2 -4  1 -1  4  0  1  1    6   3   3  17   0   1   5   3   1   3   4   2   1   1   7   4  23   1   4  10  0.35 inf
  207 S    1 -1  1  1 -5 -1  0 -1  1 -2 -3  1 -2 -4  3  0  1 -1 -2  0   10   4   8   7   0   3   5   4   4   2   3   8   1   1  16   6  10   1   1   8  0.23 inf
  208 G    0  1  2 -1 -3  1  1  3  0 -2 -3 -2 -4 -3 -3  0  1 -3 -4 -2    8   8   9   3   1   6   8  24   2   2   2   2   0   1   1   7  10   0   0   4  0.32 inf
  209 S    0  0  3  0 -2  0  0  0  0 -2 -2  0 -2 -1 -2  1  3  1 -2 -1    7   4  12   4   1   4   6   6   2   2   3   5   1   3   2   8  20   2   1   6  0.20 inf
  210 G   -1 -1  1  1 -5 -1  0  4 -2 -2 -3  0 -2 -1 -1 -2  0  6 -2 -1    5   4   8   7   0   3   5  26   1   2   3   6   1   3   3   3   6   9   2   5  0.39 inf
  211 D   -1  0  0  1 -3  0 -1 -1 -1  0 -2 -1 -3 -2 -3  2  3 -2 -2  1    5   6   3   9   0   4   4   5   1   6   4   3   0   2   1  16  16   1   1  12  0.20 inf
  212 V   -1 -1 -3 -5 -3 -2 -5 -5 -3  2 -2 -2 -1  0 -2 -3  0  9  0  3    5   3   2   1   1   2   1   1   1   9   5   2   1   4   3   2   5  28   3  21  1.11 inf
  213 K   -2  1  0  1 -3  1  2 -4  0 -1 -2  2 -1 -1 -2  1  3  2 -2  0    3   8   4   6   0   6  11   1   2   3   4  10   1   3   2  10  16   3   1   6  0.23 inf
  214 S    0 -2 -1  1  0 -1  0 -2 -2 -1  0  0 -1  0  2  2  2 -2 -2 -1    9   2   2   7   2   3   6   3   1   3   8   7   2   4  10  14  11   0   1   4  0.12 inf
  215 A    1 -1  0 -1  0 -1 -2 -2  0  1 -1 -1  2  0  2  0  0 -3  2  0   13   4   5   3   2   2   2   3   2   8   6   2   6   4  11   6   6   0   7   7  0.11 inf
  216 G    0 -1  0  0  0  0 -1  2 -3 -2 -2  0  0  0  3 -1  1  1 -1 -1    9   3   4   6   2   4   4  14   0   2   4   5   2   4  15   5  10   2   2   4  0.18 inf
  217 K    0  0  0  0  0  0 -1 -2  0 -1 -1  0  0  0  3  1  0  4 -1 -1    6   5   6   5   2   4   4   3   2   4   7   4   3   4  14  10   6   7   2   3  0.17 inf
  218 R   -2  3  0 -2 -3  0 -1 -3 -1  0  0 -2  5 -3  2 -1  1  1 -3  1    3  14   4   2   1   4   4   2   1   5  10   2  12   1  10   6   9   2   1   8  0.34 inf
  219 Q   -1  0  1 -1 -1 -2 -1  1 -1 -1 -1 -1  3  0  3  0 -1  3 -2 -2    6   5   7   3   1   2   4  11   2   4   5   4   7   4  13   8   4   4   2   3  0.20 inf
  220 S    0 -3  2  1 -2 -1 -1  2 -2  0 -3 -2 -1  0  0  1  1 -1 -2  0    6   1   9   8   1   3   5  17   1   6   3   3   2   4   4  11   8   1   1   8  0.18 inf
  221 N    1  0  1  2 -1 -1 -1  1 -1 -2 -2  0 -3 -1  2  0 -1 -1  1 -1   11   4   6  11   2   3   3  11   2   3   5   6   1   2  10   6   4   1   4   5  0.13 inf
  222 R   -1  5  1  0 -3  0 -2 -1 -1 -3 -2 -2 -2 -2  1  0 -1  4 -1 -2    5  28   6   5   1   4   3   5   2   2   5   3   1   2   6   7   5   5   2   4  0.46 inf
  223 G   -1  3  0 -1  1 -3 -1  1  0 -2 -2  0  3 -2  2  0  0 -2 -1 -2    6  14   5   4   3   1   4  11   3   2   5   5   7   2   9   7   6   1   2   3  0.21 inf
  224 V   -2  1  1 -1  0 -1 -1  1  0 -1 -1 -1  0 -1  1  1  0 -1  1  1    3   8   7   4   2   3   4   9   2   4   6   4   2   3   8  11   7   1   5   9  0.08 inf
  225 A    1  0 -1  2 -5 -2 -2 -1  3 -2  0 -2  2  0  0 -1  0 -5  3  0   11   6   4  10   0   2   3   4   7   2   9   2   4   3   5   4   7   0  11   6  0.22 inf
  226 P    2 -1 -1 -3 -1  0 -1  0 -1 -2 -2 -3  0 -1  5 -1  1  0  0 -1   14   4   3   1   1   4   4   8   1   2   4   1   2   3  24   5   8   1   3   5  0.38 inf
  227 D    0  3  1  2 -2 -2 -3  1 -1 -2 -3 -1 -1 -2  0  1 -1 -5  1 -1    9  15   5  12   1   2   2  10   2   2   3   4   2   2   4  12   4   0   5   4  0.25 inf
  228 A    2  2 -2 -1  1 -2 -1 -2 -2 -2 -2 -3  1 -1  1  3 -1 -1 -1 -1   16  11   2   4   2   2   5   4   1   2   5   2   3   2   6  21   4   1   2   5  0.28 inf
  229 M    1  1  0 -3 -4  0 -1 -1 -2  0 -1 -3  5 -1 -2 -1  2  0  1 -1   11   8   4   2   0   4   4   5   1   5   6   2  15   3   2   5  13   1   4   4  0.33 inf
  230 C    1 -2  0 -3  4 -2 -1  1  1 -2 -1 -3 -2 -2 -3  2  2 -2  2  0    9   3   4   1   7   2   5  10   3   3   7   2   1   2   2  17  11   1   6   6  0.25 inf
  231 G    2 -2 -3 -3 -6 -3 -3  6 -1 -6 -1 -6 -1 -3 -2 -1 -3 -6 -4 -5   15   2   1   2   0   2   2  51   2   1   7   1   1   1   3   5   2   0   1   1  1.10 inf
  232 N    1  0  1 -5 -1 -5 -3 -1  0 -3 -4 -4  1 -6 -3  3  3  0 -3  1   13   5   7   1   1   0   2   6   2   2   2   1   3   0   2  21  18   1   1  10  0.50 inf
  233 A    4 -4 -1 -3 -1 -3 -4 -1  2 -3 -2 -5  0 -2 -4  2  0 -3 -3  3   29   1   3   2   2   2   1   6   4   2   4   1   2   2   1  15   5   0   1  17  0.59 inf
  234 V    0 -2 -2 -5 -2 -5 -4 -3 -2  0  2 -5  2 -2 -4 -2  1 -5 -3  5    9   2   2   1   1   1   2   2   1   5  16   1   5   2   1   3   8   0   1  36  0.73 inf
  235 M   -1 -3 -3 -3 -4 -1 -4 -3  0 -1  4 -4  7 -1 -2 -2 -2 -4 -1 -1    5   2   1   2   0   3   1   2   2   3  38   1  22   3   2   3   2   0   2   4  0.86 inf
  236 Y   -1 -2 -1 -2 -1 -3 -2 -2 -1 -2  2 -3 -1  2  3 -2  0 -3  4 -1    5   2   3   2   1   1   2   3   2   2  19   2   1   8  17   3   5   0  15   5  0.40 inf
  237 D   -1 -1 -2  4 -1 -2 -1 -1 -2 -3 -2 -1 -1 -3  5 -1 -1 -3 -3 -1    6   3   2  22   1   2   4   5   1   1   5   3   2   1  28   6   3   0   1   5  0.60 inf
  238 A    2 -2  0 -1  0 -1  0 -1 -1 -1  1 -1 -1 -1 -1  0  1 -1  0  1   18   2   5   2   2   3   6   4   2   3  16   3   1   2   3   6   9   1   3  10  0.10 inf
  239 V    1  0 -1 -1 -1  1 -1 -1 -1  0  1 -1 -1 -1 -1  0  1  1  1  1   11   5   3   4   1   9   4   4   1   4  13   3   1   2   2   6  10   2   5   9  0.05 inf
  240 K    0  0  2  2 -2 -1  1 -1  0 -2 -2  0  0 -2  2  0 -1  3 -2 -2    9   4  12  13   0   2   7   4   2   2   4   5   2   2  13   7   3   6   1   3  0.20 inf
  241 G    0 -2  0  0 -3  1  0  5 -3 -2 -2 -1 -2 -3  0  0 -1 -3 -2 -2    8   1   3   6   0   6   6  45   0   2   3   2   1   1   5   4   2   0   1   3  0.50 inf
  242 K   -2  2  1  0 -1  0  1 -1  1 -1 -1  3  0 -2 -2 -1 -1 -3  0 -2    2  12   6   5   1   2  11   5   3   4   4  28   2   2   1   4   4   0   4   3  0.22 inf
  243 I   -1 -2 -4 -5 -3 -4 -4 -5 -4  4  1 -4  1  0 -4 -2 -1 -4 -1  5    3   2   0   0   0   0   0   0   0  31   9   0   2   3   0   2   4   0   2  40  0.74 inf
  244 L   -2 -4 -4 -2 -3 -3 -4 -4 -3  1  4 -4  3  1 -4 -3 -3 -2  4  1    2   0   0   3   0   0   1   1   0   5  44   0  10   6   0   1   0   0  15  11  0.65 inf
  245 T    1 -3 -1 -4  0 -2 -3 -3 -3  2  0 -2  0  1 -3 -1  1  0  2  3   14   0   3   0   2   1   0   0   0  11   6   1   2   5   0   4   9   1   9  29  0.29 inf
  246 F    1 -4 -3 -4  6 -4 -4 -2 -4  2  1 -4  1  2 -4 -2  0 -3 -1  2   13   0   1   0  20   0   0   2   0  14  11   0   3   9   0   1   4   0   2  19  0.51 inf
  247 G   -2 -5 -1 -1 -1 -4 -4  7 -4 -3 -3 -4  0 -3 -1 -2 -4 -5 -5 -2    2   0   2   3   1   0   0  75   0   1   2   0   3   2   3   1   0   0   0   3  1.41 inf
  248 G   -2 -1 -3 -4 -5 -4 -4  7 -5 -6 -6 -2 -5 -6 -5 -2 -2 -5 -5 -5    2   3   0   0   0   0   0  85   0   0   0   3   0   0   0   2   2   0   0   0  1.85 inf
  249 S    3 -1  0 -2 -1  0 -2  3  2 -3 -3 -3 -1 -2 -2  2  0 -3 -1 -2   22   4   4   2   1   5   2  21   5   1   3   1   1   2   2  13   5   0   3   3  0.32 inf
  250 P    0 -1  3  0 -1  0 -1  2  1 -3 -2 -1 -2 -1  3 -1  0 -1  1 -2    6   4  13   5   1   4   2  14   3   1   3   4   1   3  15   5   7   1   5   2  0.24 inf
  251 D    1  0  1  2 -1 -1 -1  0  1 -1 -1  0 -1 -2  0  0  1  0 -1  0   11   5   8  12   1   2   3   6   3   4   4   4   1   2   4   8   7   1   2   9  0.07 inf
  252 Y   -1 -2 -2  0 -2 -1  0  3 -1 -3 -2 -3 -2  1 -1 -1 -1  1  6 -2    6   2   2   6   1   2   5  21   1   1   4   1   1   5   4   4   4   2  24   3  0.46 inf
  253 Q    0 -1  0  3 -2  1  1  1 -1 -2 -2 -1 -1 -1  0  1  1 -1 -1 -2    8   3   5  15   1   6   8   9   1   3   3   3   1   3   5  13   8   1   2   2  0.15 inf
  254 D   -1 -2  2  3 -1  0 -1  3 -1 -1 -3 -1 -3  0 -2  1  1 -4  0 -2    4   1  11  15   1   4   2  20   2   3   3   3   0   5   2   9   8   0   4   3  0.27 inf
  255 S    1 -1  1 -1 -1  1 -1  0 -1 -1 -1 -1 -1  0  0  2  0 -2  0 -1   11   3   7   3   1   6   4   8   1   5   4   4   1   5   5  19   6   0   3   4  0.10 inf
  256 D   -1  0  1  1 -1  0 -1 -1  0 -2  0 -1  0 -1  3  1  0  2  0 -1    5   4   6   9   1   4   3   4   2   1   9   4   2   2  16  10   6   3   4   4  0.15 inf
  257 A    4 -2 -2 -3  2 -3 -3  1 -2 -3 -2 -2 -4 -1  1  1  0 -3  0 -1   38   2   1   1   4   1   1  12   1   1   3   3   0   3   7  10   4   0   3   5  0.47 inf
  258 T    0 -1  0 -2 -3 -2 -1 -2  0  0  2 -3 -1 -2 -1  2  2 -2 -1 -1    6   3   5   2   0   1   5   3   2   4  20   1   1   2   4  19  15   1   2   4  0.20 inf
  259 T    1  3  2  2 -3  0 -1 -1 -3 -3 -4  1 -4 -2 -2  2  0 -5 -3 -2   14  17  10  10   1   3   3   4   0   1   1   9   0   2   2  14   6   0   1   3  0.33 inf
  260 N   -1  1  3  1 -3 -1  0 -1  0 -1 -2  0 -2 -3 -2  2  2  0 -2 -2    5   8  13   8   0   2   5   5   2   3   5   5   0   1   2  19  12   2   1   3  0.22 inf
  261 A    3 -2  0 -3  6 -3 -4 -2 -4 -2 -2 -3 -1 -3 -1 -1  2 -5 -3  3   25   2   5   2  15   1   1   3   0   2   3   2   1   1   3   4  12   0   1  18  0.58 inf
  262 H   -1  0  0  1 -1  0  3 -1  3 -4 -2 -1 -1  1 -2  0 -1 -1  2 -1    4   4   4   7   1   3  22   6   8   1   4   4   1   6   2   7   4   1   7   4  0.25 inf
  263 I   -1  3 -3 -3  3 -1 -3 -4 -3  3  1 -2  1 -2 -3  0 -1 -2 -2  2    5  16   1   1   7   2   1   1   1  15  14   2   4   2   1   7   4   1   1  15  0.34 inf
  264 I   -1 -3 -1 -4 -4 -3 -3 -2 -4  4  1 -3 -1  0 -1 -3  0 -1  5  2    4   1   3   1   0   1   2   4   0  24  11   1   2   4   3   2   5   1  19  12  0.52 inf
  265 T   -1  0 -1  5  0  0  1 -3 -3 -4 -4  0 -3 -4 -2  0  3 -5 -4 -2    5   5   3  35   2   3   7   2   1   1   2   5   1   1   2   7  17   0   0   3  0.66 inf
  266 L    0 -2 -3 -2  0 -2 -2 -2 -2  3  3 -3  0 -1  2  0 -2 -3 -2  1    6   2   1   2   2   2   3   3   1  19  24   2   1   3   9   6   2   0   1  11  0.30 inf
  267 G   -1  1  1  1 -1  0  2  0 -2 -2 -2  1 -1 -1 -1  0  1  0  2 -1    4   8   7   6   1   3  12   8   0   2   4  10   1   2   3   8   8   1   8   3  0.12 inf
  268 E    0  0  0  2 -2  1  1 -1 -2 -1 -2  0 -2 -2  1  1 -1 -1 -1  0   10   5   4  14   1   5  10   4   1   4   4   4   1   1   8  11   3   1   2   7  0.14 inf
  269 P    1 -1 -1 -1  2 -1  0  0 -2 -1 -1 -2 -2 -1  4 -2 -1 -1  2 -1   10   3   3   3   5   2   6   7   1   4   5   3   1   3  24   3   4   1   8   5  0.33 inf
  270 G    1 -1  3  2 -2 -2 -1  2 -1 -3 -3 -1 -3 -2  1  1 -1 -2 -1 -2   12   4  18  12   1   1   4  13   2   1   2   4   0   2   8   9   3   1   3   3  0.29 inf
  271 T    0 -1 -1  0 -3  0 -1 -1 -4 -2 -3 -2 -4 -2  6  0  1 -3 -2 -2    8   3   3   6   1   4   3   6   0   3   3   2   0   2  36   6   9   0   2   2  0.66 inf
  272 S    1  0  1  1 -4  2  1 -1  1 -1 -2  0  0 -2 -1  1  1 -4 -2 -1   10   5   7   8   0   8  10   4   3   4   4   5   3   1   2  11   8   0   1   4  0.13 inf
  273 P    0 -2 -1 -1 -1  0 -2 -3 -1 -3 -3 -1 -2 -2  3  0  4  7 -5 -2    7   2   3   4   1   4   3   2   1   2   3   4   1   2  15   7  22  13   0   3  0.58 inf
  274 N   -1  0  3  2  0  0 -1  1  1 -2 -3  0 -1 -1  1 -1 -1  4  0  0    5   5  12  11   2   4   3  13   3   2   2   5   1   2   7   4   4   5   3   8  0.18 inf
  275 T    0  0 -1 -1 -1  1  0 -2 -1 -1 -2 -1 -1 -1 -2  0  3  4  0  1    8   5   2   3   1   6   6   3   1   4   4   4   2   2   2   6  21   6   4   9  0.21 inf
  276 V    0  0  0 -2  2  0  0 -1 -2  0 -1  0  1  1  0  0  0  3  1  0    6   6   5   0   5   5   6   6   0   6   6   6   5   5   6   6   6   5   5   6  0.06 inf
  277 F   -1  0 -1 -1 -1  0  1 -1  0  0 -2  0  0  0 -1  1  2  3  0  0    5   5   3   3   2   5   9   4   3   7   3   4   2   5   3   9  15   5   3   9  0.09 inf
  278 A    2  1 -1 -1 -1  1  0 -1 -1 -2 -1  0  0 -1  1  0  0  2 -3 -1   22   8   3   3   1   6   7   4   1   2   6   5   2   3   7   6   5   3   0   4  0.13 inf
  279 S    0 -1 -1 -1  0 -1 -1  1 -3  1  0 -1  2 -2  2 -1  1 -3 -1  1    7   3   3   4   2   2   3  10   0   8   8   4   6   1  10   4   9   0   2  13  0.10 inf
  280 N    2 -2  1  1 -1  0  2  1  0 -4 -2 -1 -1 -2  2  1 -1 -4 -4 -2   16   2   6   7   1   4  16   9   2   0   3   3   1   2  12   9   4   0   0   2  0.25 inf
  281 G   -1  0  1  3 -5 -1  1 -1 -2 -3 -4  0 -2 -3  4  2  1 -2 -2 -4    4   5   8  14   0   2   7   5   1   1   1   5   1   1  18  16   8   1   1   1  0.41 inf
  282 L   -3 -2 -7 -5 -7 -4 -7 -5 -7 -1  3 -5 10 -5 -4 -4 -4 -1 -2 -3    3   2   0   1   0   1   0   1   0   3  21   1  60   0   1   1   1   1   1   1  2.19 inf
  283 Y    0 -1  3  0  0 -1 -2 -2  1 -3 -2 -1 -2 -2  5  1  0 -5 -1 -3    9   4  13   4   2   2   3   2   3   2   5   4   1   2  26  10   5   0   2   2  0.44 inf
  284 F   -1  0 -1 -1 -1  1  0 -2  1  0 -1  0  0  1 -3  1  2 -1  2  0    3   4   3   3   1   5   7   3   4   5   6   6   3   6   0  11  14   1   8   8  0.10 inf
  285 A    2  2 -3 -4  1 -2 -2  3 -5 -4 -4  0 -5 -4  5  0 -3 -6 -6 -4   17  10   1   1   3   2   3  21   0   1   2   6   0   1  26   6   1   0   0   1  0.70 inf
  286 R   -5  8 -6 -3 -3 -3 -3 -5 -3 -8 -5  0 -3 -8 -7 -4 -2 -8 -7 -3    1  80   0   1   1   1   2   1   1   0   1   5   1   0   0   1   3   0   0   2  2.33 inf
  287 T    0  2 -1 -1  1 -1 -1  0  0  0 -2 -2  1 -1 -3  1  0  1  0  2    9  13   2   3   4   2   3   8   2   5   3   1   5   2   1  10   7   2   3  16  0.12 inf
  288 F   -1 -1  1 -1 -1  0 -2  0  3 -2 -2 -2  6  3 -5 -2 -3  2  4 -3    4   3   7   3   1   4   2   7   7   2   3   2  21  13   0   3   1   3  13   1  0.60 inf
  289 H    1 -5 -2 -2  1 -3 -4  2  6 -3 -1 -4  0 -3  2 -1 -2 -6 -3  1   12   0   2   2   2   1   0  17  21   1   7   1   2   1  11   5   3   0   1  11  0.57 inf
  290 T    0 -3  2  2  2  1 -1  2 -1 -3 -5 -3 -2 -2 -1  2  2 -5 -5 -2    7   1   9  13   4   6   3  16   1   1   0   1   1   2   2  16  13   0   0   3  0.37 inf
  291 S    4 -3 -4 -5 -2 -2 -3  0 -2 -2 -1 -4  4  0 -4  2  0 -2 -4  1   33   1   1   0   1   1   1   7   1   1   7   0  12   3   1  13   5   1   0  10  0.54 inf
  292 V    1 -5 -3 -6  0 -4 -5 -3 -6  2 -1 -5 -1 -2 -6 -1  3 -6 -5  5   12   1   1   0   2   1   1   2   0   8   5   0   1   1   0   4  18   0   0  43  0.90 inf
  293 V    1 -1 -2 -4  1 -4 -3 -3 -1  3  2 -4  1 -2 -2 -2 -1 -5 -3  4   11   3   2   1   3   0   1   1   1  14  22   1   2   1   2   2   4   0   1  28  0.46 inf
  294 L    0 -2 -2 -3  3  1 -2  0 -2  1  0 -2  2  1 -3  0  0  4  2  0    8   0   0   0   7   7   0   8   0   8   8   0   7   7   0   8   8   7   7   8  0.15 inf
  295 P    0 -1  0 -1  0 -1  0  0  1 -2 -2 -1  0 -1  5 -1 -1  0  0  0    8   3   4   3   3   1   7   6   5   1   4   3   2   3  30   4   3   2   3   7  0.38 inf
  296 D   -2  0  4  4 -4 -2  0 -1  0 -4 -3  0 -1 -4 -3  0  1 -5 -4 -2    3   5  24  29   0   0   3   4   2   0   3   5   2   0   0   5  10   0   0   3  0.54 inf
  297 G   -1 -1  2  0 -4 -1 -1  6 -3 -4 -3 -1  0 -4 -4 -1 -3 -4 -4 -4    4   3   8   5   0   2   3  59   0   0   3   3   2   0   0   3   1   0   0   1  0.93 inf
  298 S   -2  2  0  1  0  0  1 -1 -1 -3 -1  3  0 -2 -3  0  2 -4 -1 -2    2  13   3   8   2   2   7   3   1   1   5  21   2   2   0   6  16   0   2   1  0.27 inf
  299 T   -2 -5 -5 -5 -4 -5 -5 -5 -5  4  3 -5  0  0 -5 -4 -2 -4  0  5    2   0   0   0   0   0   0   0   0  23  23   0   2   3   0   0   1   0   3  39  0.94 inf
  300 F   -2 -4 -5 -5 -2 -3 -5 -5 -1  0  3 -5  1  3 -5 -4 -3  5  6 -1    4   0   0   0   1   1   0   0   2   4  34   0   3  13   0   0   2   7  25   4  0.91 inf
  301 I    2 -5 -4 -5 -2 -5 -4 -4 -3  4  0 -5  0 -2 -5 -3 -2 -1 -1  5   16   0   1   0   1   0   1   1   1  22   7   0   2   1   0   1   2   1   2  42  0.82 inf
  302 T    1 -3  0 -4  0 -3 -4 -2 -2  3  1 -3  2 -1 -4 -1  1 -2 -1  3   11   1   6   0   1   0   0   2   1  19  12   0   5   2   0   4  11   1   2  21  0.33 inf
  303 G   -3 -5  4 -2  1 -5 -5  6 -5 -4 -6 -5 -6 -6 -5 -2 -5 -6 -6 -6    2   0  21   2   3   0   0  66   0   1   0   0   0   0   0   2   0   0   0   0  1.69 inf
  304 G   -3 -6 -2 -5  0 -3 -6  7 -6 -7 -7 -6 -7 -7 -6 -4 -6 -6 -7 -7    2   0   2   0   2   1   0  91   0   0   0   0   0   0   0   0   0   0   0   0  2.41 inf
  305 Q    2  1  0 -1 -1  2  0 -1  2 -1 -2 -1 -1 -2 -2  1  0 -1  1 -1   21   9   5   2   1   9   6   5   5   3   3   2   2   1   1   9   4   1   5   4  0.14 inf
  306 R    0  1  0  1 -2  1  0 -1  0 -1  0  0 -1 -2 -2  1  1 -3 -2 -1    9   9   5   9   0   6   5   4   3   3  13   5   1   2   1  14   8   0   1   2  0.09 inf
  307 R    0  1  0  0 -1  0 -1  1  2 -2 -2  0 -1  0 -2  0  0  1  3 -1    8   9   5   6   1   3   2  13   5   2   2   5   2   3   2   5   6   2  14   5  0.12 inf
  308 G    2 -1 -1 -2 -3 -2 -2  4  0 -3 -2 -2 -2 -3  1  1 -1 -3  1 -1   16   3   2   2   0   2   2  30   3   1   4   2   1   1   8  10   3   0   5   4  0.37 inf
  309 I    1  0 -1 -1  0  1 -1  1 -1  1 -1  0 -1 -1 -1  1  1 -1  0  1   12   5   3   2   2   6   3  10   1   8   5   5   1   3   3  11   8   1   3  11  0.05 inf
  310 P    2 -1  0 -1 -2  1 -1  2 -2 -2 -2 -2 -2 -1  1  1 -1 -2 -1  0   16   3   5   4   1   8   3  17   0   2   4   2   0   3   8  13   3   1   2   6  0.18 inf
  311 F   -1  0  1 -1 -2 -2 -2  3 -1 -2  0 -3 -2  4 -2 -1 -2  2  2 -2    5   5   8   4   1   1   2  24   1   2   8   1   1  19   2   4   2   2   6   2  0.36 inf
  312 E   -1 -1  2  2 -2  0  0  0  1 -2 -1 -1 -1  0 -1  0  1  1  3 -2    5   3  12  11   1   3   5   8   3   1   5   2   2   3   3   7   9   2  11   2  0.15 inf
  313 D    1  0  1  3 -1 -1  0  3 -2 -2 -2 -2 -2 -3 -1  0 -1 -4 -2 -2   13   5   6  19   1   3   7  21   1   2   3   1   1   1   2   5   4   0   1   2  0.32 inf
  314 S    1  0  1  1 -2 -1  0  2  0 -2 -2 -1 -3 -2 -1  2  1 -4 -1 -1   10   6   7   7   1   2   6  13   2   2   3   3   0   1   3  19   9   0   2   4  0.18 inf
  315 T    0  0  3  2 -2  1  1  0  0 -3 -2  0 -2 -1 -2  1  1 -2  0 -1    6   4  14  12   1   6   7   6   2   1   3   6   1   3   2  10   9   1   3   4  0.18 inf
  316 P    2 -1 -1  0  0 -2 -3 -2  0 -2 -2 -2  0 -3  5  1 -1 -4 -2 -1   14   4   3   5   2   2   1   3   3   3   4   2   2   1  31  11   4   0   1   5  0.54 inf
  317 V    0 -1  2 -2  0 -1 -2 -3  0  1  1 -2 -1 -1 -2  0  0 -3 -1  3    6   3   9   2   2   3   2   2   3   7  14   2   1   2   2   7   6   0   2  25  0.20 inf
  318 F   -1 -1  0 -1 -1 -1 -2 -2  1 -1  3 -1  1  3 -1 -1 -1 -2  2 -1    3   3   4   3   1   2   2   4   4   2  30   4   3  12   4   6   3   0   7   2  0.18 inf
  319 T   -1  1  1  0  1  2  1 -2 -1 -1 -2 -1 -1 -2 -2  1  3  0 -1 -1    5   7   8   4   3  12   7   2   2   4   3   3   1   2   2  11  19   1   2   4  0.20 inf
  320 P    2 -4 -2 -4  0 -2 -4 -4 -1 -1 -2 -4  1 -2  5  0  0  1  0  2   21   0   2   0   2   2   1   1   1   2   3   0   4   2  28   8   5   2   3  14  0.60 inf
  321 E   -2 -2 -1 -1  0  1  6 -5 -1 -2 -2 -3 -1 -2 -5 -2 -4  1 -2  1    3   2   3   2   2   4  53   0   1   2   4   0   1   2   0   3   0   2   1  12  0.93 inf
  322 I   -1  0 -3 -5  2 -2 -3 -5 -4  3  3 -2  2  0 -2 -2 -2 -4 -1  2    4   7   1   0   5   2   2   0   0  16  31   3   6   3   2   2   2   0   2  12  0.40 inf
  323 Y   -6 -2 -6 -3 -6 -6 -6 -7 -3 -6 -5 -6  1  2 -7 -4 -6  5  9 -6    0   2   0   2   0   0   0   0   0   0   0   0   3   8   0   2   0   6  74   0  2.66 inf
  324 V   -4  0  3  6 -2 -2 -1 -3  1 -4 -4 -1 -5 -6 -5  0 -1 -6 -2 -4    1   5  11  52   1   2   3   2   3   1   2   3   0   0   0   7   4   0   1   1  1.09 inf
  325 P   -2 -2 -6 -3 -6 -4 -4 -4 -6 -4 -4 -4 -6 -2  8 -3 -2 -6 -4 -3    3   3   0   1   0   1   1   1   0   1   2   1   0   2  77   1   3   0   1   2  2.22 inf
  326 E    2  0 -1  2 -2  0  1 -2 -1 -2 -3  1 -2 -2 -3  1  1 -4 -2  0   19   6   3  13   1   3  10   2   1   2   2  10   1   1   0  11   7   0   1   8  0.21 inf
  327 Q    1 -1  0  1 -2  0 -1 -1 -1 -3 -2  1 -1 -4 -4  1  5 -2 -3 -3   10   3   4   6   1   4   4   5   2   1   3   7   1   0   0   8  36   1   1   1  0.43 inf
  328 D   -1  0  4  4 -5  1  0  2  0 -5 -5  0 -2 -5 -1  0 -2 -2 -3 -4    4   5  23  21   0   7   5  13   2   0   1   5   1   0   3   6   2   1   1   1  0.56 inf
  329 T   -1  4 -2 -1 -2  1  0 -3 -2 -2 -3  1 -1 -4 -3  1  3 -5 -4 -2    4  27   1   3   1   7   6   2   1   2   2   7   2   1   1   9  21   0   0   3  0.51 inf
  330 F   -6 -4 -7 -8 -7 -6 -7 -4 -6 -2 -2 -4  1  6 -7 -7 -4 11  1 -3    0   1   0   0   0   0   0   2   0   2   4   2   3  27   0   0   1  51   5   2  2.65 inf
  331 Y   -1  2 -2 -2 -2  1  0 -3 -2 -2 -2  2  0 -1 -4  2  4 -5 -1 -1    5   9   1   1   1   6   6   1   1   2   2  10   2   3   0  15  27   0   2   4  0.38 inf
  332 K   -1  0 -1  0 -3  0  0 -3 -1  1  0  0  1 -1  1  0  2 -2 -1  1    5   6   2   5   0   4   8   1   2   7   8   4   4   2   7   6  14   0   2  13  0.10 inf
  333 Q    0 -3 -5 -4 -2  0 -3  1 -2  0  3 -3  5 -2 -5 -3 -1 -1 -2  3    9   1   0   1   1   4   1  11   1   3  27   2  14   1   0   1   4   1   1  18  0.45 inf
  334 N    4 -2  1 -1 -1 -1 -1  1 -2 -5 -4  0 -5 -4  3  0  0 -2 -5 -3   36   2   8   3   1   2   3   9   1   0   1   5   0   1  14   6   4   1   0   1  0.55 inf
  335 P    2 -2  1  1 -4 -1 -2 -3 -2 -5 -5 -1 -3 -2  5  2  0 -3 -4 -2   14   2   6   9   0   2   3   2   1   0   1   3   1   2  30  15   7   0   0   2  0.65 inf
  336 N    0 -3  0 -1 -5 -1 -4 -3 -2 -3  1 -3  7 -3  0  2  2 -6 -4 -3    6   1   5   3   0   3   1   2   1   1  12   1  30   1   5  14  13   0   0   1  0.72 inf
  337 S    0 -1  3 -1 -3  0 -2 -2 -1 -1 -2 -1 -2 -5  3  1  3 -5 -3 -2    8   3  13   2   0   4   2   2   1   4   5   4   1   0  16  12  17   0   1   3  0.34 inf
  338 I   -2 -1 -2 -1  0 -1 -1 -3 -1  5  0 -2 -1 -2 -5 -1  2 -3 -2  3    2   4   1   3   2   3   4   2   1  31   6   2   1   2   0   4  13   0   1  18  0.43 inf
  339 V    2 -2 -3 -2  0 -2 -2  1 -3 -3 -4 -2 -2 -5  6 -1 -3 -7 -2 -2   18   2   1   3   2   2   2  11   1   2   2   2   1   0  41   4   1   0   2   3  0.92 inf
  340 R   -5  9 -6 -7 -8 -1 -4 -6 -3 -5 -5 -3 -3 -8 -7 -6 -6 -8 -7 -6    1  91   0   0   0   2   1   1   1   1   1   1   1   0   0   0   0   0   0   1  2.81 inf
  341 V    0 -1  1 -1  0 -2 -2  1 -1 -1  1 -3  5 -2 -3  1  0 -2  0  0    8   3   8   3   2   1   2   9   2   2  11   0  18   1   1  12   5   0   4   8  0.23 inf
  342 Y   -3 -2 -1 -2 -5 -3 -4 -1 -1 -3 -3 -3 -2 -1 -5 -2 -2  2  9 -4    3   2   3   2   0   1   1   5   1   2   3   1   1   2   1   4   2   2  62   1  1.68 inf
  343 H   -1 -4 -4 -4 -3 -3 -2 -5 10 -5 -3 -4 -2 -1 -2 -3 -5 -5 -2 -3    5   1   1   1   1   1   3   1  71   1   3   1   1   3   2   2   1   0   1   2  2.44 inf
  344 S    1 -2  0 -3 -2 -3 -2  1 -1 -5 -4 -3 -1 -3 -3  6  1 -5 -4 -3    9   2   4   1   1   1   2   9   1   0   1   0   2   1   1  56   6   0   0   2  0.92 inf
  345 I    2 -3 -1 -3 -3 -2 -1  1 -4  0 -2 -3 -1 -4 -2  1  3 -1 -3  2   16   1   2   1   0   1   5   9   0   6   3   0   1   0   2  12  23   1   0  15  0.34 inf
  346 S    6 -5 -3 -5 -4 -4 -5  0 -5 -5 -4 -4 -5 -3 -3  2  0 -6 -3 -1   59   0   1   0   0   0   0   6   0   0   1   0   0   1   1  17   6   0   1   4  1.14 inf
  347 L    0 -3  0 -3  1 -2 -3 -3 -2  3  2 -4  1  0 -4 -2  1 -4 -3  3   10   1   6   1   3   1   1   1   1  18  21   0   3   4   0   2   9   0   0  18  0.36 inf
  348 L   -1 -3 -6 -6 -3 -5 -6 -6 -6  0  6 -5  1 -2 -3 -4 -1 -5 -3  0    4   1   0   0   1   0   0   0   0   3  72   0   2   1   2   1   4   0   1   7  1.24 inf
  349 L   -1 -3 -4 -1 -3 -3 -3 -2 -2 -1  5 -3  3 -1 -4 -3 -1 -3 -3 -1    6   1   1   4   0   1   1   3   1   2  60   1   6   2   1   2   4   0   1   3  0.79 inf
  350 P    1 -1  0 -2 -4  0 -2 -1 -1 -2 -1 -2 -3 -4  6  0  0 -4 -2 -2   12   3   5   2   0   4   2   5   2   2   8   2   0   1  37   5   6   0   1   3  0.64 inf
  351 D   -4 -3  2  7 -1 -3 -2 -2 -5 -6 -6 -3 -6 -7 -4 -1 -1 -7 -3 -4    1   1   9  67   2   1   2   4   0   0   1   1   0   0   1   5   3   0   1   2  1.63 inf
  352 G    0 -4 -4 -3 -6 -3 -3  7 -6 -7 -7 -3 -6 -7 -6 -1 -4 -6 -6 -6    8   1   1   1   0   1   2  80   0   0   0   1   0   0   0   4   1   0   0   0  1.90 inf
  353 R   -2  6  0 -3 -5 -1 -1 -3 -1 -4 -2  2 -2 -2 -5  1  1 -1 -4 -5    2  46   4   1   0   2   3   1   1   1   5  11   1   2   0   9  10   1   0   0  0.86 inf
  354 V   -2 -6 -6 -6 -4 -6 -6 -6 -3  4  1 -6 -2 -1 -6 -5 -2 -6 -3  6    2   0   0   0   0   0   0   0   1  21  11   0   1   2   0   0   2   0   1  59  1.36 inf
  355 F   -2 -5 -6 -6 -5 -4 -4 -6 -2  1  4 -5  4  4 -6 -5 -4  2  4 -1    3   0   0   0   0   1   1   0   1   7  44   0   9  14   0   0   0   3  13   3  0.96 inf
  356 N    1 -5 -1 -5  0 -4 -5 -3 -5  2  0 -4 -1 -1 -5 -1  0 -5  0  5   13   0   3   0   2   0   0   1   0  12   7   0   1   2   0   5   5   0   3  44  0.66 inf
  357 G    3 -4 -3 -4 -1 -3 -4  2 -4  2 -1 -3  0  1 -4  1  1 -4 -2  1   27   0   0   0   1   0   0  17   0  11   5   0   3   5   0   9  10   0   1  10  0.39 inf
  358 G   -3 -6 -3 -5 -6 -4 -6  7 -6 -7 -7 -5 -3 -7 -6 -3 -6 -7 -7 -3    2   0   1   0   0   1   0  91   0   0   0   1   1   0   0   2   0   0   0   2  2.36 inf
  359 G   -3 -5 -1  0  0 -4 -4  6 -2 -6 -6 -4 -5 -6 -5  3 -4 -6 -5 -6    0   0   2   6   2   0   0  61   1   0   0   0   0   0   0  24   0   0   0   0  1.46 inf
  360 G    0  0  4  2 -2 -1 -1  3 -2 -2 -2 -1 -3 -1 -2  0 -1 -3 -1 -3    6   4  27  10   1   2   4  20   0   2   4   2   0   3   1   7   3   0   2   1  0.39 inf
  361 L    0 -1  0 -1  0  1 -1 -1 -1 -1  1 -2 -1  0  4 -1  1 -1  0 -2    7   3   4   4   2   6   3   3   2   4  16   1   1   5  20   3  11   1   3   2  0.22 inf
  362 C   -1 -1  0  0  5  0 -1  0  0 -2 -1 -2 -2  1  1  1  0 -1  2 -1    2   3   5   4  14   4   4   9   2   1   6   2   0   6   7  10   6   1   8   5  0.17 inf
  363 G    1  0  1  1 -2  0  0  3 -2 -3 -3 -1 -2 -2  0  1  0  1  0 -2   11   4   7   9   1   4   4  26   1   1   2   2   1   1   4  11   5   2   5   3  0.25 inf
  364 D   -1 -2  3  3 -2 -1  0  2 -2 -3 -3 -2 -3 -4  2  0  0 -4 -2  0    4   1  15  21   1   2   6  14   0   1   2   2   0   1  12   6   5   0   1   6  0.39 inf
  365 C    0 -1  0  1  4  0  0  2 -2 -1 -2  0 -2 -2  1  0  0 -1  1  0    7   3   3   8  10   4   5  17   0   2   4   5   0   2   6   6   4   1   5   7  0.14 inf
  366 T    1 -2  1  0 -1 -1 -1  0 -1 -1 -2 -1 -2  3 -1  1  2 -2  2 -1   10   1   7   5   1   1   4   8   1   2   3   3   0  13   2  12  12   0   8   3  0.15 inf
  367 T    2 -1 -1 -3 -3 -2 -3  0 -3 -1 -1 -3  0  0  4  0  1 -1  0  1   17   3   3   1   0   2   1   7   0   2   7   1   2   4  20   5  10   1   3  11  0.30 inf
  368 N   -1 -1  5  0 -4  1 -1 -1 -1 -4 -3 -2 -2  1 -2  0  3 -4 -1 -1    4   4  26   6   0   5   4   4   1   0   3   1   1   7   2   5  22   0   2   4  0.43 inf
  369 H   -3 -2  0  0 -4  0  4 -3  5 -2  1 -2 -1 -1 -1 -2 -2 -4 -1 -2    1   2   3   5   0   4  33   1  13   2  18   1   1   2   3   3   3   0   2   3  0.50 inf
  370 F    1  0 -1 -2 -3  0 -3 -3 -2 -2  2 -2  1  3  0  0  0 -2  3 -1   14   4   2   2   0   6   1   1   1   1  21   2   3  11   5   7   6   0  12   2  0.23 inf
  371 D   -3  5  2  2 -5 -1 -1 -2 -1 -5 -5 -1 -4 -5 -4  3  2 -5 -4 -4    1  29  11  14   0   2   3   2   2   0   1   1   0   0   0  19  13   0   0   0  0.72 inf
  372 A    3 -4 -3 -4 -3 -2 -3  0 -3  2  1 -4  0 -1 -4 -2 -1 -5 -3  4   26   0   1   1   0   1   1   6   0  13  10   0   2   2   0   2   3   0   1  30  0.52 inf
  373 Q   -4 -5 -5 -2 -8  3  7 -7 -3 -8 -7 -4 -6 -8 -6 -2 -4 -7 -7 -7    1   0   0   2   0  13  80   0   1   0   0   0   0   0   0   3   1   0   0   0  2.20 inf
  374 I    1 -1 -4 -5 -1 -4 -5 -5 -5  5  1 -1  0 -1 -5 -4 -1 -2 -2  4   10   4   0   0   1   0   0   0   0  34  10   3   2   2   0   0   2   0   1  28  0.75 inf
  375 F   -4 -7 -7 -8 -7 -6 -7 -8 -4 -4 -1 -7 -3  6 -8 -6 -6  0  8 -5    1   0   0   0   0   0   0   0   0   0   5   0   1  35   0   0   0   1  57   0  2.48 inf
  376 T   -2 -2  1  3 -3 -2 -1 -4 -3 -2 -2 -2  0 -4 -4  3  3 -2  2 -1    1   1   7  19   0   1   4   0   0   2   3   2   2   0   0  24  21   1   7   4  0.50 inf
  377 P   -6 -7 -7 -6 -7 -6 -3 -7 -7 -7 -6 -6 -7 -8  9 -6 -6 -8 -8 -7    0   0   0   0   0   0   2   0   0   0   1   0   0   0  96   0   0   0   0   0  3.35 inf
  378 N   -1 -4 -3 -1 -6 -3 -2 -5  3 -6 -5 -2 -5 -6  8 -2 -4  3 -3 -5    4   0   1   3   0   0   3   0   6   0   1   3   0   0  70   2   0   4   1   1  1.95 inf
  379 Y   -4 -5 -6 -7 -6 -3 -6 -7 -2 -5 -5 -6  0  1 -7 -5 -3 -2 10 -5    1   0   0   0   0   1   0   0   0   0   0   0   2   3   0   0   1   0  90   0  2.95 inf
  380 L   -3 -5 -6 -6 -4 -4 -5 -6 -5  1  6 -5  3  1 -5 -5 -4  0 -2 -1    1   0   0   0   0   0   0   0   0   4  76   0   8   4   0   0   0   1   1   3  1.28 inf
  381 Y   -2 -4 -3 -4 -4 -4 -4 -5  3 -2  3 -4  0  6 -5 -2 -3 -2  4 -3    2   0   1   1   0   0   0   0   7   0  27   0   2  44   0   3   1   0  12   0  1.01 inf
  382 N   -1  3  4  1 -4  1  1 -1 -2 -4 -4  2 -1 -4 -3  1  0 -4 -3 -4    2  21  21   7   0   5   7   3   0   0   0  17   1   0   0   8   6   0   0   0  0.48 inf
  383 S    1  0 -1  1 -3 -1  1  4 -3 -4 -3 -1 -3 -4 -1  1  1 -4 -4 -3   13   4   2   8   0   1  10  35   0   0   2   3   0   0   3   9  10   0   0   0  0.43 inf
  384 N   -2 -2  4  5 -5  0  1 -1 -2 -5 -5  1 -4 -5 -1 -1 -2 -1 -4 -5    3   1  24  44   0   3   8   3   0   0   0   9   0   0   2   1   1   1   0   0  0.86 inf
  385 G    0 -4  0 -3 -4 -2 -3  6 -4 -5 -3 -2 -4 -5  0 -1 -3 -5 -5 -5    5   0   5   0   0   2   0  76   0   0   3   2   0   0   4   3   0   0   0   0  1.27 inf
  386 N   -1  3  2 -1 -3  0 -1 -1 -2 -4 -3  3 -1 -4 -3  2  2 -4 -3 -3    2  21  11   2   0   3   0   4   0   0   0  18   1   0   0  24  13   0   0   0  0.43 inf
  387 L    1  2 -3 -3 -4 -2  0 -3 -3 -3  1 -1 -2 -3  6 -2 -2 -4 -3 -3   14  17   0   0   0   0   6   0   0   0  20   1   0   0  42   0   0   0   0   0  0.83 inf
  388 A    6 -3 -3 -3 -2 -2 -2 -1 -3 -3 -3 -2 -2 -4 -2  0 -2 -4 -3 -2  100   0   0   0   0   0   0   0   0   0   0   0   0   0   0   0   0   0   0   0  1.21 inf

                      K         Lambda
Standard Ungapped    0.1336     0.3147
Standard Gapped      0.0464     0.2670
PSI Ungapped         0.1519     0.3100
PSI Gapped           0.0464     0.2670
