
Last position-specific scoring matrix computed, weighted observed percentages rounded down, information per position, and relative weight of gapless real matches to pseudocounts
           A  R  N  D  C  Q  E  G  H  I  L  K  M  F  P  S  T  W  Y  V   A   R   N   D   C   Q   E   G   H   I   L   K   M   F   P   S   T   W   Y   V
    1 M   -2 -2 -3 -4 -2 -1 -3 -4 -3  1  2 -2  8 -1 -3 -2 -2 -2 -2  0    0   0   0   0   0   0   0   0   0   0  14   0  86   0   0   0   0   0   0   0  0.91 inf
    2 I   -1 -3 -4 -4 -2 -3 -3 -4 -4  4  2 -3  1 -1 -3 -3 -1 -3 -2  4    0   0   0   0   0   0   0   0   0  40  19   0   0   0   0   0   0   0   0  42  0.48 inf
    3 E   -2  1 -1  1 -4  3  5 -3 -1 -4 -3  0 -2 -4  0 -1 -2 -4 -3 -3    0   7   0   0   0  13  75   0   0   0   0   0   0   0   5   0   0   0   0   0  0.82 inf
    4 I   -1 -4 -4 -4 -2 -3 -4 -4 -4  5  1 -3  1 -1 -3 -3 -1 -3 -2  4    0   0   0   0   0   0   0   0   0  66   0   0   0   0   0   0   0   0   0  34  0.61 inf
    5 T   -1  0  1  1 -2  3  0  0 -1 -1 -2  2 -1 -3 -2  1  2 -3 -2 -1    0   0   5   9   0  22   0   7   0   4   0  22   0   0   0   8  19   0   0   4  0.22 inf
    6 L   -2 -3 -4 -4 -2 -3 -3 -4 -3  2  5 -3  1  0  1 -3 -2 -2 -2  0    0   0   0   0   0   0   0   0   0   9  85   0   0   0   7   0   0   0   0   0  0.59 inf
    7 K   -1  0  3 -1 -3  0  0 -1  2 -1 -2  3 -2 -2  1  0 -1 -3  1 -2    5   0  20   0   0   0   0   4   7   9   0  38   0   0   5   5   0   0   7   0  0.22 inf
    8 K   -1  0  2  1 -3  3  3 -2  3 -4 -3  1 -2 -3 -2  1 -1 -3 -2 -3    0   0  11   5   0  18  34   0   9   0   0   9   0   0   0  14   0   0   0   0  0.44 inf
    9 P   -1 -2 -1  2 -3 -1 -1 -2 -2 -3 -3 -1 -3 -4  7  1 -1 -4 -3 -3    1   0   0  19   0   0   0   0   0   0   1   0   0   0  62  14   0   0   0   0  1.23 inf
   10 E   -2 -2  0  5 -4  1  3  1 -1 -4 -4 -1 -3 -4 -2 -1 -2 -4 -3 -4    0   0   0  57   0   7  22  14   0   0   0   0   0   0   0   0   0   0   0   0  0.73 inf
   11 D    0 -2  1  5 -3  2  1 -2 -1 -1 -3 -1 -2 -3 -2  1 -1 -4 -3 -2   12   0   5  53   0  14   0   0   0   8   0   0   0   0   0   9   0   0   0   0  0.50 inf
   12 F   -3 -4 -3 -4 -3 -4 -4  1 -2 -1 -1 -4 -1  7 -4 -3 -3  0  2 -2    0   0   0   0   0   0   0  14   0   0   0   0   0  86   0   0   0   0   0   0  1.01 inf
   13 L   -2 -3 -3 -4 -2 -2 -3 -4 -3  1  5 -3  1  0 -3  0 -1 -2 -2  0    0   0   0   0   0   0   0   0   0   0  86   0   0   0   0  14   0   0   0   0  0.53 inf
   14 K   -1  3 -1 -1 -4  2  0  0 -1 -4 -3  5 -2 -4 -2 -1 -1 -4 -3 -3    0  14   0   0   0   7   0   8   0   0   0  72   0   0   0   0   0   0   0   0  0.64 inf
   15 V   -1 -3 -4 -4 -2 -3 -3 -4 -4  4  1 -3  0 -1 -3 -3 -1 -3 -2  4    0   0   0   0   0   0   0   0   0  47   0   0   0   0   0   0   0   0   0  53  0.58 inf
   16 K    0  5 -1 -2 -4  1  0 -2 -1 -3 -3  4 -2 -4 -2 -1 -1 -4 -2 -3    9  60   0   0   0   0   0   0   0   0   0  31   0   0   0   0   0   0   0   0  0.73 inf
   17 E   -2 -1 -1  1 -5  1  6 -3 -1 -4 -4  0 -3 -4 -2 -1 -2 -4 -3 -3    0   0   0   0   0   0 100   0   0   0   0   0   0   0   0   0   0   0   0   0  1.14 inf
   18 T   -1 -2 -1 -2 -2 -2 -2 -2 -3 -2 -2 -2 -1 -3 -2  1  6 -3 -3 -1    0   0   0   0   0   0   0   0   0   0   0   0   0   0   0   0 100   0   0   0  0.93 inf
   19 L   -2 -3 -4 -4 -2 -3 -4 -5 -4  1  5 -3  2  0 -4 -3 -2 -2 -2  0    0   0   0   0   0   0   0   0   0   0 100   0   0   0   0   0   0   0   0   0  0.76 inf
   20 T   -1 -2 -1 -1 -2 -1  1 -2 -2 -2 -2 -1 -2 -3 -2  1  5 -3 -2 -1    0   0   0   0   0   0  14   0   0   0   0   0   0   0   0   8  78   0   0   0  0.64 inf
   21 R   -2  7 -1 -3 -4  0 -1 -3 -1 -4 -3  2 -2 -4 -3 -2 -2 -4 -3 -3    0 100   0   0   0   0   0   0   0   0   0   0   0   0   0   0   0   0   0   0  1.24 inf
   22 M   -2 -3 -4 -4  2 -3 -4 -4 -4  5  1 -3  4 -1 -4 -3 -1 -3 -2  2    0   0   0   0   5   0   0   0   0  76   0   0  19   0   0   0   0   0   0   0  0.61 inf
   23 G   -1 -3 -1 -2 -3 -3 -3  7 -3 -5 -5 -2 -4 -4 -3 -1 -2 -3 -4 -4    0   0   0   0   0   0   0 100   0   0   0   0   0   0   0   0   0   0   0   0  1.40 inf
   24 I   -2 -4 -4 -4 -2 -3 -4 -4 -4  5  1 -3  0  2 -3 -3 -1 -2 -1  3    0   0   0   0   0   0   0   0   0  58   0   0   0  14   0   0   0   0   0  28  0.50 inf
   25 A    5 -2  1 -2 -1 -1 -2  0 -2 -2 -2 -1 -2 -3 -2  1 -1 -3 -3 -1   92   0   8   0   0   0   0   0   0   0   0   0   0   0   0   0   0   0   0   0  0.64 inf
   26 N    1 -1  5  0 -2 -1 -1 -1 -1 -3 -3 -1 -2 -3 -2  3  1 -4 -3 -2   14   0  50   0   0   0   0   0   0   0   0   0   0   0   0  29   8   0   0   0  0.53 inf
   27 N   -2  4  5  2 -3  0  0 -2  0 -4 -4  1 -3 -4 -2  0 -1 -4 -3 -3    0  31  45  14   0   0   0   0   0   0   0   4   0   0   0   7   0   0   0   0  0.58 inf
   28 K   -1  2 -1 -1 -3  2  1 -2 -1 -2 -3  4 -2 -3 -2  0  1 -3 -2 -1    0  11   0   0   0   8   7   0   0   0   0  55   0   0   0   0  14   0   0   5  0.45 inf
   29 D   -1 -1  0  3 -4  0  4 -2 -1 -3 -3  1 -3 -4  3  0  1 -4 -3 -3    0   0   0  23   0   0  41   0   0   0   0   9   0   0  14   0  13   0   0   0  0.56 inf
   30 K   -2  2  2  2 -4  0  0 -2 -1 -4 -3  5 -2 -4 -2 -1 -1 -4 -3 -3    0   4  13  14   0   0   0   0   0   0   0  69   0   0   0   0   0   0   0   0  0.61 inf
   31 V   -1  1 -1 -2 -2  0 -1 -3  2  0 -1  3  1 -2 -2 -1  2 -3 -2  2    0   5   0   0   0   0   0   0   7   0   0  33   9   0   0   0  18   0   0  28  0.19 inf
   32 L   -2 -3 -4 -4 -2 -3 -4 -4 -4  2  5 -3  2  0 -4 -3 -2 -2 -2  1    0   0   0   0   0   0   0   0   0  16  84   0   0   0   0   0   0   0   0   0  0.64 inf
   33 Y   -3 -2  2 -3 -3 -2 -3 -3  1 -3 -2 -3 -2  2 -4 -2 -2  7  7 -2    0   0  14   0   0   0   0   0   0   0   0   0   0   0   0   0   0  16  70   0  1.15 inf
   34 Q   -2  0 -1 -1 -4  7  1 -3  0 -4 -3  0 -1 -4 -2 -1 -2 -3 -2 -3    0   0   0   0   0 100   0   0   0   0   0   0   0   0   0   0   0   0   0   0  1.22 inf
   35 S    0 -2  0 -1 -2 -1 -1 -1 -2 -2 -2 -1 -2 -3 -2  5  2 -4 -2  1    0   0   0   0   0   0   0   0   0   0   0   0   0   0   0  78   8   0   0  14  0.52 inf
   36 C    1 -4 -4 -4 10 -4 -4 -3 -4 -2 -2 -4 -2 -3 -3 -1 -2 -3 -3 -2   14   0   0   0  86   0   0   0   0   0   0   0   0   0   0   0   0   0   0   0  1.67 inf
   37 H   -3 -1  0 -2 -4  0 -1 -3 10 -4 -4 -2 -3 -2 -3 -2 -3 -3  1 -4    0   0   0   0   0   0   0   0 100   0   0   0   0   0   0   0   0   0   0   0  1.72 inf
   38 I   -2 -4 -4 -4 -2 -3 -4 -5 -4  6  2 -3  1 -1 -4 -3 -1 -3 -2  2    0   0   0   0   0   0   0   0   0  86  14   0   0   0   0   0   0   0   0   0  0.69 inf
   39 L   -2 -3 -4 -4 -2 -3 -4 -4 -4  3  4 -3  1  0 -4 -3 -2 -2 -2  1    0   0   0   0   0   0   0   0   0  21  79   0   0   0   0   0   0   0   0   0  0.61 inf
   40 Q   -2  0  0 -1 -3  5  1 -3  6 -3 -3  1 -1 -3 -2 -1  1 -3 -1 -3    0   0   0   0   0  54   0   0  28   0   0   4   0   0   0   0  14   0   0   0  0.68 inf
   41 K   -2  1 -1 -2 -4  0  0 -3 -2 -2  0  6 -1 -3 -2 -1 -1 -4 -2 -2    0   0   0   0   0   0   0   0   0   0  14  86   0   0   0   0   0   0   0   0  0.66 inf
   42 K   -1  1  1 -1 -4  5  2 -2  0 -3 -3  2 -1 -2 -2 -1 -1 -2  1 -3    0   5   7   0   0  49  14   0   0   0   0  17   0   0   0   0   0   0   8   0  0.54 inf
   43 G   -1 -3 -1 -2 -3 -3 -3  7 -3 -5 -5 -2 -4 -4 -3 -1 -2 -3 -4 -4    0   0   0   0   0   0   0 100   0   0   0   0   0   0   0   0   0   0   0   0  1.40 inf
   44 L   -1  4 -1 -2 -3  2  0 -3 -1 -2 -1  4 -1  0 -2 -1 -1 -3 -1 -1    0  24   0   0   0   8   0   0   0   0   4  51   0   7   0   0   0   0   0   5  0.43 inf
   45 Y   -3 -2 -3 -3 -3  2 -2 -4  1 -2 -2 -2 -2  2 -4 -2 -2  1  8 -2    0   0   0   0   0  14   0   0   0   0   0   0   0   0   0   0   0   0  86   0  1.22 inf
   46 Y   -3 -3 -3 -4 -3 -3 -3 -4  1 -2 -1 -3 -1  5 -4 -3 -3  1  7 -2    0   0   0   0   0   0   0   0   0   0   0   0   0  27   0   0   0   0  73   0  1.21 inf
   47 I   -2 -4 -4 -4 -2 -3 -4 -5 -4  5  2 -3  1 -1 -4 -3 -1 -3 -2  2    0   0   0   0   0   0   0   0   0  83   9   0   0   0   0   0   0   0   0   7  0.66 inf
   48 V    2 -3 -3 -3 -1 -2 -2 -2 -3  1  0 -2  0 -2 -2 -1  0 -3 -2  4   28   0   0   0   0   0   0   0   0   0   0   0   0   0   0   0   5   0   0  68  0.40 inf
   49 H   -3 -1  0 -2 -4  0 -1 -3 10 -4 -4 -2 -3 -2 -3 -2 -3 -3  1 -4    0   0   0   0   0   0   0   0 100   0   0   0   0   0   0   0   0   0   0   0  1.72 inf
   50 F   -3 -4 -4 -5 -3 -4 -4 -4 -2 -1  0 -4 -1  8 -5 -3 -3  0  2 -2    0   0   0   0   0   0   0   0   0   0   0   0   0 100   0   0   0   0   0   0  1.34 inf
   51 K   -2  2 -1 -2 -4  1  0 -2 -2 -4 -3  6 -2 -4 -2 -1 -1 -4 -3 -3    0   0   0   0   0   0   0   0   0   0   0 100   0   0   0   0   0   0   0   0  0.95 inf
   52 E   -2 -1 -1  2 -4  1  5 -3  2 -3 -3  0 -2  2 -2 -1 -2 -3 -1 -3    0   0   0   7   0   0  72   0   8   0   0   0   0  14   0   0   0   0   0   0  0.68 inf
   53 M   -2 -3 -4 -4 -2 -2 -3 -4 -3  1  5 -3  4  0 -4 -3 -2 -2 -2  0    0   0   0   0   0   0   0   0   0   0  79   0  21   0   0   0   0   0   0   0  0.65 inf
   54 L   -2 -3 -4 -4 -2 -3 -4 -4 -3  1  4 -3  1  4 -4 -3 -2 -1  0  0    0   0   0   0   0   0   0   0   0   0  72   0   0  28   0   0   0   0   0   0  0.61 inf
   55 R    2  3 -1 -2 -2  1  0 -2 -1 -1 -1  2  1 -3 -2  0 -1 -3 -2  0   25  20   0   0   0   9   0   0   0   0   0  24   8   0   0   0   0   0   0  14  0.22 inf
   56 M   -2  0 -3 -4 -2 -2 -3 -4 -3  1  4 -2  3  2 -3 -3 -2 -2 -1  0    0   7   0   0   0   0   0   0   0   0  67   0  12  14   0   0   0   0   0   0  0.45 inf
   57 D   -3 -2  1  7 -4 -1  1 -2  4 -4 -4 -1 -4 -4 -2 -1 -2 -5 -3 -4    0   0   0  86   0   0   0   0  14   0   0   0   0   0   0   0   0   0   0   0  1.15 inf
   58 G   -1 -3 -1 -2 -3 -3 -3  7 -3 -5 -5 -2 -4 -4 -3 -1 -2 -3 -4 -4    0   0   0   0   0   0   0 100   0   0   0   0   0   0   0   0   0   0   0   0  1.40 inf
   59 R   -2  4 -1 -2 -3  0  0 -3  2 -2 -1  3 -1 -3 -2 -1  1 -3 -2 -2    0  43   0   0   0   0   0   0   8   0   9  27   0   0   0   0  14   0   0   0  0.44 inf
   60 Q   -1  0  1  3  1  3  1 -2  1 -3 -3  1 -2 -2  2  0 -1 -2  1 -3    0   4   4  21   5  29   0   0   4   0   0   9   0   0  11   5   0   0   8   0  0.34 inf
   61 V    1 -2  3 -2 -2 -2 -2 -2 -2  1 -1 -2 -1 -2 -2 -1  2 -4 -2  3   12   0  22   0   0   0   0   0   0   0   0   0   0   0   0   0  14   0   0  52  0.26 inf
   62 E   -1  2  3  3 -3  0  2  0 -1 -2 -3  1 -2 -3 -2  0 -1 -4 -3 -1    0  14  20  28   0   0  14   8   0   0   0   5   0   0   0   4   0   0   0   7  0.35 inf
   63 M   -2 -3 -4 -4 -2 -2 -3 -4 -3  3  3 -3  4  2 -3 -3 -1 -2 -1  1    0   0   0   0   0   0   0   0   0  34  34   0  25   8   0   0   0   0   0   0  0.44 inf
   64 T    0 -1  1  1 -2  0  0 -1 -1 -2 -3  1 -2 -3 -2  3  3 -3 -2 -2    0   0   8   8   0   0   0   0   0   0   0  14   0   0   0  37  34   0   0   0  0.38 inf
   65 E    0  1  0  3 -3  2  3  0 -1 -3 -1  0 -2 -3 -2  0 -1  3 -2 -2    5   8   0  18   0  12  28   8   0   0   8   0   0   0   0   8   0   5   0   0  0.28 inf
   66 E   -1 -1  3  2 -4  1  5 -2 -1 -4 -4  0 -3 -4 -2  1 -1 -4 -3 -3    0   0  20   5   0   0  62   0   0   0   0   0   0   0   0  14   0   0   0   0  0.66 inf
   67 D   -3 -2  1  7 -5 -1  1 -2 -2 -4 -5 -2 -4 -5 -2 -1 -2 -5 -4 -4    0   0   0 100   0   0   0   0   0   0   0   0   0   0   0   0   0   0   0   0  1.39 inf
   68 E   -1 -2 -3 -2 -2 -1  1 -4 -2  3  0  0  0 -1 -3 -2 -1 -2  1  3    0   0   0   0   0   0  18   0   0  40   0   7   0   0   0   0   0   0   8  27  0.24 inf
   69 V    1 -1 -1  1 -2  3  1 -1 -1 -1  1 -1  0 -2 -2  0 -1 -3 -2  0   14   0   0  12   0  28   5   5   0   0  21   0   0   0   0   4   0   0   0  11  0.14 inf
   70 R   -2  7 -1 -3 -4  0 -1 -3 -1 -4 -3  2 -2 -4 -3 -2 -2 -4 -3 -3    0 100   0   0   0   0   0   0   0   0   0   0   0   0   0   0   0   0   0   0  1.24 inf
   71 R   -2  6 -1 -2  2  2 -1 -3 -1 -3 -2  1  1 -3 -3 -1  0 -3 -2 -2    0  65   0   0   7  14   0   0   0   0   0   0   8   0   0   0   7   0   0   0  0.63 inf
   72 D   -2 -1  6  2 -3 -1 -1 -1  0 -3 -2 -1 -2 -2 -3  0 -1 -3  1 -3    0   0  74  12   0   0   0   0   0   0   7   0   0   0   0   0   0   0   7   0  0.75 inf
   73 S   -1  3  4  2 -3  0  0 -2 -1 -3 -3  2 -2 -3 -2  2 -1 -4 -2 -3    0  28  28  12   0   0   0   0   0   0   0  14   0   0   0  19   0   0   0   0  0.44 inf
   74 I    1 -4 -4 -4 -2 -3 -4 -4 -4  6  1 -3  0 -1 -3 -2 -1 -3 -2  2   14   0   0   0   0   0   0   0   0  86   0   0   0   0   0   0   0   0   0   0  0.59 inf
   75 A    4 -3 -3 -3 -1 -2 -2 -1 -3  3 -1 -2 -1 -2 -2  0 -1 -3 -2  1   66   0   0   0   0   0   0   0   0  34   0   0   0   0   0   0   0   0   0   0  0.41 inf
   76 W   -1  2 -1 -1 -3  3  2 -2 -1 -2 -2  2  0 -2 -2  0  0  2  1 -1    0   9   0   0   0  24  14   0   0   0   0  22   5   0   0   4   7   4   7   5  0.28 inf
   77 L   -2 -3 -4 -4 -2 -2 -3 -4 -3  1  5 -3  4  0 -4 -3 -2 -2 -2  0    0   0   0   0   0   0   0   0   0   0  80   0  20   0   0   0   0   0   0   0  0.65 inf
   78 L   -2 -3 -4 -4 -2 -3 -4 -5 -4  1  5 -3  2  0 -4 -3 -2 -2 -2  0    0   0   0   0   0   0   0   0   0   0 100   0   0   0   0   0   0   0   0   0  0.76 inf
   79 E    0 -1  0  0 -3  1  4 -2 -1 -1 -2  1 -2 -1 -2  1 -1 -3 -2  0    9   0   5   0   0   4  44   0   0   0   0   9   0   4   0  12   0   0   0  14  0.28 inf
   80 D   -1 -1  2  5 -3  2  2 -2 -1 -4 -4  0 -3 -4 -2  1 -1 -4 -3 -3    0   0  14  45   0  13  13   0   0   0   0   0   0   0   0  15   0   0   0   0  0.60 inf
   81 W   -4 -4 -5 -6 -4 -3 -4 -4 -4 -4 -3 -4 -3  0 -5 -4 -4 12  1 -4    0   0   0   0   0   0   0   0   0   0   0   0   0   0   0   0   0 100   0   0  3.24 inf
   82 G   -1 -2  3  2 -3 -1 -1  5 -2 -4 -4  0 -3 -4 -3 -1 -2 -4 -3 -4    0   0  22  14   0   0   0  59   0   0   0   5   0   0   0   0   0   0   0   0  0.74 inf
   83 L   -2 -3 -4 -4 -2 -2 -3 -4 -3  1  4 -3  4  3 -4 -3 -2 -2 -1  0    0   0   0   0   0   0   0   0   0   0  65   0  21  14   0   0   0   0   0   0  0.54 inf
   84 I   -1 -4 -4 -4  7 -3 -4 -4 -4  4  0 -3  0 -2 -3 -2 -1 -3 -2  3    0   0   0   0  38   0   0   0   0  38   0   0   0   0   0   0   0   0   0  24  0.69 inf
   85 E   -1  0  0  1 -3  2  3 -1 -1 -2 -3  2 -2 -3 -2  1  1 -3 -2 -1    0   0   0   9   0   7  26   4   0   0   0  26   0   0   0  11  13   0   0   4  0.30 inf
   86 I   -1 -3 -4 -4 -2 -3 -4 -4 -4  5  1 -3  1 -1 -3 -3 -1 -3 -2  4    0   0   0   0   0   0   0   0   0  58   5   0   0   0   0   0   0   0   0  37  0.56 inf
   87 V    1 -2 -3 -3 -1 -2 -1 -3 -3  3  1 -2  1 -1 -2 -1 -1 -3 -2  3   14   0   0   0   0   0   5   0   0  20  14   0   0   0   0   0   0   0   0  43  0.24 inf
   88 P   -1 -1  2  4 -2  0  0 -1  2 -3 -3  0 -2 -3  2  1  1 -3 -2 -2    1   1   8  39   0   0   1   1   8   1   1   5   0   0  10   9  14   0   0   1  0.39 inf
   89 G    0 -1 -1  0 -2  0  1  0 -1 -2 -2  0 -1 -2  4  1  1 -2 -2 -1    6   1   1   5   0   1  11   6   1   1   2   5   1   1  27  15  10   0   1   5  0.36 inf
   90 Q    0 -1  0  3 -2  1  2  0  1 -2 -2  0 -2 -3 -1  1  1 -3 -2 -2    5   1   1  26   0   5  19   5   5   1   1   1   0   1   1  11  15   0   1   1  0.27 inf
   91 R   -1  2  0 -1 -2  3  2 -2  2 -2  0  1 -1 -2 -1  0  0 -2 -1 -1    2  13   1   1   0  30  14   2   6   1  11   5   0   1   1   2   8   0   1   1  0.24 inf
   92 T   -1 -1 -1 -1 -2  1  1 -2 -2  1  0  0  2 -1  2 -1  1 -2 -2  1    1   0   0   1   0   7  10   1   0  17   5   9  14   0   9   1  12   0   0  12  0.12 inf
   93 F   -1 -1 -1  0 -2  0  1 -2 -1  0  0  0  1  3 -2 -1  1 -1  0  0    4   0   0   4   0   4  18   0   0   9   0   4   7  27   0   0  15   0   0   4  0.13 inf
   94 M    0 -1  1  4 -3  0  3  1 -1 -3 -2 -1  0 -3 -2  0  0 -4 -3 -2    4   0   5  31   0   0  28  14   0   0   4   0   4   0   0   5   5   0   0   0  0.37 inf
   95 K    1  0 -2 -2 -2 -1  0  0 -2  1  1  0  0  0 -2 -1  0 -2 -1  1   21   8   0   0   0   0   9   6   0   4  15   4   0   4   0   0   5   0   0  22  0.06 inf
   96 D    2 -2 -1  1 -2 -1  1  0 -2 -2 -2 -1 -2 -3  2  2  1 -3 -2  0   28   0   0  10   0   0   9   4   0   0   0   0   0   0  12  23   5   0   0   7  0.26 inf
   97 L   -1 -2  1  1 -2 -1  0  0 -2 -1 -1 -1 -1 -2  5  0  0 -3 -2 -1    1   1   8   9   0   1   6   6   0   5   9   1   0   1  41   6   5   0   0   1  0.58 inf
   98 T   -1  1  0 -1 -2  2 -1 -2  2  0  1  0  2 -1 -2  0  2 -2 -1  0    1   8   5   1   0  14   1   1   9   1  21   1   8   1   1   1  20   0   0   6  0.10 inf
   99 N   -1 -1  6  0 -3 -1 -1 -1  0 -3 -3 -1 -2  0 -2  2  2 -3 -2 -3    0   0  63   0   0   0   0   0   0   0   0   0   0   7   0  16  14   0   0   0  0.62 inf
  100 N   -1  1  4  0 -3  3  1  1  0 -4 -3  1 -2 -1 -2  0 -1 -3 -2 -3    0   8  41   0   0  20   7  14   0   0   0   5   0   5   0   0   0   0   0   0  0.42 inf
  101 F   -2 -4 -4 -4 -2 -4 -4 -4 -3  3  0 -4  0  6 -4 -3 -2 -1  1  2    0   0   0   0   0   0   0   0   0  28   0   0   0  58   0   0   0   0   0  14  0.65 inf
  102 R   -2  5 -1 -2 -4  1  0 -3  2 -4 -3  4 -2 -4 -2 -1 -2 -4 -2 -3    0  51   0   0   0   0   0   0   7   0   0  42   0   0   0   0   0   0   0   0  0.74 inf
  103 V   -1 -3 -4 -4 -2 -3 -3 -4 -4  3  0 -3  0 -1 -3 -2 -1 -4 -2  5    0   0   0   0   0   0   0   0   0   7   0   0   0   0   0   0   0   0   0  93  0.69 inf
  104 I   -2 -3 -4 -4 -2 -3 -4 -4 -4  4  3 -3  1 -1 -3 -3 -1 -3 -2  3    0   0   0   0   0   0   0   0   0  53  26   0   0   0   0   0   0   0   0  22  0.49 inf
  105 S    1  2  0 -1 -2  0 -1 -1 -1 -3 -3  2 -2 -3 -2  4  1 -3 -2 -2    4  14   0   0   0   0   0   0   0   0   0  14   0   0   0  59   9   0   0   0  0.43 inf
  106 F   -3 -2 -1 -3 -4 -1 -2 -3  8 -3 -2 -2 -2  4 -3 -2 -3 -1  4 -3    0   0   0   0   0   0   0   0  58   0   0   0   0  27   0   0   0   0  16   0  0.95 inf
  107 K    0  2  0  1 -3  2  0 -2 -1 -3 -3  4 -2 -4 -2  1 -1 -3 -2 -3    5   9   0   8   0  14   0   0   0   0   0  54   0   0   0  11   0   0   0   0  0.46 inf
  108 Q   -2  0  0  4 -4  5  3 -2 -1 -4 -3  0 -2 -4 -2 -1 -1 -3 -3 -3    0   0   0  36   0  49  15   0   0   0   0   0   0   0   0   0   0   0   0   0  0.75 inf
  109 K   -1  1 -1 -2 -3  1  0 -2 -2 -2 -3  6 -2 -4 -2  0 -1 -4 -3 -1    0   0   0   0   0   0   0   0   0   0   0  87   0   0   0   5   0   0   0   8  0.69 inf
  110 H    2 -1  1  1  1 -1  0  2  2 -3 -3  0 -2 -3  1  1 -1 -3 -2 -2   24   0   8   8   4   0   5  22   8   0   0   5   0   0   8   7   0   0   0   0  0.25 inf
  111 E   -2 -1  3  4 -4  1  4 -2 -1 -4 -4  0 -3 -4 -2  0 -1 -4 -3 -3    0   0  24  29   0   0  47   0   0   0   0   0   0   0   0   0   0   0   0   0  0.73 inf
  112 W   -4 -4 -5 -6 -4 -3 -4 -4 -4 -4 -3 -4 -3  0 -5 -4 -4 12  1 -4    0   0   0   0   0   0   0   0   0   0   0   0   0   0   0   0   0 100   0   0  3.24 inf
  113 K   -1  0  1 -1 -2  1  0 -2 -2  1 -1  3 -1 -3 -2  0  3 -3 -2 -1    0   0   5   0   0   4   4   0   0  16   0  32   0   0   0   0  38   0   0   0  0.27 inf
  114 L   -2 -3 -4 -4 -2 -3 -3 -4  2  1  5 -3  1  0 -4 -3 -2 -2 -1  0    0   0   0   0   0   0   0   0   7   0  93   0   0   0   0   0   0   0   0   0  0.65 inf
  115 V   -1  1 -1 -1 -2  0  2 -3 -2  1  0  2  0 -2 -2 -1  1 -3 -2  2    0   5   0   0   0   0  20   0   0  14   4  20   0   0   0   0  14   0   0  23  0.15 inf
  116 P    1 -2 -1 -1 -2 -1  0 -2  1 -3 -3 -1 -2 -1  5  2  0 -2  2 -2   13   0   0   0   0   0   5   0   5   0   0   0   0   0  32  27   4   0  14   0  0.55 inf
  117 K   -2  2 -1 -2 -4  1  0 -2 -2 -4 -3  6 -2 -4 -2 -1 -1 -4 -3 -3    0   0   0   0   0   0   0   0   0   0   0 100   0   0   0   0   0   0   0   0  0.95 inf
  118 Y   -3 -3 -3 -4 -3 -3 -3 -4  1 -2 -2 -3 -2  4 -4 -3 -3  1  8 -2    0   0   0   0   0   0   0   0   0   0   0   0   0  14   0   0   0   0  86   0  1.34 inf
  119 T   -1  3  3 -1 -3  1  0 -2 -1 -1 -2  2 -1 -3 -2  0  2 -3 -2 -1    0  24  22   0   0   5   0   0   0   8   0  20   0   0   0   0  20   0   0   0  0.30 inf
  120 I   -2 -4 -4 -4 -2 -3 -4 -4 -4  5  1 -3  1 -1 -3 -3 -1 -3 -2  2    0   0   0   0   0   0   0   0   0 100   0   0   0   0   0   0   0   0   0   0  0.63 inf

                      K         Lambda
Standard Ungapped    0.1385     0.3225
Standard Gapped      0.0460     0.2670
PSI Ungapped         0.1498     0.3192
PSI Gapped           0.0460     0.2670
