
Last position-specific scoring matrix computed, weighted observed percentages rounded down, information per position, and relative weight of gapless real matches to pseudocounts
           A  R  N  D  C  Q  E  G  H  I  L  K  M  F  P  S  T  W  Y  V   A   R   N   D   C   Q   E   G   H   I   L   K   M   F   P   S   T   W   Y   V
    1 A    4 -2 -1 -2 -1 -1 -1  0 -2 -2 -2 -1 -1 -3 -1  2  0 -3 -2 -1   81   0   0   0   0   0   0   0   0   0   0   0   0   0   0  19   0   0   0   0  0.45 inf
    2 P   -1 -3 -4 -4  3 -3 -3 -4 -3  3  2 -3  0 -1  2 -2 -1 -3 -2  2    0   0   0   0  10   0   0   0   0  34  24   0   0   0  12   0   0   0   0  20  0.39 inf
    3 Q   -1  1  1  2 -3  1  1 -2 -1  0 -1  2  0 -3 -2  0  1 -3 -2 -1    0   4   9  14   0   8  11   0   0   9   0  20   6   0   0   4  12   0   0   3  0.18 inf
    4 F   -3 -4 -4 -5 -3 -4 -4 -4 -3  0  2 -4  1  7 -4 -3 -3  0  1 -1    0   0   0   0   0   0   0   0   0   0  28   0   3  69   0   0   0   0   0   0  0.95 inf
    5 F   -2  5 -2 -3 -3  0 -1 -3  1 -1 -2  1 -1 -1 -3 -2  0 -3  0  2    0  50   0   0   0   0   0   0   5   0   0   5   0   3   0   0   6   0   3  28  0.43 inf
    6 N    0 -1  4  0 -3 -1 -1  1  4 -3 -3  0 -2 -3 -2  2  0 -4 -2 -3   10   0  37   0   0   0   0  11  16   0   0   3   0   0   0  17   6   0   0   0  0.44 inf
    7 I    1 -2  0 -2 -2  0 -2 -2 -2 -1 -2 -1 -1 -3  1  1  5 -3 -2  0   15   0   3   0   0   3   0   0   0   3   0   0   0   0   5   3  66   0   0   3  0.53 inf
    8 I   -1 -2 -2 -3 -2  2 -2 -3 -3  3  1  0  0 -1 -3 -2  0 -3 -2  3    0   0   0   0   0  15   0   0   0  33  11   5   0   0   0   0   8   0   0  28  0.27 inf
    9 D   -1 -2  0  5 -3 -1  0 -2 -2 -3 -3 -1 -2 -4 -2  2  4 -4 -3 -2    0   0   0  43   0   0   3   0   0   0   0   0   0   0   0  14  40   0   0   0  0.64 inf
   10 G   -1 -3  3  1 -3 -2 -2  6 -2 -5 -5 -2 -4 -4 -3 -1 -2 -4 -4 -4    0   0  18   6   0   0   0  75   0   0   0   0   0   0   0   0   0   0   0   0  1.06 inf
   11 S    0 -1  0  2 -3  1  4 -2 -1 -3 -3  0 -2 -4 -2  3  0 -4 -3 -3    3   0   0  13   0   2  36   0   0   0   0   4   0   0   0  39   3   0   0   0  0.50 inf
   12 P    1 -2 -2  0 -2 -1 -1 -2 -2 -1 -1 -1  0 -3  6 -1 -1 -3 -3  0   16   0   0   5   0   3   0   0   0   3   4   3   5   0  49   0   3   0   0   8  0.79 inf
   13 L   -2 -3 -4 -4 -2 -3 -3 -4 -3  1  5 -3  3  0 -3 -3 -2 -2 -2  0    0   0   0   0   0   0   0   0   0   3  84   0  10   0   0   0   0   0   0   0  0.72 inf
   14 N   -1  1  3  5 -4  0  2 -2 -1 -3 -4  1 -3 -4 -2  0  0 -4 -3 -3    3   8  15  45   0   0  11   0   0   0   0   8   0   0   0   3   7   0   0   0  0.57 inf
   15 F   -2 -3 -4 -4 -2 -3 -4 -4 -3  4  2 -3  1  4 -4 -3  0 -2  0  1    0   0   0   0   0   0   0   0   0  39  26   0   0  25   0   0   5   0   0   4  0.47 inf
   16 D    0  0  1  2 -3  0  2 -1 -1 -3 -3  2 -2 -3  0  2  0 -3 -2 -3    4   0   8  16   0   0  17   2   0   0   0  23   0   0   3  24   0   0   0   0  0.34 inf
   17 D    0 -1  0  1 -2  0  1  2 -1 -1 -1 -1 -1  1 -1  0  0 -1  0 -1   10   1   3  12   1   3  10  21   1   1   3   2   1  11   1   2  10   0   3   4  0.11 inf
   18 A    2 -1 -1 -1 -1 -1  0  1 -2  0  0  0 -1 -2  3  1 -1 -2 -2 -1   26   1   1   1   0   1   7  12   0   9  10   5   0   1  14   9   1   0   1   1  0.16 inf
   19 M    0  0  0 -1 -1  0 -1 -1 -1  0  1  1  1 -1  1  0  0 -2 -1  0   10   1   8   1   1   6   2   2   1   7  18  14   7   1   7   2   4   0   1   7  0.05 inf
   20 E    1  0 -1 -1 -3  1  3 -2 -1 -3 -3  3 -2 -3  3  1 -1 -3 -2 -2   14   0   0   0   0   5  27   0   0   0   1  25   0   0  18   8   0   0   0   0  0.45 inf
   21 E    0 -1  0  2 -3  0  3  1 -1 -3 -3  1 -2 -3 -1  0  1 -3 -2 -2   10   0   0  13   0   0  36  10   0   0   1  12   0   0   0   3  12   0   0   1  0.33 inf
   22 G    0 -2  0 -1 -2 -1  1  4 -2 -2  0 -1 -1 -2 -2 -1 -1 -2 -2 -2    5   1   5   1   0   1  14  51   0   1  15   1   0   1   1   1   1   0   1   1  0.41 inf
   23 R   -1  4 -1 -1 -3  0  2 -1 -1 -2 -2  0 -1  2 -2 -1 -1 -2  0 -1    1  37   1   1   0   1  20   6   0   1   2   1   0  17   1   1   1   0   1   8  0.28 inf
   24 D   -2 -1  0  5 -4  0  2 -1 -2 -1 -3  1  0 -4 -2 -1 -2 -4 -3 -3    0   0   0  58   0   0  16   3   0   5   0  12   4   0   0   0   0   0   0   0  0.70 inf
   25 T    0 -2 -1 -2 -2 -2 -2 -2 -3 -2 -2 -2 -2 -3 -2  1  6 -4 -3 -1    8   0   0   0   0   0   0   0   0   0   0   0   0   0   0   8  85   0   0   0  0.92 inf
   26 E   -1 -2  0  2 -4  1  3 -3 -2 -4 -4  0 -3 -4  6 -1 -2 -4 -3 -3    4   0   5  12   0   4  28   0   0   0   0   2   0   0  45   0   0   0   0   0  0.99 inf
   27 A    5 -2 -2 -2 -2  0  1  1 -2 -2 -2 -1 -2 -3 -2  0 -1 -3 -3  0   71   0   0   0   0   5  11   8   0   0   0   0   0   0   0   0   0   0   0   6  0.53 inf
   28 V    3 -3 -3 -3 -2 -2 -1 -2 -3  1 -1 -2 -1  0 -3 -1 -1 -3 -2  4   32   0   0   0   0   0   5   0   0   0   0   0   0   4   0   0   0   0   0  59  0.44 inf
   29 K    1  2  0 -2 -4  0  0 -2 -2 -3 -2  6 -2 -4 -2 -1 -2 -4 -3 -3   11   4   2   0   0   0   4   0   0   0   3  77   0   0   0   0   0   0   0   0  0.75 inf
   30 H    1  1  1  0 -3  2  3  0  3 -3 -3  1 -2 -3 -2  0  0 -3 -2 -2   13   5   5   0   0  14  25   5   9   0   0  10   0   0   0   5   6   0   0   3  0.28 inf
   31 F   -3 -4 -4 -4 -3 -1 -4 -4 -2  0 -1 -4 -1  7 -5 -3 -3  0  2  0    0   0   0   0   0   5   0   0   0   5   0   0   0  84   0   0   0   0   0   6  1.22 inf
   32 L   -2  1 -2  0 -2 -1 -2 -3 -2  0  3  2  2  0 -3 -1 -1 -3 -2 -1    0   7   0   5   0   0   0   0   0   3  47  21   9   2   0   6   0   0   0   0  0.24 inf
   33 E    2 -1  2  1 -3  3  3 -2 -1 -3 -3  0 -2 -4 -2  1  0 -3 -3 -2   22   0  15   3   0  16  31   0   0   0   0   4   0   0   0   7   2   0   0   0  0.41 inf
   34 T    0 -2 -1  2 -2 -2 -2 -3 -3 -2 -3 -2 -2 -3 -2  1  6 -4 -3 -1    5   0   0  12   0   0   0   0   0   0   0   0   0   0   0   5  79   0   0   0  0.85 inf
   35 G    0 -3 -2 -3  3 -3 -3  6 -3 -3 -4 -3 -3 -4 -3 -1  0 -4 -4 -2    2   0   0   0   9   0   0  76   0   0   0   0   0   0   0   0   8   0   0   4  1.05 inf
   36 E    0  0 -1 -2 -2  0  1 -3  1  0 -1  3 -1 -3 -2  0 -1 -4 -2  2    5   2   0   0   0   2  10   0   6   5   0  29   0   0   0  10   0   0   0  31  0.22 inf
   37 N   -3 -2  7  1 -4 -1 -1 -2 -1 -4 -5  0 -3 -4 -3 -1 -1 -5 -3 -4    0   0  89   3   0   0   0   0   0   0   0   4   0   0   0   0   0   0   0   0  1.45 inf
   38 V   -1 -3 -3 -3 -4 -2 -1 -3 -1  0 -2 -1 -3 -4  7 -1 -2 -5 -4  0    2   0   0   0   0   0   3   0   1   6   4   2   0   0  70   4   0   0   0   7  1.46 inf
   39 Y   -4 -3 -4 -5 -4 -3 -4 -5  0 -3 -3 -4 -3  3 -5 -3 -3  1  9 -3    0   0   0   0   0   0   0   0   0   0   0   0   0   9   0   0   0   0  91   0  1.97 inf
   40 N   -1  1  4  0 -3  0  1 -2 -1  1 -1 -1 -1 -3 -2  0  1 -4 -2  0    4  10  32   4   0   5   9   0   0  13   4   0   0   0   0   2  11   0   0   8  0.23 inf
   41 E   -1 -2  0  2 -3  0  2  4 -2 -4 -2 -1 -3 -2 -3  0  0 -4 -3 -3    0   0   4  13   0   2  22  44   0   0   4   1   0   2   0   2   7   0   0   0  0.52 inf
   42 D   -2 -2  5  5 -4 -1  0 -2 -2 -1 -3  0 -3 -4 -3  0 -1 -5 -3  0    0   0  37  41   0   0   0   0   0   4   0   6   0   0   0   3   0   0   0   9  0.73 inf
   43 P    2  0 -2 -1 -3  1  2 -2 -2 -3 -3  2  0 -2  3  0 -1 -3 -2 -2   30   2   0   1   0   6  18   0   0   0   0  13   5   2  19   3   0   0   0   0  0.40 inf
   44 E    1 -2  1  2 -3  0  3  0 -1 -3 -2 -1 -2 -3 -2  2  0 -3  0 -2   15   0   9  16   0   0  26   6   0   0   2   0   0   0   0  16   3   0   4   3  0.30 inf
   45 I    4 -2 -3 -3  5 -2 -1 -2  0  0 -2  0 -2 -3 -2 -1 -1 -4 -3  1   57   0   0   0  16   0   3   0   3   3   0   6   0   0   0   0   0   0   0  12  0.50 inf
   46 L   -1 -3 -4 -4 -2 -3 -2 -4 -4  4  3 -3  1 -1 -3 -3 -1 -3 -2  2    6   0   0   0   0   0   2   0   0  39  41   0   2   0   0   0   2   0   0   7  0.50 inf
   47 P    1  0  0  0 -3  1  1 -2 -2 -3 -3  3 -2 -3  3  0 -1 -3 -1 -2   18   2   4   3   0   5   6   0   0   0   0  36   0   0  15   6   0   0   2   3  0.37 inf
   48 E    1  1  1 -1 -3  3  2 -1 -1 -3 -3  3 -2 -4 -2 -1  0 -3 -3 -1   13   5   6   0   0  14  20   3   0   0   0  30   0   0   0   0   4   0   0   5  0.35 inf
   49 A    0 -4 -2 -3 -4 -3 -4  7 -4 -5 -5 -3 -4 -5 -4 -2 -3 -4 -5 -5    3   0   0   0   0   0   0  97   0   0   0   0   0   0   0   0   0   0   0   0  1.67 inf
   50 E   -2  0 -1 -1 -4  1  3 -1  1 -4 -4  5 -3 -4 -2 -1 -2 -4  0 -3    0   0   0   0   0   2  28   4   4   0   0  55   0   0   0   2   0   0   3   0  0.69 inf
   51 E    1  2  0  0 -3  1  2 -1 -1 -3 -3  2 -2 -3 -2  2  0 -3 -2 -1   12  10   2   2   0   6  14   3   0   0   0  22   0   0   0  23   4   0   0   3  0.29 inf
   52 L   -2  0 -3 -3 -2 -2 -3 -4 -3  3  3  0  1 -1 -3 -2  1 -3 -2  1    0   4   0   0   0   0   0   0   0  28  44  11   0   0   0   0   9   0   0   4  0.37 inf
   53 Y   -4 -4 -4 -5 -4 -4 -4 -5 -1 -2 -1 -4 -2  7 -5 -4 -3  3  6 -2    0   0   0   0   0   0   0   0   0   0   0   0   0  66   0   0   0   4  31   0  1.49 inf
   54 A    1  0 -2 -2 -2  0  0 -1 -2  0  3  0  2 -1 -2  0  0 -3 -2  0   18   5   0   0   0   3   7   2   0   0  40   5   6   0   0   8   3   0   0   3  0.16 inf
   55 G    0 -2  0  0 -2  0  0 -1 -1 -2 -3  0 -2 -1 -2  2  3  1  4 -2    5   0   5   4   0   3   8   3   0   0   0   3   0   0   0  16  28   2  24   0  0.33 inf
   56 M    3 -2  3 -1 -2 -1 -1 -1  1 -1 -2 -1  1 -3 -2  3  1 -4 -2 -2   33   0  17   0   0   0   0   0   5   3   0   0   5   0   0  31   8   0   0   0  0.39 inf
   57 C   -2 -5 -5 -6 11 -5 -6 -5 -5 -3 -3 -5 -3 -4 -5 -3 -3 -4 -4 -3    0   0   0   0 100   0   0   0   0   0   0   0   0   0   0   0   0   0   0   0  2.92 inf
   58 S    1 -2  0 -2 -2  0 -1  0 -2 -1 -1 -1 -2 -3 -2  4  2 -4 -3  0    9   0   2   0   0   4   0   5   0   3   5   0   0   0   0  50  18   0   0   6  0.38 inf
   59 G    2 -2 -2 -2 -3  2 -2  4 -2 -2 -3 -2 -2  0 -1 -1  1 -3 -2 -2   26   0   0   0   0  12   0  42   0   3   0   0   0   5   2   0   9   0   0   0  0.48 inf
   60 C   -2 -5 -5 -6 11 -5 -6 -5 -5 -3 -3 -5 -3 -4 -5 -3 -3 -4 -4 -3    0   0   0   0 100   0   0   0   0   0   0   0   0   0   0   0   0   0   0   0  2.92 inf
   61 H   -4 -2 -1 -3 -5 -1 -2 -4 10 -5 -5 -3 -4 -3 -4 -3 -4 -4  0 -5    0   0   0   0   0   0   0   0 100   0   0   0   0   0   0   0   0   0   0   0  2.51 inf
   62 G    0 -3  0 -2 -3 -3 -3  6 -3 -4 -2 -3 -3 -4 -3 -1 -3 -4 -4 -4    3   0   3   0   0   0   0  87   0   0   4   0   0   0   0   0   0   0   0   0  1.32 inf
   63 H    2 -2 -1  0 -3 -1  0  1  6 -3 -2 -1 -2 -3  3 -1 -2 -4 -1 -3   21   0   0   4   0   0   7  11  37   0   3   3   0   0  15   0   0   0   0   0  0.58 inf
   64 Y   -2  0  2  2 -3  1  1 -2  3 -2  0  0 -1  0 -2 -1  1 -3  1 -1    0   3  14  16   0   6  11   0  10   0  16   3   0   3   0   0  10   0   5   3  0.17 inf
   65 A    4 -3 -2 -3 -2 -2 -3  4 -3 -3 -1 -2  0 -3 -3 -1 -2 -4 -3 -2   50   0   0   0   0   0   0  42   0   0   5   0   4   0   0   0   0   0   0   0  0.72 inf
   66 E   -2  0 -1  1 -4  1  5 -1 -1 -4 -3  1  0 -4 -2  0  0 -4 -3 -3    0   4   0   6   0   4  57   5   0   0   0   9   5   0   0   4   6   0   0   0  0.62 inf
   67 G   -1 -2 -2 -3 -4 -3 -4  7 -3 -5 -5 -3 -4 -5 -4 -2 -3 -4 -5 -5    0   2   0   0   0   0   0  98   0   0   0   0   0   0   0   0   0   0   0   0  1.69 inf
   68 K    1  0 -1  0 -3  2  1  1 -2 -3 -2  4 -2 -4 -2 -1 -2 -4 -3 -3   18   0   0   4   0  14   5  13   0   0   3  44   0   0   0   0   0   0   0   0  0.42 inf
   69 I   -1 -1 -3 -4 -2 -3 -3 -4 -4  3  2 -3  2 -1 -3 -1 -1 -3 -2  4    0   5   0   0   0   0   0   0   0  24  17   0   7   0   0   4   0   0   0  44  0.46 inf
   70 G    1 -4 -2 -3 -3 -3 -3  6 -3 -5 -5 -3 -4 -4 -3 -1 -3 -4 -4 -4   15   0   0   0   0   0   0  85   0   0   0   0   0   0   0   0   0   0   0   0  1.39 inf
   71 P   -2 -4 -4 -3 -4 -3 -3 -4 -4 -4 -4 -3 -4 -5  8 -3 -3 -5 -5 -1    0   0   0   0   0   0   0   0   0   0   0   0   0   0  94   0   0   0   0   6  2.45 inf
   72 G    2 -2  3  0 -2 -1 -1  3 -2 -3 -4 -1 -3 -4 -2  2  0 -4 -3 -3   19   0  19   5   0   0   0  30   0   0   0   0   0   0   0  24   3   0   0   0  0.49 inf
   73 L   -3 -4 -5 -5 -3 -4 -4 -5 -4  1  5 -4  1 -1 -4 -4 -2 -3 -2  0    0   0   0   0   0   0   0   0   0   6  94   0   0   0   0   0   0   0   0   0  1.04 inf
   74 N    0  0  3 -1 -2  0 -1 -1  0  0 -1 -1  1 -2 -2  0  3 -3 -2  1   10   5  19   0   0   3   0   4   2   7   0   0   7   0   0   5  25   0   0  13  0.18 inf
   75 D   -2 -3  0  6 -5 -2  0  2 -3 -4 -5  0 -4 -5 -3 -1 -1 -5 -4 -4    0   0   0  75   0   0   0  18   0   0   0   5   0   0   0   0   3   0   0   0  1.17 inf
   76 A    1  0  1  4 -3 -1  1  0 -2 -3 -3  0 -3 -4  2  0 -1 -4 -3 -3   15   4   7  37   0   0   4   5   0   0   0   7   0   0  12   6   0   0   0   0  0.44 inf
   77 Y   -2  0  1  0 -3 -1  0 -3  0 -1 -2  0  1  1 -3 -2  0  0  6 -1    0   5   7   7   0   0   4   0   0   2   0   8   5   0   0   0   7   0  49   4  0.52 inf
   78 W   -3 -4 -4 -5 -3 -3 -4 -4 -3 -3 -1 -4  0  3 -4 -4 -3 11  3 -1    0   0   0   0   0   0   0   0   0   0   4   0   2  15   0   0   0  63   8   4  2.11 inf
   79 T   -1  1  1 -2 -2  0 -1 -3 -2  1  0  1 -1 -2 -2  0  3 -3 -2  1    0   8   7   0   0   5   0   0   0  15   8  10   0   0   0   0  38   0   0   7  0.23 inf
   80 Y   -3 -3 -1 -3 -4 -2 -3 -4  5 -3 -3 -3 -2  1  0 -3 -3  0  8 -3    0   0   4   0   0   0   0   0  15   0   0   0   0   0   5   0   0   0  72   0  1.36 inf
   81 P    1 -2  0 -1 -2 -1 -1  1 -2 -2 -2 -1 -2 -3  6  0 -1 -3 -2 -2   18   1   6   1   0   1   4   9   1   1   2   1   1   1  42   6   1   0   1   2  0.70 inf
   82 G    0  1 -1 -1 -2  1  0  2 -1 -2 -2  4  1 -2 -1  0  0 -2 -2 -2    4   6   1   2   0   6   2  16   0   1   2  39   8   1   1   3   7   0   1   1  0.26 inf
   83 N    0 -2  5  3 -4 -1 -1  3  1 -4 -4  0 -3 -4 -3 -1 -2 -4 -3 -4    8   0  42  16   0   0   0  25   5   0   0   4   0   0   0   0   0   0   0   0  0.66 inf
   84 E    2 -1  1 -1 -2  0  0  0 -2  0  0  1 -1 -2 -2  1  1 -3 -2  0   34   0   9   0   0   2   6   4   0   8   8  12   0   0   0   6   8   0   0   4  0.14 inf
   85 T   -1 -2  1  1 -2 -2  0 -2 -2 -2 -3 -2 -2 -3  1  0  6 -3 -3 -2    1   0   5   9   0   0   3   1   0   0   1   0   0   0   6   1  72   0   0   0  0.75 inf
   86 D   -2 -2  3  6 -4 -1  1 -2 -2 -2 -4 -2 -3 -4  0 -1 -2 -4 -3 -3    1   0  14  68   0   0   4   1   0   4   1   0   0   0   4   1   0   0   0   0  1.00 inf
   87 V    1  0 -1 -2 -3  2  1 -2 -2 -1 -2  5 -2 -3  0  0 -1 -4 -3  0   14   0   0   0   0   8   5   0   0   2   0  53   0   0   3   4   0   0   0  11  0.43 inf
   88 G    0 -3 -1  0 -3  0  1  5 -3 -2 -4 -2 -3 -4 -3  0 -2 -4 -4 -3    5   0   0   4   0   4  11  68   0   5   0   0   0   0   0   4   0   0   0   0  0.86 inf
   89 L   -2 -3 -4 -4 -2 -3 -4 -4 -4  3  4 -3  5 -1 -4 -3 -2 -3 -2  2    0   0   0   0   0   0   0   0   0  17  46   0  22   0   0   0   0   0   0  14  0.62 inf
   90 F   -4 -4 -5 -5 -4 -5 -5 -5 -2 -2 -1 -5 -2  8 -5 -4 -4  0  3 -2    0   0   0   0   0   0   0   0   0   0   0   0   0  92   0   0   0   0   8   0  1.78 inf
   91 S   -1 -1 -1  1 -3  0  4  1  1 -4 -4  1 -3 -4 -2  2  1 -4 -3 -3    1   0   0   4   0   0  45  10   3   0   0   7   0   0   0  18  11   0   0   0  0.49 inf
   92 T   -1 -2  1 -2 -2 -2 -2 -3 -3  1 -1 -2 -1 -3 -1  1  5 -4 -3  1    0   0   7   0   0   0   0   0   0  10   2   0   0   0   2   8  63   0   0   8  0.61 inf
   93 L   -2 -4 -4 -4 -2 -4 -4 -5 -5  6  1 -4  0 -1 -4 -3 -1 -4 -3  2    0   0   0   0   0   0   0   0   0  84   7   0   0   0   0   0   2   0   0   7  1.01 inf
   94 Y    0 -2 -3 -4 -3 -2 -3 -3  1 -2  0  0  2  4 -4 -2 -3  7  5 -2    8   0   0   0   0   0   0   0   3   0   5   7   7  24   0   0   0  17  28   0  0.77 inf
   95 G    0 -2  0  0 -3  0 -2  5  2 -4 -4  0 -3 -3 -3  1 -2 -3  0 -3    6   0   2   4   0   4   0  58   7   0   0   7   0   0   0   9   0   0   3   0  0.68 inf
   96 G   -1 -3 -2 -3 -4 -3 -3  6 -3 -4 -4 -1 -3 -4 -3 -2 -3  1 -4 -1    0   0   0   0   0   0   0  85   0   0   0   5   0   0   0   0   0   2   0   7  1.28 inf
   97 A    3  1 -2 -2  1 -1 -2  1 -2 -1 -1 -1 -1 -3  0  0  2 -3 -3  0   41  12   0   0   2   0   0   9   0   3   4   0   0   0   4   0  21   0   0   4  0.27 inf
   98 T    0  2  3 -1 -3  3  1 -2 -1 -3 -3  1 -2 -2  2  1  0 -3 -2 -3    7  13  25   0   0  18   5   0   0   0   0   5   0   3  12  11   2   0   0   0  0.39 inf
   99 G    1 -1  2 -2 -3 -2 -2  5 -2 -4 -4  0 -3 -4 -3  0 -2 -4 -4 -4   11   2  11   0   0   0   0  65   0   0   0   7   0   0   0   3   0   0   0   0  0.88 inf
  100 Q    0 -2 -2 -3 -3  1 -2  4 -3  0 -1 -2  4 -3  0  0 -2 -3 -3 -1    9   0   0   0   0   9   0  42   0   5   0   0  24   0   4   4   0   0   0   3  0.48 inf
  101 M   -3 -3 -4 -5 -3 -2 -4 -5 -4 -1  0 -3 10 -2 -4 -3 -3 -3 -3 -1    0   0   0   0   0   0   0   0   0   0   0   0 100   0   0   0   0   0   0   0  2.04 inf
  102 G    1 -1 -2 -2 -3 -1 -2  5 -3 -1 -3 -1 -2 -3  3 -1 -2 -3 -3 -1    9   4   0   0   0   4   0  52   0   4   0   4   0   0  17   0   0   0   0   6  0.62 inf
  103 P    2 -3 -3 -3 -3 -2 -2  0 -3 -4 -4 -2 -3 -4  7  1 -2 -4 -4 -3   27   0   0   0   0   0   0   5   0   0   0   0   0   0  57  12   0   0   0   0  1.26 inf
  104 M   -1 -1 -2  0 -3  3 -1 -3  4 -3 -2  1  1  4 -3 -1 -2  6  0 -3    3   0   0   7   0  20   0   0  15   0   0   9   4  24   0   2   0  15   0   0  0.54 inf
  105 W   -1  0  1  0 -3  1  1  2  1 -3 -3  0 -2  0 -2  0 -1  3  2 -3    0   5   5   5   0   8  12  23   5   0   0   6   0   3   0   9   2   6  10   0  0.25 inf
  106 G   -1  0  2  1 -3  2  1  3  0 -3 -2  1 -2 -3 -2 -1 -1 -3 -2 -2    3   4  10  11   0  14   6  27   1   0   6  14   0   0   0   0   0   0   0   3  0.27 inf
  107 S   -1  1  2  2 -3  2  0  1  1 -3 -2  0 -2 -3 -2  1  0 -3 -2 -2    2  12  12  13   0  16   0  15   4   0   3   0   0   0   0  14   5   0   0   3  0.23 inf
  108 L   -2 -3 -4 -5 -2 -3 -4 -5 -4  1  5 -4  3 -1 -4 -3 -2 -3 -2  2    0   0   0   0   0   0   0   0   0   2  79   0   6   0   0   0   0   0   0  14  0.81 inf
  109 T   -1 -1  1 -1 -2  0  0  2 -2 -3 -3  1 -1 -3 -1  1  4 -3 -3 -2    0   0   6   0   0   3   6  16   0   0   0  10   2   0   1  12  43   0   0   0  0.39 inf
  110 L    0 -1 -1  0 -3  2 -1 -2 -2 -1  0  1  1 -3  4  0  1 -3 -2 -1    7   0   2   4   0  16   0   0   0   0  14   8   4   0  26   4  11   0   0   5  0.37 inf
  111 D   -3 -2  0  7 -5 -1  2 -3 -2 -5 -5  0 -4 -5 -3 -2 -2 -5 -4 -4    0   0   2  80   0   0  14   0   0   0   0   4   0   0   0   0   0   0   0   0  1.37 inf
  112 E   -2  1  1  1 -5  3  5 -3 -1 -4 -4  1 -3 -4 -2 -1 -2 -4 -3 -4    0   5   7   4   0  17  60   0   0   0   0   7   0   0   0   0   0   0   0   0  0.85 inf
  113 M   -2 -3 -4 -4 -2 -3 -4 -4 -4  4  2 -3  5 -1 -4 -2  1 -3 -2  2    0   0   0   0   0   0   0   0   0  46  10   0  22   0   0   0   9   0   0  13  0.59 inf
  114 L   -2 -3 -4 -4 -3  0 -3 -4 -3  0  4 -3  0  0 -4 -1 -2  6  2 -1    0   0   0   0   0   7   0   0   0   0  65   0   0   0   0   7   0  14   7   0  0.66 inf
  115 R   -1  1  1  0 -4  4  1 -2  1 -3 -2  4 -2 -4 -2 -1 -1 -4 -2 -3    5   5   7   4   0  24   5   0   5   0   3  42   0   0   0   0   1   0   0   0  0.50 inf
  116 T   -1 -4 -4 -4 -2 -3 -4 -4 -4  4  1 -3  0 -2 -3 -2  0 -4 -2  4    2   0   0   0   0   0   0   0   0  34   7   0   0   0   0   0   7   0   0  51  0.63 inf
  117 M    0 -3 -4 -4 -2 -2 -3 -4 -3  4  0 -3  7 -1 -4 -2 -2 -3 -2  2   11   0   0   0   0   0   0   0   0  32   0   0  44   0   0   0   0   0   0  13  0.72 inf
  118 A    5 -2 -2 -2 -2 -2 -2  0 -3 -3 -3 -2 -2 -3 -2  2  0 -4 -3 -2   71   0   0   0   0   0   0   5   0   0   0   0   0   0   0  19   5   0   0   0  0.71 inf
  119 W   -4 -4 -5 -6 -4 -4 -4 -4 -2 -3 -3 -4 -3  3 -5 -4 -4 10  6 -4    0   0   0   0   0   0   0   0   0   0   0   0   0  12   0   0   0  57  31   0  2.30 inf
  120 V   -2 -4 -4 -4 -2 -3 -4 -5 -4  5  2 -3  1 -1 -4 -3 -1 -3 -2  4    0   0   0   0   0   0   0   0   0  47  18   0   2   0   0   0   0   0   0  33  0.68 inf
  121 R   -1  6 -2 -3 -4  0  0 -3  1 -3  0  1 -2 -3 -3 -2 -2 -4 -3 -3    5  71   0   0   0   0   4   0   4   0  11   5   0   0   0   0   0   0   0   0  0.88 inf
  122 H    1 -2 -1 -1 -2 -1 -1 -2  5 -3 -3 -1 -2 -1 -2  4  2 -4 -1 -2    8   0   0   2   0   0   0   0  19   0   0   0   0   3   0  53  16   0   0   0  0.59 inf
  123 L   -2 -2  0 -3 -2  1 -2 -3  2  2  3 -2  2 -1 -3 -2 -2 -3 -1  1    0   0   8   0   0  10   0   0   9  12  47   0   4   0   0   0   0   0   0   8  0.30 inf
  124 Y   -2  1 -1  0 -3  2  1 -3  3 -3 -3  1 -2  0 -3  0 -2  0  6 -3    0   6   0   5   0  10   7   0   7   0   0   9   0   0   0  11   0   0  45   0  0.52 inf
  125 T   -1  2  0 -1 -3  0  0  1 -2 -2 -3  4 -2 -3 -2 -1  1  2 -2 -1    0   9   3   0   0   1   3  15   0   2   0  47   0   0   0   0  12   4   0   4  0.35 inf
  126 G   -1 -2  0  2 -3 -1  0  4 -2 -3 -3 -1 -3 -3 -2  1  1 -3 -3 -3    0   0   0  19   0   0   3  51   0   0   0   0   0   0   0   8  15   0   0   0  0.55 inf
  127 D   -1 -1  1  4 -3 -1  0  1 -2 -3 -3  0 -3 -4  3  0  0 -4 -3 -3    0   0   8  35   0   0   3  14   0   0   0   7   0   0  18   6   9   0   0   0  0.49 inf
  128 P    0 -2 -2 -2 -2 -1 -1 -2 -2 -1 -2  0 -2 -3  6 -1  0 -3 -2  1   10   0   0   1   0   0   1   1   0   3   1   7   0   0  54   1   3   0   0  15  0.92 inf
  129 K    3 -1 -1  1 -2  1  2  1 -1 -3 -3  1 -2 -3 -1  1 -1 -3 -2 -2   38   0   0  11   0   6  13  10   0   0   0  14   0   0   0   8   0   0   0   0  0.28 inf
  130 D   -2  0  3  4 -4  0  1  1  0 -4 -4  3 -3 -4 -2 -1 -1 -4 -3 -3    0   0  16  33   0   0   5  13   2   0   0  30   0   0   0   0   0   0   0   0  0.48 inf
  131 A    5 -1 -2 -2 -1 -1 -1 -1 -2 -2 -2  1  1 -3 -2  0 -1 -3 -2 -1   85   0   0   0   0   0   0   0   0   0   0  11   5   0   0   0   0   0   0   0  0.56 inf
  132 S   -1  0 -1  2 -3  1  2 -2 -1 -2 -3  3 -2 -3  4  0  0 -4 -3 -1    3   0   0  15   0   3  16   0   0   0   0  30   0   0  20   4   3   0   0   6  0.43 inf
  133 W   -3 -3 -4 -4 -3 -2 -1 -4 -3 -4 -3 -1 -2  0 -4 -3 -3 12  1 -4    0   0   0   0   0   0   5   0   0   0   0   4   0   0   0   0   0  91   0   0  2.73 inf
  134 L    0 -3 -4 -4 -2 -3 -3 -3 -3  1  4 -3  1  1 -3 -2 -2 -2 -1  0   10   0   0   0   0   0   0   0   0   0  84   0   0   7   0   0   0   0   0   0  0.49 inf
  135 T   -1 -1  3 -1 -2 -1 -1 -2 -1 -1 -2 -1 -1 -3 -2  1  4 -3 -2  0    0   0  27   0   0   0   0   0   0   0   0   0   0   0   0  10  53   0   0  11  0.40 inf
  136 D    0 -1  2  4 -3  0  3 -2 -1 -3 -3  0 -3 -4  2  0 -1 -4 -3 -3    8   0   9  38   0   0  36   0   0   0   0   0   0   0   9   0   0   0   0   0  0.59 inf
  137 E    1  0 -1  1 -3  1  4 -2 -1 -3 -3  2 -2 -3 -1  0 -1 -3 -2 -2   23   0   0   6   0   0  56   0   0   0   0  15   0   0   0   0   0   0   0   0  0.48 inf
  138 Q   -1  0 -1  0 -4  5  3 -2  0 -3 -3  1 -1 -4  3 -1 -1 -3 -2 -3    0   0   0   0   0  66  19   0   0   0   0   0   0   0  15   0   0   0   0   0  0.74 inf
  139 K   -1  3 -1 -1 -4  3  1 -2 -1 -3 -3  5 -2 -4 -2 -1 -1 -3 -2 -3    0  12   0   0   0  15   0   0   0   0   0  73   0   0   0   0   0   0   0   0  0.63 inf
  140 A    1  2 -1 -1 -3  1  1 -1 -1 -3 -3  4 -2 -3 -1  0  0 -3 -2 -2   16   4   0   0   0   0   5   0   0   0   0  63   0   0   0   6   5   0   0   0  0.41 inf
  141 G    1 -1  3  0 -2  0 -1  1  1 -2 -2  0 -1 -3 -2  2  2 -3 -2 -1   16   0  26   0   0   0   0   7   6   0   0   7   0   0   0  15  17   0   0   6  0.22 inf
  142 F   -2 -3 -3 -4 -3 -3 -3 -4  0 -1  0 -3 -1  6 -4 -3 -2  1  5 -1    0   0   0   0   0   0   0   0   0   0   0   0   0  69   0   0   0   0  31   0  0.87 inf
  143 T   -1  1  0 -1 -2  2  0 -2 -1 -2 -2  4 -1 -3 -1  0  3 -3 -2 -2    0   0   0   0   0   7   0   0   0   0   0  58   0   0   0   0  34   0   0   0  0.41 inf
  144 P   -1  0 -2 -2 -3  0 -1 -3 -2 -2 -1 -1 -2 -3  7 -1 -1 -4 -3 -2    0   6   0   0   0   6   0   0   0   0   8   0   0   0  79   0   0   0   0   0  1.53 inf
  145 F   -2 -3 -3 -4 -3 -3 -3 -4  0 -1  0 -3 -1  6 -4 -2 -2  1  5 -1    0   0   0   0   0   0   0   0   0   0   0   0   0  63   0   0   0   0  37   0  0.84 inf
  146 Q   -1  2  2  0 -3  3  1 -2  0 -3 -3  4 -1 -3 -1  0 -1 -3 -2 -3    0   0  13   0   0  24   0   0   0   0   0  62   0   0   0   0   0   0   0   0  0.46 inf
  147 P   -1 -2 -2 -1 -3 -1 -1 -2 -2 -3 -3 -1 -2 -3  7 -1 -1 -4 -3 -2    0   0   0   0   0   0   0   0   0   0   0   0   0   0   0   0   0   0   0   0  0.00     0.00

                      K         Lambda
Standard Ungapped    0.1374     0.3156
Standard Gapped      0.0448     0.2670
PSI Ungapped         0.1444     0.3102
PSI Gapped           0.0448     0.2670
