
Last position-specific scoring matrix computed, weighted observed percentages rounded down, information per position, and relative weight of gapless real matches to pseudocounts
           A  R  N  D  C  Q  E  G  H  I  L  K  M  F  P  S  T  W  Y  V   A   R   N   D   C   Q   E   G   H   I   L   K   M   F   P   S   T   W   Y   V
    1 C    5 -3 -3 -3  4 -2 -2 -1 -3 -3 -3 -2 -2 -4 -2  0  1 -4 -3 -2   81   0   0   0  12   0   0   0   0   0   0   0   0   0   0   0   7   0   0   0  0.89 inf
    2 A    6 -4 -3 -4 -3 -3 -3 -2 -4 -4 -4 -3 -3 -5 -3  3 -2 -5 -4 -3   76   0   0   0   0   0   0   1   0   0   0   0   0   0   0  24   0   0   0   0  1.27 inf
    3 Y   -4 -5 -5 -6 -4 -5 -5 -6 -3 -1  2 -5 -2  7 -6 -4 -4  1  6 -2    1   0   0   0   0   0   0   0   0   2  24   0   0  46   0   0   0   1  26   1  1.30 inf
    4 C    5 -5 -4 -5  8 -4 -4  2 -5 -4 -4 -4 -4 -5 -4 -2 -3 -5 -5 -3   50   0   0   0  32   0   0  18   0   0   0   0   0   0   0   0   0   0   0   0  1.34 inf
    5 V   -3 -4 -5 -6 -2 -4 -5 -6 -5  0  5 -4  6 -2 -5 -4 -3 -4 -3  1    1   0   0   0   1   0   0   0   0   1  63   0  24   0   0   0   1   0   0  10  1.13 inf
    6 T   -2 -4 -2 -3 -3 -3 -3 -4 -4 -4 -4 -3 -4 -5 -4  4  6 -5 -4 -3    0   0   0   0   0   0   0   0   0   0   0   0   0   0   0  38  62   0   0   0  1.41 inf
    7 E   -4 -3 -3 -1 -7 -1  8 -5 -3 -6 -6 -2 -5 -6 -4 -3 -4 -6 -5 -6    0   0   0   0   0   0 100   0   0   0   0   0   0   0   0   0   0   0   0   0  2.24 inf
    8 P   -1 -2 -5 -4 -6 -3 -3 -5 -4 -6 -5 -4 -5 -6  8 -2 -3 -7 -6 -5    6   3   0   0   0   0   1   0   0   0   1   0   0   0  86   2   1   0   0   0  2.45 inf
    9 G   -2 -3  4  1 -3 -1  2  5  0 -5 -5 -2 -3 -3 -4  0 -2 -3 -4 -4    1   0  22   8   0   2  13  42   2   0   0   0   0   1   0   6   1   0   0   1  0.73 inf
   10 A    6 -4 -1 -4 -1 -3 -3 -2 -4 -4 -4 -3 -3 -5 -3  2 -2 -5 -4 -2   79   0   2   0   1   0   0   1   0   0   0   0   0   0   0  17   0   0   0   1  1.25 inf
   11 G   -3 -5 -3 -4 -2 -5 -5  7 -5 -7 -7 -4 -6 -6 -5 -3 -4 -5 -6 -6    0   0   0   0   1   0   0  99   0   0   0   0   0   0   0   0   0   0   0   0  2.28 inf
   12 S   -2 -4 -2 -3 -4 -3 -3 -3 -4 -5 -5 -3 -4 -5 -4  7  2 -6 -5 -4    0   0   0   0   0   0   0   0   0   0   0   0   0   0   0  90  10   0   0   0  1.66 inf
   13 D   -5 -5  0  8 -7 -3 -1 -4 -4 -6 -7 -4 -6 -7 -5 -3 -4 -8 -6 -6    0   0   2  98   0   0   0   0   0   0   0   0   0   0   0   0   0   0   0   0  2.46 inf
   14 V    5 -4 -4 -4 -3 -3 -4 -3 -4 -1 -2 -3 -2 -4 -2 -1 -2 -5 -4  4   56   0   0   0   0   0   0   0   0   0   2   0   0   0   1   3   1   0   0  38  0.94 inf
   15 A    3 -3 -1 -3 -2 -1 -3  2 -3 -1 -2 -2 -1 -1 -2  1  0 -4 -3  2   36   0   2   0   0   3   0  16   0   1   1   0   1   4   1  10   5   0   0  21  0.37 inf
   16 G    2 -2  0 -2 -3 -2 -3  4 -2 -5 -5 -3 -3 -5 -3  4 -2 -5 -4 -4   20   1   4   0   0   0   0  29   1   0   0   0   0   0   0  44   0   0   0   0  0.83 inf
   17 I   -1 -3 -4 -5 -2  2 -3 -3 -4  2  3 -3  7 -2 -4 -3 -1 -4 -3  1    3   0   0   0   1  13   0   1   0  13  26   0  34   0   0   0   3   0   0   6  0.74 inf
   18 K   -2  4 -2 -3 -2  3  0 -4 -2 -4 -4  5 -3 -5 -3  0 -1 -5 -4 -4    2  23   1   0   1  15   3   0   0   1   0  47   0   0   0   5   2   0   0   1  0.91 inf
   19 T   -3 -4 -3 -4  0 -4 -4 -5 -5 -3  2 -4 -2 -4 -4 -1  7 -5 -4 -2    0   0   0   0   2   0   0   0   0   0  19   0   0   0   0   2  77   0   0   0  1.38 inf
   20 K   -2  5 -2 -3 -4 -1 -2 -4 -1 -3 -3  3 -2 -3 -3  0  4 -5 -3 -2    0  31   0   0   0   0   0   0   1   1   1  21   0   1   0   4  35   0   0   3  0.78 inf
   21 A    7 -4 -4 -5  0 -4 -4 -3 -4 -4 -4 -4 -4 -4 -4 -2 -3 -5 -5 -2   97   0   0   0   1   0   0   0   0   0   0   0   0   1   0   0   0   0   0   1  1.70 inf
   22 E   -2  1 -3  1 -4 -1  4 -4 -2  1 -2  1 -2 -4 -3 -2 -1 -5 -3  4    0   7   0   6   0   1  29   0   0   6   1   8   0   0   0   0   3   0   0  39  0.50 inf
   23 K   -2  4 -2  0 -4  0 -1 -4 -2 -3  1  5 -2 -4 -3 -2 -3 -2 -4 -4    1  26   1   6   0   3   1   0   0   0  16  44   0   0   0   0   0   1   0   0  0.76 inf
   24 K   -2  1  0  5 -5  1  1 -3  0 -3 -4  4 -1 -5 -3 -2 -2 -5 -4 -2    1   7   2  39   0   4   9   0   2   1   0  29   2   0   0   1   2   0   0   3  0.73 inf
   25 G   -2 -5 -1 -2 -5 -4 -3  7 -5 -7 -6 -4 -5 -6 -4 -2 -4 -5 -6 -6    1   0   2   2   0   0   1  93   0   0   0   0   0   0   1   1   0   0   0   0  1.99 inf
   26 D   -4 -4  0  8 -6 -3  0 -2 -4 -6 -6 -3 -6 -6 -4 -1 -4 -7 -6 -6    0   0   3  88   0   0   3   3   0   0   0   1   0   0   0   3   0   0   0   0  1.99 inf
   27 E   -2  2 -1  1 -5 -1  2 -1  7 -4 -4  0 -3 -1 -4 -1 -2 -3  2 -4    1  11   2   9   0   1  16   3  34   0   0   5   0   2   0   4   1   0   9   1  0.71 inf
   28 Y   -5 -5 -6 -7 -6 -5 -5 -6 -2 -5 -4 -5 -4  2 -6 -5 -5  7  9 -5    0   0   0   0   0   0   0   0   0   0   0   0   0   4   0   0   0  16  80   0  2.62 inf
   29 I   -3 -3 -5 -5 -3 -4 -5 -6 -4  4  0 -3 -1 -3 -5 -4 -2 -5 -3  6    0   1   0   0   0   0   0   0   0  29   6   2   0   0   0   0   0   0   0  63  1.15 inf
   30 I   -4 -5 -6 -6 -4 -5 -5 -6 -5  3  6 -5  0 -2 -5 -5 -3 -4 -3  0    0   0   0   0   0   0   0   0   0  19  77   0   0   0   0   0   0   0   0   3  1.24 inf
   31 N   -5 -4  9 -1 -6 -3 -3 -4 -2 -6 -7 -3 -5 -6 -5 -2 -2 -7 -5 -6    0   0  97   1   0   0   0   0   0   0   0   0   0   0   0   0   1   0   0   0  2.45 inf
   32 G   -3 -5 -3 -4 -5 -5 -5  7 -5 -7 -7 -4 -6 -6 -5 -3 -4 -5 -6 -6    0   0   0   0   0   0   0 100   0   0   0   0   0   0   0   0   0   0   0   0  2.32 inf
   33 Q   -1 -1  2 -2 -2  2 -1 -2 -2 -3 -3 -2 -2 -4 -3  4  4 -5 -4 -1    3   2  12   0   0   9   2   2   0   0   1   0   0   0   0  38  26   0   0   4  0.58 inf
   34 K   -4 -1 -3 -4 -6 -2 -2 -5 -4 -6 -6  8 -4 -6 -4 -3 -4 -6 -5 -5    0   0   0   0   0   0   0   0   0   0   0 100   0   0   0   0   0   0   0   0  2.17 inf
   35 M   -1  0  0 -4  5  1 -3 -4 -1  2 -1 -3  6  1 -4 -2 -1 -3 -1  0    5   7   5   0  12   7   0   0   2  17   1   0  30   6   0   0   3   0   1   4  0.50 inf
   36 W   -6 -6 -7 -7 -6 -6 -6 -6 -5 -4 -4 -6 -4  7 -7 -6 -5 11  2 -5    0   0   0   0   0   0   0   0   0   0   0   0   0  46   0   0   0  50   4   0  2.80 inf
   37 I   -4 -6 -6 -6 -1 -6 -6 -7 -6  8 -1 -6 -2 -3 -6 -5 -4 -6 -4  0    0   0   0   0   1   0   0   0   0  99   0   0   0   0   0   0   0   0   0   0  2.11 inf
   38 T   -3 -4 -3 -4 -4 -3 -4 -4 -5 -4 -4 -3 -4 -5 -4  2  7 -5 -5 -3    0   0   0   0   0   0   0   0   0   0   0   0   0   0   0  11  89   0   0   0  1.81 inf
   39 N   -4 -3  8 -2 -6 -3 -3  1 -2 -6 -6 -3 -5 -6 -5 -1 -3 -7 -5 -6    0   0  86   0   0   0   0   9   0   0   0   0   0   0   0   3   0   0   0   0  2.01 inf
   40 G    3 -4 -3 -4 -4 -4 -4  6 -4 -5 -5 -4 -5 -5 -4 -1 -3 -5 -5 -4   25   0   0   0   0   0   0  72   0   0   1   0   0   0   0   2   0   0   0   0  1.48 inf
   41 G   -1 -3 -1 -2 -4 -2 -2  5 -3 -3 -5 -1 -2 -4  5  0 -2 -5 -2 -3    1   0   2   1   0   1   2  48   0   1   0   4   1   0  27   5   1   0   2   2  0.92 inf
   42 K   -1 -1  0  3 -3  0  2 -3  3  0 -2  0 -2 -1 -2 -1  0 -2  2  1    3   2   3  19   0   2  17   0   9   8   1   6   0   1   1   4   4   0   8  12  0.20 inf
   43 A    6 -4 -3 -4  0 -3 -3 -1 -4 -4 -4 -3 -4 -5 -3  1 -1 -5 -4 -3   85   0   0   0   1   0   0   2   0   0   0   0   0   0   0  10   2   0   0   0  1.34 inf
   44 N   -3 -2  2  6 -5 -1  1  1  1 -5 -5 -1 -5 -5 -4  0 -2 -6 -4 -5    1   1   9  55   0   2   9  10   4   0   0   2   0   0   0   7   1   0   0   0  0.99 inf
   45 W   -2 -4 -4 -4 -2 -3 -4 -4 -3  3  0 -4 -1  1 -4 -2  3  6  1  3    2   0   0   0   0   1   0   0   0  15   6   0   1   5   0   1  22  13   5  30  0.61 inf
   46 Y   -2 -4 -5 -6 -3 -4 -5 -5 -2 -1  2 -4  0  4 -5 -4 -3 -1  8  0    4   0   0   0   0   0   0   0   0   2  18   0   2  17   0   0   0   0  52   5  1.26 inf
   47 F   -2 -4 -4 -5  0 -4 -4 -5 -4  4  1 -4 -1  2 -4 -3  2 -4 -2  4    0   0   0   0   2   0   0   0   0  23   9   0   0  10   0   0  17   0   0  39  0.66 inf
   48 L   -3 -5 -5 -6 -1 -5 -5 -6 -6  3  0 -5 -2 -3 -5 -4 -2 -5 -4  7    0   0   0   0   1   0   0   0   0  11   4   0   0   0   0   0   1   0   0  82  1.41 inf
   49 L   -3 -4 -5 -5 -3 -4 -5 -4 -2  1  1 -4  5  5 -5 -4 -2 -1  5 -2    2   0   0   0   0   0   0   0   0   8  12   0  19  32   0   0   2   0  24   0  0.97 inf
   50 A    7 -4 -4 -5  1 -4 -4 -2 -4 -4 -4 -4 -4 -5 -4 -2 -2 -5 -5 -1   94   0   0   0   3   0   0   1   0   0   0   0   0   0   0   0   0   0   0   3  1.59 inf
   51 R   -2  4  0 -3 -3  0 -2 -4 -2 -1 -1  4  2 -3 -3 -1  0 -4 -2  1    1  22   4   0   0   4   0   0   0   2   3  29   8   0   0   4   5   0   1  16  0.42 inf
   52 S   -3 -4 -3 -4 -4 -4 -4 -4 -5 -2 -2 -4 -2 -3 -4  0  7 -5 -4 -1    0   0   0   0   0   0   0   0   0   1   2   0   1   1   0   3  89   0   0   3  1.69 inf
   53 D   -3 -4  2  7 -5 -2  0  0 -1 -5 -6 -2 -5 -5 -4 -1 -2 -6 -4 -5    2   0  10  69   0   0   3   8   1   0   0   1   0   0   0   2   2   0   0   0  1.37 inf
   54 P   -1 -2 -2 -1 -2 -1 -1 -2 -2 -2 -1 -1 -1 -2  7 -1 -1 -2 -3 -1    3   2   1   2   1   2   5   3   1   3   7   4   1   1  54   3   3   1   1   4  1.02 inf
   55 D   -1 -1  2  3 -2  0  3 -1  0 -2 -2  0 -2 -2 -1  0  0 -2 -2 -2    5   2   9  23   1   3  23   3   2   2   4   3   1   2   2   7   4   1   1   3  0.28 inf
   56 P    1  0  0  0 -1  0  0  0 -1  0  0  1  0 -1  2  0  0 -1 -1  0   14   4   4   5   1   3   5   5   1   6  10  11   2   2  10   7   4   1   2   4  0.06 inf
   57 K    0  2  0 -1 -2  0  0 -1 -1 -1 -2  4 -1 -2  0  0  0 -2 -1 -1    5  13   3   3   1   2   3   4   1   3   4  39   1   2   3   4   4   1   1   3  0.30 inf
   58 A    1 -1  0 -1  0  0  0  1 -1 -2 -2  0 -1 -2 -1  2  1 -2 -1 -1   16   3   2   3   2   4   4  13   2   2   3   5   1   1   2  23   7   0   1   4  0.14 inf
   59 P    2  1 -1 -2 -2  1 -1 -1 -1 -2 -2  3 -1 -3  3  0 -1 -3 -2 -1   25   5   1   1   0   5   2   4   1   2   3  24   2   1  13   4   3   0   1   2  0.28 inf
   60 A    1 -1 -2 -2 -3 -2 -2  6 -2 -3 -4 -1 -3 -4 -1 -1 -2 -3 -3 -3    9   3   1   1   0   2   1  66   1   1   1   4   1   1   3   2   1   0   1   1  0.96 inf
   61 S    1 -1 -1 -2 -3 -1 -1 -1  5 -2 -2  0 -2 -2  2  2  1 -3  0 -1   13   1   2   0   0   2   1   4  18   2   2   5   1   0  12  18  10   0   4   3  0.30 inf
   62 K   -2  5 -1 -3 -4 -1 -1 -2  3 -4 -4  6 -3 -4 -3 -2 -3 -4 -3 -4    1  29   2   0   0   1   1   2   7   0   1  52   0   0   0   2   0   0   0   0  1.03 inf
   63 A    0 -5 -2 -4 -5 -4 -3  7 -4 -6 -5 -3 -5 -6 -4 -2 -4 -5 -5 -5    8   0   1   0   0   0   1  88   0   0   1   1   0   0   0   0   0   0   0   0  1.80 inf
   64 F   -3 -5 -5 -5 -2 -5 -5 -6 -5  7  0 -5  2  2 -5 -4 -1 -4 -3  2    1   0   0   0   1   0   0   0   0  71   4   0   4   8   0   0   3   0   0   8  1.20 inf
   65 T   -1 -3  0 -3 -2 -3 -3 -3 -4 -4 -4 -3 -3 -5 -3  5  5 -5 -4 -3    2   0   4   0   1   0   0   0   0   0   0   0   0   0   0  51  42   0   0   1  1.14 inf
   66 G    6 -4 -4 -4  3 -3 -3  0 -4 -3 -3 -3  0 -3 -3  0 -1 -5 -4 -2   75   0   0   0   6   0   0   7   0   0   1   0   3   1   0   3   3   0   0   2  1.05 inf
   67 F   -5 -6 -6 -7 -5 -6 -6 -6 -4 -1 -1 -6 -3  9 -7 -5 -5 -2  0 -3    0   0   0   0   0   0   0   0   0   2   4   0   0  92   0   0   0   0   0   1  2.39 inf
   68 I   -3 -5 -6 -6 -3 -5 -5 -6 -5  7  2 -5  1 -2 -5 -4 -3 -5 -3  3    1   0   0   0   0   0   0   0   0  67  15   0   2   0   0   0   0   0   1  15  1.21 inf
   69 V   -3 -5 -6 -6 -3 -5 -5 -6 -6  3 -1 -5 -1 -3 -5 -4 -3 -6 -4  7    0   0   0   0   0   0   0   0   0  10   2   0   1   0   0   0   0   0   0  87  1.58 inf
   70 E   -4 -3 -2  3 -6 -1  7 -4  1 -6 -6 -2 -5 -6  1 -3 -3 -6 -5 -5    0   0   0  15   0   0  73   0   3   0   0   1   0   0   8   0   1   0   0   0  1.45 inf
   71 A    1  4 -2 -3 -5 -1 -2 -1 -3 -5 -4  6 -3 -5 -3 -1 -1 -5 -4 -4   13  19   0   0   0   0   0   4   0   0   0  58   0   0   0   2   4   0   0   0  0.97 inf
   72 D   -2 -3  1  5 -5 -2  0  4 -3 -5 -6 -2 -5 -5 -3 -1 -1 -5 -5 -5    1   1   5  43   0   0   3  38   0   0   0   2   0   0   1   3   2   0   0   0  1.02 inf
   73 T   -1 -2 -3 -1 -3 -3 -3 -4 -3 -2 -2 -3  5  3 -3  0  5  4  0 -2    4   1   0   5   0   0   0   0   0   0   1   0  18  15   1   4  44   5   2   0  0.71 inf
   74 P   -2 -3 -3 -2 -5 -2  2 -4 -4 -5 -5  2 -5 -6  7 -2 -3 -6 -5 -5    2   0   0   2   0   0  15   1   0   0   0  12   0   0  66   1   0   0   0   0  1.75 inf
   75 G   -3 -5 -3 -4 -5 -5 -5  7 -5 -7 -7 -4 -6 -6 -5 -3 -4 -5 -6 -6    0   0   0   0   0   0   0 100   0   0   0   0   0   0   0   0   0   0   0   0  2.32 inf
   76 V   -4 -5 -5 -6 -4 -5 -5 -6 -4  1  2 -5 -1  7 -6 -5 -4 -1  1  1    0   0   0   0   0   0   0   0   0   9  16   0   0  63   0   0   0   0   2   9  1.37 inf
   77 Q   -1  0 -1 -2 -3  0 -1 -3 -1 -1 -3  0 -3 -3 -3  5  3 -4 -2 -1    0   5   0   1   0   3   3   0   1   5   1   4   0   1   0  53  18   0   1   4  0.62 inf
   78 I   -1  0 -3 -4 -1 -2 -3 -4 -1  2  0 -2  0  3  0 -2  2 -3  0  3    2   5   1   0   1   1   0   0   2  14   4   1   1  17   4   1  14   0   2  30  0.32 inf
   79 G    2 -4 -2 -3 -3 -4 -4  6 -2 -5 -5 -4 -5 -5 -4  0 -3 -5 -5 -4   17   0   1   0   0   0   0  74   1   0   0   0   0   0   0   5   0   0   0   1  1.42 inf
   80 R    0  3 -1 -2 -5  3 -1 -3 -2 -4 -4  5 -3 -5  2 -2 -1 -5 -4 -4    6  13   3   1   0  16   0   1   0   0   0  42   0   0  11   1   4   0   0   0  0.72 inf
   81 K   -2  0  0 -1 -4 -1 -1 -4  3 -1 -2  6 -3 -4  1 -2 -2 -5 -2 -2    2   2   4   3   0   1   1   0   9   5   4  59   0   0   6   0   1   0   1   3  0.75 inf
   82 E   -3 -3 -3  0 -5 -1  6 -5 -1 -3  2 -2 -2 -1 -4 -3 -3 -5 -1 -4    0   0   0   4   0   0  66   0   1   0  24   0   0   2   0   0   0   0   2   0  1.10 inf
   83 I   -3  1  2  5 -5  0  1 -3  2 -2 -2  3 -2 -4 -3 -2 -2 -2 -3 -3    0   6   8  39   0   2   4   1   5   3   3  24   1   0   0   1   0   1   0   1  0.64 inf
   84 N   -4 -1  2 -3 -6 -2 -2 -4 -3 -6 -6  8 -4 -6 -4 -3 -3 -6 -5 -5    0   0   8   0   0   0   0   0   0   0   0  92   0   0   0   0   0   0   0   0  1.89 inf
   85 M   -4 -4 -5 -6 -2 -4 -5 -6 -5 -1  4 -4  8 -2 -5 -4 -3 -4 -4 -1    0   0   0   0   1   0   0   0   0   1  47   0  49   0   0   0   0   0   0   1  1.54 inf
   86 G   -3 -5 -3 -4 -5 -5 -5  7 -5 -7 -7 -4 -6 -6 -5 -3 -4 -5 -6 -6    0   0   0   0   0   0   0 100   0   0   0   0   0   0   0   0   0   0   0   0  2.32 inf
   87 Q   -3 -4 -4 -4 -3  3 -3 -5 -4  5  1 -3  6 -2 -5 -4 -3  5 -3 -1    0   0   0   0   0  18   0   0   0  38  10   0  23   0   0   0   0   8   0   1  0.93 inf
   88 R   -3  7  1 -4 -2 -1 -2 -5  3 -5 -3  2 -4 -5 -5 -3 -4 -5 -3 -5    1  71   6   0   1   1   0   0   8   0   2  10   0   0   0   0   0   0   0   0  1.47 inf
   89 C    3 -4 -3 -3  3 -3 -3  5 -4 -4 -5 -3 -4 -5 -3  1 -1 -5 -4 -4   29   0   0   0   7   0   0  49   0   0   0   0   0   0   1  12   4   0   0   0  0.95 inf
   90 S    0 -3 -2 -3 -4  1 -3 -3 -4 -5 -5 -3 -4 -5 -4  7 -1 -6 -4 -4    5   0   0   0   0   7   0   0   0   0   0   0   0   0   0  87   1   0   0   0  1.50 inf
   91 D    0 -1  4  4 -4 -1 -1 -2  3 -4 -4 -2 -4 -4  3  1 -2 -5 -2 -4    6   2  20  23   0   1   1   2   9   1   1   1   0   0  17  14   0   0   1   0  0.60 inf
   92 T   -3 -4 -2 -4 -4 -4 -4 -5 -5 -3 -4 -4 -4 -5 -4 -1  8 -6 -5 -2    0   0   1   0   0   0   0   0   0   1   0   0   0   0   0   1  96   0   0   1  1.99 inf
   93 R    2  2 -3 -4  7 -3 -3  0  1 -3 -3 -2 -1 -3 -4  0  1 -4  1 -1   18  16   0   0  29   0   0   7   4   0   1   0   1   0   0   5  10   0   5   5  0.59 inf
   94 G   -2 -2 -2  1 -5  3  6 -1 -2 -4 -4 -1 -1 -5 -1  0  0 -5 -3 -2    2   0   0   7   0  12  55   6   0   0   1   0   1   0   2   5   5   0   0   2  0.80 inf
   95 I   -3 -4 -5 -6 -3 -4 -5 -6 -5  3  5 -5  0 -2 -4 -4 -3 -4 -3  3    0   0   0   0   0   0   0   0   0  18  61   0   0   0   1   0   0   0   0  20  0.98 inf
   96 V   -2 -3 -1 -4 -3 -2 -4 -4 -2  4  0 -3  1  2 -4 -2  1 -3  1  3    1   0   4   0   0   1   0   0   1  35   2   0   3   8   0   1  12   0   4  27  0.51 inf
   97 F   -5 -6 -6 -7 -5 -6 -6 -6 -4 -3  0 -6 -1  9 -7 -5 -5 -2  0 -4    0   0   0   0   0   0   0   0   0   0   7   0   1  92   0   0   0   0   0   0  2.40 inf
   98 E   -3 -2  1  4 -6  2  6 -4 -2 -5 -5 -1 -4 -6 -3 -2 -1 -5 -4 -5    1   0   6  20   0   7  60   0   0   0   0   2   0   0   0   1   2   0   0   0  1.16 inf
   99 D   -4 -4  5  7 -6 -2 -1 -2 -2 -6 -6 -3 -5 -6 -4 -2 -3 -7 -5 -6    0   0  27  68   0   1   2   2   0   0   0   0   0   0   0   0   0   0   0   0  1.69 inf
  100 V   -1 -6 -5 -6  9 -5 -6 -5 -6 -1 -2 -5  1 -4 -5 -4 -3 -5 -4  5    4   0   0   0  50   0   0   0   0   0   2   0   3   0   0   0   0   0   0  41  1.76 inf
  101 R   -2  6 -2 -2 -5 -1  3 -4 -1 -1 -3  3 -3 -3 -3 -2 -2 -5 -4 -1    2  45   0   0   0   1  20   0   1   3   1  19   0   1   0   0   1   0   0   6  0.82 inf
  102 V   -3 -5 -6 -6 -3 -5 -5 -6 -6  4 -1 -5 -1 -3 -5 -4 -3 -5 -4  6    0   0   0   0   0   0   0   0   0  26   1   0   0   0   0   0   0   0   0  73  1.44 inf
  103 P   -4 -5 -5 -5 -6 -4 -3 -5 -3 -6 -6 -4 -6 -7  9 -3 -4 -7 -6 -6    0   0   0   0   0   0   1   0   1   0   0   0   0   0  98   1   0   0   0   0  3.02 inf
  104 K    4 -1 -2 -2 -3 -1  2 -2 -3 -3 -3  4 -2 -2 -3 -1 -2 -4 -3  0   37   1   0   0   0   1  12   2   0   0   1  33   0   2   0   1   0   0   0   9  0.54 inf
  105 E    1 -2 -2  1 -5  0  6 -3 -2 -5 -5  0 -3 -5 -3  0 -2 -2 -4 -4   13   0   0   7   0   1  64   1   0   0   0   3   0   0   0   8   2   1   0   0  1.04 inf
  106 N   -2  0  8 -1 -4  0 -3 -3 -1 -6 -6 -3 -3 -6 -5 -2 -3 -4 -5 -6    4   5  85   0   0   3   0   0   1   0   0   0   1   0   0   0   0   0   0   0  1.90 inf
  107 V   -3  2 -4 -5 -3 -3 -4 -5 -4  3  4 -3  3 -2 -4 -4 -2 -4 -3  3    0  15   0   0   0   0   0   0   0  14  40   0   9   0   0   0   0   0   0  22  0.63 inf
  108 L   -3 -5 -6 -6 -3 -4 -5 -6 -5  4  5 -5  1 -2 -4 -5 -3 -4 -3  1    0   0   0   0   0   0   0   0   0  22  70   0   2   0   0   0   0   0   0   5  1.13 inf
  109 T   -2 -4 -3 -4 -2 -4 -5  7 -4 -3 -4 -4 -5 -6 -5 -3 -4 -5 -6 -5    1   0   0   0   1   0   0  93   0   2   2   0   0   0   0   0   0   0   0   0  1.94 inf
  110 G    0  0 -1 -1 -4  2  4  1 -2 -4 -4  3 -3 -5 -1 -1 -2 -4 -4 -3    9   4   1   1   0  10  38  13   0   0   0  18   0   0   2   1   1   0   0   1  0.57 inf
  111 E   -3 -3 -3 -1 -6  1  8 -5 -3 -6 -6 -2 -5 -6 -4 -3 -3 -6 -5 -5    0   0   0   0   0   2  98   0   0   0   0   0   0   0   0   0   0   0   0   0  1.99 inf

                      K         Lambda
Standard Ungapped    0.1356     0.3153
Standard Gapped      0.0640     0.2670
PSI Ungapped         0.2079     0.3125
PSI Gapped           0.0640     0.2670
