
Last position-specific scoring matrix computed, weighted observed percentages rounded down, information per position, and relative weight of gapless real matches to pseudocounts
           A  R  N  D  C  Q  E  G  H  I  L  K  M  F  P  S  T  W  Y  V   A   R   N   D   C   Q   E   G   H   I   L   K   M   F   P   S   T   W   Y   V
    1 L   -4 -5 -6 -6 -4 -5 -5 -6 -5  0  6 -5  2 -2 -5 -5 -4 -4 -3 -1    0   0   0   0   0   0   0   0   0   2  94   0   4   0   0   0   0   0   0   0  1.51 inf
    2 S    0  4  0 -1 -2 -1 -1 -2 -2 -4 -4  3 -3 -3  0  3  1 -5 -4 -4    5  27   3   2   1   1   1   1   0   0   0  19   0   1   4  30   7   0   0   0  0.58 inf
    3 K   -2  1 -3 -1 -5  0  0 -4 -4 -5 -3  3 -4 -6  7 -2 -2 -6 -5 -5    2   6   0   4   0   3   5   0   0   0   3  19   0   0  54   2   1   0   0   0  1.32 inf
    4 E   -2  0  0  2 -6  1  6 -4  0 -5 -4 -1 -4 -5 -1 -2 -1 -5 -4 -3    1   5   3  11   0   3  61   1   2   0   1   2   0   0   2   1   4   0   0   2  0.98 inf
    5 I   -1 -3 -1  2 -3  1  1  0 -3  1 -1 -2  1 -3 -3  0  0 -4 -3  2    4   0   2  17   0   6  11   9   0   8   5   0   5   0   0   8   4   0   0  23  0.19 inf
    6 L   -3 -4 -5 -6  0 -4 -4 -6 -5  3  5 -5  2 -2 -5 -4 -3 -4 -1  2    1   0   0   0   2   0   1   0   0  13  65   0   3   0   0   0   1   0   2  12  0.95 inf
    7 E    0  1 -1  2 -4  2  4 -3  0 -4 -3  1 -3 -5 -3  0  0 -5 -4 -2    9   8   2  13   0  10  36   0   2   0   3   6   0   0   0   5   5   0   0   2  0.51 inf
    8 E   -2  0 -1  5 -3  3  3 -3 -1 -4 -3  0 -3  0 -3  0 -1 -4  2 -4    3   4   1  32   1  14  18   0   1   1   2   5   0   4   0   5   3   0   7   0  0.54 inf
    9 L   -4 -5 -6 -7 -4 -5 -6 -7 -6  0  6 -5  0 -1 -2 -5 -4 -5 -4 -2    0   0   0   0   0   0   0   0   0   3  92   0   1   1   2   0   0   0   0   0  1.59 inf
   10 Q   -1  2 -2 -2  2  3  0 -3 -1 -1 -1  2  2 -2 -3  0  2  0 -2  0    3  13   0   0   5  17   6   0   1   2   4  14   6   1   0   4  13   1   1   8  0.25 inf
   11 L    0  3  1 -1 -1  2  2 -1  0 -3 -1  2  1 -4 -3  1  0 -4 -3 -3   10  18   7   1   1  10  13   2   1   1   5  12   5   0   0   9   4   0   0   0  0.26 inf
   12 N    0 -1  3 -1  2  3  0 -3  3  0 -1  1  0 -4 -2  1  0 -4 -3 -1    7   2  20   1   4  15   3   0   8   6   4   8   2   0   2  11   5   0   0   2  0.26 inf
   13 T   -2 -2 -3 -4 -4 -4 -4 -5 -5 -4 -2 -3 -4 -5 -4  0  7 -6 -5 -3    1   2   0   0   0   0   0   0   0   0   4   1   0   0   0   4  88   0   0   0  1.75 inf
   14 K   -1  2  2  0 -4  0  2 -1  3 -4 -3  3 -3 -3 -3  0 -2 -3  3 -3    3   9  13   4   0   1  16   3   8   0   1  23   0   0   0   5   1   0  12   0  0.42 inf
   15 F   -5 -5 -6 -6 -5 -5 -6 -6 -3 -3  0 -5 -3  8 -6 -5 -5 -2  4 -3    0   0   0   0   0   0   0   0   0   0   7   0   0  77   0   0   0   0  13   1  2.02 inf
   16 T   -2 -2  2  2 -2 -1 -2 -3 -3 -4 -4 -2 -3 -4 -3  4  5 -4 -2 -3    0   2   7  13   1   2   1   0   0   0   0   1   0   0   0  31  39   0   1   0  0.74 inf
   17 E   -1  3 -2  1 -4  0  5 -3  0 -3 -4  2 -3 -4  1  0 -2 -4 -3 -3    5  17   0   8   0   2  40   0   2   2   0  11   0   0   6   5   1   0   0   1  0.60 inf
   18 E    0  2  0  1 -3  2  2 -2  2 -3 -3  3  0 -3 -2  0 -1 -4 -2 -2    9  12   2   9   0   8  16   2   7   0   1  19   3   0   0   7   2   0   1   3  0.29 inf
   19 E   -3 -3 -3 -1 -6  2  7 -5 -3 -5 -5 -2  0 -5 -1 -3 -2 -5 -4 -3    0   0   0   0   0   6  80   0   0   0   0   0   3   0   3   0   2   0   0   2  1.54 inf
   20 L   -2 -4 -5 -5 -3 -4 -5 -5 -5  4  4 -4  1 -2 -4 -4 -3 -4 -3  2    2   0   0   0   0   0   0   0   0  31  50   0   2   0   0   0   0   0   0  12  0.89 inf
   21 S   -2  2 -2 -1  2  5 -1 -3  1 -3 -3  4 -1 -2 -3  0 -2 -4 -3 -1    2  10   0   2   5  31   0   0   3   1   1  25   2   1   0   7   2   0   0   4  0.57 inf
   22 S    0  1 -1  0  1  4  1 -2 -1 -1 -2  2 -1 -3 -3  0 -1 -4 -3 -1    7   7   1   3   3  30  10   2   1   5   3  12   1   1   0   6   3   0   0   4  0.33 inf
   23 W   -5 -2 -6 -6  1 -4 -5 -5 -4 -1  2 -5  2 -2 -5 -5 -3 11  2 -4    0   2   0   0   4   0   0   0   0   4  18   0   5   0   0   0   1  58   5   0  2.25 inf
   24 Y   -4 -4 -4 -5 -1 -2 -4 -5  4 -4 -4 -2 -1  2 -5 -2 -4 -1  9 -4    0   0   0   0   2   1   0   0   9   0   0   3   2   4   0   3   0   0  75   0  1.97 inf
   25 Q   -1  4  0  0 -4  1  1 -2 -1 -3 -3  4 -2 -2 -1 -1 -2 -4 -3 -4    4  24   5   4   0   6   9   2   1   1   2  35   1   2   3   2   1   0   0   0  0.56 inf
   26 S    0 -2  1  2 -1 -2  0  5 -3 -3 -3 -1 -3 -4 -3  1 -2 -4 -4 -3    5   1   8  12   1   1   7  46   0   1   3   2   0   0   0  10   1   0   0   2  0.60 inf
   27 F   -5 -5 -6 -6 -5 -6 -6 -6 -1 -3 -2 -6 -3  9 -6 -4 -5 -2  1 -2    0   0   0   0   0   0   0   0   2   0   2   0   0  89   0   1   0   0   2   2  2.25 inf
   28 L   -2  1 -2 -3 -1  1 -1 -4 -2  0  2  4  3 -2 -3 -1 -2 -4 -2 -1    1   5   1   0   2   7   1   0   1   6  25  33   8   1   0   5   0   0   1   3  0.34 inf
   29 K   -1  3  1 -2 -2  3  0 -3  0 -3 -4  5 -3 -5 -3 -1  0 -5 -4 -3    3  15   8   0   1  15   5   0   2   1   0  42   0   0   0   1   5   0   0   1  0.69 inf
   30 E   -3 -2  0  6 -5  3  4 -3 -2 -3 -2 -2 -3 -5 -3 -1 -3 -5 -4 -4    0   0   3  49   0  13  27   0   0   2   5   0   0   0   0   2   0   0   0   0  0.98 inf
   31 C   -3 -5 -4 -5 10 -5 -5 -3  0 -4 -4 -5 -4 -1 -5  1 -3  4  0 -4    0   0   0   0  74   0   0   2   2   0   0   0   0   2   0  11   0   5   3   0  2.21 inf
   32 P   -3 -5 -5 -4 -5 -4 -4 -5 -5 -5 -5 -4 -5 -6  8 -3 -1 -6 -6 -1    0   0   0   0   0   0   0   0   0   0   0   0   0   0  91   0   4   0   0   4  2.59 inf
   33 S   -1 -1  2  1  0 -2  0 -2 -3 -3 -4  0 -4 -5 -2  5  2 -5 -4 -4    2   2  11   7   2   0   5   2   0   2   0   4   0   0   2  47  15   0   0   0  0.62 inf
   34 G   -3 -5 -3 -4 -6 -4  1  7 -5 -7 -7 -4 -6 -6 -5 -3 -5 -6 -6 -6    0   0   0   0   0   0   8  92   0   0   0   0   0   0   0   0   0   0   0   0  2.11 inf
   35 R   -1  3 -1 -3 -1  2 -1 -3  2  1 -1  2  0 -1 -3 -1  0 -3  0  1    2  17   1   0   1   9   2   0   7   9   4  13   2   3   0   3   7   0   3  16  0.18 inf
   36 I   -1 -4 -5 -5 -3 -4 -5 -5 -5  3  4 -4  2  0 -1 -4 -3 -4 -3  3    4   0   0   0   0   0   0   0   0  20  44   0   5   3   4   0   0   0   0  21  0.74 inf
   37 T    0  1  2  2 -3 -2  0 -1  2 -3 -2  0 -3 -4 -3  2  3 -5 -3 -3    5   7   8  13   0   0   5   5   5   0   5   6   0   0   0  16  26   0   0   0  0.36 inf
   38 R   -1  1 -2  0  1  1  3 -3 -2 -1  0  1  1 -3  0 -1 -1 -4  0 -1    5   8   0   3   4   5  29   0   0   4   8  11   4   0   4   4   3   0   3   5  0.24 inf
   39 Q    0 -1 -1  3 -4  1  4 -2  1 -4 -4  2 -3 -5 -1  1  0 -5 -4 -2    6   2   2  20   0   6  26   1   3   0   0  11   0   0   2  12   6   0   0   2  0.48 inf
   40 E   -1 -1  0  2  0  1  3  0  0  1 -2  1 -2 -4 -3  0  0 -4 -3 -1    3   3   4  15   2   8  21   6   3  13   2   7   0   0   0   5   4   0   0   2  0.23 inf
   41 F   -6 -6 -7 -7 -6 -6 -7 -7 -5 -3  2 -6 -3  8 -7 -6 -5  7 -1 -4    0   0   0   0   0   0   0   0   0   0  17   0   0  66   0   0   0  17   0   0  2.15 inf
   42 Q   -1  0 -2 -1  1  4  0 -1  1  0 -1  1  1 -4 -3  0  3 -4 -3 -1    4   4   0   3   4  24   4   3   3   5   4   9   3   0   0   4  20   0   0   5  0.29 inf
   43 T    0  1  0  1 -3  2  1 -1  1 -2 -2  3 -1 -2 -1  0 -1 -3 -1 -2    9   5   2   7   0  12  10   3   4   1   3  26   1   1   3   5   3   0   2   2  0.25 inf
   44 I   -1 -4 -4 -4 -3 -3 -4 -4  0  5  1 -4  3  2 -4 -3 -1 -3 -2  2    4   0   0   0   0   0   0   0   3  48  10   0  10   9   0   0   3   0   0   9  0.66 inf
   45 Y   -2 -4 -4 -4 -4  0 -1 -5 -1  0 -3 -4  1  3 -4 -4 -4 -1  8 -3    4   0   0   0   0   5   5   0   0   5   1   0   3   8   0   0   0   0  63   0  1.36 inf
   46 S    1  1 -1 -2  1  0  1 -1  1 -1 -3  2 -2 -4  1  1  1 -4 -3 -1   12   9   0   0   4   3   9   4   4   4   0  20   0   0   6  14   7   0   0   5  0.20 inf
   47 K   -1  1  3  1 -4  4  1  0  0 -3 -3  2  0 -4 -3 -1 -1 -4 -3 -1    3   6  15   7   0  25   6   6   2   0   2  15   3   0   0   3   2   0   0   5  0.38 inf
   48 F   -1 -4 -4 -4  0 -1 -4 -4  1  0  0 -4  3  6 -4  0 -1 -2  2  1    4   0   0   0   2   3   0   0   3   2   6   0   9  45   0   7   3   0   4  11  0.66 inf
   49 F   -3 -4 -4 -4 -4 -4 -4 -4 -2 -2 -2 -4 -2  7 -4  0  1 -1  4 -3    1   0   0   1   0   0   1   1   0   0   1   1   0  63   0   8   9   0  13   1  1.27 inf
   50 P    0  0 -2 -2 -3  0  0 -1 -3 -2 -3  1 -2 -4  6  0 -1 -4 -3  1    8   4   0   1   0   4   5   4   0   1   1  10   0   0  39   7   4   0   0  11  0.66 inf
   51 E    0  0  1  2 -2  1  0  1  2 -2 -2  0 -2  0 -2  1  1 -2  0 -2    7   3   7  12   0   8   5   9   6   0   4   2   0   5   0  12  14   0   4   1  0.15 inf
   52 A    0 -1 -2 -2  0 -2  1  5 -3 -4 -4  0 -1 -4 -1  0  0 -4 -4 -2    4   3   0   0   2   0  11  54   0   0   1   5   2   0   3   6   5   0   0   3  0.63 inf
   53 D   -2 -3  4  6 -5 -2  1  1 -2 -3 -5 -1 -4 -5 -3 -1 -2 -5 -3 -3    1   0  20  53   0   0   5  10   0   2   0   2   0   0   0   3   1   0   1   2  0.92 inf
   54 P    3 -2 -2 -2 -1 -2 -1 -1 -3 -2 -3  1 -2 -4  4  2 -1 -4 -2 -1   34   0   0   2   1   0   1   2   0   1   1   8   0   0  22  18   2   0   1   5  0.51 inf
   55 K   -1 -1  1  1  3  0  2 -1 -2 -3 -3  1 -3 -4 -2  3  1 -4 -3 -2    2   2   6   9   7   2  15   4   0   0   0   8   0   0   0  33  11   0   0   1  0.36 inf
   56 A    0  1  0  0 -3  1  2 -1 -1 -1 -2  3 -1 -3 -1  0  0 -3 -2 -1    8   5   3   3   0   7  15   4   1   3   3  26   2   0   1   7   7   0   0   6  0.19 inf
   57 Y   -3 -2 -4 -4 -3 -3 -4 -4 -2  0  1 -3  0  6 -4 -3 -3 -1  6  0    1   2   0   0   0   0   1   1   0   3  13   0   2  41   0   1   0   0  28   5  0.92 inf
   58 A    5 -3 -3 -3  3 -2 -3 -2 -3 -1  0 -2 -2 -3 -2  0  0 -4 -2 -1   65   0   0   0   7   0   0   0   0   4   8   0   0   0   1   3   4   0   1   3  0.66 inf
   59 Q   -1  1  0  1 -3  2  3 -2  4 -3 -3  1 -2 -3 -2  0  1 -4 -2 -3    4   6   3   5   0  11  28   3  11   0   1   9   0   0   0   4  12   0   0   0  0.39 inf
   60 H   -3  0  0 -3 -1  3 -2 -4  7 -2 -1 -2 -2  3 -4 -2 -3 -2  4 -3    0   5   5   0   1  15   0   0  33   2   8   0   0  14   0   1   0   0  14   0  0.69 inf
   61 V    0 -4 -4 -4 -2 -3 -4 -4 -4  3  2 -3  1 -2 -3 -3 -1 -4 -2  5    6   0   0   0   0   0   0   0   0  14  19   0   3   0   0   0   1   0   0  52  0.63 inf
   62 F   -4 -5 -5 -5 -4 -5 -5 -5 -3 -2 -2 -5 -2  9 -5 -4 -1 -1  1 -3    0   0   0   0   0   0   0   0   0   0   1   0   0  90   0   0   5   0   0   0  2.03 inf
   63 R   -3  6  4 -2 -4  1 -1 -3  2 -4 -4  1 -3 -4 -3 -1 -2 -4 -3 -4    1  53  21   0   0   4   2   1   5   0   1   6   0   0   0   2   1   0   0   1  0.91 inf
   64 S    1 -1 -1 -2 -1 -2 -2 -2 -3 -1 -2 -2  0 -3  0  1  4 -3 -3  2   14   3   2   0   1   0   0   2   0   0   1   0   2   0   5   8  40   0   0  19  0.39 inf
   65 F   -4 -4 -4 -5 -4 -4 -4 -4 -3 -1  0 -4  0  8 -5 -4 -3 -1  2 -1    1   0   0   0   0   0   0   1   0   3   7   0   2  77   0   1   0   0   4   2  1.52 inf
   66 G   -2 -4  0  3 -5 -3 -3  6 -4 -6 -6 -3 -5 -5 -4 -1 -3 -5 -5 -5    0   0   4  16   0   0   0  77   0   0   0   0   0   0   0   2   0   0   0   0  1.44 inf
   67 T   -1 -1 -2 -3  0 -1 -2 -3  1 -1 -2  0 -1  0 -3  2  5 -3  2 -1    4   3   0   0   2   2   0   0   4   4   1   6   1   5   0  13  45   0   7   2  0.44 inf
   68 L   -3 -4 -4 -4 -3 -4 -4 -5 -1  6  1 -4  0 -2 -4 -3  0 -4 -3  4    0   0   0   0   0   0   0   0   2  54  10   0   1   0   0   0   5   0   0  25  0.85 inf
   69 D   -3 -2  2  6 -4 -2  1 -3 -1 -4 -5 -1 -4 -4 -3  1  0 -4  1 -4    0   1  11  59   0   0   6   0   1   0   0   2   0   0   0   9   5   0   5   0  1.00 inf
   70 F   -4 -5 -5 -5 -5 -5 -5 -3 -4 -2  0 -5 -2  9 -5 -2 -4 -2  1 -3    0   0   0   0   0   0   0   2   0   0   5   0   0  87   0   3   0   0   1   0  1.96 inf
   71 K   -2  4  0 -1 -4  2  2 -2  0 -3 -2  3  0 -3 -1  0 -2 -1 -2 -3    1  30   3   1   0  10  14   2   1   0   3  20   3   0   2   4   1   1   1   1  0.46 inf
   72 E   -3 -2 -1  4 -6  1  6 -4 -2 -5 -5 -1 -4 -5 -3 -1 -3 -5 -4 -2    0   0   1  19   0   5  71   0   0   0   0   0   0   0   0   2   0   0   0   3  1.30 inf
   73 Y   -5 -5 -5 -6 -5 -5 -6 -6 -3 -2 -1 -5  1  8 -6 -5 -4 -1  4 -3    0   0   0   0   0   0   0   0   0   0   3   0   3  80   0   0   0   0  14   0  1.93 inf
   74 V   -2 -4 -5 -5 -3 -4 -4 -5 -5  5  3 -4  4 -2 -4 -4 -2 -4 -3  4    1   0   0   0   0   0   0   0   0  35  23   0  13   0   0   0   0   0   0  28  0.78 inf
   75 I    0 -1 -2 -3  6  2 -2 -3 -3  2  0 -1  0 -3 -3 -1  2 -4 -2  1    7   4   1   0  22  12   0   0   0  18   7   2   1   0   0   3  13   0   0   9  0.38 inf
   76 A    4 -3 -1 -3  0 -3 -3  4 -3 -1 -3 -3 -3 -4 -3  0 -1 -4 -3 -1   46   0   3   0   1   0   0  34   0   5   0   0   0   0   0   3   3   0   1   4  0.67 inf
   77 L   -2 -4 -5 -5 -3 -4 -5 -5 -4  2  5 -4  3 -1 -5 -4 -2 -3  0  0    1   0   0   0   0   0   0   0   0   9  72   0   8   0   0   0   2   0   4   3  0.92 inf
   78 H    0 -3  1 -1 -3 -2 -2 -2  3 -5 -5 -2 -4 -4 -3  6 -1  0 -1 -4    3   0   7   1   0   0   0   1   7   0   0   0   0   0   0  79   0   1   2   0  1.10 inf
   79 M    0 -3 -3 -4  1 -2 -3 -4 -4  3  1 -1  2 -2 -3 -1  1 -4 -2  3    9   0   1   0   3   1   0   0   0  21  12   4   7   0   0   3   8   0   0  31  0.33 inf
   80 T   -2 -3 -3 -4 -3 -3 -3 -4 -4  2  3 -3  1 -2 -4 -1  5 -4 -3  0    1   0   0   0   0   0   0   0   0  10  34   0   2   0   0   2  47   0   0   5  0.68 inf
   81 S    0 -3 -1 -2 -1 -1 -2 -2 -3 -2  1 -2  1 -3 -3  5  1 -4 -3 -2    6   0   1   1   1   1   0   0   0   0  19   0   4   0   0  59   7   0   0   1  0.61 inf
   82 A   -2  7 -2 -3 -5 -1 -2 -1  2 -3 -4  2 -3 -5 -4  0 -2  1 -3 -4    2  69   0   0   0   0   0   4   4   2   0   7   0   0   0   7   1   2   0   0  1.12 inf
   83 G   -2 -5 -3 -4 -5 -4 -5  7 -5 -6 -6 -4 -5 -6 -5 -3 -4 -5 -6 -6    0   0   0   0   0   0   0 100   0   0   0   0   0   0   0   0   0   0   0   0  2.14 inf

                      K         Lambda
Standard Ungapped    0.1327     0.3190
Standard Gapped      0.0558     0.2670
PSI Ungapped         0.1829     0.3154
PSI Gapped           0.0558     0.2670
