
Last position-specific scoring matrix computed, weighted observed percentages rounded down, information per position, and relative weight of gapless real matches to pseudocounts
           A  R  N  D  C  Q  E  G  H  I  L  K  M  F  P  S  T  W  Y  V   A   R   N   D   C   Q   E   G   H   I   L   K   M   F   P   S   T   W   Y   V
    1 Q   -3  0 -2 -1 -5  3  5 -4 -1 -5 -5  4 -4 -5 -3  1 -3 -5 -4 -4    0   2   0   0   0  15  40   0   1   0   0  34   0   0   0   9   0   0   0   0  0.96 inf
    2 A   -1  2 -2 -2 -4  2  1 -3 -2 -3 -4  5 -3 -4 -1  0  1 -5 -3 -1    4  13   1   0   0  10   7   0   0   1   0  41   0   0   3   6  10   0   0   4  0.57 inf
    3 I   -3 -5 -5 -5 -3 -4 -2 -5 -3  5  0 -4  0  3 -5 -4 -2 -3  3  3    0   0   0   0   0   0   3   0   0  41   3   0   1  16   0   0   2   0  10  23  0.80 inf
    4 P   -4 -5 -5 -5 -6 -4 -3 -5 -4  0 -2 -3 -2 -3  8 -4 -4 -1  2 -2    0   0   0   0   0   0   1   0   0   6   4   1   1   1  75   0   0   1   7   3  1.98 inf
    5 M   -4 -5 -6 -6 -4 -4 -5 -6 -5  2  4 -5  9 -2 -6 -5 -4 -5 -4 -1    0   0   0   0   0   0   0   0   0  12  32   0  53   1   0   0   0   0   0   2  1.64 inf
    6 T   -3 -5 -3 -4 -4 -4 -4 -5 -5 -4 -3 -4 -4 -6 -4  1  8 -6 -5 -3    1   0   0   0   0   0   0   0   0   0   2   0   0   0   0   7  90   0   0   0  2.00 inf
    7 L    1  1 -2 -2 -3  3  0 -3 -2 -1  1  2 -1 -3  1 -1 -2 -4 -2  1   13   7   1   0   0  20   5   1   0   3  13  14   0   0   8   2   1   0   1  12  0.25 inf
    8 R    0  3  0  0 -4  1  5 -2 -1 -4 -4  0 -3 -2 -3  1 -1 -4 -1 -3    8  15   3   4   0   4  41   2   1   0   1   3   0   2   0   9   2   0   2   2  0.53 inf
    9 G    0 -4 -3 -2 -4 -5 -4  7 -5 -7 -6 -4 -6 -6 -5 -1 -2 -6 -5 -6    7   1   0   2   0   0   1  84   0   0   0   1   0   0   0   3   2   0   0   0  1.81 inf
   10 A    2 -1 -3 -4 -4 -2 -2 -4  1 -1  1  0 -2  3 -4 -2 -3  0  6 -1   18   3   0   0   0   1   3   0   3   4  15   6   0  10   0   0   0   1  29   3  0.46 inf
   11 E    0  0  0  3 -4  2  4 -3 -2 -4 -4  3 -4 -5 -3 -2 -2 -5 -4 -3    8   4   5  18   0   9  27   0   0   0   1  21   0   0   0   0   2   0   0   1  0.58 inf
   12 K    0  3 -1 -2 -5  1  0 -4 -2 -4 -3  6  0 -4 -3 -2 -2 -3 -3 -3    8  12   2   1   0   5   3   0   0   0   2  56   3   0   0   1   1   0   0   1  0.82 inf
   13 L   -3 -4 -6 -6 -4 -4 -5 -6 -5  1  6 -5  2 -2 -5 -5 -3 -4 -1 -1    0   0   0   0   0   0   0   0   0   6  82   0   3   1   0   0   0   0   2   2  1.23 inf
   14 R   -2  3 -1 -1 -3  2  4 -3 -2 -3 -2  3 -2 -4 -3 -1 -1 -4 -3 -2    1  20   1   2   0   9  27   0   0   0   4  22   1   0   0   1   3   0   0   4  0.53 inf
   15 E    2  0  0  3 -4  1  4 -2 -2 -4 -4  1 -3 -5 -3  0 -2 -5 -4 -3   19   3   3  14   0   6  34   1   0   1   1  10   0   0   0   3   1   0   0   1  0.50 inf
   16 E   -3 -2 -3  0 -6 -1  7 -5 -3 -6 -4 -1 -5 -6 -4 -3 -2 -6 -5 -5    0   1   0   2   0   1  87   0   0   0   2   2   0   0   0   0   2   0   0   0  1.78 inf
   17 L   -4 -4 -6 -6 -4 -3 -3 -6 -3  1  6 -4  0 -1 -5 -5 -4 -4 -1 -1    0   0   0   0   0   1   2   0   1   7  82   1   0   1   0   0   0   0   2   1  1.20 inf
   18 D    0  0  0  3 -4  1  3 -1  1 -3 -3  2 -3 -4 -3  0 -1 -3 -2 -2    7   4   4  18   0   5  28   3   5   0   3  12   0   0   0   3   3   0   0   2  0.37 inf
   19 F   -2  2  0  0 -4  1  1 -4  5 -1 -2  0 -2  2 -4 -2 -1  1  4 -2    2  12   3   4   0   8   8   0  18   3   1   4   0   8   0   1   4   1  18   1  0.39 inf
   20 L   -4  1 -5 -6 -4 -4 -5 -6 -5 -1  6 -4  1 -2 -5 -4 -4 -4 -2 -2    0   8   0   0   0   0   0   0   0   1  84   0   2   0   0   1   0   0   1   0  1.24 inf
   21 K   -2  1 -2 -3 -5  1  1 -4 -3 -1 -2  6 -2 -5 -3 -1 -1 -5 -4 -1    1   4   0   0   0   4  10   0   0   5   3  60   0   0   0   3   3   0   0   4  0.81 inf
   22 S    0 -1  1 -1 -1  0  0  1  0 -2 -2  0 -1 -2 -2  2  3 -3 -1 -2    4   1   7   2   1   3   5  12   2   1   4   7   2   1   0  20  22   0   2   1  0.19 inf
   23 V   -2 -1 -2 -1 -3 -1  1 -4 -1  1 -1  0 -1 -3  0 -2  0 -4 -2  5    1   3   1   3   0   2  13   1   1   5   2   5   0   0   4   1   5   0   1  51  0.42 inf
   24 R   -1  3  0  1 -4  1  3 -1 -1 -3 -2  3 -2 -4 -3 -1 -1 -2 -2 -1    2  17   2   7   0   2  24   5   0   1   3  25   0   0   0   1   3   0   1   5  0.36 inf
   25 R   -3  8 -3 -4 -6 -1 -2 -5 -2 -4 -3  0  0 -5 -5 -3 -3 -5 -4 -5    0  89   0   0   0   0   0   0   1   1   3   1   3   0   0   0   0   0   0   0  1.78 inf
   26 P   -1  0 -3 -2 -4  0 -1 -3 -2  0 -3  1 -2 -4  7 -2 -2 -5 -3 -2    4   5   0   1   0   3   3   1   1   7   1   9   1   0  57   1   2   0   1   1  1.14 inf
   27 E    1  1 -1  0 -3  2  5 -2 -1 -3 -3  2 -2 -4 -3 -1 -2 -1 -3 -2   14   7   1   2   0   6  46   1   0   1   1  11   1   0   0   3   1   1   0   2  0.54 inf
   28 I   -1 -4 -1 -4 -2 -4 -4 -5 -5  6  0 -4  0 -2 -4 -3 -2 -4 -3  4    4   0   5   0   1   0   0   0   0  53   2   1   1   0   0   0   1   0   0  31  0.84 inf
   29 I    2 -3 -3 -3 -2 -2 -3 -2 -4  4  0 -1 -1 -2 -3  0  0 -4 -3  2   21   1   0   0   0   1   0   1   0  40   3   3   0   0   0   8   6   0   0  14  0.39 inf
   30 A    2  1  0  0 -3  2  4 -2 -1 -3 -3  2 -2 -4 -2 -1 -1 -4 -2 -2   20   6   3   4   0   9  34   1   0   1   1  12   1   0   0   2   2   0   1   1  0.40 inf
   31 A    4  3 -1  0 -3  1  2 -2 -1 -3 -3  1 -3 -4 -2  0 -2 -4 -2 -2   41  18   1   5   0   5  13   0   1   0   1   9   0   0   0   2   0   0   1   1  0.43 inf
   32 I   -3 -5 -5 -5 -3 -5 -5 -6 -5  7  1 -5  3 -1 -5 -4 -3 -5 -3  1    0   0   0   0   0   0   0   0   0  79   9   0   7   1   0   0   0   0   0   3  1.34 inf
   33 A    3  1  0  0 -3  1  1 -1 -2 -3 -3  3 -3 -4 -2  0 -1 -4 -3 -2   39   7   3   3   0   4  10   3   0   1   0  24   0   0   0   5   0   0   0   1  0.42 inf
   34 E    0 -2 -2  1 -4  1  5 -4 -2  0 -1 -1 -2 -3 -3 -1 -1 -4 -3  0    7   1   1   5   0   6  53   0   0   8   7   0   0   0   0   2   3   0   0   6  0.57 inf
   35 A    7 -2 -4 -4 -3 -3 -2 -2 -4 -4 -4 -3 -3 -5 -3 -1 -2 -5 -4 -3   97   2   0   0   0   0   1   0   0   0   0   0   0   0   0   0   0   0   0   0  1.50 inf
   36 R   -1  7 -3 -4 -5 -1 -3 -4 -3  0 -2  0 -3 -5 -4 -3 -3 -5 -4 -4    6  82   0   0   0   0   0   0   0   6   3   3   0   0   0   0   0   0   0   0  1.50 inf
   37 E    2 -2 -1  2 -3  0  4 -1 -2 -4 -2 -1  0 -4 -3  2 -1 -4 -3 -3   23   0   1  10   0   2  38   3   0   0   3   1   3   0   0  15   0   0   0   0  0.51 inf
   38 H   -3 -2 -2  1 -4  2  2 -4  7 -3  0  1 -2  3 -4 -2 -3 -3  1 -3    0   0   0   7   0  11  13   0  34   0   9   8   0  14   0   0   0   0   4   0  0.67 inf
   39 G   -2 -4 -3 -4 -5 -4 -4  7 -4 -6 -6  0 -5 -6 -4 -3 -4 -5 -5 -6    0   0   0   0   0   0   0  94   0   0   0   6   0   0   0   0   0   0   0   0  1.93 inf
   40 D   -4 -4 -1  8 -6 -3 -1 -4 -4 -6 -6 -3 -6 -6 -4 -3 -4 -7 -6 -6    0   0   0 100   0   0   0   0   0   0   0   0   0   0   0   0   0   0   0   0  2.35 inf
   41 L   -3 -4 -5 -6 -3 -4 -5 -6 -5  2  6 -5  3 -2 -5 -4 -3 -4 -3 -1    0   0   0   0   0   0   0   0   0   9  85   0   6   0   0   0   0   0   0   0  1.24 inf
   42 K   -1  3 -2 -2 -4 -1 -2 -2 -3 -5 -4  4 -3 -5 -3  5  0 -5 -4 -4    0  14   0   0   0   0   0   1   0   0   0  33   0   0   0  50   2   0   0   0  0.87 inf
   43 E   -3  0 -3  0 -6  1  7 -5 -2 -6 -5 -1 -4 -6 -4 -3 -3 -5 -5 -5    0   4   0   2   0   3  91   0   0   0   0   0   0   0   0   0   0   0   0   0  1.74 inf
   44 N   -4 -3  8 -1 -5 -2 -3 -3 -2 -6 -6  0 -5 -6 -5  0 -2 -6 -5 -5    0   0  91   0   0   0   0   0   0   0   0   4   0   0   0   5   0   0   0   0  1.99 inf
   45 A    5  0 -3 -3 -2 -2 -3  1 -3 -1 -3 -2 -3 -1 -3  2 -1 -4 -3 -2   60   4   0   0   0   0   0  10   0   3   0   0   0   4   0  17   1   0   0   1  0.67 inf
   46 E   -2 -3 -2  1 -5 -1  6  2 -2 -5 -5 -2  0 -5  1 -2 -3 -5 -4 -4    2   0   0   7   0   0  67  15   0   0   0   0   3   0   6   0   0   0   0   0  1.05 inf
   47 Y   -4 -4 -5 -6 -5 -4 -5 -6 -1 -4 -2 -5 -3  1 -6 -4 -4 -1  9 -1    0   0   0   0   0   0   0   0   0   0   3   0   0   1   0   0   0   0  89   4  2.28 inf
   48 H   -3 -3 -1  4 -5  0  2 -4  8 -5 -5 -2 -4 -4 -4  0 -2 -5 -1 -5    1   0   1  29   0   2  11   0  45   0   0   1   0   0   0   6   1   0   1   0  1.19 inf
   49 A    5 -3 -3  1  2 -2  0 -2 -3 -3 -4 -2 -3 -4 -3  1 -2 -5 -4 -2   69   0   0   9   5   0   6   1   0   0   0   0   0   0   0   7   0   0   0   1  0.82 inf
   50 A    6 -4 -4 -4  2 -1 -3 -2 -4 -3 -4 -3 -3 -4 -3  0 -2 -5 -4 -2   87   0   0   0   4   2   0   0   0   1   0   0   0   0   0   3   0   0   0   0  1.25 inf
   51 R   -3  5 -2 -3 -5 -1 -2 -4 -3 -5 -4  6 -3 -5 -3 -2  0 -5 -4 -4    0  32   0   0   0   0   0   0   0   0   0  59   0   0   0   0   6   0   0   0  1.19 inf
   52 E   -3  1  3  3 -5  0  5 -4 -1 -5 -5  0 -2 -5 -3 -2 -3 -5 -4 -4    1   9  13  13   0   1  54   0   1   0   0   4   1   0   0   0   0   0   0   0  0.89 inf
   53 Q    1  2 -1  1 -4  3  4 -3 -1 -4 -4  2 -2 -4 -3 -1  0 -4 -3 -3   11  10   1   6   0  15  33   0   1   0   0  11   0   0   0   0   6   0   0   0  0.50 inf
   54 Q   -1  1 -3 -3 -5  8 -1 -4 -1 -5 -2  0 -1 -5 -4 -3 -3 -5 -4 -5    5   5   0   0   0  77   0   0   1   0   3   3   1   0   0   0   0   0   0   0  1.54 inf
   55 G    3 -2  0 -3 -3 -3 -3  5 -3 -4 -4 -2 -3 -4 -3  2 -1  0 -3 -3   24   2   3   0   0   0   0  44   0   0   1   1   0   0   0  17   1   2   0   0  0.69 inf
   56 F   -3  0 -3 -3 -4  2 -1 -4  1 -1  1  0  3  6 -4 -3 -3  0  0 -2    0   4   0   1   0  11   4   0   5   3  10   8   8  39   0   0   0   1   0   0  0.48 inf
   57 C   -2 -3  2 -3  3 -1 -3 -4 -2  4  2 -3  1 -2 -4 -3 -1 -4 -2  2    1   0  14   0   6   2   1   0   1  33  21   0   3   0   0   0   2   0   1  11  0.39 inf
   58 E   -3 -3 -2  0 -6  0  7 -5 -1 -6 -4 -2 -3 -6 -4 -3 -4 -6 -3 -4    1   0   1   4   0   2  81   0   1   0   2   0   1   0   0   0   0   0   1   1  1.61 inf
   59 G    3 -3 -1 -2 -4 -2 -3  5 -1 -4 -3 -3  1 -4 -4  1 -1 -4 -4 -3   23   1   3   1   0   1   1  44   1   0   2   0   4   0   0   9   2   0   0   1  0.63 inf
   60 R   -4  8 -2 -4 -6  1 -2 -5 -2 -6 -5  2 -3 -6 -5 -3 -4 -6 -5 -5    0  75   1   0   0   4   2   0   1   0   0  11   0   0   0   0   0   0   0   0  1.69 inf
   61 I   -4 -6 -6 -6 -4 -6 -6 -7 -6  8  0 -6  0 -3 -6 -5 -4 -6 -4  1    0   0   0   0   0   0   0   0   0  86   3   0   1   0   0   0   0   0   0   4  1.82 inf
   62 K    2  2  1 -2 -2  2 -1 -2 -1 -1 -1  2  0 -3 -2  1  0 -4 -2 -2   21  15   7   0   0   9   0   1   1   3   6  13   3   0   1   8   4   0   1   1  0.18 inf
   63 D   -3 -2 -2  2 -5  3  5 -4 -2 -4 -4  1 -3 -2 -4 -2  0 -2  2 -4    1   1   0   9   0  12  46   0   0   1   1   8   0   2   0   1   6   1   7   0  0.71 inf
   64 I   -4 -5 -6 -6 -4 -5 -5 -6 -5  5  5 -4  1 -2 -5 -5 -3 -4 -3  0    0   0   0   0   0   0   0   0   0  31  57   1   2   0   0   0   0   0   0   3  1.05 inf
   65 E   -3 -1 -1 -1 -4  2  6 -3 -3 -4 -5  1 -3 -6 -4 -1 -1 -5 -5 -5    1   3   2   1   0  10  63   1   0   1   0   7   0   0   0   3   4   0   0   0  1.08 inf
   66 A    0  0  2  2 -3  0  0  1  2 -3 -3  1 -1 -2 -3  1 -1 -3  0 -2    7   4  11  16   0   4   5  10   7   0   1   8   1   1   0  11   3   0   3   2  0.19 inf
   67 K   -2  0 -2 -2 -3  1  0 -4 -2  2  1  3  4 -3 -3 -2 -1 -2 -3  0    2   3   1   1   0   5   4   0   1  14  11  28  14   0   0   0   4   0   0   6  0.29 inf
   68 L   -3 -4 -6 -6 -4 -5 -5 -6 -4  3  5 -4  1 -2 -5 -5 -3 -4 -3  0    1   0   0   0   0   0   0   0   0  17  73   0   2   0   0   0   1   0   0   5  1.20 inf
   69 S    3  2  0 -1 -3  0  0 -1 -2 -4 -3  2 -2 -4 -2  3 -1 -5 -4 -3   25  13   3   2   0   3   6   4   0   0   1  12   0   0   0  28   1   0   0   0  0.43 inf
   70 N   -2  3  5 -1 -3 -1 -1 -2  3 -4 -2  0 -3 -2 -4  0  0 -4  1 -3    2  19  38   2   0   1   2   2   6   0   4   4   0   1   0   5   5   0   6   1  0.60 inf
   71 A    6 -4 -4 -5  2 -4 -4 -3 -4 -3 -4 -4 -2 -3 -4  0 -2 -5 -3 -1   81   0   0   0   4   0   0   0   0   1   0   0   1   1   0   6   1   0   1   4  1.32 inf
   72 Q   -2  2  0 -1 -5  5  3 -4  0 -3 -4  2 -3 -4 -3 -2 -1 -4 -1  0    1  12   3   2   0  28  23   0   2   1   1  15   0   0   0   1   3   0   2   7  0.61 inf
   73 V   -3 -5 -6 -6 -4 -5 -5 -6 -6  6  0 -5  0 -3 -5 -4 -2 -5 -4  5    0   0   0   0   0   0   0   0   0  45   4   0   1   0   0   0   1   0   0  48  1.34 inf
   74 I   -4 -6 -6 -6 -4 -6 -6 -7 -6  8 -1 -6 -2 -3 -6 -5 -3 -6 -4  3    0   0   0   0   0   0   0   0   0  84   0   0   0   0   0   0   0   0   0  16  1.85 inf

                      K         Lambda
Standard Ungapped    0.1325     0.3163
Standard Gapped      0.0586     0.2670
PSI Ungapped         0.1906     0.3147
PSI Gapped           0.0586     0.2670
