
Last position-specific scoring matrix computed, weighted observed percentages rounded down, information per position, and relative weight of gapless real matches to pseudocounts
           A  R  N  D  C  Q  E  G  H  I  L  K  M  F  P  S  T  W  Y  V   A   R   N   D   C   Q   E   G   H   I   L   K   M   F   P   S   T   W   Y   V
    1 T   -1 -3 -1 -2 -2 -2 -2 -3 -3 -3 -3 -2 -2 -4 -3  3  6 -4 -3 -2    0   0   0   0   0   0   0   0   0   0   0   0   0   0   0  21  79   0   0   0  1.12 inf
    2 P   -1 -3 -4 -4 -3 -2 -3 -4 -4 -1 -1 -3  8 -3  4 -1  0 -4 -3 -2    4   0   0   0   0   0   0   0   0   0   0   0  66   0  20   4   4   0   0   0  1.26 inf
    3 A    2  0 -1  2 -3 -1  2  1 -1 -3 -3  0 -2 -4  1  1  0 -4 -3 -2   28   3   1  13   0   0  16  13   1   0   0   4   0   0   5  11   3   0   0   1  0.30 inf
    4 K    1 -1  4  2 -3 -1  0 -1  2 -4 -3 -1 -3 -4 -2  3  0 -4 -3 -3   15   1  31  11   0   1   2   2   5   0   1   2   0   0   0  26   2   0   0   0  0.46 inf
    5 I   -3 -4 -4 -5 -4 -4 -5 -5 -1  3 -1 -4 -1  7 -5 -4 -3  0  5 -1    0   0   0   0   0   0   0   0   1  22   2   0   0  56   0   0   0   0  19   0  1.15 inf
    6 I   -1  2 -4 -4 -3 -3 -3 -4 -4  5  0 -1  0 -2 -4 -3 -2 -4 -3  3    5  15   0   0   0   0   0   0   0  55   3   2   0   0   0   0   0   0   0  20  0.61 inf
    7 D    0 -1  0  4 -4  1  5 -2 -1 -4 -4  0 -2 -4 -2 -1 -1 -4 -4 -4    6   1   2  25   0   3  51   1   0   0   0   4   1   0   0   2   3   0   0   0  0.77 inf
    8 D   -1  0  0  4 -4  1  4 -3 -1 -2 -2  0  1 -3 -2  0  0 -4 -2 -2    2   3   2  25   0   7  31   0   1   3   3   3   7   0   0   5   7   0   1   1  0.41 inf
    9 A    3 -1 -2 -1 -2  3  2 -2 -2 -2 -2  1  0 -3 -2  1  1 -4 -3 -2   36   2   0   0   0  17  14   0   0   0   1   8   4   0   0   8  10   0   0   1  0.36 inf
   10 V   -2 -3 -4 -5 -2 -4 -4 -5 -5  5  0 -4  0 -2 -4 -3 -1 -4 -3  4    0   1   0   0   0   0   0   0   0  55   3   0   1   0   0   0   1   0   0  38  0.86 inf
   11 A    3  0  0  1 -3  1  3 -1  0 -3 -3  1 -2 -4 -2  0 -1 -4 -3 -2   34   4   2   6   0   7  29   1   1   0   0  11   0   0   0   2   1   0   0   1  0.39 inf
   12 R    1  3  0  0 -3  1  2 -2 -1 -3 -2  3 -2 -4 -2  0 -1 -4 -3 -3   11  25   2   3   0   5  18   0   1   1   4  21   0   0   0   6   2   0   0   0  0.37 inf
   13 I   -3 -4 -5 -5 -3 -4 -5 -5 -5  6  1 -4  1 -2 -4 -4 -2 -4 -3  2    0   0   0   0   0   0   0   0   0  77  10   0   2   0   0   0   0   0   0  11  1.07 inf
   14 R   -2  7 -2 -3 -5  0 -1 -4 -2 -5 -4  4 -3 -5 -3 -2 -3 -5 -3 -4    2  73   0   0   0   2   0   0   0   0   0  22   0   0   1   0   0   0   0   0  1.33 inf
   15 E    1  0  0  1 -4  2  5 -2 -1 -4 -4  1 -3 -4 -2 -1 -1 -4 -3 -3   17   5   3   4   0   8  52   0   0   0   0   8   0   0   0   2   2   0   0   0  0.63 inf
   16 Q   -2  1 -1 -2 -4  6  1 -3 -1 -2 -2  3 -1 -4 -3 -1  0 -4 -3 -3    0   4   0   0   0  56   6   0   0   3   2  18   1   0   0   0   7   0   0   1  0.81 inf
   17 V   -2 -4 -5 -5 -3 -4 -4 -5 -5  2  0 -4 -1 -2 -4 -3 -2 -5 -3  6    1   0   0   0   0   0   0   0   0   8   2   0   0   0   0   0   0   0   0  89  1.19 inf
   18 G   -2 -4 -2 -3 -4 -4 -4  7 -3 -6 -6 -3 -5 -5 -4 -2 -3 -4 -5 -5    0   0   0   0   0   0   0  99   1   0   0   0   0   0   0   0   0   0   0   0  1.91 inf
   19 D   -2 -2  3  6 -3 -1  0 -1 -2 -4 -4  0 -4 -5 -2  1  0 -5 -4 -4    2   0  12  57   1   2   3   2   0   0   0   5   0   0   0  11   6   0   0   0  0.83 inf
   20 D   -1  1  0  4 -4  0  1  2 -1 -4 -4  3 -3 -4 -2 -1 -2 -4 -3 -4    3   8   2  26   0   2   9  21   1   0   0  26   0   0   0   2   0   0   0   0  0.48 inf
   21 K   -2  3  0 -1 -5  2  2 -3  2 -4 -4  5 -3 -4 -3 -1 -2 -4 -3 -4    0  17   3   0   0  10  14   0   6   0   0  49   0   0   0   0   0   0   0   0  0.74 inf
   22 V   -1 -4 -5 -5 -3 -4 -4 -5 -5  1 -1 -4 -1 -3 -4 -3 -2 -5 -3  7    3   0   0   0   0   0   0   0   0   0   0   0   0   0   0   0   0   0   0  96  1.30 inf
   23 I   -3 -4 -5 -5 -3 -4 -4 -5 -5  5  4 -4  1 -1 -4 -4 -2 -4 -3  2    0   0   0   0   0   0   0   0   0  52  39   0   0   0   0   0   0   0   0   8  0.84 inf
   24 L   -2 -5 -5 -5  9 -4 -5 -5 -5 -1  4 -5 -1 -2 -5 -3 -3 -4 -3 -1    1   0   0   0  49   0   0   0   0   0  49   0   0   0   0   1   0   0   0   1  1.40 inf
   25 G    4 -3 -2 -3 -3 -3 -3  6 -3 -4 -4 -3 -3 -4 -3 -1 -2 -4 -4 -3   40   0   0   0   0   0   0  60   0   0   0   0   0   0   0   0   0   0   0   0  1.11 inf
   26 L   -3 -4 -5 -5 -3 -4 -5 -6 -5  0  6 -4  1 -1 -5 -4 -3 -3 -3 -1    0   0   0   0   0   0   0   0   0   0  98   0   1   0   0   0   0   0   0   0  1.26 inf
   27 S   -1 -3 -1 -2 -3 -2 -2 -2 -3 -4 -5 -2 -4 -4 -3  7  0 -5 -4 -4    0   0   0   0   0   0   0   0   0   0   0   0   0   0   0 100   0   0   0   0  1.46 inf
   28 G   -2 -4 -2 -3 -4 -4 -4  7 -4 -6 -6 -3 -5 -5 -4 -2 -3 -4 -5 -5    0   0   0   0   0   0   0 100   0   0   0   0   0   0   0   0   0   0   0   0  1.93 inf
   29 G   -2 -4 -2 -3 -4 -4 -4  7 -4 -6 -6 -3 -5 -5 -4 -2 -3 -4 -5 -5    0   0   0   0   0   0   0 100   0   0   0   0   0   0   0   0   0   0   0   0  1.93 inf
   30 V   -2 -4 -5 -5 -3 -4 -4 -5 -5  1 -1 -4 -1 -3 -4 -4 -2 -5 -3  7    0   0   0   0   0   0   0   0   0   2   0   0   0   0   0   0   0   0   0  98  1.38 inf
   31 D   -4 -4 -1  8 -6 -2  0 -3 -3 -5 -6 -3 -5 -6 -4 -2 -3 -7 -5 -5    0   0   0 100   0   0   0   0   0   0   0   0   0   0   0   0   0   0   0   0  2.06 inf
   32 S   -1 -3 -1 -2 -3 -2 -2 -2 -3 -4 -5 -2 -4 -4 -3  7  0 -5 -4 -4    0   0   0   0   0   0   0   0   0   0   0   0   0   0   0 100   0   0   0   0  1.46 inf
   33 S    1 -3 -1 -2 -3 -2 -2 -2 -3 -4 -4 -2 -3 -4 -3  6  1 -5 -4 -3    9   0   0   0   0   0   0   0   0   0   0   0   0   0   0  88   3   0   0   0  1.17 inf
   34 V   -2 -4 -5 -5 -3 -4 -4 -5 -5  1 -1 -4 -1 -3 -4 -4 -1 -5 -3  7    0   0   0   0   0   0   0   0   0   1   0   0   0   0   0   0   1   0   0  99  1.38 inf
   35 T    4 -3 -3 -4  0 -3 -3 -2 -4  0 -1 -3 -1 -3 -3 -1  1 -4 -3  4   49   0   0   0   1   0   0   0   0   0   1   0   0   0   0   0  11   0   0  38  0.60 inf
   36 A    6 -3 -3 -4 -2 -3 -3  0 -3 -3 -3 -3 -3 -4 -3  0 -2 -4 -4 -2   94   0   0   0   0   0   0   5   0   0   0   0   0   0   0   1   0   0   0   0  1.19 inf
   37 M    3 -3 -3 -4 -2 -3 -3 -2 -4  1  0 -2  2 -2 -3 -1  0 -4 -3  4   35   0   0   0   0   0   0   0   0   2   7   0   8   0   0   0   5   0   0  43  0.47 inf
   38 L   -3 -4 -5 -5 -3 -4 -5 -5 -4  1  6 -4  2 -1 -5 -4 -3 -3 -3 -1    0   0   0   0   0   0   0   0   0   2  94   0   4   0   0   0   0   0   0   0  1.18 inf
   39 L   -2 -4 -5 -5 -1 -4 -4 -5 -4  4  4 -4  1 -1 -4 -3 -2 -3 -2  2    1   0   0   0   1   0   0   0   0  34  49   0   1   0   0   0   0   0   0  15  0.72 inf
   40 H   -3 -2  1 -2 -5  0 -2 -4 10 -3 -3 -3 -3 -3 -4 -1 -3 -4  0 -5    1   0   6   1   0   3   1   0  80   2   2   0   0   0   0   4   0   0   2   0  1.83 inf
   41 R   -2  5 -1 -1 -5  1  3 -3  0 -4 -4  5 -3 -4 -3 -2 -2 -4 -3 -4    0  34   1   0   0   2  18   0   1   0   0  43   0   0   0   0   0   0   0   0  0.87 inf
   42 A    6 -3 -3 -4 -2 -3 -3 -2 -4 -3 -3 -3 -3 -4 -3 -1 -2 -5 -4 -2   99   0   0   0   0   0   0   0   0   0   0   0   0   0   0   0   0   0   0   1  1.34 inf
   43 I   -3 -5 -5 -5 -3 -5 -5 -6 -5  7  0 -5 -1 -2 -5 -4 -2 -4 -3  2    0   0   0   0   0   0   0   0   0  91   1   0   0   0   0   0   0   0   0   8  1.38 inf
   44 G   -2 -4 -2 -3 -4 -4 -4  7 -2 -6 -6 -3 -5 -5 -4 -2 -3 -4 -5 -5    0   0   0   0   0   0   0  99   1   0   0   0   0   0   0   0   0   0   0   0  1.90 inf
   45 K   -2 -1  1  6 -5  0  1 -3 -1 -5 -5  2 -4 -5 -2  0 -2 -5 -4 -4    1   1   3  63   0   2   6   0   1   0   0  18   0   0   1   4   1   0   0   0  1.00 inf
   46 N   -2  2  2 -2 -5  7  0 -3 -1 -5 -4  1 -2 -5 -3 -2 -2 -4 -3 -4    1   9  10   0   0  74   0   0   0   0   0   6   0   0   0   1   0   0   0   0  1.29 inf
   47 L   -3 -4 -5 -6 -3 -4 -5 -6 -5  0  6 -4  1 -1 -5 -4 -3 -3 -3 -1    0   0   0   0   0   0   0   0   0   0 100   0   0   0   0   0   0   0   0   0  1.30 inf
   48 T   -2 -3 -2 -3 -3 -2 -3 -4  1  0 -3 -2 -2 -3 -3  0  6 -4 -2  1    0   0   0   0   0   1   0   0   4   4   0   1   0   0   0   1  80   0   1   8  1.05 inf
   49 C   -2 -6 -5 -6 11 -5 -6 -5 -5 -4 -4 -5 -4 -5 -3 -2 -3 -5 -5 -3    1   0   0   0  95   0   0   0   0   0   0   0   0   0   1   2   0   0   0   0  2.92 inf
   50 V   -2 -4 -5 -5 -2 -4 -4 -5 -5  5  0 -4  2 -2 -4 -3 -2 -4 -3  5    0   0   0   0   0   0   0   0   0  36   0   0   5   0   0   0   0   0   0  60  0.95 inf
   51 F   -4 -5 -5 -5 -4 -5 -5 -5  1 -2 -1 -5 -2  8 -6 -4 -4 -1  2 -3    0   0   0   0   0   0   0   0   4   0   2   0   0  91   0   0   0   0   3   0  1.88 inf
   52 V   -2 -4 -5 -5 -3 -4 -4 -5 -5  2 -1 -4 -1 -3 -4 -4 -2 -5 -3  7    0   0   0   0   0   0   0   0   0   3   0   0   0   0   0   0   0   0   0  97  1.35 inf
   53 D   -4 -3  2  8 -5 -2  0 -3 -3 -5 -6 -3 -5 -6 -3 -2 -3 -6 -5 -5    0   0  10  90   0   0   0   0   0   0   0   0   0   0   0   0   0   0   0   0  1.79 inf
   54 N   -3 -2  5 -2 -5 -2 -2 -3  9 -5 -5 -2 -4 -4 -3 -2  1 -5 -1 -5    0   0  32   0   0   0   0   0  58   0   0   0   0   0   1   0   9   0   0   0  1.49 inf
   55 G   -2 -4 -2 -3 -4 -4 -4  7 -4 -6 -6 -3 -5 -5 -4 -2 -3 -4 -5 -5    0   0   1   0   0   0   0  99   0   0   0   0   0   0   0   0   0   0   0   0  1.91 inf
   56 L   -3 -4 -5 -5 -3 -4 -5 -5 -4  0  6 -4  2  0 -5 -4 -3 -3 -2  0    0   0   0   0   0   0   0   0   0   1  91   0   4   2   0   0   0   0   0   1  1.12 inf
   57 L   -3 -4 -4 -5 -3 -3 -4 -5 -4  0  5 -4  4 -1 -5 -4 -3 -3 -3 -1    0   0   1   0   0   0   0   0   0   1  86   0  13   0   0   0   0   0   0   0  1.10 inf
   58 R   -4  8 -2 -4 -6 -1 -2 -4 -2 -5 -4  0 -3 -5 -4 -3 -3 -5 -4 -5    0 100   0   0   0   0   0   0   0   0   0   0   0   0   0   0   0   0   0   0  1.96 inf
   59 L   -1  0 -2 -3 -3  1 -1 -3 -1 -2  2  5  0 -2 -3 -2 -2 -1 -2 -2    4   1   0   0   0   6   1   0   1   0  31  50   2   0   0   0   0   1   1   0  0.48 inf
   60 N   -2 -2  6  2 -4 -1 -1  4  1 -5 -5 -2 -4 -4 -3 -1 -2 -5 -2 -4    1   0  45  12   0   2   2  33   4   0   0   0   0   0   0   0   0   0   1   0  0.87 inf
   61 E   -3 -2 -2  0 -6  0  7 -4 -2 -5 -5 -1 -4 -5 -3 -2 -3 -5 -4 -5    0   0   0   0   0   0 100   0   0   0   0   0   0   0   0   0   0   0   0   0  1.78 inf
   62 A    4 -1 -2 -2 -2 -2 -2  4 -3 -3 -3 -2 -3 -1 -1  1 -1 -4 -3 -2   46   3   0   1   0   0   0  36   0   0   0   0   0   4   2   6   1   0   0   1  0.61 inf
   63 E   -2 -1  0  5 -5  1  5 -3 -2 -4 -4  1 -4 -5 -3 -1 -2 -5 -4 -4    3   1   1  39   0   4  44   0   0   0   0   8   0   0   0   1   1   0   0   0  0.92 inf
   64 Q   -1  0  0  0 -4  6  3 -2 -1 -4 -3  1  1 -4 -3  0 -1 -2 -3 -3    2   3   3   3   0  48  20   2   0   0   1   5   4   0   0   8   1   0   0   0  0.67 inf
   65 V   -2 -4 -5 -5 -3 -4 -4 -5 -5  1 -1 -4 -1 -3 -4 -3 -1 -5 -3  7    0   0   0   0   0   0   0   0   0   1   0   0   0   0   0   0   1   0   0  98  1.37 inf
   66 L   -2 -2 -3 -3 -3 -1  2 -4 -3  1  1 -2  7 -2 -4 -3 -2 -3 -2  3    1   1   0   0   0   2  15   0   0   4   8   1  43   0   0   0   0   0   0  25  0.63 inf
   67 D    1  1  0  2 -3  1  3 -1  0 -3 -3  2 -2 -4 -2  1  0 -4 -2 -3   14   6   3  13   0   5  25   3   3   0   0  13   0   0   0   9   6   0   0   0  0.32 inf
   68 M    0 -2 -2 -2 -2 -1 -2 -3 -3  1  1 -2  5 -2 -3 -1  3 -3  0  2    6   1   1   2   0   2   0   0   0   7   9   0  28   0   0   2  24   0   3  15  0.34 inf
   69 F   -4 -5 -5 -5 -4 -5 -5 -5 -3 -2  1 -5 -1  8 -5 -4 -4 -1  3 -2    0   0   0   0   0   0   0   0   0   0  11   0   1  83   0   0   0   0   6   0  1.65 inf
   70 G    2  4 -1 -2 -3  0 -1  2 -2 -3 -3  2 -2 -3 -2  0 -1 -3 -3 -1   20  32   1   0   0   2   2  19   0   0   0  11   0   0   0   5   3   0   0   3  0.38 inf
   71 D   -1  1  2  4 -4  1  3  2  0 -4 -4  1 -3 -4 -2 -1 -2 -4 -3 -4    1   7   9  26   0   5  24  15   1   0   0   9   0   0   1   1   0   0   0   0  0.48 inf
   72 H   -2  0  4  0 -2  2  0  0  6 -4 -4  2 -2 -4 -3 -1 -2 -4 -1 -3    1   4  22   4   1  11   4   6  32   0   0  12   0   0   0   1   0   0   0   1  0.61 inf
   73 F   -3 -4 -4 -5 -3 -3 -4 -5 -2 -1  2 -4  4  6 -4 -3 -3 -1  4 -1    1   0   0   0   0   0   0   0   0   0  20   0  16  43   0   0   1   0  19   0  0.89 inf
   74 G   -2 -2  4  2 -4 -1 -1  4  3 -5 -5  0 -4 -4 -3 -1 -2 -4 -3 -4    1   0  23  16   0   1   1  42  11   0   0   5   0   0   0   0   0   0   0   0  0.72 inf
   75 L    0 -3 -4 -4 -2 -3 -4 -4 -4  3  3 -3  4 -1 -4 -3 -1 -3 -2  3    6   0   0   0   0   0   0   0   0  24  29   0  19   0   0   0   1   0   0  20  0.54 inf
   76 N   -3  1  6  0 -4  0 -1 -2  0 -5 -5  3 -3 -5  3 -1 -2 -5 -3 -4    0   5  51   1   0   1   1   0   2   0   0  22   0   0  15   1   0   0   0   0  0.87 inf
   77 I   -2 -4 -4 -5 -2 -4 -4 -5 -4  3  4 -4  0  1 -4 -3 -2 -3 -2  3    0   0   0   0   0   0   0   0   0  22  43   0   0   6   0   0   0   0   0  30  0.63 inf
   78 V   -2 -3 -3 -3 -3 -3 -4 -5 -1  6  0 -1  0 -2 -4 -3 -2 -4 -3  3    0   1   1   1   0   0   0   0   2  64   1   4   0   0   0   0   0   0   0  25  0.80 inf
   79 H   -1  4 -1 -3 -1 -1 -1 -1  6 -3 -3  2 -2 -1 -3 -2 -2 -3  3 -2    5  27   0   0   1   0   0   4  29   0   1  14   0   2   0   0   1   0  11   4  0.56 inf
   80 V    1 -2 -4 -4 -2 -3 -3 -4 -4  2 -1 -3 -1 -2 -4 -3 -2 -4 -3  6    9   3   0   0   0   0   0   0   0   8   0   1   0   0   0   0   0   0   0  77  0.85 inf
   81 P   -3 -2  4  7 -5  0  1 -3 -2 -5 -5 -1 -4 -5 -2 -1 -2 -6 -4 -5    1   1  18  70   0   3   4   0   0   0   0   2   0   0   1   1   0   0   0   0  1.26 inf
   82 A    6 -3 -3 -3 -1 -2  0 -1 -3 -3 -3 -2 -3 -4 -3  0 -2 -4 -4 -1   92   0   0   0   1   0   5   0   0   0   0   0   0   0   0   1   0   0   0   1  1.13 inf
   83 E    1  1 -1 -1 -3  3  3 -1 -1 -3 -3  2 -2 -4 -2  2  1 -4 -3 -2    9   6   0   0   0  15  26   2   0   0   0  11   0   0   0  22   7   0   0   1  0.40 inf
   84 D    0 -1  0  5 -4  1  4 -2 -2 -4 -4  1 -3 -5 -3 -1 -2 -5 -4 -4    7   2   2  40   0   3  35   1   0   0   0   8   0   0   0   2   1   0   0   0  0.78 inf
   85 R   -3  6 -2 -2 -4  1  0 -4 -1 -3  1  1  0 -3 -3 -2 -2 -4 -2 -3    0  63   1   1   0   6   3   0   0   1  15   6   2   0   0   0   1   0   1   0  0.83 inf
   86 F   -4 -5 -5 -6 -5 -5 -5 -5 -3 -2 -2 -5 -2  9 -6 -5 -4 -1  2 -3    0   0   0   0   0   0   0   0   0   0   0   0   0  98   0   0   0   0   2   0  2.12 inf
   87 L   -3 -4 -5 -5 -3 -3 -4 -5 -4  1  5 -4  4  1 -4 -4 -3 -3  1  0    0   0   0   0   0   0   0   0   0   2  76   0  12   4   0   0   0   0   5   0  0.90 inf
   88 S    0 -1  2  3 -3 -1  1  3 -2 -4 -4  0 -3 -4 -2  2  0 -4 -3 -3    8   1  10  17   0   1   6  25   0   0   0   5   0   0   0  21   5   0   0   0  0.39 inf
   89 A    2  2 -1  0 -3  1  1 -1  0 -3 -3  4 -2 -4 -2 -1 -2 -4 -3 -3   26   8   1   3   0   3   9   3   3   0   1  42   0   0   0   1   0   0   0   0  0.44 inf
   90 L   -3 -4 -5 -5 -3 -4 -5 -6 -5  0  6 -4  1 -1 -5 -4 -3 -3 -3 -1    0   0   0   0   0   0   0   0   0   1  98   0   1   0   0   0   0   0   0   1  1.25 inf
   91 A    4  0 -1  0 -2  0  2 -1 -1 -3 -3  3 -2 -4 -2  0 -1 -4 -3 -2   45   2   1   3   0   2  15   1   1   0   0  25   0   0   0   3   1   0   0   2  0.43 inf
   92 G   -2 -4 -1 -2 -4 -4 -4  7 -4 -6 -6 -3 -5 -5 -4 -2 -3 -4 -5 -5    0   0   1   2   0   0   0  97   0   0   0   0   0   0   0   0   0   0   0   0  1.81 inf
   93 E   -2 -3 -4 -3 -3 -1  1 -5 -4  3  0 -3 -1 -2 -4 -3 -1 -4 -3  6    0   0   0   0   0   2  12   0   0  11   2   1   0   0   0   0   0   0   0  72  0.76 inf
   94 N    1 -2  0  1 -2 -1  0 -2 -1 -2 -3 -1 -2 -3 -2  3  4 -4 -2 -1    7   0   3   7   0   1   6   1   1   1   0   1   1   0   0  35  34   0   0   3  0.46 inf
   95 D   -4 -3 -1  7 -3 -2  2 -3 -3 -5 -6 -2 -5 -5 -3 -2 -3 -6 -5 -5    0   0   0  88   1   0  12   0   0   0   0   0   0   0   0   0   0   0   0   0  1.71 inf
   96 P   -3 -4 -4 -4 -5 -4 -3 -4 -4 -5 -5 -3 -5 -6  9 -3 -3 -6 -5 -5    0   0   0   0   0   0   0   0   0   0   0   0   0   0 100   0   0   0   0   0  2.86 inf
   97 E   -3 -2 -2  0 -6  0  7 -4 -2 -5 -5 -1 -4 -5 -3 -2 -3 -5 -4 -5    0   0   0   0   0   1  99   0   0   0   0   0   0   0   0   0   0   0   0   0  1.75 inf
   98 A    2  1 -1 -1 -3  4  1 -2 -1 -2 -2  3 -2 -4 -2 -1  1 -4 -3 -1   19   6   0   1   0  28  10   0   0   1   2  20   0   0   0   0  12   0   0   3  0.39 inf
   99 K   -3  0 -2 -3 -5 -1 -1 -4 -3 -5 -5  7 -3 -5 -3 -2 -3 -5 -4 -4    0   0   0   0   0   0   0   0   0   0   0 100   0   0   0   0   0   0   0   0  1.65 inf
  100 R   -4  8 -2 -4 -6 -1 -2 -4 -2 -5 -4  0 -3 -5 -4 -3 -3 -5 -4 -5    0 100   0   0   0   0   0   0   0   0   0   0   0   0   0   0   0   0   0   0  1.96 inf
  101 K   -3  1 -2 -3 -5 -1 -1 -4 -3 -4 -4  7 -3 -5 -3 -2 -2 -5 -4 -4    0   1   0   0   0   0   0   0   0   1   0  98   0   0   0   0   0   0   0   0  1.57 inf
  102 I   -1 -4 -4 -4 -3 -4 -4 -4 -5  6  0 -3  0 -1 -4 -3  1 -4 -3  1    3   0   0   0   0   0   0   1   0  78   0   0   1   2   0   1  11   0   0   3  0.93 inf
  103 I   -3 -5 -5 -5 -3 -5 -5 -6 -5  7  0 -5 -1 -2 -5 -4 -3 -5 -3  1    1   0   0   0   0   0   0   0   0  99   0   0   0   0   0   0   0   0   0   1  1.54 inf
  104 G   -2 -4 -2 -3 -4 -4 -4  7 -4 -6 -6 -3 -5 -5 -4 -2 -3 -4 -5 -5    0   0   0   0   0   0   0 100   0   0   0   0   0   0   0   0   0   0   0   0  1.93 inf
  105 R   -1  4  4 -1 -4  0  2  0  3 -4 -4  2 -3 -4 -3 -1 -1 -4 -2 -4    4  26  26   0   0   0  14   7   8   0   0  11   0   0   0   1   1   0   1   0  0.49 inf
  106 V   -1 -2 -2  0 -2  0  4 -3 -2 -1  1 -1 -1 -3 -3 -1  1 -4 -3  0    2   0   1   2   0   1  48   1   0   1  21   1   1   0   0   1  12   0   0   9  0.42 inf
  107 F   -4 -5 -5 -6 -5 -5 -5 -5 -3 -2 -2 -5 -2  9 -6 -5 -4 -1  1 -3    0   0   0   0   0   0   0   0   0   0   0   0   0 100   0   0   0   0   0   0  2.20 inf
  108 V   -3 -5 -5 -5 -3 -4 -5 -5 -5  6  0 -4  0 -2 -4 -4 -2 -4 -3  4    0   0   0   0   0   0   0   0   0  74   0   0   0   0   0   0   0   0   0  26  1.15 inf
  109 E   -2  3 -1  3 -5  1  4 -3 -1 -4 -4  0 -3 -3 -3 -1 -2 -3  2 -3    1  22   1  21   0   2  38   0   1   0   0   1   0   0   0   1   1   0  11   0  0.65 inf
  110 V   -2 -4 -4 -5 -2 -4 -4 -5 -5  3  0 -4  0 -2 -4 -3 -1 -4 -3  6    0   0   0   0   0   0   0   0   0  13   3   0   1   0   0   0   3   0   0  80  1.00 inf
  111 F   -4 -5 -5 -6 -5 -5 -5 -5 -3 -2 -2 -5 -2  9 -6 -5 -4 -1  1 -3    0   0   0   0   0   0   0   0   0   0   0   0   0 100   0   0   0   0   0   0  2.20 inf
  112 D   -2 -2  1  5 -5  2  5 -3 -2 -5 -5  0 -3 -5 -3 -1 -2 -5 -4 -4    2   0   6  34   0  11  44   0   0   0   0   2   0   0   0   0   0   0   0   0  0.92 inf
  113 E    0  0 -1  3 -4  1  5 -3 -2 -4 -4  1 -3 -5 -3 -1 -2 -4 -3 -3   10   5   0  17   0   3  58   0   0   0   0   5   0   0   0   0   1   0   0   1  0.79 inf
  114 E   -2 -2 -2  0 -5  1  7 -4  0 -5 -5 -1 -4 -5 -3 -2 -3 -4 -1 -4    2   0   0   0   0   4  89   0   2   0   0   1   0   0   0   0   0   0   2   0  1.40 inf
  115 A    6 -3 -3 -3 -1 -2 -2 -1 -3 -3 -3 -2 -3 -4 -2  2 -1 -4 -3 -2   82   0   0   0   0   0   0   0   0   0   0   0   0   0   0  13   2   0   0   1  0.97 inf
  116 L    1  2  1 -1 -1  0  0  0  1 -3 -3  3 -2 -4 -2  1  0 -4 -2 -2   18  13   6   2   1   2   3   6   4   0   1  32   0   0   0   8   3   0   0   0  0.30 inf
  117 K   -2  2 -1 -2 -5  1  0 -3 -2 -4 -4  7 -2 -5 -3 -1 -2 -5 -3 -4    1   5   1   1   0   3   3   0   0   0   0  82   1   0   0   2   1   0   0   0  1.11 inf
  118 L   -2 -3 -4 -5 -1 -2 -4 -5 -2  4  4 -4  1 -1 -4 -3 -2 -3 -2  1    0   1   0   0   1   2   0   0   1  36  53   0   0   1   0   0   0   0   0   4  0.69 inf
  119 E   -1 -1  0  1 -3  0  2  3 -1 -3 -4  2 -3 -4  0  0  1 -4 -3 -3    2   2   2   9   0   3  15  32   1   0   0  15   0   0   4   2  11   0   0   1  0.38 inf
  120 D   -1 -2  3  4 -4  1  0  4 -1 -4 -4  0 -3 -4 -2  0 -1 -4 -4 -4    4   0  14  25   0   7   4  35   1   0   0   5   0   0   0   2   2   0   0   0  0.56 inf
  121 V    3 -3 -3 -4 -2 -3 -3 -3 -4  3 -1 -3  1  0 -2 -1 -1 -4 -2  4   40   0   0   0   0   0   0   0   0  17   0   0   3   3   1   0   0   0   0  35  0.48 inf
  122 K   -2  1  0  5 -4  1  2 -2 -1 -4 -4  4 -3 -4 -2 -1 -1 -5 -3 -4    2   6   2  37   0   3  13   1   1   0   0  33   0   0   0   1   2   0   0   0  0.68 inf
  123 W   -4 -5 -5 -6 -4 -5 -5 -5 -3 -3 -2 -5 -2  7 -6 -4 -4  9  3 -3    0   0   0   0   0   0   0   0   0   0   0   0   0  62   0   0   0  31   7   0  1.98 inf
  124 L   -3 -4 -5 -6 -3 -4 -5 -6 -5  0  6 -4  1 -1 -5 -4 -3 -3 -3 -1    0   0   0   0   0   0   0   0   0   0 100   0   0   0   0   0   0   0   0   0  1.30 inf
  125 A    6 -3 -3 -4 -1 -3 -3  0 -3 -2 -3 -3 -2 -4 -3 -1 -2 -4 -3  2   79   0   0   0   0   0   0   3   0   0   0   0   0   0   0   0   0   0   0  17  0.88 inf
  126 Q   -3 -1 -2 -3 -5  8  0 -4 -2 -5 -4 -1 -3 -6 -4 -2 -3 -4 -4 -5    0   0   0   0   0 100   0   0   0   0   0   0   0   0   0   0   0   0   0   0  2.04 inf
  127 G   -2 -4 -2 -3 -4 -4 -4  7 -4 -6 -6 -3 -5 -5 -4 -2 -3 -4 -5 -5    0   0   0   0   0   0   0 100   0   0   0   0   0   0   0   0   0   0   0   0  1.93 inf
  128 T   -2 -3 -2 -3 -3 -3 -3 -4 -4 -3 -3 -3 -3 -4 -3  0  7 -5 -4 -2    0   0   0   0   0   0   0   0   0   0   0   0   0   0   0   0 100   0   0   0  1.65 inf
  129 I   -3 -4 -5 -5 -3 -4 -5 -5 -5  5  4 -4  0 -1 -4 -4 -2 -4 -3  1    0   0   0   0   0   0   0   0   0  49  51   0   0   0   0   0   0   0   0   0  0.92 inf
  130 Y   -4 -4 -4 -6 -5 -4 -4 -5  0 -4 -3 -4 -3  1 -5 -4 -4  1  9 -4    0   0   0   0   0   0   0   0   0   0   0   0   0   0   0   0   0   1  99   0  2.45 inf
  131 P   -2 -4 -4 -3 -4 -3 -3 -4 -4 -4 -5 -3 -4 -5  8 -1  2 -6 -5 -4    0   0   0   0   0   0   0   0   0   0   0   0   0   0  82   2  16   0   0   0  2.16 inf
  132 D   -4 -4 -1  8 -6 -2  0 -3 -3 -5 -6 -3 -5 -6 -4 -2 -3 -7 -5 -5    0   0   0 100   0   0   0   0   0   0   0   0   0   0   0   0   0   0   0   0  2.06 inf
  133 V   -2 -3 -5 -5 -1 -4 -4 -5 -5  3 -1 -4 -1 -2 -4 -3 -2 -5 -3  6    0   1   0   0   1   0   0   0   0  12   1   0   0   0   0   0   0   0   0  85  1.11 inf
  134 I   -3 -5 -5 -5 -3 -4 -5 -6 -5  7  0 -4  0 -2 -5 -4 -2 -4 -3  3    0   0   0   0   0   0   0   0   0  84   1   0   0   0   0   0   0   0   0  15  1.27 inf
  135 E   -3 -2 -2  0 -6  0  7 -4 -2 -5 -5 -1 -4 -5 -3 -2 -3 -5 -4 -5    0   0   0   0   0   0 100   0   0   0   0   0   0   0   0   0   0   0   0   0  1.78 inf
  136 M   -3 -3 -4 -5 -3 -2 -4 -4 -4 -1  2 -3  9 -2 -4  1 -2 -4 -3 -1    0   0   0   0   0   0   0   0   0   0  15   0  74   0   0  11   0   0   0   0  1.42 inf
  137 K   -1  0  3  1 -4  3  1  2  2 -4 -4  3 -3 -4 -2 -1 -1 -4 -3 -4    3   3  20   5   0  14   5  17   6   0   0  26   0   0   0   0   1   0   0   0  0.43 inf
  138 M   -3 -4 -4 -5 -3 -3 -4 -5 -2  0  4 -3  4  5 -4 -4 -3 -2  0 -1    1   0   0   0   0   0   0   0   1   0  45   1  16  35   0   0   0   0   0   1  0.81 inf
  139 G   -1  0 -1  0 -4  2  3  1 -2 -4 -4  5 -3 -4 -2 -1 -1 -4 -3 -4    2   1   0   2   0   9  25  12   0   0   0  45   0   0   0   3   2   0   0   0  0.61 inf
  140 L   -3 -4 -5 -5 -3 -4 -5 -5 -5  2  6 -4  1 -1 -5 -4 -3 -3 -3  0    0   0   0   0   0   0   0   0   0   7  91   0   0   0   0   0   0   0   0   1  1.11 inf
  141 V   -2 -4 -4 -5  0 -4 -4 -5 -5  4  2 -4  0 -2 -4 -3 -2 -4 -3  4    0   0   0   0   2   0   0   0   0  37  17   0   0   0   0   0   0   0   0  44  0.75 inf
  142 E   -3 -2 -2  0 -6  0  7 -4 -2 -5 -5 -1 -4 -5 -3 -2 -3 -5 -4 -5    0   0   0   0   0   0 100   0   0   0   0   0   0   0   0   0   0   0   0   0  1.78 inf
  143 P   -3 -4 -4 -3 -5 -3 -3 -4 -4 -5 -5 -3 -5 -6  9 -3 -3 -6 -5 -5    0   0   0   1   0   0   0   0   0   0   0   0   0   0  99   0   0   0   0   0  2.82 inf
  144 L   -3 -4 -5 -5 -3 -4 -5 -5 -4  1  6 -4  1  0 -5 -4 -3 -3 -3  0    0   0   0   0   0   0   0   0   0   1  93   0   1   2   0   0   0   0   0   3  1.14 inf
  145 K   -3  7  2 -2 -5  0 -2 -4 -2 -5 -4  2 -3 -5 -4 -2 -3 -5 -2 -4    0  79   9   1   0   1   0   0   0   0   0   8   0   0   0   0   0   0   1   0  1.35 inf
  146 E   -2 -2  0  2 -4  1  5 -3 -1 -3 -2  0  0 -3 -3 -1  1  2  0 -3    1   0   3   8   0   3  56   0   1   0   2   2   4   0   0   1  12   3   3   1  0.61 inf
  147 L   -3 -4 -5 -6 -3 -4 -5 -6 -5  0  6 -4  1 -1 -5 -4 -3 -3 -3 -1    0   0   0   0   0   0   0   0   0   1  99   0   0   0   0   0   0   0   0   0  1.29 inf
  148 F   -4 -5 -5 -6 -5 -5 -5 -5 -3 -2 -2 -5 -2  9 -6 -5 -4 -1  1 -3    0   0   0   0   0   0   0   0   0   0   0   0   0 100   0   0   0   0   0   0  2.18 inf
  149 K   -3  0 -2 -3 -5 -1 -1 -4 -3 -5 -5  7 -3 -5 -3 -2 -3 -5 -4 -4    0   0   0   0   0   0   0   0   0   0   0 100   0   0   0   0   0   0   0   0  1.65 inf
  150 D   -4 -4 -1  8 -6 -2  0 -3 -3 -5 -6 -3 -5 -6 -4 -2 -3 -7 -5 -5    0   0   0 100   0   0   0   0   0   0   0   0   0   0   0   0   0   0   0   0  2.06 inf
  151 E   -3 -2 -2  0 -6  0  7 -4 -2 -5 -5 -1 -4 -5 -3 -2 -3 -5 -4 -5    0   0   0   1   0   0  99   0   0   0   0   0   0   0   0   0   0   0   0   0  1.76 inf
  152 V   -2 -4 -5 -5 -3 -4 -4 -5 -5  1 -1 -4 -1 -3 -4 -3 -1 -5 -3  7    1   0   0   0   0   0   0   0   0   0   0   0   0   0   0   0   1   0   0  98  1.35 inf
  153 R   -4  8 -2 -4 -6 -1 -2 -4 -2 -5 -4  0 -3 -5 -4 -3 -3 -5 -4 -5    0 100   0   0   0   0   0   0   0   0   0   0   0   0   0   0   0   0   0   0  1.96 inf
  154 K    2  2 -1 -1 -2  2  2 -2 -1 -2 -2  3 -1 -3 -2  0 -1 -4 -3 -1   25  10   1   1   0   8  17   0   1   1   3  27   1   0   0   1   1   0   0   5  0.32 inf
  155 I    0 -4 -4 -5  1 -3 -4 -4 -4  3  4 -3  1 -1 -4 -3 -2 -3 -2  3    6   0   0   0   3   0   0   0   0  17  51   0   1   0   0   0   0   0   0  22  0.57 inf
  156 G   -1 -4 -2 -3 -4 -4 -4  7 -4 -6 -6 -3 -5 -5 -4 -2 -3 -4 -5 -5    3   0   0   0   0   0   0  97   0   0   0   0   0   0   0   0   0   0   0   0  1.81 inf
  157 L   -1  2 -2 -2 -2  0  1 -3  0  0  2  0  0 -2 -3 -1  0 -3 -1  1    4  17   0   1   0   1  14   0   2   4  30   6   0   0   0   1   5   0   1  13  0.16 inf
  158 E    1 -1 -2  0 -4  1  6 -3 -2 -4 -4  1 -3 -5 -3 -1 -2 -4 -4 -3   13   1   0   1   0   3  73   0   0   0   0   5   0   0   0   1   1   0   0   1  1.01 inf
  159 L   -3 -4 -5 -5 -2 -4 -5 -5 -5  0  6 -4  1 -1 -5 -4 -3 -3 -3 -1    0   0   0   0   1   0   0   0   0   0  97   0   2   0   0   0   0   0   0   1  1.23 inf
  160 G   -2 -4 -2 -2 -4 -3 -3  7 -4 -6 -6 -3 -5 -5 -4 -2 -3 -4 -5 -5    0   0   1   1   0   0   0  96   0   0   0   1   0   0   0   1   0   0   0   0  1.79 inf
  161 L   -3 -4 -5 -5 -3 -3 -4 -5 -4  3  5 -4  4 -1 -4 -3 -2 -3 -2  0    0   0   0   0   0   0   0   0   0  17  68   0  14   0   0   0   0   0   0   1  0.87 inf
  162 P   -2 -4 -4 -2 -5 -3 -3 -4 -4 -5 -5 -3 -4 -6  8 -2 -3 -6 -5 -4    1   0   0   2   0   0   1   0   0   0   0   0   0   0  94   2   0   0   0   0  2.55 inf
  163 Y   -1  0 -1  3 -4  0  3 -3  4 -4 -4  0 -3 -2  0 -1 -2 -3  3 -3    5   4   1  20   0   1  30   0  15   0   0   3   0   1   4   3   1   0  12   0  0.49 inf
  164 D    0  0  1  3 -4  1  3 -2  3 -3 -3  0 -2 -2 -2  1 -1 -3  0 -2    5   2   4  23   0   3  28   1   9   2   0   5   0   2   1  10   1   0   3   2  0.38 inf
  165 M   -3 -3 -4 -5 -3 -3 -4 -5 -4  3  3 -4  6  3 -4 -3 -2  0 -1  0    0   0   0   0   0   0   0   0   0  21  23   0  38  14   0   0   0   1   0   3  0.76 inf
  166 L   -2 -4 -5 -5 -2 -4 -4 -5 -5  3  1 -4  0 -2 -4 -3 -2 -4 -3  5    0   0   0   0   0   0   0   0   0  19  12   0   0   0   0   0   0   0   0  69  0.90 inf
  167 Y   -3 -3 -1 -3 -4 -2 -4  2  1 -4 -3 -2 -2  2 -4 -3 -2  9  6 -4    0   0   3   1   0   1   0  17   3   0   0   2   1   6   0   0   1  29  35   0  1.22 inf
  168 R   -4  8 -2 -4 -6 -1 -2 -4 -2 -5 -4  0 -3 -5 -4 -3 -3 -5 -4 -5    0 100   0   0   0   0   0   0   0   0   0   0   0   0   0   0   0   0   0   0  1.96 inf
  169 H   -3 -2 -2 -3 -5  6 -1 -4  9 -5 -5 -2 -3 -4 -4 -3 -3 -4 -1 -5    0   0   0   0   0  38   0   0  62   0   0   0   0   0   0   0   0   0   0   0  1.80 inf
  170 P   -3 -4 -4 -4 -5 -4 -3 -4 -4 -5 -5 -3 -5 -6  9 -3 -3 -6 -5 -5    0   0   0   0   0   0   0   0   0   0   0   0   0   0 100   0   0   0   0   0  2.86 inf
  171 F   -4 -5 -5 -6 -5 -5 -5 -5 -3 -2 -2 -5 -2  9 -6 -5 -4 -1  1 -3    0   0   0   0   0   0   0   0   0   0   0   0   0 100   0   0   0   0   0   0  2.20 inf
  172 P   -3 -4 -4 -4 -5 -4 -3 -4 -4 -5 -5 -3 -5 -6  9 -3 -3 -6 -5 -5    0   0   0   0   0   0   0   0   0   0   0   0   0   0 100   0   0   0   0   0  2.86 inf
  173 G   -2 -4 -2 -3 -4 -4 -4  7 -4 -6 -6 -3 -5 -5 -4 -2 -3 -4 -5 -5    0   0   0   0   0   0   0 100   0   0   0   0   0   0   0   0   0   0   0   0  1.93 inf
  174 P   -3 -4 -4 -4 -5 -4 -3 -4 -4 -5 -5 -3 -5 -6  9 -3 -3 -6 -5 -5    0   0   0   0   0   0   0   0   0   0   0   0   0   0 100   0   0   0   0   0  2.86 inf
  175 G   -2 -4 -2 -3 -4 -4 -4  7 -4 -6 -6 -3 -5 -5 -4 -2 -3 -4 -5 -5    0   0   0   0   0   0   0 100   0   0   0   0   0   0   0   0   0   0   0   0  1.93 inf
  176 L   -3 -4 -5 -6 -3 -4 -5 -6 -5  0  6 -4  1 -1 -5 -4 -3 -3 -3 -1    0   0   0   0   0   0   0   0   0   1  99   0   0   0   0   0   0   0   0   0  1.29 inf
  177 G    4 -3 -2 -3 -3 -3 -3  5 -3 -4 -4 -3 -3 -4 -3 -1 -2 -4 -4 -3   48   0   0   0   0   0   0  52   0   0   0   0   0   0   0   0   0   0   0   0  1.04 inf
  178 V   -2 -4 -5 -5 -3 -4 -5 -5 -5  6  0 -4  0 -2 -4 -4 -2 -4 -3  5    0   0   0   0   0   0   0   0   0  58   0   0   0   0   0   0   0   0   0  42  1.04 inf

                      K         Lambda
Standard Ungapped    0.1437     0.3213
Standard Gapped      0.0679     0.2670
PSI Ungapped         0.2221     0.3200
PSI Gapped           0.0679     0.2670
