
Last position-specific scoring matrix computed, weighted observed percentages rounded down, information per position, and relative weight of gapless real matches to pseudocounts
           A  R  N  D  C  Q  E  G  H  I  L  K  M  F  P  S  T  W  Y  V   A   R   N   D   C   Q   E   G   H   I   L   K   M   F   P   S   T   W   Y   V
    1 V   -1 -3 -3 -4 -1 -3 -3 -4 -4  3  1 -3  1 -1 -3 -2  0 -3 -2  4    0   0   0   0   0   0   0   0   0  28   0   0   0   0   0   0   0   0   0  72  0.43 inf
    2 G   -3 -6 -2 -5 -6 -6 -6  8 -6 -8 -8 -5 -7 -7 -6 -4 -5 -6 -7 -7    0   0   1   0   0   0   0  99   0   0   0   0   0   0   0   0   0   0   0   0  2.53 inf
    3 Y   -1  1 -2 -2  0 -1 -1  0  1  3 -1  1 -1  1 -4 -2 -2 -3  3  1    5  11   0   1   2   2   3   8   3  21   3   9   0   6   0   1   1   0  12  12  0.17 inf
    4 A    2 -4 -5 -5 -2 -4 -4 -4 -4  1  1 -4  0 -2  2 -3 -1 -5 -2  5   21   0   0   0   0   0   0   0   0   5  10   0   1   1  10   0   2   0   1  47  0.70 inf
    5 C    5 -5 -5 -5  6 -4 -4 -4 -5  1 -3 -4 -3 -5 -4 -2 -2 -6 -5  2   60   0   0   0  16   0   0   0   0   9   1   0   0   0   0   1   1   0   0  13  1.16 inf
    6 T   -1  0 -1  0 -3 -1  0 -3  0 -2 -1  1 -1  3 -3  1  1 -1  3 -2    2   6   3   7   0   2   5   0   2   1   6  10   1  16   0  13  12   0  12   1  0.22 inf
    7 T   -2 -2  1 -2 -4 -3 -3 -4 -1 -4 -5  0 -4 -5 -4  4  6 -6 -5 -3    1   1   7   2   0   0   0   0   2   0   0   5   0   0   0  33  47   0   0   1  1.07 inf
    8 P    2 -4 -3 -4 -4 -3 -4 -2 -4 -1 -1 -4 -3 -5  6 -1 -2 -6 -2  3   17   0   1   0   0   0   0   3   0   2   6   0   0   0  43   4   2   0   1  20  0.97 inf
    9 R   -1 -1 -1  4 -6  2  5 -3 -1 -5 -5  0 -4 -6 -3 -1 -2 -1 -4 -4    6   3   2  22   0   7  46   1   1   0   0   4   0   0   0   3   1   1   0   1  0.89 inf
   10 E   -1 -2 -2  2 -6  3  6 -4 -3 -6 -4 -1 -5 -6 -4 -2 -3 -6 -5 -5    4   0   1  10   0  13  65   1   0   0   2   2   0   0   0   2   0   0   0   0  1.33 inf
   11 A    6 -5 -5 -5 -3 -4 -4 -2 -5 -1 -2 -4 -3 -3 -4 -2 -2 -6 -5  1   80   0   0   0   0   0   0   2   0   3   3   0   0   1   0   1   2   0   0   8  1.30 inf
   12 E    1  1 -2  0 -3  0  2 -3 -1  0 -1  1 -2 -1 -2 -1 -1 -4  0  3   13  11   1   4   0   2  18   1   1   2   3   7   0   2   1   1   1   0   3  26  0.20 inf
   13 E    2  0 -1  1 -4  2  3 -2  1 -4 -3  1 -2 -3 -3  0  0 -4  1 -3   24   4   2   8   0  10  23   1   3   0   2   8   0   0   0   4   4   0   6   0  0.36 inf
   14 A    5  0 -3 -4  0 -2 -3 -2 -4  1 -2 -2 -3 -3 -4 -1 -1  0 -4  1   61   5   1   0   2   1   0   1   0   8   2   2   0   1   0   1   2   2   0  11  0.76 inf
   15 A    6 -4 -4 -5  2 -4 -4 -3 -4  1 -1 -4 -3  0 -4 -1 -1 -2  1 -1   66   0   0   0   5   0   0   0   0   9   6   0   0   3   0   1   2   1   4   2  0.91 inf
   16 S   -1  2  1  1 -4  1  2 -1 -1 -3 -4  4 -3 -5 -3  0 -1 -3 -3 -3    4  12   5   8   0   5  17   5   1   1   1  31   0   0   0   5   3   0   0   1  0.46 inf
   17 K   -1  1 -1  0 -5  3  4 -3 -2 -4 -4  3 -2 -5 -3  1 -1  1 -4 -3    5   5   2   3   0  16  29   1   0   0   1  24   1   0   0   9   2   2   0   1  0.58 inf
   18 I   -3 -5 -6 -6 -4 -5 -5 -6 -5  4  5 -4  2  1 -5 -5 -3 -4 -2 -1    1   0   0   0   0   0   0   0   0  22  68   0   4   4   0   0   0   0   1   1  1.14 inf
   19 G   -1 -3  1  0 -5 -2 -3  6 -2 -6 -6 -1 -5 -6  0  0 -3 -5 -5 -5    4   1   7   5   0   1   1  65   1   0   0   4   0   0   5   5   0   0   0   0  1.14 inf
   20 A    0 -3 -1 -2 -1 -2 -2  5 -3 -2 -3 -2 -4 -4 -3  0  2 -4 -2 -3    6   1   2   1   1   1   1  54   0   3   2   2   0   0   0   8  14   0   2   1  0.75 inf
   21 G   -1 -1  1  3 -3  0  1  1 -1 -4 -4  1 -3 -3  4  0 -1 -1 -3 -3    2   1   6  17   0   2  11  14   1   0   0  11   0   1  21   6   3   1   1   0  0.45 inf
   22 P    0  1 -2  0 -2 -1 -1 -2 -1  1  0  1  0 -1  2 -1 -1  1 -2  2    5  10   0   7   0   2   3   3   2   5   8  11   1   2   9   3   3   2   0  23  0.10 inf
   23 W    0 -4 -4 -5  1 -3 -4 -2 -1 -1  0 -2  0  1 -4 -3 -2 10  3  1    8   0   1   0   4   0   0   3   1   2   8   2   3   5   0   1   2  39   9  11  1.19 inf
   24 V    1 -5 -5 -6 -3 -5 -5 -5 -6  1 -1 -5  1 -3 -5 -4 -2 -5 -4  7   10   0   0   0   0   0   0   0   0   4   1   0   3   0   0   0   0   0   0  83  1.35 inf
   25 V   -1 -5 -5 -6 -3 -5 -5 -6 -6  3  0 -5  0 -3 -5 -4 -3 -5 -4  6    3   0   0   0   0   0   0   0   0  16   5   0   1   0   0   0   0   0   0  75  1.30 inf
   26 K   -4 -1 -3 -4 -6 -2 -2 -5 -4 -6 -6  8 -5 -6 -4 -3 -4 -6 -5 -6    0   0   0   0   0   0   0   0   0   0   0 100   0   0   0   0   0   0   0   0  2.20 inf
   27 C    6 -4 -4 -4  4 -3 -3 -1 -4 -3 -4 -3 -3 -5 -3  2 -2 -5 -4 -1   71   0   0   0   9   0   0   2   0   1   0   0   0   0   0  12   1   0   0   4  1.08 inf
   28 Q   -4 -2 -3 -4 -6  9 -1 -5 -3 -6 -4 -2 -4 -7 -5 -3 -4 -5 -5 -6    0   0   0   0   0  98   0   0   0   0   2   0   0   0   0   0   0   0   0   0  2.53 inf
   29 V   -2 -5 -6 -6 -3 -5 -5 -6 -6  6 -1 -5 -1 -3 -5 -4 -3 -5 -4  5    3   0   0   0   0   0   0   0   0  53   0   0   0   0   0   0   0   0   0  44  1.35 inf
   30 H   -5 -2 -3 -4 -6  0 -3 -5 10 -5  0 -2 -4 -4 -2 -3 -5 -5  1 -5    0   1   0   0   0   3   0   0  75   0  12   3   0   0   2   1   0   0   3   0  2.13 inf
   31 A    6 -4 -4 -4  0 -3 -3 -3 -4 -3 -4 -3 -3 -5 -3  1  0 -5 -4 -1   83   0   0   0   1   0   0   0   0   1   0   0   0   0   0   7   6   0   0   2  1.29 inf
   32 G   -3 -5 -3 -4 -6 -5 -5  8 -5 -7 -7 -5 -6 -6 -5 -3 -5 -6 -6 -6    0   0   0   0   0   0   0 100   0   0   0   0   0   0   0   0   0   0   0   0  2.34 inf
   33 G    0 -5 -2 -4 -5 -5 -5  7 -5 -7 -7 -4 -6 -6 -5 -3 -4 -5 -6 -6    5   0   1   0   0   0   0  93   0   0   0   0   0   0   0   0   0   0   0   0  2.07 inf
   34 R   -5  8 -4 -5 -7 -2 -3 -6 -3 -6 -5 -1 -5 -6 -5 -2 -4 -6 -5 -6    0  98   0   0   0   0   0   0   0   0   0   0   0   0   0   2   0   0   0   0  2.41 inf
   35 G   -2 -5 -3 -4 -5 -5 -5  7 -5 -7 -7 -3 -6 -6 -5 -3 -4 -6 -6 -6    2   0   0   0   0   0   0  97   0   0   0   2   0   0   0   0   0   0   0   0  2.18 inf
   36 K   -2  0 -3 -4 -6 -1 -2 -4 -4 -3 -2  8 -2 -6 -4 -3 -3 -6 -5 -5    3   1   0   0   0   1   1   0   0   2   4  89   1   0   0   0   0   0   0   0  1.68 inf
   37 A    5 -4 -1 -4 -3 -3 -3  5 -4 -4 -4 -3 -4 -5 -3  0 -3 -5 -4 -3   52   0   2   0   0   0   0  38   0   0   1   0   0   0   0   5   0   0   0   1  1.02 inf
   38 G   -2 -4 -2 -4 -5 -4 -5  7 -5 -7 -7 -4 -6 -6 -4 -2 -3 -5 -6 -6    0   0   1   0   0   0   0  94   0   0   0   1   0   0   0   2   1   0   0   0  2.08 inf
   39 G   -2 -5 -3 -4 -5 -5 -5  7 -5 -3 -6 -4 -6 -6 -5 -3 -4 -6 -6 -6    1   0   0   0   0   0   0  97   0   2   0   0   0   0   0   0   0   0   0   0  2.18 inf
   40 V   -3 -5 -6 -6 -4 -5 -5 -6 -6  2 -2 -5 -2 -4 -5 -5 -3 -6 -4  7    0   0   0   0   0   0   0   0   0   9   0   0   0   0   0   0   0   0   0  91  1.74 inf
   41 K   -2  4 -3 -3 -2  0 -1 -4  2 -2 -4  6 -2 -5 -4 -3 -3 -5 -4 -1    2  19   0   0   1   3   1   0   4   2   1  62   1   0   0   0   0   0   0   4  1.07 inf
   42 V   -3 -4 -5 -5 -2 -4 -5 -5 -5  3  4 -3  1  1 -5 -4 -2 -4 -2  3    0   0   0   0   0   0   0   0   0  16  46   1   2   6   0   0   0   0   0  27  0.75 inf
   43 V    4 -4 -4 -4  5 -3 -3 -2 -2  1 -2 -3 -2 -3 -4 -1 -1 -5 -4  4   37   0   0   0  14   0   1   2   1   5   2   0   0   0   0   3   2   0   0  33  0.66 inf
   44 N   -1  2  2  0 -3  0  0 -2  2 -4 -4  4 -3 -1 -2  1 -1 -3  0 -4    3  10  10   5   0   2   4   1   5   0   1  40   0   3   1   9   2   0   3   0  0.46 inf
   45 S   -1 -3  2  0 -3 -1 -2 -2 -1 -4 -4 -2 -4 -5 -3  5  3 -5 -4 -3    1   0  11   4   0   1   1   2   1   0   0   1   0   0   0  58  20   0   0   0  0.92 inf
   46 K    0 -1 -2 -1 -3 -1  0 -3 -1  1  0  1  0 -2  4 -1 -1 -4 -1  0   11   2   0   3   0   0   7   1   1  10  12  12   2   1  25   3   2   0   2   6  0.31 inf
   47 E    0 -2  0  4 -5  1  4 -2  0 -3 -4  0 -4 -5 -3  0 -1 -5 -4 -3    8   1   4  27   0   5  37   2   2   1   1   5   0   0   0   5   3   0   0   1  0.66 inf
   48 D   -1 -3 -2  2 -6  1  7 -3 -3 -6 -6 -1 -5 -6 -4 -1 -3 -6 -5 -5    3   0   1  11   0   5  74   1   0   0   0   2   0   0   0   3   0   0   0   0  1.39 inf
   49 I    4 -4 -4 -5 -2 -4 -4 -4 -5  3  0 -4 -1 -3 -4 -2 -2 -5 -3  4   38   0   0   0   1   0   0   0   0  16   4   0   1   0   0   0   1   0   0  40  0.76 inf
   50 R    0  4 -2 -2 -4  1  2 -2  0 -2 -1  3 -2 -2 -2 -1 -2 -4 -1 -2   11  24   0   0   0   7  13   2   2   2   6  24   1   1   1   3   1   0   2   2  0.36 inf
   51 A    2 -1  0  2 -3  2  3 -2 -1 -3 -3  0 -1 -4 -2  1  0 -4 -3 -2   24   2   3  12   0   9  25   1   1   1   0   5   2   0   0   7   6   0   0   1  0.38 inf
   52 F    1 -2  0 -3 -1 -2 -1 -3  1  1  1 -1 -1  4 -3 -1 -1 -2  2  0   19   1   6   1   1   0   3   0   4  12  12   3   0  20   0   1   2   0   9   7  0.21 inf
   53 A    6 -4 -4 -4  0 -3 -3 -2 -4 -1 -4 -3 -3 -3 -3  1  0 -5 -4  0   76   0   0   0   2   0   0   1   0   3   0   0   0   1   0   7   4   0   0   7  1.06 inf
   54 E    0  1  1  2 -4  1  3  0  0 -4 -4  2 -3 -4 -3  1  0 -4 -3 -3    9   5   5   9   0   7  26   5   1   0   0  17   0   0   0  11   4   0   0   1  0.38 inf
   55 N    0  1  2  1 -3  4  3 -2  1 -4 -4  2 -3 -4 -3  0 -1 -2 -2 -4    9   5  11   5   0  20  18   2   3   0   0  15   0   0   0   7   2   1   0   0  0.42 inf
   56 W   -4 -5 -5 -6 -4 -4 -5 -6 -5  4  3 -5  8  0 -5 -5 -3  6 -3 -1    0   0   0   0   0   0   0   0   0  21  24   0  42   2   0   0   0  11   0   0  1.30 inf
   57 L   -4 -5 -6 -6 -4 -5 -5 -6 -5  3  6 -5  0  1 -5 -5 -3  1 -2 -1    0   0   0   0   0   0   0   0   0  14  77   0   1   6   0   0   0   2   0   0  1.20 inf
   58 G   -2 -3  0 -3 -5 -3 -4  7 -1 -6 -6 -3 -5 -5 -5 -2 -4 -5 -5 -6    0   1   3   1   0   1   0  87   2   0   0   1   0   0   0   2   0   0   0   0  1.78 inf
   59 K   -1  1  1 -3 -3  1 -1 -2  3 -2 -2  4  5 -3 -3  1  0 -4 -2 -3    4   6   8   0   0   6   1   2   7   1   0  28  22   0   0  10   6   0   1   0  0.44 inf
   60 R   -2  3  2 -1 -3  1 -1 -3  0 -2 -2  2 -2 -3  0 -1  3 -4 -2 -1    0  16  12   1   0   6   1   0   3   2   2  16   1   0   3   1  29   0   1   5  0.37 inf
   61 L   -4 -4 -5 -6 -3 -4 -5 -6 -5  1  6 -5  1  0 -5 -5 -3 -4 -3  0    0   0   0   0   0   0   0   0   0   6  85   0   2   2   0   0   0   0   0   2  1.28 inf
   62 V   -2 -3 -4 -4 -3 -3 -4 -4 -4  3 -1 -1 -1 -1 -4 -3 -2 -4 -2  6    2   1   0   0   0   0   1   1   0  12   1   5   0   2   0   1   1   0   1  70  0.96 inf
   63 T   -2 -3 -1 -3 -3 -3 -3 -4 -4 -3 -3 -3 -3 -4 -3  0  7 -4 -4 -3    1   0   2   0   0   0   1   1   0   0   1   1   0   0   0   3  88   0   0   1  1.66 inf
   64 Y    0 -1  0 -2 -3 -1  0 -3  6 -1 -2  3 -2  0  1 -2 -2 -2  3 -2    7   1   4   0   0   1   4   1  25   4   3  20   0   5   8   1   1   0  13   3  0.45 inf
   65 Q   -3 -2 -2 -3 -5  9 -1 -4 -2 -5 -4 -1 -3 -5 -3 -3 -3 -4 -4 -4    1   1   0   1   0  90   1   1   0   1   1   1   0   0   1   1   1   0   0   1  2.06 inf
   66 T   -2 -3 -1 -3  0 -3 -3 -3 -4 -3 -3 -3 -3 -4 -3  0  7 -4 -4 -2    1   1   2   1   2   0   1   1   0   1   1   1   0   0   1   4  84   0   0   1  1.49 inf
   67 D   -1 -3  0  3 -4 -2 -2  6 -3 -4 -5 -3 -4 -4 -2  0 -1 -4 -3 -4    3   0   3  19   0   1   0  58   0   0   1   0   0   0   2   7   3   0   1   0  0.94 inf
   68 A    2 -3 -3 -1 -4 -1  1  0 -2 -1 -3 -1 -3 -4  6 -1 -2 -4 -4 -2   19   0   0   3   0   1  11   6   1   5   1   4   0   0  42   2   2   0   0   2  0.82 inf
   69 N    1  0  1  1 -4  2  4 -1 -1 -3 -3  3 -3 -4 -3  0 -1 -4 -3 -2   17   2   7   6   0   7  28   3   1   0   1  18   0   0   0   3   4   0   0   3  0.40 inf
   70 G   -1 -5 -3 -4 -5 -5 -4  7 -5 -7 -7 -4 -6 -6 -5 -2 -4 -6 -6 -6    3   0   0   0   0   0   1  94   0   0   0   0   0   0   0   2   0   0   0   0  2.10 inf
   71 Q   -3  3 -2 -3 -5  4  0 -4  1 -3  0  4 -1 -1 -4 -2 -2 -4 -1 -3    0  13   0   0   0  25   3   0   4   0  13  34   1   3   0   1   1   0   2   1  0.63 inf
   72 P   -2  0 -2 -3 -4  1  1 -2 -1  0  0  1 -2 -3  5 -2  0 -4 -2  0    1   6   0   0   0   8   8   2   1   8  10  10   0   0  32   0   5   0   1   8  0.50 inf
   73 V   -2 -5 -6 -6  4 -5 -5 -6 -6  2 -2 -5 -2 -4 -5 -3 -3 -6 -4  7    1   0   0   0   9   0   0   0   0   7   0   0   0   0   0   1   0   0   0  82  1.52 inf
   74 N   -2  3  5  0 -4  1  0 -2  4 -5 -4  1 -3 -4 -3  1  0 -5 -1 -4    2  15  33   5   0   6   4   2  12   0   1   6   0   0   0  10   4   0   2   0  0.60 inf
   75 Q    0  5 -2 -3 -2  2 -1 -3  0 -3 -3  3 -2 -4 -3  0  0 -5 -3 -3    9  38   0   0   1  11   1   1   2   1   2  21   0   0   0   7   4   0   0   0  0.65 inf
   76 I   -3 -5 -5 -6 -3 -5 -5 -6 -5  4  3 -5 -1 -2 -5 -4 -3 -5 -3  5    0   0   0   0   0   0   0   0   0  24  28   0   0   0   0   0   0   0   0  48  1.03 inf
   77 L   -4 -4 -5 -6 -4 -4 -5 -6 -3  0  4 -5  2  1 -5 -5 -4  2  6 -2    0   0   0   0   0   0   0   0   0   3  52   0   4   2   0   0   0   2  36   0  1.19 inf
   78 V   -3 -5 -6 -6 -3 -5 -5 -6 -6  5  0 -5 -1 -1 -5 -4 -3 -5 -3  5    0   0   0   0   0   0   0   0   0  43   5   0   1   1   0   0   0   0   0  50  1.22 inf
   79 E   -2 -3 -3 -1 -6  0  7 -2 -3 -5 -5 -2 -4 -6 -4 -1  1 -5 -4 -5    3   0   0   0   0   2  81   2   0   0   0   0   0   0   0   3   9   0   0   0  1.43 inf
   80 A    1 -2 -2 -1 -4  2  5 -2 -2 -4 -4  0 -3 -5  1  1  0 -5 -4 -3   13   0   0   0   0   8  52   2   0   0   0   4   0   0   7   8   4   0   0   1  0.71 inf
   81 A    5 -4 -3 -3 -3 -3 -3  5 -4 -4 -4 -3 -3 -5 -3 -1 -2 -4 -4 -3   54   0   0   0   0   0   0  46   0   0   0   0   0   0   0   0   0   0   0   0  1.09 inf

                      K         Lambda
Standard Ungapped    0.1308     0.3138
Standard Gapped      0.0596     0.2670
PSI Ungapped         0.1936     0.3157
PSI Gapped           0.0596     0.2670
