
Last position-specific scoring matrix computed, weighted observed percentages rounded down, information per position, and relative weight of gapless real matches to pseudocounts
           A  R  N  D  C  Q  E  G  H  I  L  K  M  F  P  S  T  W  Y  V   A   R   N   D   C   Q   E   G   H   I   L   K   M   F   P   S   T   W   Y   V
    1 M   -3 -4 -5 -6 -4 -3 -5 -5 -4 -1  1 -4 10 -2 -5 -4 -3 -4 -3 -2    0   0   0   0   0   0   0   0   0   0  10   0  90   0   0   0   0   0   0   0  2.12 inf
    2 H   -3  2 -1 -2 -5  6 -1 -4  7 -3 -4  1 -3 -4 -3 -1 -2 -4 -2 -4    0  12   1   0   0  41   0   0  31   2   0   9   0   0   0   2   1   0   0   0  1.06 inf
    3 P    2 -2  0  2 -3  0  1 -2  0 -3 -3 -2 -3 -4  4  1  0 -4 -3 -1   24   0   5  16   0   2  10   0   3   0   0   0   0   0  21  11   3   0   0   4  0.46 inf
    4 R   -2  7  1 -3 -5 -1 -2 -4 -2 -5 -3  2 -3 -5 -4 -2  0 -5 -4 -4    2  73   7   0   0   0   0   0   0   0   3   8   0   0   0   1   6   0   0   0  1.27 inf
    5 F   -4 -5 -5 -5 -4 -5 -5 -5 -4  3  2 -5 -1  7 -5 -4 -3 -2  0  0    0   0   0   0   0   0   0   0   0  23  24   0   0  51   0   0   0   0   0   2  1.10 inf
    6 Q    0 -1 -2 -1 -3  3  2 -3  4  1  0  1  0 -3 -3 -1 -1 -3 -2 -1    7   2   0   2   0  17  17   0  13  15  11   7   2   0   0   3   2   0   0   2  0.23 inf
    7 T    1  1  1  1 -3  3  1 -2  1 -3 -3  2 -2 -4  1  1  1 -4 -3 -3   12   5   5   6   0  18   5   1   3   0   1  16   0   0   7   9  12   0   0   0  0.29 inf
    8 A    4 -1 -3 -3  2 -2 -2 -1  2  0  0 -2 -2 -3  0  1  0 -4 -3 -1   56   2   0   0   4   0   0   2   7   5   8   0   0   0   4   7   3   0   0   2  0.47 inf
    9 F   -2 -4 -5 -5 -3 -4 -4 -5 -4  3  3 -3  2  4 -4 -4 -3  6 -1  0    2   0   0   0   0   0   0   0   0  18  38   2   5  21   0   0   0  12   0   3  0.72 inf
   10 A    3 -2  0 -1 -2  2  0  0 -1 -3 -3 -1 -2 -4 -1  2  1 -4 -3 -2   37   1   5   2   0  11   4   6   2   0   0   0   1   0   2  21   9   0   0   1  0.38 inf
   11 Q   -1 -1  1  1 -2  5  2 -2  0 -3 -1  1 -1 -4 -2  0  0 -4 -3 -3    5   1   5   6   1  34  16   1   2   0   6   9   1   0   1   5   6   0   0   1  0.41 inf
   12 L   -1 -3 -4 -4 -3 -3 -4 -4 -4  2  4 -1  3 -1 -4 -2 -2 -3 -3  1    6   0   0   0   0   0   0   0   0  14  59   6   8   0   0   2   0   0   0   5  0.61 inf
   13 A    0 -3  1  0 -4  0 -2 -3 -3 -3 -4 -2 -4 -5  7  1 -1 -5 -4  0    6   0   8   6   0   3   1   0   0   0   0   0   0   0  56  10   3   0   0   8  1.19 inf
   14 D    1  0 -1  1 -1  0  2 -2  1 -1 -1  1 -2 -3  1  1  1 -3 -2 -1   14   3   0   9   2   3  14   1   4   5   4  13   0   0   6   7  12   0   0   3  0.15 inf
   15 N    1 -1  2  0 -3  0  2 -2 -2 -3 -3  1 -3 -4  3  1  0 -4 -3 -3   17   1  12   3   0   3  16   0   0   0   1  12   0   0  18  14   3   0   0   0  0.42 inf
   16 L   -3 -4 -5 -5 -3 -1 -4 -5 -4  2  5 -4  1  1 -4 -4 -1 -3 -2  2    0   0   0   0   0   3   0   0   0  12  65   0   1   4   0   0   3   0   0  13  0.77 inf
   17 Q    2 -1  1 -2 -3  5  1 -1  0 -2 -2  1 -2 -4 -3  0  0 -4 -3 -1   19   1   7   0   0  36   7   3   1   1   2   6   0   0   0   7   6   0   0   4  0.43 inf
   18 S    0 -1  1  2 -3  3  2 -2  0 -3 -3  0 -2 -3  0  2  2 -4 -3 -3    6   2   5  11   0  16  15   0   1   0   2   4   0   1   5  21  12   0   0   0  0.34 inf
   19 A    4 -1 -2  1 -2  1  0 -2  0  0 -2 -2  0 -1 -2  0 -1 -3 -1 -1   51   2   0   7   0   9   6   0   2   5   1   0   3   2   0   3   1   0   3   3  0.37 inf
   20 L   -2 -3 -1 -4 -3 -3 -4 -4 -4  2  5 -3  0 -1 -4 -3 -2 -3 -2  2    1   0   3   0   0   0   0   0   0  13  61   0   0   0   0   0   0   0   0  18  0.71 inf
   21 E    0  3 -2 -2 -3  1  0 -2 -2  1  0  0 -1 -2 -3 -1  0  4 -2  1   11  21   0   0   0   7   6   1   0  10  11   4   0   0   0   3   6   7   0  11  0.18 inf
   22 P    0 -3 -1 -2 -4 -2  0 -2  2 -3 -4 -2 -3 -3  7  0  0 -4 -2 -1    8   0   2   1   0   0   8   2   6   0   0   1   0   1  54   6   4   0   2   5  1.07 inf
   23 I   -1 -3 -3 -3 -3  2 -2 -4 -2  4  2 -2  3 -1 -3 -1  0 -3  1  1    4   0   0   0   0  13   2   0   1  35  20   0   9   0   0   4   4   0   7   3  0.36 inf
   24 L   -1 -4 -4 -5 -3 -3 -4 -5 -4  2  4 -4  3  1 -4 -3 -1 -3 -2  1    4   0   0   0   0   0   0   0   0  14  55   0   9   7   0   0   4   0   0   8  0.66 inf
   25 A    1 -1  1  1 -2  1  1  1  0 -1 -1  0 -1 -3 -2  1  0 -3 -2 -2   17   2   5  11   0   9   6  11   3   3   7   4   0   0   0  15   6   0   0   0  0.15 inf
   26 D    1  0  1  1 -3  2  2 -1  1 -3 -3  1  1 -3 -2  1  1 -4 -3 -2   17   3   8   9   0  12  14   3   3   0   0   7   6   0   0   7  12   0   0   0  0.24 inf
   27 K   -1 -1  1  3 -4  5  1 -3  2 -4 -4  1 -3 -4  3  0 -1 -4 -3 -4    5   0   6  17   0  31   6   0   5   0   0   9   0   0  15   4   2   0   0   0  0.59 inf
   28 Y   -2  1  2  4 -4  3  1 -2  4 -4 -4  0 -3 -3 -2  0 -1 -4 -1 -3    2   7  11  26   0  14   8   2  12   0   1   5   0   0   0   7   2   0   2   0  0.47 inf
   29 F   -3 -4 -3 -4 -4 -4 -4 -3 -2 -2  0 -4 -2  7 -4 -1 -3  1  4 -3    1   0   1   0   0   0   1   2   0   0   5   0   0  65   0   5   0   1  14   1  1.29 inf
   30 P    1  0  1  1  0  0 -1 -2  1 -2 -2  3 -2 -3  3  0  0 -3 -2 -1   14   2   8   9   2   4   1   1   5   1   2  23   0   0  15   5   3   0   0   5  0.26 inf
   31 A    3 -3 -3 -3 -3 -1 -3  4 -3 -3 -3 -3 -3  4 -1  0 -2 -3 -2 -3   35   0   0   0   0   3   0  30   0   0   1   0   0  21   3   4   0   0   0   0  0.62 inf
   32 L   -1 -2 -3 -4  3 -2 -3 -4  3  1  0 -3  4  1 -3 -1  1 -1  0  3    5   2   0   0   7   1   0   0  11   7   2   0  15   6   0   5   9   1   3  27  0.33 inf
   33 L   -3 -4 -5 -6 -3 -4 -5 -6 -5  4  4 -5  0  3 -5 -4 -3 -3 -2  1    0   0   0   0   0   0   0   0   0  25  54   0   1  15   0   0   0   0   0   4  0.95 inf
   34 T   -1 -2  0  3 -3  0  1 -2 -3 -2 -4 -2 -3 -4  2  2  4 -4 -4 -3    2   1   3  16   0   4   8   1   0   2   0   1   0   0  11  20  31   0   0   0  0.53 inf
   35 G    5  0 -1 -3 -3 -1 -1 -2  0 -3 -3  1 -3 -4  2  0 -1 -4 -1 -2   56   4   2   0   0   3   3   1   2   0   1   8   0   0  11   4   2   0   2   2  0.60 inf
   36 E    0 -1  0  1 -3  3  3 -2  0 -1 -3  1 -2 -1 -1  1  0 -4 -3 -2    9   0   2   9   0  14  28   2   2   5   1   7   1   4   2   9   5   0   0   2  0.30 inf
   37 Q   -1  0  0  0 -4  6  3 -4 -2 -2 -1  0 -2 -3 -3 -2 -1 -1 -3 -2    6   3   3   3   0  42  23   0   0   2   5   4   0   1   0   0   2   1   0   3  0.70 inf
   38 V    2 -2 -2 -4 -2 -3 -3 -3 -4  1  1 -3  0  1 -3 -2  0 -1 -2  4   26   1   2   0   0   0   0   0   0   4  12   0   2   7   0   0   4   1   1  41  0.44 inf
   39 S    2  0  1  2 -3  2  3 -1 -2 -3 -3  1 -2 -4 -2  0  0 -4 -3 -2   22   3   7  12   0  10  20   4   0   0   1   9   0   0   0   6   3   0   0   2  0.33 inf
   40 S    1  0 -1 -1 -3  4  1 -2  2 -3 -2  1  0 -4 -2  3  1 -4 -2 -2   10   5   0   1   0  22   7   2   6   0   2   6   3   0   0  25   9   0   1   1  0.37 inf
   41 L   -1 -2 -3 -2 -1 -2 -3 -2 -3  2  4 -2  1  0 -3 -2 -2  2 -2  1    5   2   1   3   1   1   1   3   0  11  53   2   2   4   1   1   1   3   1   6  0.41 inf
   42 K    0  1 -2 -2  6  1 -1 -2 -2 -1  0  3  0 -2 -2  0 -1 -3 -2 -1   10   8   1   1  20   5   1   3   0   2  12  21   2   1   1   4   3   0   1   3  0.29 inf
   43 S    1  1  0  0 -3  3  1 -2  3 -2 -2  2 -2 -3 -2  0  0 -3 -2 -2   11   6   4   4   0  20   9   2   8   1   3  13   0   1   1   7   7   0   1   2  0.26 inf
   44 A    2  0  0 -1 -2  2  1 -1  2  0 -1  2 -1 -2 -2  0  0 -3 -2 -1   20   3   3   2   0  13   9   2   6   7   4  13   0   1   1   4   6   0   1   3  0.16 inf
   45 T    0 -1 -1 -2  4 -1  0 -2  0 -2 -1  1 -2  1 -2  2  1 -2  2 -1    6   2   1   0  10   0   8   1   2   1   8  11   0   7   1  22   9   0   8   2  0.18 inf
   46 G   -1 -1  1 -1 -4  2 -1  5  0 -5 -4  1 -3 -3 -2 -1 -1 -4 -4 -4    3   2   5   3   0   9   4  54   3   0   0   8   0   1   1   3   2   0   0   0  0.74 inf
   47 L   -1 -1 -3 -4  0  0 -2 -3 -3  1  3 -1  4  1  0 -3 -2 -3 -1  2    2   3   0   0   2   4   3   2   0   7  32   3  16   5   4   0   1   0   1  14  0.31 inf
   48 D   -1 -3  1  4 -3 -2  0 -2 -3 -3 -4 -2 -2  0 -1  2  4 -4 -3 -3    2   0   4  32   0   0   5   2   0   1   0   0   1   4   2  16  27   0   0   1  0.60 inf
   49 E   -1  1 -1  4 -4 -1  3 -2  0 -2 -2 -1 -3 -3  1 -1 -1 -4 -3  0    3   8   2  29   0   1  25   2   2   2   3   3   0   1   7   1   3   0   0  10  0.48 inf
   50 D   -1 -1  0  3 -3  1  0 -2  3  1 -1  0 -1 -3  3 -1 -1 -4 -1 -1    4   3   3  21   0   7   6   1   8  10   5   7   1   0  14   3   1   0   2   4  0.26 inf
   51 A    1 -2 -1  1 -4  4  4 -3 -2 -2 -3  2 -2 -4 -1  0 -1 -4 -3 -3   12   0   1   7   0  18  32   1   0   2   2  11   1   0   2   5   2   0   0   0  0.49 inf
   52 L   -1  0 -3  0 -3 -1 -1 -4 -2  0  4  1  0  0 -3 -2  0 -3 -2  0    4   6   0   5   0   2   3   0   1   4  48   9   1   3   0   1   6   0   1   3  0.30 inf
   53 A    2 -1 -4 -5 -2 -2 -4 -3 -4  1  5 -3  1 -2 -4 -3 -3 -1 -2  0   17   4   0   0   1   1   0   1   0   5  58   0   2   1   0   1   0   1   1   4  0.61 inf
   54 F   -1 -2 -3 -2 -3 -1  0 -4 -2  2  2 -2  0  2  2 -1 -2 -3 -1  1    3   1   0   2   0   2   7   0   1  11  26   1   1  12  11   4   1   0   1  14  0.22 inf
   55 A    2  0  0 -1 -3  0  1 -1  0 -2 -1  2 -2 -3  1  1  0 -3 -2 -1   22   4   3   2   0   3  12   2   2   1   6  15   0   0   6  10   5   0   1   2  0.17 inf
   56 L    0 -2 -2 -4  3 -2 -2 -3 -4  0  4 -2  1 -1 -4 -2 -2 -3 -2 -1   11   2   2   0   6   1   2   1   0   1  60   2   3   2   0   3   0   0   1   0  0.53 inf
   57 L    2 -3 -3 -3  0 -2 -1 -3 -3  3  2 -1 -1 -2 -3 -1 -1 -4 -3  1   26   0   0   0   2   0   4   1   0  19  28   5   0   0   0   3   2   0   0   8  0.30 inf
   58 P   -2  3  1  0 -2  0  0 -2 -1 -2 -3  2 -2 -4  5 -1 -1 -4 -3 -2    1  16   8   4   1   4   5   1   1   3   1  13   1   0  31   2   2   0   0   3  0.56 inf
   59 L    0  1 -2 -1 -3  0  2 -2  0  1  1  2 -1 -1 -1  0 -1  0 -2  0    6   6   1   2   0   1  16   1   3  10  20  15   0   2   3   6   1   1   0   5  0.09 inf
   60 A    6 -2 -4 -4 -3 -2 -3 -1 -4 -3 -3 -3 -3 -4 -3 -1  0 -5 -4  0   82   2   0   0   0   1   0   2   0   0   0   0   0   0   0   1   4   0   0   6  1.09 inf
   61 A    2  3 -2 -2  1  1 -2 -3 -2  0  0  1  4 -2 -3  0 -1 -3 -2 -1   27  17   0   1   4   7   0   0   0   4   7  10  14   1   0   3   2   0   1   1  0.27 inf
   62 A    2  0  1 -1  3  0  1 -2 -2 -1 -2  1 -2 -4  1  1  0 -4 -3 -2   25   5   9   2   8   1  12   1   0   4   1  12   0   0   8   7   3   0   0   0  0.24 inf
   63 C   -2  0  0 -3  4 -2 -3 -4  2 -1  2 -1  0  2 -4 -1 -1  0  4 -1    2   5   6   1  12   1   0   0   5   1  27   4   2   6   0   3   2   1  22   1  0.34 inf
   64 A    5 -3 -3 -3  0 -2 -2 -2 -3 -2 -3 -2 -2 -4 -3  2  0 -4 -3  0   74   0   0   0   1   0   0   0   0   0   0   0   0   0   0  13   5   0   0   7  0.86 inf
   65 R   -3  3 -2 -4 -2  1 -2 -4  2 -1  0  1 -2  0 -4 -2 -2 -1  6  0    0  19   2   0   1   6   0   0   4   2  10   8   0   0   0   1   2   0  40   6  0.62 inf
   66 T    4 -3 -2 -3  4 -2 -3 -2 -3 -1 -2 -2 -2 -3  1  1  2 -4 -3  1   44   0   1   0  13   0   0   1   0   1   0   0   0   0   8   6  13   0   0  14  0.49 inf
   67 P   -2 -4 -3 -2 -5  0 -2 -4 -4 -5 -2  0 -4 -5  8 -2 -2 -6 -5 -4    1   0   1   2   0   4   1   0   0   0   4   5   0   0  79   1   1   0   0   0  2.00 inf
   68 L   -3 -4 -4 -4 -3 -3 -4 -5 -2  4  0 -4 -2  0  1  0 -2 -1  6  0    0   0   0   0   0   0   0   0   0  30   4   0   0   1   9   7   1   0  42   5  0.80 inf
   69 S   -1 -3 -1 -2 -3 -2 -2 -2 -3 -4 -4 -2 -3 -4 -3  7 -1 -4 -4 -3    1   0   0   0   0   0   0   1   0   0   1   0   0   0   0  93   0   0   0   0  1.44 inf
   70 N   -1  1  3  0 -4  2  1  1  4 -4 -3  3 -2 -3 -2 -1 -1 -3 -2 -3    1   5  16   4   0  11   6  12  15   0   1  22   0   0   0   2   1   0   0   1  0.40 inf
   71 F   -3 -4 -4 -4 -4 -4 -4 -4 -3 -1 -2 -4 -2  8 -4  0 -3 -1  3  0    1   0   0   0   0   0   0   1   0   3   1   0   0  71   0   8   0   0   7   6  1.30 inf
   72 N   -2  2  1 -2 -2  2 -1 -3  3 -4 -4  3 -2 -2  4 -1 -2 -3  1 -4    1  13   9   0   1   9   1   0  11   0   0  22   1   1  22   2   1   0   7   0  0.55 inf
   73 V   -2 -5 -5 -1 -3 -4 -4 -5 -5  1  0 -4 -1 -3 -5 -4 -2 -5 -3  7    0   0   0   5   0   0   0   0   0   3   4   0   0   0   0   0   0   0   0  88  1.32 inf
   74 G    1 -4 -2 -3 -4 -3 -4  6 -4 -4 -5 -3 -4 -5 -4 -1 -3 -5 -5  0   14   0   0   0   0   0   0  74   0   0   0   0   0   0   0   4   0   0   0   8  1.28 inf
   75 A    6 -4 -3 -4  2 -3 -3  0 -4 -3 -3 -3 -3 -4 -3  0 -2 -5 -4  0   82   0   0   0   4   0   0   4   0   0   0   0   0   0   0   4   0   0   0   6  1.09 inf
   76 I    2 -3 -4 -4  3 -3 -3 -3 -4  3  1 -3 -1 -2 -3 -1 -1 -4 -1  4   23   0   0   0   9   0   0   0   0  19   8   0   0   0   0   3   1   0   1  34  0.46 inf
   77 A    2 -3 -3 -3  2 -3 -3  3 -3  1  2 -3  0 -1 -3 -1 -1 -3 -3  2   18   0   0   0   5   0   0  27   0   6  24   0   1   1   0   1   2   0   0  15  0.32 inf
   78 R   -2  4 -3 -3 -1 -1 -2 -2 -1  1  3  0  0 -1 -4 -2 -2 -3  0  0    1  28   0   1   2   2   1   2   1   6  39   6   1   1   0   0   1   0   4   5  0.34 inf
   79 G    2 -3 -2 -1  1 -3 -3  4 -4 -3 -4 -1 -2 -3 -3 -1  4 -1 -2 -3   16   0   0   4   3   0   0  39   0   1   0   3   1   1   0   1  29   1   1   1  0.65 inf
   80 V    1  0 -1  1 -3  1  2  0 -1 -1 -1  2  1 -3 -2  1  0 -4 -3 -1   10   2   2   6   0   6  16   5   1   3   4  20   6   0   1  12   5   0   0   3  0.19 inf
   81 S   -1 -2  1  4 -2 -1  0 -1 -1 -5 -5 -1 -4 -5 -3  5  0 -5 -4 -4    1   1   7  21   1   1   6   2   1   0   0   3   0   0   0  52   3   0   0   0  0.80 inf
   82 G   -3 -2 -1 -1 -5 -4 -3  7 -4 -6 -6 -4 -5 -6 -5 -3 -4 -5 -6 -6    0   2   2   3   0   0   2  90   0   0   0   0   0   0   0   0   0   0   0   0  1.91 inf
   83 T   -1  3  2  0  2  0  1 -3  1 -4 -3  2 -2 -4 -3  0  1 -4 -2 -3    4  23  14   5   6   2   8   0   3   0   0  16   1   0   0   5  10   0   1   1  0.39 inf
   84 W   -2 -3 -5 -5 -1 -4 -4 -5 -4  4  1 -2  0  3 -4 -3 -2  2  1  3    3   1   0   0   1   0   1   0   0  37  13   2   2  15   0   0   2   3   4  18  0.59 inf
   85 Y   -4 -5 -5 -6 -5 -4 -3 -6  1  0 -3 -5 -3  5 -6 -5 -4  1  8  0    0   0   0   0   0   0   1   0   2   6   0   0   0  20   0   0   0   1  63   6  1.79 inf
   86 F    0 -1 -2 -2 -1  0  0 -3 -1  0  1 -1  0  4 -3 -1  1  0  0  0   10   2   1   1   1   5   6   1   2   2  14   4   2  22   0   2  14   1   2   8  0.16 inf
   87 G   -3 -5 -3 -4 -5 -5 -5  7 -5 -7 -7 -4 -6 -6 -5  0 -4 -6 -6 -6    0   0   0   0   0   0   0  94   0   0   0   0   0   0   0   6   0   0   0   0  2.15 inf
   88 A    4 -4 -4 -4  7 -2 -3 -1 -4 -1 -2 -3 -2 -1 -3 -1  0 -4 -3  3   36   0   0   0  23   1   0   5   0   2   0   0   0   3   0   1   4   0   0  22  0.73 inf
   89 N   -4 -3  8  0 -5 -3 -3 -3 -2 -6 -6 -3 -5 -5 -5 -1 -3 -6 -5 -5    0   0  91   3   0   0   0   0   0   0   0   0   0   0   0   3   0   0   0   0  2.22 inf
   90 M    1 -1 -2 -2 -2  1 -1 -2 -1  1  1 -1  2  0 -2 -1 -1 -1  2  1   13   1   1   1   0  13   1   1   0  13  14   1  13   0   1   1   1   0  13  13  0.12 inf
   91 E   -3 -3 -3  0 -5 -1  7 -4 -3 -5 -5 -2 -4 -5 -3 -3 -3 -5 -4 -5    0   0   0   2   0   0  92   0   0   0   1   0   0   0   0   0   0   0   0   0  1.83 inf
   92 F   -2 -2  3 -2 -1 -2 -2 -2 -1 -1  0 -2 -1  5 -1 -1 -1 -1  1 -1    2   1  20   1   1   1   2   2   1   3   9   2   1  38   3   5   2   0   2   4  0.43 inf
   93 I    2  0  0 -1  0 -1  0 -1 -1 -1 -1 -1 -1 -2  3  1  0 -2 -2  0   25   6   5   3   2   2   5   3   1   3   5   3   1   2  16   8   3   0   1   7  0.18 inf
   94 G    0 -1  4 -1  1 -1 -2  4  1 -4 -4 -1 -3 -4 -3  1 -1 -4 -3 -3    8   2  23   2   3   1   0  37   4   0   1   2   0   0   0  13   2   0   0   2  0.57 inf
   95 A    2 -2 -2 -2  0  0 -1 -3  0  0  1 -2  0  1 -3 -1  0 -2  3  1   22   1   0   1   2   5   4   0   2   2  21   0   2   6   0   2   5   0  15   9  0.17 inf
   96 T    1 -3  0 -1 -1  0 -1 -1 -2 -3 -3 -2 -3 -4  5  3  0  2 -3 -3   13   0   5   2   1   4   2   2   1   0   2   0   0   0  32  26   4   3   0   0  0.66 inf
   97 M   -2 -3 -3 -3 -3 -1 -1 -4 -2  1  3 -3  3  2  1 -2 -2 -2  3  0    2   0   0   0   0   2   4   1   0   8  40   0   7   7   7   1   0   0  14   5  0.39 inf
   98 Q    0 -2  1 -2  1  2 -2  4  2 -3 -2 -2 -2  0 -1  1 -1 -3 -2 -3    4   0   5   1   3  12   1  39   7   0   3   0   0   4   2  12   3   0   0   1  0.43 inf
   99 Q   -1 -1  1 -2 -1  3 -1 -2  5 -2  1 -1  0 -1 -1 -1 -1  2  0 -2    5   2   8   1   1  21   1   2  19   1  18   1   1   2   3   2   3   3   3   2  0.31 inf
  100 T   -1 -3 -2 -2  5 -2 -2  0 -3 -2 -3 -2 -2 -3 -2  4  4 -3 -3 -1    2   1   1   1  15   1   1   6   0   1   1   1   0   0   1  33  33   0   0   4  0.66 inf
  101 V   -1 -2 -1 -3  0 -2 -2 -3 -3  4  0 -2  0 -1 -2 -2 -1  1 -2  4    2   1   4   1   2   1   1   2   1  35   5   1   1   1   1   2   3   2   1  33  0.43 inf
  102 H   -2 -2 -2 -3  7 -2 -2 -3  8 -3 -3 -2 -2 -2 -3 -1 -2 -3  0 -3    2   1   1   1  28   1   1   2  47   1   2   1   1   1   1   3   1   0   2   2  1.38 inf
  103 A    6 -3 -3 -3 -2 -3 -3  0 -3 -3 -3 -3 -3 -4 -1 -1 -2 -4 -4 -2   85   0   0   0   0   0   1   6   0   0   1   1   0   0   2   1   1   0   0   1  1.21 inf
  104 E   -3 -2 -2 -1 -5 -1  7 -2 -2 -5 -4 -2 -4 -5 -3 -2 -3 -4 -4 -4    1   0   0   0   0   0  89   3   0   0   1   1   0   0   0   1   1   0   0   1  1.68 inf
  105 Q   -2  5 -2 -2 -4  6  0 -3 -2 -2 -3  0 -2 -4 -1 -2 -1 -4 -3 -2    2  31   0   0   0  48   3   1   0   2   1   1   0   0   3   2   3   0   0   2  0.99 inf
  106 S    0 -3  0 -2  4 -2 -2 -1 -2 -1 -2 -2 -2  3 -3  3  2 -3 -1  0    5   0   5   0  11   0   1   2   0   1   2   1   0  16   0  26  18   0   1   9  0.34 inf
  107 A    5 -3 -3 -3 -1 -3 -3 -2 -3 -2  1 -3 -2 -3 -3 -1  0 -4 -3 -1   68   0   0   0   1   0   1   1   0   0  17   1   0   0   0   2   4   0   0   2  0.79 inf
  108 I   -2 -4 -4 -4 -3 -4 -4 -4 -4  5  1 -4  0  1 -4 -3 -1 -4 -2  4    2   0   0   0   0   0   1   1   0  44  13   0   1   5   0   1   4   0   0  26  0.77 inf
  109 S    1 -2  0 -2  0 -1 -2  0 -2 -1 -2 -2 -1  3 -2  3  2 -3 -1  1   12   0   5   0   2   3   1   5   0   2   1   0   1  15   1  24  15   0   0  12  0.25 inf
  110 H   -1  0  4 -2 -4  0 -1 -2  6 -3 -4  3 -3 -4 -3  0  0 -4 -2 -3    5   3  22   0   0   2   2   3  25   1   1  21   0   0   0   5   7   0   1   1  0.66 inf
  111 A    5 -3 -3 -4  0 -3 -3 -1 -4 -2  1 -3  3 -3 -3 -1 -2 -4 -3 -2   66   0   0   0   2   0   1   3   0   1  12   0   8   0   0   2   1   0   0   1  0.87 inf
  112 W    1 -3 -4 -4 -3 -3 -4 -4 -4  2  0 -3  0  0 -4 -2 -2  8  1  3   13   1   0   0   0   0   1   1   0  13   8   0   2   3   0   1   2  22   4  27  0.75 inf
  113 L    1 -2 -2 -3 -1  0 -2 -3  0 -1  2 -2  3 -2 -3  3  1 -3 -1 -1    9   1   1   0   1   6   1   0   2   2  26   2  10   0   0  25   7   0   2   3  0.30 inf
  114 S    1  1  3  1 -2  0  3 -1  3 -4 -3  0 -3 -4 -1  0 -2 -4 -2 -3   13  10  14   8   1   3  19   4   8   0   1   6   0   0   3   6   0   0   1   2  0.31 inf
  115 G   -2 -3  0 -2 -5 -4 -3  7 -1 -5 -5 -2 -5 -2 -2 -1 -4 -5 -2 -5    3   1   5   2   0   0   2  74   1   0   1   2   0   2   2   3   0   0   2   0  1.42 inf
  116 E   -1 -1 -2  2  0  0  6 -2  3 -4 -4  1  0 -4 -3 -2 -3 -4  0 -3    4   2   1   8   2   2  52   2   7   0   1   7   3   0   0   1   0   0   4   1  0.85 inf
  117 K   -1  4 -1 -2 -4  1  0 -2  1 -4 -3  3 -3 -1 -1  1  1 -4 -3 -3    3  29   1   1   0   5   3   2   3   0   2  21   0   3   3   9  11   0   0   1  0.48 inf
  118 A    0  1  1  1 -1  1  2  1  1 -2 -3  2 -1 -3 -2  0 -1 -3 -1 -2    8   8   5   7   2   4  16  12   4   3   2  17   1   0   0   7   3   0   2   1  0.21 inf
  119 L   -3 -4 -4 -5 -3 -4 -3 -5 -4  4  3 -4  0  4 -3 -2 -3  1  0  0    0   0   0   0   0   0   2   0   0  29  30   0   1  23   1   3   0   2   2   3  0.74 inf
  120 A    0  2 -1  1  0  0  1 -3 -1  0 -1  2 -1 -3 -2  0  1 -3 -3  1    9  10   2   7   3   4   8   0   2   5   3  17   1   0   0   6  11   0   0  13  0.14 inf
  121 A    3  0 -1  2  1 -1  0 -1  0 -3 -1  0 -1  0 -2  0  0 -3 -1 -2   33   4   1  12   3   1   7   3   2   0   5   6   1   4   0   6   7   0   2   2  0.21 inf
  122 I   -2 -4 -4 -4  1 -4 -4 -2 -4  5  2 -4  2  0 -4 -3 -2 -3 -3  3    1   0   0   0   3   0   1   3   0  48  16   0   6   3   0   1   0   0   0  16  0.73 inf
  123 T    4 -3 -3 -3  1 -2 -3 -1 -3  0 -2 -2  0 -1 -3  0  1  1  0  1   52   0   0   0   2   0   1   3   0   6   2   0   2   2   0   3  10   2   3  11  0.48 inf
  124 V   -2 -4 -4 -4 -3 -4 -4 -4 -4  4  0 -4 -1  0 -4 -3  0 -4 -3  5    1   0   0   0   0   0   1   1   0  27   5   0   0   3   0   1   5   0   0  54  0.90 inf
  125 N    1 -2  3 -1  0 -1 -1  0  0  0 -2 -2 -1 -1  1  2  1 -3  0  0   12   1  17   2   2   0   2   5   2   5   2   1   1   2   6  19  11   0   3   7  0.16 inf
  126 Y    2 -2 -2  0  2 -2  0 -1  1  1 -1 -2 -1  0 -2  0  0 -2  3  0   27   0   0   6   6   0   5   5   3  10   3   0   1   4   0   3   5   0  13   6  0.17 inf
  127 T    1 -2 -1 -2 -2 -2 -1 -1 -2 -2 -2 -2  1 -1  1  3  4 -3  0 -1   14   0   2   0   0   0   3   3   0   0   2   1   4   2   7  24  29   0   4   2  0.39 inf
  128 P   -2 -3 -3 -2 -3 -2 -2 -3 -3 -3 -3 -2 -3 -3  8 -2 -2 -3 -3 -3    2   1   1   1   0   1   1   2   1   1   2   1   1   1  78   2   1   0   1   1  1.95 inf
  129 C   -2 -3 -3 -3 10 -3 -3 -3 -3 -3 -3 -3 -3 -3 -3 -2 -2 -3 -3 -2    2   1   1   1  77   1   1   2   1   1   2   1   1   1   1   2   1   0   1   1  2.25 inf
  130 G   -2 -3 -2 -3 -4 -3 -3  7 -3 -4 -4 -3 -4 -4  0 -2 -3 -3  0 -4    1   1   1   1   0   1   1  81   0   1   1   1   0   0   5   1   1   0   4   1  1.43 inf
  131 H    1 -1 -1 -1 -2 -1 -1  0  5  0 -1 -1  1 -2  2 -1 -1 -3  0  0   15   2   2   4   0   1   2   7  24   6   3   1   5   0  11   2   2   0   2  10  0.27 inf
  132 C   -3  2 -4 -4 10 -4 -4 -4 -4 -3 -3 -3 -3 -4 -4 -3 -3 -4 -4 -3    1  11   1   1  77   1   1   1   0   1   1   1   0   0   1   1   1   0   0   1  2.36 inf
  133 R   -3  7 -2 -3  2 -1 -2 -3 -2 -3 -2  0 -3 -4 -3 -2  0 -3 -3 -3    1  74   1   1   6   1   1   1   0   1   3   1   0   1   1   1   6   0   0   1  1.19 inf
  134 Q    1 -1 -2 -2 -4  7  0 -3  2 -4 -3 -1 -2 -4 -3 -2 -2 -3 -3 -3   10   1   1   1   0  72   1   1   6   1   1   1   0   1   1   1   1   0   0   1  1.24 inf
  135 F   -2 -1 -3 -3 -3 -3 -3 -3 -2  0  0 -2  0  6 -3 -2 -1  1  1  2    2   3   1   1   0   1   1   1   0   2   7   3   1  46   1   2   3   2   1  23  0.59 inf
  136 M   -2 -3 -3 -4 -2 -2 -3 -4 -3  3  4 -3  6  0 -3 -3 -2 -2 -1  0    1   1   1   1   0   1   1   1   0  16  43   1  26   2   1   1   1   0   2   2  0.62 inf
  137 N    1  2  3 -2 -2  3 -1 -2  0 -2 -2  0  1 -1 -3  1 -1  1  0 -1   15  11  19   0   1  14   1   1   2   1   3   5   5   2   0   8   2   2   4   3  0.26 inf
  138 E   -5 -4 -4 -1 -8  0  8 -6 -4 -7 -7 -1 -6 -7 -5 -4 -5 -7 -6 -7    0   0   0   2   0   2  94   0   0   0   0   2   0   0   0   0   0   0   0   0  2.40 inf
  139 L   -5 -6 -6 -6 -5 -6 -6 -6 -1  4  3 -6  1  7 -6 -5 -3 -1 -1 -2    0   0   0   0   0   0   0   0   1  25  25   0   3  43   0   0   1   1   0   0  1.32 inf
  140 N    1  4  2 -2  3 -1 -2  1 -1 -3 -3  0 -1 -1 -2  1 -1 -2 -3 -1   12  24  13   1   6   0   1   9   1   1   2   3   1   3   1  12   3   1   0   4  0.30 inf
  141 S   -1 -2  2  4  1 -1  0  1 -1 -2 -3 -1 -3 -4 -1  1  1 -4 -3 -3    2   1  11  26   3   2   5  12   1   2   1   4   0   0   3  10  12   0   0   1  0.37 inf
  142 G    4 -1  0  0 -2  0  0  2 -3 -3 -3 -2  0 -4  2  0 -2 -4 -3 -2   40   3   5   6   1   4   5  15   0   1   2   1   3   0   9   4   1   0   0   2  0.41 inf
  143 L   -1 -2 -1  2 -1  0  1  1  1 -2 -2  1 -3 -4  4  1  0  2 -3 -3    3   1   1  12   1   3   8  11   3   2   5   8   0   0  20  10   5   3   0   1  0.32 inf
  144 D   -1 -2  1  5 -2  1  2  0 -1 -3 -3  0 -3 -4 -2  1  1 -5 -4 -2    3   1   5  34   1   5  11   8   1   1   2   6   0   1   1   8  11   0   0   3  0.46 inf
  145 L   -2 -4 -4 -5 -1 -3 -4 -5 -4  5  2 -3  3  2 -2 -3  0 -1 -1  2    2   0   0   0   1   1   1   0   0  35  21   1   7   9   2   1   6   1   1  11  0.58 inf
  146 R   -2  2 -1 -1 -2  1  1 -3  0  0 -1  3  0 -2  1 -1 -1 -3  1  0    1  13   1   2   1   5   7   0   2   5   7  26   2   1   7   2   3   0   6   9  0.24 inf
  147 I   -3 -5 -5 -3  2 -5 -5 -6 -2  6  0 -5  1 -2 -5 -3 -2  0 -4  4    1   0   0   1   4   0   0   0   1  52   5   0   2   0   0   2   1   2   0  27  1.13 inf
  148 H   -2 -2 -1 -3  1 -1 -3 -4  4  2  3 -3  0  0 -4 -1 -1 -2  3  0    1   1   3   1   4   3   1   0  13  15  31   0   1   3   0   4   3   0  10   6  0.39 inf
  149 L   -2 -3 -3 -3 -1 -4 -3 -3 -4  4  4  0  3 -1 -4 -2 -2 -4 -3  1    1   1   1   1   1   0   1   2   0  25  39   7   6   1   0   2   1   0   0   9  0.58 inf
  150 P    1 -2 -1 -2  1 -2 -2 -2 -3 -3 -3  1 -2 -2  4  0  3 -4 -1  0   12   2   3   2   3   0   2   2   0   0   1  11   1   1  23   4  23   0   3   8  0.48 inf
  151 G   -1 -1  4  2 -5 -1  0  2  1 -5 -5  1 -4 -5 -4  2 -2 -5 -4 -4    3   3  21  14   0   2   6  18   3   0   0   8   0   0   0  20   1   0   0   1  0.56 inf
  152 R   -1  3  1  3 -2  2  0  0  0 -3 -3  1 -2 -3 -1  0 -1 -4 -2 -2    6  19   7  16   1  12   2   8   3   1   1   9   1   1   3   7   2   0   1   2  0.32 inf
  153 E    0  0 -1  2 -4  2  3 -1  2 -4 -4  2 -3 -5 -1 -1  0 -1 -3 -3    9   4   2  12   0  11  20   5   6   0   1  14   0   0   3   3   7   1   0   0  0.38 inf
  154 A    0 -2 -1  0 -4 -1  3 -1 -2 -1 -2 -1  0  3  1  0  1 -3  0  0    7   1   3   4   0   1  23   5   0   2   2   2   3  14   6   7  10   0   3   7  0.21 inf
  155 H    0  3  0 -2 -4  1 -1 -3  2 -2 -1  2  3  1 -3  0  0 -1  2 -2    7  17   5   1   0   7   2   1   5   1   6  14   9   5   1   5   5   1   7   1  0.25 inf
  156 A   -1  0 -1 -3 -2 -1 -2 -3 -4 -3 -3  1 -3 -4  3  2  5 -5 -3 -2    4   5   2   0   1   2   1   1   0   1   3   8   0   1  14  14  42   0   0   1  0.71 inf
  157 L   -4 -5 -6 -7 -4 -3 -5 -7 -6  2  5 -6  3 -1 -3 -5 -3 -5 -4  2    1   0   0   0   0   1   1   0   0   8  65   0   6   1   1   0   1   0   0  15  1.21 inf
  158 R    2  1  0  0 -4  1  2  2  2 -4 -4  1 -4 -4 -2  2 -2 -5 -4 -4   15   7   3   3   0   6  15  13   5   1   1   9   0   1   1  20   1   0   0   0  0.37 inf
  159 D   -1 -3 -1  3 -4  1  5 -4  2 -5 -4 -2 -5 -5 -4  1  0 -6 -1 -4    5   1   1  16   0   6  44   0   5   0   2   0   0   0   0  13   4   0   2   0  0.86 inf
  160 Y   -5 -5 -6 -7 -1 -5 -6 -7  0  0  5 -6  0  3 -6 -5 -5 -3  5 -2    0   0   0   0   1   0   0   0   3   5  57   0   2  13   0   0   0   0  18   1  1.24 inf
  161 L   -5 -6 -7 -8 -5 -6 -7 -8 -7 -1  7 -6  2 -2 -7 -6 -3 -5 -5 -3    0   0   0   0   0   0   0   0   0   2  92   0   4   1   0   0   1   0   0   0  1.94 inf
  162 P   -6 -7 -7 -6 -8 -6 -6 -7 -7 -4 -5 -6 -7 -8  9 -6 -6 -9 -8 -7    0   0   0   0   0   0   0   0   0   1   1   0   0   0  98   0   0   0   0   0  3.38 inf
  163 D   -2 -2  3  4 -5 -2  2 -1  5 -5 -3 -3  0  0 -4 -2 -3 -4  4 -3    3   2  16  23   0   1  11   5  14   0   1   0   2   4   0   1   0   0  15   1  0.66 inf
  164 A    5 -4 -3 -4 -4 -3 -4 -3 -4 -5 -5 -3 -4 -5 -4  5 -2 -6 -5 -4   56   0   0   0   0   0   0   0   0   0   0   0   0   0   0  44   0   0   0   0  1.39 inf

                      K         Lambda
Standard Ungapped    0.1323     0.3206
Standard Gapped      0.0491     0.2670
PSI Ungapped         0.1613     0.3145
PSI Gapped           0.0491     0.2670
