
Last position-specific scoring matrix computed, weighted observed percentages rounded down, information per position, and relative weight of gapless real matches to pseudocounts
           A  R  N  D  C  Q  E  G  H  I  L  K  M  F  P  S  T  W  Y  V   A   R   N   D   C   Q   E   G   H   I   L   K   M   F   P   S   T   W   Y   V
    1 Q   -1  1  0  0 -4  6  3 -2  0 -3 -3  1 -1 -4 -2  0 -1 -3 -2 -3    0   0   0   0   0  83  17   0   0   0   0   0   0   0   0   0   0   0   0   0  0.81 inf
    2 F   -2 -3 -3 -4 -3 -2 -3 -4 -1 -1  0 -2  6  5 -4 -2 -2 -1  4 -1    2   0   0   0   0   0   0   0   1   0   0   1  41  34   0   2   1   0  17   0  0.84 inf
    3 T   -1 -2  2  3 -3 -1  0 -1 -1 -2 -3 -1 -2 -4 -2  2  4 -4 -3 -2    1   0  13  18   0   1   2   4   1   1   0   2   0   0   1  19  37   0   0   1  0.45 inf
    4 D    0 -1  3  3 -3  0  2 -2 -1 -3 -3  1 -2 -4  0  2  1 -4 -3 -3    4   0  16  21   0   3  14   0   1   0   1   9   1   0   3  20   7   0   0   1  0.38 inf
    5 I   -2 -3 -2 -4 -2 -3 -3 -4 -3  4  3 -2  0 -1 -3 -2  1 -3 -2  2    1   0   2   0   0   0   0   0   0  34  31   2   0   1   1   1  11   0   0  16  0.42 inf
    6 D   -2 -1  0  6 -3  0  3 -3 -1 -3 -4 -1 -4 -5 -3 -1 -2 -5 -4 -2    2   3   3  58   0   2  21   0   1   1   0   1   0   0   0   4   1   0   0   3  0.92 inf
    7 K   -2  2  1  0 -4  4  2 -3 -1 -3 -2  3 -2 -4 -3 -1  1 -1 -3 -3    0  12   5   2   0  31  13   0   0   1   3  17   0   0   0   2  12   1   0   0  0.49 inf
    8 L   -2  0 -2 -1 -3  2  1 -4 -1 -1  3  1  1 -2 -3 -2 -1 -3 -2 -1    1   4   0   4   0  10  11   0   2   1  47  13   4   0   0   0   3   0   0   2  0.30 inf
    9 A    3 -3 -3 -3  6 -3 -3 -2 -3 -1  2 -3  1 -2 -3  2 -1 -4 -3 -1   29   0   0   0  19   0   0   2   0   1  25   0   5   0   0  19   1   0   0   0  0.47 inf
   10 V    3 -4 -4 -4 -2 -3 -4 -3 -4  4 -1 -3 -1 -2 -3 -2 -2 -4 -3  3   38   0   0   0   0   0   0   0   0  37   0   0   0   0   0   0   0   0   0  24  0.68 inf
   11 S   -2 -3  8  1 -5 -2 -2 -2 -2 -5 -6 -2 -4 -5 -4  0 -1 -6 -4 -5    3   0  84   5   0   0   0   0   0   0   0   0   0   0   0   6   1   0   0   0  1.67 inf
   12 T    4 -3 -2 -3 -2 -2 -3 -2 -3 -3 -3 -2 -3 -4 -3  1  5 -4 -4 -2   48   0   0   0   0   0   0   0   0   0   0   0   0   0   0   6  45   0   0   0  0.91 inf
   13 I   -3 -5 -5 -5 -3 -5 -5 -6 -5  7  1 -5 -1 -2 -5 -5 -3 -5 -3  1    0   0   0   0   0   0   0   0   0  88   8   0   0   0   0   0   0   0   0   4  1.47 inf
   14 R   -4  8 -3 -4 -6 -1 -3 -5 -3 -6 -5  0 -4 -5 -5 -3 -4 -5 -4 -5    0 100   0   0   0   0   0   0   0   0   0   0   0   0   0   0   0   0   0   0  2.17 inf
   15 I    2 -3 -3 -3 -1 -3 -3 -2 -3  1  0 -3  2  3 -3 -1  2 -3 -1  2   25   0   0   0   1   0   0   1   0   5   6   0   6  19   0   0  21   0   0  16  0.32 inf
   16 L   -4 -4 -6 -6 -3 -4 -5 -6 -5  0  6 -5  1 -2 -5 -5 -3 -4 -3 -1    0   0   0   0   0   0   0   0   0   1  98   0   1   0   0   0   1   0   0   0  1.42 inf
   17 A    4 -3 -2 -3 -2 -2 -2 -1 -3 -4 -4 -2 -3 -4 -3  5 -1 -5 -4 -3   46   0   0   0   0   0   0   1   0   0   0   0   0   0   0  51   1   0   0   0  0.95 inf
   18 V    1 -4 -4 -5 -3 -3 -4 -4 -4  4  0 -3  6 -2 -4 -3 -2 -4 -3  3   14   0   0   0   0   0   0   0   0  27   1   0  34   1   0   0   0   0   0  23  0.78 inf
   19 D   -4 -4 -1  8 -6 -3  1 -4 -3 -6 -6 -3 -6 -6 -4 -3 -3 -7 -6 -6    0   0   0  96   0   0   4   0   0   0   0   0   0   0   0   0   0   0   0   0  2.12 inf
   20 T    6 -3 -3 -3 -2  0 -2  0 -3 -3 -3 -2  1 -4 -3  0 -1 -4 -4 -2   79   0   0   0   0   4   1   6   0   0   1   0   4   0   0   2   3   0   0   1  0.94 inf
   21 V   -2 -4 -5 -5 -3 -4 -4 -5 -5  4 -1 -4 -1 -3 -3 -3  0 -5 -3  6    0   0   0   0   0   0   0   0   0  25   0   0   0   0   1   0   6   0   0  67  1.04 inf
   22 S   -1 -1  1 -1 -1  6  4 -3 -2 -5 -4 -1 -3 -2 -3  0 -2 -4 -3 -4    6   0   7   1   1  56  24   0   0   0   0   0   0   2   0   4   0   0   0   0  1.02 inf
   23 K    1  1 -1 -3 -4  3 -1 -3  0 -4 -4  6 -3 -5 -3 -1 -2 -5 -3 -3   11   4   1   0   0  13   0   0   2   0   0  66   0   0   0   1   1   0   0   1  0.96 inf
   24 A    6 -4 -3 -4 -3 -3 -3 -2 -4 -3 -4 -3 -3 -4 -2  1 -2 -5 -4 -2   90   0   0   0   0   0   0   0   0   0   0   0   0   0   1   8   0   0   0   1  1.29 inf
   25 N   -3 -1  7 -1 -5  0 -2 -2 -1 -5 -5  4 -4 -5 -4 -1 -2 -6 -4 -5    0   1  66   0   0   3   0   1   0   0   0  26   0   0   0   1   0   0   0   0  1.32 inf
   26 S   -1 -3 -2 -3 -3 -2 -3 -3 -2 -5 -5 -3 -4 -5 -3  7 -1 -5 -4 -4    0   0   0   0   0   0   0   0   1   0   0   0   0   0   0  99   0   0   0   0  1.63 inf
   27 G   -2 -5 -3 -4 -5 -4 -5  7 -4 -6 -6 -4 -5 -6 -5 -3 -4 -5 -6 -6    0   0   0   0   0   0   0 100   0   0   0   0   0   0   0   0   0   0   0   0  2.11 inf
   28 H   -5 -3 -2 -4 -6 -2 -3 -5 11 -6 -6 -4 -4 -4 -5 -4 -5 -5 -1 -6    0   0   0   0   0   0   0   0 100   0   0   0   0   0   0   0   0   0   0   0  3.11 inf
   29 P   -3 -5 -5 -4 -6 -4 -4 -5 -5 -6 -6 -4 -5 -6  9 -3 -4 -7 -6 -5    0   0   0   0   0   0   0   0   0   0   0   0   0   0 100   0   0   0   0   0  3.00 inf
   30 G   -2 -5 -3 -4 -5 -4 -5  7 -4 -6 -6 -4 -5 -6 -5 -3 -4 -5 -6 -6    0   0   0   0   0   0   0 100   0   0   0   0   0   0   0   0   0   0   0   0  2.11 inf
   31 A    4 -3 -4 -4 -2 -3 -3 -3 -4 -1  3 -3  5 -2 -3 -2 -2 -4 -3 -1   51   0   0   0   0   0   0   0   0   0  28   0  19   0   0   0   1   0   0   1  0.71 inf
   32 P   -3 -5 -5 -4 -6 -4 -4 -5 -5 -5 -6 -4 -5 -6  9 -3 -4 -6 -6 -4    0   0   0   0   0   0   0   0   0   0   0   0   0   0  99   0   0   0   0   1  2.93 inf
   33 L   -4 -4 -5 -6 -4 -3 -5 -6 -4 -1  2 -4 10 -2 -5 -4 -3 -4 -4 -2    0   0   0   0   0   0   0   0   0   0  19   0  81   0   0   0   0   0   0   0  2.04 inf
   34 G   -2 -5 -3 -4 -5 -4 -5  7 -4 -6 -6 -4 -5 -6 -5 -3 -4 -5 -6 -6    0   0   0   0   0   0   0 100   0   0   0   0   0   0   0   0   0   0   0   0  2.11 inf
   35 M    3 -4 -4 -4  4 -2 -4 -3 -4 -1  1 -3  8 -3 -4 -1 -2 -4 -3 -1   27   0   0   0  10   1   0   0   0   0   8   0  49   0   0   3   1   0   0   0  0.98 inf
   36 A    7 -4 -4 -4 -3 -3 -3 -2 -4 -4 -4 -3 -3 -5 -3 -1 -2 -5 -4 -2   99   0   0   0   0   0   0   0   0   0   0   0   0   0   0   1   0   0   0   0  1.57 inf
   37 P   -2 -4 -2  5 -5 -3  0 -4 -4 -5 -5 -3 -5 -6  7 -2 -3 -6 -5 -5    3   0   0  33   0   0   6   0   0   0   0   0   0   0  56   1   0   0   0   0  1.62 inf
   38 A    1 -4 -4 -5 -3 -3 -4 -5 -4  5  0 -4  7 -2 -4 -3 -1 -4 -3  1   11   0   0   0   0   0   0   0   0  38   2   0  42   0   0   0   2   0   0   6  1.01 inf
   39 A    6 -4 -3 -4 -3 -3 -3  2 -4 -4 -4 -3 -2 -4 -3  0 -2 -5 -4 -2   85   0   0   0   0   0   0  12   0   0   0   0   1   0   0   2   0   0   0   0  1.20 inf
   40 H   -3 -3 -3 -2 -5  0  4 -4  6 -3 -3 -2 -3  2 -4 -3 -3 -2  6 -1    0   0   0   1   0   2  29   0  20   0   0   0   0   6   0   0   0   0  35   5  0.96 inf
   41 V    2 -3 -3 -3 -1 -2 -1 -3 -4  1 -1 -3 -1 -3 -3 -1  2 -4 -3  5   16   0   0   0   1   1   4   0   0   2   2   1   0   0   0   1  13   0   0  59  0.60 inf
   42 L   -3 -4 -6 -6 -3 -4 -5 -6 -5  1  6 -5  0 -2 -5 -4 -3 -4 -3  0    0   0   0   0   0   0   0   0   0   4  91   0   0   0   0   0   0   0   0   5  1.29 inf
   43 W   -5 -6 -7 -7 -5 -5 -6 -6 -5 -5 -4 -6 -4  4 -7 -6 -5 12  2 -5    0   0   0   0   0   0   0   0   0   0   0   0   0  15   0   0   0  80   5   0  3.48 inf
   44 S   -1  4  4  2 -4  0 -1 -2  0 -4 -4  1 -3 -4 -3  1  2 -4 -3 -3    4  25  24  10   0   2   0   1   2   0   0   6   0   0   0   9  16   0   0   0  0.49 inf
   45 Q   -3  2  0  3 -5  1  2 -3  7 -5 -4  3 -3 -4 -3 -2 -3 -4 -1 -4    0  12   2  17   0   5  10   1  32   0   0  19   0   0   0   0   0   0   1   0  0.78 inf
   46 M   -3 -4 -5 -6 -3 -3 -5 -5 -3  0  5 -4  7 -1 -5 -4 -3 -4 -2 -1    0   0   0   0   0   0   0   0   0   1  56   0  42   1   0   0   0   0   1   0  1.29 inf
   47 R   -2  4  4 -1 -3  0 -1 -3  0 -4 -4  4 -2 -5 -3  0 -1 -5 -3 -3    0  28  27   1   0   3   0   0   1   0   0  30   0   0   0   4   2   0   0   1  0.75 inf
   48 M   -3 -3 -2 -4 -3 -2 -3 -5  9 -2 -3 -3 -2  4 -5 -3 -3 -3  3 -1    2   0   0   0   1   0   0   0  63   1   1   0   0  17   0   0   1   0   7   6  1.54 inf
   49 N   -4 -3  8 -1 -5 -2 -3 -3 -1 -6 -6 -3 -5 -6 -5 -1 -2 -6 -5 -5    0   0  95   1   0   0   0   0   1   0   0   0   0   0   0   2   0   0   0   0  2.12 inf
   50 P   -2 -5 -4 -4 -5 -4 -4 -3 -5 -5 -6 -4 -5 -6  9 -2 -4 -6 -6 -5    2   0   0   0   0   0   0   1   0   0   0   0   0   0  95   1   0   0   0   0  2.76 inf
   51 T    2  0  1 -1 -3  1  0 -1 -2 -3 -3  4 -2 -4 -2  1  1 -4 -3 -2   23   3   6   2   0   6   2   2   0   0   2  35   0   0   0   8  10   0   0   2  0.37 inf
   52 N   -4 -2  7  3 -3 -1 -2 -3  1 -5 -6 -2 -4 -5 -4 -1 -1 -6 -4 -5    0   1  75  14   0   1   1   0   3   0   0   1   0   0   0   2   2   0   0   0  1.50 inf
   53 P   -2 -4 -3 -4 -5 -3 -3 -4 -3 -5 -5 -3 -3 -6  8  0 -2 -6 -4 -4    1   0   1   0   0   0   1   0   0   0   0   0   1   0  85   8   1   0   0   0  2.28 inf
   54 D   -1  0  3  2 -4  2  1 -1  3 -4 -3  2 -3 -3 -2  0 -1 -3  0 -3    6   4  16  11   0  11   8   3  10   0   1  20   0   0   0   5   3   0   4   0  0.35 inf
   55 W   -6 -6 -7 -8 -6 -5 -6 -6 -6 -6 -5 -6 -5  0 -7 -6 -6 13  0 -6    0   0   0   0   0   0   0   0   0   0   0   0   0   2   0   0   0  97   1   0  4.31 inf
   56 I    2 -3 -3 -3 -1 -3 -2 -3 -2  2 -1 -2 -1  4  3 -1 -1  0  0  1   23   0   0   1   1   0   1   0   1  13   3   1   0  25  14   2   2   1   1  10  0.34 inf
   57 N   -3 -3  7  5 -5 -2 -2 -2 -2 -6 -6 -2 -5 -5 -4 -2 -2 -6 -5 -5    0   0  63  34   0   0   0   2   0   0   0   0   0   0   0   0   0   0   0   0  1.55 inf
   58 R   -4  8 -3 -4 -6 -1 -3 -5 -3 -6 -5  0 -4 -6 -5 -3 -4 -5 -4 -5    0 100   0   0   0   0   0   0   0   0   0   0   0   0   0   0   0   0   0   0  2.22 inf
   59 D   -4 -4 -1  8 -6 -3 -1 -4 -4 -6 -6 -3 -6 -6 -4 -3 -4 -7 -6 -6    0   0   0 100   0   0   0   0   0   0   0   0   0   0   0   0   0   0   0   0  2.30 inf
   60 R   -4  8 -3 -4 -6 -1 -3 -5 -3 -6 -5  0 -4 -6 -5 -3 -4 -5 -4 -5    0 100   0   0   0   0   0   0   0   0   0   0   0   0   0   0   0   0   0   0  2.22 inf
   61 F   -5 -6 -6 -6 -5 -6 -6 -6 -4 -3 -2 -6 -3  9 -6 -5 -5 -2  1 -3    0   0   0   0   0   0   0   0   0   0   0   0   0  99   0   0   0   0   1   0  2.46 inf
   62 V   -2 -5 -5 -5 -3 -4 -5 -5 -5  4 -1 -4 -1 -3 -5 -4 -2 -5 -3  6    0   0   0   0   0   0   0   0   0  20   0   0   0   0   0   0   0   0   0  80  1.31 inf
   63 L   -4 -4 -6 -6 -3 -3 -5 -6 -5  0  6 -5  1 -1 -5 -5 -3 -4 -3 -1    0   0   0   0   0   1   0   0   0   0  97   0   1   1   0   0   0   0   0   0  1.41 inf
   64 S   -1 -3 -2 -3 -3 -3 -3 -3 -3 -5 -5 -3 -4 -5 -3  7 -1 -5 -4 -4    1   0   0   0   0   0   0   0   0   0   0   0   0   0   0  99   0   0   0   0  1.68 inf
   65 N    4 -3  6 -2 -4 -2 -2  0 -2 -4 -5 -2 -4 -5 -2 -1 -2 -5 -4 -4   39   0  54   0   0   0   0   5   0   0   0   0   0   0   1   1   0   0   0   0  1.08 inf
   66 G   -2 -5 -3 -4 -5 -4 -5  7 -4 -6 -6 -4 -5 -6 -5 -3 -4 -5 -6 -6    0   0   0   0   0   0   0 100   0   0   0   0   0   0   0   0   0   0   0   0  2.13 inf
   67 H   -5 -3 -2 -4 -6 -2 -3 -5 11 -6 -6 -4 -5 -4 -5 -4 -5 -5 -1 -6    0   0   0   0   0   0   0   0 100   0   0   0   0   0   0   0   0   0   0   0  3.15 inf
   68 A    2 -4 -3 -3 -4 -4 -4  6 -4 -5 -5 -3 -4 -5 -4 -2 -3 -5 -5 -4   20   0   0   0   0   0   0  79   0   0   0   0   0   0   0   1   0   0   0   0  1.53 inf
   69 V   -1 -4 -2 -3  7 -3 -3 -3 -4 -4 -4 -3 -4 -5 -3  6 -1 -5 -4 -3    1   0   0   0  25   0   0   0   0   0   0   0   0   0   0  73   0   0   0   1  1.41 inf
   70 A    2 -4 -4 -5 -3 -3 -4 -4 -4 -2 -1 -4  9 -3 -4 -3 -1 -4 -4 -1   20   0   0   0   0   0   0   0   0   0   0   0  75   0   0   1   2   0   0   2  1.68 inf
   71 L   -4 -4 -6 -6 -3 -4 -5 -6 -5  0  6 -5  2 -1 -5 -5 -3 -4 -3 -1    0   0   0   0   0   0   0   0   0   0  95   0   4   1   0   0   0   0   0   0  1.40 inf
   72 L   -3 -3 -4 -4 -3  3 -2 -5 -1  3  4 -3  0 -2 -4 -3 -3 -4 -3  0    0   0   0   0   0  21   1   0   1  22  53   0   0   0   0   0   0   0   0   1  0.70 inf
   73 Y   -5 -5 -5 -6 -5 -4 -5 -6 -1 -4 -4 -5 -4  0 -6 -5 -4  0 10 -4    0   0   0   0   0   0   0   0   0   0   0   0   0   0   0   0   0   0 100   0  2.78 inf
   74 S    3 -3 -2 -3 -1 -2 -2 -2 -3 -3 -4 -2 -3 -4 -3  5  0 -5 -4 -2   31   0   0   0   1   0   0   1   0   1   0   0   0   0   0  63   1   0   0   2  0.94 inf
   75 M   -3 -4 -5 -6 -3 -4 -5 -6 -5  0  6 -4  3 -2 -5 -4 -3 -4 -3  0    0   0   0   0   0   0   0   0   0   1  88   0   8   0   0   0   0   0   0   3  1.27 inf
   76 L   -3 -4 -5 -6 -1 -4 -5 -6 -5  0  6 -5  1 -1 -5 -5 -3 -4 -3 -1    0   0   0   0   1   0   0   0   0   0  95   0   2   1   0   0   0   0   0   0  1.36 inf
   77 H   -4 -3 -2 -4 -4 -2 -3 -5 11 -6 -5 -4 -4 -3 -5 -4 -4 -5  2 -4    0   0   1   0   0   0   0   0  92   0   0   0   0   1   0   0   0   0   4   1  2.75 inf
   78 L   -4 -4 -6 -6 -3 -4 -5 -6 -5  0  6 -5  0 -1 -5 -5 -3 -4 -3 -1    0   0   0   0   0   0   0   0   0   0  97   0   0   0   0   0   0   0   0   2  1.41 inf
   79 T    1 -3 -2 -3 -2 -2 -3 -3 -2 -2 -2 -2 -2  2 -3  3  5 -3  1 -2   10   0   0   0   1   0   0   0   0   0   3   0   0  12   0  23  45   0   5   0  0.59 inf
   80 G   -2 -4 -2 -4 -5 -4 -4  7 -4 -6 -6 -3 -5 -6 -5 -3 -4 -5 -6 -6    0   0   0   0   0   0   0  99   0   0   0   0   0   0   0   0   0   0   0   0  2.08 inf
   81 Y   -4 -4 -5 -6 -5 -4 -5 -6 -1 -3 -4 -5 -4  2 -6 -4 -4  0  9 -4    0   0   0   0   0   0   0   0   0   1   0   0   0   4   0   0   0   0  95   0  2.54 inf
   82 D   -1 -3  1  7 -5 -1  1  0 -3 -5 -5 -1 -5 -5 -3 -1 -3 -6 -5 -5    5   0   5  69   0   2   4   7   0   0   0   3   0   0   0   3   0   0   0   0  1.20 inf
   83 L   -3 -4 -5 -5 -3 -4 -4 -5 -4  1  5 -4  1 -1 -4 -4 -2 -3 -1  4    0   0   0   0   0   0   0   0   0   3  61   0   2   1   0   0   0   0   2  31  0.84 inf
   84 S   -1 -2 -1 -2 -3 -2 -2 -1 -3 -4 -4 -1 -3 -4  4  4  3 -5 -4 -3    1   1   1   0   0   1   1   2   0   0   0   2   0   0  23  48  19   0   0   0  0.84 inf
   85 I   -3 -4 -3 -5 -3 -3 -3 -5 -4  5  3 -2  5 -2 -4 -4 -2 -4 -3  1    0   0   1   0   0   0   2   0   0  46  22   2  22   0   0   0   1   0   0   4  0.81 inf
   86 E   -3 -3 -1  6 -5 -1  5 -3 -2 -5 -5 -1 -4 -5 -3 -1 -2 -5 -4 -5    1   0   1  43   0   0  48   0   0   0   0   1   0   0   0   4   1   0   0   0  1.23 inf
   87 D   -4 -3 -1  7 -6  0  4 -4 -3 -5 -6 -2 -5 -6 -4 -2 -3 -6 -5 -5    0   0   0  71   0   3  26   0   0   0   0   0   0   0   0   0   0   0   0   0  1.59 inf
   88 L   -3 -4 -5 -5 -3 -4 -5 -6 -5  4  5 -4  1 -1 -5 -4 -3 -4 -3  0    0   0   0   0   0   0   0   0   0  22  74   0   2   0   0   0   0   0   0   1  1.07 inf
   89 K   -3  2 -2 -3 -5  1 -1 -4 -2 -5 -5  7 -1 -5 -3 -2 -3 -5 -4 -4    0   6   0   0   0   4   1   0   0   0   0  87   2   0   0   0   0   0   0   0  1.50 inf
   90 Q   -1  1  6  0 -4  4  0 -1  0 -5 -4 -1 -3 -5 -3  1 -1 -5 -4 -4    5   6  47   2   0  24   2   2   1   0   0   1   0   0   0   8   1   0   0   0  0.82 inf
   91 F   -5 -6 -6 -6 -5 -6 -6 -6 -4 -3 -2 -6 -2  9 -6 -5 -5 -2  1 -3    0   0   0   0   0   0   0   0   0   0   1   0   0  99   0   0   0   0   0   0  2.45 inf
   92 R   -4  8 -3 -4 -6 -1 -3 -5 -3 -6 -5  0 -4 -6 -5 -3 -4 -5 -4 -5    0 100   0   0   0   0   0   0   0   0   0   0   0   0   0   0   0   0   0   0  2.22 inf
   93 Q   -3 -1 -3 -3 -6  8 -1 -5 -2 -6 -5  0 -3 -6 -4 -2 -3 -5 -4 -5    0   1   0   0   0  95   0   0   0   0   0   2   0   0   0   1   0   0   0   0  2.12 inf
   94 L   -4 -4 -5 -5 -4 -4 -5 -5 -5  0  4 -5  1  1 -5 -5 -3  9 -1 -1    0   0   0   1   0   0   0   0   0   2  51   0   4   4   0   0   0  35   0   3  1.47 inf
   95 G   -3 -2  1  2 -5 -2 -1  4  7 -5 -5 -2 -4 -4 -4 -2 -3 -5 -2 -5    0   0   7  11   0   1   3  40  37   0   0   1   0   0   0   0   0   0   0   0  1.11 inf
   96 S    0 -3 -2 -3 -3 -2 -3 -3 -3 -5 -5 -3 -4 -5 -3  7 -1 -5 -4 -4    2   0   0   0   0   0   0   0   0   0   0   0   0   0   0  98   0   0   0   0  1.63 inf
   97 R   -3  4 -2 -3 -5  0 -1 -4 -1 -1 -2  6 -2 -4 -2 -2 -2 -5 -4 -3    0  19   1   0   0   1   0   0   1   5   5  66   0   0   1   0   1   0   0   1  0.98 inf
   98 T   -2 -4 -3 -4  1 -3 -3 -4 -4 -3 -4 -3 -3 -5 -4 -1  8 -5 -4 -2    1   0   0   0   2   0   0   0   0   1   0   0   0   0   0   0  96   0   0   0  1.78 inf
   99 P    0 -5 -5 -4 -5 -4 -4 -4 -5 -5 -5 -4 -5 -6  8 -3 -4 -6 -6 -5    8   0   0   0   0   0   0   0   0   0   0   0   0   0  92   0   0   0   0   0  2.63 inf
  100 G   -2 -5 -3 -4 -5 -4 -5  7 -4 -6 -6 -4 -5 -6 -5 -3 -4 -5 -6 -6    1   0   0   0   0   0   0  99   0   0   0   0   0   0   0   0   0   0   0   0  2.09 inf
  101 H   -5 -3 -2 -4 -6 -2 -3 -5 11 -6 -6 -4 -5 -4 -5 -4 -5 -5 -1 -6    0   0   0   0   0   0   0   0 100   0   0   0   0   0   0   0   0   0   0   0  3.15 inf
  102 P   -4 -5 -5 -4 -6 -4 -4 -5 -5 -6 -6 -4 -5 -7  9 -3 -4 -7 -6 -5    0   0   0   0   0   0   0   0   0   0   0   0   0   0 100   0   0   0   0   0  2.99 inf
  103 E   -3 -3 -3 -1 -6  0  8 -5 -3 -6 -6 -2 -5 -6 -4 -3 -3 -6 -5 -5    0   0   0   0   0   0 100   0   0   0   0   0   0   0   0   0   0   0   0   0  2.01 inf
  104 F   -1 -1 -2 -5 -4 -3 -4 -4  1 -1 -1 -3 -2  5 -5 -3 -3 -1  7  0    6   5   2   0   0   0   0   0   3   1   4   0   0  24   0   0   0   0  46   8  0.97 inf
  105 E   -2 -2 -1  0 -4 -2  2  4  7 -3 -5 -2 -2 -4 -4 -2 -3 -4 -2 -4    0   1   0   5   0   0  14  41  35   1   0   0   1   0   0   0   0   0   0   1  1.00 inf
  106 L   -2 -3 -2 -3 -2 -3 -3 -4 -3 -3 -1 -3 -3 -3 -3 -1  7 -3  3 -2    0   0   1   0   1   0   0   0   0   0   4   0   0   0   0   1  80   0  12   1  1.28 inf
  107 P    0 -3 -2  2 -5 -2  0 -4 -2 -4 -4 -1 -4 -5  7 -2 -2 -6 -5 -1    8   0   1  11   0   1   4   0   1   0   0   2   0   0  65   0   1   0   0   5  1.53 inf
  108 G   -2 -5 -3 -3 -5 -4 -4  7 -4 -6 -6 -4 -5 -6 -5 -3 -4 -5 -6 -6    0   0   0   1   0   0   0  99   0   0   0   0   0   0   0   0   0   0   0   0  2.09 inf
  109 V   -2 -5 -5 -5 -2 -4 -5 -5 -5  4 -1 -4 -1 -3 -5 -4 -2 -5 -3  6    0   0   0   0   0   0   0   0   0  19   1   0   0   0   0   0   0   0   0  79  1.28 inf
  110 E   -3 -3 -2  2 -6  0  7 -5 -3 -6 -5 -2 -5 -6 -4 -2 -3 -5 -5 -5    0   0   0   8   0   0  92   0   0   0   0   0   0   0   0   0   0   0   0   0  1.79 inf
  111 V    2 -3 -3 -4 -2 -3 -3 -3 -4  0 -1 -3  0 -3 -3 -1  5 -4 -3  3   21   0   0   0   0   0   0   0   0   3   1   0   2   0   0   0  42   0   0  32  0.66 inf
  112 T   -2 -4 -2 -4 -1 -3 -3 -4 -4 -3 -4 -3 -3 -5 -4  0  7 -5 -4 -3    0   0   0   0   1   0   0   0   0   0   0   0   0   0   0   4  95   0   0   0  1.75 inf
  113 T   -2 -4 -2 -3 -3 -3 -3 -4 -4 -3 -4 -3 -3 -5 -4  0  7 -5 -4 -2    1   0   0   0   0   0   0   0   0   0   0   0   0   0   0   4  95   0   0   0  1.73 inf
  114 G   -2 -5 -3 -4 -5 -4 -5  7 -4 -6 -6 -4 -5 -6 -5 -3 -4 -5 -6 -6    0   0   0   0   0   0   0 100   0   0   0   0   0   0   0   0   0   0   0   0  2.13 inf
  115 P   -4 -5 -5 -4 -6 -4 -4 -5 -5 -6 -6 -4 -5 -7  9 -4 -4 -7 -6 -5    0   0   0   0   0   0   0   0   0   0   0   0   0   0 100   0   0   0   0   0  3.02 inf
  116 L   -4 -4 -6 -6 -3 -4 -5 -6 -5  0  6 -5  0 -2 -5 -5 -3 -4 -3 -1    0   0   0   0   0   0   0   0   0   0 100   0   0   0   0   0   0   0   0   0  1.51 inf
  117 G   -2 -5 -3 -4 -5 -4 -5  7 -4 -6 -6 -4 -5 -6 -5 -3 -4 -5 -6 -6    0   0   0   0   0   0   0 100   0   0   0   0   0   0   0   0   0   0   0   0  2.13 inf
  118 Q    0 -2 -3 -3 -5  8 -1 -4 -1 -5 -5 -1 -1 -6 -4 -3 -3 -5 -4 -5    7   0   0   0   0  91   0   0   1   0   0   0   2   0   0   0   0   0   0   0  1.94 inf
  119 G   -2 -5 -3 -4 -5 -4 -5  7 -4 -6 -6 -4 -5 -6 -5 -3 -4 -5 -6 -6    0   0   0   0   0   0   0 100   0   0   0   0   0   0   0   0   0   0   0   0  2.13 inf
  120 I   -2 -4 -5 -5 -3 -4 -5 -5 -4  6  2 -4  2  3 -5 -4 -3 -3 -2  1    2   0   0   0   0   0   0   0   0  59  15   0   4  15   0   0   0   0   0   6  0.88 inf
  121 S    5 -3 -2 -3  2 -2 -2  1 -3 -3 -3 -2 -3 -4 -1  2  2 -4 -4 -2   55   0   0   0   4   0   0   7   0   0   0   0   0   0   1  19  14   0   0   0  0.69 inf
  122 N   -3 -3  7 -1 -3 -2 -3 -2 -2 -4 -4 -3  5 -5 -4 -1  0 -5 -4 -4    1   0  74   0   0   0   0   1   0   0   0   0  16   0   0   2   5   0   0   0  1.48 inf
  123 A    6 -4 -3 -4 -3 -3 -3  1 -4 -4 -4 -3 -3 -4 -3  0 -1 -5 -4 -2   86   0   0   0   0   0   0   9   0   0   0   0   0   0   0   3   1   0   0   0  1.21 inf
  124 V   -2 -5 -5 -6 -3 -5 -5 -6 -6  1 -1 -5 -1 -3 -5 -4 -2 -5 -4  7    0   0   0   0   0   0   0   0   0   2   0   0   0   0   0   0   0   0   0  98  1.62 inf
  125 G   -2 -5 -3 -4 -5 -4 -5  7 -4 -6 -6 -4 -5 -6 -5 -3 -4 -5 -6 -6    0   0   0   0   0   0   0 100   0   0   0   0   0   0   0   0   0   0   0   0  2.13 inf
  126 M   -3 -4 -5 -6 -4 -3 -5 -5 -4  0  3 -4  9  2 -5 -4 -3 -3 -2 -1    0   0   0   0   0   0   0   0   0   1  27   0  61  10   0   0   0   0   0   0  1.46 inf
  127 A    7 -4 -4 -4 -3 -3 -3 -2 -4 -4 -4 -3 -3 -5 -3 -1 -2 -5 -4 -2  100   0   0   0   0   0   0   0   0   0   0   0   0   0   0   0   0   0   0   0  1.59 inf
  128 M   -2 -4 -5 -5 -3 -3 -4 -5 -4  5  3 -4  6 -2 -4 -4 -2 -4 -3  1    2   0   0   0   0   0   0   0   0  37  28   0  30   0   0   0   0   0   0   3  0.92 inf
  129 A    7 -4 -4 -4 -3 -3 -3 -1 -4 -4 -4 -3 -3 -5 -3 -1 -2 -5 -4 -2   97   0   0   0   0   0   0   1   0   0   0   0   0   0   0   1   0   0   0   0  1.50 inf
  130 Q   -3 -2 -2 -1 -6  3  7 -4 -2 -6 -5 -1 -4 -6 -3 -2 -3 -5 -4 -5    1   0   0   0   0  14  85   0   0   0   0   0   0   0   0   0   0   0   0   0  1.65 inf
  131 A    3  4 -2 -2 -2  0 -1 -2 -2 -4 -4  4 -3 -4 -3  0 -1 -4 -3 -3   31  22   0   1   0   2   1   0   0   0   0  35   0   0   0   4   3   0   0   0  0.63 inf
  132 N   -1 -2  0 -3 -4  0 -2 -4  8 -1  0 -2  1  0 -4 -2  2 -1  1 -1    4   1   4   0   0   3   0   0  45   2  11   1   4   3   0   1  14   1   3   5  0.73 inf
  133 L   -3 -4 -4 -5 -2 -4 -5 -5 -5  0  6 -4  2  1 -5 -3 -1 -3 -3 -1    0   0   0   0   0   0   0   0   0   0  85   0   5   4   0   1   4   0   0   0  1.07 inf
  134 A    6 -4 -4 -4 -3 -3 -3  1 -4 -4 -4 -3 -3 -5 -3 -1 -2 -5 -4 -2   91   0   0   0   0   0   1   8   0   0   0   0   0   0   0   1   0   0   0   0  1.32 inf
  135 A    5 -2  0 -2 -3 -1  0  0 -2 -3 -4 -2 -3 -4 -3  1 -1 -4 -4 -2   74   1   3   2   0   2   5   4   1   0   0   1   0   0   0   5   2   0   0   0  0.81 inf
  136 T   -2  3 -2 -2 -4  4  2 -3  0 -2 -3  2 -2 -4 -3 -1  2 -4 -2  0    0  15   0   0   0  25  12   1   1   1   0  14   0   0   0   1  18   0   1  10  0.43 inf
  137 Y   -4 -5 -5 -6 -5 -5 -5 -6 -2 -3 -2 -5 -2  8 -6 -5 -4 -1  6 -3    0   0   0   0   0   0   0   0   0   0   1   0   0  71   0   0   0   0  28   0  1.95 inf
  138 N   -4 -3  9 -1 -5 -3 -3 -3 -2 -6 -6 -3 -5 -6 -5 -2 -3 -7 -5 -6    0   0 100   0   0   0   0   0   0   0   0   0   0   0   0   0   0   0   0   0  2.33 inf
  139 K   -3  6 -2 -3 -5  1 -1 -4 -2 -5 -4  5 -3 -5 -3 -2 -2 -5 -4 -4    0  45   0   0   0   4   1   0   0   0   0  48   0   0   0   0   2   0   0   0  1.25 inf
  140 P   -2 -3 -3  3 -5 -2  2 -3 -3 -5 -5 -2 -4 -5  7 -2 -3 -6 -4 -4    2   0   0  20   0   0  16   1   0   0   0   1   0   0  57   2   0   0   0   1  1.46 inf
  141 G   -2 -3  1  3 -5 -2  0  6 -3 -5 -5 -1 -4 -5 -4 -1 -3 -5 -4 -5    1   0   5  22   0   1   6  61   0   0   0   2   0   0   0   2   0   0   0   0  1.06 inf
  142 F   -1 -3 -2 -4  1 -2 -3 -4  7 -2 -1 -3 -1  5 -4 -2 -3 -1  5 -3    6   1   1   0   3   0   0   0  32   1   4   0   2  29   0   1   0   0  21   1  0.99 inf
  143 T   -1 -1  3  3 -4  0  2 -3 -2 -4 -4  1 -3 -4  3  0  1 -5 -4 -3    5   1  14  22   0   2  16   0   0   0   0   7   0   0  17   4  11   0   0   1  0.51 inf
  144 L   -3 -4 -5 -5 -3 -4 -5 -5 -5  6  2 -4  0 -2 -4 -4 -2 -4 -3  3    0   0   0   0   0   0   0   0   0  53  21   0   1   0   0   0   0   0   0  25  0.93 inf
  145 S   -2 -4 -5 -5 -2 -4 -4 -5 -5  3 -1 -4  0  1 -4 -1 -2 -4 -3  6    0   0   0   0   0   0   0   0   0  17   0   0   2   6   0   5   0   0   0  70  0.97 inf
  146 D   -4 -4  3  8 -6 -2 -1 -4 -3 -6 -6 -2 -5 -6 -4 -2 -3 -7 -5 -6    0   0  11  86   0   0   0   0   0   0   0   1   0   0   0   1   0   0   0   0  1.86 inf
  147 N   -4 -3  3 -3 -6 -2 -3 -4 10 -6 -6 -3 -4 -4 -5 -1 -4 -5 -1 -6    0   0  14   0   0   0   0   0  83   0   0   0   0   0   0   3   0   0   0   0  2.39 inf
  148 Y   -4  0 -1 -4 -5 -3 -4 -5  6 -4 -3 -3 -3  3 -5 -3 -3  0  8 -4    0   4   3   0   0   0   0   0  19   0   0   0   0  12   0   1   1   0  58   0  1.49 inf
  149 T   -2 -4 -2 -4 -3 -3 -3 -4 -4 -3 -4 -3 -3 -5 -4 -1  7 -5 -4 -1    0   0   1   0   0   0   0   0   0   1   0   0   0   0   0   1  96   0   0   2  1.76 inf
  150 Y   -5 -4 -5 -6 -5 -4 -5 -6 -1 -4 -4 -5 -4  2 -6 -4 -4  3  9 -4    0   0   0   0   0   0   0   0   0   0   0   0   0   6   0   0   0   3  91   0  2.47 inf
  151 V    3 -4 -3 -4  4 -3 -3 -2 -4  0 -1 -3  0 -3 -3  0  1 -4 -3  4   25   0   0   0  10   0   0   2   0   0   1   0   1   0   0   4   7   0   0  48  0.58 inf
  152 F   -4 -5 -5 -5 -4 -5 -5 -5 -4  4  2 -5  0  7 -5 -4 -3 -2  0 -1    0   0   0   0   0   0   0   0   0  32  16   0   1  50   0   0   0   0   1   1  1.10 inf
  153 L    0 -3 -3 -4  5 -3 -4 -1 -2  0  3 -3  4  0 -4 -2 -1 -3 -2  1    6   0   1   0  15   0   0   4   1   1  36   0  18   4   0   1   3   0   0  11  0.48 inf
  154 G   -2 -4 -2 -3 -5 -4 -4  7 -4 -6 -6 -4 -5 -5 -4  1 -3 -5 -5 -5    0   0   0   0   0   0   0  91   0   0   0   0   0   0   0   9   0   0   0   0  1.83 inf
  155 D   -4 -4 -1  8 -6 -3 -1 -4 -4 -6 -6 -3 -6 -6 -4 -3 -4 -7 -6 -6    0   0   0 100   0   0   0   0   0   0   0   0   0   0   0   0   0   0   0   0  2.30 inf
  156 G   -2 -5 -3 -4 -5 -4 -5  7 -4 -6 -6 -4 -5 -6 -5 -3 -4 -5 -6 -6    0   0   0   0   0   0   0 100   0   0   0   0   0   0   0   0   0   0   0   0  2.13 inf
  157 C   -3 -6 -4  4 10 -5 -4 -5 -5 -4 -4 -5 -4 -5 -5 -3 -3 -5 -5 -4    0   0   0  26  74   0   0   0   0   0   0   0   0   0   0   0   0   0   0   0  2.44 inf
  158 L   -1 -3  0 -4 -2 -1 -4 -5 -3  0  5 -3  5 -1 -4 -3 -3 -3 -3 -1    4   0   7   0   0   4   0   0   0   1  68   0  16   0   0   0   0   0   0   0  0.82 inf
  159 Q   -4 -4 -5 -5 -4  2 -3 -5 -4 -2 -1 -4 10 -3 -5 -4 -3 -4 -4 -2    0   0   0   0   0  10   1   0   0   0   0   0  88   0   0   0   0   0   0   0  2.24 inf
  160 E   -3 -3 -3 -1 -6  0  8 -5 -3 -6 -6 -2 -5 -6 -4 -3 -3 -6 -5 -5    0   0   0   0   0   0 100   0   0   0   0   0   0   0   0   0   0   0   0   0  2.01 inf
  161 G   -2 -5 -3 -4 -5 -4 -5  7 -4 -6 -6 -4 -5 -6 -5 -3 -4 -5 -6 -6    0   0   0   0   0   0   0 100   0   0   0   0   0   0   0   0   0   0   0   0  2.13 inf
  162 I   -3 -5 -5 -5 -3 -5 -5 -6 -5  6  0 -4  0 -2 -5 -4 -2 -5 -3  5    0   0   0   0   0   0   0   0   0  57   2   0   1   0   0   0   0   0   0  40  1.17 inf
  163 S    2 -3 -1 -3 -3 -2 -2 -2 -3 -4 -4 -2 -3 -5 -3  6  0 -5 -4 -3   17   0   1   0   0   0   0   0   0   0   0   0   0   0   0  78   4   0   0   0  1.14 inf
  164 S    0 -2  0 -3 -4  1 -2  0  8 -5 -4 -2 -3 -3 -3  3 -2 -4  1 -4    8   0   3   0   0   5   0   6  44   0   0   0   0   0   0  29   0   0   4   0  0.98 inf
  165 E   -3 -3 -3 -1 -6  0  8 -5 -3 -6 -6 -2 -5 -6 -4 -3 -3 -6 -5 -5    0   0   0   0   0   0 100   0   0   0   0   0   0   0   0   0   0   0   0   0  2.01 inf
  166 A    6 -4 -4 -4 -1 -3 -3 -2 -4 -3 -3 -3 -3 -4 -3  0 -1 -5 -4  1   83   0   0   0   1   0   0   1   0   0   0   0   0   0   0   3   2   0   0  11  1.09 inf
  167 S    3 -4 -4 -4  9 -4 -4 -2 -4 -2 -3 -4 -1  0 -4  1 -2 -4 -4 -2   34   0   0   0  46   0   0   1   0   1   0   0   2   4   0  11   0   0   0   1  1.23 inf
  168 S    1 -3 -2 -3 -3 -2 -2 -2 -3 -5 -5 -3 -4 -5 -3  7 -1 -5 -4 -4    7   0   0   0   0   0   0   1   0   0   0   0   0   0   0  93   0   0   0   0  1.48 inf
  169 L   -3 -4 -5 -6 -3 -4 -5 -6 -5  0  6 -4  2 -1 -5 -4 -2 -4 -2 -1    0   0   0   0   0   0   0   0   0   1  90   0   3   1   0   0   1   0   1   0  1.22 inf
  170 A    7 -4 -4 -4 -3 -3 -3 -2 -4 -4 -4 -3 -3 -5 -3 -1 -2 -5 -4 -2  100   0   0   0   0   0   0   0   0   0   0   0   0   0   0   0   0   0   0   0  1.57 inf
  171 G   -1 -5 -3 -4 -5 -4 -4  7 -4 -6 -6 -4 -5 -6 -4 -2 -4 -5 -5 -5    3   0   0   0   0   0   0  97   0   0   0   0   0   0   0   0   0   0   0   0  2.01 inf
  172 H   -2 -2 -2 -3 -4 -2 -3 -4  9 -4 -4 -2 -3 -4 -4 -2  5 -5 -2 -3    2   1   0   0   0   0   0   0  51   0   0   1   0   0   0   0  44   0   0   1  1.53 inf
  173 L   -4 -4 -5 -6 -3 -3 -5 -6 -5 -1  5 -4  2 -1 -5 -4 -3  7 -1 -1    0   0   0   0   0   1   0   0   0   0  80   0   3   0   0   0   0  15   1   0  1.29 inf
  174 K   -2  1 -2 -3 -5  2 -1  5 -2 -5 -5  4 -3 -5 -3 -2 -3 -4 -4 -4    0   5   0   0   0   9   3  46   0   0   0  35   0   0   0   0   0   0   0   0  0.87 inf
  175 L   -4 -4 -6 -5 -3 -4 -5 -6 -5  0  6 -5  0 -2 -5 -5 -3 -4 -3 -1    0   0   0   1   0   0   0   0   0   0  99   0   0   0   0   0   0   0   0   0  1.48 inf
  176 G   -2 -4  2 -1 -4 -3 -3  6 -2 -6 -6 -3 -5 -5 -4  0 -3 -5 -5 -5    1   0   9   2   0   0   1  80   1   0   0   0   0   0   0   6   0   0   0   0  1.45 inf
  177 N   -3  2  3 -2 -5 -1 -1 -4 -1 -5 -5  7 -4 -5 -3 -2 -3 -5 -4 -5    0   5  14   0   0   0   1   0   1   0   0  79   0   0   0   0   0   0   0   0  1.36 inf
  178 L   -4 -4 -6 -6 -3 -4 -5 -6 -5  0  6 -5  1 -1 -5 -5 -3 -4 -3 -1    0   0   0   0   0   0   0   0   0   0  98   0   1   0   0   0   0   0   0   1  1.44 inf
  179 I   -3 -5 -5 -5 -3 -5 -5 -6 -5  7 -1 -5 -1 -2 -5 -4 -2 -5 -3  3    0   0   0   0   0   0   0   0   0  82   0   0   0   0   0   0   2   0   0  16  1.40 inf
  180 A    4 -3 -4 -4  4 -3 -3 -2 -3 -1 -1 -3 -1 -1 -3 -1 -1  0  0  3   53   0   0   0   8   0   0   2   0   1   3   0   1   1   0   0   1   1   4  25  0.58 inf
  181 I   -3 -4 -5 -5 -3 -4 -5 -5 -4  1  4 -4  1  6 -5 -4 -3 -2  1  0    0   0   0   0   0   0   0   0   0   8  47   0   2  39   0   0   0   0   2   3  0.95 inf
  182 Y   -5 -5 -5 -6 -5 -4 -5 -6  0 -4 -4 -5 -4  0 -6 -5 -4  8  9 -4    0   0   0   0   0   0   0   0   1   0   0   0   0   0   0   0   0  18  80   0  2.46 inf
  183 D   -4 -4 -1  8 -6 -3 -1 -4 -4 -6 -6 -3 -6 -6 -4 -3 -4 -7 -6 -6    0   0   0 100   0   0   0   0   0   0   0   0   0   0   0   0   0   0   0   0  2.28 inf
  184 D   -3 -3  0  7 -5 -2 -1 -3 -1 -5 -5 -2 -5 -4 -3  3 -2 -6 -5 -5    0   0   2  71   0   0   0   0   2   0   0   0   0   0   0  24   0   0   0   0  1.42 inf
  185 N   -4 -3  9 -1 -5 -3 -3 -3 -2 -6 -6 -3 -5 -6 -5 -2 -3 -7 -5 -6    0   0 100   0   0   0   0   0   0   0   0   0   0   0   0   0   0   0   0   0  2.33 inf
  186 K   -2  0  2  3 -4  0 -1  4  5 -5 -4  1 -3 -4 -3 -1 -2 -4 -2 -4    0   5   9  17   0   4   2  33  18   0   1   8   0   0   0   3   0   0   0   0  0.59 inf
  187 I   -4 -6 -6 -6 -4 -5 -6 -6 -6  8 -1 -5 -1 -2 -5 -5 -3 -5 -4  1    0   0   0   0   0   0   0   0   0  98   0   0   0   0   0   0   0   0   0   2  1.81 inf
  188 T   -1 -3 -2 -3  0 -1 -2 -3 -3 -4 -4 -2 -4 -5 -3  6  3 -5 -4 -3    0   0   0   0   2   1   0   0   0   0   0   0   0   0   0  80  17   0   0   0  1.24 inf
  189 I   -3 -5 -5 -5 -3 -5 -5 -6 -5  7  2 -5 -1 -2 -5 -5 -3 -5 -3  0    0   0   0   0   0   0   0   0   0  79  21   0   0   0   0   0   0   0   0   0  1.36 inf
  190 D   -3 -4 -1  8 -6 -2  2 -4 -3 -5 -6 -3 -5 -6 -4 -2 -3 -7 -5 -4    2   0   0  86   0   0  11   0   0   0   0   0   0   0   0   0   0   0   0   1  1.84 inf
  191 G   -2 -5 -3 -4 -5 -4 -4  7 -4 -6 -6 -4 -5 -6 -4 -2 -3 -5 -5 -5    1   0   0   0   0   0   0  98   0   0   0   0   0   0   0   0   1   0   0   0  2.03 inf
  192 A   -1 -1  2  4 -3  0  2 -1  5 -4 -4  0 -3 -4  1  1 -1 -4 -2 -4    2   2   9  24   0   1  16   3  18   0   0   4   0   0   7  12   1   0   0   0  0.51 inf
  193 T   -2 -3 -3 -4 -3 -3 -3 -4 -4  1  1 -3 -1 -3 -3 -1  5 -4 -3  4    0   0   0   0   0   0   0   0   0   4  11   0   0   0   0   0  51   0   0  33  0.80 inf
  194 S    0 -1  2  4 -4  0  3 -2  1 -4 -4  1 -3 -3 -2  1 -1 -5 -3 -2    7   1   9  33   0   1  25   1   3   0   0   7   0   1   0  10   2   0   0   2  0.55 inf
  195 I   -1 -1 -2 -2  1 -1 -2  3  0  2  1  0  0 -2 -1 -2 -2 -3 -2  1    1   2   1   1   4   3   1  31   2  16  14   6   2   0   2   0   0   0   1  13  0.21 inf
  196 S    4 -4 -4 -4 -3 -3 -3 -3 -4 -4 -4 -3 -3 -3 -4  3 -1 10 -2 -3   36   0   0   0   0   0   0   0   0   0   0   0   0   0   0  23   2  38   0   0  1.49 inf
  197 F   -4 -5 -6 -6 -5 -6 -5 -6 -4 -3 -2 -6 -2  9 -6 -5 -5  1  2 -3    1   0   0   0   0   0   1   0   0   0   0   0   0  95   0   0   0   1   2   0  2.26 inf
  198 D   -1 -1  0 -1 -3 -2 -2 -2 -2 -2 -3 -2 -2 -4 -3  2  6 -5 -3 -2    4   2   3   3   0   0   0   1   1   2   0   1   0   0   0  19  64   0   0   1  0.88 inf
  199 E   -3 -3 -2  5 -6 -1  6 -4 -3 -5 -5 -1 -5 -6 -3 -2 -3 -6 -5 -5    0   0   0  35   0   0  65   0   0   0   0   0   0   0   0   0   0   0   0   0  1.48 inf
  200 D   -4 -3  4  7 -5 -2 -1 -3 -3 -5 -6 -3 -5 -6 -4  0 -3 -6 -5 -5    0   0  20  74   0   0   0   0   0   0   0   0   0   0   0   4   0   0   0   0  1.60 inf
  201 V   -2 -2 -3 -4 -3 -3 -4 -4 -4  1 -2 -3 -2 -3 -4 -2  4 -5 -3  5    0   2   0   0   0   0   0   0   0   5   0   0   0   0   0   0  37   0   0  55  0.90 inf
  202 A    2 -1 -2 -1  1  1  0  0 -2 -2 -1  0  0 -3  4  0 -1 -4 -3 -2   20   2   0   1   3   6   7   8   1   1   8   6   4   0  26   4   2   0   0   1  0.38 inf
  203 K    2  0 -2  0 -4  2  0  0 -2 -4 -2  5 -1 -4 -3 -1 -2 -4 -3 -3   21   1   0   4   0  10   4   7   0   0   3  47   1   0   0   1   1   0   0   0  0.54 inf
  204 R   -4  8 -3 -4 -6 -1 -3 -5 -3 -6 -5  0 -4 -5 -5 -3 -4 -5 -4 -5    0  99   0   0   0   0   0   0   0   0   0   1   0   0   0   0   0   0   0   0  2.17 inf
  205 Y   -4 -5 -5 -6 -5 -5 -5 -5 -3 -3 -2 -5  0  8 -6 -5 -4 -1  5 -3    1   0   0   0   0   0   0   0   0   0   0   0   2  76   0   0   0   0  21   0  1.89 inf
  206 E   -1  1 -2  0 -5  0  6 -4 -2 -4 -4  1 -3 -5 -3 -2 -2 -5 -4 -4    4   9   0   1   0   2  71   0   0   0   1   9   0   0   0   0   1   0   0   0  1.10 inf
  207 A    6 -3 -3 -3 -3 -3 -3 -1 -4 -4 -4 -3 -3 -4 -3  2 -2 -5 -4 -2   80   0   0   0   0   0   0   2   0   0   0   0   0   0   0  18   0   0   0   0  1.15 inf
  208 Y   -4 -4 -5 -6 -2 -2 -5 -6  0 -3 -1 -4  1  2 -5 -4 -4  0  9 -3    1   0   0   0   1   1   0   0   0   0   4   0   3   5   0   0   0   0  84   0  2.05 inf
  209 G   -2 -4  1 -2 -5 -3 -4  7  0 -6 -6 -3 -5 -5 -4 -2 -4 -5 -5 -5    0   0   5   1   0   0   0  91   2   0   0   0   0   0   0   0   0   0   0   0  1.78 inf
  210 W   -6 -6 -7 -8 -6 -5 -6 -6 -6 -6 -5 -6 -5  1 -7 -6 -6 13 -1 -6    0   0   0   0   0   0   0   0   0   0   0   0   0   4   0   0   0  96   0   0  4.22 inf
  211 E   -3 -1  2 -2 -5  5  1 -4  8 -5 -4 -2 -3 -4 -4 -2 -3 -5 -2 -5    0   1   9   0   0  34   7   0  48   0   0   0   0   0   0   0   0   0   0   0  1.45 inf
  212 V   -2 -4 -4 -5 -3 -4 -4 -5  1  1 -1 -4 -1 -2 -4 -3  1 -4  1  6    0   0   0   0   0   0   0   0   5   2   1   0   0   0   0   0  11   0   5  76  1.00 inf
  213 L   -2 -3 -4 -4 -3  1 -2 -5 -4  5  3 -3  1 -2 -4 -3 -2 -4 -3  2    1   0   0   0   0  10   1   0   0  45  27   0   2   0   0   1   0   0   0  13  0.64 inf
  214 Y   -1  4 -1 -1 -3 -1  1 -2  4 -3 -2  1 -2 -3  2 -1  0  3  0 -2    6  29   2   2   0   0   8   2  12   1   5   5   0   0  10   3   6   5   2   2  0.32 inf
  215 V    0 -3  1  1 -3 -3 -2  0 -2  1 -1 -3 -1 -3 -1 -2 -2 -5 -3  5    7   0   9   8   0   0   2   7   1   3   0   1   0   0   2   0   0   0   0  60  0.50 inf
  216 E    1 -1 -2  0 -2  0  3 -3 -2  1 -1  1 -1 -3 -1 -1 -1 -4 -3  3   11   0   0   4   0   2  23   0   0   7   1  13   0   0   2   3   1   0   0  30  0.24 inf
  217 N   -4 -3  3  7 -6 -2  0 -3 -2 -5 -6 -1 -5 -6 -4 -2 -3 -6 -5 -5    0   0  11  82   0   1   3   0   0   0   0   2   0   0   0   1   0   0   0   0  1.70 inf
  218 G   -1 -5 -3 -4 -5 -4 -4  7 -4 -6 -6 -4 -5 -5 -4 -2 -4 -5 -5 -5    2   0   0   0   0   0   0  97   0   0   0   0   0   0   0   0   0   0   0   0  2.00 inf
  219 N   -3 -2  6  2 -5 -2 -2 -3  8 -5 -5 -2 -4 -4 -4 -1 -3 -5 -2 -5    0   0  44  13   0   0   0   0  39   0   0   0   0   0   0   1   0   0   0   0  1.41 inf
  220 E    0  0  1  1 -1  0  0 -1  1 -1 -1  0 -1 -1  0  1  2 -1  0 -1    5   4   7   9   1   3   6   5   4   3   6   4   2   3   3   9  19   1   2   4  0.07 inf
  221 D   -3 -3  3  7 -5 -2 -1 -1 -3 -5 -5 -3 -5 -5 -4 -2 -3 -6 -5 -4    1   0  12  79   0   0   0   4   0   0   0   0   0   0   0   1   0   0   0   1  1.56 inf
  222 L    1 -2 -3 -3 -2 -2 -2 -3 -2  1  3 -3  1 -1  2 -1 -1 -3  0  1   15   1   0   1   0   0   1   1   1   7  36   0   2   1  12   4   2   0   4  13  0.27 inf
  223 A    2 -2  0  4 -4  0  4 -2 -1 -4 -4 -1 -3 -4 -2 -1 -1 -5 -3 -2   18   0   4  32   0   2  32   1   1   0   0   2   0   0   0   2   1   0   0   2  0.65 inf
  224 G    5 -3 -2 -1 -3  0  2  1 -3 -3 -3 -1 -3 -4 -3  1 -2 -4 -3 -2   58   0   0   3   0   4  15   9   0   1   1   1   0   0   0   7   0   0   0   1  0.59 inf
  225 I   -3 -5 -4 -4 -3 -4 -5 -5 -5  7  1 -4  0 -2 -5 -4 -2 -4 -3  3    0   0   0   1   0   0   0   0   0  76   7   0   1   0   0   0   0   0   0  14  1.20 inf
  226 A    1  2  1  2 -3  0  1  0  0 -2 -2  1 -2 -3 -2  1  0 -3 -1 -2   18  13   7  11   0   1  12   5   1   1   4  11   0   0   0   7   5   0   2   0  0.19 inf
  227 K    3  1  0 -1 -3  1  0 -2 -1 -3 -3  3 -2 -3 -2  0 -1 -3 -3 -2   40   4   5   2   0   7   5   1   1   1   1  26   1   0   0   2   2   0   0   0  0.39 inf
  228 A    7 -4 -4 -4 -3 -3 -3 -2 -4 -3 -3 -2 -3 -4 -3 -1 -2 -5 -4 -2   96   0   0   0   0   0   0   0   0   1   0   1   0   0   0   0   1   0   0   0  1.42 inf
  229 I   -3 -5 -5 -5 -3 -4 -5 -5 -5  7  1 -4 -1 -2 -5 -4 -1 -4 -3  2    1   0   0   0   0   0   0   0   0  79   9   0   0   0   0   0   2   0   0   6  1.21 inf
  230 A    1  1  0  1 -4  2  5 -3  0 -2 -2  2 -2 -4 -3 -1 -1 -4 -3 -2   12   5   2   4   0   6  44   0   2   2   4  11   0   0   0   1   3   0   0   2  0.47 inf
  231 Q    2 -1 -1  0 -2  2  4 -3 -2 -3 -3  1 -2 -4 -2 -1 -1 -4 -3 -2   24   0   1   3   1  12  38   0   0   1   2  10   0   0   0   2   3   0   0   1  0.50 inf
  232 A    6 -4 -4 -4  0 -3 -3 -1 -4 -4 -4 -2 -3 -5 -3 -1 -2 -5 -4 -2   95   0   0   0   1   0   0   2   0   0   0   1   0   0   0   0   0   0   0   0  1.40 inf
  233 K   -2  4 -2 -3 -5  3 -1 -4 -2 -3 -3  6 -3 -5 -3 -2 -2 -5 -4 -3    2  19   0   0   0  11   0   0   1   1   1  63   0   0   0   0   0   0   0   1  1.06 inf
  234 L    4 -1 -1 -1 -2  1  0 -1 -2 -3 -2  2 -2 -4 -2  1  0 -4 -3 -2   47   2   1   1   0   6   6   1   0   0   3  17   1   0   0   9   3   0   0   1  0.40 inf
  235 S   -1 -2  1  2  1  1  3 -3 -2  0 -2 -2 -2 -3 -3  0 -1 -4 -3  3    2   0   8  15   4   5  22   1   0   2   0   0   0   0   0   9   3   0   0  29  0.30 inf
  236 K   -1 -1 -1 -1 -2  0  0 -2 -2 -2 -2  2 -2 -3 -2  1  5 -4 -3 -1    2   1   1   3   0   2   4   2   0   1   3  18   0   0   1   6  51   0   0   2  0.53 inf
  237 D   -1 -2  1  6 -4  0  2  0 -2 -4 -5 -1 -4 -5 -1  0  0 -5 -4 -4    3   1   6  51   0   2  14   7   0   0   0   3   0   0   3   6   5   0   0   0  0.77 inf
  238 K   -2  4 -2 -3 -5  2 -1 -4  0 -5 -4  6 -3 -5 -3 -2 -3 -5 -4 -4    1  26   0   0   0   8   0   0   1   0   0  63   0   0   0   0   0   0   0   0  1.19 inf
  239 P   -4 -5 -5 -4 -6 -4 -4 -5 -5 -6 -6 -4 -5 -7  9 -4 -4 -7 -6 -5    0   0   0   0   0   0   0   0   0   0   0   0   0   0 100   0   0   0   0   0  3.02 inf
  240 T   -1 -3 -2 -3 -3 -2 -3 -3 -3 -3 -4 -3 -3 -4 -3  4  6 -5 -4 -2    0   0   0   0   0   0   0   0   0   0   0   0   0   0   0  42  57   0   0   1  1.18 inf
  241 L   -3 -4 -5 -5 -2 -4 -5 -5 -4  3  5 -4  3  0 -5 -4 -3 -3 -3  0    0   0   0   0   0   0   0   0   0  17  70   0   8   3   0   0   0   0   0   2  0.95 inf
  242 I   -4 -5 -6 -6 -3 -5 -6 -6 -6  8  0 -5 -1 -2 -5 -5 -3 -5 -4  1    0   0   0   0   0   0   0   0   0  94   4   0   0   0   0   0   0   0   0   2  1.66 inf
  243 K   -1  0 -2 -2  7  0  2 -4 -3  1 -2  2  1 -3 -3 -2 -1 -4 -3 -1    3   6   1   0  27   3  15   0   0  13   1  20   5   0   0   1   3   0   0   2  0.49 inf
  244 M   -1 -4 -4 -5  8 -4 -5 -5 -5  2  0 -4  0 -2 -4 -3  0 -4 -3  4    2   0   1   0  35   0   0   0   0   8   9   0   2   0   0   0   4   0   0  38  0.96 inf
  245 T   -2  3 -1 -3 -4  0 -1 -3  0 -4 -4  6 -3 -5 -2 -1  2 -5 -3 -3    1  19   2   0   0   1   0   0   2   0   0  56   0   0   1   1  17   0   0   0  0.89 inf
  246 T   -2 -4 -1 -4 -3 -3 -3 -4 -4 -3 -4 -3 -3 -5 -4  0  8 -5 -4 -3    0   0   1   0   0   0   0   0   0   0   0   0   0   0   0   1  97   0   0   0  1.81 inf
  247 T   -2 -2 -2 -3 -2 -1 -2 -4  2  3  0 -2 -1 -2 -3 -2  3 -4 -2  3    1   2   1   0   1   4   1   0   6  24   3   1   1   0   0   0  29   0   0  27  0.44 inf
  248 I   -4 -6 -6 -6 -4 -5 -6 -6 -6  8  0 -5 -1 -2 -5 -5 -3 -5 -4  0    0   0   0   0   0   0   0   0   0  99   1   0   0   0   0   0   0   0   0   0  1.84 inf
  249 G   -1 -5 -3 -4 -5 -4 -4  7 -4 -6 -6 -4 -5 -6 -4 -2 -4 -5 -5 -5    3   0   0   0   0   0   0  97   0   0   0   0   0   0   0   0   0   0   0   0  2.01 inf
  250 Y   -3 -3 -4 -5 -3 -2 -3 -5  0 -2 -2  0 -1  6 -5 -3 -4  1  7 -3    2   0   0   0   1   2   1   0   2   0   2   7   1  43   0   1   0   1  38   0  1.22 inf
  251 G   -2 -5 -3 -4 -3 -4 -5  7 -4 -6 -6 -4 -5 -6 -5 -2 -4 -5 -5 -6    1   0   0   0   1   0   0  98   0   0   0   0   0   0   0   0   0   0   0   0  2.05 inf
  252 S    2 -3 -2 -3  3 -2 -2 -2 -3 -4 -4 -2 -4 -5 -3  6 -1 -5 -4 -3   15   0   0   0   6   0   0   0   0   0   0   0   0   0   0  79   0   0   0   0  1.20 inf
  253 L   -2 -3 -4 -4 -5 -3 -2 -4 -4 -4 -1  0 -2 -5  8 -3 -3 -6 -5 -4    2   0   0   0   0   0   3   0   0   0   7   6   1   0  79   1   0   0   0   0  2.01 inf
  254 H   -3  0  7 -1 -5  0 -1 -3 -1 -4 -1  3 -2 -5 -4 -1 -2 -5 -4 -4    1   3  59   0   0   3   1   0   1   0   7  24   0   0   0   0   0   0   0   0  1.02 inf
  255 A    4 -2 -2 -2  0  5  1 -2 -2 -4 -4  0 -3 -5 -3  1 -2 -4 -3 -3   37   0   0   0   2  40   5   0   0   0   0   4   0   0   0  12   0   0   0   0  0.76 inf
  256 G   -1 -4  2  2 -5 -3 -3  6 -3 -6 -6 -3 -5 -5 -4 -2 -3 -5 -5 -5    1   0  11  11   0   0   0  76   0   0   0   0   0   0   0   0   0   0   0   0  1.42 inf
  257 S   -1 -2 -1 -2 -3 -1 -2 -1 -2 -3 -3  2 -2 -4 -3  3  5 -4 -3 -3    0   0   0   0   0   1   0   3   1   0   1  17   1   0   0  28  49   0   0   0  0.76 inf
  258 H    2 -2  0 -2 -3 -1  1 -1  7 -4 -4 -2 -3 -2 -2  1 -2 -4  1 -3   23   0   4   0   0   0  11   4  37   0   0   0   0   1   1  14   0   0   4   0  0.72 inf
  259 S    0 -2  0  4 -2 -1  1  2 -2 -3 -4  1 -3 -4 -3  2 -1 -4 -4 -3    8   0   3  30   0   0   6  19   0   1   0  13   0   0   0  18   1   0   0   0  0.48 inf
  260 V    2 -4 -4 -4  6 -3 -3 -3 -4  0 -2 -3 -2 -3 -3  1 -1 -4 -3  4   23   0   0   0  18   0   0   0   0   2   0   0   0   0   0  10   2   0   0  45  0.68 inf
  261 H   -5 -3 -2 -4 -6 -2 -3 -5 11 -6 -6 -4 -5 -4 -5 -4 -5 -5 -1 -6    0   0   0   0   0   0   0   0 100   0   0   0   0   0   0   0   0   0   0   0  3.15 inf
  262 G   -2 -5 -3 -4 -5 -4 -5  7 -4 -6 -6 -4 -5 -6 -5 -2 -4 -5 -6 -6    0   0   0   0   0   0   0  99   0   0   0   0   0   0   0   1   0   0   0   0  2.10 inf
  263 A    5 -3  1 -2 -3 -2  2 -2 -3 -4 -4 -2 -3 -4 -3  3 -1 -5 -4 -2   60   0   6   1   0   0  12   0   0   0   0   0   0   0   0  20   1   0   0   0  0.75 inf
  264 P    2 -4 -4 -4 -5 -4 -3 -4 -5 -5 -5 -3 -4 -6  8 -3 -3 -6 -5 -4   17   0   0   0   0   0   0   0   0   0   0   0   0   0  83   0   0   0   0   0  2.30 inf
  265 L   -4 -4 -6 -6 -3 -4 -5 -6 -5  0  6 -5  1 -2 -5 -5 -3 -4 -3 -1    0   0   0   0   0   0   0   0   0   1  98   0   1   0   0   0   0   0   0   0  1.45 inf
  266 K   -2 -3 -2 -3 -5 -3 -4  7 -4 -6 -6  1 -5 -5 -4 -1 -3 -5 -5 -5    0   0   0   0   0   0   0  85   0   0   0  12   0   0   0   2   0   0   0   0  1.63 inf
  267 A    3 -2  0  2 -3 -1  2 -1 -1 -2 -3  0 -2 -4  1  0  0 -4 -3 -1   34   1   2  15   0   1  19   2   1   1   1   7   0   0   7   1   3   0   0   5  0.33 inf
  268 D    0 -2 -1  6 -5 -1  4 -3 -2 -5 -5  0 -4 -5 -3 -1 -2 -5 -4 -4   10   0   0  47   0   0  35   0   0   0   0   5   0   0   0   1   1   0   0   0  1.01 inf
  269 D   -2 -2  1  3 -5  0  6  0 -2 -5 -5 -1 -4 -5 -3 -2 -3 -5 -4 -5    1   0   7  16   0   0  67   8   0   0   0   0   0   0   0   0   0   0   0   0  1.15 inf
  270 V    0 -3 -4 -4 -1 -4 -4 -3 -4  5  1 -4  0 -2 -4 -2  0 -2 -3  4   10   1   0   0   1   0   0   1   0  42   7   0   1   0   0   1   4   0   0  33  0.61 inf
  271 K    3  1 -2 -1 -2  1  1 -2 -2 -2 -2  3 -2 -4 -2  0  0 -4 -3 -1   38   6   0   2   0   4  10   0   0   2   2  26   0   0   0   2   4   0   0   4  0.37 inf
  272 Q    3 -1 -2 -3 -2  2  0 -1 -1 -1  2 -1 -1 -1 -3 -1 -2 -3 -2 -1   39   2   1   0   0  10   4   3   2   0  30   3   0   1   0   2   0   0   1   0  0.29 inf
  273 L    2 -3 -2 -3 -2 -3 -3 -3 -4 -1  1 -3  1 -3 -3  0  5 -4 -3  1   17   0   0   0   0   0   0   0   0   0  11   0   5   0   0   1  55   0   0  10  0.67 inf
  274 K   -3  6 -2 -3 -5 -1 -1 -4 -3 -4 -4  5 -3 -5 -4 -3 -3 -5 -4 -4    0  53   0   0   0   0   0   0   0   1   0  46   0   0   0   0   0   0   0   0  1.41 inf
  275 S    1  1 -1  0 -4  2  4 -3 -1 -4 -4  3 -3 -4 -2 -1 -1 -4 -3 -3   11   4   2   3   0  10  37   0   0   0   0  26   0   0   1   2   3   0   0   1  0.60 inf
  276 K    2  0  3 -1 -3  1  0 -2  1 -2 -2  1 -2  1 -3  0 -1 -3  0 -2   29   3  21   0   0   7   5   0   3   1   2  12   0   9   0   3   2   0   2   2  0.25 inf
  277 F   -3 -4 -4 -5 -3 -4 -4 -5 -3  1  4 -4  2  3 -5 -4 -3  1  4 -1    1   0   0   0   0   0   0   0   0   5  59   0   3  13   0   0   0   2  16   1  0.81 inf
  278 G   -1 -3  2 -1 -3 -2 -1  6 -1 -5 -5  0 -4 -5 -4 -2 -3 -5 -4 -5    2   1  11   3   0   1   3  72   2   0   0   5   0   0   0   1   0   0   0   0  1.17 inf
  279 F   -5 -6 -7 -7 -5 -5 -6 -6 -5 -5 -3 -6 -2  4 -7 -6 -5 12  0 -5    0   0   0   0   0   0   0   0   0   0   1   0   1  16   0   0   0  81   0   0  3.46 inf
  280 N   -1 -1  3  3 -2  0  2 -2  0 -3 -3  1 -2 -3  3  0  1 -3 -2 -2    2   1  19  16   1   2  16   1   1   1   2   8   1   1  13   5   9   0   0   1  0.36 inf
  281 P   -1 -2 -2 -2 -2 -1  0 -2  1 -2 -1 -2 -2  0  5 -1 -1  0  5 -2    6   1   1   2   1   2   5   2   4   1   5   1   0   3  30   5   2   1  26   2  0.60 inf
  282 D   -1 -1  0  2 -3  0  4 -1  5 -3 -3  0 -2 -2 -2 -1 -1 -2  2 -3    2   1   2  12   0   2  31   4  22   1   2   3   1   1   1   3   2   0   7   1  0.49 inf
  283 K    1 -1 -2 -1 -3  1  3  1 -2 -3 -3  0 -3 -4  4 -1 -1 -4 -3 -2   16   1   1   1   0   8  26  11   0   0   2   6   0   0  22   2   2   0   0   1  0.47 inf
  284 S    1 -2 -1  1 -2 -1  0 -3 -1 -4 -4 -1 -3 -3  6  1  0 -5 -4 -3   10   1   1   8   0   1   6   0   1   0   0   2   0   1  48  13   6   0   0   1  0.97 inf
  285 F   -5 -6 -6 -6 -3 -6 -6 -6 -4 -3 -2 -6 -3  9 -6 -5 -5 -2  1 -3    0   0   0   0   0   0   0   0   0   0   0   0   0  99   0   0   0   0   0   0  2.45 inf
  286 V   -1 -2 -2  0 -3  0  4 -3  3 -1 -2 -2 -2  1 -3 -2  0 -1  3  2    3   0   1   3   0   1  36   0   9   1   1   0   0   5   0   0   6   1  14  18  0.39 inf
  287 V   -3 -5 -5 -5 -3 -4 -5 -5 -5  5  0 -4  0 -2 -5 -4 -2 -5 -3  5    0   0   0   0   0   0   0   0   0  44   1   0   0   0   0   0   0   0   0  54  1.17 inf
  288 P   -3 -5 -4 -4 -5 -4 -4 -5 -5 -5 -6 -4 -5 -6  9 -3 -3 -6 -6 -5    1   0   0   0   0   0   0   0   0   0   0   0   0   0  96   1   1   0   0   0  2.80 inf
  289 Q    1 -1 -1  3 -4  4  3 -2 -2 -4 -4  0 -3 -4  0  0 -1 -4 -3 -3   15   1   1  20   0  22  27   1   0   0   0   4   0   0   4   4   1   0   0   0  0.56 inf
  290 E   -1 -2 -1  4 -5  1  6 -3 -1 -5 -5 -1 -3 -5 -3 -1 -3 -5 -3 -4    5   0   1  27   0   3  58   0   1   0   0   1   0   0   0   2   0   0   0   0  1.07 inf
  291 V    0 -4 -5 -5 -3 -4 -4 -5 -3  4 -1 -4 -1 -3 -4 -3 -1 -5 -3  6    9   0   0   0   0   0   0   0   1  23   0   0   0   0   0   0   2   0   0  65  0.94 inf
  292 Y   -1  1 -3 -4 -3 -2 -3 -4 -1 -3  0  1 -2  0 -4 -2 -1 -1  8 -3    6   7   0   0   0   1   0   0   0   0   9   9   0   0   0   2   3   0  60   0  1.04 inf
  293 D    3  0  0  3 -3  1  2 -1 -1 -3 -3  0 -3 -4 -2  1 -1 -4 -3 -3   33   4   3  23   0   6  11   1   1   0   0   6   0   0   0   7   2   0   0   0  0.40 inf
  294 H    1  1  0  0 -3  1  0  1  5 -2  0 -1 -1  0 -3 -1 -1 -3  1 -2   17   8   3   4   0   6   5   9  23   1   9   1   1   4   0   2   1   0   5   1  0.23 inf
  295 Y   -4 -5 -5 -6 -1 -4 -5 -5 -3 -3 -2 -5  2  5 -6 -4 -3 10  5 -4    0   0   0   0   1   0   0   0   0   0   1   0   7  24   0   0   1  42  24   0  1.95 inf
  296 Q   -1  2  2  4 -4  1  0 -2  1 -4 -3  1 -2 -4 -2  0 -1 -4 -3 -3    5  16  12  33   0   4   3   1   4   0   2   8   1   0   0   7   1   0   0   0  0.47 inf
  297 K    4  0 -1 -1  0  2  2 -1 -1 -3 -3  2 -2 -4 -2  0 -1 -4 -3 -2   42   4   2   2   2   9  13   3   1   0   1  17   0   0   0   2   0   0   0   1  0.38 inf
  298 T    1  2 -1 -2 -1  0  0 -1  3 -2 -2  3 -2 -3 -2  0  1 -3 -1 -2   16  14   1   1   2   1   3   4  11   1   3  26   1   0   0   3  12   0   1   2  0.28 inf
  299 I    0 -1 -1 -2 -1 -1 -1 -1 -2  2  1 -1  1  0 -1 -1  0 -1 -1  2   10   2   2   2   1   2   3   3   1  19  13   2   4   3   3   4   5   0   2  19  0.08 inf
  300 L    2  0 -1 -1 -1  0  0  0 -1  0 -1  1 -1 -1  1  0  0 -1 -1  0   24   5   2   3   1   6   4   6   1   6   6   9   1   2   5   5   5   1   1   6  0.07 inf
  301 K    0 -1 -1  3 -3  1  4  0 -2 -3 -3  1 -3 -3 -2 -1 -1 -3 -3 -3   10   0   1  14   0   6  43   7   0   0   1   9   0   1   1   2   2   0   0   1  0.52 inf
  302 P    1  4  0 -1 -2  1  0 -2  0 -2 -2  3 -2 -3  0  0  0 -3 -2 -2   12  28   5   2   1   6   3   2   1   2   3  21   0   0   4   4   4   0   0   2  0.30 inf
  303 G   -1 -4 -1 -3 -4 -3 -4  7 -4 -5 -4 -3 -3 -4 -4 -2 -3 -4 -4 -4    2   0   2   0   0   0   0  89   0   0   1   1   1   1   0   1   0   0   0   0  1.64 inf
  304 V    4  0 -2 -1 -2  3  2 -2 -2 -1 -2  1 -1 -3 -2  0 -1 -4 -3 -1   46   3   1   2   0  15  13   1   0   3   1   7   1   1   0   2   2   0   0   3  0.40 inf
  305 E    2  0 -1 -1 -3  1  2 -2 -1 -3 -2  3 -2 -4 -2  0  0 -4 -3 -1   28   4   2   2   0   7  18   1   0   0   2  22   0   0   0   6   3   0   0   3  0.33 inf
  306 A    3  1 -1 -1 -2  0 -1 -2 -1 -1  1  2 -1 -2 -2  0 -1  2  0 -1   34   6   3   2   0   3   2   0   1   2  14  17   0   1   1   3   1   3   3   3  0.17 inf
  307 N   -3 -1  1 -1 -4  3  7 -4 -2 -5 -5 -1 -4 -5 -3 -2 -3 -5 -2 -5    0   1   5   0   0  13  77   0   0   0   0   0   0   0   0   1   0   0   1   0  1.36 inf
  308 N    3  0  1  0 -3  2  2 -1 -1 -3 -3  1 -2 -4 -2  1  0 -4 -3 -2   33   4   6   3   0  14  12   1   0   0   0  10   0   0   0   9   4   0   0   1  0.33 inf
  309 K    3 -1  0  1 -3  1  4 -2 -2 -3 -3  0 -2 -4 -2  0 -1 -4 -3 -2   33   1   3   8   0   4  36   1   0   0   1   5   1   0   0   4   1   0   0   2  0.50 inf
  310 W   -6 -6 -7 -8 -6 -5 -6 -6 -6 -6 -5 -6 -5 -1 -7 -6 -6 13 -1 -6    0   0   0   0   0   0   0   0   0   0   0   0   0   1   0   0   0  99   0   0  4.43 inf
  311 N   -3 -1  7  2 -5  1  1 -2 -1 -5 -4  0 -4 -5 -4 -1 -1 -5 -3 -4    1   3  59  12   0   7   8   1   1   0   1   4   0   0   0   1   2   0   1   0  0.98 inf
  312 K    2  0  0  1 -2  2  3 -2 -1 -3 -3  2 -2 -4 -2  0  0 -4 -3 -2   21   3   3   8   0  11  28   0   0   0   1  15   0   0   0   5   4   0   0   1  0.40 inf
  313 L   -1  2 -2 -3 -3  0 -2 -4 -2  0  3  3  3 -2 -3 -2  0 -3 -3 -1    6  12   1   0   0   2   0   0   0   1  39  22   8   0   0   1   5   0   0   2  0.33 inf
  314 F   -4 -3 -5 -6 -3 -4 -5 -5 -4 -2  1 -5  1  8 -6 -4 -4  2  1 -1    0   1   0   0   0   0   0   0   0   0  14   0   3  74   0   0   0   2   1   4  1.51 inf
  315 S    4 -1  0  1 -3  0  2 -1 -1 -3 -3  0 -3 -4 -2  0 -1 -4 -3 -2   48   2   4   8   0   3  19   2   1   0   0   5   0   0   0   3   3   0   0   2  0.45 inf
  316 E    3  1 -1  0 -3  1  3 -1 -2 -3 -3  2 -3 -4 -2  0  0 -4 -3 -2   39   6   2   3   0   6  20   4   0   0   0  13   0   0   0   4   3   0   0   0  0.41 inf
  317 Y   -5 -5 -5 -6 -5 -4 -5 -6 -1 -4 -4 -5 -4  1 -6 -5 -4  0 10 -4    0   0   0   0   0   0   0   0   0   0   0   0   0   2   0   0   0   0  98   0  2.71 inf
  318 Q    2  2 -1 -1  1  2  2 -1 -2 -4 -3  3 -2 -4 -2  1 -1 -4 -3 -3   22  14   0   1   4   9  13   4   0   0   0  23   0   0   0   7   2   0   0   0  0.37 inf
  319 K    2  0 -1 -1 -3  2  2 -2 -1 -3 -3  3 -2 -4 -2  0  0 -4 -3 -2   27   4   2   2   0   8  16   1   0   0   0  28   0   0   0   6   5   0   0   1  0.40 inf
  320 K    4  0 -2 -2 -3  2  2 -2 -1 -4 -3  4 -3 -4 -3  0 -1 -4 -3 -2   40   1   0   1   0   7  18   0   1   0   1  28   0   0   0   2   1   0   0   1  0.57 inf
  321 F   -4 -4 -4 -5 -5 -3 -3 -5  5 -4 -3 -4 -3  4 -5 -4 -4  1  8 -4    0   0   0   0   0   0   1   0  14   0   0   0   0  18   0   0   0   1  65   0  1.81 inf
  322 P   -2 -4 -5 -4 -5 -4 -4 -5 -4 -5 -6 -1 -5 -6  9 -2 -4 -6 -6 -5    2   0   0   0   0   0   0   0   0   0   0   3   0   0  94   2   0   0   0   0  2.70 inf
  323 E    1 -1 -1  2 -5  1  6 -2 -1 -4 -4  1 -3 -5 -3 -1 -1 -5 -3 -3   11   1   2   9   0   5  59   1   1   0   0   5   0   0   0   2   4   0   0   0  0.81 inf
  324 L   -2 -3 -3 -1 -4  0  4 -5 -3 -1  4 -1  1 -2 -4 -3 -3 -4 -3 -2    1   0   0   2   0   4  30   0   0   0  57   2   3   0   0   0   0   0   0   0  0.68 inf
  325 G    6 -3 -3 -4 -3 -3 -3  1  2 -4 -4 -2 -3 -3 -3 -1 -2 -3 -1 -2   78   0   0   0   0   0   0   9   7   0   0   2   0   0   0   1   0   0   2   0  1.00 inf
  326 A    5 -1 -1  0 -3  0  1 -1 -2 -3 -3  1 -3 -3 -3  0 -1 -4 -3 -2   63   3   1   4   0   4   7   1   0   1   1   8   0   1   0   4   2   0   0   0  0.59 inf
  327 E   -2 -2 -2  2 -5  3  6 -4 -2 -5 -4 -1 -4 -5 -3 -2 -2 -5 -4 -4    2   1   1   8   0  12  73   0   0   0   1   1   0   0   0   1   2   0   0   0  1.28 inf
  328 L   -4 -4 -5 -6 -4 -4 -5 -5 -3  0  4 -5  0  7 -5 -4 -3 -2  2 -2    0   0   0   0   0   0   0   0   0   1  41   0   1  51   0   0   0   0   6   0  1.16 inf
  329 A    2 -2 -1 -2 -2 -2 -2 -2 -3 -2 -3 -2 -2 -3 -2  2  5 -4 -3 -1   21   0   0   0   0   0   0   0   0   0   0   0   0   0   0  14  64   0   0   0  0.72 inf

                      K         Lambda
Standard Ungapped    0.1332     0.3152
Standard Gapped      0.0615     0.2670
PSI Ungapped         0.2006     0.3149
PSI Gapped           0.0615     0.2670
