
Last position-specific scoring matrix computed, weighted observed percentages rounded down, information per position, and relative weight of gapless real matches to pseudocounts
           A  R  N  D  C  Q  E  G  H  I  L  K  M  F  P  S  T  W  Y  V   A   R   N   D   C   Q   E   G   H   I   L   K   M   F   P   S   T   W   Y   V
    1 G    1 -3 -2 -3 -4 -3 -3  7 -3 -5 -5 -3 -4 -4 -3 -1 -3 -4 -4 -4    8   0   0   0   0   0   0  92   0   0   0   0   0   0   0   0   0   0   0   0  1.42 inf
    2 G   -1 -2  1  1 -2  1  3  2 -2 -3 -3 -1 -2 -4  2  1  1 -4 -3 -2    2   0   7   7   1   5  31  15   0   0   2   0   0   0   9   9  10   0   0   2  0.35 inf
    3 G    2 -3 -2  0 -3 -1 -2  5 -3 -4 -3 -2 -3 -4 -3  1  1 -4 -4 -3   15   0   0   5   0   2   2  55   0   0   2   0   0   0   0   9  10   0   0   0  0.77 inf
    4 I   -1  1 -1  1 -3  0  1 -2 -2  3  0  0  1 -1 -3 -1 -1 -3 -2  1    3   9   1  12   0   4  11   3   0  26   5   5   5   3   0   5   1   0   0   8  0.12 inf
    5 L    0  0 -2 -1 -1  0 -1 -3 -2  1  1  0  1  2 -1 -1 -1  0  2  1    7   3   1   3   1   6   3   0   0  13  16   9   3   9   2   1   3   1  11   8  0.08 inf
    6 D   -1 -2  0  5 -1  0  4  0 -2 -4 -4  1 -4 -5 -2  1 -2 -5 -4 -3    3   0   4  33   1   2  27   6   0   0   0  10   0   0   1  11   0   0   0   2  0.65 inf
    7 S    0  0  1 -1 -3  0  3  0 -1 -3 -2  2 -3 -4 -1  2  1 -4 -3 -2    7   2   5   1   0   2  26   8   1   1   4  15   0   0   2  14   9   0   0   2  0.29 inf
    8 M    0 -1  0  0 -3  1  2  0 -2 -2 -1  0 -1 -1  2  2  1 -3 -1 -2    9   1   3   5   0   5  16   6   0   1   6   6   1   2  10  18   8   0   2   1  0.19 inf
    9 V    0 -1  1 -1  0  1 -1 -1 -2  1  0 -1  0 -1  1  1  1 -3 -2  2    8   1   7   2   2   7   2   4   0   8   6   3   2   2   8   9  11   0   0  19  0.09 inf
   10 E   -1 -2 -1  2 -5  3  5 -3 -1 -4 -5  1 -4 -5 -2  1 -2 -5 -3 -3    3   0   1  11   0  12  44   1   1   1   0   8   0   0   2  13   1   0   1   2  0.79 inf
   11 K   -1  2  0 -1 -4  1  1 -3  2 -2 -3  3 -2 -3 -1  0  0 -4  0  1    3  11   5   2   0   5  11   0   4   1   1  23   0   1   2   5   7   0   4  16  0.27 inf
   12 L   -3  4 -4 -5  4 -1 -3 -5 -2  0  4  0  1 -2 -5 -2 -2  1 -3 -1    1  27   0   0   9   2   0   0   1   4  38   4   4   1   0   2   2   2   0   2  0.65 inf
   13 G   -4 -7 -5 -5 -7 -6 -6  8 -6 -8 -8 -6 -7 -7 -6 -4 -6 -7 -7 -7    0   0   0   0   0   0   0 100   0   0   0   0   0   0   0   0   0   0   0   0  2.71 inf
   14 K   -2  5  0  1 -2  2  2 -4 -1 -4 -4  2  0 -5 -4  0  0 -5 -4 -4    1  33   3   7   1   8  15   0   1   1   0  14   2   0   0   5   7   0   0   0  0.67 inf
   15 L   -4 -6 -6 -7 -4 -5 -6 -7 -6  6  4 -6  1 -2 -6 -5 -4 -5 -4  2    0   0   0   0   0   0   0   0   0  44  42   0   2   1   0   0   0   0   0  10  1.30 inf
   16 Q   -3 -2  1 -3  2  4  1 -4  5 -3  0 -1  0 -1 -4 -2 -2  5  0 -2    1   1   7   0   6  25  10   0  14   1  12   3   2   2   0   2   2   8   3   2  0.55 inf
   17 Y   -5 -6 -6 -6 -5 -6 -6 -6 -4  0  3 -6 -1  8 -6 -5 -3 -3  3  0    0   0   0   0   0   0   0   0   0   5  23   0   1  56   0   0   1   0   7   5  1.53 inf
   18 S    1 -1  0 -3 -2 -1 -3 -1 -2 -2 -5  1 -3 -5 -4  5  1 -6 -5 -3   10   3   3   1   1   3   1   3   1   2   0   8   0   0   0  57   7   0   0   1  0.84 inf
   19 L   -4 -5 -6 -6 -4 -5 -6 -7 -6  3  5 -5  1 -1 -6 -5 -1 -5 -4  2    1   0   0   0   0   0   0   0   0  19  62   0   3   2   0   0   3   0   0  12  1.18 inf
   20 D   -2  3  0  2  3  2  3 -2  0 -3 -3  2  0 -3 -3  0 -1 -5 -3 -2    1  15   5  12   6   8  19   2   2   1   2  12   3   1   0   8   2   0   0   2  0.36 inf
   21 Y   -4 -6 -6 -7 -6 -5 -6 -7  1 -4 -5 -6 -5  1 -7 -6 -6 -2 10 -4    1   0   0   0   0   0   0   0   3   1   0   0   0   3   0   0   0   0  90   1  3.04 inf
   22 D   -3 -2  3  5 -3  1  1 -4 -1 -2 -2 -2 -4 -5 -4  1 -2 -5 -3  0    1   1  17  38   1   5   9   0   1   2   4   1   0   0   0  11   1   0   1   7  0.70 inf
   23 F   -1 -2 -2 -2 -1  1 -1 -2  0 -1 -1 -1 -2  4  3  0  0 -2  2 -1    5   1   1   2   1   9   2   3   2   3   3   4   0  23  14   9   6   0   7   3  0.30 inf
   24 Q   -1  0  0  1 -4  3  2 -1  1 -2 -2  1 -2 -4 -1  0  2 -4 -2 -1    5   4   4   9   0  15  16   4   3   2   3   8   1   0   2   6  13   0   1   4  0.23 inf
   25 N    1  2  1 -1  0  1  0 -1  1 -2  0  1  0 -3 -2  1  2 -4 -3 -2   12  12   8   2   2   5   4   4   3   0   9   8   2   1   1  13  14   0   0   2  0.15 inf
   26 N   -2  0  3 -1 -5  2  3  3 -1 -5 -4  0 -2 -4 -4  1 -2 -5 -4 -5    2   3  18   3   0  11  18  23   1   0   1   6   1   0   0  11   2   0   0   0  0.54 inf
   27 Q    1  1  0  0 -1  2  2 -1  0 -1 -1  1  0 -3 -3  0  1 -4 -2 -1   12   9   4   3   1   9  14   4   2   3   5  10   2   0   0   5  11   0   1   5  0.15 inf
   28 L   -5 -5 -6 -7 -4 -5 -6 -7 -6  0  6 -6  0  2 -6 -6 -4 -5 -4 -1    0   0   0   0   0   0   0   0   0   3  85   0   1   8   0   0   0   0   0   2  1.58 inf
   29 L   -1  1  1 -3 -2 -1 -1 -3  2  2  1 -1  1 -1 -3 -1  2 -4 -1  1    3   7   6   0   0   2   4   0   5  14  14   2   4   1   0   2  20   0   2  12  0.20 inf
   30 V   -2 -6 -6 -6  0 -5 -6 -6 -6  3 -1 -6 -2 -4 -6 -5 -3 -6 -4  7    3   0   0   0   2   0   0   0   0  14   4   0   0   0   0   0   0   0   0  76  1.61 inf
   31 G   -2  1  0 -2 -2 -1 -1  2  4 -3 -2  1  0  0 -3  0  2 -4 -2  0    0   8   5   1   1   1   2  18  11   0   2  11   3   4   0   5  17   0   0   9  0.25 inf
   32 I   -4 -5 -6 -6 -4 -5 -6 -6 -6  5  3 -5 -1 -3 -5 -5 -3 -5 -4  5    0   0   0   0   0   0   0   0   0  35  22   0   1   0   0   0   0   0   0  42  1.24 inf
   33 I   -2  0 -2 -3 -2 -1 -2 -4  2  4  2  1  1 -1 -4 -3 -2 -4 -2  2    2   7   1   1   1   3   1   1   5  30  20  11   4   1   0   1   1   0   0  11  0.37 inf
   34 Q   -3  3 -1 -2 -3  5  4 -3  0 -6 -5  4 -4 -6 -4 -2 -3 -5 -4 -5    1  13   2   1   1  28  25   1   2   0   0  24   0   0   0   2   0   0   0   0  0.98 inf
   35 A    6 -5 -5 -6  7 -5 -5 -1 -5 -3 -5 -5 -4 -6 -5 -2 -4 -6 -5 -1   66   0   0   0  25   0   0   4   0   1   0   0   0   0   0   1   0   0   0   4  1.61 inf
   36 A    0  5 -1 -2 -5  2  0 -3  1 -2 -3  3 -3 -3 -4 -2 -1 -5 -3 -1    9  33   3   1   0   9   5   1   4   2   1  21   0   1   0   1   3   0   0   5  0.58 inf
   37 E   -3 -1  5  4 -3  0  1  1  3 -6 -6 -1 -5 -6 -4 -2 -3 -6 -4 -5    2   3  32  27   1   4   9  11   7   0   0   2   0   0   0   1   0   0   0   0  0.89 inf
   38 L   -5 -6 -7 -7 -5 -6 -6 -7 -6  0  7 -6 -1 -2 -6 -6 -5 -5 -4 -2    0   0   0   0   0   0   0   0   0   2  96   0   0   1   0   0   0   0   0   1  1.92 inf
   39 P    3  0 -4 -4 -4  1 -3 -4 -3  0 -3  1 -2 -5  5 -1 -1 -5 -4 -1   25   5   0   0   0   7   0   0   1   6   1  11   1   0  34   4   3   0   0   3  0.77 inf
   40 A    4 -3 -4 -4 -2 -3 -3  0 -4 -1 -2  0 -3 -3  4  0 -1 -5 -1  0   39   1   0   0   0   0   0   5   0   3   2   6   0   1  25   6   3   0   2   7  0.66 inf
   41 L    1  2 -2 -3 -4 -1 -1 -2 -2 -2  0  2  6 -2  1 -1 -1 -2 -3 -1   11  12   1   1   0   2   4   2   0   1   7  12  28   1   6   4   2   1   0   3  0.40 inf
   42 D   -2 -2  0  7 -5 -1  0 -2 -1 -5 -5 -3 -2 -5 -2 -1 -2 -6 -5 -5    2   2   2  69   0   3   5   3   1   0   1   0   2   0   2   5   2   0   0   0  1.40 inf
   43 M   -1  0  1  0 -1  1  0 -2 -2  0  0  0  1  2  2  0 -1 -1 -1  1    5   4   7   4   1   6   6   1   0   8   7   5   5  10  13   6   0   1   1  10  0.10 inf
   44 G   -1  0  4 -1  0 -1 -2  3 -2 -4 -4  1 -2 -5 -3  3  1 -5 -4 -4    2   4  22   3   2   1   1  21   1   0   1   8   1   0   0  25   8   0   0   0  0.54 inf
   45 G   -1 -2  1 -3 -2  0 -1  6 -1 -5 -4  1 -1 -5 -2 -2 -2 -5 -5 -3    4   1   6   0   1   4   4  61   1   0   1   8   2   0   1   2   2   0   0   1  0.98 inf
   46 T   -1  2 -2 -3 -3 -2 -2 -3  1 -2  0 -1 -1  1 -1  1  4 -3  2 -2    5  11   0   0   0   0   1   1   4   1  11   3   1   7   3  11  34   0   7   1  0.35 inf
   47 S    1 -3 -1 -4  4 -3 -4 -3 -4 -3 -5 -4 -2 -5 -1  6  0 -4 -5 -3    9   1   2   0   9   0   0   1   0   2   0   0   1   0   3  68   3   0   0   1  1.22 inf
   48 D   -5 -4  2  8 -6 -4 -2 -5 -4 -6 -7 -4 -6 -7 -5 -1 -3 -7 -4 -6    0   1  10  82   0   0   0   0   0   0   0   0   0   0   0   4   1   0   1   0  2.11 inf
   49 P   -3 -6 -6 -5 -7 -5 -5 -6 -6 -7 -7 -5 -6 -7  9 -3  0 -7 -7 -6    2   0   0   0   0   0   0   0   0   0   0   0   0   0  91   2   5   0   0   0  2.90 inf
   50 Y   -6 -6 -6 -7 -6 -6 -6 -7 -3 -5 -1 -6 -5  4 -7 -6 -6 -2  9 -5    0   0   0   0   0   0   0   0   0   0   5   0   0  15   0   0   0   0  80   0  2.70 inf
   51 V    0 -6 -6 -7  1 -6 -6 -6 -7  1 -3 -6 -3 -2 -6 -5 -3 -6 -5  7    6   0   0   0   3   0   0   0   0   6   0   0   0   1   0   0   0   0   0  83  1.73 inf
   52 K   -4  2 -4 -4 -7 -2 -2 -5 -4 -2 -6  8 -5 -7 -5 -3 -2 -1 -5 -4    0   9   0   0   0   1   1   0   0   2   0  83   0   0   0   1   2   1   0   1  1.89 inf
   53 V   -2 -5 -5 -5  1 -4 -5 -5 -5  4  3 -4  3 -3 -5 -2  1 -5 -4  4    2   0   0   0   3   0   0   0   0  20  23   0   7   0   0   3   8   0   0  34  0.73 inf
   54 F   -2 -2 -1 -4  2  0 -2 -5  3 -3 -3  0  0  2 -5  0 -1  1  7 -3    3   2   2   1   5   4   2   0   6   1   1   6   2   7   0   7   5   2  44   1  0.90 inf
   55 L   -5 -6 -7 -7 -4 -5 -6 -7 -6  1  6 -6  0 -3 -6 -6 -4 -5 -4  1    0   0   0   0   0   0   0   0   0   5  87   0   1   0   0   0   0   0   0   7  1.65 inf
   56 L   -3 -1 -4 -4 -3 -2 -3 -6 -1  1  5 -2  1 -1 -5 -1 -2 -4 -1 -1    1   3   0   1   0   1   1   0   2   7  66   3   3   1   0   5   2   0   2   2  0.82 inf
   57 P   -5 -6 -4 -5 -2 -1 -5 -4  0 -7 -5 -5 -6 -7  8 -3 -2 -7 -4 -6    0   0   1   0   1   3   0   1   2   0   1   0   0   0  87   1   3   0   1   0  2.64 inf
   58 D   -2 -4  1  7 -3 -1  2 -1 -2 -6 -7 -2 -6 -7 -5 -2 -4 -7 -4 -6    3   1   5  71   1   3   9   5   1   0   0   1   0   0   0   2   0   0   0   0  1.60 inf
   59 K   -1  3  0  0 -2  1  2 -1 -3 -4 -5  5 -3 -4 -2 -2 -2 -5 -3 -4    4  15   3   5   1   4  11   4   0   0   0  46   0   1   2   1   1   0   1   1  0.75 inf
   60 K   -1  3  0 -1 -5  1  0  0  0 -3 -4  5 -3 -5 -3  1  0 -5 -2 -4    4  17   3   3   0   5   5   6   2   1   1  38   0   0   1  11   4   0   1   0  0.57 inf
   61 K   -1  4  2 -3 -2  0 -1 -2  4 -4 -4  4 -3 -5 -2  0  0 -5 -3 -3    3  27   8   0   1   2   2   3  12   1   0  25   0   0   2   8   5   0   0   1  0.63 inf
   62 K   -2  3 -3 -4 -6 -1 -1 -5 -1 -4 -4  6 -2  0 -4 -1 -1 -1 -1 -3    2  13   0   0   0   1   2   0   1   1   1  61   1   5   0   5   3   1   3   2  1.07 inf
   63 F   -2  4 -3 -4 -2  1 -2 -3  3 -2  1  2 -1  2 -4 -2 -2  0  2  0    2  25   0   0   1   6   0   2   8   0  15  13   1   9   0   1   1   1   7   6  0.37 inf
   64 E   -4  1 -3 -2 -6  5  3 -5 -3 -6 -5  6 -4 -5 -4 -3 -3 -6 -5 -4    0   6   0   1   0  30  16   0   0   0   0  46   0   0   0   1   0   0   0   1  1.29 inf
   65 T   -3 -5 -3 -5 -5 -4 -4 -5 -5 -5 -5 -1 -4 -6 -5  3  7 -6 -5 -4    0   0   0   0   0   0   0   0   0   0   0   3   0   0   0  19  78   0   0   0  1.86 inf
   66 K   -1  3 -1 -3 -3  0 -2 -2  1 -5 -4  6 -3 -5 -2  1 -1 -5 -3 -4    5  16   2   0   0   3   0   3   4   0   1  48   0   0   1  11   4   0   1   1  0.82 inf
   67 V   -3 -3 -5 -6 -1 -4 -5 -6 -1  3 -2 -5 -1 -3 -5 -4  2 -5 -1  6    1   1   0   0   1   0   0   0   1  17   0   0   1   1   0   0  15   0   2  59  1.11 inf
   68 H   -2  1 -2 -4 -1  0 -2 -4  6 -1 -1  5 -1 -2 -4 -3 -2 -5  0 -1    1   6   1   0   2   4   0   0  21   4   8  39   1   2   0   0   2   0   3   6  0.71 inf
   69 R   -4  6 -3 -4 -1  0 -3 -5  1 -4 -4  5 -4 -5 -4 -3 -3 -1 -1 -4    0  52   0   0   1   3   0   0   3   1   1  31   0   0   0   1   1   1   2   1  1.34 inf
   70 K   -2  3  2 -1  2 -1 -2 -1 -1 -6 -5  6 -4 -6 -4 -2 -3 -6 -5 -4    3  12   9   3   4   1   0   5   1   0   0  60   0   0   0   2   1   0   0   1  1.11 inf
   71 T   -3 -3  3 -3  0 -4 -2 -5 -5 -3 -5 -1 -4 -6 -5  1  7 -6 -5 -4    0   1  11   1   2   0   2   0   0   1   0   3   0   0   0   8  72   0   0   0  1.52 inf
   72 L   -3 -1 -3 -5  3 -1 -4 -5 -4  0  5 -2 -1  0 -1 -1 -1 -4 -3  0    1   3   1   0   6   4   0   0   0   2  62   2   0   2   3   5   4   0   0   4  0.71 inf
   73 N   -5 -3  8  1  0 -3 -2 -4  1 -7 -6 -3 -6 -5 -5  0 -4 -7 -5 -6    0   1  77   8   2   0   1   0   3   0   1   1   0   0   0   7   0   0   0   0  1.95 inf
   74 P   -3 -6 -6 -6 -7 -6 -5 -6 -7 -7 -7 -5 -7 -8  9 -5 -5 -8 -7 -7    2   0   0   0   0   0   0   0   0   0   0   0   0   0  98   0   0   0   0   0  3.31 inf
   75 V   -1 -1 -2 -3 -3  1  2 -4  0  1 -1 -2  1 -1 -4 -1  1 -4  1  4    4   2   2   1   0   7  13   0   2   9   3   1   3   2   0   2   8   0   5  36  0.33 inf
   76 F   -6 -6 -6 -7 -6 -6 -6 -6 -4 -4 -3 -6 -4  8 -7 -6 -6  6  5 -5    0   0   0   0   0   0   0   0   0   0   0   0   0  71   0   0   0  12  16   0  2.42 inf
   77 N   -4 -3  7  5 -6 -2  0 -2 -1 -6 -6 -2 -2 -6 -5 -2 -3 -7 -5 -5    0   1  56  28   0   1   6   2   1   0   0   2   1   0   0   1   0   0   0   1  1.51 inf
   78 E   -4 -4 -4 -2 -7  2  8 -6 -4 -7 -6 -3 -3 -7 -5 -4 -4 -6 -6 -6    1   0   0   1   0   7  89   0   0   0   0   0   1   0   0   0   0   0   0   0  2.18 inf
   79 Q   -2  0  0  0 -2  0  0 -4  2  0 -2 -1 -1 -4 -3  2  5 -5 -3 -1    1   5   5   4   0   4   5   0   4   5   2   3   2   0   0  13  41   0   0   4  0.49 inf
   80 F   -5 -6 -6 -7  1 -6 -6 -6 -5 -1  2 -6 -1  8 -6 -5 -5 -3  0 -1    0   0   0   0   3   0   0   0   0   3  20   0   1  68   0   0   0   0   1   4  1.78 inf
   81 T   -1  1 -2 -2  2  0  0 -3 -1  1 -1  1 -1 -1 -3  0  2 -3 -1  2    3   8   1   1   4   3   7   0   1  10   2  11   0   3   0   8  16   0   2  18  0.16 inf
   82 F   -5 -6 -6 -7 -6 -6 -6 -6 -2 -2 -3 -6 -1  8 -7 -5 -5 -2  6 -4    0   0   0   0   0   0   0   0   0   2   1   0   1  67   0   0   0   0  27   1  2.22 inf
   83 K   -2  0  1  2 -4  2  2  0  1 -3 -3  3 -3 -4  1  0 -1 -4 -2 -2    1   4   5   9   0  11  16   6   3   1   2  21   0   0   8   6   3   0   1   3  0.33 inf
   84 V   -3 -5 -6 -5 -4 -5 -5 -4 -4  5  1 -5  0  0 -5 -5 -2 -5 -2  5    1   0   0   0   0   0   0   1   0  31  13   0   1   3   0   0   2   0   1  46  1.07 inf
   85 P   -1 -1 -1 -3 -5 -1  0 -4 -1 -5 -3  0 -4 -6  6  3  1 -6 -5 -4    5   3   2   1   0   2   5   0   2   0   2   6   0   0  42  22   7   0   0   0  0.98 inf
   86 Y   -1  0 -2 -2 -1  0  0 -3  3 -1  0  0  1  2  2  0 -2  1  4 -2    5   4   1   1   2   5   8   1   7   2   8   5   3  10   9   6   1   2  19   1  0.26 inf
   87 S    1 -1  1  1 -4  1  3 -1  0 -3 -3  1 -2 -4 -2  2  0 -5 -3 -2   13   2   8   8   0   5  24   3   2   1   2   8   1   0   1  17   4   0   0   2  0.33 inf
   88 E   -2 -2  1  4 -5  3  4 -3 -2 -3 -3  0 -1 -3 -4 -1 -1 -5 -3 -2    2   1   5  22   0  14  34   2   0   1   3   5   2   1   0   4   2   0   0   3  0.66 inf
   89 L   -1 -4 -5 -5 -4 -3 -5 -5 -5  3  5 -3  1 -2 -5 -4 -3 -2 -3  1    6   0   0   0   0   1   0   0   0  14  64   1   3   1   0   0   0   1   0   8  0.99 inf
   90 G    0  0  0  1 -3  4  1  0  1 -3 -2  1  0 -4  2  0  0 -4 -3 -2   10   4   3   6   0  23   7   6   4   1   4   8   3   0   9   5   6   0   0   2  0.26 inf
   91 G   -1  2  2  2 -3  2  1  0 -1 -4 -4  2 -1 -4 -3  1  1 -4 -2 -3    2  10   9  10   0  11  10   8   1   1   0  17   1   0   0   9   8   0   1   1  0.35 inf
   92 K   -2  6 -3 -4 -2  1 -2 -5 -2 -1 -1  3 -1 -5 -4 -1 -1 -5 -3 -1    3  44   0   0   1   6   1   0   1   4   6  21   2   0   0   3   4   0   1   4  0.84 inf
   93 T   -1  0 -1 -3 -4 -1 -3 -4 -2  0 -3  1  1 -4 -4  1  5 -5 -3  1    2   4   2   1   0   3   1   0   1   5   1   8   3   0   0  10  47   0   0  11  0.68 inf
   94 L   -3 -6 -7 -7 -5 -6 -6 -7 -6 -1  6 -6 -1 -1 -6 -6 -5 -5 -4  1    1   0   0   0   0   0   0   0   0   2  87   0   0   1   0   0   0   0   0   8  1.70 inf
   95 V   -2  2  1 -1  0  3  1 -4  4 -1 -1  1 -1 -3 -3 -1 -2  0 -1  1    0  10   6   3   2  13  11   0  12   3   7   7   1   0   0   5   1   2   2  13  0.25 inf
   96 M   -3 -5 -6 -6 -4 -5 -6 -6 -5  3  3 -5  3  5 -6 -4 -4 -4 -2  3    1   0   0   0   0   0   0   0   0  15  26   0   6  29   0   1   0   0   0  22  0.96 inf
   97 A    1 -2 -2 -3  0  2  0 -3 -2 -2  0 -2  0 -4 -3  4  3 -5 -3 -1    9   1   0   0   2  11   5   1   1   1   9   1   3   0   0  33  18   0   1   3  0.44 inf
   98 V   -2 -6 -6 -7 -4 -6 -6 -7 -7  3  1 -6 -2 -4 -6 -4 -3 -6 -5  7    2   0   0   0   0   0   0   0   0  12  10   0   0   0   0   0   1   0   0  75  1.59 inf
   99 Y   -5 -5 -4 -7  1 -3 -6 -6 -2 -2  1 -3  2  3 -4 -5 -5  9  6 -3    0   0   1   0   3   1   0   0   1   1  14   2   5  11   1   0   0  32  26   2  1.63 inf
  100 D   -4 -5  0  7 -7 -4 -2 -3  6 -7 -7 -4 -6 -6 -4  1 -3 -7 -5 -7    1   0   3  64   0   0   0   1  20   0   0   0   0   0   1   9   1   0   0   0  1.80 inf
  101 F   -4 -1 -1 -4 -5 -2 -3 -3  4 -2 -3 -3 -1  6 -6 -1 -4  5  5  0    1   3   3   0   0   2   1   2  10   1   0   1   1  34   0   4   0   6  22   6  1.00 inf
  102 D   -5 -5  1  8 -7 -4  0 -1 -5 -7 -6 -1 -7 -7 -5 -3 -4 -8 -3 -7    0   0   5  81   0   0   4   4   0   0   1   4   0   0   0   1   0   0   1   0  2.05 inf
  103 R   -2  6 -1 -4 -4  0 -3 -2 -2 -2 -2  3 -1 -3 -3 -1 -1 -5 -3 -3    3  53   2   0   0   3   0   4   1   3   4  15   2   1   1   4   4   0   1   1  0.93 inf
  104 F   -3 -3 -5 -6 -5  0 -5  0 -2 -1  0 -4  0  7 -6 -2 -1  0  3 -2    2   1   0   0   0   4   0   9   1   2  10   0   2  51   0   2   5   1   7   2  1.02 inf
  105 S   -1  1 -2 -4 -4 -2 -3  3 -4 -5 -3  1 -2 -5 -3  5  0 -2 -5 -5    2   6   1   0   0   1   0  23   0   0   2   9   1   0   0  49   5   1   0   0  0.84 inf
  106 K   -2  6 -3 -4 -4  0  0 -3  3 -6 -4  3 -4 -6 -3  1 -3 -6 -4 -4    2  49   0   0   0   2   5   1   7   0   1  20   0   0   1  10   0   0   0   1  1.12 inf
  107 H   -4 -2  6  3 -7  0 -3 -5  8 -7 -7 -2 -6 -6 -4 -3 -4 -7 -4 -7    1   2  42  14   0   3   0   0  35   0   0   1   0   0   0   1   0   0   0   0  1.77 inf
  108 D   -2 -2 -1  6  0  1  3 -3  0 -3 -4 -3 -3 -5 -3  0 -2 -6 -5 -1    3   2   2  49   3   5  16   1   2   1   1   0   0   0   1   5   2   0   0   4  0.90 inf
  109 I   -1 -4 -5 -5  2 -1 -3 -4 -4  1  1 -4  0  5  0 -3 -2 -3  1  2    6   0   0   0   4   3   1   0   0   7  15   0   2  32   6   1   1   0   4  17  0.55 inf
  110 I   -4 -6 -4 -6 -4 -3 -6 -7 -6  6  3 -6  4 -3 -6 -5 -3 -5 -4  0    1   0   1   0   0   1   0   0   0  55  29   0   9   0   0   0   1   0   0   3  1.35 inf
  111 G   -4 -7 -4 -4 -7 -6 -6  8 -6 -8 -8 -6 -7 -7 -6 -4 -6 -7 -7 -7    0   0   0   1   0   0   0  99   0   0   0   0   0   0   0   0   0   0   0   0  2.67 inf
  112 E   -2 -1 -3 -2 -2  3  5  1  2 -5 -4  1 -3 -5 -4 -1 -3 -5 -3 -2    3   3   0   1   1  16  47  10   5   0   1   6   1   0   0   4   0   0   0   3  0.85 inf
  113 F    0 -5 -3 -5  2 -4 -5 -4 -2  1  1 -4  1 -2 -5 -2  0 -5 -3  5    6   0   1   0   5   0   0   1   1   6  13   0   3   1   0   2   5   0   1  55  0.81 inf
  114 K   -2  1 -1 -1 -3  1  1 -3 -1  1  1  1  0  0 -3  1  0 -2 -1  0    1  10   2   2   0   7  13   0   1   8  15   8   2   5   0  11   4   0   1   8  0.12 inf
  115 V   -3 -4 -5 -5  0 -4 -5 -5 -4  3  3 -4  1  3 -5 -4 -3 -3  0  3    0   0   0   0   2   0   0   0   0  19  31   0   3  13   0   1   0   0   2  26  0.75 inf
  116 P   -1 -2  0  2 -5  0 -2  2 -1 -5 -3 -3 -4 -5  6 -1 -2 -5 -5 -2    4   2   5  11   0   4   2  19   2   0   3   0   0   0  42   3   1   0   0   2  0.95 inf
  117 M   -3 -5 -4 -6 -2 -5 -5 -5 -5  2  5 -5  3  0 -3 -4 -4 -2 -1  0    1   0   1   0   1   0   0   1   0   9  68   0   7   4   2   1   0   0   2   4  1.09 inf
  118 N    1 -1  3  1  1 -1  1  2  0 -3 -4  1 -3 -4 -3  2 -1 -5 -3 -3   11   2  15   7   3   1   8  14   3   1   0  11   0   0   0  18   2   0   1   1  0.34 inf
  119 T    0 -2  2  2  0  0  2  0  0 -3 -2  0 -2 -3 -3  2  2 -4 -3 -3    9   1   9  12   2   4  14   7   3   1   3   6   1   1   0  16  12   0   0   1  0.27 inf
  120 V   -2 -2 -1 -3 -3 -1  0 -3 -3  2  1 -1  1 -1 -4 -1  0  6  0  3    2   2   3   1   0   3   7   1   0  12  14   4   4   1   0   4   6  11   2  23  0.32 inf
  121 D    0 -2  2  6 -2 -1  1 -2 -3 -3 -4 -1 -2 -4 -2  0  0 -5 -4 -3    9   1   9  48   1   1   8   2   0   1   1   3   1   0   2   6   5   0   0   1  0.79 inf
  122 F   -2 -3 -4 -4 -1 -1 -2 -3 -2  0  4 -1  1  3 -2 -1  0  4 -1  0    2   1   0   0   1   2   2   2   1   4  42   3   3  14   2   5   5   7   1   4  0.46 inf
  123 G    1 -1  0  1 -2  0  0  3 -1 -2 -2  0 -3 -4 -2  2  1 -4 -4 -2   10   3   2   9   1   5   4  25   1   2   4   4   0   0   2  15  10   0   0   2  0.28 inf
  124 H   -1  1  2  2 -1  2  2 -1  3 -3 -4  2 -2 -4 -1  1 -1 -4 -2 -4    4   8  10  10   1  10  14   4   8   1   0  11   1   0   2   8   3   0   1   0  0.33 inf
  125 V   -1  1  0 -1 -3  0  1  2 -1 -1 -3  0 -1 -3  2  0  1 -4 -3  0    4  10   5   3   0   4  12  16   1   4   1   6   1   0  12   5   8   0   0   8  0.20 inf
  126 T   -1  0 -2 -2  0  1 -2 -1 -1  2  2 -1  0 -1 -1 -1  1  0 -2  1    4   5   1   1   2   8   2   6   1  15  22   3   1   1   3   2  12   1   0   9  0.12 inf
  127 E   -2  1  1  1 -4  1  4 -3  1 -2 -3  1 -2 -4  1  0  1 -4 -4 -1    1   8   7   8   0   4  27   1   3   2   2   8   1   0   7   6   9   0   0   5  0.34 inf
  128 E   -2 -1 -1 -1 -4  2  2 -1  6  0  0 -1  0 -1 -4 -1 -2  0 -1 -1    1   2   2   2   0  11  12   6  26   8   8   3   2   2   0   4   2   1   2   5  0.42 inf
  129 W   -8 -8 -9 -9  2 -7 -5 -8 -8 -8 -5 -6 -7 -3 -9 -4 -6 13 -2 -8    0   0   0   0   4   0   1   0   0   0   1   0   0   1   0   2   1  91   1   0  4.59 inf
  130 R   -3  4 -1 -3 -3  0 -3 -2  0 -3 -1  2  0  3 -4  0 -2 -3  4 -4    1  24   3   0   1   3   0   2   2   1   7  15   2  12   0   7   2   0  18   0  0.54 inf
  131 D   -2 -3  1  5 -6  1  3 -4 -2 -4 -5  0 -2 -6  3 -2 -2 -6 -4 -4    4   0   6  37   0   6  18   1   0   1   0   6   1   0  16   1   1   0   0   1  0.89 inf
  132 L   -4 -6 -6 -7  4 -5 -6 -7 -6  3  5 -6  5 -3 -6 -5 -4 -3 -4  0    0   0   0   0   8   0   0   0   0  14  63   0  12   0   0   0   0   0   0   4  1.33 inf
  133 Q   -3  0 -3 -2 -2  4  2 -4  2 -2  3  1  1 -4 -4 -2 -1 -5 -4 -2    1   5   0   2   1  25  12   1   4   1  30  10   4   0   0   1   3   0   0   2  0.50 inf
  134 S    2 -2  0 -2 -1 -1 -1 -2 -3 -4 -4 -2 -4 -5  5  3  2 -5 -2 -1   21   1   3   2   1   2   2   1   0   0   0   1   0   0  25  23  11   0   2   5  0.62 inf
  135 A    5 -4 -3 -4  4 -3 -3 -3 -4 -4 -4 -3 -4 -5 -3  4 -2 -5 -4 -3   50   0   0   0   9   0   0   0   0   0   0   0   0   0   0  41   0   0   0   0  1.10 inf

                      K         Lambda
Standard Ungapped    0.1396     0.3196
Standard Gapped      0.0573     0.2670
PSI Ungapped         0.1867     0.3119
PSI Gapped           0.0573     0.2670
