
Last position-specific scoring matrix computed, weighted observed percentages rounded down, information per position, and relative weight of gapless real matches to pseudocounts
           A  R  N  D  C  Q  E  G  H  I  L  K  M  F  P  S  T  W  Y  V   A   R   N   D   C   Q   E   G   H   I   L   K   M   F   P   S   T   W   Y   V
    1 S    2 -1  0 -1 -1  0 -1 -1 -1 -2 -2 -1 -1 -3 -1  4  2 -3 -2 -1   18   0   0   0   0   0   0   0   0   0   0   0   0   0   0  64  18   0   0   0  0.40 inf
    2 C    0 -2 -1 -2  7 -1 -2 -2 -2 -2 -2 -1 -2 -3  3  3  0 -3 -3 -2    0   0   0   0  36   0   0   0   0   0   0   0   0   0  18  46   0   0   0   0  0.61 inf
    3 F   -2 -3 -4 -4 -2 -3 -3 -4 -3  2  3 -3  1  4 -3 -3 -1 -1  0  2    0   0   0   0   0   0   0   0   0  12  40   0   0  26   0   0   0   0   0  22  0.37 inf
    4 A   -1 -4 -4 -5 -2 -4 -4 -5 -4  5  3 -4  1 -1 -4 -3 -2 -3 -2  3    3   0   0   0   0   0   0   0   0  43  35   0   1   0   0   0   0   0   0  18  0.69 inf
    5 L   -2 -4 -4 -5  0 -3 -4 -5  0  3  4 -4  0 -1 -4 -3 -2 -3 -2  3    0   0   0   0   2   0   0   0   3  19  49   0   0   0   0   0   0   0   0  27  0.64 inf
    6 I   -2 -4 -5 -5  0 -4 -4 -5 -4  3  4 -4  0  2 -4 -4 -2 -3 -2  2    2   0   0   0   2   0   0   0   0  19  58   0   0   9   0   0   0   0   0  10  0.72 inf
    7 S    0  4 -1 -2 -4  2  0 -3 -2 -4 -4  4 -3 -4 -3  1  1 -4 -3 -3    7  24   0   0   0   8   2   0   0   0   0  39   0   0   0  13   7   0   0   0  0.63 inf
    8 G   -2 -5 -3 -4 -5 -4 -4  7 -4 -6 -6 -4 -5 -6 -4 -3 -4 -5 -5 -6    0   0   0   0   0   0   0 100   0   0   0   0   0   0   0   0   0   0   0   0  2.10 inf
    9 T    0 -1  1  4 -4  0  1  2 -2 -4 -4 -1 -3 -4  2  0 -1 -4 -4 -4    5   3   7  33   0   4   9  19   0   0   0   0   0   0   9   8   2   0   0   0  0.51 inf
   10 A    4 -2 -2 -3  0 -1 -2  1 -1 -3 -3 -1 -3 -4  4  1  0 -4 -3 -2   46   1   1   0   2   3   0   9   1   0   0   3   0   0  19  10   4   0   0   0  0.57 inf
   11 N   -4 -3  8 -1 -5 -2 -3 -3 -2 -6 -6 -3 -5 -6 -1 -2 -2 -6 -5 -5    0   0  97   0   0   0   0   0   0   0   0   0   0   0   3   0   0   0   0   0  2.14 inf
   12 Q   -2 -2  0 -2  1  5 -1  0 -2 -2 -3  0 -2 -4 -3  1  4 -4 -3 -1    0   0   3   0   3  31   0   6   0   2   0   5   0   0   0  11  35   0   0   3  0.56 inf
   13 V   -2 -4 -5 -5  1 -4 -4 -5 -5  0  5 -4  0 -1 -4 -4 -1 -4 -3  2    3   0   0   0   3   0   0   0   0   0  76   0   0   0   0   0   3   0   0  16  0.91 inf
   14 K   -3  1 -2 -3 -6 -1 -1 -4 -3 -5 -5  7 -4 -6 -3 -3 -3 -5 -4 -5    0   2   0   0   0   0   0   0   0   0   0  98   0   0   0   0   0   0   0   0  1.82 inf
   15 C   -3 -6 -6 -6 11 -6 -7 -5 -6 -4 -4 -6 -4 -5 -6 -4 -4 -5 -5 -4    0   0   0   0 100   0   0   0   0   0   0   0   0   0   0   0   0   0   0   0  3.49 inf
   16 Y   -3 -4 -4 -5 -4 -4 -4 -5 -2  0  3 -4 -1  5 -5 -4 -2  5  6 -1    0   0   0   0   0   0   0   0   0   3  29   0   0  26   0   0   2   9  29   2  0.95 inf
   17 R   -4  8 -3 -4 -6 -1 -3 -5 -3 -6 -5  0 -4 -5 -5 -3 -4 -5 -4 -5    0 100   0   0   0   0   0   0   0   0   0   0   0   0   0   0   0   0   0   0  2.18 inf
   18 F   -4 -2  2 -4 -5 -3 -4 -5  2 -3 -3 -4 -3  4 -5 -3 -3  3  8 -3    0   2  13   0   0   0   0   0   4   0   0   0   0  18   0   0   0   4  60   0  1.45 inf
   19 R   -4  8 -3 -4 -6 -1 -3 -5 -3 -6 -5  0 -4 -5 -5 -3 -4 -5 -4 -5    0 100   0   0   0   0   0   0   0   0   0   0   0   0   0   0   0   0   0   0  2.18 inf
   20 V    2 -3 -4 -2  3 -3 -2 -3 -3  1  3 -3  1  2 -3 -2 -1 -3 -2  0   20   0   0   2   8   0   3   0   0   4  43   0   1  11   0   0   2   0   0   6  0.36 inf
   21 K   -3  4  1 -2 -5 -1 -1 -3  0 -5 -4  6 -3 -5 -3  0 -2 -5 -4 -4    0  21   6   0   0   0   0   0   3   0   0  65   0   0   0   6   0   0   0   0  1.08 inf
   22 K   -1  1 -1 -1 -4  2  0  0  0 -1 -3  4 -2 -4 -1  0  0 -4 -3 -2    4   6   1   2   0   9   3   7   2   6   1  45   0   0   2   6   4   0   0   2  0.38 inf
   23 N   -1  3  1 -2 -3  1 -1  0  1 -3 -2  4 -1 -3 -2  1  0  2 -1 -2    1  16   6   0   0   5   1   6   3   0   2  37   1   0   0  10   3   4   2   2  0.38 inf
   24 H   -4 -2 -1 -4 -5 -2 -3 -5  8 -4 -2 -1 -3  2 -5 -3 -3 -2  6 -4    0   2   1   0   0   0   0   0  52   0   3   3   0  10   0   0   1   0  28   0  1.48 inf
   25 R    1  4  0 -2  0  1 -1 -2  0 -3 -2  3 -1 -1 -1  1 -1 -1 -2 -3   12  30   2   0   2   5   0   2   2   0   2  18   1   3   2  14   3   1   0   0  0.34 inf
   26 H   -1 -2 -1  2  0 -2 -1  4  4 -4 -4  0 -3 -4 -3  1 -1  0 -3 -3    2   1   1  14   3   0   2  41  12   0   0   7   0   0   0  15   1   1   0   1  0.56 inf
   27 R   -2  0 -2 -2 -1 -1 -2 -2  1 -1  4  1  0 -1 -4 -1 -1 -3 -1 -1    0   6   2   3   1   2   0   3   5   0  59   9   0   1   0   6   3   0   1   0  0.36 inf
   28 Y   -4 -4 -5 -5 -2 -4 -5 -5 -2 -1 -2 -5 -2  7 -5 -4 -4 -1  7  0    0   0   0   0   1   0   0   0   0   3   0   0   0  47   0   0   0   0  42   8  1.50 inf
   29 E   -2  2 -1  1  4  1  2 -3 -1 -1 -1  3 -2 -3 -3  0 -1 -4 -2  0    0  10   0   9  13   6  16   0   1   2   7  22   0   0   0   5   2   0   1   6  0.27 inf
   30 N    1  0  2  0  4 -1 -1 -2  3 -3 -1  0 -1  1 -3  0 -1  2  3 -2   13   6  13   4  11   0   3   2  10   0   4   5   1   6   0   8   0   3  13   0  0.21 inf
   31 C   -1 -4 -4 -5  5 -4 -4 -4 -3  4 -1 -4  1  3 -4 -3 -2 -2  2  2    6   0   0   0  14   0   0   0   0  34   0   0   4  16   0   0   0   0   7  18  0.60 inf
   32 T   -1 -3 -2 -2 -3 -2 -2 -3 -3 -4 -4 -2 -4 -5 -3  6  3 -5 -4 -3    0   0   0   0   0   0   0   0   0   0   0   0   0   0   0  83  17   0   0   0  1.31 inf
   33 T   -2 -3 -2 -3  0 -3 -3 -3 -4 -3 -4 -3 -3 -4 -3  3  7 -5 -4 -2    0   0   0   0   2   0   0   0   0   0   0   0   0   0   0  18  80   0   0   0  1.37 inf
   34 T    0 -3 -2 -3 -3 -3 -3 -2 -4 -3 -4 -3 -3 -4 -3  1  7 -5 -4 -2    6   0   0   0   0   0   0   2   0   0   0   0   0   0   0   5  87   0   0   0  1.44 inf
   35 W   -5 -6 -6 -7 -5 -5 -6 -5 -5 -5 -4 -6 -4  3 -7 -4 -5 12  1 -5    0   0   0   0   0   0   0   0   0   0   0   0   0  12   0   1   0  84   3   0  3.57 inf
   36 F   -2 -2 -2 -3 -3  2 -2 -3  5 -4 -3 -1 -3  2 -3  4  1  5  2 -3    0   0   0   0   0   9   0   0  18   0   0   3   0   8   0  39   6  11   6   0  0.67 inf
   37 T   -2 -5 -6 -7 -5 -5 -5 -5 -5 -5 -2 -5 -4 -2 -6 -5  1 12 -1 -5    4   0   0   0   0   0   0   0   0   0   3   0   0   0   0   0   9  84   0   0  3.36 inf
   38 V    0 -4 -3 -4  0 -3 -3 -4 -4  1 -1 -3 -1 -3 -3 -1  4 -4 -3  5    5   0   0   0   2   0   0   0   0   5   3   0   0   0   0   2  31   0   0  53  0.71 inf
   39 A    2 -1  0  0  0 -2 -1  5 -1 -4 -4 -2 -3 -4 -1  1 -1 -4 -4 -3   20   3   3   5   2   0   3  49   1   0   0   0   0   0   2   8   3   0   0   1  0.63 inf
   40 D    0 -1  1  3 -1 -1  1  3  1 -3 -4 -1 -3 -4  1  1 -1 -4 -3 -2    8   1   5  21   2   0  12  22   4   0   0   0   0   0   6  16   1   0   0   2  0.35 inf
   41 N    0  1  1  3 -3  0  1  0  1 -3 -2  2 -2 -3 -2  0  0 -3 -2 -2    5   6   8  25   0   4   7   6   5   0   2  14   0   0   0   7   6   0   1   3  0.27 inf
   42 G   -1 -3  0 -2  1 -3 -3  6 -3 -4 -4 -1 -4 -4 -3  2  1 -4 -4 -4    2   0   5   1   4   0   0  63   0   0   0   2   0   0   0  15   8   0   0   0  0.94 inf
   43 A    0 -2  3 -1  1 -1 -1  0 -2 -2 -3  0 -2 -3  0  3  3 -4 -3 -1    6   0  17   0   4   0   3   5   0   0   1   5   0   0   4  25  24   0   0   4  0.35 inf
   44 E   -1 -2  0  4  1  1  4 -1  0 -3 -4  0 -3 -4 -2  0  0 -4 -3 -2    4   0   3  25   4   7  37   3   2   0   0   2   0   0   0   3   5   0   0   2  0.55 inf
   45 R   -3  7 -2 -3 -4 -1 -2 -3  0 -4 -3  2 -3 -4 -3 -2 -3 -4  0 -4    1  75   0   1   0   0   1   1   2   0   1  12   0   0   1   1   1   0   3   1  1.30 inf
   46 Q   -1  0 -2 -3 -2  2 -1 -3  2  2  1 -1  0 -2 -3 -2  0  3 -1  2    5   4   0   0   0  17   0   0   8  20  14   3   0   0   0   0   7   5   0  14  0.21 inf
   47 G   -2 -4 -2 -3 -4 -3 -3  7 -4 -5 -5 -2 -4 -4 -1 -1 -3 -4 -4 -4    1   0   0   0   0   0   1  86   0   0   1   3   0   0   2   3   0   0   0   1  1.57 inf
   48 Q   -2  5  2  1 -1  2  0 -2  1 -4 -3  1 -3 -4 -3  1 -1 -4 -3 -3    1  45  10   6   2   8   4   2   3   0   1   4   0   0   0   9   3   0   0   1  0.58 inf
   49 A    4 -3 -2 -3 -2 -2 -2  0  4 -3 -3 -2 -3 -4  0  3 -1 -4 -3 -2   48   0   0   0   0   0   0   6  12   0   1   0   0   0   5  25   0   0   0   0  0.65 inf
   50 Q   -3  7 -3 -4  0  0 -2 -4 -3  1 -2  1  1 -4 -4 -2 -1 -5 -4 -3    0  67   0   0   2   2   0   0   0  12   3   4   4   0   0   1   4   0   0   0  1.08 inf
   51 I   -3 -4 -5 -5 -3 -3 -5 -5 -4  4  2 -4  7 -2 -5 -4 -2 -4 -3  2    0   0   0   0   0   0   0   0   0  30  16   0  37   0   0   0   0   0   0  16  1.02 inf
   52 L   -3 -4 -4 -5  3 -1 -4 -5 -4  1  5 -4  1 -2 -4 -3  2 -4 -3 -1    0   0   0   0   7   3   0   0   0   7  63   0   3   0   0   0  17   0   0   0  0.76 inf
   53 I   -2 -4 -5 -5 -3 -4 -4 -5 -5  4  3 -4  1 -2 -4 -4 -2 -4 -3  5    0   0   0   0   0   0   0   0   0  26  28   0   2   0   0   0   0   0   0  44  0.86 inf
   54 T    2 -2 -2 -3 -2 -2 -2 -2 -3 -2 -1 -1  2 -3 -3  3  4 -4 -3 -1   19   1   0   0   0   0   0   1   0   0   4   3   8   0   0  24  36   0   0   3  0.51 inf
   55 F   -5 -5 -5 -6  2 -6 -6 -6 -3 -3 -2 -6 -3  8 -6 -5 -5 -1  4 -3    0   0   0   0   4   0   0   0   0   0   0   0   0  85   0   0   0   0  11   0  2.11 inf
   56 G   -1  0  1  2 -3 -1  0 -1  1 -1 -2  1 -2 -3  0  2  2 -3  1 -1    3   2   4  15   0   1   4   2   3   4   2  12   0   0   3  19  18   0   5   2  0.20 inf
   57 S   -1 -3  2  3 -3 -2 -2  0 -3 -4 -5 -2 -4 -5 -3  5  2 -5 -4 -4    0   0  12  17   0   0   0   4   0   0   0   0   0   0   0  58  10   0   0   0  0.85 inf
   58 P   -1 -1  2  1 -3 -1  3 -3  0 -2 -3  0 -2 -2  2  2  1 -3  1 -2    1   1  13   8   0   0  22   0   2   2   2   3   0   2  12  16   9   0   5   3  0.31 inf
   59 S    1 -1  0  0  1  1  2  0  0 -3 -2  0 -1 -3 -2  2  2 -4 -3 -2   17   1   3   4   3   5  17   6   3   0   4   3   1   0   0  17  15   0   0   0  0.22 inf
   60 Q   -3 -2 -3 -3  1  8  2 -4  1 -5 -5 -1 -3 -6 -4 -3 -1 -5 -4 -5    0   0   0   0   4  82   8   0   3   0   0   0   0   0   0   0   3   0   0   0  1.76 inf
   61 R   -2  8 -3 -4  0 -1 -3 -5 -3 -5 -2  1  1 -5 -4 -3 -3 -5 -4 -4    3  84   0   0   2   0   0   0   0   0   3   4   4   0   0   0   0   0   0   0  1.64 inf
   62 Q   -1  1  2  3 -4  3  3 -2 -1 -4 -3  1 -3 -4 -3  1  0 -4 -3 -3    2   6  12  15   0  15  27   1   0   0   1   6   0   0   0  10   4   0   0   0  0.49 inf
   63 D    0  1  0  2 -3  2  1 -2  0 -1  1  1  0 -2 -2  0  0 -3 -1  0    5   8   3  12   0  13   6   2   2   1  16   9   1   0   0   6   7   0   3   6  0.11 inf
   64 F   -5 -5 -6 -6  2 -6 -6 -6 -4 -3 -1 -6 -2  9 -6 -5 -5 -2  2 -3    0   0   0   0   5   0   0   0   0   0   3   0   0  89   0   0   0   0   3   0  2.14 inf
   65 L   -3 -4 -4  0 -3 -1 -1 -5 -4  2  5 -3  2 -1 -4 -3 -2  1 -3  0    0   0   0   6   0   3   4   0   0  10  64   0   5   0   0   0   1   2   0   5  0.67 inf
   66 K    0  1  2  2  1  2  2 -1  0 -4 -3  2 -2 -4 -2  0 -1 -4 -3 -3    6   8  14  10   4  10  12   4   2   0   2  19   0   0   0   6   2   0   0   0  0.31 inf
   67 H   -1  1 -1 -1 -3  1 -1 -3  1  0 -1  0 -2 -3 -3  0  5 -4 -3  0    3   9   0   3   0   8   2   0   4   5   3   6   0   0   0   5  47   0   0   5  0.40 inf
   68 V    0 -4 -5 -5 -3 -4 -4 -5 -5  1 -1 -4  5  0 -4 -3 -2 -4 -3  6    5   0   0   0   0   0   0   0   0   2   0   0  18   3   0   0   0   0   0  72  1.04 inf
   69 P   -1  3 -2 -2 -4  0 -1 -2 -2 -4 -4  5 -3 -4  4  0 -1 -5 -3 -2    2  13   0   0   0   3   0   2   0   0   0  47   0   0  20   5   4   0   0   4  0.72 inf
   70 L   -3 -4 -5 -5 -3 -4 -4 -5 -4  3  4 -4  0  1 -1 -4 -3 -3  2  0    0   0   0   0   0   0   0   0   0  23  59   0   0   4   3   0   0   0   7   3  0.73 inf
   71 P   -3 -5 -5 -4 -5 -4 -4 -5 -5 -5 -6 -4 -5 -6  9 -3 -4 -6 -6 -5    0   0   0   0   0   0   0   0   0   0   0   0   0   0 100   0   0   0   0   0  2.97 inf
   72 P   -1  2 -1 -1 -4  1 -1 -1 -2 -4 -2  4 -3 -4  4 -1 -2 -4 -1 -3    3   9   1   3   0   6   0   5   0   0   4  40   0   0  23   2   1   0   2   0  0.61 inf
   73 G   -1 -3  0 -2 -3 -2 -1  5 -1 -4 -4 -2 -3 -4 -3  2  2 -4 -4 -4    0   0   3   1   0   0   3  60   2   0   0   2   0   0   0  15  13   0   0   0  0.89 inf
   74 M   -2 -4 -4 -5 -3 -3 -4 -5 -4  2  0 -4  4 -2 -4 -3  0 -4 -3  6    0   0   0   0   0   0   0   0   0   6   4   0  13   0   0   0   6   0   0  70  0.93 inf
   75 N   -1  0  0  0 -3  3  0 -3  1 -3 -3 -1 -2 -4 -2  2  4 -4 -3 -2    0   4   4   4   0  17   6   0   4   0   0   0   0   0   0  19  40   0   0   2  0.49 inf
   76 I    2 -2 -3 -3 -2 -2 -2 -2 -3  2  0 -1  1  0 -3  0  0 -3  1  3   22   0   0   0   0   0   0   0   0  13   4   3   4   4   0   8   5   0   5  32  0.22 inf
   77 S   -1  2 -1 -1 -3  3  0 -2  4 -3 -3  0 -2 -3 -2  3  2 -4 -2 -3    0  13   0   0   0  15   5   0  13   0   0   0   0   0   0  37  17   0   0   0  0.46 inf
   78 G    0  2 -1 -2  2  1 -1  4 -2 -3 -3  0 -2 -3 -2  1  0 -3 -3 -3    4  17   0   0   7  12   0  36   0   0   0   0   0   0   0  16   8   0   0   0  0.39 inf
   79 F   -1 -3 -2 -3  3 -3 -3  1 -2  1  1 -3  0  4 -3  0 -1 -1  2  1    0   0   0   0   9   0   0  16   0   9   9   0   0  35   0   8   0   0   5  10  0.25 inf
   80 T    1 -2 -1 -2 -1 -2 -2 -2 -3  0  0 -2 -1 -2 -2  1  4 -3 -2  1    9   0   0   0   0   0   0   0   0   0  10   0   0   0   0   9  57   0   0  16  0.39 inf
   81 A    0 -2 -2 -3 -2 -2 -3  2 -3  2  1 -2  5 -1 -3 -2 -1 -3 -2  1   10   0   0   0   0   0   0  20   0  17   8   0  40   0   0   0   0   0   0   5  0.30 inf
   82 S    1 -1  0 -1 -1  1 -1 -1  1 -1 -2 -1 -1 -3 -1  4  2 -3 -2 -1   11   0   0   0   0   6   0   0   5   6   0   0   0   0   0  52  20   0   0   0  0.35 inf
   83 L    0 -2 -3 -3 -2  0 -2 -3 -3  0  3 -2  1 -1  4 -1  0 -3 -2  0    7   0   0   0   0   7   0   0   0   0  50   0   0   0  22   0   8   0   0   7  0.35 inf
   84 D   -2 -2  1  7 -4 -1  1 -2 -2 -4 -4 -1 -4 -4 -2 -1 -2 -5 -4 -4    0   0   0 100   0   0   0   0   0   0   0   0   0   0   0   0   0   0   0   0  1.19 inf
   85 F   -3 -3 -3 -4 -3 -3 -3 -4 -1 -1  0 -3  0  7 -4 -3 -2  1  4 -1    0   0   0   0   0   0   0   0   0   0   0   0   0  87   0   0   0   0  13   0  0.83 inf

                      K         Lambda
Standard Ungapped    0.1352     0.3237
Standard Gapped      0.0450     0.2670
PSI Ungapped         0.1458     0.3119
PSI Gapped           0.0450     0.2670
