
Last position-specific scoring matrix computed, weighted observed percentages rounded down, information per position, and relative weight of gapless real matches to pseudocounts
           A  R  N  D  C  Q  E  G  H  I  L  K  M  F  P  S  T  W  Y  V   A   R   N   D   C   Q   E   G   H   I   L   K   M   F   P   S   T   W   Y   V
    1 I   -3 -5 -5 -5 -3 -4 -5 -6 -5  6  0 -4  2 -2 -5 -4 -2 -5 -3  5    0   0   0   0   0   0   0   0   0  51   0   0   4   0   0   0   0   0   0  45  1.14 inf
    2 N   -2 -2  2  2 -4  4  4 -3  1 -3 -3 -1 -3 -4 -3  1  1 -4 -3 -2    1   0   9  10   0  21  35   0   3   0   1   1   0   0   0   8   8   0   0   3  0.59 inf
    3 V   -2 -4 -5 -5 -3 -4 -5 -5 -5  5  2 -4  1 -2 -4 -4 -1 -4 -3  5    0   0   0   0   0   0   0   0   0  35  16   0   3   0   0   0   2   0   0  45  0.90 inf
    4 K   -3  0 -3 -3 -6 -1 -2 -4 -3 -6 -5  8 -4 -6 -4 -3 -3 -6 -5 -5    0   1   0   0   0   0   0   0   0   0   0  99   0   0   0   0   0   0   0   0  1.97 inf
    5 E   -3 -3 -3 -1 -6  0  8 -5 -3 -6 -6 -2 -5 -6 -4 -2 -3 -6 -5 -5    1   0   0   1   0   2  95   0   0   0   0   0   0   0   0   1   1   0   0   0  1.94 inf
    6 V   -3 -5 -5 -5 -3 -1 -5 -6 -5  5  0 -4  3 -2 -5 -4 -2 -5 -3  5    0   0   0   0   0   3   0   0   0  43   3   0   7   0   0   0   0   0   0  45  1.05 inf
    7 R   -3  5 -3 -3 -6  0 -2 -4 -3 -5 -5  6 -4 -6 -4 -3 -3 -1 -4 -5    0  35   0   0   0   2   0   0   0   0   0  62   0   0   0   0   0   1   0   0  1.49 inf
    8 L   -4 -4 -5 -6 -2 -4 -5 -5 -4  0  4 -5  5  6 -5 -4 -3 -2  0  0    0   0   0   0   1   0   0   0   0   2  40   0  18  34   0   0   0   0   2   5  1.01 inf
    9 S   -3  7 -3 -4 -5 -1 -2 -2 -3 -5 -5  0 -4 -3 -4  3 -1 -5 -4 -5    0  68   0   0   0   0   0   3   0   0   0   2   0   1   0  23   2   0   0   0  1.35 inf
   10 P   -2 -5 -5 -5 -5 -4 -4 -5 -5 -4 -1 -4 -4 -5  8 -2 -3 -6  1 -2    2   0   0   0   0   0   0   0   0   1   6   0   0   0  82   2   0   0   5   2  2.21 inf
   11 T   -2  0  4 -2 -4 -1 -2  3 -2 -4 -4  4 -2 -5 -3 -1  1 -5 -4 -2    2   4  27   0   0   1   0  20   1   0   0  28   1   0   0   3  11   0   0   3  0.58 inf
   12 I   -3 -5 -4 -5 -4 -4 -5 -5 -5  7 -2 -4 -2 -3 -5 -3  5 -5 -4  0    0   0   0   0   0   0   0   0   0  63   0   0   0   0   0   0  35   0   0   1  1.33 inf
   13 E   -4 -4 -1  7 -6 -2  4 -3 -3 -6 -6 -3 -5 -6 -4 -2 -4 -7 -5 -6    0   0   0  68   0   0  29   1   0   0   0   0   0   0   0   1   0   0   0   0  1.67 inf
   14 E   -1 -2 -1  4 -4  1  4 -3 -2 -2 -4  0 -3 -5 -1 -1  2 -5 -4 -1    3   0   1  22   0   5  38   1   0   3   0   5   0   0   2   2  14   0   0   3  0.60 inf
   15 H   -3 -3  3 -3 -6 -3 -3  3  9 -6 -6 -4 -5 -5 -5 -2 -4 -6 -2 -6    2   0  16   0   0   0   0  20  61   0   0   0   0   0   0   1   0   0   0   0  1.86 inf
   16 D   -5 -5 -2  8 -7 -3 -1 -5 -4 -7 -7 -4 -6 -7 -5 -3 -4 -8 -6 -7    0   0   0 100   0   0   0   0   0   0   0   0   0   0   0   0   0   0   0   0  2.57 inf
   17 F   -4 -5 -5 -6 -5 -5 -5 -6 -2 -1  1 -5 -2  5 -6 -5 -4 -1  8 -2    0   0   0   0   0   0   0   0   0   3  14   0   0  27   0   0   0   0  55   2  1.63 inf
   18 N   -2 -2  4  3 -5  5  3 -2 -2 -5 -4  0 -2 -5 -4 -1 -2 -5 -3 -4    1   0  25  14   0  31  19   2   0   0   1   2   1   0   0   2   1   0   1   0  0.83 inf
   19 T   -3 -3 -4 -4 -3 -4 -4 -5 -5  2 -2 -4 -2  1 -4 -2  5 -4 -3  5    0   1   0   0   0   0   0   0   0   9   0   0   0   7   0   0  40   0   0  42  0.91 inf
   20 K   -4  1 -3 -4 -3 -2 -2 -5 -4 -6 -6  8 -4 -6 -4 -3 -4 -6 -5 -5    0   5   0   0   1   0   0   0   0   0   0  95   0   0   0   0   0   0   0   0  2.02 inf
   21 L    0 -2 -4 -4 -1 -2 -3 -4 -4  2  3  0  4 -1 -4 -3 -1 -4 -3  2    9   1   0   0   1   0   0   0   0   9  38   9  13   1   0   0   3   0   0  16  0.44 inf
   22 R   -3  5  3 -2 -5 -1 -2  1 -2 -5 -5  4 -4 -5 -4 -1 -2 -5 -4 -5    1  39  17   1   0   0   0  11   0   0   0  28   0   0   0   2   1   0   0   0  0.94 inf
   23 N    0  0  6 -1 -5  2 -2 -3  6 -5 -5 -1 -3 -5 -4  0 -3 -5 -3 -5   10   3  45   1   0   9   0   0  24   0   0   3   1   0   0   5   0   0   0   0  1.06 inf
   24 A    4 -4 -4 -4 -3 -3 -4 -2 -4  2  1 -3  2 -3 -4 -2 -2 -4 -3  3   42   0   0   0   0   0   0   1   0  13  16   0   6   0   0   0   1   0   0  21  0.56 inf
   25 R   -2  4 -1 -3 -4  1  0 -3  0  2  0  2  0 -2 -3 -2  0 -4 -1  1    1  31   1   0   0   4   6   0   2  15   6  14   2   1   0   1   5   0   2   9  0.33 inf
   26 K   -3  6 -2 -3 -6  0  0 -4 -2 -5 -5  5 -4 -6 -4 -2 -3 -5 -4 -5    1  52   1   1   0   1   4   0   0   0   0  37   0   0   0   2   0   0   0   0  1.33 inf
   27 F   -6 -6 -6 -7 -6 -7 -7 -7 -5 -3 -3 -7 -3  9 -7 -6 -5 -2  0 -4    0   0   0   0   0   0   0   0   0   0   0   0   0 100   0   0   0   0   0   0  2.82 inf
   28 L   -3 -5 -6 -6 -4 -5 -5 -6 -5  2  6 -5  0  1 -5 -5 -4 -4 -3 -1    1   0   0   0   0   0   0   0   0  11  83   0   0   5   0   0   0   0   0   1  1.30 inf
   29 E   -1 -1  1  1 -5  1  5 -1 -2 -4 -3  2 -3 -5 -3  0 -1 -5 -4 -3    5   1   5   5   0   3  47   5   0   0   2  15   0   0   0   8   2   0   0   1  0.63 inf
   30 K    1 -1  1  4 -3  0  4  0  0 -5 -4  2 -4 -5 -3  0 -2 -5 -4 -4   10   0   5  22   1   3  27   7   2   0   0  18   0   0   0   6   0   0   0   0  0.53 inf
   31 G   -2 -5 -2 -3 -5 -3 -4  7 -3 -7 -7 -3 -6 -6 -5 -3 -4 -5 -6 -6    1   0   1   1   0   1   1  94   0   0   0   1   0   0   0   1   0   0   0   0  2.05 inf
   32 D   -2 -4  4  7 -6 -3 -1 -4  1 -6 -6 -3 -5 -6 -4 -1 -3 -6 -2 -6    3   0  19  70   0   0   1   0   4   0   0   0   0   0   0   2   0   0   2   0  1.57 inf
   33 K   -4  2 -3 -4 -6 -1 -2 -5 -4 -6 -6  8 -4 -6 -4 -3 -4 -6 -5 -5    0   6   0   0   0   1   0   0   0   0   0  93   0   0   0   0   0   0   0   0  1.98 inf
   34 V    1 -5 -5 -6  2 -5 -5 -3 -5  1 -1 -5 -2 -3 -5 -4 -1 -5 -4  6   11   0   0   0   4   0   0   1   0   2   2   0   0   0   0   0   2   0   0  78  1.22 inf
   35 K   -4  2 -3 -4 -6 -2 -2 -5 -4 -6 -6  8 -4 -6 -4 -3 -4 -6 -5 -5    0   6   0   0   0   0   0   0   0   0   0  94   0   0   0   0   0   0   0   0  2.01 inf
   36 A    1 -5 -5 -5  1 -4 -5 -5 -5  4 -1 -4 -1 -2 -5 -4 -2 -5 -3  6   10   0   0   0   2   0   0   0   0  21   1   0   1   1   0   0   0   0   0  63  1.05 inf
   37 T   -2 -3 -1 -4 -4 -3 -3 -3 -4 -3 -4 -3 -1 -4 -4  3  7 -1 -1 -2    1   1   1   0   0   0   0   1   0   1   0   0   2   0   0  19  70   1   2   2  1.23 inf
   38 I   -3 -5 -5 -6 -3 -4 -5 -6 -5  5  4 -5  1 -2 -5 -4 -3 -4 -3  3    0   0   0   0   0   0   0   0   0  36  39   0   2   0   0   0   0   0   0  23  0.95 inf
   39 R   -4  7 -3 -4 -5  0 -3 -5 -3 -2 -2  0  5  0 -5 -3 -2  0 -4 -2    0  64   0   0   0   2   0   0   0   2   1   2  19   4   0   0   3   1   0   2  1.30 inf
   40 F   -5 -6 -6 -7 -6 -6 -7 -6 -4 -3 -2 -6 -3  9 -7 -6 -5 -2  2 -4    0   0   0   0   0   0   0   0   0   0   1   0   0  96   0   0   0   0   3   0  2.65 inf
   41 K   -4  8 -3 -5 -7 -2 -3 -5 -3 -4 -5  1 -1 -6 -5 -4 -4 -6 -5 -5    0  91   0   0   0   0   0   0   0   1   0   6   2   0   0   0   0   0   0   0  2.16 inf
   42 G   -3 -5 -3 -4 -6 -5 -5  7 -5 -7 -7 -3 -6 -6 -5 -3 -5 -6 -6 -6    0   0   0   0   0   0   0  98   0   0   0   2   0   0   0   0   0   0   0   0  2.27 inf
   43 R   -5  8 -4 -5 -7 -2 -3 -3 -3 -6 -5 -1 -5 -6 -5 -4 -4 -6 -5 -6    0  98   0   0   0   0   0   2   0   0   0   0   0   0   0   0   0   0   0   0  2.41 inf
   44 A    0 -3 -3 -1 -6  0  7 -5 -3 -6 -6 -2 -2 -6 -4 -2 -3 -6 -5 -5    8   0   0   1   0   1  86   0   0   0   0   0   1   0   0   1   1   0   0   0  1.72 inf
   45 I   -2 -3 -2 -5 -4  1 -4 -5 -3  4  1 -4  8 -3 -5 -4 -3 -4 -4  0    2   1   2   0   0   8   0   0   0  31   8   0  44   0   0   0   0   0   0   4  1.12 inf
   46 T    4 -3 -2 -2 -3  1 -2 -2 -2 -1 -2 -2 -1 -3 -3  2  3 -4 -3  0   45   0   1   2   0   6   1   1   1   2   1   1   2   1   0  12  18   0   0   7  0.47 inf
   47 H   -5  1 -2 -4 -6 -3 -3 -5 10 -6 -4 -3 -5  0 -6 -4 -5 -5  2 -6    0   8   1   0   0   0   0   0  80   0   1   0   0   4   0   0   0   0   6   0  2.49 inf
   48 K   -1 -1 -2 -3 -4  5 -1 -3 -2 -2 -3  2  1 -5  4  0  1 -5 -4 -2    4   2   0   0   0  32   0   1   0   2   1  15   5   0  21   5  10   0   0   2  0.65 inf
   49 E   -2 -2  1  3 -5  2  5 -3  2 -4 -5 -1 -4 -3 -3  0 -3 -5 -3 -4    2   0   7  18   0  11  47   1   6   1   0   2   0   1   0   4   0   0   0   0  0.84 inf
   50 I   -2 -1 -4 -4 -3  0 -3 -4 -4  4  4 -1  1  0 -4 -2 -2 -4 -3  0    2   4   0   1   0   6   0   1   0  25  47   3   2   3   0   3   1   0   0   1  0.52 inf
   51 G    0 -5 -2 -4 -5 -4 -5  7 -5 -6 -6 -4 -5 -6 -5  0 -3 -5 -6 -5    7   0   1   0   0   0   0  86   0   0   0   0   0   0   0   5   1   0   0   0  1.80 inf
   52 Q   -1  2 -2 -2 -3  2  1 -3 -1  0  0  2  4 -1 -3 -1 -1 -3  0  0    3  16   1   0   0   9  10   1   0   6   8  13  15   3   0   2   2   0   4   8  0.22 inf
   53 R   -1  3  0  2 -3  2  3 -2  1 -3 -3  3 -2 -4 -3 -1 -1 -4 -2 -2    6  17   4   9   0   9  23   2   4   1   0  17   0   0   0   1   2   0   1   3  0.40 inf
   54 V   -2 -4 -5 -5 -3 -2 -4 -5 -5  3  4 -4  3 -2 -5 -4 -3 -4 -3  3    1   0   0   0   0   2   0   0   0  18  43   0   9   0   0   0   0   0   0  26  0.79 inf
   55 L   -3 -5 -6 -6 -1 -5 -5 -6 -5  0  6 -5  3 -1 -5 -4 -4 -4 -3 -1    2   0   0   0   1   0   0   0   0   3  87   0   5   1   0   0   0   0   0   1  1.35 inf
   56 D   -2 -1  3  3 -5  3  4 -3  1 -3 -2  1 -2 -4 -3 -1 -1 -5 -3 -2    2   2  15  21   0  12  28   1   3   0   3   6   1   0   0   1   2   0   0   2  0.55 inf
   57 R   -3  7 -1  1 -6  0 -1 -5 -2 -5 -5  3 -4 -5 -4 -2 -3 -5 -4 -4    1  68   2   7   0   2   1   0   0   0   0  16   0   0   0   1   0   0   0   1  1.38 inf
   58 L   -3 -4 -5 -5 -2 -4 -5 -5 -4  3  2 -4  4  5 -5 -4 -3 -3 -1  3    1   0   0   0   1   0   0   0   0  18  17   0  12  25   0   0   0   0   0  27  0.76 inf
   59 S    4  1 -2 -3 -2  0  1 -2 -3  0 -2  2 -2 -3 -3  0 -1 -4 -2 -1   45   8   0   0   0   3   8   1   0   8   1  14   0   0   0   4   1   0   1   4  0.39 inf
   60 E    1 -1  1  2 -4  1  4 -2 -1 -4 -4  1 -2 -5 -3  0  0 -5 -4 -3   15   1   7  12   0   6  36   2   1   0   1  10   0   0   0   5   4   0   0   1  0.50 inf
   61 A    0 -1 -1  6 -5  0  3 -3 -3 -4 -3  0 -1 -3 -3 -2 -2 -5 -3 -4    9   3   1  49   0   4  20   0   0   0   2   5   2   1   0   1   1   0   0   0  0.84 inf
   62 C   -2 -4 -4 -5  2 -4 -4 -5 -5  1  4 -4  1 -1 -4 -3  2 -4 -3  3    1   0   0   0   5   0   0   0   0   5  51   0   2   1   0   0  15   0   0  20  0.68 inf
   63 A    2 -1 -1  0 -3  1  3  1  0 -3 -3  2 -2 -4 -2  1  0 -4 -3 -2   21   2   1   4   0   7  24   8   2   1   1  13   0   0   0  12   3   0   0   1  0.33 inf
   64 D   -2 -3 -1  6 -6 -2  5 -2 -2 -6 -6 -2 -5 -6 -1 -2 -2 -6 -4 -5    3   0   1  48   0   0  40   3   0   0   0   0   0   0   2   0   1   0   1   0  1.28 inf
   65 I   -2 -4 -4 -2 -2 -3 -3 -5 -1  4  2 -3  0  1 -3 -2 -1 -3  2  3    2   0   0   2   0   1   1   0   2  29  21   0   1   5   0   2   2   0   7  23  0.43 inf
   66 A    5 -4 -3 -4  2 -3 -3  3 -4 -2 -4 -3 -1 -4 -3  1 -2 -5 -4 -2   55   0   0   0   4   0   0  27   0   2   0   0   2   0   0   8   1   0   0   2  0.85 inf
   67 V   -1 -1  0 -2 -3  0  0 -3 -2  1 -1  2 -1 -1 -3  0  2 -4 -2  3    2   2   5   1   0   3   4   0   1   7   2  17   0   3   0   6  18   0   1  27  0.22 inf
   68 V   -3 -4 -6 -6 -2 -5 -5 -6 -6  4 -1 -5  0 -3 -3 -4 -3 -5 -4  6    1   0   0   0   1   0   0   0   0  21   2   0   1   0   1   0   0   0   0  73  1.32 inf
   69 E   -4 -3 -3  2 -6  1  7 -5 -3 -5 -5 -2 -5 -6 -4 -3 -3 -6 -5 -3    0   0   0   8   0   4  84   0   0   1   0   0   0   0   0   0   1   0   0   2  1.69 inf
   70 T    0  1  0 -2 -4  5 -1 -3 -1 -2 -3  3 -1 -3 -3  2 -1 -4 -2 -2    6   6   2   0   0  32   0   1   1   2   1  20   1   1   0  21   3   0   1   2  0.53 inf
   71 A    1  2 -1 -1 -3  1  0 -2  2 -2 -2  1  2  2  2 -1 -1 -2  0 -2   14  12   1   2   0   8   6   1   5   0   1  10   9  13  11   3   1   0   2   1  0.22 inf
   72 P    1 -5 -5 -5 -5 -3 -4 -5 -5 -4 -6 -4 -5 -6  8 -1 -4 -7 -6 -5   13   0   0   0   0   1   0   0   0   1   0   0   0   0  82   3   0   0   0   0  2.37 inf
   73 K   -3  3 -2 -3 -6 -1 -1 -4 -2 -5 -4  7 -2 -6 -4 -1 -2 -5 -4 -4    0  16   1   0   0   0   3   0   0   0   1  74   1   0   0   2   1   0   0   0  1.37 inf
   74 M   -2 -1 -4 -5 -3  2 -3 -5 -4  1  3 -1  7  0 -4 -3 -2 -4 -2  1    1   4   0   0   0   9   0   0   0   6  25   3  39   2   0   1   1   0   0   9  0.74 inf
   75 D   -3 -3 -3  3 -6  0  7 -5 -3 -6 -5 -2 -5 -6 -4 -3 -4 -6 -5 -5    1   0   0  14   0   1  83   0   0   0   1   0   0   0   0   0   0   0   0   0  1.73 inf
   76 G   -2 -5 -1 -4 -5 -5 -5  7 -5 -7 -7 -4 -6 -6 -5 -3 -4 -5 -6 -6    1   0   2   0   0   0   0  98   0   0   0   0   0   0   0   0   0   0   0   0  2.19 inf
   77 R   -4  8 -2 -4 -6 -2 -3 -5 -3 -6 -5  2 -4 -6 -5 -4 -4 -6 -5 -6    0  91   2   0   0   0   0   0   0   0   0   7   0   0   0   0   0   0   0   0  2.12 inf
   78 N   -2 -1  5  0 -4  6 -1 -3 -1 -5 -4 -1 -2 -3 -4  2  0 -5 -4 -4    1   1  29   3   0  38   0   0   0   0   1   1   1   1   0  20   3   0   0   0  0.90 inf
   79 M   -3 -5 -5 -6 -5 -3 -5 -6 -5  0  1 -5 10 -3 -6 -5 -4 -5 -3 -2    2   0   0   0   0   1   0   0   0   4   7   0  86   0   0   0   0   0   0   1  2.35 inf
   80 F   -2 -4 -2 -4 -3 -2 -4 -3  0  4  0 -3  2  3 -4 -1  2  1 -1  3    0   0   2   0   0   1   0   2   3  27   2   0   5  14   0   4  17   2   0  21  0.40 inf
   81 L   -3 -5 -5 -6 -5 -4 -5 -6 -5 -1  2 -5 10 -1 -6 -5 -3 -5 -4 -2    1   0   0   0   0   0   0   0   0   2  12   0  84   1   0   0   1   0   0   0  2.31 inf
   82 V   -3 -4 -5 -5 -3 -3 -4 -5 -4  4  1 -4  4  2 -4 -4 -1 -4 -1  4    0   0   0   0   0   1   0   0   0  23   7   0  14  10   0   0   3   0   1  41  0.74 inf
   83 L   -3 -4 -6 -6 -3 -4 -5 -6 -5  2  5 -5  2 -1 -5 -5 -3 -4 -3  1    0   0   0   0   0   0   0   0   0  12  76   0   4   2   0   0   0   0   0   7  1.13 inf
   84 A    5 -3 -2 -3 -3 -2 -2  1 -3 -3 -4 -2 -3 -4 -3  2  1 -5 -4 -1   61   0   1   0   0   1   1  11   0   0   0   2   0   0   0  12   8   0   0   3  0.76 inf
   85 P   -2 -5 -5 -4 -6 -3 -1 -4 -5 -6 -6 -3 -5 -7  9 -3 -4 -7 -6 -5    2   0   0   0   0   0   5   1   0   0   0   1   0   0  90   1   0   0   0   0  2.61 inf
   86 K   -3  3 -1 -3 -5 -1 -2 -4  0 -2 -3  7 -3 -5 -4 -3 -3 -5 -4 -4    1  14   2   0   0   0   0   0   2   3   2  76   0   0   0   0   0   0   0   0  1.27 inf
   87 N   -1  3  1 -2 -4  1 -1 -3  0 -4 -4  5 -3 -5 -2  0  0 -5 -3 -3    4  12   7   1   0   6   0   0   2   0   0  53   0   0   1   8   5   0   0   0  0.69 inf
   88 D   -2 -1  5  4 -4  1  4 -2 -1 -4 -4 -1 -3 -4 -2 -1 -1 -4 -3 -4    0   0  35  25   0   5  36   0   0   0   0   0   0   0   0   0   0   0   0   0  0.78 inf

                      K         Lambda
Standard Ungapped    0.1352     0.3194
Standard Gapped      0.0632     0.2670
PSI Ungapped         0.2059     0.3150
PSI Gapped           0.0632     0.2670
