
Last position-specific scoring matrix computed, weighted observed percentages rounded down, information per position, and relative weight of gapless real matches to pseudocounts
           A  R  N  D  C  Q  E  G  H  I  L  K  M  F  P  S  T  W  Y  V   A   R   N   D   C   Q   E   G   H   I   L   K   M   F   P   S   T   W   Y   V
    1 G    4 -4 -3 -4 -4 -4 -4  5 -4 -5 -5 -3 -4 -5 -4 -2 -3 -5 -5 -4   45   0   0   0   0   0   0  55   0   0   0   0   0   0   0   0   0   0   0   0  1.33 inf
    2 V   -2 -5 -5 -6 -3 -5 -4 -6 -5  6 -1 -5 -1 -1 -5 -4 -1 -5 -3  5    1   0   0   0   0   0   1   0   0  48   1   0   0   2   0   0   4   0   1  43  1.20 inf
    3 V    4 -4 -4 -3 -1 -4 -3 -2 -5 -1 -2 -4 -2 -4 -4  0  0 -5 -4  5   43   0   0   1   1   0   0   1   0   1   1   0   0   0   0   5   5   0   0  42  0.83 inf
    4 L   -2 -4 -5 -5 -3 -4 -4 -5 -5  3  2 -4  1  3  4 -4 -3 -4 -2  3    2   0   0   0   0   0   0   0   0  21  16   0   3  12  22   0   0   0   0  25  0.72 inf
    5 A    3 -4 -2 -4 -3 -3 -3  1 -4  2 -1 -3  0  0 -1 -1  1 -4 -3  3   26   0   1   0   0   0   0  11   0  13   1   0   2   4   3   2  10   0   0  24  0.34 inf
    6 V   -3 -5 -5 -4 -3 -5 -5 -6  1  1 -3 -5 -3  3 -6 -4 -3 -2  8  2    1   0   0   1   0   0   0   0   3   7   0   0   0   9   0   1   0   0  60  17  1.58 inf
    7 N   -5 -2  8 -1 -6 -2 -4 -4  2 -7 -7 -2 -6 -7 -6 -2 -4 -7 -5 -6    0   1  89   1   0   1   0   0   4   0   0   2   0   0   0   2   0   0   0   0  2.36 inf
    8 I   -2 -3 -2 -4 -2 -3 -4 -5 -4  3  4  1  0 -1 -4 -4 -3 -4 -1  2    2   1   3   0   0   0   0   0   0  18  44  10   0   1   0   0   0   0   3  17  0.59 inf
    9 P   -1 -3 -2  1 -5 -1  1 -3 -4 -5 -4  0 -4 -5  7 -1 -2 -5 -4 -4    4   1   2   6   0   2   9   1   0   0   1   6   0   0  58   5   2   0   0   0  1.37 inf
   10 G   -2 -3 -1  0 -4 -3  0  6 -4 -5 -4 -2 -4 -5 -4 -2 -3 -4 -5 -4    2   1   2   5   0   1   7  73   0   0   2   2   0   0   0   2   1   0   0   1  1.33 inf
   11 L   -2 -2 -2 -4  4 -2 -3 -3 -2  3  1 -2  0 -1 -3 -2 -1 -3 -3  4    2   2   2   1   8   2   1   1   1  19  11   2   1   2   1   2   2   0   0  40  0.51 inf
   12 K    0  0  1  2 -3  0  1  0 -1 -3 -3  2 -2 -3  1  1  0 -2 -2 -2    8   4   5  13   0   4   8   8   1   1   2  21   0   1   8   8   6   1   1   1  0.22 inf
   13 S    1 -1  2  1 -2 -1 -1  0 -1 -1 -2  0 -1 -2  2  2  1 -3 -1 -1   11   2  12   8   0   2   2   7   1   4   3   4   1   1  11  17   7   0   2   4  0.17 inf
   14 G    0  0  0  0  1 -1  0  3 -1 -1 -1  0 -1 -2 -1  0  0 -2 -1 -1    5   4   4   4   3   2   5  32   2   3   5   7   2   1   2   5   6   0   2   5  0.18 inf
   15 E   -1  0  1  2 -3  2  3 -1  1 -2 -2  1 -2 -3  0 -1  0 -3 -2 -1    3   3   6  14   0  12  20   4   4   2   2  10   0   1   3   2   7   0   1   5  0.23 inf
   16 L   -4 -5 -5 -6 -4 -4 -4 -6 -5  2  6 -4  2 -2 -5 -3 -2 -4 -3  0    0   0   0   0   0   0   1   0   0   8  79   1   3   1   0   2   1   0   0   4  1.21 inf
   17 V   -2  2  4 -2 -3  1 -1 -3  0 -1 -4  5 -2 -4 -3 -1  0 -5 -4  0    1  10  21   1   0   4   1   0   2   3   0  38   0   0   0   3   5   0   0  10  0.59 inf
   18 L   -4 -5 -6 -6 -4 -5 -5 -6 -5  1  6 -5  2  0 -5 -5 -4 -4 -3  0    0   0   0   0   0   0   0   0   0   4  83   0   4   4   0   0   0   0   0   4  1.38 inf
   19 D   -2 -2  1  4 -4 -3 -2 -3 -3 -4 -5 -2 -4 -5 -1  4  4 -5 -4 -3    1   1   5  24   0   0   1   0   0   0   0   1   0   0   3  36  27   0   0   1  0.84 inf
   20 G    1  2 -2 -3 -4  3 -1  4 -3 -4 -3 -1 -1 -5  2  0 -1 -4 -4 -3   15  16   1   0   0  14   3  31   0   0   1   1   2   0   9   4   2   0   0   0  0.52 inf
   21 K    1 -1 -1  2  1  2  3 -3 -2 -3 -3  1 -3 -4  2  0  0 -4 -3 -3   12   2   2  12   4  11  23   1   0   1   1  11   0   0  11   4   5   0   0   1  0.38 inf
   22 T    1 -3 -1 -2 -3  3 -2 -3 -3  0  0 -2 -1 -3 -3 -1  4 -4 -3  3   12   0   2   1   0  18   1   0   0   3   7   1   0   0   0   1  29   0   0  24  0.46 inf
   23 L    0 -4 -5 -5 -3 -4 -5 -5 -4  3  4 -4  0 -1 -5 -4 -2 -3  2  1   11   0   0   0   0   0   0   0   0  16  55   0   1   1   0   0   1   0   7   8  0.75 inf
   24 G    5 -2 -4 -3  4 -2 -3  1 -4 -1 -3 -2 -3 -4 -2  0 -1 -5 -4  2   55   1   0   1   8   1   1   8   0   2   0   1   0   0   1   5   1   0   0  15  0.69 inf
   25 D    0  1  1  4 -5  1  1  2 -2 -5 -3  3 -3 -5 -3 -1 -3 -5 -4 -4    6   7   4  30   0   4   6  15   1   0   2  23   1   0   0   2   0   0   0   0  0.55 inf
   26 I   -3 -6 -6 -6 -4 -6 -6 -7 -6  7 -1 -6  0 -3 -6 -5 -4 -6 -4  2    2   0   0   0   0   0   0   0   0  83   2   0   1   0   0   0   0   0   0  12  1.79 inf
   27 Y    0 -5 -5 -6 -5 -5 -5 -6 -3 -2 -1 -5  0  7 -6 -5 -4  1  6 -2    7   0   0   0   0   0   0   0   0   1   4   0   2  58   0   0   0   1  24   3  1.61 inf
   28 L   -1 -1  1  0 -3  0 -2 -3 -3 -1  3 -1  3 -2 -4  1  1 -4 -2 -2    4   2   9   6   0   4   0   0   0   2  36   4  11   0   0  12  10   0   1   0  0.30 inf
   29 G   -2 -2 -1 -3 -6 -3 -5  7 -5 -7 -7 -4 -6 -6 -5 -2 -3 -6 -6 -4    1   2   3   1   0   1   0  88   0   0   0   0   0   0   0   2   1   0   0   1  1.92 inf
   30 K   -1  1  0  0 -4  2  1 -2 -1 -3 -3  5 -1 -5 -3  0  0 -5 -4 -2    4   7   4   6   0   7   8   2   1   1   1  46   2   0   0   5   6   0   0   2  0.58 inf
   31 I   -3 -6 -6 -6 -4 -6 -6 -7 -6  8 -1 -6 -1 -3 -6 -5 -3 -6 -4  2    2   0   0   0   0   0   0   0   0  84   3   0   1   0   0   0   1   0   0  10  1.80 inf
   32 K   -2  0  0 -2 -4  0 -1 -3 -2 -3 -4  3 -3 -5 -4  0  5 -5 -3 -2    2   5   3   2   0   4   3   1   0   1   1  23   0   0   0   5  49   0   0   1  0.79 inf
   33 K   -2  1  4  1 -4  0 -1 -3  0 -4 -4  3 -2 -1 -3  0  2 -4  2 -3    1   7  24   7   0   4   1   0   1   0   0  25   1   3   0   4  13   0   8   0  0.50 inf
   34 W   -7 -7 -8 -8 -7 -6 -7 -7 -6 -7 -6 -7 -5  0 -8 -7 -7 13  2 -7    0   0   0   0   0   0   0   0   0   0   0   0   0   3   0   0   0  92   4   0  4.45 inf
   35 D   -3 -1  6  4 -2 -1 -1 -2 -1 -5 -6  2 -4 -5 -4  1 -2 -6 -5 -5    1   2  43  25   1   1   1   2   1   0   0  13   0   0   0  10   1   0   0   0  1.00 inf
   36 D   -1 -3  0  7 -5  2  2 -4  2 -5 -5 -3 -5 -5 -4 -2 -3 -6 -5 -5    4   0   3  66   0   9  10   0   5   0   0   0   0   0   0   1   0   0   0   0  1.39 inf
   37 E    0 -2 -2 -1 -3 -1  0 -2 -3 -2 -1  0 -3 -3  6 -1 -2 -4 -3  0    9   2   1   3   0   2   6   2   0   1   6   5   0   1  48   4   2   0   0   8  0.88 inf
   38 A    3  2 -1  0 -2  0  0  1 -1 -1 -1  1 -1 -3 -2 -1 -1 -3 -2 -1   31  16   1   6   0   3   6  12   1   3   5   7   1   1   1   2   2   0   1   2  0.22 inf
   39 I   -3 -4 -2 -4  2 -3 -4 -2 -4  6  1 -3  0 -2 -3 -3 -2 -3 -3  0    1   1   2   1   5   1   1   4   0  64  11   1   1   1   1   1   1   0   0   3  0.93 inf
   40 A    3  0 -2 -2 -2  1 -1 -2 -1 -1 -2  3 -2 -3 -2  0  1 -3 -2  0   33   5   1   1   0   6   2   1   1   2   3  21   0   1   1   5   7   0   0   8  0.30 inf
   41 K    3 -1  0  0 -2  0  0  0 -2 -2 -1  2 -1 -3 -1  0 -1 -3 -2 -1   39   3   3   4   0   4   6   6   0   2   5  14   1   1   2   6   2   0   1   2  0.25 inf
   42 L    0 -2 -1  1 -2  0  0 -2 -1  1  3 -1  1 -1 -2 -1 -1 -2 -1  0    6   1   2  10   0   3   6   3   1   6  40   2   2   1   1   4   3   0   2   4  0.17 inf
   43 N   -3 -2  8  0 -3 -2 -2 -1 -2 -4 -4 -2 -3 -3 -3 -2 -2 -4 -1 -4    2   1  75   3   0   1   1   4   0   1   2   1   0   1   1   1   1   0   2   1  1.52 inf
   44 P   -1 -1 -2 -1 -3 -1 -1 -1 -3 -3 -3  0 -3 -2  7  0 -2 -3 -3 -3    3   4   2   2   0   2   4   4   1   1   2   5   1   2  56   6   2   0   1   1  1.16 inf
   45 G    0 -2  1  2 -3 -1  0  4 -1 -3 -3  0 -3 -3 -2  0  0 -1 -3 -2    5   2   8  12   0   2   5  40   1   1   2   6   0   1   1   4   6   1   1   2  0.44 inf
   46 L    1 -2 -3 -3 -2 -2 -2 -3 -3  2  3 -2  1  0 -2 -2 -1 -3 -2  3   11   2   1   1   0   1   2   1   0   9  32   2   2   3   1   2   3   0   0  25  0.29 inf
   47 K    0  1  3  0 -3  0  0  1 -1 -3 -3  3 -2 -3 -1  0  1 -3 -3 -2    7   5  17   4   0   3   4  12   1   1   1  24   1   0   2   5   9   0   0   2  0.27 inf
   48 L   -3 -4 -4 -4  4 -4 -4 -3 -4  0  5 -4  0  0 -3 -3 -2 -3 -3 -1    1   1   0   1  11   0   1   2   0   3  68   1   1   4   1   1   2   0   0   2  0.89 inf
   49 P   -3 -3  0 -2 -5 -2 -2 -3 -4 -4 -5 -1 -3 -5  8 -2 -3 -5 -5 -4    1   1   4   2   0   2   2   2   0   1   1   3   0   0  76   2   1   0   0   1  1.96 inf
   50 S    1 -2  3  5 -1 -2  0 -2  3 -4 -4 -1 -4 -4  0  1 -1 -5 -3 -3   13   1  15  38   1   0   2   2   8   0   1   3   0   0   4   9   2   0   0   1  0.62 inf
   51 Q    0  0 -1  1 -3  2  1  0  0 -1  0  1  0 -2 -2 -1  2  2 -2 -1    7   3   0   8   0  12  11   6   2   3  13  11   1   0   0   2  15   3   1   3  0.13 inf
   52 N    1 -1  0  2 -3 -1  1 -2 -2 -3 -3  2 -3 -4  5  1  1 -4 -3 -2   12   2   3  11   0   1   7   1   0   1   2  13   0   0  29   8   8   0   0   1  0.52 inf
   53 I   -3 -4 -5 -5 -4 -4 -5 -6 -5  7  0  0  0 -3 -5 -4 -3 -5 -4  1    1   0   0   0   0   0   0   0   0  81   4   6   1   0   0   0   0   0   0   6  1.40 inf
   54 A    0 -1 -1 -3 -3  1 -1 -3 -1  2 -2  2 -1 -3 -3  0  4 -4 -2  0    9   2   2   0   0   7   1   1   2  15   1  13   1   0   0   6  33   0   1   6  0.31 inf
   55 V   -1 -3 -4 -4 -3 -3 -4 -4 -3  1  2 -3 -1  1  3 -3 -1  3 -2  4    5   1   0   0   0   1   0   1   1   6  19   0   0   8  14   1   2   5   0  38  0.50 inf
   56 V    0 -3 -3 -4  3 -3 -3 -1 -4  3  0 -3 -1  1 -3 -2 -1 -3 -2  4    8   0   0   0   7   0   1   5   0  14   6   1   0   6   0   2   1   0   0  48  0.49 inf
   57 R   -1  1  0 -2 -3 -1 -2  0  5 -1 -2 -1 -2  1  1 -1  0  0  4 -1    3  11   5   1   0   1   1   8  21   2   1   1   0   5   9   3   5   1  18   6  0.29 inf
   58 R   -2  7  1 -1 -4  0 -1 -3  2 -4 -3  0 -2 -3 -1 -2 -2 -3 -2 -3    1  71   7   4   0   1   1   1   4   1   1   1   0   1   3   1   1   0   0   1  0.98 inf
   59 A    1  0  2  1 -2  0  0 -1 -1 -2 -2  0 -2 -3 -1  3  2 -3 -1 -1   14   4  11   7   0   3   3   2   0   1   2   2   0   1   1  33  11   0   1   2  0.26 inf
   60 D   -1 -2  0  6 -3  0  2  0  0 -3 -3  0 -3 -3 -2 -1 -1 -4 -3 -3    3   1   3  53   0   2  14   7   2   1   3   5   0   1   1   3   2   0   0   1  0.67 inf
   61 G    0 -2 -1 -1 -3 -1  1  5 -2 -4 -4 -1 -3 -4  0  1 -1 -4 -4 -4    7   1   1   2   0   2  12  55   0   0   0   3   0   0   5  10   2   0   0   0  0.68 inf
   62 S    0 -2  3 -2 -3 -2 -2 -2 -2 -4 -4 -2 -3 -2 -3  5 -1 -3  3 -3    6   0  14   0   0   0   0   0   0   0   0   0   0   0   0  65   0   0  14   0  0.81 inf
   63 G   -1 -3  2 -2 -3 -2 -2  5 -2 -4 -4 -2 -3 -4 -3  2 -2 -4 -3 -4    1   0   9   0   0   0   1  61   0   0   1   0   0   0   0  23   0   0   0   1  0.92 inf
   64 D   -1 -2 -1  2 -2 -2 -1 -1 -2  0 -2 -2  1 -3 -2  1  5 -3 -3 -1    3   0   0  16   0   0   1   5   0   7   1   0   5   0   0  10  50   0   0   1  0.48 inf
   65 S    1  0  0  0 -2 -1 -1 -2 -2 -2 -3 -1 -2 -3 -2  2  5 -3 -3 -2    9   6   3   6   0   2   1   1   0   0   1   0   0   0   0  15  54   0   0   1  0.55 inf
   66 F    0 -2 -1  1 -3  1  0  0  1 -2 -1  0 -2  3 -3  0 -1  0  4 -2    7   1   2  10   0   7   7   7   3   0   7   6   0  14   0   6   2   1  18   2  0.19 inf
   67 V    0 -3  3 -2 -2 -1 -3  0 -2  3  1 -2  0 -2 -3 -1  0 -1 -1  2   10   0  21   0   1   2   0   6   1  27  10   0   1   0   0   1   4   1   1  12  0.26 inf
   68 F   -3 -4 -4 -5 -3 -4 -4 -4 -3  0  1 -4  3  7 -4 -2 -1  3  0  1    1   0   0   0   0   0   0   1   0   5  12   0  10  50   0   2   4   4   0   8  0.94 inf
   69 T   -1 -1 -1 -1 -3  3 -1 -2 -2 -3 -2 -1 -2 -4 -3  1  5 -4 -2 -2    3   2   1   2   0  17   3   2   1   0   3   2   1   0   0   9  50   0   1   2  0.66 inf
   70 S    0  1  2  1 -2  1  0 -1  0 -2  0  2  1 -2 -2  1  0 -3 -1 -1    7  10  10   9   0   5   5   4   2   1   9  14   5   0   1  11   4   0   1   2  0.12 inf
   71 Y    1 -4 -3 -4 -4 -3 -4 -3  4 -3 -3 -4 -3  3 -4 -1 -3  2  8 -3   12   0   1   0   0   0   1   1   8   1   2   0   0  10   0   4   0   2  54   1  1.32 inf
   72 L   -2 -4 -5 -5 -3 -4 -4 -5 -4  0  6 -4  3 -1 -4 -4 -3 -3 -3 -1    3   1   0   1   0   0   1   1   0   3  77   1   7   2   1   1   1   0   0   3  1.15 inf
   73 A    2  0  1  0 -2 -1 -1 -1  1 -3 -2  0 -2 -3 -2  4  0 -3 -1 -2   18   5   7   3   1   2   3   2   4   1   3   6   0   0   1  37   4   0   2   1  0.36 inf
   74 K    2  0  1  0 -3  0  0 -1  2 -3 -2  3 -2 -3 -2  1  0 -3 -2 -2   24   3   5   5   0   3   4   2   5   1   3  22   1   1   1  12   5   0   1   1  0.27 inf
   75 V    2 -2 -1 -3  0 -1 -2 -1 -3  1 -1 -2  0  3 -3  0  0 -1 -1  2   26   2   2   1   2   2   2   3   0   7   2   2   2  14   1   4   6   1   1  22  0.22 inf
   76 N    2 -3  2  0  3 -2 -2 -2 -1 -4 -4 -1 -3 -4  2  4  0 -2  0 -3   14   0   8   4   6   1   1   1   1   0   1   2   0   0   9  42   3   0   5   1  0.54 inf
   77 E    0 -2 -1  1 -4  0  1  2 -3 -4 -4  1 -3 -4  5  0 -1 -4 -4 -3    7   1   1   7   0   4   7  15   0   0   1  12   0   0  33   6   3   0   0   1  0.64 inf
   78 E    1 -2  0  3 -4  0  4  0 -2 -3 -2 -1 -3 -4 -2  0  1 -4 -2 -2   13   1   5  20   0   2  28   7   0   1   3   2   0   0   2   6   7   0   2   2  0.38 inf
   79 W   -5 -6 -6 -5 -5 -5 -6 -4 -5 -2 -4 -6 -5  4 -6 -6 -4 12 -2  0    1   0   0   1   0   0   0   2   0   2   1   0   0  13   0   0   1  68   0   7  3.10 inf
   80 K    1  1  0  1 -4 -1  0 -1 -1 -3 -3  3 -2 -3  2  0  0  3 -2 -3   14   6   5   8   0   1   5   4   1   1   1  24   1   1  11   5   7   4   1   0  0.32 inf
   81 N    1 -1  1  1 -3  0  1  0  2 -2 -3  1 -2 -2 -1  1  1  0  1 -2   11   3   7  10   0   4   8   6   5   1   2   8   0   1   2  12  10   1   7   1  0.16 inf
   82 N    0  0  0  1 -3  1  2  0 -2 -2 -3  3 -2 -4 -1  0  1 -4 -2 -3    6   4   4   9   0   4  18   8   0   2   2  21   1   0   3   5  10   0   1   1  0.28 inf
   83 V   -1 -3 -3 -2 -1 -2 -1 -2 -2  1  1  0  0  2  2 -2 -1 -2  1  3    3   1   1   2   1   1   4   2   1   8  12   6   2  10  11   3   2   0   5  25  0.22 inf
   84 G    0 -3  0 -1 -4 -3 -2  5 -1 -4 -2 -2  0 -4 -1  0 -1 -4 -4 -2    6   1   4   3   0   1   3  52   2   1   5   3   2   1   3   7   4   0   0   2  0.75 inf
   85 T    2  0  1 -1  0  0  1 -1 -1 -1 -2  1 -1 -1 -2  0  0  0 -1  1   17   4   6   3   2   2  11   4   1   3   1  12   2   3   1   7   7   1   2  10  0.10 inf
   86 G    1 -3  0  1 -4 -2 -1  5 -2 -5 -4 -2 -1 -2 -3  1 -1 -5 -4 -3    9   1   5   7   0   1   3  50   1   0   2   2   1   2   1  10   3   0   0   1  0.78 inf
   87 S   -1 -1 -1 -2 -4  0 -1 -2 -3 -1 -2  4 -1  0 -1  1  2  5  0 -2    5   2   2   1   0   4   3   3   0   3   4  26   1   4   3  12  15   8   2   2  0.35 inf
   88 T    1 -1  0  0 -3  1  0 -3 -2 -1 -2  1 -2 -4  1  2  3  0 -3 -1   12   2   3   4   0   5   6   0   1   3   4   9   1   0   7  19  18   1   0   4  0.26 inf
   89 V    0 -4 -4 -4 -4 -4 -1 -2 -4  2  0 -2  0  3  1 -1 -3  4 -2  3    7   0   0   0   0   0   4   3   0  10   9   2   2  16   8   5   0   6   0  28  0.44 inf
   90 K    0 -1  3  0 -4  0  1 -2 -1 -2 -3  2 -3 -1  2  0  1 -4 -2 -2    6   2  17   6   0   5   8   2   1   3   1  17   0   4  12   5   8   0   2   2  0.30 inf
   91 W    0 -5 -3 -3 -2 -1 -5  2 -5 -4 -2 -5 -5  1 -6 -2 -1 11  1 -3    7   0   1   2   1   3   0  14   0   1   3   0   0   4   0   4   5  46   5   2  1.77 inf
   92 P   -2 -4 -1 -2 -5 -2 -2  2 -1 -5 -3 -1 -5 -6  7 -1 -1 -6 -3 -5    4   0   3   2   0   2   3  14   1   0   3   4   0   0  55   4   3   0   1   0  1.34 inf
   93 I    1 -1  0 -2 -3  0 -1  1 -2  0 -2 -1 -1 -2  1  0  2 -3 -1  3   10   2   4   2   0   4   2  12   1   3   2   2   2   1   6   5  12   0   2  26  0.18 inf
   94 G    0 -5 -1 -2 -5 -1 -2  6 -1 -5 -5 -2 -5 -2 -3 -1  0 -5 -5 -2    8   0   2   2   0   2   3  63   1   0   1   2   0   2   1   3   6   0   0   3  1.14 inf
   95 L    0 -3 -2 -1 -4  4  2 -4 -1  2  0 -1  0 -1  0 -1  0 -4 -1  2    6   0   1   2   0  19  14   0   1  11  10   2   2   2   4   4   5   0   2  15  0.26 inf
   96 G    2 -3 -1 -1 -4 -3 -3  5 -4 -2 -3 -1 -4 -5 -3  1 -2 -5 -3 -4   19   1   3   4   0   1   1  46   0   2   3   5   0   0   1  12   2   0   1   0  0.78 inf
   97 G    5 -1 -4 -4 -1 -1 -1  3 -4 -2 -4 -2 -4 -5 -2  0 -1 -5 -3  1   45   3   0   0   1   2   4  22   0   2   0   2   0   0   2   5   2   0   1   9  0.66 inf
   98 K   -1  1  2  0 -5  2  1 -2 -3 -3 -3  4 -3 -5  1  0 -1 -5 -4 -4    4   5  11   5   0  10   8   2   0   2   2  33   0   0   7   7   3   0   0   1  0.49 inf
   99 G   -1 -2 -3 -1 -6  0 -4  6 -1 -6 -6  0 -5 -6 -5 -1 -1 -6 -6 -6    4   2   1   4   0   4   0  71   1   0   0   6   0   0   0   3   3   0   0   0  1.45 inf
  100 N   -2 -4  6 -1 -1 -3 -4 -2 -4 -6 -6 -4 -5 -6 -5  5  2 -6 -5 -5    1   0  39   2   1   0   0   2   0   0   0   0   0   0   0  42  11   0   0   0  1.31 inf
  101 D    1 -1  0  3 -3  0  2  1 -2 -2 -3  0 -3 -3  0  3  0 -4 -1 -3    9   2   3  16   0   2  13   9   0   3   2   4   0   1   4  24   4   0   2   0  0.30 inf
  102 G    0 -4 -3 -1 -5 -2 -1  6 -4 -4 -4 -2 -5 -5 -4 -1 -1 -5 -5 -3    9   0   0   4   0   2   4  67   0   1   1   2   0   0   0   4   3   0   0   1  1.23 inf
  103 I   -2 -2 -6 -6 -4 -5 -3 -6 -6  1  0 -5  4 -4 -6 -4 -1 -6 -5  6    2   2   0   0   0   0   2   0   0   6   5   0   9   0   0   1   3   0   0  69  1.35 inf
  104 A    4 -1 -3 -4 -2 -1 -3 -3 -4  1 -2 -1  0 -2 -4  1  1 -5 -4  2   40   3   0   0   0   2   0   1   0   8   3   3   2   1   0  10  10   0   0  15  0.44 inf
  105 A    2 -2  1  1 -4  2  1  0 -3 -3 -3  1 -3 -3 -3  2  1 -5 -4 -3   21   1   6   7   0   9   7   7   0   1   2   8   0   1   0  16   9   0   0   1  0.28 inf
  106 F    1 -2 -1 -2 -1  1 -1 -2 -2  0 -1 -1  0  1 -3  0  2  1  2  0   16   1   3   1   1   9   3   2   0   7   6   3   2   6   0   5  16   2   9   5  0.12 inf
  107 V   -3 -6 -6 -7 -1 -6 -6 -7 -7  4  1 -6 -1 -4 -6 -4 -2 -6 -5  6    1   0   0   0   1   0   0   0   0  20   9   0   1   0   0   1   2   0   0  63  1.39 inf
  108 Q    1  1 -1 -2 -4  3  0  0 -2 -2 -3  4 -1 -3 -2  1  0 -4 -2 -2   11   6   3   1   0  12   3   6   0   2   2  27   2   1   1  11   7   0   1   1  0.31 inf
  109 R    0  2  2  0 -4  4  0 -1 -1 -4 -4  1 -1 -4 -4  2  0 -5 -3 -3    8  10  11   4   0  20   4   5   1   1   1   7   1   0   0  16   7   0   0   1  0.37 inf
  110 L   -1 -3  1 -4 -4 -3 -3 -1 -2  1 -1 -3  0 -4 -4  0  6 -5 -4  0    5   1   8   0   0   0   1   4   1   7   5   1   2   0   0   4  52   0   0   6  0.75 inf
  111 P   -1 -1  1  1 -5  0  2 -4 -4 -4 -5  1 -3 -5  6 -1 -1 -6 -3 -2    4   2   6   8   0   4  14   0   0   1   0  10   1   0  36   5   3   0   1   2  0.75 inf
  112 G   -3 -5  2 -4 -6 -5 -5  6 -4 -6 -6 -5 -6  0 -6 -3 -5  1  4 -6    0   0   9   0   0   0   0  66   0   0   0   0   0   3   0   0   0   2  15   0  1.54 inf
  113 A    4 -3 -3 -4  0 -4 -4  0 -4 -4 -5 -4 -4 -5 -4  5  2 -6 -5 -3   34   1   0   0   1   0   0   7   0   1   0   0   0   0   0  40  10   0   0   1  0.90 inf
  114 I   -5 -7 -7 -7 -5 -6 -7 -7 -7  8  1 -6  0 -1 -6 -6 -4 -6 -5  1    0   0   0   0   0   0   0   0   0  78   9   0   1   2   0   0   0   0   0   6  1.84 inf
  115 G   -1 -5 -4 -5 -5 -5 -5  6 -5 -6 -6 -5 -6 -6 -5  1  2 -6 -6 -6    4   0   0   0   0   0   0  68   0   0   0   0   0   0   0   9  15   0   0   0  1.52 inf
  116 Y   -6 -6 -7 -8 -7 -6 -7 -8 -3 -6 -6 -6 -5  1 -7 -6 -6 -2 10 -4    0   0   0   0   0   0   0   0   0   0   0   0   0   4   0   0   0   0  91   1  3.14 inf
  117 V    1 -5 -1 -3 -3 -4 -4 -3 -5  2  0 -4  1 -1 -5 -2  0 -5 -4  5   14   0   4   2   0   0   0   1   0  12   5   0   4   3   0   2   5   0   0  45  0.61 inf
  118 E   -1 -4  1  3 -6 -1  5  0 -3 -6 -6 -3 -5 -6 -2  1 -2 -6 -5 -4    5   0   5  18   0   2  46   6   0   0   0   0   0   0   2   9   2   0   0   1  0.89 inf
  119 Y    1 -4 -2 -2 -4 -1 -3 -3 -1 -1  1 -2 -1  2 -1  0 -2  5  5 -2   12   0   1   2   0   3   1   1   1   3  17   2   1   8   4   7   1   7  22   2  0.38 inf
  120 A    3 -4 -2 -1 -4 -2 -2  2 -4 -3 -5 -3 -4 -3 -1  4  0 -5 -4 -3   29   0   1   4   0   1   1  14   0   1   0   0   0   1   3  34   3   0   0   1  0.61 inf
  121 Y   -4 -3 -2  0 -5 -2 -4 -5  2 -4 -3 -4 -4  4 -4 -2 -2  3  8 -3    1   2   1   5   0   2   0   0   4   0   1   1   0  18   1   3   3   3  48   1  1.28 inf
  122 A    5 -3 -4 -4 -3 -4 -4 -1 -4  0 -2 -2 -3 -2 -3 -2 -1 -1 -3  2   58   1   0   0   0   0   0   5   0   4   2   2   0   1   1   1   3   1   0  15  0.79 inf
  123 K    0  1  1  0 -2  1  0 -2  0 -1  0  3  0 -1 -3 -1  0 -2 -1  0    6   5   9   5   1   5   4   2   2   4  10  22   2   2   0   3   7   1   2   8  0.11 inf
  124 Q    0  0  1  1 -4  3  2  0 -2 -3 -2  1 -2 -2 -1  0  0 -4 -3 -1    7   3   7   8   0  19  16   7   0   1   3   9   0   2   2   6   4   0   0   5  0.26 inf
  125 N    0 -1  5  1 -4  1  0  0  1 -3 -1  0 -1 -2 -3  0 -1 -4  1 -2    8   2  31   6   0   6   7   8   3   0   5   4   1   2   1   6   3   0   6   2  0.34 inf
  126 N   -2 -1  4  1 -4  1 -1  3  4 -5 -4  3 -4 -4 -1  0 -2 -5 -3 -4    1   3  20   9   0   5   2  22   9   0   1  18   0   0   2   6   1   0   1   0  0.56 inf
  127 L   -3 -4 -4 -5 -4 -4 -4 -4 -5  2  5 -3  3 -1 -3 -3 -2 -1 -3  0    2   0   1   0   0   0   0   1   0  10  62   2   7   2   1   1   2   1   1   6  0.92 inf
  128 A    0 -2  1  1 -4  1 -2  1 -1 -3 -3  1 -3 -4  3  2  1 -5 -4 -2    9   1   6   9   0   6   0  12   1   1   1  10   0   0  17  14   8   0   0   2  0.35 inf
  129 Y    1 -1 -2 -3 -3 -2  0 -3 -1 -1 -2 -1  2  1 -1  1  3  0  3  1   12   2   1   1   0   0   5   0   1   3   1   3   6   5   3  10  18   1  14  13  0.25 inf
  130 T    5 -5 -5 -5 -4 -4 -4 -2 -5 -1 -2 -4  3 -5 -4 -3  0 -6 -5  3   55   0   0   0   0   0   0   2   0   2   3   0   7   0   0   0   5   0   0  24  1.03 inf
  131 K    3  0  1  0 -3  2  0 -2  0 -2 -1  2 -2 -3 -3  1  0  0 -2 -2   29   4   6   4   0   9   4   2   2   2   5  14   1   0   0  10   5   1   1   1  0.27 inf
  132 L   -3 -4 -5 -6 -4 -5 -5 -6 -6  4  4 -4  3 -3 -5 -5 -3 -5 -4  3    1   1   1   0   0   0   0   0   0  25  45   1   8   0   0   0   1   0   0  18  1.05 inf
  133 I   -1  1 -1  1 -4  3  1 -1 -1  0 -2  4 -2 -4 -3 -2 -2 -4  0  0    4   5   1   9   0  17   9   4   1   6   4  27   1   0   0   1   1   0   3   6  0.38 inf
  134 S   -3 -4  8 -1 -5 -4 -4 -3 -3 -5 -5 -4 -5 -1 -5  0  2 -6 -5  0    2   0  65   2   0   0   0   1   0   0   0   0   0   3   0   5  12   0   0   8  1.52 inf
  135 A    1  3 -1 -2 -4  0 -2  3 -1 -2 -2  3 -3 -4 -1  0 -2 -4 -4 -2   14  15   2   1   0   4   1  23   2   2   4  22   0   0   2   7   1   0   0   2  0.39 inf
  136 D    3 -1  1  4 -4 -2  1 -1 -2 -4 -3 -1 -4 -3 -3  2 -1 -5 -3 -3   32   3   5  24   0   1   7   4   1   0   1   2   0   1   0  14   2   0   1   2  0.54 inf
  137 G   -2 -3 -2 -2 -5 -4 -4  7 -4 -3 -5 -4 -5 -3 -4 -1 -4 -5 -5 -5    2   2   2   2   0   0   1  80   0   2   1   1   0   1   1   3   1   0   0   1  1.73 inf
  138 K    0  1  2  1 -4  1  3 -2 -1 -3 -3  3 -3 -2 -2 -1  0 -2  2 -2    7   6  13   6   0   6  18   1   1   1   1  20   0   1   1   3   4   1   7   2  0.33 inf
  139 P   -1 -4 -4 -3 -4 -3 -4 -3 -2 -2 -2 -4 -3  6  3 -2 -3  4  4 -1    4   1   0   1   0   1   0   2   1   2   3   1   0  40  13   4   1   5  16   5  0.99 inf
  140 V   -3 -4 -4 -6 -4 -4 -6 -6 -4  2 -1 -4 -2 -4 -3 -3 -2 -6 -1  7    1   1   1   0   0   1   0   0   0   9   5   1   1   0   2   2   2   0   2  73  1.43 inf
  141 S    1 -1 -2 -2 -4  1  3 -2 -2 -3  0  3 -2 -2  1  0  0 -4 -3  0   16   2   1   1   0   5  19   1   0   0  10  18   1   2   6   4   7   0   0   6  0.25 inf
  142 P    1 -6 -5 -5 -6 -5 -4 -2 -4  0 -1 -5 -5 -2  7 -2 -3 -6 -1 -3   11   0   0   0   0   0   0   4   0   5   8   0   0   2  62   2   1   0   2   1  1.60 inf
  143 T   -2 -4  2  0 -4 -2 -3 -2 -4 -5 -5 -2 -4 -6 -4  4  5 -6 -3 -4    1   0  11   4   0   2   1   3   0   0   0   2   0   0   0  35  40   0   1   0  1.07 inf
  144 E    1 -2  0  0 -3 -1  1 -1 -2  0  0 -1  0 -2  3  0  1 -4 -2  1   16   1   5   5   0   2   8   3   0   4  11   3   2   1  13   6   8   0   1  12  0.15 inf
  145 E    1 -1 -1  2 -5  1  5 -2 -2 -4 -4  1 -4 -2 -3  0  0 -5 -3 -3   14   2   1  10   0   4  39   3   0   0   1  10   0   2   1   5   5   0   1   2  0.59 inf
  146 N    2 -4  4 -2 -4 -2 -2  0 -3 -4 -5 -3 -4 -5 -3  4  3 -6 -2 -4   17   0  17   1   0   1   2   5   0   0   0   0   0   0   0  32  22   0   1   0  0.77 inf
  147 F    3 -5 -4 -5 -2 -4 -3 -1 -4  3 -2 -4 -1  4 -4 -2 -1 -4 -1  3   26   0   1   0   1   0   2   5   0  15   2   0   1  20   0   1   3   0   1  24  0.59 inf
  148 A    2  1  0 -3 -4  3 -1  0 -3 -3 -3  2 -1 -5 -2  2  1 -5 -4 -3   22   7   3   0   0  15   3   8   0   1   1  12   1   0   1  18   7   0   0   0  0.40 inf
  149 N    4 -1  2 -2 -4  0  0 -1 -3 -2 -3  3 -3 -3 -3 -1 -1 -5 -3 -2   43   2   9   1   0   3   4   3   0   2   2  21   0   1   1   3   3   0   0   2  0.55 inf
  150 A    6 -5 -5 -5 -4 -4 -4 -1 -5 -3 -4 -4 -3 -4 -4 -1  1 -6 -5  0   77   0   0   0   0   0   1   3   0   1   1   0   0   1   0   2   8   0   0   5  1.39 inf
  151 A    3 -4 -2 -4 -3 -4 -4  0 -4  2  2 -4  2 -2 -4 -1 -2 -4 -4  2   33   0   2   0   0   0   0   7   0  13  22   0   5   1   0   3   1   0   0  13  0.49 inf
  152 K    3 -1  0  1 -3  0  1 -1 -2 -3 -2  1 -3 -4 -3  2  0 -5 -4 -2   32   2   4   8   0   2  11   3   0   1   3  10   0   0   0  16   5   0   0   2  0.37 inf
  153 G    2 -2  2  2 -4  0  0  3 -1 -4 -4 -1 -4 -4 -3  1  0 -5 -2 -3   22   2  11  12   0   4   4  20   1   0   0   3   0   1   1  12   6   0   1   1  0.38 inf
  154 A    4 -4 -4 -2 -3 -3 -3 -1 -2  2 -1 -4 -1  2 -4  1 -2  3 -3  2   42   0   0   2   0   0   0   3   1  10   3   0   1   8   0  10   1   4   0  14  0.53 inf
  155 D    0  0  0  3 -4  0  1 -3 -2 -4 -1  3 -1 -4  0  0  1 -3 -4 -2    7   3   5  20   0   2  10   0   1   0   6  22   1   0   5   5  10   0   0   2  0.35 inf
  156 W   -2 -3 -3 -4 -4 -2 -3 -4  2  2  1 -2 -1  4  0 -2 -1  7  0  0    3   1   1   1   0   1   1   1   5  11  14   2   1  17   5   3   4  19   2   7  0.59 inf
  157 S    1 -1  1  2 -4 -1 -1  0 -2 -3 -3  1 -3 -3  4  1  1 -5 -3 -1   13   2   6  13   0   2   2   5   0   0   1  11   0   1  19  12   8   0   1   5  0.35 inf
  158 K   -1 -1  2  1 -4  0  2  1 -1 -3 -3  3 -3 -4  3  0 -1  0 -3 -4    5   2  10   9   0   4  15   9   1   1   2  18   0   0  14   6   4   1   0   0  0.36 inf
  159 T   -2 -2  3  5 -5 -1  0  1  0 -3 -5 -2 -4 -5 -3  2 -1 -5 -1 -2    2   1  15  37   0   2   4  10   2   1   1   2   0   0   1  14   4   0   2   3  0.67 inf
  160 F   -2 -3 -2 -3 -4 -2 -3  0 -3 -2  3 -3  0  6 -2 -2 -1 -2  3 -2    3   1   2   1   0   1   2   8   0   1  26   1   2  32   2   2   3   0  10   2  0.62 inf
  161 A    2  2  1 -1 -3 -1 -2  0  0 -2 -2  0 -1 -1  0  1  0 -3  3 -1   24  12   7   2   0   2   0   5   2   2   2   4   1   2   5   8   7   0  11   4  0.20 inf
  162 Q    0 -1 -1  1 -2  1 -1  0 -1  1  1 -1  1 -1 -1 -1 -1 -3 -2  1   10   2   3  11   0   9   4   9   1   7  17   1   3   2   2   2   2   0   1  13  0.07 inf
  163 D   -1 -3  0  3 -4 -1  1 -2 -2  1 -1  0  0  0 -1  2 -1 -1 -2  0    3   0   3  21   0   2   9   1   0   8   6   5   3   5   3  18   3   1   1   7  0.21 inf
  164 L   -4 -5  0 -2 -4 -4 -4 -5 -3  3  4 -5  1  1 -5 -2 -2 -4 -2  2    0   0   6   2   0   0   1   0   1  18  45   0   3   6   0   3   2   0   1  12  0.70 inf
  165 T    0 -2  1  1 -3 -2 -3 -2 -2  0  0 -2 -1 -1  2 -1  3 -4 -2  2    7   2   7   8   0   0   0   2   1   4   7   1   1   3  10   3  26   0   1  16  0.29 inf
  166 N   -2  0  6  5 -6 -3 -2 -3 -2 -6 -5 -3 -5 -4 -4 -1 -2 -4  2 -4    3   6  39  31   0   1   2   2   0   0   1   1   0   1   0   4   2   0   7   1  1.10 inf
  167 Q    2 -3 -3 -3 -4  3 -1 -2 -3 -1 -3 -1 -1 -5  4  0  2 -2 -3 -1   17   1   0   1   0  15   3   3   0   4   2   3   1   0  21   7  16   1   1   3  0.49 inf
  168 K    0 -3 -2  1 -5 -1  1 -4  1 -5 -5  1 -3 -5  6  0  2 -5 -2 -3    9   0   1   7   0   2   8   0   3   0   0   9   0   0  35   7  14   0   1   2  0.78 inf
  169 G    2 -1 -1  0 -4 -1 -1  5 -2 -4 -4 -2 -4 -5 -3 -1 -1 -5 -5 -2   20   3   2   4   0   3   5  50   1   1   1   1   0   0   1   2   4   0   0   2  0.83 inf
  170 E    3 -1 -1  1 -4  0  3 -3 -2 -4 -4  3 -4 -5  3  0 -2 -5 -4 -4   24   1   2   8   0   3  19   1   1   0   0  18   0   0  16   5   1   0   0   0  0.58 inf
  171 D   -2 -1  3  3 -5  0  0  4 -1 -5 -4  0 -2 -4 -4 -1 -2 -2 -4 -5    3   2  13  21   0   5   6  32   1   0   1   7   1   1   0   3   2   1   0   0  0.62 inf
  172 A    5 -4 -4 -4 -4 -4 -3  1 -2 -2 -4 -4 -4 -5 -4  4  1 -6 -5  0   45   0   0   0   0   0   1   9   1   1   0   0   0   0   0  28   6   0   0   8  0.88 inf
  173 W   -7 -7 -7 -8 -7 -6 -7 -8 -4 -6 -6 -7 -6  0 -8 -7 -7  9  9 -6    0   0   0   0   0   0   0   0   0   0   0   0   0   2   0   0   0  26  72   0  3.29 inf
  174 P   -6 -7 -7 -6 -8 -6 -6 -7 -7 -8 -8 -6 -8 -9  9 -6 -6 -9 -8 -7    0   0   0   0   0   0   0   0   0   0   0   0   0   0 100   0   0   0   0   0  3.54 inf
  175 I   -5 -7 -7 -7 -5 -6 -7 -8 -7  8  2 -6  0 -4 -7 -6 -4 -6 -5  1    0   0   0   0   0   0   0   0   0  77  15   0   2   0   0   0   0   0   0   6  1.93 inf
  176 T   -3 -5 -4 -5 -4 -4 -5 -5 -5 -1 -3 -5 -3 -4 -5  2  4 -6 -5  6    0   0   0   0   0   0   0   0   0   0   0   0   0   0   0  16  26   0   0  59  1.27 inf

                      K         Lambda
Standard Ungapped    0.1338     0.3123
Standard Gapped      0.0522     0.2670
PSI Ungapped         0.1705     0.3123
PSI Gapped           0.0522     0.2670
