
Last position-specific scoring matrix computed, weighted observed percentages rounded down, information per position, and relative weight of gapless real matches to pseudocounts
           A  R  N  D  C  Q  E  G  H  I  L  K  M  F  P  S  T  W  Y  V   A   R   N   D   C   Q   E   G   H   I   L   K   M   F   P   S   T   W   Y   V
    1 S   -1 -3 -2 -3 -3 -3 -3 -3 -3 -5 -5 -3 -4 -5 -3  7  1 -5 -4 -4    0   0   0   0   0   0   0   0   0   0   0   0   0   0   0  93   7   0   0   0  1.60 inf
    2 N   -4 -3  9 -1 -6 -3 -3 -3  0 -6 -6 -3 -5 -6 -5 -2 -3 -7 -5 -6    0   0  98   0   0   0   0   0   2   0   0   0   0   0   0   0   0   0   0   0  2.38 inf
    3 D   -5 -4 -1  8 -6 -3 -1 -4 -4 -6 -7 -3 -6 -6 -4 -3 -4 -7 -6 -6    0   0   0 100   0   0   0   0   0   0   0   0   0   0   0   0   0   0   0   0  2.41 inf
    4 V   -1 -3 -2 -3  1 -3 -3 -4 -4 -1 -3 -3 -2 -4 -3  1  6 -5 -4  3    3   0   1   1   3   0   0   0   0   2   0   0   0   0   0  11  60   0   0  20  0.91 inf
    5 F   -5 -5 -6 -6 -5 -6 -6 -6 -4 -1 -2 -6 -3  9 -6 -5 -5 -2  3 -3    0   0   0   0   0   0   0   0   0   3   0   0   0  91   0   0   0   0   6   0  2.28 inf
    6 P   -3 -5 -5 -4 -6 -4 -4 -5 -5 -6 -6 -4 -5 -7  9 -2 -4 -7 -6 -5    1   0   0   0   0   0   0   0   0   0   0   0   0   0  96   3   0   0   0   0  2.87 inf
    7 T    0 -4 -2 -3 -3 -3 -3 -3 -4 -3 -4 -3 -3 -5 -3  1  7 -5 -4 -3    7   0   0   0   0   0   0   0   0   0   0   0   0   0   0  10  83   0   0   0  1.48 inf
    8 A    6 -4 -4 -4 -2 -3 -3 -1 -4 -3 -4 -3 -2 -4 -3  0 -2 -5 -4  0   87   0   0   0   0   0   0   3   0   0   0   0   1   0   0   2   0   0   0   6  1.28 inf
    9 M   -4 -4 -5 -6 -4 -3 -5 -6 -5  2  1 -4 10 -3 -5 -4 -2 -4 -4 -1    0   0   0   0   0   0   0   0   0  11   6   0  79   0   0   0   2   0   0   2  2.05 inf
   10 H   -5 -1  0 -4 -4 -2 -3 -5 10 -6 -6 -4 -5 -4 -5 -2 -4 -5  1 -6    0   3   3   0   0   0   0   0  88   0   0   0   0   0   0   2   0   0   4   0  2.67 inf
   11 V   -3 -5 -5 -5 -3 -5 -5 -6 -5  7  0 -5  1 -2 -5 -4 -3 -5 -3  4    0   0   0   0   0   0   0   0   0  70   3   0   2   0   0   0   0   0   0  24  1.34 inf
   12 A    6 -4 -4 -4 -2 -3 -3 -2 -4 -4 -3 -3 -1 -5 -3  0 -2 -5 -4 -2   91   0   0   0   0   0   0   0   0   0   0   0   1   0   0   5   0   0   0   1  1.42 inf
   13 A    5 -3 -3 -4  2 -3 -3 -2 -4 -1 -2 -3 -2 -3 -3  0  1 -4 -3  2   61   0   0   0   4   0   0   1   0   2   2   0   0   1   0   4  10   0   0  16  0.71 inf
   14 L    3 -3 -3 -4 -1 -2 -3 -2 -3  0 -1 -3 -1 -2 -3 -1  0 -3  2  4   35   1   0   0   1   0   0   2   0   2   5   1   1   0   0   3   6   0   9  36  0.46 inf
   15 L   -1  0 -1 -1 -1  1  1 -2  0  1  1  0  2 -1 -3 -1  1 -2 -1  0    2   5   1   2   1   9  12   1   2   7  20   7   9   2   0   2  10   0   1   7  0.10 inf
   16 A    3 -1 -1 -1 -3  2  3  0 -2 -2 -2  0  0 -3 -2  0  0 -4 -3 -2   27   1   2   2   0  11  28   5   0   1   1   6   4   1   0   6   4   0   0   1  0.36 inf
   17 L   -1 -4 -4 -5 -2 -4 -4 -4 -4  4  3 -4  0 -1 -4 -3  0 -4 -3  3    5   0   0   0   0   0   0   0   0  32  32   0   1   1   0   0   5   0   0  23  0.61 inf
   18 R   -1  1  1  0 -3  1  2 -2  3 -1 -2  1 -1 -3 -2  0  1 -3 -1  1    3   9   9   4   0   8  14   1   8   2   2   9   0   0   0   5  11   0   1  14  0.18 inf
   19 K   -1  1  2  2 -3  2  3  0  3 -4 -4  2 -3 -3 -2  0  0 -4 -2 -3    3   8  11  10   0   9  22   5   9   0   0  12   0   0   0   4   5   0   1   0  0.36 inf
   20 Q   -2  3  1  1 -3  2  1 -2  3 -2 -2  2 -2 -3 -3  0  0 -4 -2 -1    1  20   4   8   0  10   6   2  10   1   2  17   0   0   0   6   5   0   1   6  0.30 inf
   21 L   -3 -4 -5 -5 -3 -4 -5 -5 -5  0  6 -4  1 -1 -5 -4  0 -4 -3  0    0   0   0   0   0   0   0   0   0   0  86   0   1   1   0   0   7   0   0   4  1.17 inf
   22 I   -3 -3 -5 -5 -3 -3 -3 -5 -4  4  4 -2  1  0 -4 -4 -2 -3  1  1    1   0   0   0   0   1   1   0   0  31  49   2   1   3   0   0   0   0   7   4  0.68 inf
   23 P   -3 -5 -5 -4 -6 -4 -4 -3 -5 -5 -5 -3 -5 -6  9 -3 -4 -6 -6 -5    0   0   0   0   0   0   0   1   0   0   0   1   0   0  96   0   0   0   0   0  2.84 inf
   24 Q    4 -1  0 -2 -2  0  1  2 -2 -3 -3 -1 -2 -4 -2  2 -1 -4 -3 -2   45   3   4   0   0   3   8  13   0   1   0   2   1   0   1  17   1   0   0   2  0.44 inf
   25 L   -2 -4 -5 -5 -3 -4 -4 -5 -5  3  5 -4  1 -1 -4 -4 -2 -4 -3  2    3   0   0   0   0   0   0   0   0  17  62   0   2   0   0   0   0   0   0  14  0.83 inf
   26 K    0  2  0  1 -3  2  2 -1 -1 -3 -3  2 -2 -3 -2  0  1 -4 -3 -3    7  12   4   9   0  12  17   2   0   1   1  17   0   1   0   3  11   0   0   0  0.30 inf
   27 T    1  1  0 -1 -2  2  1 -1  3 -1 -1  2  0 -2 -2  0  1 -3 -1 -1   12   8   4   1   1  11   7   2  12   2   5  15   2   0   0   3   8   0   1   5  0.15 inf
   28 L   -3 -4 -5 -6 -3 -4 -5 -6 -5  0  6 -4  2  0 -5 -4 -3 -4 -3 -1    0   0   0   0   0   0   0   0   0   2  87   0   5   3   0   0   1   0   0   0  1.24 inf
   29 T    0  4 -1 -2 -2  1  0 -3  4  1 -1  1 -2 -2 -3 -1 -1 -4 -1 -1    7  30   0   0   1   8   5   0  15  11   5   9   0   1   0   2   1   0   2   2  0.36 inf
   30 Q    1  0  1  4 -3  1  2  0 -1 -3 -3  1 -3 -4 -2  0  0 -4 -3 -2   13   3   6  27   0   6  16   5   1   0   1   9   0   0   1   3   7   0   0   1  0.36 inf
   31 T    3 -2 -2 -2 -1 -2 -1 -1 -3 -2 -2 -2 -2 -4 -3  2  4 -4 -3  0   36   1   0   1   0   0   4   4   0   1   2   0   0   0   0  12  30   0   0   7  0.45 inf
   32 L   -3 -4 -5 -5 -2 -4 -5 -6 -5  2  5 -4  1  3 -5 -4 -3 -3 -2 -1    0   0   0   0   0   0   0   0   0   7  77   0   1  12   0   0   0   0   0   1  1.07 inf
   33 N    2  0  1  2 -3  1  2 -1  1 -3 -2  1 -2 -3 -2  0 -1 -1 -2 -2   21   5   5  12   0   7  18   2   5   0   2  11   0   0   0   4   2   1   1   1  0.24 inf
   34 E    3  1  0  1 -2  1  2 -1 -2 -2 -3  2 -2 -4 -2  0  0 -4 -3 -2   30   7   3   6   1   6  18   1   0   2   1  15   0   0   0   4   3   0   0   2  0.28 inf
   35 K   -3  1 -3 -3 -5 -1 -2 -4 -3 -5 -2  7 -3 -5 -4 -3 -3 -5 -4 -4    0   3   0   0   0   1   0   0   0   0   5  89   0   0   0   0   0   0   0   0  1.58 inf
   36 S    4 -2 -2 -2 -2  0  1 -2 -3 -2 -3 -1 -1 -4 -2  3  0 -4 -3  0   42   1   0   0   0   3  10   1   0   1   0   2   2   0   0  26   2   0   0   9  0.46 inf
   37 R    0  1  0  1 -3  1  3 -2  0 -2 -2  2 -2 -3 -2  0 -1 -4 -3 -1   11   5   4   9   0   5  28   2   2   3   4  17   0   1   0   3   2   0   0   3  0.27 inf
   38 A    3  0 -2  1 -3  2  5 -2 -2 -4 -3  0 -3 -4 -3  0 -1 -4 -3 -3   28   3   1   6   0   8  42   1   0   0   1   3   0   0   0   3   2   0   0   1  0.60 inf
   39 F   -5 -5 -2 -6 -4 -5 -5 -5  0 -3 -2 -5 -2  7 -6 -5 -4  8  3 -4    0   0   3   0   0   0   0   0   2   0   0   0   0  60   0   0   0  23   9   0  1.83 inf
   40 A    1  1  0  1 -3  1  1 -1  0 -3 -3  3  2 -2 -2  0 -1 -1 -2 -2   18   6   4   9   0   6   8   3   2   0   0  25   7   1   1   6   1   1   0   1  0.23 inf
   41 D   -1 -2  2  6 -4 -1  0  1  3 -4 -5  0 -4 -4 -1  0 -1 -5 -3 -4    3   1   7  50   0   2   4  10   8   0   0   5   0   0   2   6   2   0   0   0  0.72 inf
   42 I   -3 -5 -5 -3 -1 -4 -5 -5 -5  6  1 -4 -1 -2 -4 -4 -2 -4 -3  3    0   0   0   1   1   0   0   0   0  68   9   0   0   0   0   0   1   0   0  19  1.05 inf
   43 V   -2 -5 -5 -5 -3 -4 -5 -5 -5  5  0 -4 -1 -2 -3 -4 -2 -2 -3  5    0   0   0   0   0   0   0   0   0  36   2   0   0   0   1   0   0   1   0  59  1.05 inf
   44 K   -3  0 -3 -3 -6 -1 -2 -4 -3 -5 -5  7 -2 -6 -3 -3 -3 -5 -4 -5    0   0   0   0   0   0   0   0   0   0   0  98   1   0   0   0   0   0   0   0  1.80 inf
   45 I   -2 -5 -4 -5 -2 -4 -5 -5 -5  7  0 -4 -1 -2 -4 -1  1 -5 -3  2    1   0   0   0   0   0   0   0   0  76   1   0   0   0   0   5  10   0   0   7  1.09 inf
   46 G   -2 -5 -3 -4 -5 -4 -5  7 -4 -6 -6 -4 -5 -6 -5 -3 -4 -5 -5 -6    0   0   0   0   0   0   0 100   0   0   0   0   0   0   0   0   0   0   0   0  2.12 inf
   47 R   -4  8 -3 -4 -6 -1 -3 -5 -3 -6 -5  0 -4 -5 -5 -3 -4 -5 -4 -5    0 100   0   0   0   0   0   0   0   0   0   0   0   0   0   0   0   0   0   0  2.20 inf
   48 T   -2 -4 -2 -4 -3 -3 -3 -4 -4 -3 -4 -3 -3 -5 -4 -1  8 -5 -4 -2    1   0   0   0   0   0   0   0   0   0   0   0   0   0   0   0  98   0   0   0  1.84 inf
   49 H   -5 -3 -1 -4 -6 -2 -3 -5 11 -6 -6 -4 -4 -4 -5 -4 -5 -5 -1 -6    0   0   1   0   0   0   0   0  99   0   0   0   0   0   0   0   0   0   0   0  3.06 inf
   50 L   -3 -4 -4 -5 -2 -4 -4 -5 -4  0  5 -4  2  0 -4 -3  2 -2 -3 -1    0   0   0   0   0   0   0   0   0   0  76   0   4   2   0   0  16   0   0   0  0.97 inf
   51 Q   -3 -2 -3 -3 -5  8  0 -5 -2 -4 -3 -2  6 -5 -4 -3 -3 -4 -4 -4    0   0   0   0   0  72   2   0   0   0   0   0  26   0   0   0   0   0   0   0  1.71 inf
   52 D   -4 -4 -1  8 -6 -3 -1 -4 -4 -6 -6 -3 -6 -6 -4 -3 -4 -7 -6 -6    0   0   0 100   0   0   0   0   0   0   0   0   0   0   0   0   0   0   0   0  2.29 inf
   53 A    7 -4 -4 -4 -3 -3 -3 -2 -4 -4 -4 -3 -3 -5 -3 -1 -2 -5 -4 -3  100   0   0   0   0   0   0   0   0   0   0   0   0   0   0   0   0   0   0   0  1.61 inf
   54 T   -2 -4 -3 -4 -3 -3 -3 -3 -4 -1 -2 -3 -2 -4 -4 -1  6 -5 -4  4    0   0   0   0   0   0   0   1   0   1   0   0   0   0   0   0  68   0   0  29  1.16 inf
   55 P   -4 -5 -5 -4 -6 -4 -4 -5 -5 -6 -6 -4 -5 -7  9 -4 -4 -7 -6 -5    0   0   0   0   0   0   0   0   0   0   0   0   0   0 100   0   0   0   0   0  3.03 inf
   56 L   -3 -4 -5 -5 -3 -4 -5 -5 -5  3  5 -4  2 -1 -5 -4 -3 -4 -3  1    0   0   0   0   0   0   0   0   0  15  72   0   4   0   0   0   0   0   0   9  0.98 inf
   57 T   -2  0 -2 -3 -3 -3 -3 -4 -4 -3 -4 -2 -3 -4 -3  1  7 -5 -3 -2    0   4   0   0   0   0   0   0   0   0   0   1   0   0   0   7  86   0   0   0  1.46 inf
   58 L   -3 -4 -5 -6 -3 -4 -5 -6 -5  0  6 -5  0  2 -5 -4 -3 -3 -2  1    0   0   0   0   0   0   0   0   0   0  87   0   0   7   0   0   0   0   0   6  1.19 inf
   59 G   -1 -4 -3 -3 -5 -4 -4  7 -4 -6 -6 -3 -4 -5 -4 -1 -3 -5 -5 -5    3   0   0   0   0   0   0  91   0   0   0   1   0   0   0   4   0   0   0   0  1.77 inf
   60 Q   -4 -2 -3 -1 -6  9 -1 -5 -2 -6 -5 -1 -3 -6 -4 -3 -3 -5 -4 -5    0   0   0   2   0  98   0   0   0   0   0   0   0   0   0   0   0   0   0   0  2.27 inf
   61 E   -3 -3 -3 -1 -6  0  7 -5 -3 -5 -5 -2 -4 -6 -4 -3 -3 -5 -5 -3    0   0   0   0   0   0  97   0   0   0   0   0   0   0   0   0   0   0   0   2  1.89 inf
   62 I   -3 -5 -5 -6 -4 -5 -5 -5 -4  3 -1 -5 -1  7 -5 -4 -4  4  0  0    1   0   0   0   0   0   0   0   0  19   3   0   1  66   0   0   0   7   0   3  1.41 inf
   63 S   -1 -3 -2 -2 -3 -2 -2  1 -2 -5 -5 -3 -4 -5 -3  6 -1 -5 -3 -4    1   0   0   1   0   0   0  11   1   0   0   0   0   0   0  86   0   0   1   0  1.31 inf
   64 G    1 -4 -3 -3 -2 -4 -4  7 -4 -6 -6 -4 -5 -5 -4 -1 -3 -5 -5 -5    9   0   0   0   1   0   0  88   0   0   0   0   0   0   0   2   0   0   0   0  1.72 inf
   65 W   -5 -5 -5 -6 -4 -4 -5 -6 -1 -4 -4 -5 -4  2 -6 -5 -4  9  8 -4    0   0   0   0   0   0   0   0   0   0   0   0   0   4   0   0   0  27  68   0  2.39 inf
   66 V    3  1 -3 -3 -1 -1 -1 -2 -1  0 -1 -1 -1 -3 -3  0  0 -4 -2  3   35   9   0   1   1   2   3   0   2   2   2   2   1   0   0   4   3   0   1  33  0.33 inf
   67 A    3  0 -1 -1  0  2  0  0  2 -3 -3 -1 -2 -2 -2  1  1 -3 -1 -2   37   5   0   3   2  13   2   4   7   0   0   1   1   2   0  11   8   0   2   1  0.29 inf
   68 M   -2 -2 -3 -3 -2  7 -1 -4 -2 -4 -2 -2  6 -4 -4 -2 -3 -4 -4 -4    3   0   0   0   1  72   0   0   0   0   2   0  21   0   0   0   1   0   0   0  1.53 inf
   69 L   -2 -4 -5 -5 -3 -3 -4 -5 -5  3  5 -4  2 -1 -4 -4 -2 -4 -3  3    0   0   0   0   0   1   0   0   0  19  59   0   3   0   0   0   0   0   0  18  0.83 inf
   70 E    1  2  0  3 -2  0  3 -1 -1 -3 -3  1 -3 -4 -2  0  0 -4 -3 -2   12  12   3  21   1   3  26   3   1   1   1   8   0   0   0   3   4   0   0   1  0.38 inf
   71 H   -1  0  2  1 -3  1 -1 -2  4 -3 -1  1  0  1 -3 -1 -1 -2  3 -2    6   5  15   8   0   7   1   0  15   0   6  11   2   6   0   3   3   0  13   0  0.26 inf
   72 N    2 -3  2 -1  3 -2 -2  4 -3 -4 -4 -2 -3 -4 -3  2 -1 -4 -4 -3   23   0  11   3   8   0   0  37   0   0   0   0   0   0   0  15   1   0   0   0  0.63 inf
   73 L   -1  1 -2 -3 -3 -1  0 -3 -2  3  2  0  1 -1 -3 -2 -1 -3 -2  1    3   9   1   0   0   3   9   1   0  31  28   6   3   0   0   0   2   0   0   4  0.28 inf
   74 K    1  1  0  1 -2  2  3 -1  0 -3 -3  2 -2 -4 -2  0  0 -4 -3 -2   16  10   3   9   1   9  23   2   2   0   2  11   0   0   0   5   6   0   0   1  0.30 inf
   75 H    0  6 -2 -1 -2  1 -1 -2  3 -3 -2  0  2 -2 -4 -1 -2  0 -1 -3   10  54   1   2   1   4   2   2   7   0   2   0   7   1   0   2   1   1   2   0  0.67 inf
   76 I   -2 -4 -5 -5 -3 -4 -5 -5 -5  5  3 -4  0 -1 -4 -4 -2 -4 -3  3    1   0   0   0   0   0   0   0   0  48  28   0   0   0   0   0   0   0   0  22  0.87 inf
   77 E   -1  2  0  1 -4  1  4 -2  0 -3 -2  3 -2 -4 -2 -1 -1 -2 -2 -2    5  11   4   6   0   6  32   2   2   1   3  19   1   0   0   2   2   0   1   2  0.38 inf
   78 Y    2  0  1  1  0  1  1  0  1 -2 -2  0 -1 -1 -2  1  0 -2 -1 -1   25   3  10   7   2   6   8   5   5   0   3   3   2   3   0  10   6   0   2   2  0.14 inf
   79 S    3 -3 -1 -2  2 -2 -2 -1 -3 -2 -2 -2 -1 -4 -3  3  3 -4 -3  0   32   0   1   0   5   0   0   1   0   1   1   0   1   0   0  29  22   0   0   7  0.49 inf
   80 L   -2 -1 -3 -3 -3 -2 -1 -4 -4  1  5 -2  3 -1 -4 -2 -2 -3 -3  0    1   3   0   1   0   2   4   0   0   4  66   3   8   0   0   2   1   0   0   4  0.62 inf
   81 P    0 -1 -2  0 -1  0  0 -2 -1 -3 -3  1 -3 -4  6  0  0 -5 -3 -2    5   1   1   6   1   3   7   3   1   1   2  10   0   0  45   5   6   0   1   2  0.79 inf
   82 H    0  3  0  1 -3  0  0  2  5 -4 -3  0 -2 -1 -1 -1 -2 -3  0 -3    7  20   2   8   0   1   6  16  23   0   0   2   1   2   3   3   1   0   3   1  0.38 inf
   83 V   -2 -4 -5 -5 -2 -4 -4 -5 -4  2  5 -4  2 -1 -4 -4 -2 -4 -3  2    2   0   0   0   0   0   0   0   0  10  65   0   4   0   0   0   0   0   0  17  0.84 inf
   84 A   -1  1 -2 -3  2 -1 -2 -2  1 -2  1 -1  0  1 -4  0 -1 -1  6 -2    6   9   0   0   6   2   0   3   3   0  14   3   2   2   0  10   2   0  38   0  0.46 inf
   85 E    0  1  0  0 -3  3  5 -2 -1 -3 -2  0  0 -2  0 -1 -2 -4 -1 -3    6   6   3   3   0  12  49   1   0   0   4   3   2   1   5   1   0   0   2   0  0.56 inf
   86 L   -4 -4 -6 -6 -3 -4 -5 -6 -5  1  6 -5  0 -2 -5 -5 -3 -4 -3  0    0   0   0   0   0   0   0   0   0   4  94   0   0   0   0   0   0   0   0   2  1.36 inf
   87 A    6 -4 -4 -4 -3 -3 -3 -2 -4 -4 -4 -3 -3 -5  2  0 -1 -5 -4 -2   85   0   0   0   0   0   0   1   0   0   0   0   0   0  11   2   2   0   0   0  1.23 inf
   88 L   -1 -3 -3 -4 -2  4 -2 -4 -3  4  3 -2  1 -2 -4 -3 -2 -4 -3  0    4   0   0   0   0  26   0   0   0  27  37   0   2   0   0   0   0   0   0   2  0.59 inf
   89 G   -2 -5 -3 -4 -5 -4 -5  7 -4 -6 -6 -4 -5 -6 -5 -3 -4 -5 -6 -6    0   0   0   0   0   0   0 100   0   0   0   0   0   0   0   0   0   0   0   0  2.14 inf
   90 G   -1 -5 -3 -4 -5 -4 -4  7 -4 -6 -6 -4 -5 -6 -4 -2 -4 -5 -5 -5    2   0   0   0   0   0   0  97   0   0   0   0   0   0   0   0   0   0   0   0  2.04 inf
   91 T   -2 -4 -3 -4 -3 -3 -3 -4 -4 -3 -4 -3 -2 -5 -4 -1  8 -5 -4 -3    1   0   0   0   0   0   0   0   0   0   0   0   0   0   0   0  99   0   0   0  1.89 inf
   92 A    7 -4 -4 -4 -3 -3 -3 -2 -4 -4 -4 -3 -3 -3 -3 -1 -1 -5 -4 -2   97   0   0   0   0   0   0   0   0   0   0   0   0   1   0   1   1   0   0   0  1.50 inf
   93 V   -2 -5 -5 -6 -3 -5 -5 -6 -6  1 -1 -5 -2 -3 -5 -4 -2 -5 -4  7    0   0   0   0   0   0   0   0   0   1   0   0   0   0   0   0   1   0   0  98  1.63 inf
   94 G   -2 -5 -3 -4 -5 -4 -5  7 -4 -6 -6 -4 -5 -6 -5 -3 -4 -5 -6 -6    0   0   0   0   0   0   0 100   0   0   0   0   0   0   0   0   0   0   0   0  2.14 inf
   95 T   -3 -4 -3 -4 -3 -3 -3 -4 -4 -3 -4 -3 -3 -5 -4 -1  8 -5 -4 -3    0   0   0   0   0   0   0   0   0   0   0   0   0   0   0   1  99   0   0   0  1.92 inf
   96 G   -2 -5 -3 -4 -5 -4 -5  7 -4 -6 -6 -3 -5 -6 -5 -3 -4 -5 -6 -6    0   0   0   0   0   0   0  99   0   0   0   1   0   0   0   0   0   0   0   0  2.11 inf
   97 L   -3 -4 -5 -5 -3 -4 -5 -6 -5  3  5 -4  0 -1 -5 -4 -3 -4 -2  0    0   0   0   0   0   0   0   0   0  18  78   0   0   1   0   0   0   0   1   3  1.09 inf
   98 N   -3 -3  8 -1 -5 -3 -3 -3 -2 -6 -6 -3 -3 -6 -5 -1 -3 -6 -5 -5    1   0  96   1   0   0   0   0   0   0   0   0   1   0   0   1   0   0   0   0  2.16 inf
   99 T    4 -2 -2 -3  0 -2 -3 -2 -3 -3 -3 -2 -3 -4 -3  1  5 -4 -3 -1   44   1   0   0   2   0   0   1   0   0   0   0   0   0   0   9  41   0   0   2  0.77 inf
  100 H   -2  1 -2 -3 -5 -1 -2 -4  7 -4 -4  1 -3 -1  6 -2 -3 -4 -1 -3    3   8   1   0   0   2   0   0  31   0   0   8   0   2  39   2   0   0   1   2  1.11 inf
  101 P    0  0 -2 -1 -4  0  1 -3 -1  0 -3  3 -3 -4  5 -2 -2 -5 -3 -1    8   3   1   3   0   2   9   0   2   6   0  23   0   0  37   0   1   0   0   5  0.69 inf
  102 E   -1 -1 -1  2 -3  0  2  5 -3 -5 -5  0 -4 -5 -3 -2 -3 -4 -4 -4    1   3   2  10   0   5  14  58   0   0   0   5   0   0   0   0   0   0   0   0  0.87 inf
  103 Y   -5 -5 -5 -6 -5 -5 -5 -6 -3 -3 -2 -5 -2  8 -6 -5 -4  4  5 -3    0   0   0   0   0   0   0   0   0   0   1   0   0  79   0   0   0   4  16   0  1.98 inf
  104 A    4 -3 -1  3 -3 -2 -2  3 -3 -3 -4 -2 -3 -4 -1  1 -2 -4 -4 -2   41   0   1  21   0   0   0  21   0   1   0   0   0   0   2  12   0   0   0   2  0.58 inf
  105 R    0  0 -2  1 -3  1  4 -2 -1 -1 -2  1 -2 -3 -1 -1  0 -4 -3  1   10   4   0   8   0   3  39   2   1   2   1   7   0   0   2   2   5   0   0  14  0.34 inf
  106 R    1  3 -1  0 -3  1  1 -2 -1 -2  0  3  0 -3 -2 -1 -1 -4 -2 -2   16  16   1   4   0   4   7   2   1   1   9  30   3   0   0   1   3   0   0   0  0.28 inf
  107 V    1 -4 -4 -4  3 -4 -4 -4 -4  2 -1 -4  1  2 -4 -2  0 -4 -2  5   11   0   0   0   6   0   0   0   0  12   0   0   3  10   0   1   3   0   0  54  0.62 inf
  108 A    5 -3 -3 -4  1 -3 -3 -2 -4  1 -3 -3 -2 -4 -3  0  0 -4 -4  0   74   0   0   0   3   0   0   0   0  10   0   0   0   0   0   6   3   0   0   5  0.87 inf
  109 D    3  0 -1  1 -3  1  3 -1  0 -3 -3  2 -2 -4 -2  0 -1 -4 -3 -3   33   4   1   6   0   5  22   2   2   0   1  18   0   0   0   3   2   0   0   0  0.39 inf
  110 E    0  2  0 -1 -4  1  4 -2  1 -2 -3  2 -2 -2 -3 -1 -1 -2  2 -1    6  10   3   0   0   6  34   2   4   2   1  15   0   1   0   0   3   0   9   4  0.37 inf
  111 L   -2 -4 -5 -5 -3 -4 -5 -5 -5  5  3 -4  1 -1 -4 -4 -2 -4 -2  3    1   0   0   0   0   0   0   0   0  49  31   0   3   0   0   0   0   0   0  15  0.84 inf
  112 A    5  0 -1 -3 -1 -2 -1 -1 -2 -3 -3 -1 -2 -3 -3  3  0 -4 -3 -2   56   4   2   0   1   0   1   1   0   0   0   2   0   0   0  26   3   0   0   1  0.67 inf
  113 V    1  2  0  1 -3  2  3 -2  0 -3 -3  2 -2 -4 -2  0 -1 -4 -2 -2   11  10   2   8   0  11  27   1   2   0   1  18   1   0   0   3   3   0   0   1  0.39 inf
  114 I   -2 -2 -2 -2 -3  0  1 -4 -2  2  3 -2  1  1 -4 -2 -2 -2  0  0    2   1   2   2   0   4  13   0   1  15  45   0   2   8   0   0   1   0   2   1  0.34 inf
  115 T   -2 -3 -2 -3 -3 -3 -3 -4 -4 -2 -2 -3 -2 -4 -3  0  7 -5 -3 -2    1   0   0   0   0   0   0   0   0   1   2   0   1   0   0   5  88   0   1   1  1.48 inf
  116 C   -1 -2  0 -1 -2 -1 -2  6 -1 -5 -5  0 -4 -3 -4 -1 -3 -4 -4 -5    1   1   4   2   1   2   1  74   1   0   0   7   0   1   0   4   0   0   0   0  1.18 inf
  117 A   -2 -2 -3 -3 -1  0 -1 -3  2  1  4  0  0  1 -4 -2 -1 -2  1  0    1   1   0   0   1   6   4   1   5   6  52   6   1   4   0   1   3   0   5   3  0.34 inf
  118 P   -1 -3 -1 -1 -5 -1  1 -4 -2 -5 -5 -1 -4 -5  7 -1 -1 -6 -5 -4    5   1   4   3   0   2   8   0   1   0   0   4   0   0  68   3   3   0   0   0  1.58 inf
  119 F   -5 -5 -6 -6 -5 -6 -6 -6 -4 -2  0 -6 -2  9 -6 -5 -5 -2  1 -3    0   0   0   0   0   0   0   0   0   1   6   0   0  92   0   0   0   0   0   0  2.16 inf
  120 V   -1  1 -2 -3 -2 -1 -1 -4 -1  2 -1  1 -1 -2 -3 -1  1 -4 -1  4    1  10   0   0   0   3   2   0   2  12   1  12   1   1   0   3  10   0   2  42  0.33 inf
  121 T   -1 -3 -1 -2 -1 -1  0 -3 -3 -3 -3 -1 -3 -4  2  3  5 -4 -3 -2    3   0   1   0   1   2   7   0   0   0   0   1   0   0  11  27  45   0   0   2  0.69 inf
  122 A    6 -3 -2 -2 -1 -2 -2 -2 -2 -3 -4 -3 -3 -4 -3  1 -2 -5 -4 -2   82   0   1   2   1   0   1   0   1   0   0   0   0   0   0  10   1   0   0   1  1.09 inf
  123 P   -1 -1 -2  0 -4 -1  2 -3 -3 -4 -4 -1 -4 -5  7  0 -1 -5 -4 -3    5   3   1   6   0   2  13   1   0   0   0   3   0   0  57   5   2   0   0   2  1.26 inf
  124 N   -4 -3  8  0 -5 -3 -3 -3 -2 -6 -6 -3 -5 -6 -5 -2 -3 -7 -5 -6    0   0  98   2   0   0   0   0   0   0   0   0   0   0   0   0   0   0   0   0  2.25 inf
  125 K   -3  1 -2 -3 -3 -1 -2 -4  3 -4 -2  7 -2 -1 -2 -2 -3 -4  0 -4    0   2   0   0   1   0   0   0   7   0   4  78   1   3   1   0   0   0   3   0  1.19 inf
  126 F   -5 -5 -6 -6 -3 -6 -6 -6 -4 -3 -2 -6 -2  9 -6 -5 -5 -2  1 -3    0   0   0   0   1   0   0   0   0   0   0   0   1  97   0   0   0   0   2   0  2.40 inf
  127 E    2 -2 -2 -1 -4  0  5 -3  4 -4 -4 -1 -2 -2 -3 -1 -1 -4 -1 -3   21   0   0   0   0   2  56   0  12   0   0   0   1   2   0   2   2   0   1   0  0.84 inf
  128 A    6 -3 -3 -4 -2 -2 -2 -1 -3 -3 -3 -3 -2 -3 -3  1 -2 -4 -3  0   76   0   0   0   0   1   1   3   0   0   1   0   1   0   0  10   0   0   0   7  0.93 inf
  129 L   -3 -3 -4 -5 -3  3 -3 -5 -4  0  5 -3  2 -2 -5 -4 -3 -4 -3 -1    0   0   0   0   0  16   0   0   0   2  76   0   5   0   0   0   0   0   0   0  1.00 inf
  130 A    5 -3 -2 -3 -2 -2 -3  2 -3 -3 -4 -2 -3 -4 -3  2  2 -4 -4 -2   61   0   0   0   0   0   0  13   0   0   0   0   0   0   0  12  13   0   0   0  0.78 inf
  131 T    4 -3 -1 -3  0 -2 -2  1 -2 -3 -4 -2 -3 -4 -3  3  1 -4 -3 -2   48   0   2   0   1   0   0   8   1   0   0   0   0   0   0  31   8   0   0   0  0.68 inf
  132 C   -3  2  1 -3  3 -1 -2 -4  9 -5 -2  0 -3 -4 -4 -3 -3 -5 -1 -4    1  10   5   0   7   1   1   0  64   0   5   6   0   0   0   0   0   0   0   0  1.51 inf
  133 D   -4 -4 -1  8 -6 -2  1 -2 -3 -6 -6 -3 -5 -6 -4 -2 -3 -7 -5 -6    0   0   0  91   0   0   5   1   0   0   0   0   0   0   0   1   0   0   0   0  1.96 inf
  134 A    5 -3 -3 -2 -1 -2  0  0 -3 -3 -4 -2 -3 -4  1  0 -1 -5 -4 -2   71   1   0   2   1   1   8   6   0   0   0   0   0   0   6   3   2   0   0   0  0.81 inf
  135 L   -2 -4 -4 -5 -1 -2 -3 -5 -4  3  4 -4  5  1 -4 -3 -2 -3  0  1    2   0   0   0   1   1   2   0   0  17  48   0  18   4   0   0   0   0   2   6  0.65 inf
  136 V   -1 -4 -3 -5 -2 -4 -4 -4 -5  1 -1 -4 -1 -3 -4 -2 -1 -5 -3  7    3   0   2   0   0   0   0   1   0   1   1   0   0   0   0   2   3   0   0  87  1.22 inf
  137 Q    0  0  0  0 -4  1  4 -3  3 -3 -2 -1  0  3 -3 -1 -1 -3  1 -2    8   3   4   2   0   7  33   1  11   0   1   0   4  17   0   2   2   0   4   1  0.39 inf
  138 A    3 -3 -3 -3 -1 -2 -3 -2 -3  0  2 -3  0  1 -3  0  1 -3 -1  2   32   0   0   0   1   0   0   1   0   1  20   0   2   7   0   6  12   0   0  18  0.28 inf
  139 H   -2 -3 -2 -3 -4 -2 -2 -3  8 -5 -5 -3  1 -4 -4  5 -2 -5 -2 -4    1   0   0   0   0   0   0   1  47   0   0   0   4   0   0  47   0   0   0   0  1.42 inf
  140 G    1 -4 -3 -4 -4 -4 -4  7 -4 -6 -6 -4 -5 -5 -4 -1 -3 -5 -5 -5   10   0   0   0   0   0   0  88   0   0   0   0   0   0   0   2   0   0   0   0  1.74 inf
  141 A    5 -3 -2 -3 -1  0 -1 -1 -3 -3 -3 -2 -1 -4 -3  1  1 -4 -3  0   65   0   1   0   1   5   3   3   0   0   0   0   1   0   0   9   7   0   0   4  0.67 inf
  142 L   -3 -4 -5 -6 -3 -4 -5 -6 -5  2  6 -4  2 -1 -5 -4 -3 -4 -2  0    0   0   0   0   0   0   0   0   0   9  83   0   4   1   0   0   0   0   1   1  1.14 inf
  143 K   -1  4  5 -2 -5 -1 -1 -3 -2 -5 -4  5 -3 -5 -3 -1 -1 -5 -4 -4    3  20  32   0   0   0   1   0   0   0   0  42   0   0   0   1   2   0   0   0  0.93 inf
  144 G    1 -2 -1 -3 -3  0 -2  1 -3 -2 -2 -2 -2 -4 -3  1  5 -4 -3  0   14   2   1   0   0   5   0  13   0   0   1   0   1   0   0   6  52   0   0   6  0.60 inf
  145 L   -1 -4 -5 -5 -1 -4 -4 -4 -4  2  5 -4  1 -1 -4 -3 -1 -4 -3  2    3   0   0   0   1   0   0   0   0  13  62   0   1   0   0   0   3   0   0  16  0.74 inf
  146 A    7 -4 -4 -4 -2 -3 -3 -2 -4 -4 -4 -3 -3 -5 -3  0 -2 -5 -4 -2   97   0   0   0   0   0   0   1   0   0   0   0   0   0   0   2   0   0   0   0  1.50 inf
  147 A    3 -3 -3 -3  4 -3 -3  0 -4  0 -1 -3  0 -3 -3 -1  0 -4 -3  4   30   0   1   1   9   0   0   7   0   2   1   0   3   0   0   3   5   0   0  38  0.45 inf
  148 S    2 -3  1  2 -2 -2 -2  0 -3 -4 -4 -2 -3 -4 -2  5  0 -5 -4 -2   20   0   6  10   0   0   0   4   0   0   0   0   0   0   1  56   1   0   0   1  0.70 inf
  149 L   -2 -4 -5 -5  2 -4 -5 -5 -5  0  6 -4  2 -1 -5 -4 -2 -2 -3  0    1   0   0   0   4   0   0   0   0   1  83   0   4   1   0   0   2   1   0   2  1.07 inf
  150 M   -3 -4  1 -4 -3 -3 -4 -4 -2  0  1 -3  8  3 -5 -3  0 -3  2 -1    1   0   7   0   0   0   0   0   1   3   7   0  52  15   0   1   7   0   6   1  0.97 inf
  151 K   -3  0 -3 -3 -6 -1 -2 -4 -3 -5 -5  8 -4 -6 -4 -3 -3 -6 -4 -5    0   1   0   0   0   0   0   0   0   0   0  99   0   0   0   0   0   0   0   0  1.91 inf
  152 I   -4 -5 -6 -6 -4 -5 -6 -6 -6  7  0 -5  1 -2 -5 -5 -3 -5 -4  1    0   0   0   0   0   0   0   0   0  94   1   0   3   1   0   0   0   0   0   2  1.69 inf
  153 A    6 -4 -4 -4 -1 -3 -3  0 -4 -4 -4 -3 -3 -4 -3  0 -2 -5 -4 -2   90   0   0   0   1   0   0   4   0   0   0   0   0   0   0   3   1   0   0   1  1.30 inf
  154 N   -4 -2  8 -1 -3 -1 -3 -3 -1 -6 -6 -3 -5 -6 -4 -1 -1 -6 -5 -5    0   1  91   1   1   3   0   0   0   0   0   0   0   0   0   2   2   0   0   0  1.94 inf
  155 D   -4 -4 -1  8 -6 -3 -1 -4 -4 -6 -6 -3 -6 -6 -4 -3 -4 -7 -6 -6    0   0   0 100   0   0   0   0   0   0   0   0   0   0   0   0   0   0   0   0  2.32 inf
  156 V   -3 -5 -5 -5 -3 -4 -5 -6 -5  6  1 -4  1 -1 -5 -4 -2 -4 -3  3    0   0   0   0   0   0   0   0   0  64   9   0   4   1   0   0   0   0   0  23  1.07 inf
  157 R   -4  8 -3 -4 -6 -1 -3 -5 -3 -6 -5  0 -2 -5 -5 -2 -4 -5 -4 -5    0  97   0   0   0   0   0   0   0   0   0   0   1   0   0   2   0   0   0   0  2.08 inf
  158 W   -4 -5 -5 -6 -4 -4 -5 -5 -4 -2  3 -5  2  4 -6 -5 -4 10  2 -3    0   0   0   0   0   0   0   0   0   0  29   0   5  22   0   0   0  40   4   0  1.64 inf
  159 L   -3 -4 -5 -6 -3 -4 -5 -6 -5  0  6 -4  3 -2 -5 -4 -3 -4 -2 -1    1   0   0   0   0   0   0   0   0   0  89   0   9   0   0   0   0   0   1   0  1.30 inf
  160 A    4 -4 -2 -3 -3 -3 -3  5 -4 -4 -4 -3 -4 -5 -3  1 -2 -4 -4 -3   43   0   0   0   0   0   0  49   0   0   0   0   0   0   0   8   0   0   0   0  1.04 inf
  161 S   -1 -3 -2 -3  3 -3 -3 -2 -3 -5 -5 -3 -4 -5 -3  7 -1 -5 -4 -4    0   0   0   0   6   0   0   0   0   0   0   0   0   0   0  93   0   0   0   0  1.54 inf
  162 G   -2 -5 -3 -4 -5 -4 -5  7 -4 -6 -6 -4 -5 -6 -5 -3 -4 -5 -6 -6    0   0   0   0   0   0   0 100   0   0   0   0   0   0   0   0   0   0   0   0  2.14 inf
  163 P   -4 -5 -5 -4 -6 -4 -4 -5 -5 -6 -6 -4 -5 -7  9 -4 -4 -7 -6 -5    0   0   0   0   0   0   0   0   0   0   0   0   0   0 100   0   0   0   0   0  3.03 inf
  164 R   -4  8 -3 -4 -6 -1 -3 -5 -3 -5 -3  0 -4 -5 -5 -3 -3 -5 -3 -5    0  96   0   0   0   1   0   0   0   0   1   0   0   0   0   0   1   0   1   0  2.05 inf
  165 C    2 -4 -1 -3  9 -3 -4 -3 -4 -4 -4 -4 -3 -4 -4  3 -1 -5 -4 -3   16   0   3   1  51   0   0   1   0   0   0   0   0   0   0  25   3   0   0   0  1.38 inf
  166 G   -2 -5 -3 -4 -5 -4 -5  7 -4 -6 -6 -4 -5 -6 -5 -2 -4 -5 -6 -6    1   0   0   0   0   0   0  99   0   0   0   0   0   0   0   1   0   0   0   0  2.08 inf
  167 I   -3 -4 -5 -5 -3 -4 -5 -5 -4  4  5 -4  0  2 -5 -4 -3 -3  0  0    0   0   0   0   0   0   0   0   0  30  59   0   0   7   0   0   0   0   4   0  0.90 inf
  168 G    1 -4 -2 -3 -3 -3 -4  7 -1 -5 -5 -3 -3 -4 -4 -1 -3 -5 -4 -5   11   0   1   0   0   0   0  82   2   0   0   0   1   0   0   3   0   0   0   0  1.49 inf
  169 E   -3 -3 -3 -1 -6  0  8 -5 -3 -6 -6 -2 -5 -6 -4 -3 -3 -6 -5 -5    0   0   0   0   0   0 100   0   0   0   0   0   0   0   0   0   0   0   0   0  2.03 inf
  170 I   -3 -4 -5 -5 -3 -4 -5 -6 -5  4  5 -4  0 -1 -5 -4 -3 -4 -2  0    0   0   0   0   0   0   0   0   0  32  66   0   0   0   0   0   0   0   0   2  1.05 inf
  171 S    0  1  0 -1 -2  0 -1 -2  2  2  0  0  0  0 -2  1  1 -3 -1  0    5   8   4   1   0   4   2   0   7  20   8   4   2   3   0  18   8   0   1   4  0.09 inf
  172 I   -3 -4 -5 -5 -3 -3 -5 -6 -5  5  5 -4  0  0 -5 -4 -3 -4 -3  0    0   0   0   0   0   1   0   0   0  36  60   0   0   3   0   0   0   0   0   0  1.00 inf
  173 P   -3 -5 -5 -4 -6 -4 -4 -5 -5 -6 -6 -3 -5 -7  9 -4 -4 -7 -6 -5    0   0   0   0   0   0   0   0   0   0   0   1   0   0  99   0   0   0   0   0  2.98 inf
  174 E    3 -2 -2  1 -4  0  6 -3 -2 -4 -4 -1 -2 -5 -2  0 -2 -5 -4 -3   28   0   0   5   0   1  59   0   0   1   0   0   1   0   1   5   0   0   0   0  0.93 inf
  175 N   -4 -3  8 -1 -5 -3 -3 -3 -2 -5 -2 -3 -4 -5 -5 -2 -2 -6 -5 -4    0   0  93   1   0   0   0   0   0   0   5   0   0   0   0   0   0   0   0   1  1.98 inf
  176 E   -3 -2 -3 -1 -6  2  7 -5 -2 -6 -5 -1 -4 -6 -4 -2 -3 -5 -4 -5    0   0   0   0   0   7  92   0   0   0   0   0   0   0   0   1   0   0   0   0  1.80 inf
  177 P   -4 -5 -5 -4 -6 -4 -4 -5 -5 -3 -6 -4 -5 -6  9 -4 -4 -7 -6 -5    0   0   0   0   0   0   0   0   0   1   0   0   0   0  99   0   0   0   0   0  2.95 inf
  178 M   -4 -4 -5 -6 -4 -3 -5 -6 -5 -2 -1 -4 11 -3 -6 -4 -4 -4 -4 -2    0   0   0   0   0   0   0   0   0   0   0   0 100   0   0   0   0   0   0   0  2.79 inf
  179 P   -4 -5 -5 -4 -6 -4 -4 -5 -5 -6 -6 -4 -5 -7  9 -4 -4 -7 -6 -5    0   0   0   0   0   0   0   0   0   0   0   0   0   0 100   0   0   0   0   0  3.03 inf
  180 G   -2 -5 -3 -4 -5 -4 -5  7 -4 -6 -6 -4 -5 -6 -5 -2 -4 -5 -6 -6    0   0   0   0   0   0   0  99   0   0   0   0   0   0   0   1   0   0   0   0  2.12 inf
  181 K   -3  0 -3 -3 -6 -1 -2 -4 -3 -5 -5  8 -4 -6 -4 -3 -3 -6 -4 -5    0   0   0   0   0   0   0   0   0   0   0 100   0   0   0   0   0   0   0   0  1.93 inf
  182 V   -2 -5 -5 -5 -3 -5 -5 -6 -5  2 -1 -5 -1 -3 -5 -4 -1 -5 -3  7    0   0   0   0   0   0   0   0   0   6   0   0   0   0   0   0   1   0   0  93  1.50 inf
  183 N   -4 -3  9 -1 -5 -3 -3 -3 -2 -6 -6 -3 -5 -6 -5 -2 -3 -7 -5 -6    0   0 100   0   0   0   0   0   0   0   0   0   0   0   0   0   0   0   0   0  2.35 inf
  184 P   -4 -5 -5 -4 -6 -4 -4 -5 -5 -6 -6 -4 -5 -7  9 -4 -4 -7 -6 -5    0   0   0   0   0   0   0   0   0   0   0   0   0   0 100   0   0   0   0   0  3.03 inf
  185 T   -2 -4 -3 -4 -3 -3 -3 -4 -4 -3 -3 -3 -3 -5 -4 -1  7 -5 -4  0    0   0   0   0   0   0   0   0   0   0   0   0   0   0   0   1  92   0   0   7  1.66 inf
  186 Q   -3 -2 -3 -3 -6  8 -1 -5 -1 -3 -3 -1 -1 -6 -4 -3 -3 -5 -4 -3    0   0   0   0   0  93   0   0   1   2   2   0   1   0   0   0   0   0   0   2  2.00 inf
  187 C    1 -5 -2 -5 10 -4 -4 -4 -5 -3 -4 -4 -4 -5 -1  1 -2 -5 -4 -1   12   0   2   0  65   0   1   0   0   0   0   0   0   0   3  13   0   0   0   5  1.77 inf
  188 E   -3 -3 -3 -1 -6  0  8 -5 -3 -6 -6 -2 -5 -6 -4 -3 -3 -6 -5 -5    0   0   0   0   0   0 100   0   0   0   0   0   0   0   0   0   0   0   0   0  2.03 inf
  189 A    6 -3 -3 -4 -3 -2 -3 -2 -4 -3 -3 -3  1 -4 -3  1 -1 -5 -4 -2   87   0   0   0   0   0   0   0   0   0   0   0   3   0   0   8   1   0   0   1  1.23 inf
  190 L   -2 -4 -5 -5 -3 -3 -4 -5 -4  2  4 -4  6 -1 -4 -4 -2 -3 -3  2    2   0   0   0   0   0   0   0   0   7  50   0  28   0   0   0   1   0   0  12  0.87 inf
  191 T    0 -3 -1 -3 -2 -1 -3 -4 -4 -2 -1 -3  0 -4 -3  0  6 -4 -4 -1    5   0   1   0   1   2   0   0   0   1   4   0   3   0   0   5  74   0   0   3  1.03 inf
  192 M   -4 -4 -5 -6 -4  2 -4 -5 -4 -2 -1 -4 10 -3 -5 -4 -3 -4 -4 -2    0   0   0   0   0  11   0   0   0   0   0   0  89   0   0   0   0   0   0   0  2.34 inf
  193 L   -1 -4 -5 -5 -2 -4 -4 -5 -5  3  1 -4 -1 -2 -4 -3 -2 -5 -3  6    2   0   0   0   1   0   0   0   0  12  10   0   0   0   0   1   0   0   0  75  1.07 inf
  194 C    4 -5 -4 -5  9 -4 -4 -2 -2 -3 -4 -4 -3 -5 -4 -1 -2 -5 -4 -1   34   0   0   0  57   0   0   1   1   0   0   0   0   0   0   2   1   0   0   4  1.68 inf
  195 C    4 -3 -3 -4  4 -3 -3 -2 -4  0 -1 -2 -1 -3 -3  0  1 -4 -3  2   51   0   0   0  12   0   0   0   0   5   3   1   1   0   0   3   8   0   0  16  0.57 inf
  196 Q   -3  1 -2 -3 -6  8 -1 -4  2 -5 -5  0 -3 -6 -4 -3 -3 -5 -4 -5    0   6   0   0   0  88   0   0   4   0   0   2   0   0   0   0   0   0   0   0  1.92 inf
  197 V   -2 -5 -5 -6 -3 -5 -5 -6 -6  2 -1 -5 -1 -3 -5 -4 -2 -5 -3  7    0   0   0   0   0   0   0   0   0   6   0   0   0   0   0   0   0   0   0  93  1.53 inf
  198 M   -3 -4 -5 -5 -4 -3 -5 -5 -2  3  1 -4  8  3 -5 -4 -3 -3 -1  0    0   0   0   0   0   0   0   0   1  19   6   0  55  16   0   0   0   0   1   3  1.23 inf
  199 G   -1 -5 -3 -4 -5 -4 -4  7 -4 -6 -6 -4 -5 -6 -4 -2 -4 -5 -5 -5    4   0   0   0   0   0   0  96   0   0   0   0   0   0   0   0   0   0   0   0  1.99 inf
  200 N   -4 -3  8 -1 -5 -2 -2 -3  0 -5 -3 -3 -4 -5 -5 -2 -3 -6 -2 -5    0   0  91   1   0   0   1   0   2   0   3   0   0   0   0   1   0   0   2   0  1.91 inf
  201 D   -4 -3  2  7 -5  1 -1 -3  6 -5 -6 -3 -5 -5 -4 -2 -3 -6 -3 -5    0   0   8  63   0   5   0   1  22   0   0   0   0   0   0   0   0   0   0   0  1.44 inf
  202 V    3 -3 -1 -3 -2 -1 -2 -2 -2 -1 -1 -2  0 -3 -3  0  3 -4 -3  3   30   0   2   0   0   3   0   1   1   0   3   0   3   0   0   4  20   0   0  33  0.40 inf
  203 A    5 -3 -3 -3 -2 -3 -3 -1 -4 -2 -3 -3 -3 -4 -3  0  4 -4 -4 -1   64   0   0   0   0   0   0   2   0   0   0   0   0   0   0   3  28   0   0   3  0.89 inf
  204 I   -2 -5 -4 -5 -2 -4 -5 -5 -5  5  0 -4  0 -2 -4 -4 -1 -5 -3  5    1   0   0   0   0   0   0   0   0  42   3   0   1   0   0   0   1   0   0  50  1.01 inf
  205 N    2 -3  2 -2 -3 -1 -2  3 -3 -2 -3 -2 -3 -4 -3  2  4 -4 -3 -2   16   0   9   0   0   1   0  22   0   2   0   1   0   0   0  15  33   0   0   1  0.51 inf
  206 M   -2 -4 -4 -5 -3 -4 -4 -5 -4  3  0 -4  3  5 -4 -3 -2 -2  0  3    3   0   0   0   0   0   0   0   0  23   5   0  11  36   0   0   1   0   0  21  0.76 inf
  207 G    5 -4 -3 -3 -2 -3 -3  4 -4 -4 -4 -3 -3 -4 -3  0 -2 -4 -4 -3   57   0   0   0   0   0   0  39   0   0   0   0   0   0   0   3   0   0   0   0  1.05 inf
  208 G    2 -4 -1 -3 -4 -3 -4  6 -4 -5 -5 -3 -4 -5 -4 -1 -3 -5 -5 -4   21   0   1   1   0   0   0  75   0   0   0   0   0   0   0   2   0   0   0   0  1.40 inf
  209 A    3 -3 -2 -3 -1 -1 -2 -1 -3 -3 -3 -2  1 -4 -3  5  0 -5 -4 -3   29   0   0   0   1   1   0   1   0   0   1   0   5   0   0  59   3   0   0   0  0.82 inf
  210 S   -1 -1  3 -2 -4  6  0  0  0 -4 -4 -1 -1 -4 -3  2 -1 -2 -3 -4    2   1  14   0   0  48   2   5   2   0   1   1   1   1   0  19   2   0   0   0  0.75 inf
  211 G   -2 -5 -3 -3 -5 -4 -4  7 -4 -6 -6 -4 -5 -5 -4 -2 -4 -5 -5 -5    0   0   0   1   0   0   0  98   0   0   0   0   0   0   0   0   0   0   0   0  2.04 inf
  212 N   -3 -2  6 -1 -5  2 -2 -3  7 -3 -5 -2 -3 -4 -4 -2 -2 -2  0 -4    1   1  43   0   0  11   0   0  37   1   0   0   0   0   0   1   1   1   2   0  1.28 inf
  213 F   -4 -5 -5 -6 -3 -5 -5 -5 -3 -1  2 -5 -1  8 -6 -5 -4 -1  2 -3    0   0   0   0   0   0   0   0   0   1  17   0   0  78   0   0   0   0   3   0  1.68 inf
  214 E   -3 -2 -2  0 -6  3  7 -4 -2 -5 -5 -1 -4 -5 -3 -2 -3 -5 -4 -5    0   0   1   1   0  15  82   0   0   0   0   0   0   0   0   0   0   0   0   0  1.58 inf
  215 L   -3 -4 -5 -6 -3 -4 -5 -6 -5  0  6 -4  3 -2 -5 -4 -3 -4 -3 -1    0   0   0   0   0   0   0   0   0   0  93   0   7   0   0   0   0   0   0   0  1.36 inf
  216 N   -4 -3  8 -1 -5 -3 -3 -3 -2 -6 -6 -3 -5 -6 -5 -2 -2 -6 -5 -5    0   0  98   0   0   0   0   0   0   0   0   0   0   0   0   0   1   0   0   0  2.26 inf
  217 V    0 -4 -4 -4 -2 -4 -4 -5 -5  0 -1 -4 -1 -3 -4 -3  0 -5 -2  6    7   0   0   1   0   0   0   0   0   0   1   0   0   0   0   0   6   0   1  84  1.16 inf
  218 F   -3 -4 -5 -5 -4 -4 -5 -5 -2 -2 -1 -4  4  7 -5 -3 -4 -1  6 -3    1   0   0   0   0   0   0   0   0   0   1   0  12  58   0   1   0   0  25   0  1.49 inf
  219 R   -2  3  1 -3 -2 -1 -1 -3 -3 -2 -1  6  3 -4 -3 -2 -2 -5 -3 -3    1  12   5   0   1   0   0   0   0   2   5  65   8   0   0   0   0   0   0   0  0.91 inf
  220 P   -3 -5 -5 -4 -5 -4 -4 -5 -5 -5 -5 -4 -5 -6  9 -3 -3 -6 -6 -5    0   0   0   0   0   0   0   0   0   0   0   0   0   0  98   0   0   0   0   0  2.93 inf
  221 M   -2 -4 -3 -5 -3 -3 -4 -5 -4  1  3 -4  5 -2 -4 -3 -2 -4 -3  5    0   0   1   0   0   1   0   0   0   2  27   0  18   0   0   0   0   0   0  51  0.82 inf
  222 V   -3 -4 -3 -5 -1 -4 -5 -5 -4  6  1 -4  6 -2 -4 -4 -2 -4 -3  1    0   0   1   0   1   0   0   0   0  56   6   0  28   0   0   0   1   0   0   6  1.06 inf
  223 I    3 -4 -4 -4 -2 -3 -3 -1 -4  5 -1 -3  0 -2 -3 -1 -2 -4 -3  1   37   0   0   0   0   0   0   5   0  45   2   0   1   0   0   2   1   0   0   8  0.60 inf
  224 H    0  0  1 -2 -3 -1 -2 -3  5 -3 -2 -1 -2  2 -4  0 -2  1  6 -3    8   6   6   1   0   1   1   0  19   0   1   2   0   8   0  10   0   1  32   0  0.61 inf
  225 N    0 -3  8  0 -1 -2 -2 -2 -2 -5 -5 -2 -4 -5 -4 -1 -1 -5 -4 -4    9   0  81   2   1   0   0   1   0   0   0   0   0   0   0   2   1   0   0   0  1.54 inf
  226 F   -2 -4 -3 -4 -1 -4 -4 -4 -3  1  2 -4  1  5 -4 -3 -1 -2  1  3    1   0   1   0   1   0   0   0   0   6  24   0   3  29   0   0   3   0   2  28  0.55 inf
  227 L   -3 -4 -5 -5 -3 -4 -5 -5 -5  1  6 -4  2 -1 -3 -4 -2 -2 -3 -1    0   0   0   0   0   0   0   0   0   4  89   0   3   0   1   0   1   0   0   1  1.18 inf
  228 Q   -3  2  0 -1 -5  6  2 -3  4 -5 -4 -1 -2 -5 -3 -1 -1 -4 -3 -4    0   8   3   1   0  56  12   0  11   0   0   1   0   0   0   3   3   0   0   0  1.02 inf
  229 S    0 -3 -2 -3 -3 -2 -2 -2 -3 -3 -5 -2 -4 -5 -3  7  0 -5 -4 -4    2   0   0   0   0   0   0   0   0   1   0   0   0   0   0  94   1   0   0   0  1.49 inf
  230 V    1 -4 -4 -4  0 -3 -4 -3 -4  5  0 -3  1 -2 -3 -2 -1 -4 -2  3   15   0   0   0   2   0   0   1   0  43   4   0   4   0   0   2   2   0   1  25  0.56 inf
  231 R   -1  6  0  0 -4  3  0 -3  0 -4 -3  1 -3 -4 -3 -1  0 -4 -1 -3    4  53   3   4   0  13   5   1   2   0   1   4   0   0   0   1   6   0   1   0  0.74 inf
  232 L   -3 -4 -5 -5 -3 -4 -5 -5 -5  2  6 -4  0 -1 -5 -4 -2 -4 -3 -1    0   0   0   0   0   0   0   0   0  10  86   0   0   0   0   0   1   0   0   1  1.19 inf
  233 L   -3 -4 -5 -5 -3 -4 -5 -5 -5  2  6 -4  2 -1 -5 -4 -3 -3 -3  0    0   0   0   0   0   0   0   0   0  11  83   0   4   0   0   0   0   0   0   1  1.14 inf
  234 A    4 -3 -2 -3 -2 -2 -2  3 -2 -4 -4 -2 -3 -4 -3  3  1 -4 -4 -3   42   0   0   0   0   0   0  24   1   0   0   0   0   0   0  24   9   0   0   0  0.65 inf
  235 D   -3 -4  1  7 -6 -2  0 -1 -3 -5 -6 -3 -5 -6 -4 -2 -3 -6 -5 -5    1   0   6  84   0   0   3   3   0   0   0   0   0   0   0   1   0   0   0   0  1.73 inf
  236 G    4 -3 -2 -3 -1 -3 -3  4 -3 -3 -4 -3 -2 -4 -3  2 -1 -4 -4 -1   42   0   0   0   1   0   0  34   0   0   0   0   1   0   0  15   3   0   0   4  0.70 inf
  237 M    1 -4 -3 -4  7 -3 -4 -3 -4  1 -1 -3  5 -3 -4  1 -1 -4 -3 -1   14   0   0   0  31   0   0   0   0   9   3   0  24   0   0  13   2   0   0   3  0.84 inf
  238 E    0  3  1  0 -3  0  1 -2  1 -1 -1  1 -1 -3 -3  0  0 -3 -1  1    9  25   7   6   0   3   8   0   5   4   3   7   1   0   0   4   4   0   1  13  0.18 inf
  239 S    1 -2  2 -2 -1 -1 -2 -2 -2 -4 -3 -1 -3 -4 -3  5  1 -5 -4 -2    7   0  10   0   1   1   0   1   1   0   2   3   0   0   0  65   5   0   0   3  0.76 inf
  240 F   -5 -5 -6 -6 -5 -6 -6 -6 -4 -3 -1 -6 -2  9 -6 -5 -5 -2  1 -3    0   0   0   0   0   0   0   0   0   0   3   0   0  96   0   0   0   0   0   0  2.37 inf
  241 N    1  2  3  1  0  0  0 -1  0 -3 -3 -1 -2 -4 -3  1  2 -4 -3 -2   16  16  18   8   2   2   5   2   2   0   0   0   0   0   0   6  20   0   0   2  0.31 inf
  242 K   -1  0  0  4 -3  1  3 -3  1 -1 -2  2 -2 -3 -2 -1  1 -4 -3 -1    2   5   2  25   0   5  23   0   3   4   2  12   0   0   0   2   8   0   0   5  0.35 inf
  243 H   -2  2  4 -2 -5 -1 -2 -3  7 -4 -4  1 -3  2 -4 -2 -3 -3  2 -4    2  11  29   0   0   0   0   0  33   0   0   9   0   8   0   0   0   0   8   0  0.92 inf
  244 C   -2 -5 -5 -6 10 -5 -6 -4 -5 -3  0 -5  2 -1 -5 -1 -3 -5 -4 -3    2   0   0   0  73   0   0   1   0   0  11   0   6   3   0   3   1   0   0   0  2.15 inf
  245 A    2 -4 -4 -4 -2 -3 -3 -4 -4  2  1 -4  0 -2 -4 -2 -2 -4 -3  5   24   0   0   0   0   0   0   0   0  10  11   0   1   0   0   0   0   0   0  54  0.70 inf
  246 V    0  0 -1  1 -1  1  2 -2 -1  0 -2  0 -1 -3 -3  0 -1 -4 -1  2   10   6   2   8   1   6  18   0   1   3   1   7   1   0   0   4   2   0   1  27  0.17 inf
  247 G   -2 -5 -2 -2 -5 -4 -4  7 -4 -6 -6 -2 -5 -6 -5 -2 -4 -5 -5 -6    0   0   1   2   0   0   0  96   0   0   0   2   0   0   0   0   0   0   0   0  1.98 inf
  248 I   -2 -4 -5 -5 -2 -4 -5 -5 -5  6  3 -4  2 -2 -4 -4  0 -4 -3  1    1   0   0   0   1   0   0   0   0  63  24   0   4   0   0   0   6   0   0   2  0.95 inf
  249 E   -2  1 -2 -1 -5  3  5 -4 -1 -4 -4  3 -3 -5 -3 -2 -1 -4 -3 -3    1   7   0   0   0  15  55   0   0   0   1  16   0   0   0   0   2   0   0   1  0.92 inf
  250 P   -3 -4 -4 -4 -5 -3 -3 -4 -4 -5 -5 -3 -5 -6  9 -3 -3 -6 -5 -5    0   0   0   0   0   0   0   0   0   0   0   0   0   0 100   0   0   0   0   0  2.86 inf

                      K         Lambda
Standard Ungapped    0.1343     0.3202
Standard Gapped      0.0649     0.2670
PSI Ungapped         0.2116     0.3136
PSI Gapped           0.0649     0.2670
