
Last position-specific scoring matrix computed, weighted observed percentages rounded down, information per position, and relative weight of gapless real matches to pseudocounts
           A  R  N  D  C  Q  E  G  H  I  L  K  M  F  P  S  T  W  Y  V   A   R   N   D   C   Q   E   G   H   I   L   K   M   F   P   S   T   W   Y   V
    1 R   -5  9 -4 -5 -7 -3 -4 -6 -4 -7 -6  0 -5 -7 -6 -5 -5 -7 -6 -6    0  97   0   0   0   0   0   0   0   0   0   3   0   0   0   0   0   0   0   0  2.66 inf
    2 D   -2 -3  0  7  1 -2  2 -4 -2 -2 -5 -2 -4 -5 -2  1 -3 -6  0 -5    3   1   3  58   3   0  12   0   1   2   0   1   0   0   2   9   0   0   4   0  1.11 inf
    3 P   -3 -2 -3  1 -7  0  7 -3 -4 -6 -6 -3 -5 -6  1 -3 -4 -6 -5 -1    1   1   1   5   0   3  75   2   0   0   0   0   0   0   6   1   0   0   0   5  1.50 inf
    4 D   -1 -1  2  3 -3 -1  0  2 -3 -5 -4 -2 -4 -2 -1  4  0 -5 -3 -3    2   2  11  19   0   1   4  14   0   0   0   0   0   2   3  33   6   0   1   1  0.53 inf
    5 A    0 -1  0  0 -2  1  0  2  0 -3 -2 -2  0 -1  1  1  2  1  0 -2    8   2   4   6   1   7   4  18   2   0   3   1   3   3   7   8  16   2   4   0  0.17 inf
    6 G   -1 -1  1  0 -3  0  1  1  0 -1 -2  0 -2  1  1  0  1 -3  0  0    2   2   9   5   0   2  11  12   2   4   0   4   0   8   8   7  10   0   4  10  0.11 inf
    7 I   -2 -5 -5 -5 -4 -5 -3 -5 -5  3 -1 -5 -2 -3 -2 -4  0 -5 -4  6    3   0   0   0   0   0   2   1   0  12   3   0   0   0   2   0   5   0   0  71  1.21 inf
    8 D   -5 -4  5  7 -4 -1 -2 -4 -2 -6 -7 -3 -6 -6 -5 -1 -4 -7 -4 -3    0   0  24  66   0   3   0   0   0   0   0   1   0   0   0   4   0   0   1   2  1.72 inf
    9 E   -1  0 -1  1 -4  1  3 -3  1 -1 -2  0  1 -2  4 -2 -2 -4  2 -2    4   5   2   8   0   6  19   1   4   3   3   5   5   0  21   1   1   0   9   2  0.37 inf
   10 A    2 -2  1  3 -1  1  2  1  1 -3 -2 -2 -2 -4 -2  1 -1 -4 -3 -2   18   1   6  15   1   5  17  13   3   0   5   0   0   0   1  10   2   0   0   3  0.28 inf
   11 Q   -1  0 -2 -3 -4  3 -1 -3  0  0  3  2  2 -2 -4 -2 -2 -4 -3 -2    4   5   1   1   0  15   2   1   2   5  40  13   5   1   0   2   2   0   0   1  0.39 inf
   12 V    6 -5 -5 -5 -1 -4 -4 -3 -5  1 -3 -4 -2 -5 -4 -2 -3 -6 -5  3   68   0   0   0   1   0   0   0   0   9   0   0   1   0   0   1   0   0   0  20  1.18 inf
   13 E   -1  1 -1  2 -4  3  3 -2  0 -2 -1  2 -1 -3 -3 -1 -1 -4 -3 -1    6   9   2  11   0  13  19   3   2   2   5  16   1   0   0   1   3   0   0   6  0.29 inf
   14 Q    0  2  1  1  0  5  2 -3 -1 -4 -4  1 -1 -5 -3  0  0 -5 -4 -3    9  10   6   7   2  31  15   0   1   1   1   6   2   0   0   4   5   0   0   1  0.53 inf
   15 D   -4 -5 -2  8 -7  0  0 -5 -5 -3 -5 -4 -6 -7 -5 -4 -4 -8 -6 -4    1   0   0  87   0   3   4   0   0   2   1   0   0   0   0   0   0   0   0   2  2.16 inf
   16 A    7 -5 -5 -5 -4 -4 -4 -3 -5 -4 -4 -4 -4 -5 -4 -1 -3 -6 -5  1   89   0   0   0   0   0   0   0   0   0   0   0   0   0   0   2   0   0   0   9  1.65 inf
   17 Q   -2  3 -1 -1 -5  5  2 -4  1 -4 -4  3  2 -5 -4 -2 -2  0 -3 -2    3  13   2   2   0  28  15   0   3   0   0  22   6   0   0   1   2   2   0   3  0.66 inf
   18 A    3  1 -1  2 -2  0  2 -3 -2 -1 -2  0 -2 -4 -3 -1  0 -4 -3  1   29   7   1  14   0   5  14   0   1   2   2   4   0   0   0   2   7   0   0  12  0.27 inf
   19 L   -2 -5 -6 -7 -4 -5 -6 -7 -6  1  6 -5  2 -2 -6 -5 -4 -5 -4 -2    2   0   0   0   0   0   0   0   0   7  87   0   4   0   0   0   0   0   0   0  1.54 inf
   20 F   -2 -5 -2 -6 -5 -4 -5 -6  3 -2 -1 -3 -3  4 -6 -3 -4  5  8 -3    3   0   2   0   0   0   0   0   7   2   5   1   0  15   0   1   0   7  55   2  1.54 inf
   21 Q    1  1  1  2 -5  2  4 -3 -2 -4 -4  3 -3 -5 -3 -1 -2 -5 -3 -4   16   8   5   9   0   7  32   1   0   1   0  16   0   0   0   3   0   0   0   0  0.56 inf
   22 A    6 -4 -4 -2  0 -3 -3 -3 -4 -1 -3 -1 -1 -5 -4  0 -1 -5 -5 -2   76   0   0   2   2   0   1   0   0   3   2   3   2   0   0   5   2   0   0   2  1.13 inf
   23 G   -2 -3 -1 -4  1 -4 -1  6 -4 -5 -2 -4 -4 -2 -4 -2 -2 -1 -5 -2    1   1   2   0   4   0   4  73   0   0   4   0   0   2   0   1   2   1   0   3  1.29 inf
   24 E   -2 -3 -3 -2 -5  1  7 -4 -3 -4 -5  1 -3 -5 -2 -3 -3 -5 -4  0    3   0   0   0   0   4  70   0   0   1   1   7   1   0   2   0   1   0   0   8  1.29 inf
   25 L    1  1  0 -1 -1  2  0  4 -2 -3 -2  3 -2 -4 -3 -1 -2 -4 -3 -1   10   6   4   3   1   9   4  30   1   0   4  21   1   0   0   1   1   0   0   4  0.37 inf
   26 K   -3  5  0 -1 -1  1 -1 -2  0 -2 -4  5 -2 -4 -3 -2 -2 -4 -3 -3    1  37   3   4   1   4   1   3   2   3   1  33   1   0   0   2   1   0   0   1  0.82 inf
   27 W   -3 -1 -3 -4 -3 -3 -4 -4 -1  0  1  2  2  1 -2 -2 -1  9  0 -1    1   2   1   0   1   1   0   0   1   6  14  14   5   4   2   2   5  34   2   4  1.03 inf
   28 G   -1 -1 -1 -3 -4 -3 -4  7 -4 -5 -5 -2 -4 -5 -4 -1 -2 -4 -5 -5    3   3   2   1   0   0   1  79   0   0   1   3   0   0   0   3   2   0   0   1  1.52 inf
   29 T   -2 -2 -3 -3 -3 -3 -1 -4 -4 -1 -3 -1 -1 -4 -3 -1  7 -4 -4 -2    2   1   0   1   0   0   4   1   0   3   1   3   1   0   1   3  75   0   0   2  1.33 inf
   30 D   -3 -2  0  7 -5 -3  1 -4  1 -5 -4 -3 -4 -5 -4 -2 -3 -5 -4 -3    2   2   3  73   0   0   6   1   4   0   2   1   0   0   0   2   1   0   0   2  1.53 inf
   31 E   -3 -3 -3  0  0 -1  6 -3 -3 -3 -4 -1 -4 -5 -2 -2 -3 -5 -4  1    1   0   0   3   2   0  66   2   0   1   1   3   0   0   1   3   1   0   0  11  1.14 inf
   32 E    0 -1  1  1 -3 -1  0 -1 -1 -2 -2  0  0 -3  0  4  0 -4 -2 -1    6   2   8   7   0   2   5   4   1   3   3   5   3   0   5  35   5   0   1   4  0.26 inf
   33 K    1  0  0 -2 -1  1  0 -2 -1 -1 -2  2  1 -3 -2 -1  2 -3 -3  2   13   5   6   0   1   5   5   3   1   3   2  18   4   0   0   2  15   0   0  16  0.18 inf
   34 F   -4 -3 -4 -5 -4 -4 -4 -5  2  0 -1 -4 -1  8 -5 -4 -4  4  0 -1    1   2   0   1   0   0   1   1   6   5   5   1   1  67   0   1   1   5   0   3  1.50 inf
   35 I   -3 -3  4 -3  3 -1 -3 -3 -2  4  0 -2  1 -1 -3 -1  0 -4 -1  1    1   0  23   1   6   3   1   1   1  33   5   1   3   2   0   3   5   0   2  10  0.47 inf
   36 T   -1  2  1  0 -3  0  1 -2  0 -2 -2  1  1 -2 -1  1  3 -3 -1 -2    4  14   6   3   0   3   7   1   2   1   1   8   5   2   3  11  23   0   2   2  0.23 inf
   37 I   -1 -4 -4 -4 -3 -4 -1 -5 -4  6  0 -4  0 -3 -2 -4 -3 -4 -3  3    4   0   0   1   0   0   6   1   0  61   4   1   2   0   2   1   1   0   0  15  1.03 inf
   38 F   -3 -3 -4 -4 -3 -3 -4 -4 -4  1  5 -4  3  3 -2 -3  0 -3 -2  0    1   1   0   1   0   0   1   1   0   6  56   1   6  14   2   1   6   0   0   4  0.69 inf
   39 G    2 -3 -2 -3  6  0 -2  0 -3  0 -2 -2 -1 -2 -3  2  3 -3 -3  0   16   1   0   1  18   6   1   8   0   4   3   1   2   2   1  14  19   0   0   5  0.38 inf
   40 T   -1 -1  2  0 -1  1  2 -1  2 -3 -2  0 -2 -3 -2  2  3 -3 -2 -2    4   2   9   3   1   4  12   3   7   1   3   6   0   0   1  18  23   0   0   2  0.29 inf
   41 R   -1  6 -2 -3 -1  1 -1 -3  1 -1 -3  1 -3 -4 -3  1 -2 -4 -1 -3    4  57   0   1   1   4   2   1   3   4   2   5   0   0   1  12   1   0   2   1  0.91 inf
   42 S   -1 -3  3 -2 -3 -2 -2 -2 -3 -4 -4 -1 -3 -4  2  5  1 -4 -4 -3    2   1  13   1   0   0   1   2   0   1   1   2   0   0   8  60   7   0   0   1  0.89 inf
   43 V   -1  0 -1 -2 -3 -2 -2 -3  0 -1 -1 -1  0  4  2 -1 -2  2  4  1    6   7   2   2   0   1   1   2   2   2   3   3   2  22  11   3   1   2  17  10  0.31 inf
   44 S    1 -1  0  0 -1  1  0  0  0 -3 -2 -1 -1 -3  4  0 -1  1 -1 -2   17   2   5   5   1   9   7   8   2   1   3   3   2   0  23   4   3   2   3   1  0.32 inf
   45 H   -1  0  0 -1 -3  3  2 -2  5 -2 -1  0  1  1 -2 -1 -1 -2  0 -2    1   1   1   1   0  20  18   1  33   1   1   1   9   9   1   1   1   0   0   1  0.32 inf
   46 L   -1  1 -2 -2 -1 -1 -2 -3 -2  2  3 -1  2  0 -2 -2 -1 -2 -1  1    1  13   1   1   0   1   1   1   0  14  42   1   9   1   1   1   1   0   1  10  0.17 inf
   47 R    0  4  0 -2  1  1  1 -3  1 -1  0  1  1 -3 -3  0 -1  3  0 -1    7  23   4   0   3   6   9   1   3   3   8   6   3   0   0   7   3   4   3   4  0.22 inf
   48 K    1  1 -1 -2  2  0  0 -3  1 -1  1  1  1 -2  0 -1 -1  2  0 -1   16   9   3   0   4   5   5   0   3   4  14  10   5   0   4   4   3   3   4   3  0.10 inf
   49 V    1 -1 -2 -2 -2 -1 -2 -2 -2  1  1  1  2 -1 -2  1  1 -3 -2  1   13   0   0   0   0   0   0   0   0  13  13  13  13   0   0  13  12   0   0  13  0.13 inf
   50 F    0 -3 -2 -3  0 -2 -6 -6 -5 -2  1 -5  2  7 -6 -1 -1 -4  0 -3    7   1   3   2   2   2   0   0   0   1  11   0   5  54   0   6   4   0   2   1  1.20 inf
   51 D   -1  0  0  2 -5  4  3 -3  0 -3 -2  0 -1  0 -2  0  0 -5 -1 -2    4   3   3  11   0  23  18   1   2   1   4   5   1   4   1   8   6   0   2   2  0.38 inf
   52 K    2  0 -1 -3 -1 -1  4 -3 -1 -1 -3  0  1 -3  0 -2 -1 -5  1 -2   22   5   3   0   1   1  33   1   1   3   2   6   3   1   5   1   3   0   5   3  0.45 inf
   53 Y   -7 -7 -7 -8  2 -7 -7 -8 -4 -6 -6 -7 -6  2 -8 -1 -7 -3 10 -6    0   0   0   0   4   0   0   0   0   0   0   0   0   6   0   5   0   0  85   0  3.08 inf
   54 M   -1  1 -1 -2 -4  3  2 -2  3 -2 -3  2  0 -3 -1  1 -1 -5 -2  0    4   8   2   1   0  13  16   2   7   2   2  14   2   1   2  11   3   0   1   8  0.29 inf
   55 T   -1  3  2 -1 -5  2 -1 -3  2 -3 -5  5 -2 -3 -4  0  0 -5 -2 -3    4  15   9   3   0   8   3   1   5   1   0  32   1   1   0   8   5   0   1   1  0.59 inf
   56 I   -2 -2 -5 -3 -4 -3 -3 -6 -1  4  2  0  6  0 -5 -4 -2  1  3  0    3   1   0   1   0   1   1   0   2  23  19   6  20   4   0   0   2   2  11   4  0.66 inf
   57 S    2 -4 -1 -4  4 -4 -4 -2  2 -1 -4 -2 -4 -1 -4  3  2 -4  5 -3   17   0   3   0   8   0   0   3   5   3   0   2   0   2   0  26  11   0  18   1  0.62 inf
   58 G   -2 -1  2 -1 -5  1 -1  5 -1 -6 -5  3 -5 -6  0 -2 -2 -6 -5 -4    1   2   9   3   0   5   4  44   1   0   1  21   0   0   4   2   1   0   0   1  0.80 inf
   59 F   -3  3  1 -2  1  1 -1 -5  6 -5 -5  3 -1 -1 -5 -2 -2 -4  3 -2    1  17   6   1   4   5   2   0  21   0   0  22   2   2   0   2   2   0  11   3  0.74 inf
   60 Q   -3 -4  0  6 -2 -1  1 -2 -4 -6 -5 -2 -5 -6 -1  2  2 -7 -5 -5    1   0   3  49   1   2   9   3   0   0   1   2   0   0   4  15  11   0   0   0  1.01 inf
   61 I   -3 -5 -6 -6 -4 -5 -6 -6 -5  6  3 -5  4  0 -6 -2 -4 -5 -1  0    2   0   0   0   0   0   0   0   0  42  32   0  12   4   0   3   0   0   2   4  1.09 inf
   62 E   -1 -1  1  0 -5  1  5 -2 -3 -1  0  0 -1 -3 -4 -2 -1 -5 -4 -1    4   2   5   2   0   5  46   3   0   4  10   5   1   1   0   2   4   0   0   6  0.56 inf
   63 E   -2  0  0  3 -5  3  3 -3 -1 -5 -5  4 -2 -5 -4  0 -2 -5 -3 -4    2   3   3  18   0  11  22   2   1   0   0  29   1   0   0   6   1   0   1   0  0.69 inf
   64 T    4 -1 -3 -2 -3 -3 -3 -1 -2 -3 -3 -3  1 -4 -3  4  1 -5 -4  0   38   4   0   1   0   0   0   3   1   0   1   0   4   0   0  30   8   0   0   7  0.63 inf
   65 I   -3 -5 -6 -6 -4 -5 -6 -6 -6  7  2 -5  1 -3 -5 -5 -3 -5 -4  2    1   0   0   0   0   0   0   0   0  65  18   0   3   0   0   0   0   0   0  10  1.40 inf
   66 D   -2  2  0  3 -1  0  2 -3 -3 -4 -5  5 -2 -5 -3  0 -2 -5 -4 -4    3   8   3  16   2   3  14   1   0   1   0  39   1   0   0   8   1   0   0   0  0.69 inf
   67 R   -1  3  1  0 -4  0  0 -1  2 -3 -1  3 -2 -3 -3  2 -1 -4 -3 -3    4  18   7   4   0   4   5   3   4   1   6  17   1   1   0  22   3   0   0   0  0.34 inf
   68 E   -4 -3 -4 -1  1 -1  7 -2  1 -7 -6 -2 -6 -3 -5 -4 -5 -6 -5 -6    0   1   0   1   4   1  84   3   3   0   0   2   0   2   0   0   0   0   0   0  1.90 inf
   69 T   -2 -4 -1 -5  0 -4 -5 -3 -4 -1  1 -3  6  5 -5 -3  3 -3  0 -1    2   0   3   0   2   0   0   2   0   1  13   1  22  28   0   0  21   0   2   4  0.80 inf
   70 S   -2 -2 -3  0 -2 -3 -2 -2  1 -6 -6  2 -3 -5 -3  6 -1 -6 -2 -5    1   2   0   5   1   0   1   1   3   0   0  13   1   0   1  67   3   0   1   0  1.13 inf
   71 G   -3 -2 -2 -2 -6 -5 -5  7 -5 -7 -6 -5 -6 -2 -6 -2 -5 -6 -6 -7    1   2   2   2   0   0   0  89   0   0   1   0   0   2   0   2   0   0   0   0  2.07 inf
   72 N   -2 -3  3  5 -3  0  0 -3  5 -5 -5 -2 -4 -4 -2  1 -1 -5  2 -4    3   0  12  39   0   3   5   0  13   0   0   1   0   0   2   8   3   0   7   0  0.82 inf
   73 L   -2 -4 -3 -5 -4 -3 -5 -3 -4  2  4 -4  2  4 -5 -3 -1 -3  1  1    3   0   1   0   0   1   0   2   0  13  38   0   5  22   0   1   3   0   3   8  0.66 inf
   74 E   -2  1 -3 -1 -1  3  5 -2  1 -5 -1  2 -2 -4 -4 -3 -2 -5 -1 -4    2   8   0   1   1  10  48   2   3   0   7  12   1   1   0   0   1   0   2   0  0.79 inf
   75 Q   -2  0  2  4 -3  1  2 -3  0 -4 -3  3 -2  0 -3  1 -2 -5 -1 -3    2   3   9  26   0   6  11   1   2   0   2  19   1   4   0  10   1   0   2   1  0.45 inf
   76 L    4 -4 -4 -4  4 -4 -4  3 -4 -2  1 -3 -3 -3 -4  0 -1 -5 -4 -1   39   0   0   0   9   0   0  26   0   2  13   0   0   1   0   5   3   0   0   2  0.67 inf
   77 L   -4 -5 -6 -6 -4 -5 -6 -6 -4  0  5 -5  5  3 -6 -3 -4 -3  3 -2    0   0   0   0   0   0   0   0   0   3  59   0  14  13   0   1   0   0   9   1  1.16 inf
   78 L   -3 -1 -2 -4 -3 -2 -4 -5 -4  1  4  1  2 -1 -4 -1  0 -4 -3  1    0   3   2   0   0   2   0   0   0   7  47  12   5   1   0   4   6   0   0  11  0.52 inf
   79 A    5 -3  0 -3 -1 -3 -3 -3 -4 -3 -3 -2 -2  0 -4  1  4 -5 -2 -1   46   1   4   1   1   0   0   1   0   1   1   1   0   4   0   8  28   0   1   3  0.74 inf
   80 V   -3 -3 -6 -6 -4 -2 -5 -6 -5  6  2 -5  1 -3 -5 -5 -2 -5 -2  3    1   1   0   0   0   2   0   0   0  51  18   0   2   0   0   0   2   0   1  22  1.08 inf
   81 V   -1 -5 -6 -6 -2 -5 -5 -5 -6  2  1 -5 -2 -2 -5 -4 -2 -5 -3  7    5   0   0   0   1   0   0   1   0   7  11   0   0   1   0   0   1   0   1  74  1.33 inf
   82 K   -2  4 -2 -3 -5  3  1 -4 -1 -3 -3  5  0 -5 -4  0 -2 -5 -3 -3    2  22   1   0   0  16   7   0   1   1   2  35   2   0   0   6   1   0   1   2  0.74 inf
   83 S   -1 -4 -4 -4 10 -6 -6 -6  0 -3 -4 -6 -4 -2 -6  0 -3 -5 -1  1    4   1   0   1  71   0   0   0   2   1   0   0   0   2   0   7   1   0   2   8  2.30 inf
   84 I    3 -4 -4 -4  1 -4 -4 -3 -4  3  0 -4  1 -1 -4 -1  0 -4 -3  3   34   0   0   0   2   0   0   1   0  20   5   0   3   3   0   2   4   0   0  26  0.55 inf
   85 R   -3  5 -1 -2  0  3  1 -3 -1 -3 -2  3 -2 -4 -4 -1  0  0 -3 -2    0  37   2   1   3  16   6   1   1   1   3  16   1   0   0   2   6   2   0   2  0.63 inf
   86 S   -3 -3  7 -2 -5 -3 -3 -3 -3 -6 -6 -3 -5 -6 -4  4 -2 -6 -5 -5    0   0  65   0   0   0   0   0   0   0   0   0   0   0   0  35   0   0   0   0  1.70 inf

                      K         Lambda
Standard Ungapped    0.1334     0.3161
Standard Gapped      0.0566     0.2670
PSI Ungapped         0.1844     0.3123
PSI Gapped           0.0566     0.2670
