
Last position-specific scoring matrix computed, weighted observed percentages rounded down, information per position, and relative weight of gapless real matches to pseudocounts
           A  R  N  D  C  Q  E  G  H  I  L  K  M  F  P  S  T  W  Y  V   A   R   N   D   C   Q   E   G   H   I   L   K   M   F   P   S   T   W   Y   V
    1 A    3 -2 -1 -2 -1 -1 -1 -1 -2 -1 -2 -1 -1 -3 -2  3  1 -3 -2  1   38   0   0   0   0   0   0   0   0   0   0   0   0   0   0  39   8   0   0  14  0.36 inf
    2 Y   -3 -3 -3 -4 -3 -3 -3 -4  0 -1 -1 -3  1  4 -4 -3 -3  1  8  0    0   0   0   0   0   0   0   0   0   0   0   0   5  17   0   0   0   0  71   8  1.14 inf
    3 T   -1 -2  0  1 -3 -1 -2 -3 -3 -3 -3 -2 -2 -4 -3  3  6 -4 -3 -2    0   0   3   7   0   1   0   0   0   0   0   0   0   0   0  23  66   0   0   0  0.89 inf
    4 T   -2 -4 -3 -4 -3 -3 -4 -4 -4  4  2 -3  0 -2  1 -2  2 -4 -3  3    2   0   1   0   0   0   0   0   0  30  19   0   0   0   7   0  20   0   0  22  0.52 inf
    5 F   -1 -5 -5 -5 -4 -5 -5 -5 -3 -2 -1 -3  1  8 -2 -4 -2 -1  4 -2    5   0   0   0   0   0   0   0   0   0   4   1   4  67   2   0   3   0  14   1  1.40 inf
    6 S   -2 -2  7 -1  1 -2 -3 -3 -2 -5 -3 -3 -4 -5 -2  3 -1 -6 -4 -5    1   1  65   1   3   0   0   0   0   0   3   0   0   0   2  22   2   0   0   0  1.26 inf
    7 A    0 -1  0 -2 -4  3  1 -2  0 -4 -3  1 -3 -5  5 -2  1 -5 -4 -3    8   2   6   0   0  14   9   1   3   0   1   9   0   0  36   0  10   0   0   1  0.73 inf
    8 T    0  0  3  0 -3  1  2 -2  0 -2 -2  1 -2 -2 -2  1  1 -4 -2 -1    6   3  16   3   0   3  17   1   2   3   4  12   0   1   0  13  11   0   0   3  0.22 inf
    9 K   -1  2  1 -1 -4  0 -1  2  0 -3 -3  2 -3 -4  2  1 -1 -4 -1 -3    3  13   7   2   0   2   2  20   3   1   2  20   0   0  12  10   1   0   2   1  0.35 inf
   10 N   -2 -2  4  3 -4 -1  0 -2  1 -1 -3 -1 -2 -1  0  0  0  1 -3  1    2   0  26  22   0   1   5   1   3   4   1   3   0   3   5   4   4   2   0  15  0.34 inf
   11 D   -2 -2  4  5 -5  0  2 -3 -2 -3 -4  0 -2 -5  0 -2 -2 -6 -4 -4    3   1  23  41   0   3  14   0   0   2   0   6   1   0   5   0   1   0   0   0  0.84 inf
   12 Q    1  1  1 -1 -3  1  1 -2  2 -1 -1  0 -1 -1  0  1  1  0  0  1   11   6  10   0   0   6   9   0   7   2   3   5   0   2   4   8  10   2   2  12  0.10 inf
   13 L    0  0 -1 -1 -2 -1 -1  0 -2  0  2 -1  2 -1 -1  0  0 -3 -2  1    8   7   1   3   0   0   3   9   0   4  27   4   8   0   2   8   7   0   0   9  0.09 inf
   14 K   -1  0  2  3 -3  0  1 -2 -1 -2  0  3 -2 -3 -2  1  1 -4 -3 -2    5   2  13  16   0   2   6   1   1   2  10  21   0   0   1   9  10   0   0   1  0.26 inf
   15 E   -2  3 -2  1 -5  1  4 -4 -2 -5 -4  3 -2 -5 -2 -2  0 -4 -1 -4    2  20   0   7   0   5  37   0   0   0   0  18   1   0   1   0   5   0   2   0  0.71 inf
   16 P   -2  4 -2 -2 -3 -2 -2 -2 -1 -5 -4  2 -4 -4  6 -1 -2 -5 -4 -4    3  30   1   2   0   1   0   4   1   0   0  16   0   1  37   3   1   0   0   1  1.01 inf
   17 M   -2 -3 -5 -4 -3 -4 -4 -3 -4  4  3 -4  6 -2 -3 -4 -3 -4 -3  2    1   1   0   1   0   0   0   2   0  27  29   0  28   0   1   0   0   0   0  10  0.86 inf
   18 F   -4 -3 -5 -5 -4 -4 -5 -5 -4  4  1 -1  0  6 -5 -4 -3  3 -1  0    0   1   0   0   0   0   0   0   0  33  13   6   1  37   0   1   0   3   0   4  0.89 inf
   19 F   -2 -1  4 -2 -4  0 -2  2 -2 -2  1 -1  0  3 -4 -2 -2 -3 -1 -3    1   3  25   0   0   4   2  19   0   1  16   4   3  18   0   1   1   0   1   0  0.38 inf
   20 G   -2 -3 -1 -1  2 -3  0  6 -4 -2 -3 -3 -4 -4 -4 -2 -3 -5 -5 -3    1   1   2   3   4   0   7  72   0   3   2   1   0   1   1   1   0   0   0   2  1.22 inf
   21 Q   -2  0  5  2 -2  3  2 -3 -1 -5 -5  1 -3 -5 -3  0 -1 -5 -4 -4    1   3  36  13   1  15  11   0   0   0   0   8   0   0   1   7   3   0   0   1  0.71 inf
   22 P   -1  0 -1 -1  1  0 -1 -1  0 -3 -3 -2 -2 -4  5  1  3 -4 -3 -2    4   5   1   2   3   5   2   5   2   1   1   1   1   0  35  11  18   0   0   2  0.66 inf
   23 V   -1 -1 -1 -2 -3 -2 -2 -2  1  0  0 -1  0 -3 -3  1  4 -4 -3  3    2   4   2   1   0   1   0   2   5   4  10   2   2   0   1  12  28   0   0  25  0.32 inf
   24 Q   -1  2  5  2 -3 -1 -1  3 -1 -5 -4  0  0 -5 -3  1 -2 -5 -4 -4    4  12  30  12   0   2   2  21   1   0   1   3   3   0   0   9   1   0   0   0  0.57 inf
   25 V    2 -4 -3 -4 -1 -3 -4 -3 -4  4  1 -4  2  2 -4 -2 -1 -3 -2  3   17   0   1   0   1   0   0   1   0  25  13   0   5   9   0   2   2   0   0  23  0.46 inf
   26 A    1 -2  3 -3 -1  0 -3 -3 -3  2  1 -3  1  1 -4 -1 -2 -3  0  2   14   1  19   0   1   4   0   0   0  15  15   0   5   6   0   2   0   0   3  14  0.25 inf
   27 R   -3  3  5  2 -5  3  1 -3 -2 -2 -2 -1 -2 -3 -4 -2 -1 -5 -4 -3    0  18  35  13   0  15   7   0   0   3   4   0   1   1   0   0   4   0   0   1  0.70 inf
   28 Y   -5 -5 -6 -6 -5 -5 -5 -6 -4 -2  3 -5 -2  4 -6 -2 -4  9  5 -3    0   0   0   0   0   0   0   0   0   1  27   0   0  19   0   4   0  29  20   0  1.54 inf
   29 D   -2 -1  6  3 -4 -2 -1 -3 -3 -2 -2 -1  1 -3  2 -2 -1 -3 -4  0    3   2  40  20   0   0   1   0   0   2   4   3   4   1   9   1   3   0   0   7  0.66 inf
   30 Q   -3  2  2  2 -4  2 -1 -3 -2  1 -3  1 -3 -4  4 -1 -1 -4 -4 -2    0  12  13  15   0   9   2   0   0  10   1  11   0   0  20   2   2   0   0   2  0.48 inf
   31 Q   -2 -3 -4 -4 -3  3 -2 -5 -2  4  1  0  3  2 -3 -3 -2 -3 -2  2    3   0   0   0   0  16   2   0   1  26  10   7  11  10   1   0   1   0   1  14  0.41 inf
   32 K   -1  3 -1 -1 -5  1  0 -4 -1 -2 -4  5 -3 -4  0 -2 -3 -4  1 -4    6  17   2   3   0   4   5   0   1   3   0  46   0   0   5   2   0   0   6   0  0.72 inf
   33 Y   -5 -4 -2  3 -6 -4 -4 -6  5 -5 -5 -4 -2  1 -4 -4 -5  0  8 -5    0   0   1  15   0   0   0   0  13   0   0   1   1   3   1   0   0   1  63   0  1.86 inf
   34 D   -2 -1 -1  3 -5  2  2 -2 -1 -4 -5  1 -4 -5  5 -1  0 -5 -4 -4    2   2   2  16   0  10  14   3   2   0   0   8   0   0  31   4   6   0   0   0  0.73 inf
   35 I   -4 -3 -5 -2 -5  0 -1 -5  1  2 -3  2 -3  0 -5 -2 -4 10 -2  0    1   0   0   3   0   4   4   0   3  14   0  13   0   3   0   2   0  43   0   8  1.48 inf
   36 F    4 -4 -4  2 -2 -3 -3 -3 -4 -2 -1 -4  0  4 -4 -2 -1  5 -1  0   37   0   0  13   1   0   0   0   0   1   4   0   3  23   0   1   3   8   1   6  0.63 inf
   37 E   -2 -1 -2 -2 -4  1  2 -4 -2 -3  1 -3  0  1 -4  0 -2  7  5 -2    2   2   2   2   0   8  16   0   0   0  13   0   3   6   0   7   1  15  21   3  0.60 inf
   38 K   -2  0  0  3 -4  1  4 -2 -1 -4 -4  3 -1 -4 -1 -1  0 -4 -4 -4    2   4   4  19   0   5  32   3   1   0   1  17   2   0   2   2   5   0   0   1  0.57 inf
   39 L   -1 -1 -4 -5 -3 -2 -4 -5  0  1  3  1  3  0 -4 -3 -2  5  0  1    4   2   0   0   0   1   0   0   3   6  39  10   9   4   0   0   1   7   2  12  0.47 inf
   40 I   -3 -5 -5 -6 -4 -5 -5 -6 -2  2 -3 -5 -4  2 -6 -3 -1  8  8 -3    1   0   0   0   0   0   0   0   0  11   1   0   0   6   0   2   4  21  53   1  1.83 inf
   41 E   -3  3  1  1 -5  2  2 -3 -2 -3  1  4 -1 -4 -3 -2 -2 -5 -4 -3    0  14   8   9   0   7  16   1   0   1  15  27   1   0   0   0   1   0   0   0  0.46 inf
   42 K    0  3  1  0 -4  4  0 -3 -2 -2 -2  3 -1 -4 -3 -1  1 -4 -3 -2    6  15   6   5   0  20   4   0   0   1   2  24   1   0   0   2  10   0   0   3  0.45 inf
   43 Q    3 -3 -1 -4 -4  4 -2  1 -3 -2  2 -3  5 -3 -4 -2 -2 -4 -4 -2   25   0   2   0   0  20   0  10   0   1  20   0  19   0   0   1   1   0   0   0  0.56 inf
   44 L   -1  0 -1 -3  4  0  0 -4 -3  1  2  0  2 -1 -3 -1  1 -4 -3  0    2   7   2   0  11   3   9   0   0   8  23   6   7   1   0   2  12   0   0   6  0.22 inf
   45 S    3  0  2 -2 -3 -2  0  1 -1 -4 -3  0 -2 -4 -2  2  0 -5 -4 -2   32   4  12   0   0   0   5  11   1   0   1   7   1   0   1  20   4   0   0   1  0.41 inf
   46 F   -4 -4  7 -2 -5  1 -3 -2 -3 -2 -5 -3 -4  3 -5  0 -3 -5 -1 -4    0   0  65   0   0   8   0   1   0   2   0   0   0  14   0   7   0   0   1   1  1.43 inf
   47 F   -5 -5 -1  0 -5 -4 -5 -5  6 -3 -3 -5 -3  8 -6 -3  1 -3  1 -4    0   0   2   5   0   0   0   0  18   1   0   0   0  60   0   1  12   0   2   0  1.55 inf
   48 W   -7 -7 -8 -8 -7 -6 -7 -7 -7 -7 -6 -7 -6 -3 -8 -7 -7 13 -2 -7    0   0   0   0   0   0   0   0   0   0   0   0   0   0   0   0   0  99   0   0  4.89 inf
   49 R   -2  2 -3 -4 -3 -1 -2 -4 -3  3  1 -2  3  1 -4 -2  2 -3 -2  0    2  16   0   0   0   3   2   0   0  20  16   1  10   8   0   2  19   0   0   2  0.36 inf
   50 P    0 -5 -5 -3 -6 -4  0 -5 -5 -5 -6 -4 -5 -7  8 -3 -4 -7 -6 -1    8   0   0   1   0   0   7   0   0   0   0   0   0   0  78   1   0   0   0   5  2.23 inf
   51 E   -3 -2  0  2 -6  3  6 -4 -3 -5 -3  0 -4 -2 -4 -2  0 -5 -4 -3    0   1   3  12   0  11  59   0   0   0   2   3   0   2   0   1   5   0   0   1  1.06 inf
   52 E   -3  0 -3  0 -7 -1  7 -5 -3 -6 -6  3 -5 -6 -4 -3 -4 -6 -5 -6    1   3   0   4   0   0  78   0   0   0   0  14   0   0   0   0   0   0   0   0  1.70 inf
   53 V   -3 -6 -6 -6 -4 -5 -6 -6 -6  5 -1 -5 -2 -3 -5 -5 -2 -6 -4  6    0   0   0   0   0   0   0   0   0  40   2   0   0   0   0   0   2   0   0  56  1.46 inf
   54 D   -2 -3  4  5 -5  1 -2 -3 -3 -5 -6 -2 -5 -6  4  1 -3 -6 -5 -5    3   0  22  34   0   5   0   1   0   0   0   1   0   0  24  11   0   0   0   0  1.04 inf
   55 V   -4 -5 -5 -6  0 -4 -5 -6 -5  1  4 -5  7 -1 -5 -5 -2 -4 -3  2    0   0   0   0   2   0   0   0   0   4  48   0  30   2   0   0   2   0   0  12  1.15 inf
   56 S    0 -3  1 -2 -3  2 -1  0  1 -4 -3 -1  0 -4 -3  4  2 -5 -3 -3    6   0   6   1   0   8   3   6   3   0   1   3   3   0   0  44  15   0   0   1  0.56 inf
   57 R    0  2  3  1 -4  3  1 -1 -1 -3 -3  3 -1 -4 -2  0  0 -4 -3 -3    7   9  15   7   0  15   8   3   1   1   1  20   2   0   1   6   4   0   0   0  0.37 inf
   58 D   -5 -5 -2  8 -7 -4 -2 -5 -5 -7 -7 -4 -7 -7 -5 -1 -5 -8 -7 -7    0   0   0  97   0   0   0   0   0   0   0   0   0   0   0   3   0   0   0   0  2.61 inf
   59 R    0  2 -4 -4 -3 -1 -2 -4 -4  4  1  1  0 -2 -4 -2 -1  2 -2  3    6  13   0   0   0   2   1   0   0  27  12  11   2   0   0   1   2   3   1  20  0.37 inf
   60 I    1  1 -1 -2 -3  1  0 -2  1  1 -2  3 -1 -3  2  0 -1 -4 -2 -1   16   8   3   1   0   8   5   1   4   9   3  23   2   0   9   4   3   0   1   3  0.22 inf
   61 D   -2 -3 -1  6 -5  4 -1 -4  0 -4 -1 -2 -2 -5 -4  1 -1 -6 -5 -4    3   0   1  50   0  21   1   0   2   0   7   0   1   0   0  10   3   0   0   0  1.00 inf
   62 Y   -6 -6 -6 -7 -6 -5 -6 -6 -2 -5 -2 -6 -4  5 -2 -6 -5 10  6 -5    0   0   0   0   0   0   0   0   1   0   4   0   0  20   3   0   0  43  30   0  2.38 inf
   63 Q    1  1  3  0 -4  2  1 -1  1 -3 -3  2 -1 -4  2  0 -2 -3 -3 -2   13   6  19   4   0  11   6   4   3   0   2  13   1   0   9   3   0   0   0   3  0.31 inf
   64 A    0  1  3 -2 -4  1  0  0  0 -3 -3  2 -2 -3 -3  1  2 -4 -1 -2    5   8  16   0   0   6   4   7   1   0   2  18   0   0   0   9  18   0   2   2  0.31 inf
   65 L   -3 -4 -6 -7 -1 -5 -6 -6 -6 -1  6 -5  4 -2 -6 -5 -4 -5 -4 -1    1   0   0   0   1   0   0   0   0   0  86   0   8   0   0   0   0   0   0   2  1.54 inf
   66 P   -1 -2  2 -1 -4 -2 -2 -2 -3 -3 -3 -1 -3 -5  3  3  5 -5 -4 -3    2   1   8   3   0   0   1   2   0   1   2   3   0   0  13  24  40   0   0   0  0.74 inf
   67 E    1 -1 -1  4 -5  0  3 -3 -1 -4 -4  1 -4 -5  4 -1 -2 -5 -4 -3   12   2   2  23   0   3  25   0   1   0   1   8   0   0  18   2   2   0   0   1  0.62 inf
   68 H    2  0  0  3 -4  1  2 -1  3 -2 -3 -1 -2 -3 -2  0 -1 -4  0 -1   19   4   4  19   0   4  16   4  10   2   1   1   1   1   1   5   1   0   3   4  0.29 inf
   69 E   -4 -3 -4 -2 -7  0  7 -6 -3 -3 -6 -2 -1 -6 -5 -3 -2 -3 -5 -5    0   0   0   0   0   3  90   0   0   2   0   0   2   0   0   0   2   0   0   0  2.00 inf
   70 K   -4  5 -3 -4 -6  4 -2 -5  0 -3 -5  5 -3 -5 -4 -3 -4 -5 -2 -5    0  37   0   0   0  23   0   0   1   1   0  34   0   0   0   0   0   0   1   0  1.28 inf
   71 H   -3  3  1  1 -5  2  1 -4  6 -2 -1 -1 -3 -2 -4 -2  0  2  2 -3    1  16   5   8   0   9   9   0  25   2   6   3   0   1   0   0   6   3   6   1  0.52 inf
   72 I    2 -4 -4 -4 -3 -3 -4 -2 -4  3  2 -3  2  1 -4 -1  0 -4 -2  1   25   0   0   0   0   0   0   2   0  23  18   0   6   8   0   3   6   0   0   9  0.41 inf
   73 F   -3 -4 -4 -5  0 -4 -5 -5 -3  3  0 -4  0  5 -5 -3  2 -2  5  1    0   0   0   0   2   0   0   0   0  17   5   0   1  25   0   0  15   0  24  10  0.83 inf
   74 I   -2 -2 -1  3 -3 -1  0 -3 -2  2  1  1  3 -3 -3  0  1 -4 -3 -1    0   1   1  19   0   1   6   1   1  14  12  13  11   0   0   7  12   0   0   2  0.26 inf
   75 S   -2  5  1 -2 -4  1 -1 -1  2 -3 -2  2  1 -2 -4  1 -2 -1 -2 -4    1  36   5   1   0   4   2   4   6   1   5  13   4   2   0  14   0   1   0   0  0.52 inf
   76 N   -1 -4  5 -3 -4 -3 -4 -3 -4  3  0 -4 -1 -3 -4 -2 -1 -5 -4  4    4   0  30   0   0   0   0   2   0  20   7   0   1   1   0   2   2   0   0  32  0.69 inf
   77 L   -4 -5 -4 -6 -4 -5 -5 -4 -5  2  5 -5  1  4 -5 -5 -4  1 -2  0    0   0   1   0   0   0   0   1   0  12  61   0   3  16   0   0   0   2   0   4  1.02 inf
   78 K    2  0 -1 -3 -3 -1 -2  3 -3 -4 -3  2 -2 -4 -3  2  2 -4 -4 -3   18   4   2   0   0   2   0  25   0   0   1  14   1   0   0  20  14   0   0   0  0.47 inf
   79 Y   -3 -3 -3 -5 -5  0 -4  2 -2 -2  0 -2 -3  6 -5 -4 -4  3  6 -3    1   1   1   0   0   6   0  15   0   1   8   2   0  36   0   0   0   4  26   0  0.98 inf
   80 Q   -4 -4 -5 -5 -4  4 -4 -6 -4 -2  4 -4 -1  6 -5 -4 -4 -3 -2 -2    0   0   0   0   0  20   0   0   0   0  48   0   0  31   0   0   0   0   0   1  1.12 inf
   81 T    2 -4  0 -3 -3 -3 -3 -3 -4  2 -3 -3 -2 -4 -3  2  5  1 -4  0   22   0   5   0   0   0   0   0   0  15   0   0   0   0   0  13  38   2   0   6  0.62 inf
   82 L    1 -3 -3 -4 -1  0 -2 -4 -3 -1  3 -3  1  3 -1 -1  3 -3 -1 -1   11   0   0   0   1   4   2   0   0   1  30   0   3  17   3   2  22   0   1   2  0.36 inf
   83 L    2 -4 -1 -4 -3 -3 -4 -1 -4 -1  5 -4  3 -2 -4  1 -2 -4 -3 -2   18   0   3   0   0   0   0   4   0   0  57   0   6   0   0  11   2   0   0   0  0.67 inf
   84 D   -5 -5 -2  8 -7 -3  2 -5 -4 -7 -7 -4 -6 -7 -5 -3 -4 -8 -6 -7    0   0   0  89   0   0  11   0   0   0   0   0   0   0   0   0   0   0   0   0  2.31 inf
   85 S   -2 -4 -2 -3 -4 -3 -3  1 -4 -1 -3 -3 -4 -5 -4  6  3 -5 -4 -3    1   0   0   0   0   0   0   9   0   4   3   0   0   0   0  65  18   0   0   1  1.06 inf
   86 I   -3 -3 -5 -5 -3 -4 -2 -6 -5  5  3 -3  1  0 -1 -4 -3 -4 -2  2    0   1   0   0   0   0   4   0   0  47  26   1   2   4   3   0   0   0   1  11  0.79 inf
   87 Q    0 -3 -4 -4 -5  7 -2 -5 -3 -2 -3 -2 -3 -5 -5 -3 -2 -5 -4  4    8   0   0   0   0  60   0   0   0   2   1   0   0   0   0   0   1   0   0  28  1.36 inf
   88 G    1 -3  3 -3 -3 -3 -3  4 -3 -4 -3 -3  0 -4 -3  1  3 -5 -4 -2   14   0  18   0   0   0   0  31   0   0   1   0   3   0   0   7  23   0   0   3  0.62 inf
   89 R    0  4  4  0  0 -1  1 -2 -2 -4 -4  0 -3 -4 -3 -1  1 -5 -2 -2    7  28  27   5   2   0   8   2   0   0   0   4   0   0   1   1  11   0   1   2  0.56 inf
   90 S    1 -3  6 -2  1 -2 -2 -1 -2 -2 -3 -3 -1  0 -4  1 -1 -4 -2  1   11   0  45   0   3   1   1   4   0   1   1   0   2   4   0  12   2   0   1  12  0.64 inf
   91 P   -3 -4 -4 -3 -4 -4 -4  2 -4  3  3 -4 -1 -1  3 -3 -3 -4  1 -1    0   0   0   1   0   0   0  16   0  23  34   0   0   1  17   0   0   0   5   1  0.59 inf
   92 N    2 -2  2 -2 -2 -1 -1  0 -2  0  0 -1  2 -1 -2  0 -1 -3 -1  2   21   1  13   1   0   2   2   6   0   5   6   2   6   2   1   4   1   0   2  24  0.16 inf
   93 V   -1 -1 -3  0 -1 -1  0 -2  0  0  2 -2  0 -1  4 -2 -1 -3 -2  1    5   3   0   6   1   2   9   2   2   4  25   0   2   3  19   1   2   0   0  13  0.25 inf
   94 A    3  1  3 -1 -1 -1 -1  0  2 -2 -2 -1 -2 -3 -3  1  0 -4 -3 -1   31   7  16   1   1   1   3   7   6   1   4   3   0   0   0  10   5   0   0   5  0.27 inf
   95 L   -2 -4 -5 -5 -3 -4 -5 -5 -4  3  3 -4  0  4 -5 -3 -1 -3  0  3    2   0   0   0   0   0   0   0   0  19  32   0   1  18   0   1   4   0   3  20  0.64 inf
   96 L    0 -1  0 -3 -2 -2 -3  0 -2  1  1 -1  4  0 -4  1 -1 -2  4 -2    9   2   6   0   0   1   0   8   0   8  15   3  14   2   0  13   2   0  18   0  0.25 inf
   97 P   -1  3  0  0 -3  1  2 -2 -3 -4 -4  0 -3 -5  5  0 -1 -5 -4 -3    4  16   4   4   0   5  15   2   0   0   1   5   0   0  34   6   2   0   0   1  0.74 inf
   98 L   -3 -3 -2  2 -4 -2  0 -4  5  1  1 -2 -2  2 -4 -2 -3  1  5 -2    1   0   0  14   0   1   7   0  15   9  12   3   0   6   0   2   0   2  27   2  0.56 inf
   99 I    1 -4 -5 -5  0 -4 -4 -5 -5  5  0 -4  1  0 -4 -2 -2 -4 -3  4   15   0   0   0   2   0   0   0   0  36   6   0   3   4   0   1   1   0   0  31  0.73 inf
  100 S   -2 -2  1 -2 -3  2 -2 -3 -3 -2 -1  0 -2 -4 -3  3  5 -5 -4 -2    1   1   6   1   0   8   1   0   0   2   5   4   0   0   0  24  44   0   0   2  0.67 inf
  101 I    3 -2  3  2 -2 -2 -1 -2 -3  1 -1 -2 -2 -3 -1  0  2 -4 -3 -1   28   1  15  11   0   0   1   2   0   9   7   0   0   0   2   5  15   0   0   4  0.28 inf
  102 P   -1 -5  1 -4 -5 -4 -3 -5 -1 -5 -3 -4 -3 -6  8  0  0 -6 -5 -3    4   0   6   0   0   0   0   0   1   0   3   0   1   0  71   7   6   0   0   1  1.85 inf
  103 E   -1 -3 -3 -2 -6  0  7 -5  5 -6 -6 -2 -5 -6 -4  0 -2 -6 -4 -5    4   0   0   0   0   2  71   0  13   0   0   0   0   0   0   8   2   0   0   0  1.49 inf
  104 L    1 -2 -4 -3  5 -3  1 -3 -4  2  3 -3  1 -1 -4 -2 -2 -4 -2  1   16   1   0   0  13   0  13   1   0  12  28   0   2   2   0   0   0   0   1  10  0.39 inf
  105 E   -2  4  2  0 -1  1  4 -4  2 -5 -4  1 -3 -3 -4 -1 -2 -5 -3 -3    3  25  13   2   2   6  31   0   5   0   1   6   0   1   0   4   1   0   0   1  0.63 inf
  106 T    2 -3 -1 -3  3  2 -2 -2 -3 -1  2 -2  2 -1 -2 -1  2 -4 -3 -1   24   0   2   0   6  13   0   2   0   3  20   0   7   2   1   3  15   0   0   2  0.29 inf
  107 W   -2 -5 -2 -5  5 -4 -5 -5 -3  1  0 -4  2  2 -5 -4 -3  7  5  2    4   0   2   0  14   0   0   0   0   8   6   0   5   9   0   0   0  15  21  17  0.86 inf
  108 V   -2 -4 -5 -5 -3 -1 -4 -5 -3  2  4 -4  4  0 -5 -3 -3 -3  3  1    3   0   0   0   0   3   0   0   0  11  49   0  11   1   0   1   1   0  12   7  0.72 inf
  109 E    2 -3  0 -2 -3 -1  1  1 -1 -2  1 -1 -1 -3 -3  2  2 -4 -3 -1   22   0   3   0   0   1  12  10   1   1  15   1   1   0   0  14  17   0   0   3  0.24 inf
  110 T   -2  4  2 -2 -4 -1  0 -4 -2  2 -3  0 -2  2 -4 -1  2 -4 -2 -1    2  27  14   0   0   1   7   0   0  13   0   5   1  10   0   2  15   0   0   3  0.39 inf
  111 W   -4 -3 -4 -4 -5  7 -2 -5  1  3 -2 -3  0 -1 -5 -4 -4  8 -3 -2    0   0   0   0   0  49   0   0   3  19   2   0   2   2   0   0   0  21   0   2  1.50 inf
  112 A    4 -3 -2 -3 -2  0 -2 -1 -3  1 -1 -3  0 -4 -3  2  1 -4 -4 -1   42   0   1   0   0   3   2   3   0   9   4   0   3   0   0  20   9   0   0   3  0.46 inf
  113 F   -1 -2 -2 -5 -5  1 -2 -5  0 -3 -2 -4  1  7 -5 -1 -3  3  3 -4    5   2   2   0   0   8   2   0   2   0   0   0   4  57   0   4   1   3  10   0  1.18 inf
  114 S   -3 -3 -3 -2 -5  4  4 -4 -2 -1 -3 -2  6 -1 -4  1 -3 -5 -4 -3    0   0   0   1   0  22  32   0   1   4   0   0  24   3   0  13   0   0   0   1  0.89 inf
  115 E   -4 -4 -4 -2 -7 -1  8 -6 -4 -3 -6 -3 -5 -7 -5 -4 -4 -6 -6 -6    0   0   0   0   0   0  98   0   0   2   0   0   0   0   0   0   0   0   0   0  2.31 inf
  116 T    4 -3  2 -2  0 -2 -2 -2 -3 -3 -3 -3 -1 -4 -3  1  3 -5 -4  0   46   0  11   1   2   1   2   1   0   0   0   0   2   0   0  11  18   0   0   6  0.60 inf
  117 I   -3 -2  0 -5 -3 -4 -5 -5 -5  5  1 -4  1 -3 -5 -4 -1 -5 -4  4    0   2   5   0   0   0   0   0   0  42  12   0   3   0   0   0   2   0   0  33  0.90 inf
  118 H   -6 -4 -3 -5 -7 -3 -4 -6 11 -7 -7 -5 -6 -5 -6 -5 -6 -6 -2 -7    0   0   0   0   0   0   0   0 100   0   0   0   0   0   0   0   0   0   0   0  3.73 inf
  119 S    2 -3  2 -3  1 -3 -2 -2 -3 -2 -4 -3 -3 -4 -3  4  3 -5 -4  0   21   0   9   0   3   0   1   1   0   2   0   0   0   0   0  42  16   0   0   5  0.67 inf
  120 R   -2  4 -2  0 -5  4  2 -4  4 -4 -2  2  0 -4 -4 -2 -2  2 -1 -4    2  27   0   4   0  19  13   0  13   0   4  10   3   0   0   0   1   3   1   0  0.66 inf
  121 S    2 -4 -2 -3 -4 -3 -3 -3 -4 -4 -4 -3  1  0 -4  6  2 -5 -4 -4   13   0   0   0   0   0   0   0   0   0   0   0   4   4   0  65  14   0   0   0  1.11 inf
  122 Y   -5 -5 -6 -7 -6 -5 -6 -7 -2 -5 -2 -6 -4  3 -7 -5 -5 -1 10 -5    0   0   0   0   0   0   0   0   0   0   2   0   0   9   0   0   0   0  88   0  2.79 inf
  123 T    0 -3 -2 -3 -4  3 -1 -2 -2 -2 -1 -2 -3 -4 -3  4  3 -5 -4 -3    5   0   0   0   0  17   3   1   1   1   8   0   0   0   0  43  21   0   0   1  0.68 inf
  124 H   -3 -4  0 -4 -5 -2 -2 -5  6 -3 -1 -4 -3  0 -5  1 -1 -2  7 -1    1   0   5   0   0   1   2   0  23   0   6   0   0   1   0  10   3   0  42   5  1.11 inf
  125 I   -3 -5 -6 -6  3 -5 -5 -6 -5  6  2 -5  4 -3 -5 -5 -3 -5 -4  2    0   0   0   0   6   0   0   0   0  53  14   0  13   0   0   0   0   0   0  13  1.14 inf
  126 I   -3 -4 -5 -5  1 -3 -5 -5 -5  4  3 -4  1  3 -5 -4 -2 -3 -2  2    0   0   0   0   3   1   0   0   0  31  32   0   3  14   0   0   2   0   0  14  0.74 inf
  127 R   -2  4 -2  4 -5 -1  4 -4 -3 -5 -5  0  0 -5 -4  2 -2 -5 -4 -4    2  22   0  22   0   0  27   0   0   0   0   2   3   0   0  19   1   0   0   0  0.74 inf
  128 N   -1 -3  4 -3 -4 -1 -3 -3 -3 -4 -5 -3 -4 -5 -4  4  5 -5 -4 -4    2   0  19   0   0   2   0   1   0   0   0   0   0   0   0  36  39   0   0   0  1.06 inf
  129 I   -3 -4 -5 -5  1 -4 -5 -6 -4  4  4 -5  0  0 -5 -4 -2 -3  3  2    0   0   0   0   3   0   0   0   0  29  40   0   1   3   0   0   2   0  11  11  0.79 inf
  130 V    0 -4 -2 -3  5 -3 -4  2 -2  2  0 -3 -2 -1 -1 -1  0 -3  1  2    6   0   1   0  16   0   0  19   1  12   6   0   0   2   3   4   5   0   6  19  0.33 inf
  131 N    0 -1  2  0 -3 -1 -1 -2 -2  0  1  0  1 -2  2  2  0 -4 -3 -2    5   3  14   4   0   1   1   1   0   7  14   7   5   1  12  19   6   0   0   0  0.20 inf
  132 D   -3 -2  3  6 -4 -2  2 -4 -2 -5 -4 -1 -4 -5  2 -2  2 -6 -4 -4    0   1  13  47   0   0  11   0   0   0   1   3   0   0   9   1  12   0   1   0  0.94 inf
  133 P   -2  2 -3 -2 -5  3  3 -4 -3 -4 -5 -1 -4 -5  6 -2 -1 -5 -4 -2    3  11   0   0   0  12  22   0   0   0   0   2   0   0  39   2   4   0   0   4  0.99 inf
  134 S    0 -1  1  3 -4  0  2  1  1 -4 -4  0 -2 -4 -3  2  0 -5 -3 -4    8   3   8  18   0   3  16  11   4   0   1   4   1   0   0  20   5   0   0   0  0.38 inf
  135 V   -1  1 -2  0 -4  1  5 -4 -2  1 -2  1 -3 -3 -3 -2 -2 -4  0 -1    6   7   0   4   0   3  49   0   0   9   4   6   0   0   0   1   0   0   4   5  0.59 inf
  136 V    2 -3 -4 -5  1 -3 -3 -4 -4  4  0 -3  0 -1 -4 -2 -2 -4 -2  4   22   1   0   0   2   1   1   0   0  31   7   1   2   2   0   1   1   0   1  27  0.62 inf
  137 F   -5 -6 -6 -7 -6 -6 -3 -7 -4  0 -1 -6 -3  8 -7 -6 -5 -2  6 -4    0   0   0   0   0   0   2   0   0   4   6   0   0  62   0   0   0   0  25   0  1.97 inf
  138 D    0  2  4  4 -5  0  2 -2 -1 -5 -5 -1 -3 -3 -4 -1 -2 -5  1 -5    7  11  22  29   0   3  13   3   1   0   0   2   1   1   0   2   0   0   5   0  0.66 inf
  139 D    2  0 -3  2 -4  1  0 -3  0 -2 -1 -1  4 -1 -4 -1 -2  7  0 -3   17   5   0  11   0   8   6   1   2   2   4   3  16   3   0   5   1  16   2   0  0.51 inf
  140 I   -1 -4 -4 -5 -4 -4 -3 -3  1  3 -3 -4 -3  1 -3  2 -2  7  4  1    4   0   0   0   0   0   2   2   4  22   0   0   0   5   1  15   1  17  17  10  0.77 inf
  141 V   -2  3  0  0 -4  0  3 -4  1 -1  0  2  0 -2 -4 -2 -1 -4 -3  1    1  21   4   4   0   2  21   0   4   3   7  13   3   2   0   0   3   0   0  14  0.34 inf
  142 T   -2  0  1  2 -5  0  4 -4  1 -3 -3  1 -3 -4 -3 -1  2 -5 -3 -1    1   3   6  12   0   2  34   0   3   1   2   9   0   1   0   3  17   0   1   5  0.52 inf
  143 N   -4 -2  5  4 -2 -3 -2 -4  1  2 -2 -3 -1 -4 -4 -2 -2 -5 -1  2    0   2  32  23   1   0   1   0   4  15   2   0   2   0   0   1   1   0   2  15  0.70 inf
  144 E    0 -2 -2  1 -5  1  3 -3 -3 -4 -4  0 -1 -4  6 -2 -2 -6 -5 -3    7   1   1   9   0   5  24   1   0   1   1   6   2   1  36   2   2   0   0   1  0.88 inf
  145 Q    1 -1  0 -1  1  1  2 -3  3 -1 -2 -1 -1 -1 -1  2  1 -4 -1  0   13   1   5   1   4   6  14   0   8   2   2   2   1   2   2  19   6   0   2   7  0.19 inf
  146 I   -2 -5 -6 -6 -4 -5 -6 -6 -6  5  4 -5  3 -3 -5 -5 -3 -5 -4  2    2   0   0   0   0   0   0   0   0  42  38   0   6   0   0   0   0   0   0  12  1.13 inf
  147 Q    0  2 -1 -3 -3  3 -1 -4  0  0  1  2  1  0 -3 -1 -1 -4 -1  0   10  13   2   0   0  17   2   0   2   6  19  13   4   3   0   2   2   0   2   5  0.24 inf
  148 K    1  3  0  2 -5  0  2 -2 -3 -4 -4  4 -4 -5 -3  0 -2 -5 -3 -4   13  17   4  10   0   3  12   2   0   1   1  32   0   0   0   5   1   0   1   0  0.56 inf
  149 R   -4  6 -4 -4  0 -2 -3 -5 -4 -6 -4  6 -5 -6 -5 -4 -4 -6 -5 -6    0  40   0   0   2   0   0   0   0   0   2  56   0   0   0   0   0   0   0   0  1.74 inf
  150 A    5 -4  4  1  0 -3 -1 -2 -3  0 -4 -3 -4 -5 -4  0 -2 -5 -1 -3   48   0  24   9   2   0   3   1   0   5   0   0   0   0   0   4   1   0   2   0  0.77 inf
  151 E    1  0  0  3 -4  2  3 -2  0 -3 -4  2 -3 -5 -3  0  0 -5 -4 -3   12   3   3  18   0  11  24   2   2   1   1  13   0   0   0   4   5   0   0   1  0.47 inf
  152 G   -2 -2 -3  1 -4 -1 -3 -3 -2  1  0 -3  0  5 -2  0 -2  6  2 -2    2   1   1   9   0   3   1   1   1  11   6   1   2  29   2   9   2  12   7   2  0.56 inf
  153 I    1 -4 -4 -4  2 -3 -2 -3 -5  6  0 -4  2 -3 -4 -1 -3 -5 -4  2   11   0   0   0   4   1   4   2   0  48   5   0   5   0   0   4   0   0   0  15  0.72 inf
  154 S    1 -3 -1 -2 -2 -1 -2  0 -3  1  2 -2  2  0 -3  1  0 -3 -1  1   12   0   3   1   0   2   0   9   0   6  24   1   8   3   0  14   7   0   1   8  0.16 inf
  155 S   -1  2  1  2 -2  1  1  0  0 -4 -4  3 -2 -4  1  0 -1 -4 -3 -3    5  14   8  11   1   5  11   6   2   1   0  18   0   0   6   8   3   0   0   1  0.32 inf
  156 Y   -2 -1 -3 -4 -1 -1 -2 -3  2 -1  1 -4 -2  3 -3 -2 -3  6  6 -1    3   4   1   1   1   2   2   2   6   3  13   0   0  10   1   2   1  11  32   5  0.74 inf
  157 Y   -4 -4 -4 -5 -4 -3 -4 -5 -2  2 -2 -4  1  1 -4 -2  0 -2  8 -3    1   1   1   1   0   1   1   1   0  13   4   1   4   4   1   2   6   0  60   1  1.54 inf
  158 D   -2  1  2  5 -2  3  2 -3  0 -3 -4 -1 -2 -4 -3 -2 -2 -4 -3 -3    2   6  11  39   1  12  12   1   2   1   1   3   1   1   1   2   1   0   1   1  0.73 inf
  159 E    0  1  1  4 -3  0  3 -2  0 -3 -3  0 -2 -3 -2  0  0 -3 -2 -2    9   8   5  24   0   3  19   3   3   1   2   4   1   1   1   8   5   0   1   3  0.34 inf
  160 L   -1 -2 -3 -3 -2 -2 -3 -3 -2  1  3 -2  1  4 -2 -2 -2 -2  1  1    4   2   1   1   1   1   2   2   1   6  37   2   4  19   1   2   2   0   3  10  0.41 inf
  161 I    0 -1 -1 -2 -1  0 -1 -2 -1  3  1 -1  1  0 -1 -1  0 -1  0  1    9   3   2   2   1   6   4   3   1  25  12   2   4   4   2   4   6   0   4   5  0.09 inf
  162 E    0  1  1  2 -2  2  2 -1  0 -1 -1  0 -1 -1 -1  0 -1 -2 -1 -1    6   7   6  14   1   9  18   4   3   3   4   6   1   3   2   4   2   0   2   4  0.16 inf
  163 M    0  0  1  1 -1  0  1 -1  1 -1  0  0  1 -1  0  0  0 -1  0 -1    8   3  10   7   2   2   9   4   4   4  12   7   5   2   5   4   3   1   5   3  0.04 inf
  164 T    0  0 -1  0  0  0 -1  0 -1 -1 -1  0 -1 -2  3  0  2 -2 -1  0    6   5   2   4   2   4   3   7   2   3   5   6   1   2  13   7  20   1   1   7  0.15 inf
  165 S    0  1  1  0  0  2  0 -1  0 -1 -1  0 -1 -1 -1  1  1 -1 -1 -1    6   8   7   6   2  13   3   4   2   3   6   3   1   2   2  12  13   1   1   3  0.10 inf
  166 Y    0  0  0  0 -1  0  1  0  0 -1  0  0 -1  0  1  0  0 -1  1 -1    8   4   3   6   1   2   9   6   2   4  11   8   1   3   7   5   5   1   9   5  0.04 inf
  167 W   -1  0 -1 -1 -1  0  0 -1  0 -1  0  0  1  1 -1 -1  0  5  3 -1    5   4   3   4   1   3   6   5   2   3   9   4   4   6   3   5   4   8  16   4  0.14 inf
  168 H    0  0  1  0 -1  2  1  0  3 -1 -1  0 -1 -1  0  0  0 -1  0 -1    6   6   8   5   1  10   7   6  11   5   6   4   1   2   3   6   4   1   2   4  0.08 inf
  169 L    0  0  1  0 -1  0  0  0  0  0  1  0  0 -1  0  0  0  0 -1  0    7   5   8   4   1   4   5   5   2   4  23   4   2   3   3   6   7   2   2   5  0.02 inf
  170 L    0  0  0 -1 -1  0  0  0  1  0  1  0  0  1  0  0  0  0  1  0    9   4   4   4   1   4   5   6   5   4  15   4   3   7   4   5   4   1   5   6  0.00 inf
  171 G    0  0  0  0 -1  0  0  2  0 -1 -1  1  0 -1  0  0  0 -1 -1 -1    5   6   4   4   1   3   5  22   2   3   6   8   3   3   4   6   5   1   2   5  0.08 inf
  172 E    0  0  0  1 -1  0  2  0  0 -1 -1  0  0 -1  0  0  0  0 -1 -1    7   4   3   7   1   4  22   5   2   4   7   4   3   3   5   6   5   1   2   5  0.08 inf
  173 G    0  0  0  0 -1  0  0  2  0 -1 -1  0  0 -1  0  0  0  1  0 -1    6   5   4   5   1   3   5  23   3   4   7   4   2   3   3   6   4   2   3   5  0.07 inf
  174 T    0  0  0  0 -1  0  0 -1 -1  0  0  0  0  0  0  0  1 -1  0  0    5   4   3   7   1   4   7   5   1   5   8   6   3   4   4   6  16   1   3   6  0.03 inf
  175 H    0  1  0  0 -1  0  0 -1  4 -1 -1  0 -1  0  0  0 -1 -1  0 -1    6   9   5   4   1   4   6   5  15   5   7   5   2   5   3   6   4   1   3   5  0.08 inf
  176 T    0  0  0  0  0  1  1  0  0 -1  0  0  0 -1  0  0  1  0  0  0    8   5   5   4   2   6  10   5   1   4   8   5   3   2   3   7  10   1   3   6  0.03 inf
  177 V    0 -1  0  0 -1  0  0 -1 -1  1  0 -1  0  0  0  0  0  0  0  1    7   4   3   5   1   3   5   5   1  14  11   4   2   3   3   6   4   1   3  12  0.00 inf
  178 N    0  0  2  1 -1  0  1  0  0 -1 -1  0  0 -1  0  1  0 -1  0 -1    6   3  12  10   1   4   7   7   2   4   7   4   2   2   5   9   5   1   3   5  0.06 inf
  179 G    0  0  0  2 -1  0  1  2 -1 -1 -1  0 -1 -1  0  0  0 -1 -1 -1    5   6   5  12   1   3  10  19   1   3   6   4   2   3   3   5   4   1   2   5  0.09 inf
  180 K    0  0  0  0 -2  1  1 -1  0 -1 -1  2 -1 -2  2  0  0 -1 -1 -1    6   5   4   6   1   5  10   4   3   3   6  14   1   2  13   5   5   1   2   4  0.13 inf
  181 T    0 -1  1  1 -1  0  1  0  0 -1 -1  0 -1 -1  0  0  1 -1 -1 -1    5   2   9   7   2   5  12   6   2   4   7   5   1   3   5   5  13   1   2   4  0.06 inf
  182 V    0 -1 -1  0 -1 -1  0 -1  0  0  0 -1  0  3  0  0  0 -1  1  0    6   4   3   6   1   3   4   5   2   7   7   3   1  17   4   6   5   1   5   9  0.03 inf
  183 T    0  1  0  1 -2  1  1 -1  0 -1 -1  1 -1 -2  0  0  2 -2 -1  0    5   7   3   8   1   5   9   3   3   4   6   9   1   2   3   5  15   1   2   7  0.07 inf
  184 V    0 -1 -1 -1 -1 -1  0 -1 -1  1  0 -1  0  0 -1 -1  2  0  0  1    6   4   3   3   1   2   8   3   1  10  10   3   1   3   2   3  15   2   3  16  0.05 inf
  185 S    0 -1  2  2 -2  0  1  2 -1 -2 -2  0 -2 -2 -2  1  1 -2 -2 -2    7   2  10  13   1   4   8  19   1   1   3   4   1   1   1  10   8   0   1   3  0.19 inf
  186 L   -1  0  0  1 -2  0  0 -1 -1 -1  1  1  0 -2 -1  0  2 -2 -2 -1    3   4   2  10   1   4   5   3   1   3  14  11   3   1   3   6  20   0   1   2  0.11 inf
  187 R   -1  3  0  2 -2  0  0 -2  1 -2 -1  1 -1 -1  1 -1  0 -2  0 -1    3  23   3  14   1   4   5   2   3   2   5   7   2   3   8   3   4   0   4   4  0.20 inf
  188 E    0 -1  0  1 -1  0  4 -2  0 -2 -2  0 -2 -2  3 -1 -1 -3 -2 -2   10   2   3   7   1   2  32   3   2   3   3   6   1   1  14   4   3   0   1   3  0.37 inf
  189 L    0 -2  0  1 -1 -1 -1  0 -1  1  3 -1  0  0 -2 -1  0 -2 -1  0    7   1   6   8   2   2   3   7   2   6  34   2   1   3   1   2   7   0   1   5  0.11 inf
  190 K   -1  2 -1  2 -3  1  0 -2  0 -3 -1  5  2 -3 -2 -2 -1 -3 -3 -2    5   8   2  14   0   4   4   2   2   1   5  39   6   1   1   2   2   0   1   2  0.46 inf
  191 K   -1  4 -1 -2 -4  3  2 -3 -2 -3 -3  4 -3 -4 -3 -2 -2 -4 -3 -2    4  20   2   2   0  17  14   1   0   1   2  29   0   0   1   2   2   0   0   2  0.64 inf
  192 K    0  1  2  0 -1  2  0 -3 -1 -2 -2  4 -2 -1 -3  1  1 -4 -3 -3   10   5  11   4   1   8   3   1   1   2   2  28   0   4   0   8  10   0   0   1  0.32 inf
  193 L   -3 -4 -3 -4 -3 -4 -4 -4 -3  1  4 -4  1  5 -3 -3 -3 -2  0  1    1   1   1   1   0   1   1   1   0   7  45   1   2  23   1   1   1   0   3  11  0.73 inf
  194 Y    1 -3 -4 -4 -2 -3 -3 -3 -2  0  3 -3  2  2 -3 -3 -3  1  5  0   13   1   1   1   1   1   1   1   0   5  27   1   5   9   1   1   1   1  24   7  0.54 inf
  195 L   -2  3 -1 -2 -3 -1 -1 -3 -2 -1  2  3  0 -3 -3  0 -2 -3 -2 -2    3  21   2   2   0   1   3   1   1   2  28  19   2   1   1   9   1   0   1   2  0.36 inf
  196 C    2 -1  3  0  6 -2 -2 -2 -2 -2 -3 -2 -1 -2 -3  1  2 -3  0  0   18   3  14   4  18   1   2   2   0   1   1   1   2   1   1   7  14   0   4   6  0.41 inf
  197 L   -2 -4 -5 -5 -1 -4 -4 -5 -4  2  5 -4  5 -2 -4 -4 -3 -4 -1  0    2   0   0   0   2   0   1   1   0  12  56   1  15   0   0   1   1   0   2   6  0.96 inf
  198 M   -1 -4 -3 -4  0 -4 -4 -4  2  4 -1 -4  4  3 -4 -3 -2 -4 -2  4    4   0   2   0   2   0   0   1   6  25   1   0  13  11   0   1   1   0   0  31  0.71 inf
  199 S    4 -3 -1 -3  3 -1 -2  0 -3 -3 -3 -3 -3  1 -3  2 -2 -4 -1  1   43   0   2   0   6   2   2   8   0   0   1   0   0   7   0  17   0   0   2   9  0.54 inf
  200 V   -1 -3  2  0 -2 -3 -3 -2 -3  1 -2 -3 -1  4 -4  1 -2 -3  2  2    5   0  12   6   0   1   0   2   0   8   2   0   1  24   0  11   1   0   6  20  0.39 inf
  201 N    2 -3  5 -3 -4  1 -3 -2 -2 -2 -2 -3 -2  0 -4 -1 -2 -3  5  1   18   0  28   0   0   6   0   3   0   1   3   0   0   3   0   3   1   0  22   9  0.59 inf
  202 A    3 -4 -3 -4  3 -4 -4 -2 -4  4  0 -4 -2  1 -4 -2 -2 -4 -2  2   29   0   1   0   7   0   0   3   0  30   6   0   0   7   0   0   1   0   1  13  0.57 inf
  203 L   -4 -5 -6 -7 -4 -5 -6 -7 -6  1  6 -5  4  2 -6 -5 -3 -4 -3  1    0   0   0   0   0   0   0   0   0   4  70   0   9   8   0   0   1   0   0   8  1.30 inf
  204 E   -5 -4 -5 -3 -8 -2  8 -7 -4 -8 -7 -3 -6 -8 -5 -4 -5 -7 -6 -7    0   0   0   0   0   0 100   0   0   0   0   0   0   0   0   0   0   0   0   0  2.71 inf
  205 A    3 -5 -4 -5 -5 -5 -5  6 -5 -6 -6 -4 -5 -6 -5  2 -4 -6 -6 -5   24   0   0   0   0   0   0  61   0   0   0   0   0   0   0  15   0   0   0   0  1.49 inf
  206 I   -4 -6 -6 -6  0 -5 -6 -6 -6  6  2 -5  2  3 -6 -4 -1 -5 -2  1    0   0   0   0   2   0   0   0   0  55  18   0   4  12   0   0   3   0   1   5  1.17 inf
  207 R   -5  4 -2 -5 -2  1 -2 -6 -3 -4  1 -3 -3  5 -6 -4 -4  5  4 -4    0  26   2   0   1   6   2   0   0   0  14   0   0  25   0   0   0   7  16   0  0.96 inf
  208 F   -7 -7 -8 -8 -7 -8 -8 -8 -6 -4 -2 -8 -4  9 -8 -7 -7 -3 -1 -5    0   0   0   0   0   0   0   0   0   0   2   0   0  98   0   0   0   0   0   0  3.21 inf
  209 Y   -6 -6 -6 -7 -7 -6 -6 -7 -3 -3 -5 -6 -5  1 -7  0 -6 -2 10 -4    0   0   0   0   0   0   0   0   0   2   0   0   0   4   0   6   0   0  87   1  2.87 inf
  210 V    1 -4  1 -4  0 -3 -4  1 -4 -2 -4 -4 -3 -5 -3  4 -1 -6 -4  4    8   0   7   0   2   1   0  12   0   0   0   0   0   0   1  35   3   0   0  31  0.66 inf
  211 S    0 -5 -3 -4 -5 -4 -5  6 -5 -6 -4 -4 -3 -6 -5  4 -3 -6 -6 -6    5   0   0   0   0   0   0  55   0   0   2   0   1   0   0  37   1   0   0   0  1.44 inf
  212 F   -7 -7 -8 -8 -7 -8 -8 -8 -6 -5 -4 -8 -4 10 -8 -7 -7 -3 -1 -5    0   0   0   0   0   0   0   0   0   0   0   0   0 100   0   0   0   0   0   0  3.33 inf
  213 A    5 -3 -3 -5 -1 -4 -4 -1 -4 -2 -3 -4  3 -2 -4  0  1  0  3  0   53   1   1   0   1   0   0   3   0   2   1   0   7   1   0   7   8   1  10   5  0.75 inf
  214 C   -1 -4 -5 -5  7  2 -4 -5 -4 -1  1 -4  3  4  0 -1 -2 -2  3 -2    4   0   0   0  28  10   0   0   0   2  12   0   7  16   4   5   1   0   9   1  0.84 inf
  215 S   -2 -5 -4 -4 -4 -4 -4 -5 -4  4 -1 -4 -1  4  3  2  2 -4 -2  1    2   0   0   0   0   0   0   0   0  25   3   0   1  20  13  18  11   0   0   7  0.62 inf
  216 F   -5 -6 -6 -7 -5 -5 -6 -7 -4 -3  3 -6  4  6 -7 -5 -5  2  6 -4    0   0   0   0   0   0   0   0   0   0  23   0  11  37   0   0   0   2  27   0  1.54 inf
  217 A    4 -3  4 -3 -4 -3 -4 -3  1 -5 -4 -3 -4 -1 -4  2 -1  5  3 -3   33   1  19   0   0   0   0   1   3   0   1   0   0   3   0  16   3   8  11   1  0.75 inf
  218 F   -5 -6 -7 -7 -5 -6 -6 -7 -5 -2  4 -6  3  6 -7 -6 -5  5 -1 -2    0   0   0   0   0   0   0   0   0   1  45   0   7  38   0   0   0   8   0   1  1.50 inf
  219 A    4  1 -2 -3 -4  0 -2  2  3 -4 -4  1 -4 -4 -3  1 -2 -5  0 -3   36   7   1   0   0   5   1  17   8   0   0   7   0   0   1  12   1   0   3   1  0.53 inf
  220 E   -3  6 -2 -3 -6  1  3 -3 -3 -6 -5  2 -4 -6 -4  3 -3 -6 -5 -5    1  39   1   0   0   4  23   1   0   0   0  10   0   0   0  20   0   0   0   0  1.04 inf
  221 R   -3  6  3 -3 -6  4 -2 -4  2 -5 -4 -1 -1 -2 -5 -2 -4 -6 -4 -5    1  50  13   1   0  20   1   1   4   0   1   2   2   2   0   3   0   0   0   0  1.22 inf
  222 E    0 -2  4 -1 -5  1  1  4 -2 -6 -5  1 -2 -6 -4 -2 -3 -5 -5 -5    8   1  23   3   0   5  11  38   1   0   0   8   1   0   0   1   1   0   0   0  0.79 inf
  223 L   -4  0 -4 -5 -5 -3 -3 -5 -4  1  4  6 -2 -4 -5 -4 -4 -5 -3 -1    0   4   0   0   0   0   0   0   0   7  36  47   0   0   0   0   0   0   1   3  1.03 inf
  224 M   -5 -6 -7 -8 -6 -5 -6 -7 -6 -3  3 -6 10  1 -7 -6 -5 -5 -5 -3    0   0   0   0   0   0   0   0   0   0  25   0  70   4   0   0   0   0   0   0  2.50 inf
  225 E   -2  0 -1 -2 -4 -1  4 -4  0 -3 -2  0  1 -3  3 -1  3 -5 -4  0    1   4   2   0   0   2  27   0   2   1   4   5   3   1  14   3  24   0   0   7  0.50 inf
  226 G   -1 -3  3 -4 -6 -2 -5  7 -5 -7 -7 -3 -6 -7 -6 -3 -5 -6 -6 -7    4   1  14   0   0   1   0  78   0   0   0   1   0   0   0   1   0   0   0   0  1.85 inf
  227 N   -1 -4  4 -3 -2 -3 -3 -4 -3  1  1 -3  0 -2 -4  2  4 -5 -4  0    4   0  23   0   1   0   0   0   0  10  12   0   2   2   0  14  28   0   0   4  0.57 inf
  228 A    6 -5 -4 -5 -2 -4 -4  2 -5 -4 -5 -4 -4 -6 -4  1  1 -6 -5 -1   64   0   0   0   1   0   0  16   0   0   0   0   0   0   0   8   7   0   0   4  1.15 inf
  229 K   -3 -2 -3  3 -6  4  3 -4 -3 -5 -5  4 -4  1 -4 -1  1 -5 -4 -5    1   0   0  15   0  17  19   0   0   0   0  30   0   6   0   4   9   0   0   0  0.78 inf
  230 I   -3 -4 -2 -4 -4  3  0 -1 -4  5  1 -3  4 -3 -5  0 -3 -5 -4  0    0   0   1   0   0  18   6   5   0  37  12   0  12   0   0   6   0   0   0   4  0.67 inf
  231 I   -4 -5  1 -5 -4 -5 -6 -6 -5  6  0 -5  3  3 -6 -5 -1 -4  2  0    0   0   6   0   0   0   0   0   0  53   5   0   7  13   0   0   5   0   7   4  1.07 inf
  232 R   -3  5  1 -1 -6  4  1 -4 -3 -6 -5  3 -3 -6 -4  0 -3 -6 -5 -5    1  33   7   3   0  22   7   0   0   0   0  19   0   0   0   6   1   0   0   0  0.95 inf
  233 L   -5 -5 -6 -7 -5 -2 -5 -6 -3 -3  4 -3  1  3 -6 -5 -5  6  6 -3    0   0   0   0   0   2   0   0   0   0  40   2   4  11   0   0   0   9  32   0  1.33 inf
  234 I   -5 -7 -7 -7 -5 -6 -7 -7 -7  8 -2 -6 -3 -4 -6 -3 -2 -6 -5  1    0   0   0   0   0   0   0   0   0  89   0   0   0   0   0   2   3   0   0   6  2.17 inf
  235 A    3 -3  3 -3  0  1 -2 -3 -3  2  2 -3  2  0 -4  0 -2 -4 -3 -1   27   0  15   0   2   7   1   0   0  12  18   0   5   5   0   6   0   0   0   3  0.34 inf
  236 R   -6  8 -5 -6 -8 -3 -4 -7 -4 -7 -4  0 -2 -7 -6 -5 -5 -7 -6 -7    0  94   0   0   0   0   0   0   0   0   2   3   1   0   0   0   0   0   0   0  2.63 inf
  237 D   -6 -6 -3  9 -8 -5 -3 -6 -5 -8 -8 -5 -8 -8 -6 -4 -5 -9 -8 -8    0   0   0 100   0   0   0   0   0   0   0   0   0   0   0   0   0   0   0   0  2.97 inf
  238 E   -5 -4 -4 -3 -8 -2  8 -6 -4 -8 -7 -3 -6 -8 -5 -4 -5 -7 -6 -7    0   0   0   0   0   0 100   0   0   0   0   0   0   0   0   0   0   0   0   0  2.69 inf
  239 A    3 -3  2 -3 -3  1 -2  0 -2 -1 -1 -3  0 -4 -3  3  1 -5 -3  0   30   0  10   0   0   7   0   6   0   3   7   0   3   0   0  22   7   0   0   5  0.38 inf
  240 L   -1 -4 -1 -3 -2  0 -3 -5 -3  1  4 -3  4 -2 -4 -2  2 -4 -3  1    3   0   3   1   1   4   1   0   0   8  38   1  13   0   0   3  13   0   0  11  0.52 inf
  241 H   -6 -5 -4 -6 -8 -4 -5 -7 11 -8 -8 -5 -6 -6 -7 -6 -6 -7 -3 -8    0   0   0   0   0   0   0   0 100   0   0   0   0   0   0   0   0   0   0   0  4.03 inf
  242 L   -1 -4 -4 -4  4 -2 -4  1 -4  0  4 -4  3 -1 -4 -1  0 -4 -3  1    3   0   0   0  10   1   0  10   0   3  44   0   7   1   0   5   7   0   0   8  0.52 inf
  243 T   -1  0  3  1 -4 -1  0 -2 -2 -2 -2  1 -2 -2 -3  0  1  4  3 -1    5   3  20   7   0   2   4   2   0   2   3  11   0   0   0   6  11   6  12   4  0.29 inf
  244 G   -3 -4 -4 -5 -4 -4 -4  2 -3  0  2 -4  0  6 -5  0 -3 -2  3 -1    1   0   0   0   0   0   0  16   0   4  18   0   2  36   0   8   0   0   9   3  0.74 inf
  245 T    1 -4 -3 -2 -3 -2 -3  3 -3  2 -2 -3 -1  4 -4 -1  3 -3  0 -2   11   0   0   2   0   1   0  21   0  12   2   0   1  17   0   2  25   0   3   1  0.44 inf
  246 Q   -2  2 -3 -3  3  5 -1  1 -3  3 -2 -1 -2  1 -4 -1 -2 -4 -3 -1    2  10   0   0   6  31   2  13   0  18   1   2   0   7   0   3   2   0   0   3  0.51 inf
  247 H   -1 -1  3  3 -4  0  0 -4  5 -3 -1  0 -2 -1 -4 -1 -1 -3  4 -3    4   2  16  15   0   3   5   0  14   1   7   6   1   2   0   5   3   0  16   1  0.44 inf
  248 M   -3 -4 -5 -5 -2 -3 -5 -6 -5  4  3  1  5 -2 -5 -4 -3 -4  0  2    2   0   0   0   1   0   0   0   0  25  27  10  17   0   0   1   0   0   4  13  0.76 inf
  249 L   -3 -5 -6 -6 -2 -5 -6 -5 -4  6  2 -5 -1  4 -6 -2 -3 -4  1  1    1   0   0   0   1   0   0   0   0  46  18   0   0  16   0   3   0   0   5   8  1.00 inf
  250 N   -3  2  5  1 -5  3 -1 -1  0 -4 -2  1  0 -5 -4  0 -1 -5 -3 -3    1  11  36   6   0  15   1   5   1   1   4   9   2   0   0   5   2   0   0   1  0.65 inf
  251 L   -1  0 -1  0 -3  3  1 -1  2  1  1  0 -1 -2 -3 -1  1 -3  1 -1    3   4   3   4   0  16  11   4   5  11  15   5   0   1   0   2   9   0   5   3  0.13 inf
  252 L   -2 -4 -4 -5 -3 -3 -4 -1 -3  3  3 -1  4  0 -4 -3 -2  5 -2  1    3   0   0   0   0   0   1   5   0  22  31   4  11   4   0   2   1   7   1   8  0.55 inf
  253 R   -1  4 -1 -3 -4  2 -2 -3 -2  0  1  3 -1  0 -3 -1 -2 -3  0 -1    6  23   3   0   0  10   1   1   1   5  13  21   1   4   0   3   2   0   4   3  0.35 inf
  254 S    0  0  1  0 -3  2  2 -1  1 -2 -1  2 -1 -3 -2  0  0 -2 -2 -2    9   2   9   5   0  10  14   3   4   2   6  16   1   1   1   8   6   1   1   3  0.18 inf
  255 G   -1  1  0 -1 -1  1  2  3 -1 -1 -1  1 -1 -2 -1  0 -1 -2 -1 -1    3   8   3   2   1   5  14  23   1   4   6   9   1   1   3   4   3   0   1   5  0.15 inf
  256 A    0  1  0 -1 -1  0  0  0 -1  0  1  1  0  0  1 -1  0 -2  0  0    6   8   6   2   1   4   5   6   2   5  19  10   2   3   6   3   4   0   3   6  0.03 inf
  257 D   -2 -3  0  4 -5 -2  5 -3 -3 -3 -2 -2  0 -4  2  1 -1 -5 -3 -3    2   1   3  24   0   0  37   2   0   1   4   0   2   1   9   9   3   0   1   1  0.72 inf
  258 D   -2 -1  4  4 -4  0  4 -1  0 -4 -4 -2 -4 -3 -3 -2 -2 -4 -2 -4    3   2  24  27   0   3  25   4   2   1   1   1   0   1   1   1   1   0   1   1  0.80 inf
  259 P   -1 -3 -1 -1 -4 -2 -1 -2 -3 -2  0 -1 -1 -2  7 -2 -3 -4 -4 -2    5   1   2   3   0   1   5   3   1   2   9   3   1   2  55   2   1   0   0   3  1.18 inf
  260 E   -2 -1 -1  2 -4  1  5 -2  3 -3 -3 -1 -2 -1 -2 -1 -2 -3 -3 -2    2   2   2   9   0   7  45   3   9   1   3   2   1   3   2   3   2   0   1   3  0.66 inf
  261 M   -1 -1 -2 -2 -2 -1 -2 -2 -2  1  3 -2  5  0 -2 -1 -1  4 -1  0    5   3   2   2   0   3   2   3   0   6  29   2  17   3   2   5   4   5   1   6  0.30 inf
  262 A    1 -1  0 -1 -2  0  0 -1 -1 -1 -1  0  1  0  0 -1 -1  7 -1  0   16   3   5   3   1   5   7   4   1   4   4   7   4   3   4   3   3  15   1   7  0.25 inf
  263 E    0 -1  0  2 -2  1  3 -1 -1  0 -1  1 -1 -2 -1  0  0  0 -1 -1    8   3   4  10   1   7  22   4   1   6   4   8   1   2   2   4   4   1   2   3  0.14 inf
  264 I   -1  1 -1 -1 -2 -1 -2 -2 -1  3  0 -1 -1  3 -2 -1 -1  3 -1  0    4   7   3   3   1   2   2   2   1  26   6   4   1  17   2   4   4   4   1   6  0.21 inf
  265 A    2  1 -1  0 -2  1 -2 -2 -2 -2 -2 -1 -2  0 -3  0  4 -3 -2 -1   20   7   2   7   0   5   1   2   1   1   2   3   1   4   1   5  31   0   1   3  0.33 inf
  266 E    1 -1  0  2 -3  1  2 -2 -2 -2 -2  2 -3 -3  3 -1 -1 -4 -2 -3   13   2   3  12   0   7  17   1   0   2   4  13   0   1  15   3   2   0   1   1  0.33 inf
  267 E   -1 -1 -1  1 -5  1  6 -2  1 -4 -4 -1 -4 -4 -2 -1 -2 -4 -3 -4    4   2   3   5   0   4  60   2   3   1   1   3   0   1   2   5   2   0   1   1  0.99 inf
  268 C   -1 -2 -1 -3  5 -3 -1 -4 -2  0  3 -2  1  4 -2 -1 -2 -3 -1 -1    4   2   4   1  14   1   4   1   1   5  27   2   4  18   2   4   2   0   1   3  0.38 inf
  269 K   -1  1 -1 -2 -3  3  2 -3  0 -1 -3  4 -2 -3 -3 -1 -1 -4 -3  0    4   8   2   1   0  13  16   2   2   4   1  30   0   1   0   2   2   0   1   9  0.44 inf
  270 Q    1  0  0  3 -4  3  3 -1 -1 -4 -4  1 -3 -5 -3 -1 -2 -4 -4 -3   13   4   4  17   0  17  23   5   1   0   1   6   0   0   1   3   1   0   0   1  0.49 inf
  271 E   -2 -1 -1  0 -5  2  5 -4 -1 -3 -3  0 -1  3 -4 -2 -2  1  3 -2    3   2   2   4   0   8  39   1   1   1   2   6   2  11   0   1   2   2  10   3  0.57 inf
  272 C    2 -4 -4 -4  2 -3 -4 -3 -4  3  1 -4  0 -1 -4 -2  1 -4  0  3   18   0   0   0   5   1   0   2   0  21   9   0   2   1   0   2   9   0   3  24  0.42 inf
  273 Y   -3  3 -3 -4 -4  0 -1 -4  0  1 -1  0 -2  3 -2 -3  1  0  5  0    1  16   0   0   0   5   3   0   2   9   4   6   0  11   1   1   9   1  21   8  0.40 inf
  274 D    0 -1  0  5 -5  3  4 -2 -2 -5 -5  0 -3 -5 -4  0 -1 -5 -5 -5    9   3   3  31   0  12  25   3   0   0   0   4   0   0   0   5   3   0   0   0  0.73 inf
  275 L   -1 -2 -5 -6 -4 -2 -3 -6 -5  3  3 -4  7 -1 -5 -4 -1 -5 -3 -1    5   2   0   0   0   1   1   0   0  17  32   0  32   2   0   1   4   0   1   1  0.99 inf
  276 F   -4 -5 -6 -6  0 -5 -6 -6 -5  3  3 -6  3  6 -6 -5 -4  2 -1 -1    1   0   0   0   2   0   0   0   0  19  25   0   9  36   0   0   0   2   1   2  1.12 inf
  277 V   -2  3 -1  1 -4  0  1 -4  0 -1  1  2  2  0 -3 -2  0 -1  0  0    2  18   1   7   0   4   7   0   2   2  16  14   6   4   0   1   4   1   3   6  0.19 inf
  278 Q   -2  0  0  3 -6  2  5 -4  0 -5 -4  2 -2 -5 -4 -1  0 -5 -2 -4    3   4   3  13   0   8  42   0   2   0   1  12   1   0   0   2   6   0   1   0  0.75 inf
  279 A    5 -5 -5 -5  0 -4 -4  1 -5 -1  1 -4 -3 -4 -4 -1 -1 -5 -5  1   54   0   0   0   1   0   0  11   0   2  17   0   0   0   0   2   3   0   0   8  0.81 inf
  280 A    2 -3 -3 -4  1 -4 -2 -3 -4  0 -2 -4 -1 -3 -5 -3 -1 -4  4  5   19   1   1   1   3   0   2   2   0   4   1   0   1   0   0   1   3   0  16  44  0.71 inf
  281 Q    0  0  0  3 -6  2  6 -3 -3 -5 -4  0 -4 -6 -4 -2 -1 -6 -4 -3    6   4   4  16   0   7  48   2   0   0   1   4   0   0   0   1   3   0   0   2  0.89 inf
  282 Q   -1 -2  3 -3  0  5 -1 -4  1  1  2 -1  0 -3 -4 -3 -2 -4 -1 -2    5   1  15   0   2  27   3   0   3   9  25   2   2   0   0   0   2   0   2   1  0.49 inf
  283 E   -5 -4 -5 -3 -8 -2  8 -6 -4 -7 -7 -3 -6 -7 -5 -4 -5 -7 -3 -7    0   0   0   0   0   0  97   0   0   0   0   0   0   0   0   0   0   0   1   0  2.62 inf
  284 K   -1 -1 -3 -2  1  1  0 -4 -3  3 -1  3  0 -2 -4 -1  0 -4  1  1    4   2   0   2   3   6   5   0   0  23   4  26   2   1   0   3   6   0   5   8  0.30 inf
  285 D    2  1 -1  1 -3  3  5 -2 -2 -3 -3  1 -3 -5 -4 -1 -2 -5 -4 -3   17   7   3   6   0  13  36   2   0   1   2   7   1   0   0   2   1   0   0   1  0.61 inf
  286 W   -7 -7 -8 -8 -7 -6 -7 -7 -5 -6 -5 -7 -5  4 -8 -7 -7 11  7 -6    0   0   0   0   0   0   0   0   0   0   0   0   0  16   0   0   0  49  35   0  3.13 inf
  287 A    5 -4 -1 -4 -1 -4 -4  2 -4  0 -1 -4 -3 -3 -4  0  3 -5 -4 -2   46   0   2   0   1   0   0  15   0   6   5   0   0   1   0   4  19   0   0   1  0.71 inf
  288 D   -1  3  1  2 -1  2  3 -2  3 -5 -4  1 -4 -4 -4 -1  0 -4 -3 -3    6  14   6  12   1   7  24   2   9   0   1   7   0   0   0   3   6   0   1   1  0.46 inf
  289 Y   -2 -5 -3  5 -6 -3  1 -5  4 -5 -3 -3 -5  0 -5 -2 -4 -3  7 -4    3   0   0  32   0   0  11   0   9   0   2   1   0   2   0   3   0   0  37   1  1.29 inf
  290 L    0 -5 -5 -5  3 -4 -5 -5 -5  3  4 -5  0 -3 -5 -3  1 -5 -4  2   10   0   0   0   6   0   0   0   0  18  43   0   1   0   0   1   9   0   0  12  0.73 inf
  291 F   -4 -5 -5 -6  1 -5 -5 -6 -4  1  3 -5  3  5 -5 -4 -1 -2  4 -1    0   0   0   0   3   0   0   0   0   8  28   0   9  28   0   0   5   0  17   2  0.95 inf
  292 R   -1  1 -2  1 -4  1 -1  2 -1 -4 -4  2 -3 -4  4  0 -2 -4 -4 -4    5   7   1   9   0   6   2  16   1   0   1  16   0   0  25   7   2   0   0   1  0.56 inf
  293 D   -2  2  2  5 -3 -1  2  0 -1 -3 -2 -1 -1 -3 -2 -1 -2 -3 -3 -3    2  12  12  33   0   2  12   7   1   2   3   2   2   1   1   2   2   0   1   2  0.50 inf
  294 G   -1 -1 -1 -2  1 -2 -2  5 -2 -1 -2 -2 -2 -2 -2 -1  0 -2 -2  0    3   3   3   2   3   1   2  50   1   3   5   2   1   1   2   3   5   0   1   9  0.60 inf
  295 S    0 -1  1  2 -2  1  0  1 -1 -3 -3  0 -2 -3  1  2  0 -3 -2 -2    8   3   6  14   0   7   5   9   1   1   2   5   1   1   8  22   5   0   1   2  0.24 inf
  296 M   -2 -4 -4 -3  0 -3 -4 -3 -4  5  1 -4  5 -1 -2 -2 -2  2 -3  3    2   0   0   1   2   1   0   2   0  31  12   0  18   2   3   3   1   3   0  17  0.65 inf
  297 I   -1 -4 -3 -2 -4 -1 -1 -5 -4  4  3 -4  0 -2  1 -3 -3 -4 -3  2    3   0   1   3   0   3   6   0   0  26  35   0   2   0   8   1   0   0   0  11  0.54 inf
  298 G   -4 -6 -3 -1 -6 -6 -6  7 -6 -8 -7 -5 -7 -7 -6 -4 -5 -6 -7 -7    0   0   1   3   0   0   0  94   0   0   0   0   0   0   0   0   0   0   0   0  2.44 inf
  299 L   -4 -5 -6 -3 -4 -4 -5 -6 -5  2  5 -5  5 -1 -6 -5 -4  4  0 -1    0   0   0   2   0   0   0   0   0  12  58   0  15   1   0   0   0   5   4   2  1.14 inf
  300 N   -3 -2  7  0 -5 -3 -3 -3 -2 -5 -5 -3 -5 -6 -4  2  4 -6 -5 -2    1   2  49   5   0   0   0   1   0   0   1   1   0   0   0  13  22   0   0   2  1.20 inf
  301 K    3 -1 -1  0  1 -1  3 -2 -2 -3 -2  2 -1 -4  0  1  0 -4 -4 -1   28   3   2   4   3   1  19   2   1   1   4  12   2   0   3   8   4   0   0   4  0.28 inf
  302 D    0 -1  0  4 -5  2  3 -2 -2 -4 -5  1 -4 -5 -1  0  0 -5 -3 -4    9   2   4  29   0  10  21   3   1   0   0   7   0   0   3   7   5   0   0   1  0.58 inf
  303 I   -3 -4 -3  1 -3 -1  0 -5 -4  3  2 -3  4 -1 -4  0 -1 -4 -1  2    0   0   0   8   0   2   8   0   0  19  19   0  15   2   0   8   2   0   3  13  0.40 inf
  304 L   -2 -3 -4 -4  0 -3 -4 -4  1  2  3 -3  5  3 -4 -3  0 -3 -2  1    2   1   1   1   2   0   1   1   4  12  27   1  19  13   1   1   5   0   0   9  0.56 inf
  305 C   -2  1  0 -1  6 -1  3 -3  1  0 -3  4 -3 -5 -4  0 -1 -2 -4 -2    2   9   4   2  16   1  19   1   3   5   1  26   0   0   0   6   3   1   0   2  0.54 inf
  306 Q    0  1  0  2 -5  5  3 -1  0 -4 -4  2 -3 -5 -3 -1 -1 -5 -4 -4    8   6   3  13   0  28  16   5   2   0   1  10   0   0   0   4   3   0   0   1  0.57 inf
  307 Y   -6 -6 -6 -7 -6 -1 -6 -7 -3 -5 -5 -6 -2  4 -7 -6 -6  2  9 -5    0   0   0   0   0   4   0   0   0   0   0   0   1  16   0   0   0   2  76   0  2.60 inf
  308 V   -3 -5 -5 -6 -4 -5 -5 -6 -5  5  3 -5  1  0 -5 -4 -1 -5 -3  4    1   0   0   0   0   0   0   0   0  32  26   0   2   4   0   0   4   0   0  29  0.93 inf
  309 E   -4  4 -2  1 -3  2  4 -3  4 -5 -5  3 -4 -5 -4 -3 -4 -5 -1 -5    0  22   0   7   1   7  29   1  10   0   0  19   0   0   0   0   0   0   3   0  0.87 inf
  310 Y   -6 -6 -5 -7 -1 -6 -6 -7  3 -5 -5 -6 -5  5 -7 -5 -6  4  9 -5    0   0   0   0   1   0   0   0   5   0   0   0   0  23   0   0   0   4  66   0  2.43 inf
  311 I   -4 -1  3 -4 -1 -4 -5 -5 -4  5  3 -4  0 -3 -5 -3 -2 -5 -3  2    0   4  17   0   1   0   0   0   0  34  27   0   1   0   0   1   1   0   1  14  0.76 inf
  312 T    6 -5 -4 -5  2 -4 -4  1 -5 -3 -4 -4 -4 -5 -4 -1  3 -6 -5 -2   65   0   0   0   4   0   0   9   0   1   1   0   0   0   0   2  16   0   0   1  1.19 inf
  313 N   -5 -3  8  5 -7 -4 -3 -4 -4 -7 -7 -3 -6 -7 -6 -2 -3 -8 -6 -3    0   1  67  26   0   0   0   0   0   0   0   1   0   0   0   1   1   0   0   2  1.99 inf
  314 I   -3  5 -1 -3 -5  1 -1 -4 -1  0  0  4 -2 -4 -2 -1 -2 -5 -4 -2    1  34   2   1   0   7   2   0   1   7  11  23   0   0   2   4   1   0   0   3  0.61 inf
  315 R    2  7 -4 -5 -6 -3 -4 -5 -3 -3  0 -2  0 -6 -6 -4 -4 -6 -5 -5   17  70   0   0   0   0   0   1   1   2   8   0   2   0   0   0   0   0   0   0  1.64 inf
  316 M    0 -5 -6 -6  3 -5 -5 -6 -5 -1  5 -5  6  0 -6 -3 -4  1 -1 -2    9   0   0   0   6   0   0   0   0   1  53   0  21   2   0   2   0   2   2   1  1.07 inf
  317 Q    0  2  1  0 -4  2  1 -1  0 -3 -2  2  4 -3 -3 -1  0 -4 -3  0    6  12   6   4   0  11  10   3   2   0   3  12  14   0   0   3   7   0   0   6  0.27 inf
  318 A    3  1  3 -2 -4  4  0 -1 -1 -4 -4 -1  0 -3 -4  1 -1 -5 -2 -3   26   7  18   0   0  20   5   3   1   0   0   1   3   1   0   9   3   0   1   1  0.51 inf
  319 V   -3 -5 -6 -6  1 -5 -6 -6 -6  4  5 -5  0 -3 -6 -5 -4 -5 -2  2    1   0   0   0   3   0   0   0   0  27  52   0   2   0   0   0   0   0   1  14  1.12 inf
  320 G   -4 -5  0 -3 -6 -5 -5  7 -3 -8 -7 -3 -7 -7 -6 -3 -5 -7 -7 -7    0   0   4   1   0   0   0  91   0   0   0   2   0   0   0   1   0   0   0   0  2.24 inf
  321 L   -4 -5 -1 -6 -3 -5 -5 -6 -1  1  5 -5  2  4 -6 -5 -4 -3  4 -1    0   0   3   0   0   0   0   0   1   5  51   0   5  15   0   0   0   0  15   3  1.02 inf
  322 D    0 -1 -1  3 -5 -1  4 -1 -3 -5 -5  2 -5 -6  4 -1 -2 -6 -5 -5    7   2   2  16   0   2  30   4   0   0   0  14   0   0  19   3   1   0   0   0  0.75 inf
  323 L    2 -1 -2 -2  0  0  1 -2 -2 -2 -2  1 -2 -4  5  0  0  0 -1 -2   17   3   2   1   2   3  10   3   1   2   3  12   1   0  27   4   4   1   3   2  0.43 inf
  324 P   -1 -2 -3 -3 -3  0 -2 -5 -3  3  3 -2  1 -2  4 -3 -3 -3 -1  1    4   2   1   1   0   5   2   0   1  16  32   1   3   0  19   0   0   0   2   9  0.47 inf
  325 F   -6 -6 -6 -7 -6 -6 -5 -5 -3 -2 -4 -6 -4  7 -7 -3 -4 -1  8 -5    0   0   0   0   0   0   1   1   0   2   0   0   0  48   0   2   1   0  44   0  2.20 inf
  326 N   -1 -1  2  1 -4 -1  2 -2  0 -4 -5 -1 -4 -5  6 -1 -1 -5 -4 -4    6   2  11   6   0   2  16   3   2   1   1   3   0   0  39   3   4   0   0   0  0.85 inf
  327 T    1 -2  0 -1 -3 -1  1  4 -3 -1 -3 -1 -3 -4  1  0  1 -4 -3  1   10   1   3   2   0   2  10  29   0   3   1   3   0   0   8   6  10   0   0  11  0.33 inf
  328 R    1  2  0  1 -2  0  2 -3  1 -1 -3  2 -2 -4 -3  0  1 -4 -2  0   14  13   3   7   1   2  13   0   3   3   1  14   1   0   0   6  12   0   1   8  0.23 inf
  329 S   -2 -1  0  1 -3  1  3 -2 -1 -2 -3  2 -3 -4  0  1  2 -4 -3  1    1   2   4   7   0   6  19   2   1   1   1  17   0   0   5  11  13   0   0  11  0.31 inf
  330 N   -5 -4  8 -1 -4 -4  0 -5  3 -7 -7 -4 -6 -7 -6 -3 -4 -8 -6 -7    0   0  82   3   0   0   7   0   7   0   0   0   0   0   0   0   0   0   0   0  2.31 inf
  331 P   -3 -6 -5 -5 -2 -5 -5 -6 -6 -6 -7 -5 -6 -8  8 -1 -3 -8 -7 -2    2   0   0   0   1   0   0   0   0   0   0   0   0   0  87   4   1   0   0   4  2.71 inf
  332 I   -2 -5 -5 -6 -4 -5 -5 -6 -4  4  2 -5  5  5 -6 -2 -4 -3  2 -1    3   0   0   0   0   0   0   0   0  21  21   0  17  27   0   3   0   0   7   1  0.94 inf
  333 P   -2 -1 -4  1 -6 -3 -1 -4 -2 -5 -6  2 -5 -7  7 -1 -3 -7 -6 -4    3   4   0   7   0   1   3   1   1   0   0  11   0   0  61   5   1   0   0   1  1.57 inf
  334 W   -3 -7 -8 -9 -7 -7 -7 -7 -7 -7 -6 -8 -6  4 -8 -7 -7 12  0 -7    2   0   0   0   0   0   0   0   0   0   0   0   0  14   0   0   0  82   1   0  4.07 inf
  335 I   -4 -5 -6 -6 -4 -5 -6 -6 -6  5  1 -5  8 -3 -6 -5 -2 -5 -4  2    0   0   0   0   0   0   0   0   0  33   8   0  42   0   0   0   2   0   0  14  1.52 inf
  336 N   -1  1  4  3 -5  0  3 -3 -1 -4 -5  1 -1 -5 -3  3 -1 -5 -4 -4    3   8  18  18   0   2  17   0   1   1   0   7   2   0   0  22   1   0   0   0  0.58 inf
  337 T    1 -2  2  0 -4  2  4 -3  1 -3 -4  1 -3 -5 -2  1  0 -5 -3 -2   15   0  13   3   0   8  33   0   3   1   0   7   0   0   1   8   5   0   0   3  0.48 inf
  338 W   -5 -5 -6 -7 -5 -5 -6 -6 -3 -2 -3 -6  5  4 -6 -5 -5 10  6 -3    0   0   0   0   0   0   0   0   0   2   0   0  16  17   0   0   0  35  28   1  2.07 inf
  339 L   -3 -4 -5 -5 -3 -4 -5 -5 -5  2  5 -4  5 -2 -5 -4 -3 -4 -3  1    0   0   0   0   0   0   0   0   0  13  62   0  19   0   0   0   0   0   0   6  1.02 inf
  340 V   -1 -3 -4 -4 -1 -3 -3 -4 -4  3  1 -3  1 -1 -3 -2 -1 -3 -2  5    0   0   0   0   0   0   0   0   0  10  12   0   0   0   0   0   0   0   0  78  0.53 inf

                      K         Lambda
Standard Ungapped    0.1355     0.3208
Standard Gapped      0.0459     0.2670
PSI Ungapped         0.1500     0.3135
PSI Gapped           0.0459     0.2670
