
Last position-specific scoring matrix computed, weighted observed percentages rounded down, information per position, and relative weight of gapless real matches to pseudocounts
           A  R  N  D  C  Q  E  G  H  I  L  K  M  F  P  S  T  W  Y  V   A   R   N   D   C   Q   E   G   H   I   L   K   M   F   P   S   T   W   Y   V
    1 L   -1 -3 -3 -4 -1 -3 -3 -4 -3  3  2 -3  1  0 -3 -2 -1 -3 -1  3    0   0   0   0   0   0   0   0   0  38  25   0   0   0   0   0   0   0   0  37  0.36 inf
    2 P   -1 -3 -3 -2 -3 -2 -2 -3 -3 -3 -4 -2 -3 -4  8 -1 -2 -4 -4 -3    0   0   0   0   0   0   0   0   0   0   0   0   0   0 100   0   0   0   0   0  2.25 inf
    3 S    1  0  1  2 -2 -1 -1 -1 -2 -1 -2 -1 -2 -3 -2  3  1 -4 -2  1   12   6   5  16   0   0   0   0   0   0   0   0   0   0   0  38   7   0   0  15  0.25 inf
    4 G    2  0 -1  3 -3 -1  1  2 -2 -3 -3 -1 -2  0 -2  0 -1 -3 -2 -2   25   8   0  20   0   0  14  22   0   0   0   0   0   6   0   5   0   0   0   0  0.29 inf
    5 S    2 -2 -1 -1 -2 -1  1  1 -2 -3 -3 -1 -2 -4  4  2  1 -4 -3 -1   19   0   0   0   0   0  12   8   0   0   0   0   0   0  28  21   9   0   0   4  0.52 inf
    6 D   -1 -2  2  5 -3 -1  1  2 -2 -3 -4 -2 -3 -4 -2  1  1 -4 -3 -2    0   0  11  41   0   0   5  18   0   0   0   0   0   0   0  12   8   0   0   4  0.55 inf
    7 P    3 -3 -3 -3 -3 -3 -3 -1 -3 -4 -4 -2 -3 -5  7  0 -2 -5 -4 -2   28   0   0   0   0   0   0   4   0   0   0   0   0   0  62   4   0   0   0   2  1.46 inf
    8 A    2 -1 -3 -3 -3 -2 -2  0 -3 -1 -2 -2 -2 -4  6  0 -2 -4 -4  0   25   3   0   0   0   0   0   7   0   4   3   0   0   0  46   4   0   0   0   9  0.89 inf
    9 F   -2 -3 -3 -3 -3  0 -3  0  1 -1  2 -3 -1  4  0 -1 -2 -1  5 -2    0   0   0   0   0   5   0   8   3   0  24   0   0  26   4   4   0   0  24   0  0.46 inf
   10 S    0 -2 -1 -1 -2  0  0 -2 -2 -3 -1 -2 -2 -3  0  4  2 -4 -3 -2    5   0   0   2   0   4   7   0   0   0   9   0   0   0   3  54  15   0   0   2  0.50 inf
   11 Q    1 -2 -3 -3 -2 -1  0 -3 -3  2  1 -2  0 -2 -3 -1  1 -3  0  3   17   2   0   0   0   3   6   0   0  13   9   0   0   0   0   0   8   0   3  38  0.27 inf
   12 P   -1 -3 -1  1 -4 -2 -1 -1  3 -3 -3 -2 -1 -1  6  0  0 -4 -3 -3    4   0   2  10   0   0   3   3   8   0   2   0   2   4  47   9   6   0   0   0  0.89 inf
   13 K    2 -2  1  1 -3  1  4 -1 -2 -4 -3  0 -3 -3  2 -1  0 -3  0 -3   20   0   6   7   0   3  37   2   0   0   0   5   0   0  11   0   4   0   5   0  0.44 inf
   14 S    3 -1  0  0 -2 -1  0  1  0 -3 -3 -1 -2 -3  0  2  1 -4 -3 -2   38   3   5   3   0   2   5  12   3   0   0   1   0   0   4  19   6   0   0   0  0.34 inf
   15 V    1 -1 -1  0 -2  1  0 -1 -2 -1 -1  0 -1  0 -2  1  3 -3 -2  1   16   2   0   6   0   8   3   2   0   0   4   5   0   5   0   8  26   0   0  15  0.16 inf
   16 L    1 -3  0 -3 -2 -3 -3 -3 -3  0  4 -3  0  0  0 -2 -2 -3  0 -1   18   0   6   0   0   0   0   0   0   0  62   0   0   3   5   0   0   0   3   0  0.49 inf
   17 D   -1  4 -1  2 -3 -1  0 -1 -2 -3 -3  0  0 -1  3 -1 -1 -3 -2 -1    6  31   0  18   0   0   3   3   0   0   1   3   3   4  17   3   4   0   0   4  0.39 inf
   18 A    3  0 -1 -2 -2 -1  0  0 -2 -3 -3  1 -2  0  1  2 -1 -2  1 -2   34   4   0   0   0   0   7   6   0   0   1   9   0   5   6  20   0   0   6   0  0.26 inf
   19 G    5 -3 -3 -3 -2 -2 -3  2 -3 -3 -1 -2 -2 -4 -1  0  0 -4 -3 -2   68   0   0   0   0   0   0  15   0   0   5   0   0   0   3   4   4   0   0   0  0.74 inf
   20 L   -1 -1  0 -3  2 -2 -2 -4 -3  3  2 -3  1 -1 -1 -1  0 -3 -2  2    3   3   6   0   6   0   2   0   0  30  28   0   2   0   3   4   4   0   0  10  0.28 inf
   21 T   -1 -1  2  1 -3  0  0 -1  3 -2 -1  0 -2 -1 -2  0  1 -2  3 -1    3   2  16   8   0   4   7   3  11   0   6   4   0   2   0   5  11   0  13   6  0.17 inf
   22 C   -1 -1 -1 -1  5 -2 -3 -3  2  3  0 -2  0 -2  1 -2 -1  3  0  0    6   4   3   4  20   0   0   0   7  26   7   0   2   0   9   0   3   6   3   0  0.34 inf
   23 Q    0 -3 -1 -2 -3  1 -2  0  0 -4 -4 -2 -3 -1  6  2  0 -4 -3 -3    5   0   2   0   0   9   0   7   2   0   0   0   0   4  49  17   4   0   0   0  1.00 inf
   24 G    0 -2 -1  0  2 -2 -2  3 -3 -3 -2 -2 -3  0  4  2  1 -3 -3 -3    6   2   2   5   5   0   0  25   0   0   2   0   0   5  21  16  10   0   0   0  0.44 inf
   25 A    1 -2  0  2  4  0  0  0 -2 -3 -3 -1 -2 -2 -1  2  1 -3 -1 -2   14   0   3  13  12   5   3   8   0   0   0   3   0   2   3  19  13   0   3   0  0.26 inf
   26 S    0  2 -1 -3 -3 -2 -1 -3  0  0  1 -1 -1  3 -1 -1 -1 -2  2  0   10  16   4   0   0   0   3   0   3   2  16   0   0  20   3   4   3   0   7   9  0.16 inf
   27 P    0 -1 -1  0 -3 -1 -2  0 -3 -3 -4 -2 -3 -4  5  4  1 -5 -4 -3    6   3   2   4   0   2   1   6   0   1   0   0   0   0  31  34  10   0   0   0  0.74 inf
   28 S    3  0 -1  2 -3  0 -1 -1  0 -3 -2 -1 -2 -3  1  1 -1  1  1 -2   38   5   2  13   0   4   1   3   2   0   2   1   0   0   6  13   3   2   6   0  0.32 inf
   29 S    3 -2 -1  0 -3 -1  0  2 -3 -3 -3 -1 -3 -2  0  2  0 -4 -3 -2   36   1   1   4   0   2   4  19   0   0   0   2   0   2   3  18   5   0   0   0  0.40 inf
   30 V    0  0  1  1 -3 -1  0  2  6 -3 -3 -1 -3 -3 -1  0  0 -4 -2 -1    6   3   8   7   0   1   7  15  25   0   0   3   0   0   2   7   7   0   0   7  0.35 inf
   31 S   -1  3  0  0 -4  1 -1 -3  3 -4 -3  3 -3 -4  4  0  0 -4 -3 -3    2  15   4   6   0   5   1   0   8   0   2  19   0   0  25   6   6   0   0   0  0.55 inf
   32 K   -2  4  3  0 -4  1  1 -2  1 -3 -3  1 -3 -4  0 -1  1 -4 -3 -3    1  33  16   4   0   4   9   3   3   1   2   9   0   0   4   1  10   0   0   0  0.50 inf
   33 P   -4 -6 -6 -5 -7 -3 -5 -6 -6 -6 -7 -5 -6 -7  9 -4 -3 -7 -7 -4    0   0   0   0   0   1   0   0   0   0   0   0   0   0  97   0   1   0   0   1  3.12 inf
   34 I   -3 -6 -6 -6 -4 -5 -6 -6 -6  2 -1 -5 -2 -4 -5 -5 -2 -6 -4  7    0   0   0   0   0   0   0   0   0   6   3   0   0   0   0   0   1   0   0  89  1.79 inf
   35 L   -3 -5 -6 -6 -3 -5 -5 -6 -6  5  3 -5 -1 -3 -5 -4 -3 -5 -4  5    0   0   0   0   0   0   0   0   0  32  24   0   0   0   0   0   0   0   0  44  1.14 inf
   36 L   -4 -5 -6 -6 -4 -5 -5 -6 -5 -1  5 -5  1  4 -6 -5 -2 -3  0 -1    0   0   0   0   0   0   0   0   0   1  73   0   2  18   0   0   2   0   2   1  1.29 inf
   37 V   -2 -5 -5 -6 -3 -5 -5 -5 -5  3  2 -5 -1 -1 -5 -3 -1 -5 -3  5    2   0   0   0   0   0   0   0   0  13  22   0   0   2   0   1   2   0   0  57  1.00 inf
   38 P   -5 -4 -1 -4 -6 -3 -4 -4 10 -6 -6 -4 -5 -5  5 -4 -5 -6  0 -6    0   0   2   0   0   0   0   1  69   0   0   0   0   0  25   0   0   0   2   0  2.46 inf
   39 G   -1 -5 -3 -4 -5 -5 -5  7 -5 -6 -6 -4 -5 -6 -5 -3 -4 -5 -6 -6    4   0   0   0   0   0   0  93   0   0   0   0   0   0   0   1   0   0   0   0  2.18 inf
   40 T   -3 -4 -3 -4 -3 -3 -3 -4 -4 -1  0 -3 -2  2 -4  0  6  0  0 -2    0   0   0   0   0   0   0   0   0   4   9   0   0  10   0   4  65   1   4   0  1.06 inf
   41 G    0 -2  0  0  1 -2 -2  4 -2 -2 -1 -2  0  2 -3  1  0  3 -2 -2    8   1   4   7   3   1   1  32   0   1   4   1   2  12   1  10   8   4   0   2  0.31 inf
   42 T    2 -1 -1  0  1 -1  0  2 -2 -1 -1 -1  0 -2 -2  2  0 -3 -3 -1   21   2   2   5   3   0   8  16   0   3   6   1   3   1   0  19   6   0   0   4  0.19 inf
   43 T   -1  0  5  0 -3 -2 -2 -1 -2 -3 -3 -1 -3  0  0  2  2 -3  1 -3    3   4  35   4   0   0   1   3   0   0   2   2   0   5   5  14  16   0   5   0  0.49 inf
   44 G    2  1 -2 -1 -3  1 -2  3 -2 -2 -3  1  1 -3 -1  2 -2 -3  0 -2   23   7   0   3   0   6   0  21   0   1   0   9   5   0   2  15   0   0   4   3  0.29 inf
   45 P    0 -1  1 -2 -3  1 -2  2 -1 -2 -2 -1 -1  1 -1  1  0 -2  4  0    5   2   7   0   0   6   1  19   1   1   1   4   1   6   2   9   5   0  21   6  0.25 inf
   46 Q    1  0  1  1  1  1  1 -1 -2  0 -2 -1 -1 -1 -2  1  2 -3 -1  0   10   3   8   9   4   6   9   3   0   6   2   2   1   3   1  10  15   0   1   7  0.11 inf
   47 S    0 -2  5  1 -3 -1 -1 -1 -2 -3 -3 -2 -3 -3 -3  2  3 -4 -3 -1    7   1  34   6   0   1   2   4   0   1   1   1   0   1   1  18  18   0   0   3  0.57 inf
   48 F   -3 -4 -4 -4 -4 -4 -3 -4 -3 -2 -2 -4 -2  5 -4 -2 -2 10  4 -1    2   1   1   1   0   1   1   1   0   2   2   1   1  21   1   3   3  41  15   4  1.71 inf
   49 D    2 -1 -1  1 -2  0 -1  1  0 -2  0 -1 -1 -1 -2  1  0  4  1 -2   22   3   2   9   0   6   3  10   2   1  13   2   0   2   1   8   4   6   6   1  0.14 inf
   50 S    1 -1 -2 -1 -3  0 -2  1 -2 -1 -2 -2  0  2 -3  0  0  7  2 -1   12   3   1   3   0   5   0  11   0   2   2   0   2  11   0   9   5  18   9   4  0.44 inf
   51 N   -1  0  4  2 -2  0  0  1 -1 -2 -2  0 -2 -2 -1  0  1 -2 -1 -2    4   4  29  11   1   5   5  10   1   1   3   5   1   1   3   4  10   0   2   2  0.30 inf
   52 W   -3 -4 -4 -4 -4 -4 -4 -5 -1  0  3 -4  2  2 -4 -4 -2  7  5 -1    2   0   0   1   0   0   0   0   1   4  36   0   7   7   0   0   2  14  22   2  0.86 inf
   53 I    3 -1 -3 -3 -3 -3 -1  3 -3  1  0 -3  1 -3 -3  1 -2 -4 -3  0   32   3   0   0   0   0   3  21   0  10   8   0   3   0   0  13   0   0   0   5  0.38 inf
   54 P    1 -1 -1 -2 -5  0 -3 -3  0 -5 -4  3 -4 -3  6 -1 -2 -5 -4 -3   12   2   2   2   0   4   0   1   2   0   1  22   0   1  45   3   1   0   0   1  1.06 inf
   55 L    0  0 -1  0 -3 -1  0 -3  1  0  2  0  1  0 -1 -1 -1 -1  2 -1    9   6   2   5   0   1   5   0   4   4  27   6   3   3   3   4   3   1  11   3  0.10 inf
   56 S   -3 -3 -4 -4 -3 -1 -2 -3 -4  0  5 -3  1  2 -3 -1 -3 -3 -1 -2    0   1   0   0   0   3   3   2   0   4  66   1   2  10   1   4   0   0   1   0  0.79 inf
   57 T    2  2 -1 -2 -3  0  0  0 -2 -1 -2  2 -1 -3 -1  0  0 -4 -3 -1   27  14   2   1   0   4   3   5   0   2   3  17   1   0   3   5   6   0   0   4  0.25 inf
   58 Q    3  2  3  1 -3  1  0 -1  2 -4 -4  0 -3 -2 -2  0 -1 -4  0 -3   28  10  18   8   0   5   5   2   5   0   0   6   0   2   1   5   3   0   3   0  0.33 inf
   59 L    1  1  1  2  1  1  2 -2  1 -2 -1  0 -1 -4 -3 -1  1 -4 -3 -2   17   7   7  15   4   8  13   2   4   1   6   3   1   0   0   1   9   0   0   1  0.22 inf
   60 G   -2 -5 -1  0 -5 -3 -3  6 -5 -6 -6 -4 -5 -6  0 -2 -1 -5 -6 -3    2   0   2   5   0   1   1  77   0   0   0   0   0   0   4   1   5   0   0   2  1.49 inf
   61 Y   -2  0 -5 -5 -5 -4 -3 -4  2 -4 -2 -4 -1  3 -4 -4 -4  6  8 -3    3   6   0   0   0   0   1   1   5   0   3   0   1  12   1   0   0   9  57   1  1.57 inf
   62 T    2  0 -3  0  7  0 -3 -1 -4 -1 -4 -1 -3 -4  1  1  0 -5 -4 -2   22   7   0   5  31   5   0   4   0   3   0   3   0   0   7   8   5   0   0   1  0.69 inf
   63 P    0 -3 -3  0 -1 -2 -3 -4 -4  0 -1 -2 -2 -2  3  0  1 -4 -1  4    6   1   0   5   1   2   1   0   0   1   3   1   0   1  16   6  10   0   2  43  0.48 inf
   64 C   -1 -3 -2 -3  3 -1 -3 -3  0 -2 -1 -3 -2  5 -3  0  1 -2  3  1    3   1   2   1   7   2   0   1   2   0   5   1   0  32   1   6   9   0  12  14  0.49 inf
   65 W    2 -1 -2 -3 -3 -1  0 -2 -3 -3 -2 -3 -3 -2 -2  2  0  8  3 -2   23   4   1   0   0   1   6   2   0   1   4   0   0   0   1  14   5  22  12   2  0.70 inf
   66 I   -1 -3 -4 -4 -3 -2 -4  0 -4  1  4 -3  1  1  1 -3 -2 -3  0  1    4   0   0   0   0   1   0   8   0   8  47   0   3   6   9   0   2   0   3   8  0.44 inf
   67 S    0 -3  6  3 -4 -1 -1 -2  1 -3 -3 -2 -2 -1 -3  0  0 -5 -1 -3    9   0  41  18   0   2   3   2   3   1   3   0   1   2   1   7   5   0   2   1  0.65 inf
   68 P    1 -3 -3 -2 -3 -3 -3 -2 -2  3  1 -3 -1  1  1 -1 -1 -2  4  1   11   1   0   2   0   0   0   2   0  19  14   0   0   5   6   4   2   0  21  11  0.33 inf
   69 P   -3 -4  0 -1 -4 -3 -2  2 -4 -3 -4 -2 -1 -4  7 -1 -3 -1 -2 -3    1   0   4   3   0   0   2  15   0   1   1   2   2   0  59   4   1   1   2   2  1.35 inf
   70 P    0 -1  2  0 -1  0  0  3  1 -1 -2 -1 -1  0  0 -1  0 -3 -1 -1    7   2  13   6   1   5   4  27   5   3   3   1   1   5   4   2   4   0   2   5  0.18 inf
   71 F    2  2  0 -3 -3 -1 -2  1  1 -2 -2 -1 -2  3 -1 -1 -2  3  3 -1   18  13   6   0   0   2   1  13   3   0   3   1   0  16   3   1   2   4  10   5  0.25 inf
   72 M    2 -4 -2 -3 -3 -2 -2  5 -3 -2 -2 -3  3 -1 -3  2 -1 -4 -2 -2   15   0   0   0   0   1   2  44   0   1   4   0   9   2   0  14   4   0   1   2  0.63 inf
   73 L   -2  0 -3 -4 -1 -2 -3 -4 -2  1  3 -2  2  2 -3 -2  3 -2  3  0    1   5   0   0   1   1   0   0   1   7  30   1   5  10   1   1  21   0  11   5  0.39 inf
   74 N   -1  0  1  2 -4  0  0  5 -3 -5 -3 -2 -4 -3 -4 -1  0 -5 -4 -4    4   6   8  14   0   4   6  45   0   0   2   1   0   1   0   2   5   0   0   1  0.64 inf
   75 D   -2 -3  1  6 -5 -3 -1 -3 -3 -5 -3 -3 -2 -5  4  0 -2  2 -1 -5    2   1   5  50   0   0   1   1   0   0   3   0   1   0  20   7   2   4   2   0  1.02 inf
   76 T    0 -4 -3 -3 -3 -3 -4 -4 -1  5  2 -2  2 -2 -4 -2  1 -4 -2  2    8   0   1   2   0   0   0   1   2  42  14   3   5   0   0   2   8   0   1  12  0.51 inf
   77 Q    1  1 -1  2 -4  5  1 -2 -1 -4 -3  0 -1 -4  1 -1 -1 -4 -2 -2   12   9   2  12   0  33   8   2   1   0   1   5   1   0   5   2   3   0   1   4  0.47 inf
   78 V    0  0  0  1 -3  1  2 -1 -1  0 -1  0 -1 -3 -1  1  1 -4 -2  1    7   4   2  11   0   5  16   4   1   6   3   4   2   0   2  12   8   0   0  12  0.13 inf
   79 N    0 -3  4 -2 -4 -3 -3 -2 -3 -3 -4 -3 -2 -5 -4  5  0 -5 -2 -3    7   0  23   0   0   0   0   1   0   1   1   0   1   0   0  59   3   0   2   1  1.03 inf
   80 T    6 -4 -4 -4 -3 -2 -3  0 -4 -4 -4 -3 -3 -5 -4  1 -1 -5 -4  0   77   0   0   0   0   1   1   4   0   0   0   0   0   0   0   8   3   0   0   7  1.19 inf
   81 E    1  2 -1  0 -4  2  4  0 -2 -4 -2  1 -3 -4 -1  0  0 -4 -3 -2   14  11   1   4   0   9  32   7   0   0   3   7   0   0   2   3   5   0   0   2  0.40 inf
   82 Y    0 -1 -3 -2 -4  5  4 -3 -2 -3 -1 -1 -3 -1 -4 -2 -1 -3  5 -3    7   3   0   0   0  28  26   1   0   1   6   1   0   2   0   1   2   0  22   1  0.71 inf
   83 M   -1 -4 -5 -5 -3 -4 -3 -4 -5  3  3 -4  1  0 -4 -4 -3 -4 -3  4    5   0   0   0   0   0   2   1   0  21  37   0   2   3   0   0   0   0   0  30  0.72 inf
   84 V    5 -1 -1  0 -3 -2 -2  2 -1 -3 -4 -2 -3 -4 -3  1 -2 -5 -4  0   53   3   2   6   0   0   1  14   2   0   0   2   0   0   0   9   0   0   0   8  0.63 inf
   85 N    3 -1  1  1 -3  1  0  0  1 -3 -3 -1 -3 -1 -2  0  0 -3  3 -1   30   1   7  10   0   6   5   5   3   0   1   1   0   2   1   6   5   0  14   4  0.27 inf
   86 A    2 -2 -2 -4 -4 -1 -2 -2 -1 -3 -2 -1 -2  6 -4 -1 -2 -2  4 -1   19   1   2   0   0   3   3   2   1   0   2   5   0  40   0   4   2   0  12   4  0.64 inf
   87 I   -3 -5 -5 -4 -3 -5 -5 -4 -6  5  0 -5 -1 -3 -5 -4 -1 -5 -4  5    0   0   0   1   0   0   0   2   0  38   5   0   0   0   0   0   3   0   0  51  1.20 inf
   88 T   -2  1  3  6 -5  1  1 -2 -1 -5 -5  0 -4 -5 -4 -1 -2 -6 -4 -5    3   7  15  46   0   7   9   3   1   0   0   5   0   0   0   2   2   0   0   0  0.89 inf
   89 A    1  3 -2  0 -4  2  1 -3  0 -4 -3  1 -3 -1 -3  0 -1 -2  4 -2   12  21   0   4   0  12  10   1   2   0   1   6   0   1   0   6   3   0  19   2  0.41 inf
   90 L   -2 -5 -5 -6 -3 -5 -5 -6 -5  3  0 -5  1 -1 -5 -4 -2 -5 -4  6    2   0   0   0   0   0   0   0   0  15   5   0   4   1   0   0   2   0   0  70  1.23 inf
   91 Y   -1  3 -2 -3 -3 -1 -3 -4  1 -1  3  0  0 -1 -4  0 -2 -3  1 -1    4  18   1   1   0   2   0   0   4   1  41   7   1   2   0  10   0   0   5   2  0.35 inf
   92 A    4 -1 -2  0 -3 -1  2  0 -2 -4 -3  0 -3 -4 -1  1  1 -4 -4 -3   46   4   0   6   0   0  14   6   1   0   2   4   0   0   2   8   8   0   0   0  0.48 inf
   93 G    3  2 -1 -2 -2 -1  0 -1 -2  0  0  0  0 -3 -3  0  0 -4 -2  0   34  12   2   1   0   2   5   4   1   7   8   5   2   0   0   5   4   0   0   8  0.19 inf
   94 S   -2 -4 -1 -4  1 -3 -4 -4 -4 -2 -4 -3 -4 -5 -4  2  7 -5 -3 -3    2   0   2   0   3   0   0   0   0   1   0   1   0   0   0  11  78   0   1   0  1.53 inf
   95 G   -1 -1 -1 -2 -5 -1 -2  7 -4 -5 -5 -1 -4 -5 -4 -3 -4 -5 -5 -5    2   4   3   1   0   3   2  79   0   0   0   3   0   0   0   0   0   0   0   0  1.50 inf
   96 N    5 -2  0 -1 -3 -1 -2  0 -3 -3 -4 -2 -1 -4 -3  2 -1 -4 -4 -2   62   2   4   4   0   3   2   4   0   0   0   1   2   0   0  12   2   0   0   2  0.74 inf
   97 N    1  2  1  3 -3  1  1 -1 -2 -4 -4  1 -3 -4  0  2  0 -4 -3 -3   16  11   5  16   0   7   8   2   0   0   0   9   0   0   4  15   6   0   0   0  0.32 inf
   98 K   -3  1  1 -2 -5  3  1 -4 -1 -5 -5  6 -4 -5  1 -1 -2 -5 -4 -5    0   6   5   1   0  16   9   0   1   0   0  52   0   0   6   2   1   0   0   0  0.97 inf
   99 L   -1 -5 -5 -6 -3 -5 -5 -6 -6  3  0 -5 -1 -3 -3 -4 -1 -5 -4  6    4   0   0   0   0   0   0   0   0  16   5   0   1   0   1   0   2   0   0  72  1.29 inf
  100 P   -1 -4  2  6 -5 -3 -1 -2 -3  0 -5 -2 -4 -5 -1  1  0 -6 -5 -2    6   0   8  58   0   0   0   1   0   6   0   2   0   0   2   9   5   0   0   3  1.01 inf
  101 V   -1 -4 -5 -5 -3 -4 -5 -5 -5  4  4 -4  1  0 -5 -4 -2 -4 -3  3    3   0   0   0   0   0   0   0   0  28  43   0   2   2   0   0   1   0   0  20  0.86 inf
  102 L   -3 -5 -6 -6 -4 -5 -5 -6 -6  4  0 -5  0 -2 -5 -4 -3 -5 -4  6    1   0   0   0   0   0   0   0   0  25   5   0   2   1   0   0   0   0   0  66  1.35 inf
  103 T    0 -5 -1 -4 -5 -4 -4  6 -4 -5 -6 -4 -5 -5 -4  1  1 -5 -5 -3    7   0   2   0   0   0   0  73   0   0   0   0   0   0   0   8   9   0   0   2  1.42 inf
  104 W   -5 -4 -3 -5 -6 -3 -4 -6 10 -6 -4 -5 -5  0 -6 -5 -5  8  2 -4    0   0   0   0   0   0   0   0  69   0   2   0   0   3   0   0   0  18   7   1  2.63 inf
  105 S   -2 -4 -3 -4 -4 -1 -3 -4 -4 -6 -6 -3 -5 -6 -1  7 -2 -6 -5 -5    0   0   0   0   0   2   0   0   0   0   0   0   0   0   3  95   0   0   0   0  1.94 inf
  106 Q   -2 -2 -3 -3 -6  8  2 -3  0 -5 -3 -1  4 -5 -4 -3 -4 -5 -4 -5    3   0   0   0   0  68  10   2   2   0   2   2  12   0   0   0   0   0   0   0  1.58 inf
  107 G   -3 -6 -4 -5 -6 -5 -5  7 -5 -7 -7 -5 -6 -6 -5 -3 -5 -6 -6 -7    0   0   0   0   0   0   0 100   0   0   0   0   0   0   0   0   0   0   0   0  2.47 inf
  108 G    2 -4 -1 -4 -4 -4 -4  6 -4 -5 -5 -4 -4 -5 -2  0  0 -5 -5 -4   19   0   3   0   0   0   0  66   0   0   0   0   0   0   1   6   5   0   0   0  1.26 inf
  109 L   -2 -4 -3 -5 -3 -3 -4 -3 -4  1  4 -4  5  1 -2 -3  0 -3 -2  1    3   0   1   0   0   0   0   2   0   8  45   0  19   6   2   0   7   0   0   7  0.64 inf
  110 V    0 -3  1  0 -3  1 -2 -3  1  2  1 -3  4 -2 -1  0 -2 -4 -3  3    6   0   8   6   0   7   0   0   5  11  13   0  13   0   2   6   0   0   0  24  0.25 inf
  111 A    3 -3 -1 -3 -3 -2 -3 -1 -3  0 -1 -2 -1 -4  3  2  3 -4 -4 -1   25   0   3   0   0   0   0   3   0   5   5   1   2   0  17  15  21   0   0   1  0.47 inf
  112 Q   -1  4  0 -2 -3  4 -1 -2  0 -2  0  1 -1 -2 -1 -1 -1 -3  0 -3    5  33   5   1   0  20   1   2   2   1   8   7   2   2   3   2   2   0   3   1  0.45 inf
  113 W   -1 -3 -1 -3 -3  0 -3 -3  0 -3 -1 -3 -2  0 -3 -2 -2  9  7 -3    4   1   3   1   0   4   1   2   2   1   5   1   0   1   1   2   2  27  38   1  1.28 inf
  114 G    2 -3 -3 -3 -3 -2 -3 -2 -1  0 -2 -2 -2  1 -3 -1 -1  1  6  1   21   1   1   1   0   1   1   3   0   5   2   1   0   3   1   4   4   2  40   9  0.64 inf
  115 L   -1 -2 -2 -3 -2 -2 -3 -3 -3  1  3 -2  1  1  0 -1 -1 -2  0  1    6   2   1   1   0   1   1   1   0   6  44   1   4   5   5   3   4   0   3  10  0.31 inf
  116 T   -3  4  0 -2 -5  0 -2 -3 -3 -3 -3  6 -4 -3 -4 -2  0 -5 -3 -4    0  23   5   1   0   3   0   1   0   1   1  55   0   1   0   1   6   0   1   0  1.03 inf
  117 F   -3  0  1 -3 -5 -1 -3 -5 -1 -2 -1 -2 -1  5 -5 -3 -3 -1  7 -2    1   5   7   2   0   3   1   0   1   2   4   1   1  30   0   1   1   0  39   3  1.05 inf
  118 F   -2 -4 -4 -2 -4 -3 -1 -1 -1 -1  3 -4  0  1 -4 -3 -2  8  3 -2    2   0   0   2   0   0   5   4   2   2  34   0   2   4   0   1   1  26  13   0  0.92 inf
  119 P    0 -1 -2 -1 -2 -1 -1  2  0 -1 -2 -1  1 -2  4 -1 -1 -2  0  0    8   3   1   4   1   3   2  19   2   3   2   2   6   1  27   4   2   0   3   7  0.38 inf
  120 S   -2  0  2  2 -1 -1  0  5 -2 -5 -5 -2 -4 -5 -3  2 -1 -5 -4 -4    1   5   8  11   2   1   5  45   1   0   0   1   0   0   0  17   3   0   0   0  0.71 inf
  121 I   -1 -1  0 -1 -3 -2 -3  4 -1  1 -1 -1 -1 -3 -3  0  3 -4 -3  0    1   4   5   2   0   0   0  32   1   8   5   3   2   0   0   4  24   0   0   8  0.38 inf
  122 R    4  3 -2 -2 -3  0 -2 -1  1 -3 -3 -1 -1 -3  0  0 -2 -3  0 -2   48  19   1   2   0   4   1   3   3   1   2   1   1   0   4   5   1   0   3   1  0.51 inf
  123 S    2 -2  1  3 -3 -1  1  0 -1 -4 -4  1 -3 -4  2  1 -1 -4 -3 -3   22   0   6  20   0   0  10   5   1   0   0   9   0   0  10  13   2   0   0   0  0.41 inf
  124 K   -1  1  0 -2 -4  0  0 -3  1  0 -1  4 -1 -1 -3 -1 -1 -3  1  1    3   5   5   0   0   3   3   0   3   5   5  41   1   3   0   1   4   0   5  11  0.35 inf
  125 V   -2 -6 -6 -6 -4 -5 -6 -6 -6  1 -1 -5 -1 -4 -5 -5 -2 -6 -4  7    1   0   0   0   0   0   0   0   0   4   3   0   1   0   0   0   1   0   0  91  1.79 inf
  126 D   -1  1  2  5 -4  0  1  0  2 -4 -4  0 -4 -5 -3  0 -1 -5 -3 -4    4   8  11  34   0   4   9   6   7   0   1   5   0   0   0   6   4   0   0   1  0.54 inf
  127 R   -1  4  1  4 -4  1 -1 -3  4 -5 -4  2 -3 -4 -3  0  0 -5 -3 -4    6  24   6  25   0   4   1   0  13   0   0  11   0   0   0   5   4   0   0   0  0.63 inf
  128 L   -1 -4 -4 -5 -3 -4 -4 -5  0  1  3 -4  1  4 -5 -4 -3  6  2  1    5   0   0   0   0   0   0   0   3   8  31   0   3  20   0   0   0  11   7  12  0.66 inf
  129 M   -2 -5 -5 -6 -3 -5 -5 -6 -5  5 -1 -5  2 -3 -5 -4 -2 -5 -4  6    1   0   0   0   0   0   0   0   0  35   1   0   5   0   0   0   1   0   0  55  1.28 inf
  130 A    3 -3 -1 -3  1 -3 -3  4 -3 -4 -4 -3 -2 -4 -1  3  1 -4 -4 -3   26   0   1   0   3   0   0  30   0   0   1   0   1   0   3  25   9   0   0   0  0.66 inf
  131 F   -3 -5 -5 -6 -3 -4 -5 -6 -5  4  4 -5  2  1 -5 -4 -2 -4 -2  2    1   0   0   0   0   0   0   0   0  32  45   0   4   4   0   0   1   0   1  14  0.91 inf
  132 A    4 -4 -3 -4 -3 -3 -3  3 -4 -4 -4 -3 -4 -5 -3  3 -2 -5 -4 -1   47   0   0   0   0   0   0  25   0   0   0   0   0   0   0  24   0   0   0   4  0.92 inf
  133 P    2 -4 -4 -4 -2 -3 -3  1 -4 -5 -5 -3 -4 -5  6  2  0 -6 -5 -2   16   0   0   0   1   0   0  11   0   0   0   0   0   0  49  16   5   0   0   2  1.24 inf
  134 D    0 -4  0  3 -4 -3 -2 -3 -4 -4 -2 -3 -4 -5  5  2  1 -5 -4 -1    6   0   4  19   0   0   0   1   0   0   4   0   0   0  36  18   7   0   0   5  0.85 inf
  135 Y   -4 -3  6 -3 -5 -2 -3 -4  4 -3 -3 -3 -3  4 -5 -1  1  4  3 -3    0   0  40   0   0   1   0   0  10   1   1   0   0  19   0   3  10   6   8   1  0.91 inf
  136 K   -4  2  0 -4 -6 -1 -3 -1  9 -6 -5  0 -1 -4 -5 -4 -4 -5  3 -6    0  10   5   0   0   2   0   4  63   0   0   6   2   0   0   0   0   0   8   0  1.84 inf
  137 G   -2 -5 -4 -4 -6 -5 -2  7 -5 -7 -7 -5 -6 -6 -4 -3 -5 -6 -6 -6    2   0   0   0   0   0   3  95   0   0   0   0   0   0   1   0   0   0   0   0  2.21 inf
  138 T   -3 -4 -3 -4 -4 -4 -4 -1 -1 -4 -4 -4 -4 -5 -2  0  7 -6 -5 -1    0   0   0   0   0   0   0   5   1   0   0   0   0   0   2   4  83   0   0   4  1.66 inf
  139 V    0 -1  1  0 -3 -2 -2 -2 -3  0 -1 -1 -1 -2  0  1  4  2 -1  1    8   3   6   5   0   1   0   2   0   7   5   2   1   1   3   9  33   3   3  10  0.25 inf
  140 L   -1 -2 -3 -4 -3 -1 -2 -3 -1  1  3 -3  3  2 -1 -2  1 -3 -1  0    5   2   0   0   0   2   2   1   2   4  42   0   8   9   3   2  11   0   1   6  0.34 inf
  141 A    3 -1 -1 -2 -2 -1 -2  2 -2  0 -1 -2 -1  0 -1  1  0 -3 -2  0   35   3   2   1   0   1   0  16   0   4   6   0   1   5   2  12   4   0   1   6  0.27 inf
  142 G    0 -2  2 -1  2 -3 -1  5 -3 -3 -2 -3 -3 -2 -3  0  0 -1  1 -1    7   2  10   2   4   0   3  44   0   0   3   0   0   1   1   5   5   1   7   6  0.51 inf
  143 P    0 -3 -3 -4 -3 -3 -3  0 -4  2  3 -3  0  0  4 -1 -2  0 -3 -1    9   1   1   0   0   1   0   8   0  14  29   0   1   3  26   3   0   2   0   3  0.50 inf
  144 L    0 -2 -2 -2  4 -2 -2  0 -1  1  2 -2  1 -1 -3  0  0  1  0  1    6   1   1   2  13   0   2   9   1   5  24   2   4   2   0   6   5   2   4  10  0.15 inf
  145 D   -1  1  1  0  2 -1 -1  0 -1 -1  1 -1 -1  2  0  0  0 -1  0 -1    3  10   7   5   6   1   1   7   1   2  17   2   0  12   5  10   6   1   3   1  0.06 inf
  146 A    1 -1 -2 -1 -3 -2 -2  0 -3 -1  1 -1 -1 -1  3 -1  2  2 -1  0   16   3   0   3   0   1   1   7   0   2  15   3   1   3  17   2  14   4   2   6  0.21 inf
  147 L    0  0 -2 -1 -2 -1  0  0 -2  1  2 -1  0  0 -2 -1  0 -3  0  1    5   5   1   3   0   3   7   7   1  11  30   2   1   3   1   2   4   0   4  10  0.09 inf
  148 A    1  0  0 -1 -1 -1 -1  1 -2  0  0 -1  0  1 -1  0  0 -1  0  0   16   8   6   3   1   2   4  10   0   5  14   1   1   7   2   7   5   0   3   6  0.03 inf
  149 V    0  0 -1 -1  0  0  0  0 -2  0  0  0  0  0  1  1  0 -1 -1  0   10   4   3   2   2   3   5   9   0   6  10   3   3   5   5  12   6   1   1   7  0.03 inf
  150 S    2 -3  0 -3  7 -2 -3  1 -3 -1 -1 -2 -2  2 -3  0  0  0 -1  0   17   0   4   0  25   1   0  12   0   4   4   1   0  10   0   7   5   1   1   7  0.45 inf
  151 A    1 -2 -2 -2  6 -3 -3  1 -3 -1 -2 -2 -3 -3  3  1  2 -4 -3 -1   14   2   0   2  21   0   0  10   0   3   3   1   0   1  14  12  13   0   0   4  0.48 inf
  152 P    0 -1 -2 -1 -4 -1  1 -2 -2 -4 -3 -1 -4 -5  7  0 -1 -5 -4 -3    9   3   2   2   0   2   9   3   1   0   2   3   0   0  54   5   3   0   0   1  1.13 inf
  153 S    4 -1 -1 -2 -1 -2 -1  0 -3 -3 -3 -2  1 -3 -2  3 -1 -4 -3 -1   46   2   1   2   1   0   3   5   0   0   1   1   4   0   1  26   2   0   0   4  0.56 inf
  154 V    0 -3 -1 -3  5 -3 -3  1 -3  0  1 -3  1 -2 -3 -1 -1  0  0  2    9   0   3   1  18   0   1  11   0   5  16   1   5   0   1   3   2   1   4  20  0.31 inf
  155 W    0 -2 -2  0 -3  0 -1 -2 -2  1  1 -2  1  0 -1 -1 -2  6  2  1   11   2   1   5   0   5   4   2   0  11  14   0   3   4   3   2   0  13   7  12  0.23 inf
  156 Q   -3 -2 -1  3 -5  7  3 -4 -2 -5 -5 -2 -3 -5 -4 -3 -3 -5 -4 -5    0   0   2  14   0  65  15   0   0   0   1   0   0   0   0   0   0   0   0   0  1.53 inf
  157 Q   -3  0 -3 -3 -4  7  0 -3 -1 -2  0 -2  5 -2 -4 -2 -3 -4 -3 -2    0   5   0   0   0  57   3   2   1   2   8   0  15   2   0   1   0   0   0   2  1.12 inf
  158 T    1  0 -2 -2 -2  0  0  0 -1  1  1 -1  1 -1 -2  0  0 -3 -1  1   16   6   1   0   0   4   6   8   1  11  20   0   6   1   0   6   7   0   1   7  0.09 inf
  159 T    1  0 -2 -3 -3  1 -1 -2  0  0 -1 -1 -2 -1  3 -1  1  2  1  1   12   7   1   0   0   9   1   2   3   7   5   1   0   2  19   1  11   3   5  11  0.23 inf
  160 G   -2 -3  0  2 -5 -2 -3  6 -4 -6 -6 -4 -5  0 -4 -1 -2  2 -4 -5    1   1   5  13   0   1   1  66   0   0   0   0   0   4   0   3   1   3   0   0  1.22 inf
  161 S   -1 -4 -1 -3  0 -2 -3 -1  1 -5 -5 -3 -4 -5 -2  6  1 -1 -4 -4    2   0   2   0   2   1   0   4   3   0   0   0   0   0   2  78   5   1   0   0  1.31 inf
  162 A    2 -2  2  3 -3 -1  2 -2 -2 -4 -4 -1 -3 -4  3  1 -1 -4 -4 -3   22   1   9  17   0   1  16   0   0   0   1   3   0   0  14  10   3   0   0   0  0.47 inf
  163 L   -1 -5 -5 -5 -4 -5 -5 -5 -4 -1  1 -5  0  7 -5 -4 -1  4  2 -2    6   0   0   0   0   0   0   0   0   3  13   0   2  59   0   0   3   5   5   2  1.25 inf
  164 T   -2 -3 -1 -4  0 -2 -3 -3 -4  3  4 -3  3 -1 -4 -2 -1 -3 -2  2    0   0   4   0   2   2   0   2   0  20  40   0   7   2   0   2   3   0   1  13  0.48 inf
  165 T    0  2  3  1 -3  2  2 -2 -1 -3 -3  0 -3 -4 -3 -1  2 -4 -3 -3   10  13  16   8   0   9  16   1   1   1   1   5   0   0   0   1  16   0   0   0  0.37 inf
  166 A    2  2 -1  1 -3  1  2 -2  0 -3 -2  1 -2 -2 -2  0  1  0 -3 -3   21  15   2  10   0   5  13   0   3   0   2  10   0   1   0   4  11   1   0   0  0.28 inf
  167 L   -3 -4 -5 -5 -3 -4 -5 -5 -5  1  6 -4  1 -2 -5 -4 -3 -4 -3  0    2   0   0   0   0   0   0   0   0   6  81   0   3   0   0   0   1   0   0   5  1.24 inf
  168 R   -1  3  6  0 -4 -2 -2 -2  0 -5 -5 -1 -4 -4 -4 -2 -1 -1  1 -3    6  18  53   4   0   0   0   2   2   0   0   2   0   0   0   0   3   1   6   1  0.99 inf
  169 N    3  1  0  1 -3 -1  1  1 -1 -3 -3  0 -3 -4 -2  2  0 -4 -3 -3   35   9   3   8   0   1   8  10   1   0   0   3   0   0   0  15   3   0   0   0  0.37 inf
  170 A   -1 -2  2  2 -4 -1 -2  5 -1 -3 -1 -2 -3 -2 -1 -2 -1  0 -2 -3    5   1   9  12   0   3   1  45   1   1   8   1   0   2   3   0   3   1   1   2  0.54 inf
  171 G   -2 -4 -1  3 -4 -2 -2  5 -2 -5 -5 -3 -4 -5  3 -2 -3 -5 -5 -3    2   0   3  16   0   2   2  54   1   0   0   0   0   0  15   2   0   0   0   2  1.02 inf
  172 G   -1 -3 -1  5 -4  0  3  2 -3 -1 -3 -2 -2 -4  0 -1 -2  0 -4 -2    4   0   0  38   0   3  18  17   0   4   3   0   1   0   4   2   2   2   0   3  0.59 inf
  173 L   -1 -3 -2  1 -3 -3 -2 -2 -3 -2  0 -3 -1 -3  1 -1  5 -4  0 -1    4   0   1  10   0   0   1   3   0   0  10   0   2   0   6   1  53   0   4   4  0.67 inf
  174 T    0 -1 -1  1 -2  0 -1 -3  0  0 -1 -2  0 -1  2  1  1 -3 -2  2    7   4   1  11   0   5   2   0   3   3   4   0   2   2  13   9  10   0   1  21  0.17 inf
  175 Q    2 -2 -3 -3 -4 -2  0  2 -4 -4 -5 -2 -4 -5  7 -1 -3 -5 -4 -3   19   2   0   0   0   2   5  14   0   0   0   1   0   0  51   3   0   0   0   1  1.23 inf
  176 I   -1  1  0 -2 -4  0 -2  5 -2 -2 -3 -2 -3 -1 -2  0 -2 -3  2 -3    3   7   5   2   0   5   2  49   0   3   2   0   0   2   1   6   1   0  10   0  0.62 inf
  177 V   -2 -4 -3 -5 -3 -4 -4 -4 -5  2  0 -4 -2 -3  0 -1 -1 -5 -4  6    2   0   1   0   0   0   0   1   0   8   5   0   0   0   4   4   3   0   0  71  1.05 inf
  178 P    0  2  1  1 -3  1  0 -2  1 -2 -2  0 -1 -3  3  1  2 -4 -2 -2    6  16   7   7   0   5   6   1   5   1   2   4   2   0  15   8  13   0   1   1  0.29 inf
  179 T   -4 -4 -4 -5 -5 -4 -4 -5  0 -2 -2 -4 -3  0 -2 -3  2  1  8 -2    0   0   0   0   0   0   0   0   2   2   3   0   0   2   3   1  16   2  67   2  1.70 inf
  180 T    0 -3 -3 -4 -4 -3 -4 -1 -4 -2 -3 -3 -3 -5 -4  0  7 -5 -4 -1    7   1   0   0   0   0   0   5   0   2   1   0   0   0   0   3  77   0   0   3  1.39 inf
  181 N   -2 -3  3 -3  2 -2 -3 -3 -3 -1 -2 -3  1 -4 -2  2  3 -4 -3  3    1   0  17   0   5   1   0   0   0   1   0   0   4   0   2  19  22   0   0  27  0.53 inf
  182 L   -3 -5 -5 -5 -3 -5 -5 -5 -5  6  1 -5  1  1 -5 -3 -3  3 -1  1    0   0   0   0   0   0   0   0   0  64  12   0   2   5   0   2   0   4   2   7  1.13 inf
  183 Y    2 -2 -3 -4 -3 -2 -2  1 -2 -1 -3 -3  0  0 -4  0 -1  6  5 -1   23   1   0   0   0   1   2  10   0   4   0   0   3   3   0   8   4  13  23   4  0.53 inf
  184 S   -1 -4 -2 -3 -3 -3 -3 -2 -4 -4 -4 -3 -4 -5 -4  5  5 -5 -4 -3    2   0   0   0   0   0   0   2   0   0   0   0   0   0   0  49  45   0   0   0  1.29 inf
  185 A   -1  5 -1 -2 -4 -1 -1 -2  1 -3 -2  1 -3 -1  1  1  1  0 -1 -3    5  38   2   1   0   1   2   3   4   1   3   9   0   2   7  11   8   1   1   1  0.44 inf
  186 T   -1 -1 -1 -1  3 -1 -3 -3  2 -1 -1 -2 -2  4 -4  0  0  1  5 -2    5   3   2   3   8   4   0   1   6   2   4   2   0  18   0   6   8   2  24   1  0.44 inf
  187 D   -3 -5 -2  8 -7 -4 -2 -5 -5 -6 -4 -4 -6 -7 -5 -4 -4 -8 -7 -6    2   0   0  96   0   0   0   0   0   0   2   0   0   0   0   0   0   0   0   0  2.51 inf
  188 E   -1 -1  0  2 -5  2  5 -1 -1 -4 -3 -1 -3 -2 -2 -1  1 -5 -4 -4    5   2   3   9   0   7  47   6   1   0   2   2   0   2   1   1  12   0   0   0  0.65 inf
  189 I   -1 -3 -4 -4 -3 -4 -4 -3 -4  4  1 -4  2 -1 -4 -2  1 -4 -3  4    2   1   0   0   0   0   0   2   0  29  14   0   4   1   0   1  10   0   0  35  0.63 inf
  190 V    0 -5 -5 -5 -3 -4 -5 -5 -5  4 -1 -4 -2 -1 -4 -1 -2 -5 -3  6    8   0   0   0   0   0   0   0   0  20   2   0   0   2   0   4   1   0   0  62  1.04 inf
  191 Q   -2  0  0 -1 -4  4 -1 -4 -3  0 -2 -2 -2 -3 -4 -1  5  2 -3  1    1   4   5   3   0  25   2   0   0   5   2   0   0   1   0   2  39   3   0  10  0.63 inf
  192 P   -3 -6 -5 -5 -6 -5 -5 -6 -6 -6 -6 -4 -6 -7  9 -4 -5 -7 -6 -6    2   0   0   0   0   0   0   0   0   0   0   0   0   0  97   0   0   0   0   0  3.10 inf
  193 Q   -1 -1  1  0 -3  2 -1 -1  0 -2 -1 -1  1  0  3 -1  0  1  4 -1    3   3   7   7   0  12   1   4   2   1   4   1   6   2  15   2   5   2  19   3  0.27 inf
  194 V   -1 -1 -1 -1 -2  0  2 -2 -1  0 -2 -1 -2 -1 -1  2  3 -2  1  0    4   3   1   2   0   2  17   2   1   5   3   1   0   2   2  21  20   0   6   6  0.22 inf
  195 S    0 -1  2 -1 -2 -1 -1  2 -1 -1 -1  0 -1  0  0  1  1 -2  1 -1    9   2  12   3   1   2   3  16   1   3   4   4   1   3   3  12  10   0   5   5  0.11 inf
  196 N    0 -1  1 -1  0  0 -1  0 -2 -1 -1 -1 -1 -2  0  2  2 -2 -2  0    8   2   9   3   2   5   1   8   0   4   3   3   2   1   5  22  15   0   1   6  0.15 inf
  197 S    2 -1 -1 -2  0  2  0 -1 -1 -1 -1 -1 -1  2 -1  2  0 -2  0 -1   22   2   1   1   3  11   6   3   1   2   6   1   1  14   2  16   4   0   2   2  0.17 inf
  198 P    1 -1 -2 -1 -2 -1 -1 -2 -2  1  2 -1  1  1  0 -1 -1 -2  0  1   15   3   1   3   0   2   5   2   1   7  21   2   4   9   6   2   2   0   3  13  0.09 inf
  199 L   -1  0  0  0 -2 -1 -1 -2  1  0  2 -1  1  1  0  0  0 -1  1 -1    5   5   4   5   0   1   4   2   5   3  27   2   6   6   5   5   4   1   6   3  0.07 inf
  200 D    0  1  1  2 -3  0  2  2 -1 -3 -2  0 -2 -3  0 -1  1 -3 -3 -2    7  10   5  11   0   3  17  17   0   0   5   4   0   0   5   2   8   0   0   3  0.21 inf
  201 S    2 -2  0  3 -3 -1 -1 -1 -3 -4 -3 -2 -3 -4  3  3  0 -4 -3 -2   16   2   3  19   0   2   1   3   0   0   2   0   0   0  17  26   5   0   1   2  0.51 inf
  202 S    2 -2 -1 -1  0  0  0  2  0 -1 -2 -1 -1 -2  0  1  0 -2 -1  0   18   1   2   2   2   3   6  17   3   3   3   1   1   1   5  16   3   0   1  11  0.15 inf
  203 Y   -1  3 -1  1 -2 -1  0  0  0 -1 -1  0 -1  1  1  0 -1  2  1 -1    4  22   1   9   1   1   4   6   3   3   5   4   1   8   9   7   2   3   5   3  0.14 inf
  204 L    0 -1  1 -1 -1 -1 -1  2 -2  0  2 -1  0 -1 -1 -1 -1 -2 -2  0    7   3   8   3   1   2   3  22   1   3  28   2   2   1   3   3   2   0   1   5  0.13 inf
  205 F    1 -1  0  0 -2 -1  1 -1 -1 -1 -1  0 -1 -1  3  1  0 -2 -1  0   15   3   4   4   0   1  10   3   1   4   4   6   1   2  18   9   3   0   1  10  0.19 inf
  206 N   -2  0  3  2  0 -1 -2  5  0 -4 -5 -2 -4 -4 -4 -1 -1 -4 -3 -2    0   5  18  11   3   2   1  46   3   0   0   0   0   0   0   3   3   0   1   3  0.75 inf
  207 G    4 -5 -5 -5 -3 -4 -4 -1 -5 -1 -1 -4 -1 -4 -4 -2 -1 -5 -4  5   34   0   0   0   0   0   0   5   0   1   3   0   1   0   0   1   2   0   0  55  0.99 inf
  208 K   -1  3  0 -2 -3  1 -1 -3  2 -2 -2  1 -2 -4 -3  1  4  1 -3  0    4  17   3   2   0   5   2   1   6   1   2   7   0   0   0   8  32   2   0   7  0.40 inf
  209 N   -5 -2  9 -1 -6 -3 -2 -4 -3 -7 -7 -4 -6 -7 -6 -2 -4 -7 -6 -5    0   1  93   2   0   0   2   0   0   0   0   0   0   0   0   1   0   0   0   1  2.48 inf
  210 V   -1 -4  1 -4 -3 -2 -2 -5 -4  5  1 -4  0 -3 -4 -3  1 -4 -2  3    3   0   9   0   0   2   3   0   0  39  11   0   1   0   0   0   8   0   1  24  0.61 inf
  211 Q   -1 -2 -1 -1 -3  0  1 -2  0 -1  1 -1  0  0 -1 -1  1  4  2  1    3   1   3   3   0   5  14   2   2   0  17   2   2   2   3   4   9   7   9  12  0.15 inf
  212 A   -1 -5 -5 -5 -3 -4 -5 -5 -5  3  3 -4  1 -2 -5 -4 -3 -5 -3  5    4   0   0   0   0   0   0   0   0  15  24   0   3   1   0   0   0   0   0  52  0.96 inf
  213 Q   -4 -1 -3 -3 -5  8  1  0 -3 -3 -5 -1 -4 -3 -2 -3 -4 -5 -4 -5    0   2   0   0   0  77   6   7   0   2   0   1   0   1   2   0   0   0   0   0  1.74 inf
  214 A    0 -3  1  6 -4 -1 -1  0 -2 -4 -5  0 -4 -5 -3  0  1 -5 -4 -4    6   0   4  55   0   1   2   7   1   0   0   7   0   0   0   5   9   0   0   0  0.94 inf
  215 V    0 -1 -2 -2 -2 -2 -2  1 -2  1  1 -1  0  1 -3  0  0  0  0  2   10   4   0   2   0   0   1  11   1   8  19   2   0   5   0   5   4   1   3  22  0.11 inf
  216 C   -3 -4 -1 -2 10 -4 -4 -3 -2 -3 -2 -4 -3 -3 -2 -3 -3 -3 -1 -3    1   1   4   2  72   1   1   2   1   1   3   1   0   1   2   1   1   0   2   1  2.25 inf
  217 G    1 -1  0  0 -2  0  0  1 -1 -1 -1 -1 -1 -2  4  0 -1 -2  0 -1   12   3   3   7   1   4   5  11   2   4   5   3   2   1  20   5   3   1   3   5  0.19 inf
  218 P   -1  0 -2  0 -3  0  0  2 -3 -3 -2 -1 -3 -2  5  0 -1 -4 -3 -3    4   4   1   6   0   4   5  16   0   1   5   2   0   2  36   9   2   0   0   1  0.63 inf
  219 L   -1  1  1  1 -2  0 -1 -1  2 -1  2  0 -1  0 -1 -1  0  0 -1 -1    4   8   7  10   0   3   3   5   6   2  25   6   0   5   2   2   6   1   1   2  0.06 inf
  220 F    0  0  1  4 -3  0 -1  0  2 -2 -2 -1 -3  0  1  0 -2 -3  2 -2    9   6   5  28   0   3   0   8   5   1   4   2   0   4   7   5   0   0   8   2  0.27 inf
  221 V    0 -1 -1 -1  0  0 -2 -2 -1  0  1 -1  1  0  2  0  1  0 -2  1    5   3   1   4   2   4   1   2   1   5  18   2   3   3  11   7  11   2   0  14  0.10 inf
  222 I    0 -2 -2 -3  0 -1 -2 -2 -2  2  0 -2  0 -1  1  1  0 -2  3  3    5   1   1   1   2   2   1   2   0  11   8   2   2   2   8  15   3   0  12  24  0.21 inf
  223 D    0 -1 -1  2 -3 -2  2  3 -2 -2 -1 -2 -1 -3 -1  0  1 -4 -1 -3    6   3   2  11   0   0  17  29   0   2   5   0   2   0   2   7  10   0   2   0  0.33 inf
  224 H   -5 -4 -1 -5 -6 -2 -4 -6 11 -7 -6 -4 -5 -5 -6 -4 -4 -6 -2 -6    0   0   2   0   0   1   0   0  94   0   0   0   0   0   0   0   1   0   0   0  3.38 inf
  225 A    1 -1 -1  1 -2 -1  0 -1 -1  1  1 -2  0  1 -1  0 -1 -3 -1  1   13   3   2  10   0   3   8   3   1  10  13   0   1   9   2   5   3   0   0  14  0.07 inf
  226 G    2  0  1  1  0  0 -1  4 -2 -4 -3 -1 -3 -3 -2  1 -1 -4 -3 -3   19   5   7   9   2   5   1  31   1   0   3   3   0   1   1  11   3   0   0   0  0.38 inf
  227 S   -2 -3 -4 -5 -2 -3 -1 -3 -4  3  2 -4  7  0 -5 -2 -1 -4 -3  1    2   1   0   0   1   0   4   2   0  17  20   0  32   4   0   3   3   0   0  10  0.68 inf
  228 L    1 -4 -2 -4 -3 -3 -4 -2 -4  0  2 -3  0 -3  5 -2  0 -4 -4  2   15   0   2   0   0   0   0   3   0   3  27   0   2   0  27   1   7   0   0  15  0.59 inf
  229 T    0  0 -2 -2 -4 -2 -2 -1  1 -1 -1 -3  0  1 -4 -1  1  1  6 -1   10   5   2   2   0   1   1   4   2   3   6   1   3   5   0   3   9   1  38   4  0.54 inf
  230 S   -3 -4  4  6 -5 -3  0 -4  0 -6 -6 -3 -5 -6 -4  2 -1 -6 -3 -5    1   0  19  54   0   0   4   0   2   0   0   0   0   0   0  18   2   0   1   0  1.29 inf
  231 Q   -1  2 -1 -2 -5  2 -1 -2  0 -4 -1  1 -3 -5  6 -2 -1 -5 -3 -2    4  10   3   1   0  10   4   2   3   0   6   7   0   0  42   1   3   0   1   3  0.83 inf
  232 F   -1  2  1 -2 -3 -1 -1 -1  0  1  0 -1 -1  1 -2 -1  1 -3  0  2    5  18   8   1   0   1   2   4   3   7  10   0   1   6   2   1   9   0   4  18  0.12 inf
  233 S    3 -4 -2 -4  1 -3 -3 -2 -4  0 -2 -3  0 -3 -3  1  2 -5 -3  3   29   0   2   0   3   0   1   2   0   4   1   0   2   0   0  12  15   0   0  30  0.48 inf
  234 Y    1 -1 -4 -5 -2  0 -3 -3  2  0  1 -3  0  3 -4 -3 -3  6  5  0   13   3   0   0   1   5   0   1   4   5  11   0   2  11   0   0   0  14  22   7  0.62 inf
  235 V    2  0  1  1 -3  3 -1  1  2 -2 -2 -1 -2 -3 -3  0  0 -4 -1 -1   21   5   7   8   0  19   2  10   6   2   3   2   0   1   0   6   4   0   2   3  0.24 inf
  236 V   -1 -3 -4 -4 -3 -2  0 -5  1  2  4 -2  3  1 -4 -3 -2  2 -2  1    4   0   0   0   0   1   8   0   4  11  48   2   7   5   0   0   1   3   0   7  0.51 inf
  237 G    1 -4 -4 -5 -3 -4 -4 -2 -5  3  0 -4 -1 -2 -4 -3  1 -5 -3  5   10   0   0   0   0   0   0   3   0  16   5   0   1   1   0   1   9   0   0  55  0.82 inf
  238 R    1  3 -3 -3 -3 -1 -2 -2 -3  1  3  1  0 -1 -3 -2 -1 -3 -1  1   12  17   0   0   0   2   1   2   0   5  34   8   2   2   0   0   3   0   1   8  0.27 inf
  239 S   -1  0  5  4 -4 -1  0 -2  0 -4 -4 -1 -4 -2 -3  0  0  3 -3 -4    4   6  34  25   0   2   3   2   2   0   0   3   0   2   0   5   7   5   0   0  0.69 inf
  240 A    6 -3 -3 -2 -3 -2 -1  0 -4 -2 -2 -3 -3 -4 -3 -1 -1 -5 -4  0   72   1   0   2   0   1   4   5   0   2   3   0   0   0   0   0   3   0   0   5  0.92 inf
  241 L   -4 -5 -6 -6 -4 -5 -5 -4 -5  1  6 -5 -1 -1 -5 -5 -4 -4 -3 -2    0   0   0   0   0   0   0   1   0   6  90   0   0   1   0   0   0   0   0   0  1.49 inf
  242 R   -1  1  0  4 -3  1  2 -1  0 -3 -3  1 -2 -3 -2  0  1 -3 -3 -2    4   9   3  27   0   4  13   3   3   1   2  10   0   0   1   6  12   0   0   2  0.34 inf
  243 S   -2  2  2  0 -3  0  0 -1  5 -3 -3 -1 -1 -3  4  1  0 -3 -2 -3    2  12  10   4   0   3   3   3  19   1   2   2   2   0  23   9   4   0   0   1  0.51 inf
  244 T    1 -1  1  3 -3 -1  3  1  0 -2 -3 -1 -3 -3 -1  0  0 -4 -3 -2   11   1   6  23   0   0  23  12   2   2   1   3   0   0   2   2   8   0   0   3  0.33 inf
  245 T    0  0 -1 -1 -3 -1  1  1  1 -3 -3 -1 -2 -2  5  0  0 -3 -1 -2    8   6   3   1   0   2  10  11   4   1   2   1   0   2  31   8   5   0   3   1  0.47 inf
  246 G    2 -2 -2  0 -3 -2 -2  5  0 -2 -4 -2 -3 -4  0 -1  0 -4 -3 -2   19   2   0   5   0   0   0  51   3   2   0   1   0   0   4   0   8   0   0   1  0.67 inf
  247 Q   -1 -1 -1  1 -4  2  1 -2 -1 -2 -2  0 -3 -4  5 -1  0 -4 -1 -1    4   2   2   9   0  14   7   3   2   2   2   4   0   0  38   2   4   0   2   4  0.65 inf
  248 A    2 -1 -2 -1 -3 -2 -1  1  1 -2 -1 -2 -2 -3  5 -1  0 -4 -3 -1   27   3   0   2   0   0   2  11   4   2   7   0   0   0  30   1   8   0   0   2  0.51 inf
  249 R    1  2  3  2 -3  0  0  0 -2 -3 -3 -1 -2 -3 -1  0  1 -4 -3 -1   12  17  17  17   0   2   5   7   0   0   0   0   0   0   2   5  10   0   0   5  0.27 inf
  250 S   -2  3 -2 -3  0 -2 -2 -3 -3 -1 -2 -1 -3 -4  5  1  3 -4 -3 -2    0  18   0   0   2   0   0   0   0   3   3   0   0   0  38  11  23   0   0   0  0.81 inf
  251 A    3  0 -1  0  1 -1  0 -1 -2  0 -1 -1 -1 -1 -2  2  0 -3  0  0   37   6   0   6   3   0   8   1   0   8   3   0   0   2   0  16   2   0   3   4  0.19 inf
  252 D    1  5 -1  4 -3 -1 -1 -2 -1 -3 -3  0 -2 -3 -2 -1 -1 -3  0 -3   14  43   0  28   0   0   1   1   0   1   1   1   0   0   1   1   4   0   3   1  0.56 inf
  253 Y   -1  1 -2 -2 -2 -1 -1 -3 -2  2  2 -1  0 -1  0 -1 -1 -2  1  1    5  11   1   1   0   1   6   1   0  20  26   1   0   0   4   6   1   0   7  10  0.11 inf
  254 G   -1  0  1  3 -3  0  0  1  1 -2 -2  0 -2 -3  0  1 -1 -3 -2  0    1   8   6  26   0   4   3  15   3   0   1   2   0   0   4  10   1   0   0  14  0.21 inf
  255 I    0  2 -1 -2 -2 -1 -1 -2  4  1  0 -1 -1 -2  1  1  1 -3 -1  0    5  15   0   1   0   0   1   1  18  11  11   1   0   0   9  12  10   0   0   4  0.16 inf
  256 T    1 -1 -1  1  1  0  0 -2 -2 -1  0  0 -1  0 -2  1  1 -2 -1  0   20   2   0   8   5   5   5   0   0   0  14   3   0   4   0   9  14   0   0  10  0.07 inf
  257 D    0  0  0  3  1  0  2  1  1 -2 -2  0 -2 -3 -2  1  1 -3 -2 -2    7   4   0  23   5   3  13   9   4   3   1   3   0   0   1   8  14   0   0   1  0.21 inf
  258 C    0 -5 -4 -5 10 -4 -5 -4 -4 -3 -3 -4 -3 -3 -4 -2 -1 -4  0 -2    7   0   0   0  86   0   0   0   0   0   0   0   0   0   0   0   3   0   4   0  2.21 inf
  259 N    0  1  2  1 -2  0  0  1 -1 -2 -1  0 -1 -1 -2  1  1 -3 -2 -1    9   8  11   8   0   5   2  14   0   0   6   5   0   5   0  15   9   0   0   4  0.12 inf
  260 P    1  3  1 -1 -3  1  0  1 -1 -3 -3  1 -2 -1  2  0 -1 -3 -2 -2   12  20   7   0   0   9   3  13   0   0   0  11   0   3  11   6   2   0   0   3  0.25 inf
  261 L    0 -2 -2 -2 -2 -2 -1  0 -2  1  2 -2  0  2  0  0 -1 -2  2  2    5   0   0   0   0   0   5   8   0   2  25   0   0   9   3  11   0   0   9  21  0.11 inf
  262 P    0 -2 -3 -3 -3  1 -2  0 -3  0  0 -2 -1  0  5 -1 -1 -3 -2  1    7   0   0   0   0   9   0   9   0   2  13   0   0   5  38   0   3   0   0  13  0.55 inf
  263 A    3 -2  0 -2 -2 -2 -1 -2 -2  0  0 -2  2 -2  4 -1 -1 -3 -3  0   44   0   5   0   0   0   3   0   0   5   8   0  10   0  20   0   0   0   0   5  0.38 inf
  264 N   -2 -3  2  3 -4 -2  0  1 -2 -4 -3 -2  0 -4  6 -1 -2 -4 -4 -3    0   0  10  18   0   0   3  15   0   0   0   0   5   0  48   0   0   0   0   0  0.99 inf
  265 D    0 -2 -1  1 -3  1  1  3  1 -3 -1 -1 -2 -3  1  0  0 -3 -1 -2    5   0   0   9   0   6  13  33   5   0   6   0   0   0   6   4   8   0   3   0  0.28 inf
  266 L   -2 -3 -3  2 -2 -3 -2 -2 -3  2  4 -3  1 -1 -3 -3 -2 -3 -2  1    0   0   0  16   0   0   0   3   0   9  67   0   0   0   0   0   0   0   0   4  0.46 inf
  267 T   -1 -2  2  3 -3  0  1  1 -1  0 -2 -1 -2 -2  1  0  1 -3 -1 -1    0   0  10  23   0   3   8  10   0  13   0   0   0   0   5   7  14   0   3   3  0.19 inf
  268 P    1 -3 -3 -3 -2 -2 -2 -1 -3  1  2 -2  0 -2  5  0 -1 -3 -1  0   17   0   0   0   0   0   0   3   0   7  29   0   0   0  33   6   0   0   2   3  0.49 inf
  269 E    0 -1  0  4 -3  3  1  0 -1 -3 -3  1 -2 -4 -2  1  1 -4 -3 -2    6   0   0  29   0  20   6   6   0   0   0   7   0   0   0  12  13   0   0   0  0.38 inf
  270 Q   -2  0  0  4 -3  1  1 -2 -2 -1 -2  0 -2  0 -2  0 -1 -3 -2  1    0   6   0  40   0  10   6   0   0   0   0   6   0   5   0   6   0   0   0  21  0.34 inf
  271 K    0 -1 -2 -3 -2 -1 -1  0 -2  1  2  0  1  1 -3 -2 -1 -2 -1  1    6   3   0   0   0   0   6   8   0   6  37  10   3   5   0   0   0   0   0  17  0.13 inf
  272 V    0 -3 -3 -3 -2 -2 -3 -2 -3  2  2 -2  0  1 -3 -1  1 -2 -1  2   10   0   0   0   0   0   0   3   0  18  23   0   0   7   0   0  16   0   0  24  0.22 inf
  273 A    1  0  0  4 -3  0  1  1 -2 -2 -3  0 -2 -3 -2  0  1 -3 -3 -1   12   6   0  37   0   3   4  13   0   0   1   4   0   0   0   0  11   0   0   7  0.30 inf
  274 A    2 -2 -1 -1 -1 -1  0 -1  2 -1 -2 -1 -1 -2 -2  1  3 -3 -2  0   30   0   0   0   0   0   7   0   9   4   1   0   0   0   0   6  34   0   0   5  0.28 inf
  275 A    1 -1  2  0 -2  0  2  1 -1 -1 -2 -1 -2 -3 -2  1  0 -3 -2  1   14   0  18   0   0   0  22  10   0   0   1   0   0   0   0  13   3   0   0  16  0.19 inf
  276 A    2 -2 -1  0 -2 -1  2  4 -2 -2 -1 -1 -2 -3 -2  0 -1 -3 -3 -1   24   0   0   4   0   0  19  36   0   0   7   0   0   0   0   6   0   0   0   4  0.35 inf
  277 L    0 -3 -4 -4 -2 -3 -3 -1 -3  2  4 -3  1 -1 -3 -2 -2 -3 -2  1   10   0   0   0   0   0   0   7   0   7  68   0   0   0   0   0   0   0   0   8  0.43 inf
  278 L    0 -3  0 -3 -2 -2 -3 -3 -3  2  3 -3  2 -1 -3 -2 -1 -3 -2  2    7   0   7   0   0   0   0   0   0  17  47   0   7   0   0   0   0   0   0  16  0.34 inf
  279 A    0 -3 -3 -3 -2 -2 -3  0 -2  1  1 -2 -1  3  4 -2 -1 -2  1  1    9   0   0   0   0   0   0   6   0   8  11   0   0  19  28   0   0   0   4  14  0.39 inf
  280 P    1 -2 -2 -2  1 -1  0 -1 -3  1  0 -2  0 -2  2 -1  1 -3 -2  2   15   0   0   0   4   0  10   4   0  13   7   0   0   0  12   0  11   0   0  24  0.16 inf
  281 A    3 -2 -2 -3 -1 -2 -2  1 -3  1  1 -2  0 -2 -2  0  0 -3 -2  0   43   0   0   0   0   0   0  14   0  14  15   0   0   0   0   3   6   0   0   4  0.23 inf
  282 A    2 -2 -2 -2 -2 -2  0  3 -2 -1  1 -2  0  0 -2 -1 -1 -3 -2  0   31   0   0   0   0   0   7  25   0   0  26   0   0   4   0   0   0   0   0   7  0.22 inf
  283 A    1 -1  1  1 -2  0  1  0 -1 -1  1  0 -1 -2 -2  0 -1 -3 -2  0   17   0  12   7   0   0  15   5   0   0  18   6   0   0   0   7   0   0   0  13  0.09 inf
  284 A    0  0  2 -2 -2 -1  0 -2 -1  0  1  0  0  0 -2 -1  1 -2  2  0   13   7  15   0   0   0   5   0   0   4  21   3   3   0   0   0  10   0  14   4  0.09 inf
  285 I    0 -2 -3 -3 -2  0 -2 -3 -3  3  2 -2  1 -1 -3 -2  0 -3 -2  2    9   0   0   0   0   7   0   0   0  26  30   0   4   0   0   0   6   0   0  18  0.26 inf
  286 V   -1 -1  0 -2 -2 -2 -2 -1  1  1  3 -2  1  0 -3  0 -1 -2 -1  1    4   3   8   0   0   0   0   4   7  10  41   0   0   4   0   7   0   0   0  12  0.15 inf
  287 A    2 -2 -2 -2 -2 -1 -2  2 -1 -3 -2  0 -2  0  1  1  0 -1  4 -2   29   0   0   0   0   0   0  18   0   0   0   7   0   0   7  10   3   0  26   0  0.33 inf
  288 G    1  0 -1 -2 -2  1  0  1 -1 -2 -1  0  2  1 -2  0  0 -1  3 -1   13   3   0   0   0   7   7  14   0   0   4   4  11   4   0   3   8   0  21   0  0.14 inf
  289 P   -2 -2 -2  0 -4 -1  2 -1 -2 -4 -4 -1 -3 -4  7 -1  0 -4  0 -3    0   0   0   3   0   0  18   4   0   0   0   0   0   0  63   0   7   0   4   0  1.30 inf
  290 K   -1  2  0 -2 -4  0  0 -2 -2 -3 -3  5 -2 -3 -2  0  0  4 -2 -3    0   7   4   0   0   0   0   0   0   0   0  68   0   0   0   7   6   7   0   0  0.66 inf
  291 Q   -1  1 -1 -2 -2  2 -1  0 -2  0  0  0 -1 -1 -2  0  2 -2  1  2    0   7   0   0   0  14   0   7   0   0   7   4   0   0   0   3  23   0   7  28  0.13 inf
  292 N    0  0  3  1 -2 -1 -1  0 -1 -1  0  0 -1  0  1  0  0  4 -1 -1    7   3  22   7   0   0   0   7   0   4  12   8   0   6   6   7   4   7   0   0  0.13 inf
  293 C    1  0  0  1  3  1  2  0 -1 -2 -2  0 -2 -3  1  0  0 -3 -2 -1   13   6   4   7  10   7  19   6   0   0   0   4   0   0   7   7   3   0   0   8  0.18 inf
  294 E   -2 -1 -1  0 -5  2  6 -3 -1 -4 -4  0 -3 -4 -2 -1 -2 -4 -3 -4    0   0   0   0   0   7  93   0   0   0   0   0   0   0   0   0   0   0   0   0  1.23 inf
  295 P   -2 -3 -3 -3 -4 -3 -2 -3 -3 -3 -4 -2 -3 -5  8 -2 -1 -5 -4 -1    0   0   0   0   0   0   0   0   0   0   0   0   0   0  90   0   3   0   0   7  2.12 inf
  296 D    2  0  0  2 -3 -1  1 -1 -2 -3 -3 -1 -3 -4  5  0 -1 -4 -3 -2   32   4   4  16   0   0   9   3   0   0   0   0   0   0  31   0   0   0   0   0  0.60 inf
  297 L   -2 -3 -4 -4 -2 -3 -3 -4 -4  3  4 -3  1 -1 -3 -3  0 -3 -2  1    0   0   0   0   0   0   0   0   0  26  62   0   0   0   0   0   8   0   0   3  0.54 inf
  298 M    1  4 -2 -2 -3  0 -1 -2 -2 -2 -1  3  2 -3  1 -1 -1 -3 -2 -1   15  42   0   0   0   0   0   0   0   0   3  19   9   0   7   0   0   0   0   4  0.42 inf
  299 P    0 -2  0  3 -3  1  0  2 -2 -3 -4  0 -3 -4  3  2 -1 -4 -3 -3    7   0   0  29   0   8   0  17   0   0   0   3   0   0  16  19   0   0   0   0  0.47 inf
  300 Y   -3 -3 -4 -5 -4 -3 -3 -4  0 -3 -2 -3 -2  2 -4 -3 -3  1  9 -3    0   0   0   0   0   0   0   0   0   0   0   0   0   3   0   0   0   0  97   0  1.79 inf
  301 A    6 -3 -3 -3 -1 -2 -2 -1 -3 -2 -2 -2 -2 -3 -2  0 -1 -4 -3  0   96   0   0   0   0   0   0   0   0   0   0   0   0   0   0   0   0   0   0   4  0.86 inf
  302 R   -2  5 -1 -1 -4  3  1 -3  3 -3 -2  2  1 -3 -2 -1 -1 -3 -1 -3    0  48   0   0   0  16  11   0  12   0   0   7   6   0   0   0   0   0   0   0  0.55 inf
  303 P   -1 -1 -1 -1 -3  2  0  3 -2 -3 -3 -1 -2 -4  6 -1 -1 -3 -3 -3    0   0   0   0   0  21   0  27   0   0   0   0   0   0  51   0   0   0   0   0  0.96 inf
  304 F   -2 -3 -3 -4 -3 -3 -3 -3 -1  0  0 -3  0  7 -4 -3 -2  1  3 -1    0   0   0   0   0   0   0   0   0   0   0   0   0 100   0   0   0   0   0   0  0.77 inf
  305 A    4 -2 -2 -2  0 -1 -1  0 -2 -1 -2 -1 -1 -2 -1  1  0 -3 -2  0  100   0   0   0   0   0   0   0   0   0   0   0   0   0   0   0   0   0   0   0  0.40 inf
  306 V    0 -3 -3 -3 -1 -2 -3 -3 -3  3  1 -2  1 -1 -3 -2  0 -3 -1  4    0   0   0   0   0   0   0   0   0   0   0   0   0   0   0   0   0   0   0 100  0.34 inf
  307 G    0 -2  0 -1 -3 -2 -2  6 -2 -4 -4 -2 -3 -3 -2  0 -2 -3 -3 -3    0   0   0   0   0   0   0 100   0   0   0   0   0   0   0   0   0   0   0   0  1.04 inf
  308 K   -1  2  0 -1 -3  1  1 -2 -1 -3 -3  5 -1 -3 -1  0 -1 -3 -2 -2    0   0   0   0   0   0   0   0   0   0   0 100   0   0   0   0   0   0   0   0  0.51 inf
  309 R   -1  5  0 -1 -3  1  0 -2 -1 -3 -2  4 -1 -3 -2 -1 -1 -3 -2 -3    0  50   0   0   0   0   0   0   0   0   0  50   0   0   0   0   0   0   0   0  0.55 inf
  310 T    0 -1  0 -1 -1 -1 -1 -2 -2 -1 -1 -1 -1 -2 -1  1  5 -3 -2  0    0   0   0   0   0   0   0   0   0   0   0   0   0   0   0   0 100   0   0   0  0.47 inf
  311 C    0 -4 -3 -4  9 -3 -4 -3 -3 -1 -1 -3 -2 -3 -3 -1 -1 -2 -3 -1    0   0   0   0 100   0   0   0   0   0   0   0   0   0   0   0   0   0   0   0  1.20 inf
  312 S    1 -1  1  0 -1  0  0  0 -1 -3 -3  0 -2 -3 -1  4  1 -3 -2 -2    0   0   0   0   0   0   0   0   0   0   0   0   0   0   0 100   0   0   0   0  0.45 inf
  313 G    0 -2  0 -1 -3 -2 -2  6 -2 -4 -4 -2 -3 -3 -2  0 -2 -3 -3 -3    0   0   0   0   0   0   0 100   0   0   0   0   0   0   0   0   0   0   0   0  1.04 inf
  314 I   -1 -2 -1 -2 -1 -2 -2 -3 -3  3  0 -2  0 -1 -2  0  3 -3 -2  2    0   0   0   0   0   0   0   0   0  50   0   0   0   0   0   0  50   0   0   0  0.23 inf
  315 V   -1 -3 -3 -3 -1 -3 -3 -4 -3  4  1 -3  1 -1 -3 -2  0 -3 -1  3    0   0   0   0   0   0   0   0   0  50   0   0   0   0   0   0   0   0   0  50  0.34 inf
  316 T    0 -1  0 -1 -1 -1 -1 -2 -2 -1 -1 -1 -1 -2 -1  1  4 -2 -2  0    0   0   0   0   0   0   0   0   0   0   0   0   0   0   0   0   0   0   0   0  0.00     0.00
  317 P   -1 -2 -2 -1 -3 -1 -1 -2 -2 -3 -3 -1 -2 -4  7 -1 -1 -4 -3 -2    0   0   0   0   0   0   0   0   0   0   0   0   0   0   0   0   0   0   0   0  0.00     0.00

                      K         Lambda
Standard Ungapped    0.1305     0.3149
Standard Gapped      0.0397     0.2670
PSI Ungapped         0.1282     0.3052
PSI Gapped           0.0397     0.2670
