
Last position-specific scoring matrix computed, weighted observed percentages rounded down, information per position, and relative weight of gapless real matches to pseudocounts
           A  R  N  D  C  Q  E  G  H  I  L  K  M  F  P  S  T  W  Y  V   A   R   N   D   C   Q   E   G   H   I   L   K   M   F   P   S   T   W   Y   V
    1 V   -3 -5 -5 -6 -3 -5 -5 -6 -6  3 -1 -5  0 -3 -5 -4 -2 -5 -4  7    0   0   0   0   0   0   0   0   0  11   0   0   2   0   0   0   0   0   0  87  1.52 inf
    2 A   -1 -3 -3 -2 -1 -1  1 -3 -4 -4 -2 -1 -3 -5 -4  2  6 -5 -2 -3    4   0   0   1   1   1   8   0   0   0   3   3   0   0   0  12  65   0   1   0  1.04 inf
    3 G    0 -4 -1 -1 -1 -4 -4  6 -3 -5 -5 -3 -5 -5 -2  3  0 -5 -5 -5    7   0   2   3   2   0   0  58   0   0   0   0   0   0   1  21   5   0   0   0  1.09 inf
    4 G   -1 -1  0  1 -5  4  2  2 -2 -5 -5  2 -3 -5 -2  0 -1 -5 -4 -3    3   2   3   8   0  24  14  17   0   0   0  15   0   0   1   8   3   0   0   1  0.53 inf
    5 G    2 -5 -4 -4 -5 -3 -5  6 -5 -5 -1 -2  1 -3 -3 -1 -4  4 -4 -5   17   0   0   1   0   0   0  56   0   0   6   3   5   1   1   3   0   6   0   0  1.09 inf
    6 L   -5 -6 -6 -7 -5 -4 -6 -7 -6  2  5 -6  6  2 -6 -6 -4 -5 -3 -2    0   0   0   0   0   1   0   0   0   8  61   0  19   7   0   0   1   0   1   1  1.45 inf
    7 P    0  4 -2 -4 -5 -1 -1 -2  4 -5 -5  2 -2 -5  4  1 -1 -6 -1 -4    9  25   2   0   0   2   2   3   9   0   0  10   1   0  21  11   3   0   2   1  0.70 inf
    8 K    1  2  0 -1 -3  2  1 -3 -3 -2 -2  3  0 -5 -4 -2  2 -2 -3 -2   12  12   5   3   1   9  10   1   0   2   3  22   2   0   0   1  14   0   0   3  0.37 inf
    9 Y   -4 -3 -3 -6 -3  1 -5 -2 -1 -2 -1 -4 -2  3 -6 -1 -2  4  8 -2    1   1   1   0   1   8   0   4   1   2   5   1   1  10   0   5   2   5  49   3  1.32 inf
   10 G   -5 -8 -6 -7 -8 -7 -4  8 -7 -9 -9 -7 -8 -9 -7 -6 -7 -8 -8 -9    0   0   0   0   0   0   1  99   0   0   0   0   0   0   0   0   0   0   0   0  2.90 inf
   11 T   -5 -6 -5 -6 -6 -6 -6 -3 -7 -6 -7 -6 -6 -8 -6  1  8 -8 -7 -4    0   0   0   0   0   0   0   3   0   0   0   0   0   0   0   9  88   0   0   1  2.51 inf
   12 A    3 -3  3 -3 -4 -1 -2 -2 -2 -2 -1 -3  2 -2  2  1  2 -1 -4  0   25   0  13   0   0   3   1   3   1   1   7   0   6   2  12   8  11   1   0   6  0.36 inf
   13 V    1 -1 -1 -2 -2 -1  1  2 -1  0 -1 -3  1  1 -4  0 -2 -4 -1  3   14   3   3   2   1   2   9  16   1   6   4   0   4   5   0   6   0   0   2  22  0.20 inf
   14 L    0 -4  2 -5 -3 -4 -4  1 -1  0  4 -3  1 -2 -5 -3  2  0  0 -1    6   0  10   0   0   0   0  12   1   4  39   1   4   1   0   1  12   1   3   3  0.48 inf
   15 V   -2 -5 -1 -5 -4 -5 -5 -5 -2  2  2 -5  4 -1 -5 -4  0 -5  0  5    3   0   3   0   0   0   0   1   1  11  15   0  12   2   0   0   6   0   4  41  0.86 inf
   16 N   -2 -1  5  3 -5  0  2 -3 -2 -1 -2  0  1 -5 -1 -1 -1 -1 -1 -2    4   3  28  18   0   3  12   1   0   3   5   4   4   0   2   3   3   1   2   3  0.51 inf
   17 I    0 -3 -5 -4 -4 -3 -3 -2 -2  3  1 -3  0  1  2 -1 -2  4  1  2    7   1   0   0   0   0   1   3   1  20  13   1   2   7  10   4   1   7   6  14  0.38 inf
   18 I    2 -4 -2 -4 -1 -2 -4 -1  0  2  2 -3  3  0 -2  1  1 -4  0  0   17   0   2   0   1   1   0   5   3  13  20   0   8   3   2   9   8   0   2   5  0.26 inf
   19 N    0 -2  7  1 -6  0 -1 -1  2 -3 -6 -3 -5 -6 -4  0 -3 -1  0 -3    7   2  50   6   0   5   4   4   5   2   0   1   0   0   0   7   0   1   3   2  1.06 inf
   20 E    1 -1  0  0 -5  1  5 -1 -2 -4 -3  1 -1 -4 -2  0 -1 -2  0 -3   14   2   4   5   0   6  36   4   1   0   3   7   2   1   1   6   4   1   4   2  0.48 inf
   21 N    2  1  1 -3 -3 -1 -2 -1  1  1  1 -2  3  0 -3  0  0 -2 -1  0   17   7   7   0   0   1   2   4   4   8  14   1  11   3   1   6   5   0   2   6  0.15 inf
   22 G   -4 -1 -1  1 -4 -3 -3  6  0 -8 -8  0 -7 -5 -6  0 -5 -7 -4 -7    0   4   3   8   0   1   1  67   2   0   0   5   0   1   0   7   0   0   1   0  1.49 inf
   23 L    3 -4 -2  0  0 -3 -4  2 -2  1 -1 -4  3  1 -4  0  0 -1 -3  1   24   0   1   6   2   0   0  17   1   7   6   0   8   5   0   6   5   1   0  10  0.30 inf
   24 Y   -2 -5 -6 -6 -2 -4 -3 -6 -1  0  5 -5  2  2 -6 -2 -1 -5  1  0    3   0   0   0   1   1   2   0   2   3  61   0   4   8   0   3   3   0   5   4  1.00 inf
   25 P   -2 -7 -7 -5 -4 -6 -6 -3 -7 -4 -6 -6 -7 -9  8 -1 -2 -9 -8 -6    3   0   0   1   0   0   0   2   0   1   1   0   0   0  85   5   2   0   0   0  2.74 inf
   26 V    0 -5 -3 -5 -2 -5 -5 -2  0  2 -2 -5 -4 -4 -5  0  6  3 -2  2    6   0   1   0   1   0   0   3   3  10   3   0   0   1   0   6  51   3   1  12  1.00 inf
   27 K   -3  6  1 -3 -5 -1  0 -5  0 -5 -2  4 -1  1 -6 -4 -5 -2  3 -6    2  40   6   1   0   2   5   0   2   0   5  21   1   6   0   0   0   0   8   0  1.00 inf
   28 N   -7 -6  9 -1 -8 -5 -6  0  1 -9 -9 -6 -8 -7 -8 -5 -6 -8  2 -8    0   0  83   3   0   0   0   6   3   0   0   0   0   0   0   0   0   0   6   0  2.66 inf
   29 F   -2 -7 -5 -8 -7 -7 -7 -2  0 -5  0 -7 -2  7 -8 -5 -7  9  3 -6    5   0   1   0   0   0   0   3   3   0   8   0   1  49   0   1   0  23   8   0  2.07 inf
   30 Q   -1  4 -2 -4 -6  5 -1 -3 -2 -6 -4  1 -2 -5 -5  2  1  0 -3 -5    4  25   1   0   0  28   4   2   1   0   1   8   1   0   0  14   8   1   1   0  0.85 inf
   31 T   -1  1 -2  2 -4  1  3  0 -2 -4 -3  0  2 -2 -3  0  1  2  1 -2    5   8   1  11   0   7  19   6   1   0   2   5   5   2   1   6  11   4   5   3  0.25 inf
   32 G    0 -1 -2 -4 -2 -2 -1  5 -2 -3 -4 -2 -5 -6  2  0  1 -6 -4 -1    6   4   2   0   1   1   4  45   1   1   1   3   0   0  10   6  10   0   0   5  0.74 inf
   33 V   -2  3 -2 -3 -3  2  0 -3  1 -3 -3 -1 -2  1 -3  1  1  2  4  1    2  16   2   1   0  12   5   2   3   1   1   2   1   7   1  12  10   2  14   9  0.35 inf
   34 Y   -2 -3 -1  0  0 -5 -5 -4  1  1  0 -2 -1  7 -4 -2 -2  5  1 -1    3   1   3   6   2   0   0   1   4   9   6   3   2  42   1   2   2   6   4   3  0.87 inf
   35 P   -1 -3 -2  4 -7 -2  5 -4 -4 -5 -6 -1 -6 -7  4 -3 -2 -7 -4 -5    6   1   1  25   0   1  37   1   0   0   0   4   0   0  19   1   2   0   1   1  1.12 inf
   36 Y   -1  0  0  2 -5  0  2  3  3 -4 -3  1 -4  0 -3 -2 -1  0  1 -3    4   4   4  12   0   3  14  22   7   1   3  11   0   4   1   1   3   1   4   1  0.34 inf
   37 A    5 -3 -4 -3 -2 -4 -1 -2  2  0 -3 -4 -4 -1 -4 -1 -3  5 -2  0   53   1   0   1   1   0   5   3   5   5   2   0   0   2   0   4   1   8   1   6  0.90 inf
   38 Y   -2  0  1  4 -6 -1  5 -1 -1 -4 -4  0 -3 -1 -3 -1 -3  0 -1 -4    3   5   5  24   0   1  33   4   1   1   1   6   1   3   1   4   1   1   2   1  0.68 inf
   39 E   -1  2  2  2 -6  0  2  0 -3 -5 -4  5 -4 -4 -3 -1 -2 -6 -5 -5    5   9  10  10   0   4  14   7   0   0   2  32   0   1   1   4   2   0   0   0  0.60 inf
   40 Q   -4 -4 -6 -6 -3 -3 -2 -7 -6  6  3 -2 -1 -1 -6 -5 -3 -5 -1  2    1   1   0   0   0   1   3   0   0  50  22   3   1   2   0   0   1   0   2  11  1.13 inf
   41 S   -1 -2  0  0 -3 -3 -3  2 -1 -1 -3 -3 -3 -1 -5  5 -1 -6 -5 -5    5   2   5   5   1   1   1  16   1   4   2   1   0   3   0  50   2   0   0   0  0.80 inf
   42 G    1 -3 -4 -3 -5 -4 -3  6  0  0 -4 -3 -5 -5 -2 -1 -4  5 -5 -1   10   1   0   1   0   1   2  56   3   6   1   1   0   0   3   3   1   7   0   4  1.10 inf
   43 E   -2  0 -2  1 -6  0  6 -5 -1 -5 -5  0 -3 -4  0 -2 -1 -6 -1 -4    4   4   1   7   0   4  58   0   1   0   1   4   1   1   5   2   3   0   2   1  1.11 inf
   44 A    2  1  2 -2 -3 -1  0 -2 -1 -2 -2  1 -3 -2 -1  0  3 -1  1 -1   23   6  10   1   0   2   5   2   1   1   3   8   0   1   2   4  18   1   6   5  0.25 inf
   45 M   -2 -5 -6 -5 -5 -2 -5 -5 -3  3  2 -5  5  4 -4 -3 -2  2  2  2    3   0   0   0   0   2   0   0   0  14  19   0  17  19   1   1   2   3   5  13  0.76 inf
   46 A    3  3  0 -2 -4  0  1 -2  2 -3 -1  2  0 -1 -3 -1 -1 -4 -2  0   24  14   4   1   0   3   9   1   5   1   6  12   2   2   0   4   4   0   1   6  0.26 inf
   47 A    0  1 -1  2 -6  1  5 -4 -3 -5 -4  3 -5 -6 -2 -1 -2 -6 -4 -5    9   6   2  11   0   5  41   1   0   1   1  15   0   0   2   4   2   0   0   0  0.84 inf
   48 K   -1  1  1  0 -4  1  2 -2  1 -2 -1  3 -2 -3 -2 -1  1 -5 -3 -3    6   8   6   5   0   5  13   2   4   2   7  23   0   1   1   3  10   0   1   1  0.30 inf
   49 Y    0 -3 -1 -4  1 -2 -3 -3  1  3  0 -2  0  2 -4 -1 -1  2  5  0    7   1   3   1   3   2   1   2   4  18   7   2   3   9   0   4   3   3  22   6  0.42 inf
   50 L   -1  1 -1 -2 -4 -1  1 -3  1  0  3  0 -1  1 -4 -1 -1  2  0  1    4   8   2   1   0   2  10   2   4   3  30   7   1   5   0   4   3   3   2   9  0.19 inf
   51 V    0 -1 -2 -1 -3 -1  1 -1 -3  1 -1  1 -1 -3  0  0  1 -4 -3  3    9   3   1   2   0   1   8   6   0   8   6   9   1   1   4   5  10   0   1  25  0.18 inf
   52 R   -3  6 -3  0 -7 -1  0  0  1 -6 -6  4 -5 -7 -5 -2 -1 -4 -5 -5    1  43   1   4   0   2   5   9   4   0   0  24   0   0   0   2   4   0   0   1  1.13 inf
   53 N   -2  2  3  0 -5  0  1  2  1 -4 -2  2 -1 -4  0 -1 -1 -5 -2 -3    2  11  15   5   0   4   8  14   4   1   5  14   2   0   5   4   3   0   1   1  0.29 inf
   54 K   -1  3 -2 -1 -4  1  0 -2  5  1 -2  1 -1 -2 -1 -1  0  4  1 -1    4  16   1   4   0   5   5   2  14   9   3   9   1   2   2   3   5   6   5   4  0.29 inf
   55 P    3 -4 -2 -3 -5 -4 -4  4 -2 -5 -5 -4 -5 -6  2  2  2 -6 -5 -4   25   1   1   1   0   0   1  33   1   0   0   0   0   0   9  16  11   0   0   1  0.85 inf
   56 C   -6 -8 -7  0 11 -7 -7 -4 -7 -6 -6 -7 -6 -7 -7 -6 -2 -1 -7 -4    0   0   0   6  85   0   0   2   0   0   0   0   0   0   0   0   2   1   0   1  3.74 inf
   57 Y    1 -4 -4 -2  0 -2 -3 -1  4 -3 -2 -2  0  4  1 -1 -1  5  5 -3   12   0   0   3   2   2   1   4  11   1   2   2   3  15   8   6   3   7  17   1  0.56 inf
   58 A    0 -2  3 -2 -2 -2 -2  5  1 -5 -3 -2 -3 -4  0  1 -3 -5 -1 -5    9   2  14   2   1   2   2  38   4   0   4   2   1   1   5  11   1   0   2   0  0.62 inf
   59 C   -6 -8 -7 -5 12 -7 -8 -7 -7 -6 -6 -7 -6 -7 -7 -4 -4 -7 -7 -6    0   0   0   1  93   0   0   0   0   0   0   0   0   0   0   1   1   0   0   0  4.24 inf
   60 P   -1 -5 -1 -5 -4 -2 -5 -4 -1  0 -4 -5 -1 -2  7 -1  0 -7 -6  0    4   0   4   0   0   2   0   1   1   6   1   0   1   2  59   4   7   0   0   6  1.50 inf
   61 I   -2 -5 -4 -6 -4 -3 -4 -3 -5  5  0 -1  4 -1 -5 -2 -2 -5 -3  4    2   0   1   0   0   1   1   2   0  37   7   5   9   2   0   3   2   0   0  27  0.89 inf
   62 G    3  1  0 -2 -4  2 -3  2  2 -3 -3  0 -3 -5  2 -1 -2 -5 -3 -1   23   9   4   1   0   9   0  19   5   1   3   7   0   0   9   3   1   0   1   5  0.36 inf
   63 C   -5 -7 -7 -7 12 -7 -7 -3 -2 -6 -6 -7 -6 -7 -7 -6 -6 -7 -7 -6    0   0   0   0  92   0   0   2   1   0   0   0   0   0   0   0   0   0   0   0  4.17 inf
   64 G   -1 -1 -3 -4 -2 -3 -3  4  2  0 -4  3 -1 -5 -3  1 -1 -3 -1 -2    4   3   0   0   1   0   1  34   5   7   0  21   2   0   1  13   3   0   2   2  0.60 inf
   65 R    0  4  1 -2 -5  2 -2 -2  6 -2 -2  3 -3 -5 -4 -3 -3 -3 -2 -4    7  25   6   1   0   8   1   3  17   2   3  21   0   0   0   0   1   0   1   1  0.79 inf
   66 V   -2 -2 -3 -1 -4 -3 -2 -4 -1  2  1 -2  0  0 -1 -2 -1  3  3  4    3   2   1   4   0   0   3   1   1  14  11   2   2   3   3   3   2   4  11  28  0.37 inf
   67 N    1 -1  0 -2  0 -2 -3  0 -1  1 -1 -2 -1  0 -3  0  1  0  2  2   10   3   5   1   2   0   1   8   1   8   4   1   1   4   1   8  12   2   7  21  0.16 inf
   68 R   -1  3  0  2 -4 -1  1 -2 -2 -2 -2  2  1 -1 -2  0  0 -4 -1  0    4  16   3  11   0   2  10   2   1   1   4  15   4   3   2   7   6   0   3   9  0.21 inf
   69 L   -1 -2 -2  0 -3 -2 -2  0 -1  2  1  0  1  0 -2 -1  0 -3 -1  3    4   1   1   6   0   1   2   7   2  12  13   7   4   5   2   3   5   0   2  22  0.13 inf
   70 P   -2  3 -1  3 -5 -1  2 -3 -1 -4 -5  3 -2 -5  3 -1  0 -5 -3 -4    2  14   3  17   0   2  13   2   1   1   1  19   1   0  14   4   5   0   1   1  0.58 inf
   71 T   -1  1 -1  1 -4 -1  2  3  0 -2 -3  1 -3 -2 -3  0 -1 -1  3 -3    5   6   3   8   0   1  16  23   2   2   2   8   1   1   1   5   3   1  11   2  0.30 inf
   72 V   -1  0  1  0 -3  1  1  2 -1 -1 -1  2  0 -3  1 -1 -1  0 -1 -1    5   4   6   5   0   5  12  15   1   3   5  14   3   0   6   3   4   2   2   6  0.12 inf
   73 G   -1  1 -2 -2 -4 -2 -1  4  1 -3 -3  1 -2  2  0 -1 -2 -2  3 -3    6   7   2   2   0   2   3  30   3   1   2   8   1   8   5   4   2   0  13   2  0.38 inf
   74 E   -1  2  0  0 -3  1  2  0  0 -2 -1  2 -1 -2  0 -1  0 -3  0  0    4  12   3   4   0   5  16   7   2   2   7  12   1   2   3   3   4   0   5   9  0.12 inf
   75 T   -2 -1 -1 -1 -2 -1  1  1  2 -1 -2 -1  0 -1 -1  1  3 -3  2  0    1   2   2   2   1   2   9  12   5   2   3   3   2   2   3   8  23   0   8   7  0.19 inf
   76 E   -1  0 -2  1 -2 -1  3  1  1  0 -1  0 -1 -1 -1  1 -1 -3 -2  1    4   4   1   9   0   0  19   9   5   5   4   7   2   2   2  11   3   0   1  11  0.14 inf
   77 G    0 -2 -2 -2 -2 -1  0  5  2 -3 -1  0 -3 -4 -2  1 -2 -2 -3 -2    8   2   1   2   1   3   6  43   5   1   7   5   0   1   2   9   2   1   0   3  0.54 inf
   78 P   -4 -4 -3 -4 -5 -4 -4 -4  0 -2  0 -1 -1  1  7 -4 -2 -4  4  0    1   0   1   0   0   0   1   1   3   3   8   5   1   7  47   1   2   0  12   7  1.14 inf
   79 E   -3 -1 -4  4  0 -3  7 -3 -4 -6 -6 -3 -2 -6 -5 -2 -2 -6 -6 -6    2   3   0  24   2   0  60   2   0   0   0   0   1   0   0   2   2   0   0   0  1.56 inf
   80 Y   -5 -6 -4 -7 -7 -6 -7 -2  0 -3 -3 -7 -5  2 -7 -6 -6 -3 10 -3    1   0   1   0   0   0   0   4   2   2   3   0   0   6   0   0   0   0  79   2  2.68 inf
   81 E   -2 -5 -5 -1 -7 -2  7 -5 -5 -7 -7 -1 -6 -7 -3 -3 -2 -7  1 -5    3   0   0   3   0   1  77   1   0   0   0   4   0   0   1   1   3   0   4   1  1.85 inf
   82 S    0 -4  0 -4 -3 -2 -4 -2 -3 -4  0 -3  1 -3  3  2  5 -6 -5 -3    9   0   5   0   0   1   0   2   1   0   9   1   4   1  15  13  37   0   0   1  0.71 inf
   83 V    0 -3 -3 -5 -2 -2 -4 -3 -3  4  2 -4  3 -1 -3 -3  1 -1  1  2   10   1   1   0   1   1   0   2   1  28  16   0   6   2   1   1   9   1   6  14  0.46 inf
   84 W    2 -5 -3 -4 -1 -2 -1  0  0 -2 -4 -3  0  2 -5 -1 -2  8  4 -2   19   0   1   1   1   2   5   8   2   2   0   1   3   9   0   4   2  24  13   3  0.90 inf
   85 A    5 -5 -4 -5  1 -4 -4  1  0 -4  0 -4  3 -5 -5  2 -2 -2 -2 -3   47   0   0   0   3   0   1   9   3   0   8   1   7   0   0  17   2   1   1   1  0.80 inf
   86 L   -3 -6  0 -6 -2 -4 -6 -5 -1 -1  4 -6  4  5 -7 -5 -3 -1  1 -2    2   0   5   0   1   1   0   1   1   2  40   0  12  27   0   0   1   1   5   2  1.08 inf
   87 G   -2 -6 -5 -6 -7 -6 -6  7 -6 -7 -7 -6 -7 -7 -6 -2 -1 -7 -7 -7    3   0   0   0   0   0   0  88   0   0   0   0   0   0   0   3   4   0   0   0  2.34 inf
   88 A    3 -4 -2 -2 -4 -4 -3  1 -5 -4 -5 -3 -5 -1  4  4  0 -2 -3 -3   28   0   1   2   0   0   0   9   0   1   1   1   0   2  18  28   5   1   1   2  0.73 inf
   89 N   -1 -1  5  0  0 -1 -3 -2  1 -2  1 -2  4  1 -3 -2 -3 -5 -1 -3    6   4  32   5   2   2   0   3   3   2  17   2  11   6   1   2   1   0   2   1  0.53 inf
   90 L   -1 -5 -1 -4  7 -4 -3 -5 -4  2  3 -3 -1 -3 -4  0  0 -5 -4  0    5   0   4   1  23   1   2   0   0  12  31   2   1   1   1   6   6   0   0   4  0.74 inf
   91 G   -2 -5 -3 -2  0 -4  0  6 -3 -6  0 -5  1 -6 -5 -2 -5 -6 -4 -5    3   0   1   2   2   1   6  68   1   0   9   0   3   0   0   2   0   0   1   0  1.41 inf
   92 I   -4 -5  3 -4 -2 -5 -5 -4 -1  5  1 -4  1 -2 -5 -3 -2 -6 -4  4    1   0  13   1   1   0   0   1   2  36  11   1   3   1   0   2   1   0   0  28  0.91 inf
   93 N   -1 -3  1  4 -3 -2  0  0 -1 -1 -3  0 -2  2 -1  1  1  0  1 -3    5   0   7  22   0   1   5   8   1   3   2   5   1   9   2  10  11   1   6   1  0.26 inf
   94 D   -4 -4  2  7 -7 -3  0 -5  0 -5 -6 -1 -6 -2 -4 -1 -1 -7 -4 -5    1   1  10  64   0   1   5   0   2   1   1   3   0   2   0   5   3   0   1   1  1.55 inf
   95 L    0 -2 -2 -5 -4 -2 -4 -5 -5  2  4 -4  1  1  3 -3 -1 -2 -1 -1    9   3   2   0   0   1   1   0   0  10  41   0   3   7  13   1   4   1   2   4  0.53 inf
   96 A   -1  0  0  5 -6 -1  4 -3  0 -5 -5 -1 -3 -2  0 -1 -2 -5  1 -2    5   5   4  29   0   2  28   2   2   0   0   3   1   2   4   3   1   0   6   3  0.67 inf
   97 S    3 -2 -1  1 -3  0  1 -1 -2 -1 -1  0 -1  1 -2  0 -1  2 -1 -1   31   1   2  10   0   3  11   4   1   4   5   4   1   6   1   6   4   3   1   3  0.23 inf
   98 I    0 -6 -4 -4  0 -5 -5 -2 -6  5  0 -5  1 -2 -5 -1  0 -6 -5  4    8   0   1   1   2   0   0   4   0  32   7   0   3   1   0   4   4   0   0  33  0.83 inf
   99 I    2 -4 -2 -1  0 -2 -2 -2 -4  2  3 -4  1  0 -4 -1 -1  0 -2  2   23   0   1   4   1   2   2   2   0  12  26   0   3   3   0   4   3   1   1  12  0.33 inf
  100 E   -1  3 -3 -2 -5  0  1 -2  0 -2 -2  4  0 -2 -3 -2 -1 -1  4 -1    6  13   1   2   0   4  10   3   2   2   3  25   2   1   1   1   5   1  15   4  0.40 inf
  101 A    4 -5 -4 -6  1 -5 -5 -3 -5  2  3 -5  2  0 -5 -1 -3 -1 -3  0   31   0   1   0   3   0   0   1   0  10  32   0   6   3   0   5   1   1   1   5  0.66 inf
  102 N   -1 -3  6  2 -3 -3 -2 -2  0  2 -1 -3 -1 -4 -5  0 -1 -6 -3  0    4   1  38  11   0   1   2   3   2  10   7   0   1   1   0   5   4   0   1   8  0.63 inf
  103 H   -1  2  0  3 -5  2  2 -3  3 -4 -3  0 -1  0 -3  0 -1  1  1 -4    4  12   5  18   0   8  11   2   9   0   2   6   2   4   1   6   2   2   6   1  0.34 inf
  104 M   -1  0 -3 -3 -2 -2 -1 -5 -1  2  4  0  2 -1 -4 -3 -1  0 -1  0    6   6   1   1   1   1   4   0   2  11  43   6   4   2   0   1   4   1   2   4  0.43 inf
  105 C    2 -6 -6 -4  9 -6 -6 -4 -6  0 -2 -6  2 -4 -6 -3 -2 -6 -6  2   19   0   0   1  44   0   0   1   0   4   3   0   6   1   0   1   3   0   0  16  1.61 inf
  106 D   -5 -2  6  6 -7  0  1 -4 -4 -4 -4 -3 -6 -4 -5 -4 -1 -7 -3 -6    0   2  32  44   0   3   9   1   0   1   2   1   0   1   0   0   3   0   1   0  1.42 inf
  107 E    0  3  0  4 -6  0  4 -4 -2 -3 -3  1 -1 -4 -4 -1 -1 -6 -5 -3    9  15   3  23   0   3  25   0   1   2   2   9   1   1   0   4   3   0   0   1  0.61 inf
  108 L   -2 -5 -3 -5 -5  0 -3 -5 -1  0  3 -4  4  1 -6 -4 -3 -1  6 -1    3   0   1   1   0   4   1   1   1   5  32   0   9   4   0   1   1   1  33   3  1.00 inf
  109 G   -2 -7 -6 -6 -8 -7 -7  8 -7 -9 -9 -7 -8 -8 -7 -5 -4 -8 -8 -8    3   0   0   0   0   0   0  96   0   0   0   0   0   0   0   0   1   0   0   0  2.75 inf
  110 L   -5 -6 -7 -7 -5 -6 -7 -7 -6  3  4 -6  6  2 -7 -6 -5  0 -2  1    0   0   0   0   0   0   0   0   0  14  42   0  22   9   0   0   0   1   1  10  1.27 inf
  111 D   -7 -7 -4  9 -1 -5 -3 -4 -1 -8 -9 -6 -8 -9 -7 -5 -6 -9 -8 -8    0   0   0  96   1   0   0   2   2   0   0   0   0   0   0   0   0   0   0   0  2.98 inf
  112 T    2 -4 -2 -4 -1 -1 -2  0 -5 -1 -4 -4 -1 -5  1  2  5 -1 -5  0   19   0   1   0   1   2   2   8   0   3   1   0   1   0   7  12  35   1   0   7  0.60 inf
  113 I   -4 -7 -2 -7 -2 -6 -7 -7 -7  7 -2 -4  3  1 -3 -4 -3 -6 -1  0    1   0   2   0   1   0   0   0   0  71   2   1   8   6   2   1   2   0   2   3  1.65 inf
  114 S    0 -4 -2 -2 -5  0  3 -1 -5 -6 -5 -4 -5 -6 -3  6  1 -7 -6 -5    6   0   1   2   0   3  21   4   0   0   1   0   0   0   1  55   7   0   0   0  1.13 inf
  115 T    3 -4 -4 -5  1 -4 -4 -1 -4 -1  1 -4  3  2 -4 -1  4 -4 -3  0   24   0   0   0   3   0   0   4   0   3  13   0   9   9   0   3  28   0   0   5  0.55 inf
  116 G    1 -6 -4 -5 -6 -5 -6  7 -6 -7 -7 -5 -6 -7  2 -2 -5 -6 -7 -2   13   0   0   0   0   0   0  73   0   0   0   0   0   0   9   3   0   0   0   3  1.71 inf
  117 G    1 -3  4 -2 -3  2 -1  1  1 -2 -3 -3 -1 -4 -4  0 -1 -2 -4  3   14   0  21   2   0   9   4  12   3   1   1   0   2   0   0   7   3   1   0  21  0.39 inf
  118 T    1 -4 -3 -3  0 -4 -4 -4 -5  0  0 -4  1 -4 -4  0  5 -5 -4  3   14   0   1   1   2   0   0   1   0   5   9   0   4   0   0   5  36   0   0  23  0.66 inf
  119 L   -2 -5 -6 -6  0 -5 -6 -6 -6  5  3 -5  3  1 -6 -5 -3 -5 -3  3    3   0   0   0   2   0   0   0   0  33  31   0   8   6   0   0   1   0   0  16  0.95 inf
  120 A    6 -5 -3 -3 -4 -4 -5  4 -5 -6 -6 -4 -5 -6 -5  1 -2 -6 -6 -4   61   0   1   2   0   0   0  26   0   0   0   0   0   0   0  10   1   0   0   0  1.34 inf
  121 T    0 -6 -6 -7  3 -6 -6 -6 -4 -1 -1 -6  1  6 -6 -5 -2  9  0  1    9   0   0   0   6   0   0   0   0   2   4   0   4  31   0   0   2  28   2  12  1.48 inf
  122 A    5 -3 -5 -5 -2 -4 -4 -4 -2 -1  0 -4  0 -1 -5 -3 -2 -1  0  2   57   1   0   0   1   0   0   0   1   3  10   0   2   3   0   0   2   1   3  16  0.86 inf
  123 M    0 -3 -4 -6 -3 -2 -5 -3 -5  1  0 -3  8  2 -6 -4  1 -5 -1  0    8   1   1   0   0   2   0   2   0   7   7   1  45   9   0   0  10   0   2   6  1.12 inf
  124 E   -4 -2 -4  2 -7 -1  7 -5 -2 -6 -6 -2 -5 -4 -5 -3 -3 -6 -3 -6    1   2   0   9   0   1  78   0   1   0   0   1   0   1   0   1   2   0   1   0  1.85 inf
  125 L    4 -4 -4 -5  5 -4 -4 -4 -4  0  4 -4  1 -2 -4 -2 -3 -4 -3 -2   33   0   0   0  11   0   0   0   0   4  40   0   4   1   0   2   0   0   1   1  0.80 inf
  126 Y   -1  0 -2 -3 -3 -1 -2 -2  0 -1  1 -1 -1  2 -3  0  0  1  5  0    5   5   2   1   0   2   1   2   2   2  11   4   1  10   1   6   6   1  27   8  0.34 inf
  127 E   -2 -2 -1  1 -4  3  6 -2  1 -4 -4  1 -3 -4 -3 -2 -2 -4 -2 -4    3   1   2   8   0  11  51   3   3   1   2   7   0   1   1   2   1   0   1   1  0.86 inf
  128 K    0  4  0  0 -4  0  1 -3  0 -3 -2  4  0 -4 -3 -1 -2 -4 -3 -2    9  23   5   4   0   2   8   1   2   1   3  31   3   1   1   2   1   0   0   2  0.50 inf
  129 G   -3 -4 -1 -2 -4 -3 -3  7 -4 -5 -5 -3 -5 -5 -3 -3 -4 -4 -5 -5    1   1   3   2   0   1   1  81   0   1   1   2   0   0   1   1   1   0   0   1  1.75 inf
  130 H   -2 -2 -3 -3 -3 -3 -3 -4 -2  4  3  0  1  0 -3 -3 -2 -3  1  1    2   2   1   1   0   1   1   1   1  28  29   8   3   2   1   1   1   0   5  10  0.43 inf
  131 I   -3 -4 -4 -3 -3 -3 -3 -3 -2  5  4 -4 -1  0 -3 -3 -2 -2 -2  1    1   1   1   1   0   1   1   2   1  31  39   1   1   3   1   2   1   0   1  10  0.68 inf
  132 K   -1  0  1  2 -3 -1  0 -2 -2 -3 -2  2 -2 -3  2  1  4 -3 -3 -3    2   3   7  11   0   2   4   3   1   1   3  13   1   1  10  10  26   0   1   1  0.35 inf
  133 D    0  1 -1  2 -2  0  3 -1 -1 -3 -1  2 -2 -3  2  0 -1 -3 -2 -2    6   8   2  11   1   4  19   4   1   1   5  14   1   1  10   5   3   0   1   1  0.24 inf
  134 E    0  1  0  2 -3  0  4 -1 -1 -3 -2  1 -2 -3 -2  0 -1 -3 -2 -2    6   6   3   9   0   3  34   4   1   1   3   9   1   1   1   8   3   0   1   2  0.37 inf
  135 E   -2 -1 -1  5 -3  1  3 -2  1 -2 -2 -1 -1 -2  0 -1 -1 -2 -2 -2    3   2   2  31   1   6  21   3   4   3   3   3   2   2   4   3   3   1   1   2  0.45 inf
  136 L   -1 -2 -2 -2 -1 -1 -1 -2 -2  1  2 -1  0  1 -1 -1  3 -2 -1  1    4   2   1   2   1   2   3   2   1   8  22   4   1   7   2   2  22   0   1  11  0.16 inf
  137 G    0 -1  0 -1 -2 -1 -1  4 -1 -1 -1 -1 -1 -1  1  0  0 -2 -1 -1    7   4   3   3   1   2   4  34   2   3   7   3   1   2   8   4   5   1   2   3  0.24 inf
  138 D   -1  0  0  3 -1  0  1  0 -1  0  0 -1 -1  1 -1  0 -1 -1  0 -1    4   5   5  22   2   2   7   8   2   5   9   3   1   6   3   4   3   1   3   5  0.09 inf
  139 A    0 -1 -1  0 -1 -1  0  4 -1 -1 -1 -1 -1  0 -1  0  0 -1 -2 -1    7   3   2   5   1   2   6  35   1   4   6   3   2   5   2   6   5   1   1   5  0.25 inf
  140 P    0 -1 -2 -1 -2 -1 -1  1 -2  1  2 -1  0 -1  3 -1 -1 -2 -1  0    6   4   1   4   0   2   4  13   1   8  22   3   3   3  13   3   2   0   2   7  0.12 inf
  141 P    0  0  0  2 -3 -1  2 -1 -1 -1 -2  1 -2 -3  3  0 -1 -2 -3  0    7   5   3  14   0   1  18   5   1   3   3  10   1   1  14   4   2   0   1   7  0.25 inf
  142 F   -2 -3 -2  0 -1 -3 -3 -4 -3  1  4 -3  1  0  2 -2 -2 -3 -1  0    3   1   1   6   1   1   1   1   0   9  46   2   2   4  11   2   1   0   2   5  0.46 inf
  143 R    0  2  0  0 -2  0  2  0 -1 -2 -3  1 -2 -2  1  1  0 -3 -2 -1    6  14   5   5   1   3  14   6   1   1   1  11   0   1   7  10   7   0   1   5  0.19 inf
  144 W   -3 -5 -4 -6 -5 -5 -3 -5 -5 -2 -4 -4 -3  7 -3 -3 -5 10  1 -5    2   0   1   0   0   0   2   0   0   2   1   1   1  45   1   2   0  36   4   0  2.20 inf
  145 G   -3 -5 -1 -1 -5 -4 -1  7 -2 -6 -6 -3 -5 -6 -2 -3 -3 -5 -6 -6    1   0   2   3   0   0   4  81   1   0   1   1   0   0   2   1   1   0   0   0  1.82 inf
  146 N   -3 -3  5  6 -4 -3 -1 -3 -4 -5 -6 -3 -4 -6 -4  0 -3 -6 -5 -3    1   1  29  49   0   0   3   1   0   1   1   1   0   0   0   8   1   0   0   2  1.38 inf
  147 T    2 -2 -2 -1 -2 -1  0  2 -1 -2 -2  0 -2  0  1  0  0 -2  1  0   25   2   0   2   1   1   6  15   2   2   2   5   1   5   8   4   5   0   5   9  0.18 inf
  148 E    0 -1  0  3 -5  0  5 -2 -2 -5 -4  2 -2 -5 -3 -1 -2 -5 -4 -4    9   3   3  18   0   3  40   3   0   0   1  11   1   0   1   3   1   0   0   1  0.75 inf
  149 V    3  0 -1 -1 -2 -1 -1  1 -2 -1 -1  0 -2 -2 -1  0  1 -4 -3 -1   32   6   2   4   1   2   4  12   1   3   6   4   0   1   3   6   9   0   0   3  0.21 inf
  150 L    2 -4 -5 -5 -2 -2 -2 -4 -4  2  2 -4  4  1 -4 -3 -1 -1  3  3   16   0   0   0   0   1   2   1   0  11  16   0  11   6   0   0   3   1  11  21  0.47 inf
  151 H    0  0 -3 -3 -1 -1  0 -3  0  2  2  0  1  0 -2 -2 -2 -2 -1  2   10   4   0   1   1   1   7   1   3  11  25   6   3   5   2   1   1   0   1  16  0.17 inf
  152 Y    0  3 -1  1 -5  1  4 -3 -2 -4 -4  3 -4 -3 -3 -2 -2  0  2 -4   10  16   2   8   0   5  27   1   0   1   1  16   0   1   1   2   1   1   8   1  0.54 inf
  153 Y    1 -4 -5 -6 -2 -4 -5 -3 -5  1  5 -4  4  0 -5 -3 -2  1 -2  0   13   0   0   0   1   0   0   2   0   5  55   0  11   3   0   1   2   2   1   4  0.85 inf
  154 I    1 -5 -4 -5 -4 -4 -5 -5 -5  4  3 -5  2 -2 -5 -3  0 -3 -4  2   11   0   0   0   0   0   0   0   0  27  33   0   4   1   0   1   6   0   0  15  0.74 inf
  155 E   -2  1  0  2 -5  1  4 -3  4 -3 -3  1 -2 -4 -3 -2 -2  1  0 -3    2   8   3  10   0   5  33   1  11   1   3  10   1   0   1   1   1   2   4   2  0.55 inf
  156 K   -1  2  0  2 -5  1  1 -3  0 -2  0  3  2 -3 -4 -1 -3 -1  0 -3    5  12   3  14   0   4  10   1   2   2   9  24   7   0   0   2   0   1   3   0  0.36 inf
  157 I   -3 -5 -6 -6 -3 -5 -6 -6 -6  6  1 -5  4 -2 -5 -5  1 -5 -3  2    1   0   0   0   0   0   0   0   0  53  11   0   9   1   0   0  10   0   1  14  1.20 inf
  158 A    5 -2 -3 -5  0 -3 -3  2 -5 -3 -4 -4 -4 -5 -3  0 -3 -5 -2  1   59   2   1   0   2   0   1  15   0   1   1   0   0   0   1   4   1   0   1  11  0.97 inf
  159 K   -1  2  1 -1 -2  1  1 -3  2 -3 -1  2  0  1 -4 -1  0 -2  4 -3    6  12   8   2   1   5   8   1   6   0   5  15   2   7   0   2   5   0  14   0  0.29 inf
  160 R   -2  7 -2 -3 -2  1 -3  3 -4 -6 -5  1 -1 -6 -2 -2 -4 -6 -5 -6    3  54   2   1   1   5   1  20   0   0   0   5   1   0   2   3   0   0   0   0  1.19 inf
  161 E   -2  2  0  1 -3  1  4 -3 -2 -4 -4  1 -3 -5 -2  0  2 -5 -4 -3    3  13   5   8   0   6  34   1   0   1   1   6   0   0   1   5  15   0   0   1  0.60 inf
  162 G   -3 -3  1  1 -6 -3  1  6 -2 -5 -6 -4 -6 -6  2 -3 -4 -6 -4 -6    1   1   8   7   0   0   9  60   1   1   1   0   0   0   9   0   1   0   0   0  1.23 inf
  163 F   -4 -3 -5 -3 -2 -4 -2 -5 -5  5  2 -3  0  5 -5 -3 -3 -4 -2  1    0   1   0   1   1   0   3   0   0  32  21   2   1  26   0   1   0   0   0   9  0.85 inf
  164 G   -1 -3 -5 -5 -6 -6 -6  7 -5 -7 -4 -5 -6 -4 -6 -4 -5 -1  3 -6    5   2   0   0   0   0   0  80   0   0   2   0   0   0   0   0   0   1  10   0  1.93 inf
  165 D    1  3  2  4 -5  0  1 -2 -2 -4 -5  2 -2 -5 -4 -1 -3 -6 -4 -4   11  18  10  28   0   3   8   2   1   0   0  12   1   0   0   3   0   0   0   1  0.63 inf
  166 K   -1 -2 -3  0 -2 -2  0 -5 -3  4  2  0  0 -1 -3 -3 -1 -3 -2  1    5   1   1   6   1   1   7   0   1  30  22   6   1   2   0   1   4   0   1  10  0.35 inf
  167 L   -2 -6 -7 -7  0 -6 -6 -6 -6  2  6 -6  2  0 -4 -6 -4 -5 -4 -1    3   0   0   0   2   0   0   0   0  10  72   0   5   3   1   0   0   0   0   3  1.33 inf
  168 A    6 -4 -4 -5 -3 -4 -3  4 -5 -6 -6 -2 -5 -6 -5  1 -3 -6 -6 -5   59   1   0   0   0   0   1  28   0   0   0   2   0   0   0   9   0   0   0   0  1.32 inf
  169 E   -3  1  2  2 -3  2  4 -2 -2 -4  0  1  1 -2 -4 -1 -3 -5 -3 -4    1   6   9  10   1  10  31   3   0   0  12   7   4   2   0   4   0   0   0   0  0.48 inf
  170 G   -4 -7 -5 -6 -7 -6 -6  8 -6 -8 -8 -6 -7 -8 -7 -3 -6 -7 -7 -8    0   0   0   0   0   0   0  98   0   0   0   0   0   0   0   1   0   0   0   0  2.72 inf
  171 S    2 -4 -3 -3 -2 -3 -3 -3 -4  1 -1 -1 -1 -3 -1  2  2 -5 -3  3   18   0   0   1   1   1   0   1   0   7   5   4   1   0   2  19  14   0   0  26  0.43 inf
  172 Y    1  4 -3  0 -2 -1  0 -1 -1 -4 -2  3  0 -2 -3 -2 -3  1  3 -3   12  22   0   6   1   1   5   5   1   0   3  21   3   1   1   2   0   2  13   1  0.42 inf
  173 R    0  5 -1 -3 -4  0  0 -2  0 -3 -3  2 -3  0 -3 -1 -2  2  1 -1    9  37   2   1   0   3   6   3   2   1   1  10   0   4   1   4   2   3   5   5  0.49 inf
  174 L    4 -4 -5 -5  0 -4 -4 -3 -4 -1  2 -4  3  0 -4 -2  0 -2  0  1   43   0   0   0   1   0   0   1   0   3  21   0   7   5   0   1   5   1   3  10  0.63 inf
  175 A    5 -4 -4 -4  2 -2 -4  2 -1 -3 -3 -3 -4 -5 -4  2 -1 -6 -5 -2   54   0   0   0   4   2   0  13   2   1   2   0   0   0   0  18   3   0   0   1  0.93 inf
  176 E    0  3 -1  0 -4  1  4 -3 -3 -5 -3  3 -3 -5 -4  0 -2 -2 -4 -4    8  13   2   5   0   6  33   2   0   0   2  20   1   0   0   5   1   1   0   1  0.65 inf
  177 S    1  2 -2 -2 -2  0  1 -2  1  1 -1  3  0 -3 -3  0 -1 -4 -1  0   13  13   0   1   1   2   8   1   4  12   4  22   3   0   0   6   2   0   1   7  0.23 inf
  178 Y   -5 -4 -5 -6 -1 -5 -3 -5 -2  3  3 -5 -2  4 -6 -5 -3  2  6 -2    0   1   0   0   1   0   2   1   1  17  27   0   0  16   0   0   1   3  29   1  1.03 inf
  179 G   -3 -6 -2 -3 -7 -4 -5  7 -6 -8 -8 -1 -4 -7 -6 -4 -6 -7 -7 -7    1   0   2   1   0   1   0  90   0   0   0   4   0   0   0   0   0   0   0   0  2.27 inf
  180 H    1  2 -2 -1 -2 -1 -1  3  3 -3 -2  2 -1 -4 -4 -1 -2 -4 -1  0   13  13   1   2   1   2   2  24   9   0   3  12   2   0   0   4   0   0   2   9  0.32 inf
  181 P   -1  0 -3  0  0  0  4 -2 -1 -5 -4  1 -3 -6  5 -1 -1 -6 -5 -4    4   5   0   4   2   4  34   2   1   0   1   9   0   0  27   3   4   0   0   0  0.79 inf
  182 E   -1 -1  0  5 -6 -1  5 -2 -1 -6 -6 -1 -5 -6 -3 -1 -3 -3 -3 -5    5   2   4  30   0   1  43   3   1   0   0   3   0   0   1   4   1   0   1   0  0.99 inf
  183 L   -2 -4 -3 -5 -2 -3 -2 -5 -3  0  3 -2 -1  5 -5 -4 -3  4  4  0    2   0   1   0   1   1   2   0   0   5  29   3   1  26   0   0   1   5  17   6  0.75 inf
  184 S    6 -5 -2 -5 -4 -4 -4 -3 -5 -5 -4 -4 -4 -3 -4  3 -1 -6 -5 -3   70   0   1   0   0   0   0   0   0   0   1   0   0   1   0  24   2   0   0   1  1.38 inf
  185 M   -4 -5 -6 -7 -5 -4 -6 -6 -6  3  1 -5  9 -3 -6 -5 -4 -5 -4  3    0   0   0   0   0   0   0   0   0  14  11   0  59   0   0   0   0   0   0  16  1.83 inf

                      K         Lambda
Standard Ungapped    0.1372     0.3150
Standard Gapped      0.0554     0.2670
PSI Ungapped         0.1808     0.3160
PSI Gapped           0.0554     0.2670
