
Last position-specific scoring matrix computed, weighted observed percentages rounded down, information per position, and relative weight of gapless real matches to pseudocounts
           A  R  N  D  C  Q  E  G  H  I  L  K  M  F  P  S  T  W  Y  V   A   R   N   D   C   Q   E   G   H   I   L   K   M   F   P   S   T   W   Y   V
    1 P   -3 -5 -5 -4 -5 -4 -4 -5 -5 -5 -5 -3 -5 -6  9 -3 -4 -6 -5 -5    0   0   0   0   0   0   0   0   0   0   0   0   0   0 100   0   0   0   0   0  2.94 inf
    2 K    0  2 -2 -1 -4  1  2 -2 -2 -3 -2  3 -3 -2  3  0 -1 -4 -3 -1    8  12   0   1   0   7  16   2   0   0   3  18   0   1  17   8   1   0   0   4  0.40 inf
    3 P   -4 -6 -6 -6 -5 -6 -6 -7 -7 -2 -4 -5 -4 -5  6 -5 -4 -7 -5  6    0   0   0   0   0   0   0   0   0   0   0   0   0   0  37   0   0   0   0  62  1.90 inf
    4 P   -5 -1 -5  0 -6 -3 -5 -5 -2 -6 -6 -5 -3 -7  8 -2 -4 -7 -6 -6    0   4   0   5   0   1   0   1   1   0   0   0   1   0  84   2   0   0   0   0  2.57 inf
    5 V    0  0 -1 -3 -3  2 -1 -2 -1  3  1  1  1 -3 -2 -1  0 -4 -2  1    7   5   2   1   0  12   3   3   1  21  13  10   4   0   2   2   6   0   1   7  0.17 inf
    6 K   -1  0  4  0 -5  0  1 -2  2 -4 -5  2 -4 -5  0  0  3 -5 -4 -4    4   3  20   5   0   3   9   2   5   1   0  14   0   0   4   6  22   0   0   1  0.50 inf
    7 F    0 -5 -3 -5 -3 -3 -5 -5 -5  4 -2 -5 -2  0  0  0  0 -5  2  5    6   0   1   0   0   1   0   0   0  23   1   0   1   3   4   8   5   0   7  38  0.73 inf
    8 N   -4 -4  2  6 -6 -3 -1 -4  0 -6 -6 -3 -4 -7 -2  0  4 -7 -6 -2    1   0   9  45   0   1   2   0   2   0   0   1   0   0   2   7  26   0   0   3  1.21 inf
    9 R   -4  6 -3 -2 -6  1  1 -5  4 -2 -3  1 -2 -6 -5 -3  2 -6 -5 -1    1  43   1   2   0   5   9   0   9   2   2   9   1   0   0   1  11   0   0   4  0.93 inf
   10 R   -3  4  2 -3 -5  1 -2 -4  3 -5 -5  0 -4 -2 -4  1  4 -4 -1 -2    2  25   8   1   0   7   1   1   7   0   0   4   0   2   0   9  27   0   2   3  0.69 inf
   11 I   -5 -6 -6 -6 -5 -5 -4 -5 -6  5  3 -4  4  3 -6 -4 -2 -5 -1  1    0   0   0   0   0   0   1   1   0  37  27   1  10  11   0   1   2   0   1   8  1.03 inf
   12 F   -4 -1 -2 -4 -4 -4 -2 -5  1  3  0  0 -2  5 -4 -3  0 -4  1  2    0   4   2   0   0   0   3   0   4  17   6   5   0  27   0   1   7   0   5  17  0.58 inf
   13 L   -2 -3 -4 -6 -4 -3 -5 -6 -4  2  4 -5  2  4 -5 -3 -2 -4  2  2    4   1   1   0   0   1   0   0   0  13  35   0   5  18   0   2   3   0   7  11  0.71 inf
   14 L    2 -2 -1  0 -3 -1 -2 -2 -1 -2  1 -2  1 -3 -1 -1  4 -5 -4  0   15   2   3   6   0   2   2   2   2   1  14   2   4   1   3   2  31   0   0   7  0.36 inf
   15 N    0 -4  5 -3 -5 -3 -4 -3 -3  1 -1 -3  0 -4 -3  0  3 -6 -5  3    6   0  32   1   0   1   0   1   0   7   5   1   2   0   1   7  16   0   0  20  0.70 inf
   16 T    0 -4 -1 -3  5 -3 -2  1 -2 -3 -3 -3  3 -5 -4  3  3 -5 -4 -1    6   1   3   1  14   0   2  12   1   1   2   1   8   0   0  25  20   0   0   3  0.63 inf
   17 Q    1 -1 -2  1 -1  5 -1 -3  1 -1  0 -1  1 -1 -1 -2 -2 -4  0  0   11   3   1   9   1  28   2   2   4   3  11   3   4   2   3   1   2   0   3   8  0.33 inf
   18 N   -1 -3  6  0 -5 -1 -2  3 -3 -4 -5 -3 -3 -5  0 -1  1 -6 -5 -4    4   1  40   5   0   2   2  24   0   1   1   1   0   0   5   4   8   0   0   1  0.93 inf
   19 V   -2  1  1 -1  2  0 -1 -3 -1 -1  2  1  0 -2  2  0  1 -2 -3 -1    1   8   7   3   4   5   2   1   1   2  26   8   2   1  10   7   8   0   1   3  0.19 inf
   20 I   -2 -2  2 -2  0 -1 -2  0 -3  3  0 -2  1  1 -3 -2  0 -4 -2  2    2   2  11   2   2   3   1   7   0  23   9   2   4   7   1   2   6   0   0  16  0.26 inf
   21 N   -3 -2  6  4 -6 -3 -1  3 -1 -5 -5 -3 -5 -6 -5  1 -3 -6 -4 -6    2   2  35  19   0   1   4  23   1   0   1   1   0   0   0   8   1   0   0   0  1.01 inf
   22 G   -2 -1  1  1  2 -2 -4  6 -4 -4 -6 -4 -5 -6 -5 -1  2 -6 -5 -3    3   3   7   7   4   2   1  51   0   1   0   0   0   0   0   5  13   0   0   2  1.00 inf
   23 Y   -1  4 -2 -4 -5  0 -3 -4  4  0 -2  3  0 -1 -4 -1  0  1  1  0    5  21   1   0   0   3   0   1  11   5   4  20   3   3   0   3   7   2   5   6  0.44 inf
   24 V   -3 -1  2 -4 -2  1 -3 -4 -3  0  2 -3  0  4 -1 -2  0 -4 -1  2    1   4  10   0   1   6   1   1   0   4  19   1   2  19   3   2   7   0   1  17  0.37 inf
   25 K    2  4 -3 -3 -4  0 -2 -3  0  0 -2  2 -2 -2 -4  0  0 -4  3  1   15  21   0   1   0   3   1   1   2   5   3  12   0   1   0   7   6   0  11  10  0.35 inf
   26 W    5 -4 -6 -6 -3 -5 -6 -2 -5 -6 -5 -6 -4  2 -3  0 -5  9  4 -5   41   1   0   0   1   0   0   4   0   0   0   0   0   6   1   6   0  26  12   0  1.58 inf
   27 A    2 -3 -2 -3 -2  0 -2 -2 -4 -4 -1 -3 -1  2 -4  4  3 -2 -2 -2   20   1   2   1   1   4   1   3   0   0   7   1   1   9   0  30  17   0   1   2  0.55 inf
   28 I   -4 -6 -7 -7 -5 -2 -6 -7 -6  4  3 -6  5  3 -6 -6 -5 -5 -4  3    1   0   0   0   0   2   0   0   0  25  25   0  14  13   0   0   0   0   0  19  1.13 inf
   29 N   -5 -6  9 -1 -8 -4 -6 -4 -5 -9 -9 -3 -8 -8 -7 -3 -6 -9 -8 -8    1   0  90   4   0   1   0   1   0   0   0   2   0   0   0   2   0   0   0   0  3.01 inf
   30 D   -5 -2  7  1 -7 -4 -1  3  2 -8 -8 -4 -4 -7 -6  0 -3 -8 -4 -7    0   2  54   7   0   0   3  20   5   0   0   1   0   0   0   5   1   0   0   0  1.58 inf
   31 V   -2 -3 -4 -6 -5 -2 -4 -6 -5  5 -2 -3 -1 -4 -6 -1 -1  1 -3  5    3   1   1   0   0   2   1   0   0  36   3   2   1   0   0   6   4   2   1  36  1.04 inf
   32 S   -2 -6 -3 -4 -6 -4 -4 -5 -6 -6 -7 -5 -4 -7 -2  7  4 -7 -6 -3    2   0   1   1   0   1   1   0   0   0   0   0   0   0   2  68  22   0   0   2  1.77 inf
   33 L   -6 -7 -7 -8 -7 -5 -4 -8  2 -4  1 -7  3  7 -8 -6 -6  3  6 -5    0   0   0   0   0   0   2   0   4   0  12   0   8  47   0   0   0   4  22   0  1.85 inf
   34 A    0 -1 -2 -2 -4  0 -1 -5  1  1 -1  0  0 -4 -3 -1  2 -5 -1  4    7   4   2   2   0   4   3   0   3   8   4   5   2   0   1   4  13   0   2  34  0.39 inf
   35 L    0 -2  1  0 -4 -2 -1 -4  1 -1  2 -3  3  2  2  1  0 -3 -1 -1    7   2   6   5   0   1   4   1   4   2  21   1   8   8  12  10   5   0   2   3  0.23 inf
   36 P   -1 -4 -2  1 -8 -3 -4 -4 -7 -7 -4 -5 -7 -6  8 -4 -4 -8 -5 -7    5   1   2   8   0   2   1   1   0   0   2   0   0   0  75   1   1   0   1   0  2.28 inf
   37 P    0 -1 -1  1 -3  0  0 -2  0 -5 -4  3 -3 -4  1  2  3  5 -4 -4    8   2   2   8   0   3   5   2   2   0   1  17   0   1   8  15  16   7   0   1  0.44 inf
   38 T   -1 -2 -1 -5 -5 -3 -2 -4 -4  2 -2 -2 -1  1 -5  0  5 -5 -4  3    5   2   3   0   0   1   2   1   0   9   2   2   1   6   0   7  39   0   0  20  0.74 inf
   39 P    1 -6 -1  1 -6 -5 -3 -4 -3 -5 -5 -4 -3 -5  7  1 -2 -7 -2 -5   10   0   3   9   0   0   1   1   1   1   1   1   1   0  57  10   3   0   1   1  1.56 inf
   40 Y   -1 -4 -5 -4 -4 -4 -4 -5 -4  2  3 -4  1 -1  0  0  2 -4  3  1    4   1   0   0   0   0   1   0   0  11  33   0   3   1   6   8  12   0   9  10  0.51 inf
   41 L   -5 -3 -5 -4 -5 -4 -4 -6 -6  0  6  2  1 -3 -5 -5 -2 -6 -5 -2    0   1   0   1   0   1   1   0   0   3  69  12   3   1   1   0   2   0   0   2  1.33 inf
   42 G   -1 -2 -3 -2 -3  3  1  0 -2  0  3 -2 -1 -2 -1  0  0 -1 -2  0    3   1   1   2   0  14   9   7   1   4  28   2   1   1   2   8   5   1   2   7  0.23 inf
   43 A    4 -3 -2 -1 -3  4  0 -2 -2 -3 -2 -1 -3 -4 -3  1  0 -1 -4 -2   40   1   1   4   1  18   5   2   1   2   3   2   0   1   1   8   5   1   1   3  0.62 inf
   44 M   -1  0 -2  2 -3 -1  0 -2  4  2  0 -2  1 -1 -2 -2 -2 -1  4 -1    5   6   1  12   0   2   6   3  12  14   7   2   3   2   2   2   2   1  15   4  0.31 inf
   45 K   -3 -1 -1 -1 -3  0 -2 -3  2 -2  0  1  0  2 -3 -3 -2  0  7 -1    2   4   4   3   0   3   3   2   5   2   8   9   2   8   1   2   2   1  34   4  0.66 inf
   46 Y   -2  0  0 -2 -4  0 -2 -3  1 -2 -2 -1  2  4  0  1 -1 -1  5 -3    3   4   5   2   0   5   2   2   3   2   4   4   5  19   5  10   3   1  21   1  0.49 inf
   47 N   -2 -1  4  0 -4 -1 -2  3  1 -1 -3  1 -3 -3 -3  0  1 -4 -3 -3    2   4  24   4   0   2   1  23   4   3   2   8   0   1   1   7   9   0   1   2  0.49 inf
   48 L    0 -1 -1 -2 -2 -1 -2  0 -2  3  1 -1  0 -2 -1 -1  0 -2 -2  1    9   4   2   2   0   3   2   8   1  22  16   4   2   1   3   4   5   0   1  10  0.14 inf
   49 L   -1  0  0 -1 -3  1  0 -1  0 -2  0  0  0 -2  1  2  1 -1 -1 -2    4   5   4   3   0   5   4   5   2   2  12   7   2   2   7  19  11   1   2   2  0.13 inf
   50 H   -1  0  1  1 -3  0 -1  3  1 -2 -2 -1 -3 -3 -2  2  1 -3 -1 -2    4   5   7   8   0   3   3  26   4   2   3   4   0   1   2  14   8   0   2   3  0.30 inf
   51 A    2 -3 -2 -2 -3 -2 -2  1 -3  0 -1 -2  0 -2 -2  0  0  0 -3  4   20   1   2   3   0   1   2  10   1   4   5   2   2   2   2   6   5   2   1  31  0.35 inf
   52 F   -2 -2 -1 -2 -3 -2 -3  1 -1 -2  0 -2 -1  5 -3 -1 -2 -2  4  0    3   2   3   3   0   2   2  10   2   2   7   3   1  27   2   4   3   0  17   8  0.53 inf
   53 D   -1  0  1  3 -1 -1  1  0 -2 -2 -3  0 -2 -1  0  1  2 -3  1 -2    4   4   6  19   2   2   7   6   1   2   2   5   1   2   4   9  15   0   6   2  0.24 inf
   54 Q    0 -1  1  2 -3  1  1 -1 -1 -2  0 -1 -1 -2  0  0  2  0 -2 -1    8   2   7  10   0   7  10   4   1   1  12   3   1   2   4   5  15   1   1   4  0.12 inf
   55 N    1 -1  1  4 -3 -1  1  0 -2 -2 -1  0 -2 -3 -1  0  0 -4 -2 -2   13   3   7  27   0   2   7   8   1   2   7   5   1   1   3   5   6   0   1   3  0.30 inf
   56 P   -2  0 -1  1 -3 -2 -2 -2 -2  0 -2 -1 -2  5  2  1  1  1 -1 -2    3   6   3   8   0   2   3   4   1   6   3   3   1  23  12  11   9   2   1   2  0.33 inf
   57 P   -1 -2  1  0 -2 -2 -2 -3 -3  0 -3 -1 -2  1  6 -1 -1 -4 -3 -2    4   2   8   6   1   2   2   2   0   7   3   4   1   7  40   5   4   0   1   2  0.76 inf
   58 P    0 -2 -1  0 -3 -2  0 -1 -1 -3 -2 -2 -3 -4  6  1 -2 -4 -3 -2    9   2   3   6   0   2   5   5   1   2   5   2   1   1  39  10   3   0   1   3  0.74 inf
   59 E    0  0  0  2 -2  0  1 -1 -2 -1 -1  0  0 -2  1  0  0 -1 -1  0    7   6   4  14   0   3  11   4   1   3   8   6   2   1   8   7   5   1   2   6  0.11 inf
   60 V   -1 -1  0 -2 -1  1 -1 -2 -2  1  0  0  0 -1  2 -1  1 -3  0  2    5   2   4   2   1   7   3   3   1  10   9   5   2   2  11   4   9   0   4  16  0.11 inf
   61 F   -2 -3 -2 -3  1 -2 -3 -4 -2 -1 -2 -3 -2  6  3 -3 -3  2  5 -2    3   1   2   2   3   2   2   1   1   3   4   1   1  33  14   2   1   2  19   3  0.90 inf
   62 P   -1 -2  1  1  4 -2 -1  2 -1 -3 -3  0 -2 -1  4 -1 -1 -3 -1 -2    3   2   7   7   8   2   3  15   1   2   3   7   1   3  22   4   4   0   2   3  0.36 inf
   63 E    0  0  2  0 -1 -1  0 -2 -1 -1 -2 -1 -1  3 -2  0  1 -1  3 -1    8   6  11   6   1   3   5   2   1   3   3   3   1  13   2   6  11   0   9   4  0.15 inf
   64 D   -1 -2  4  2 -2 -1 -1  1 -1 -1 -2 -1 -3  0  0  0  1 -3  0 -2    4   2  19  14   1   2   4  11   1   3   3   3   0   5   5   6  11   0   3   2  0.24 inf
   65 Y   -1 -3  1  1 -2 -1 -2 -2 -1 -1 -1 -2 -2  2 -3 -1  1  0  6 -1    6   1   7   7   1   3   2   3   1   3   6   2   1   8   1   4   8   1  29   3  0.45 inf
   66 D   -1  0  4  3 -2 -1 -1 -1  0 -1 -2 -1  0 -2  0  0  2 -3  0 -1    4   4  18  17   1   2   3   4   2   3   3   2   2   2   5   5  14   0   4   4  0.27 inf
   67 I    0  0  0  0 -1  0  0  1 -1  1  0  0  0 -1 -1  0  0  0  0  1    9   4   4   7   1   3   4  10   1  11   7   4   1   3   3   4   8   1   3  12  0.02 inf
   68 D    0 -1  1  1 -2  0 -1  1 -1 -1  0 -1  1  0  1  0  0 -2  1  0    6   3   7  10   1   3   3  10   1   4   9   3   5   3   7   7   6   0   6   6  0.04 inf
   69 T    0  1  1  0 -1  0  0 -1 -1  0 -1  0 -1 -1  1  0  1 -2 -1  0    6   9   8   6   1   3   6   4   1   6   7   5   1   2   8   6  10   0   2   7  0.06 inf
   70 P   -1  1  0 -2  0 -1 -2 -1 -1 -1 -1 -1 -1 -2  5  0 -1 -2 -1  0    5   8   4   2   2   3   2   4   1   4   7   3   1   2  31   6   4   0   3   6  0.42 inf
   71 P    0  0  0  0  1  0  0 -1 -1 -2 -1 -2 -1 -3  5 -1 -1 -3 -2 -1    7   6   4   4   3   3   6   4   1   2   7   2   2   1  33   5   3   0   1   4  0.49 inf
   72 T    1  0  1  0  2  0  0  0 -1  0 -1  0 -1 -2  0  1  1 -1 -1  0   12   6   9   4   5   4   4   6   1   5   6   5   2   2   4   9   9   1   2   5  0.05 inf
   73 N   -1 -1  4 -1  2 -1 -2  0 -1 -1  0 -1  0 -1 -1  0  1 -2  0 -2    4   3  26   3   5   2   2   9   1   4  11   4   2   2   4   6   9   1   3   2  0.23 inf
   74 E    0  0  0  0 -1  0  1  1 -1 -1  0  0 -1 -1  0  0  1  2 -1 -1    7   6   3   5   2   5   8  12   2   3  10   4   2   2   5   4  10   3   2   4  0.05 inf
   75 K    0 -1  1  0 -2  1  1  0  0 -1 -1  0  0  0  2  0  0  1  0 -1    8   3   9   3   0   7   9   7   3   2   4   5   3   4  12   4   7   2   4   3  0.12 inf
   76 T    1 -2  1 -2 -2 -2 -2 -1 -1  0 -1 -2  0  0  3  0  3  0  1  0   11   1   7   2   0   1   2   4   2   5   5   1   2   4  14   4  21   1   4   6  0.22 inf
   77 R   -1  1 -1 -1  4 -1  0 -1  0 -1 -1  0  0  0 -1  0  1 -2  1  0    5   9   3   3  12   2   4   3   2   3   4   6   2   5   3   9  12   0   6   6  0.14 inf
   78 I   -1  0  1 -1 -2  1  0 -1  0  0  0  1  0  0  0  0  1  3  0  0    5   6   8   3   1   6   4   3   2   5  10  10   3   3   4   5   9   4   4   6  0.05 inf
   79 G    2 -2 -1  0  5  1 -1  4 -3 -3 -3 -2 -2 -3 -2  1 -1 -3 -3 -2   15   1   2   5  13   6   4  29   0   1   3   2   1   1   1   9   2   0   1   3  0.48 inf
   80 N   -2 -3  1 -1 -4 -2 -3 -2 -1 -2 -3 -3 -3 -3  1  0  6  0 -3 -1    2   1   7   3   0   2   2   4   2   2   2   1   1   1   6   6  53   2   1   3  0.89 inf
   81 G    0  1  2 -2 -1  0 -1 -1  5 -3 -3  2 -3 -2 -2  1  1  1 -2 -2    6   7  11   1   1   3   3   5  15   1   2  16   0   2   1  13   7   2   1   2  0.34 inf
   82 V   -1 -1 -4 -4  1 -2 -4 -4 -4  1  1 -2  0 -3 -2  0  0 -1 -3  5    5   3   0   1   3   1   1   1   0   8  11   3   1   0   2   8   6   1   1  43  0.53 inf
   83 Y   -3 -1 -2 -4 -4 -2 -3 -4  0  2  1  1  2  3 -3 -2 -1  0  4  1    1   3   1   0   0   1   1   1   2  12  11  11   6  13   1   2   4   1  18   9  0.40 inf
   84 Q   -1  2  1  1  1  0 -1 -2 -1  0 -2  1  0 -1  0 -1  0 -1 -2  3    4  11   7   7   3   5   2   3   1   5   1   8   2   2   5   4   6   1   1  24  0.14 inf
   85 F    1 -4 -4 -4 -2 -3 -4 -3 -4  2  4 -4 -1  2 -4 -1 -1 -2 -2  2   11   0   1   1   1   1   1   2   0  13  37   0   1   7   1   4   3   1   1  15  0.51 inf
   86 K   -1  1  1  1 -5  1  2 -2  0 -3 -4  3 -3 -5  4 -1 -1 -5 -3 -4    5   7   7   7   0   6  13   2   2   1   1  19   0   0  20   4   4   0   1   1  0.49 inf
   87 I   -2 -1 -1 -2 -3 -2 -2 -3  4 -2  1  0 -1  3 -3 -1  0 -2  5 -2    3   3   3   2   0   1   2   2  10   2  16   5   2  14   1   4   6   0  22   2  0.43 inf
   88 G   -3  2  6  0 -5 -2 -3  3  1 -4 -4  0 -4 -4 -4 -1 -1 -5 -4 -4    1  10  39   4   0   1   1  23   4   1   2   5   0   1   1   3   3   0   0   1  0.89 inf
   89 E    1  0  0  2 -4  1  3 -1 -2 -3 -4  0 -3 -4 -3  2  1 -2 -4 -3   13   4   3  13   0   5  21   4   1   2   1   5   0   0   0  18   9   1   0   1  0.38 inf
   90 V   -2 -1 -2 -4 -4 -3 -3 -4 -2  2 -2 -3 -1  3 -4 -1  2  4 -1  4    2   4   2   0   0   0   2   1   1  11   2   1   1  11   0   5  16   7   2  30  0.50 inf
   91 V   -3 -5 -5 -5 -4 -5 -4 -5 -5  4  0 -5 -2 -3 -5 -4 -3  3 -3  6    1   0   1   0   0   0   1   1   0  19   6   0   0   1   0   1   1   3   1  60  1.32 inf
   92 D   -4 -2 -3  3 -6  3  6 -5  0 -4 -5 -2 -5 -4 -4 -3 -1 -5  0 -3    1   2   1  14   0  11  55   1   2   1   1   1   0   1   0   1   3   0   3   2  1.23 inf
   93 V   -3 -4 -4 -5 -4 -4 -4 -5 -5  5  3 -5  2 -1 -5 -4 -3  4 -2  3    1   1   1   0   0   0   1   1   0  37  22   0   5   2   0   0   0   5   1  20  0.93 inf
   94 I   -3 -3 -3 -5  1 -4 -4 -5 -2  4 -2 -4  0 -3 -5 -1 -2 -5 -2  6    1   1   2   1   3   1   1   1   1  18   2   1   2   1   0   4   1   0   1  59  1.18 inf
   95 L   -4 -4 -4 -3 -4 -4 -3 -5 -4  3  3 -4  2  5 -2 -2 -3  2  0  0    1   0   0   1   0   0   2   1   0  14  32   1   4  25   2   3   1   3   2   7  0.72 inf
   96 Q   -3  0  3 -2 -4  6  2 -2 -2 -1 -3 -1 -2 -3 -2 -2 -2 -2 -1  0    1   4  15   1   0  37  11   3   0   5   2   2   1   1   2   1   1   1   2   9  0.70 inf
   97 N   -3 -3  7  4 -4 -3 -3  0 -1 -4 -4 -3 -2 -5 -3 -1  0 -1 -4 -3    2   1  47  20   0   1   1   8   1   1   2   1   1   0   1   5   6   1   0   2  1.10 inf
   98 A    0  0 -1 -1 -2  1  1 -2  1 -2  0 -1 -1 -1  1 -1  3  1 -1 -1    7   6   2   4   1   6   8   3   3   2  10   2   2   2   7   3  25   2   2   4  0.17 inf
   99 N    0 -2  2  3 -3 -1  1  1 -1 -2 -3  0 -2 -3 -1  1  1 -2 -1 -2    9   2  13  15   0   2   9  13   1   1   3   4   0   1   2   9   9   1   2   3  0.23 inf
  100 M    0  0 -1  0 -1  0 -1 -1 -1  1  0  0  1  0  0  0  1 -1 -1  0    7   6   3   4   1   3   4   4   2  11  11   5   5   5   3   6  11   1   2   7  0.02 inf
  101 M    0 -1 -1 -1 -1 -1 -1  1 -1  1  1 -1  1  0  1  0  0  2 -1  1    5   2   3   3   1   2   4  11   1   9  16   3   3   4   7   6   4   3   2  10  0.05 inf
  102 K    1  1  0 -1 -1  0  0  0  0  0 -1  0  0 -1  0  0  0 -2 -1  0   11   8   5   3   1   3   4   9   2   6   6   8   2   2   5   8   7   0   2  10  0.04 inf
  103 E    0  0  1  1 -1  1  0  1  0 -1 -1  0  0 -1  1  0  0 -1 -1 -1    6   4   6   7   1   8   5  15   2   3   6   4   2   3   8   8   4   1   2   4  0.08 inf
  104 N    0  0  2  1 -1  1  0  0  0 -1 -1  0 -1 -1  0  1  1 -2 -1 -1    7   4  14   6   1   6   4   9   2   3   6   4   1   2   5   8  13   1   2   4  0.10 inf
  105 L    0 -1  0  0 -1  0  0  0  0  0  0  0  0  0  0  0  0  0  0  0    7   3   5   6   1   2   7   7   3   8  10   4   2   6   5   9   4   1   4   6  0.01 inf
  106 S    1 -1  1  2 -1  0  0  1 -1 -1 -2  0 -1 -1  1  1  0 -2  0  0   13   2   9  12   1   3   3  10   1   3   3   4   1   3   5  10   5   0   4   7  0.10 inf
  107 E    0  0  0  1 -2  0  3  2 -1 -1 -1 -1 -2 -2 -1  0  0 -2 -2 -1    7   5   3   6   0   2  22  16   1   5   6   2   1   1   3   8   5   0   1   4  0.16 inf
  108 T    0 -1  2  0  1 -1 -1 -2  0  0 -1 -1 -1 -2  2  1  0 -1 -1  0    6   3  15   5   4   2   2   2   2   6   6   3   2   2  11  14   6   1   2   8  0.12 inf
  109 H   -4 -4 -1 -4 -5  3 -2 -5 10 -5 -5 -4 -4 -5 -5 -4 -1 -5 -2 -5    1   1   2   1   0  12   1   1  72   1   1   1   0   0   1   1   4   0   0   1  2.54 inf
  110 P   -3 -1 -4 -4 -5 -4 -4 -5 -5 -3 -4 -4 -5 -5  8  1 -3 -5 -5 -4    1   4   0   1   0   0   1   1   0   2   1   1   0   0  73  11   1   0   0   1  2.06 inf
  111 W   -4 -5 -5 -5 -4 -4 -5 -2 -4  2 -1 -5  4  7 -5 -4 -3  7  1 -2    1   0   0   0   0   0   0   3   0  14   4   0  12  43   0   1   1  13   2   2  1.31 inf
  112 H   -5 -4 -3 -5 -6 -4 -4 -5 11 -6 -6 -4 -5 -5 -5 -4 -2 -6 -2 -6    1   0   0   0   0   0   0   1  91   0   1   0   0   0   0   1   3   0   0   0  3.43 inf
  113 L   -2 -5 -5 -6 -4 -5 -5 -4 -5  1  6 -3  3 -2 -4 -5 -4 -4 -4 -1    3   0   0   0   0   0   0   1   0   6  75   1   6   1   1   0   0   0   0   3  1.28 inf
  114 H   -5 -4 -1  2 -6 -4 -4 -5 11 -6 -6 -5 -5 -5 -5 -3 -5 -6 -3 -6    0   0   2  10   0   0   0   0  82   0   1   0   0   0   0   2   0   0   0   0  3.03 inf
  115 G   -3 -5 -4 -3 -5 -5 -5  7 -5 -6 -6 -5 -6 -6 -5 -1 -3 -5 -6 -6    0   0   0   2   0   0   0  89   0   0   1   0   0   0   0   4   2   0   0   0  2.15 inf
  116 H   -3 -1 -1 -4 -5 -2 -4 -5  9 -4 -4 -3 -3  2 -5 -3 -1 -3  5 -5    2   4   3   0   0   2   0   0  48   1   1   1   1   9   0   2   4   0  21   0  1.66 inf
  117 D    1  0  3  3 -3  0 -1 -2  3 -3 -4  0 -3 -2 -2  2  0 -4 -2 -1   12   4  14  16   0   3   2   1   8   1   1   5   0   2   1  19   4   0   1   5  0.33 inf
  118 F   -4 -6 -6 -6 -5 -6 -6 -6 -5 -3 -3 -6 -1  9 -2 -5 -5 -3  1 -2    1   0   0   0   0   0   0   0   0   1   1   0   1  83   3   0   0   0   3   2  2.42 inf
  119 W   -3  1 -2 -2 -5  4 -2 -5  0 -1 -3 -3 -2  4 -5 -2 -4  6  5 -3    2   7   2   3   0  21   1   0   2   3   1   0   1  20   0   3   0  12  21   1  0.92 inf
  120 V   -1 -5 -5  0 -4 -3 -4 -4 -5  2  0 -4  0 -3 -5 -3 -1 -2 -4  6    5   0   0   6   0   1   1   1   0  11   8   0   1   0   0   1   2   1   0  60  0.99 inf
  121 L   -2 -5 -5 -5 -1 -4 -5 -5 -5  3  3 -4  1 -2 -3 -4 -1 -4 -3  5    1   0   0   0   1   0   0   0   0  17  24   0   3   1   1   0   3   0   0  45  0.91 inf
  122 G    2 -2 -3 -1 -4  0 -1  5  0 -4 -4 -2 -4 -3 -3  0 -2 -1 -1 -3   15   2   0   3   0   4   4  50   3   0   2   2   0   1   1   7   1   1   2   1  0.75 inf
  123 Y   -2  4 -2 -3 -4  2 -1 -2 -2 -1 -1  0  5 -1 -3  0 -1  1  2 -1    2  25   1   1   0  11   3   3   1   3   4   4  16   2   1   7   4   2   7   3  0.41 inf
  124 G   -1 -3 -2  1 -5 -2  0  6  0 -5 -5 -3 -5 -3 -4  1 -2 -5 -2 -4    3   1   1   9   0   1   8  56   2   0   0   1   0   1   0  12   1   0   1   1  1.00 inf
  125 D   -1  1  0  1 -3  0  1 -1 -1 -1  0  0 -1  2  2  0  0  0 -1 -1    3  11   5  10   0   4   8   5   1   2   8   4   1  11  10   7   4   1   1   4  0.10 inf
  126 G   -1 -3 -1  0 -5 -2 -1  6 -4 -5 -3 -1 -3 -3 -2  0 -1  0 -3 -3    4   1   2   5   0   1   4  59   0   0   3   4   1   1   1   6   3   1   1   2  0.92 inf
  127 K   -1  0  3  0 -3  1 -1 -1 -1 -1 -2  2 -1 -2  2  0  1 -3  0  0    4   4  17   3   0   7   3   3   1   4   3  13   1   1  11   5   9   0   4   7  0.20 inf
  128 F   -2 -4 -3 -1 -4 -3 -3 -3 -3 -1 -1 -4  0  6 -2 -3 -1  7  5 -2    3   0   1   5   0   1   1   2   0   4   5   1   2  32   2   2   4  16  18   1  0.97 inf
  129 S   -2  0  4  5 -5 -2  0 -1 -3 -5 -5 -1 -4 -2 -2  1  1 -1 -3 -4    3   4  21  34   0   1   3   4   0   0   0   2   0   2   2  10  10   1   1   1  0.69 inf
  130 A    2 -2  0  1 -4  0  0  0 -2 -2 -4 -1 -3 -2  5  0 -1 -2 -2 -3   18   2   4   7   0   4   7   6   1   2   1   4   0   2  27   8   4   1   2   2  0.47 inf
  131 E    1 -1  1  1 -4  1  2 -1 -2 -1 -3  1 -2 -1 -3  1  1 -2 -1 -2   13   3   6   6   0   4  17   5   0   4   1  10   1   3   1   9  11   1   2   2  0.18 inf
  132 E   -1  1  3  3 -2  0  0  0 -2 -3 -3  1 -1 -4 -2  1  1 -5 -3 -2    4   9  15  19   1   3   5   8   1   1   2   9   2   0   1  10   8   0   1   2  0.32 inf
  133 E   -1  2  0  3 -4 -1  1 -1  0 -2 -3  0  0 -3  3  0 -1 -3 -3 -1    3  15   4  15   0   2   8   4   2   2   2   5   2   1  17   6   3   0   1   5  0.31 inf
  134 S    1  1 -1  0 -3  0  0 -1 -1  0 -1  2 -2 -4  1  1  1 -4 -2  0   12   7   3   4   0   3   4   4   1   5   5  16   1   0   7  10   9   0   1   5  0.14 inf
  135 S   -1  2  2  0 -4  1  0  0  0 -2 -3  3 -2 -3 -1  1  2 -2 -2 -2    5  11   9   4   0   4   4   6   3   2   2  19   1   1   2   9  12   1   1   3  0.23 inf
  136 L   -3  0 -4 -6 -5 -3 -3 -4 -2 -1  1 -3  0  5 -2 -3 -2 -1  6 -2    2   6   1   0   0   1   1   1   0   3  16   2   2  21   3   1   2   0  32   2  0.89 inf
  137 N   -4 -1  8  1 -7 -1 -3 -5 -3 -7 -6  0 -6 -3 -2 -2 -2 -7 -4 -7    1   3  70   6   0   2   1   0   0   0   1   5   0   1   2   3   2   0   1   0  1.85 inf
  138 L   -2 -3 -2 -4 -4 -2 -3 -3 -1 -1  4 -3 -1  2  1 -3 -1 -1  3 -1    3   1   2   1   0   1   1   3   2   2  48   1   1   9   7   2   5   1  11   2  0.60 inf
  139 K   -1  0  0  0 -3 -1  0 -3  2  0 -1  1 -1 -2 -2  0  1  0  0  2    5   5   5   7   0   1   7   0   5   5   5  11   1   1   1   6   8   1   3  22  0.13 inf
  140 N   -2 -1  6  5 -6 -2 -3 -3  3 -5 -6 -1 -3 -4 -3 -2  0 -6 -1 -3    3   3  36  32   0   1   0   1   6   1   0   3   1   1   1   1   5   0   2   2  1.11 inf
  141 P    2 -5 -7 -7 -7 -6 -6 -5 -7 -7 -8 -6 -7 -8  8 -5 -3 -8 -8 -5   16   1   0   0   0   0   0   1   0   0   0   0   0   0  79   0   2   0   0   1  2.64 inf
  142 P   -2 -6 -3 -6 -6  1 -5 -5 -6  1 -2 -5  5 -5  6 -3 -2 -7 -6  3    3   0   1   0   0   6   0   0   0   8   3   0  17   0  34   2   2   0   0  23  1.16 inf
  143 L   -2  5 -4 -4 -5 -1  0 -4 -2  0  2  0  1 -1 -3  1 -1 -2  0 -1    3  31   0   0   0   2   7   1   0   6  18   5   4   2   1  10   3   0   4   3  0.42 inf
  144 R   -6  8 -5 -6 -8  0 -4 -6 -2 -5 -5  3 -4 -5 -7 -5 -6 -7 -6 -4    0  75   0   0   0   3   0   0   1   1   1  17   0   0   0   0   0   0   0   1  2.20 inf
  145 N   -6 -6  5  7  2 -5 -3 -6  2 -8 -8 -5 -7 -7 -6 -1 -3 -8 -3 -7    0   0  24  61   4   0   0   0   5   0   0   0   0   0   0   3   1   0   1   0  1.96 inf
  146 T   -4 -6 -3 -6 -6 -6 -6 -4 -7 -5 -6 -6 -5 -7 -6 -2  8 -7 -6  2    1   0   1   0   0   0   0   1   0   0   0   0   0   0   0   2  84   0   0  11  2.26 inf
  147 V    1 -6 -5 -6 -4 -3 -5 -6 -3  3  0 -5 -2  0 -5 -3  1 -6 -2  6   11   0   0   0   0   1   0   0   1  17   6   0   1   3   0   1   7   0   1  50  0.99 inf
  148 V    1 -3 -1 -2 -4  3 -1  1 -2 -1 -1 -1  3 -3 -2  1  1 -2  1  1   10   0   3   1   0  18   2   9   1   3   5   2   9   1   1   9   8   0   5  12  0.22 inf
  149 I   -3 -6 -5 -7 -5 -6 -7 -7 -7  3  2 -6 -1 -5 -6 -4 -1 -7 -5  6    2   0   0   0   0   0   0   0   0  12  17   0   1   0   0   1   3   0   0  63  1.49 inf
  150 F   -4 -1  0 -3 -7 -2 -1 -2  0 -6 -5 -3 -3  0  7 -4 -5  0  5 -6    1   3   4   2   0   2   4   4   2   0   1   2   1   4  52   0   0   1  18   0  1.47 inf
  151 P    1  0  1  0 -5 -2 -3  0 -3 -4 -5 -1 -1 -6  6  1  0 -6 -5 -2   11   6   7   4   0   1   0   8   0   1   0   4   1   0  40   9   5   0   0   3  0.84 inf
  152 Y   -1  1  4 -2 -4  0 -2  3  0 -4 -3  0  0 -2 -4  0 -2 -1  1 -4    6   7  25   1   0   4   2  26   2   0   2   7   2   2   0   6   2   1   5   0  0.49 inf
  153 G   -2 -4 -3 -2 -2 -5 -4  7 -6 -7 -7 -5 -6 -7 -6  2 -4 -7 -7 -7    3   1   1   2   1   0   1  74   0   0   0   0   0   0   0  17   0   0   0   0  1.83 inf
  154 W   -7 -6  2 -6 -7 -4 -6 -6  3 -7 -6 -5 -4  0 -8 -3 -5 11  6 -7    0   0  10   0   0   1   0   0   7   0   0   1   0   2   0   2   1  51  24   0  2.70 inf
  155 T    3  0 -4 -5 -4 -4 -4 -4 -5  0  1 -4  1  0 -4 -1  4 -5 -3  3   22   5   0   0   0   0   0   1   0   4  11   0   3   4   0   2  27   0   0  21  0.56 inf
  156 A    4 -2 -5 -6 -4 -5 -5 -5 -4  1 -3 -3 -3 -5 -5 -2  1 -2 -4  5   41   2   0   0   0   0   0   0   0   8   1   1   0   0   0   1   9   1   0  35  0.97 inf
  157 I   -4 -6 -7 -7 -5 -6 -7 -7 -7  7  2 -6  2 -2 -6 -6 -3  3 -4  2    0   0   0   0   0   0   0   0   0  56  20   0   4   1   0   0   1   5   0  13  1.46 inf
  158 R    0  8 -5 -6 -7 -2 -4 -5 -5 -6 -1 -2  0 -4 -6 -5 -5 -2  1 -6    8  74   0   0   0   1   1   1   0   0   6   1   2   0   0   0   0   1   5   0  1.85 inf
  159 F   -4 -7 -7 -8 -6 -7 -7 -7 -6  0  0 -7  0  8 -8 -6 -4  1  1  0    1   0   0   0   0   0   0   0   0   5   6   0   2  73   0   0   1   2   3   7  2.15 inf
  160 V   -1  4 -3 -3 -5  0  0 -4  1 -1 -2  3 -1 -2 -1 -1  0 -5 -2  2    3  27   0   0   0   4   5   0   3   2   2  16   1   2   3   5   7   0   1  18  0.44 inf
  161 A    5 -5 -5 -5 -4 -5 -5 -4 -5 -2  1 -4 -2  0 -3 -1  3 -6 -5 -1   57   0   0   0   0   0   0   0   0   1  13   0   1   4   1   2  16   0   0   4  1.02 inf
  162 D   -5 -6  3  8 -7 -3 -2 -5 -3 -5 -6 -4 -5 -7 -6 -1  0 -8 -4 -5    1   0  13  72   0   1   1   0   1   1   1   1   0   0   0   3   7   0   1   1  1.91 inf
  163 N   -4 -6  9 -2 -8 -5 -5 -5 -2 -8 -9 -5 -7 -8 -7 -4 -5 -9 -7 -8    1   0  97   1   0   0   0   0   1   0   0   0   0   0   0   0   0   0   0   0  3.17 inf
  164 P    0 -7 -7 -6 -2 -3 -6 -7 -7 -5 -7 -3 -7 -6  8 -5 -4 -8 -7  0    9   0   0   0   1   2   0   0   0   0   0   2   0   0  80   0   1   0   0   6  2.50 inf
  165 G   -3 -7 -5 -6 -2 -6 -7  8 -7 -8 -8 -6 -7 -8 -7 -4 -6 -7 -8 -8    1   0   0   0   1   0   0  97   0   0   0   0   0   0   0   1   0   0   0   0  2.72 inf
  166 V    2 -5 -5 -6 -1 -5 -5 -5 -3  0 -2 -5  5  1  1 -3 -3  1  2  5   15   0   0   0   1   0   0   0   0   3   1   0  16   5   7   1   1   2   7  41  0.86 inf
  167 W   -8 -6 -3-10 -8 -8 -8 -8 -8 -8 -7 -8 -7 -2 -9 -8 -8 13 -2 -8    0   1   2   0   0   0   0   0   0   0   0   0   0   1   0   0   0  96   0   0  5.04 inf
  168 A   -1 -5  3 -5 -5 -5 -5 -5 -4  1  3 -5  3  5 -3 -3 -3 -4  1 -2    5   0  14   0   0   0   0   0   0   6  34   0   7  27   1   1   1   0   4   1  0.85 inf
  169 F   -4 -6 -6 -7 -2 -5 -6 -7 -5  1  3 -6  6  6 -6 -5 -4  0 -1  1    1   0   0   0   1   0   0   0   0   7  27   0  19  34   0   0   0   1   1   7  1.24 inf
  170 H   -5  3 -4 -6 -8 -4 -5 -7 11 -8 -8 -5 -7 -6 -7 -6 -7 -7 -3 -8    1  15   0   0   0   0   0   0  85   0   0   0   0   0   0   0   0   0   0   0  3.48 inf
  171 C   -4 -8 -7 -8 11 -7 -8 -7 -7 -5 -6 -7 -6 -5 -7  2 -3 -7 -7 -4    1   0   0   0  82   0   0   0   0   1   0   0   0   0   0  14   2   0   0   1  3.43 inf
  172 H   -3 -5 -2 -4 -8 -1  2 -7 11 -8 -8 -5 -6 -6 -7 -5 -6 -7 -3 -8    2   0   1   1   0   2  11   0  82   0   0   0   0   0   0   0   0   0   0   0  3.15 inf
  173 I   -4 -5  0 -4 -4 -4 -5 -6 -5  6  1 -4  1  4 -6 -4 -3 -4 -1  1    0   0   6   1   0   1   0   0   0  49  12   1   4  16   0   1   1   0   2   8  1.01 inf
  174 E    0 -4 -3  4 -6  0  5 -2 -4 -4  0 -3 -2 -4 -5 -2 -2  6 -4 -4    7   0   0  24   0   3  34   3   0   0  10   0   1   0   0   2   2  12   0   1  0.90 inf
  175 P    0  0 -5  0 -5  0  1 -5 -3 -3 -3 -3 -2  2 -1 -1 -3  9  0 -1    9   7   0   5   0   4   9   0   1   1   1   1   1  10   3   4   1  35   2   6  1.12 inf
  176 H   -5  3 -2 -5 -8 -3 -5 -7 11 -8 -7 -3 -6 -6 -7 -4 -6 -7 -2 -8    0  15   1   0   0   0   0   0  80   0   0   1   0   0   0   1   0   0   0   0  3.13 inf
  177 L    0 -1 -3 -4 -3  1 -3 -4 -2  1  3 -3  4  0 -4 -2  1  3 -1  1    9   4   1   0   0   9   0   0   1   7  27   1  11   3   0   1   9   4   1  12  0.37 inf
  178 H    0 -3 -1  0 -4 -1  2 -2  1  0 -2 -2 -1 -1 -2  1  1 -2  4  0    7   0   3   4   0   1  14   3   4   7   1   1   2   1   1  14   9   0  19   8  0.27 inf
  179 M    0 -3 -3 -3 -4  2  0 -2 -4  1  2 -3  4 -2 -4  0 -1  7 -2 -1    7   1   1   1   0  10   6   3   0   8  20   1  14   1   0   7   2  15   0   3  0.53 inf
  180 G   -4 -4 -5 -6 -7 -6 -5  8 -6 -8 -8 -6 -7 -8 -7 -4 -6 -7 -8 -8    0   1   0   0   0   0   0  98   0   0   0   0   0   0   0   0   0   0   0   0  2.68 inf
  181 M   -4 -5 -6 -6 -5  4 -3 -7 -5 -2  4 -5  8  1 -6 -5 -5 -5 -4 -3    0   0   0   0   0  16   2   0   0   0  37   0  37   6   0   0   0   0   0   0  1.49 inf
  182 G    4 -2  0  0 -4  3  1  1 -2 -3 -3 -1 -1 -4 -4  0 -1 -5 -4 -2   37   1   4   4   0  17   8   9   0   1   2   3   2   0   0   6   3   0   0   2  0.47 inf
  183 V    1 -4 -4 -5 -4 -3 -4 -4 -5  1  3 -4  5  2 -5 -2  2 -4 -3  2   11   0   0   0   0   0   0   0   0   6  27   0  16   8   0   2  14   0   0  16  0.59 inf
  184 V    1 -4 -4 -5 -4  2 -3 -4 -4  1 -2 -4 -2 -3 -5 -3  1 -4  5  4   13   0   0   0   0   9   1   0   0   7   2   0   0   0   0   0  10   0  19  37  0.74 inf
  185 F   -3 -6 -6 -7 -5 -6 -6 -6 -5  2  2 -6  3  7 -6 -5 -4  4 -1  0    1   0   0   0   0   0   0   0   0  11  21   0   7  48   0   0   0   4   1   6  1.35 inf
  186 A    1  1 -3 -3 -3  0 -2 -4  0  3  1  0 -1 -3 -4 -1 -1 -4 -3  2   13   8   1   1   0   4   2   0   2  24  12   6   1   0   0   4   2   0   0  19  0.30 inf
  187 E   -4 -2 -2 -2 -5 -2  5 -6 -1  0 -4 -3  0 -2 -5 -3 -2 -6 -4  5    0   2   2   1   0   1  41   0   1   4   0   0   2   2   0   1   1   0   0  41  1.04 inf
  188 G    2  1 -1  1 -3 -1 -2  4 -2 -4 -3 -1 -3 -4 -3  2 -2 -1 -4 -3   19   9   2   8   0   2   2  30   1   0   2   2   0   0   1  18   1   1   0   2  0.48 inf
  189 V   -2 -3  0  1 -4 -1  1 -3 -3  0  1 -2 -2 -2  5 -1  0  1 -1  0    2   0   4   7   0   2  11   1   0   4  16   2   1   1  29   3   5   2   2   7  0.46 inf
  190 E    0  2  0  2 -3  2  2 -1  1 -3 -2  0 -2 -3  0  1 -1 -4 -1 -2    7  14   3  13   0  10  17   3   4   1   4   2   0   1   4  10   3   0   2   2  0.28 inf
  191 K   -2  0  0  4 -5  3  3 -3 -2 -5 -2  3 -3 -5 -3  0 -1 -5 -3 -4    2   5   4  27   0  12  17   1   0   0   3  16   1   0   0   7   2   0   1   1  0.61 inf
  192 V   -2 -3  1  0 -4 -2  2 -3 -2  3  1 -3  3 -1 -4 -2  0 -1 -2  1    2   0   8   4   0   0  17   1   0  23  16   0   8   3   0   2   4   1   1   8  0.33 inf
  193 G    0  0 -1 -3 -4  2 -1  2  0 -2 -1  1 -1 -2  3 -1 -2 -3  3 -2    8   4   2   0   0  12   2  15   2   2   7   8   1   1  16   2   2   0  13   3  0.31 inf
  194 R   -1 -2  2  0 -5  0  0 -2 -2 -4 -5  3 -3 -5  5  1 -1 -6 -5 -4    6   1  12   5   0   4   6   3   1   0   1  18   0   0  29  10   4   0   0   0  0.67 inf
  195 I   -2 -4 -2 -4 -4 -3 -4 -3 -1  4  2 -3  2 -2  3 -3  1 -5 -3  2    2   0   2   1   0   1   1   2   2  27  17   1   5   1  14   0   8   0   0  16  0.50 inf
  196 P   -3 -6 -3 -3 -7 -4 -4 -6 -6 -4 -5 -4 -4 -7  9 -2 -5 -8 -7 -6    2   0   1   1   0   0   1   0   0   1   1   0   0   0  88   2   0   0   0   0  2.79 inf
  197 T    0  0  0  2 -3  1  2 -3 -1 -3 -2  2 -3 -4  3  1  0 -4 -2 -3    8   3   5  10   0   6  15   1   1   1   4  13   0   0  15  12   4   0   1   1  0.34 inf
  198 K    0 -1  5  3 -5  2  0  0 -1 -3 -5 -2 -4 -5 -3  0  0 -6 -3 -3    7   2  34  18   0   8   5   7   1   1   0   1   0   0   1   6   7   0   1   1  0.66 inf
  199 A    2 -3 -3 -3 -3  1 -3 -1  4 -1  0 -1  0  3 -2  0 -1 -3  1 -1   20   0   0   1   0   7   0   5  12   3   9   2   3  17   1   8   3   0   5   3  0.30 inf
  200 L   -4 -3 -1 -5 -3 -2 -4 -6 -5  1  4 -3  4 -2  5 -4 -4 -3 -1 -2    0   2   4   0   0   2   1   0   0   9  37   1  10   1  30   1   0   0   2   1  0.91 inf
  201 A    1  2 -2 -1 -3  1 -1 -1 -2 -2  1  1  0 -2 -2 -1  2 -3  0 -1   12  12   0   2   0   7   2   5   0   1  19  10   2   1   1   3  16   0   4   3  0.15 inf
  202 C    0 -7 -7 -5 11 -4 -7 -6 -3 -4 -5 -7 -6 -3 -7 -4 -4 -6  1 -2    8   0   0   1  79   1   0   0   1   1   0   0   0   1   0   1   0   0   5   3  3.04 inf
  203 G   -1 -3 -1 -2  4 -2 -4  6 -5 -6 -6 -1 -5 -6 -3 -2 -4 -6 -2 -6    4   1   3   2   8   1   0  72   0   0   0   4   0   0   1   1   0   0   1   0  1.47 inf
  204 G    1  2  2  1 -2  0  0  1  0 -3 -1  2 -2 -4 -3  0 -1 -4 -3 -3   12  13  12   7   1   2   4  13   2   1   8  18   0   0   0   6   2   0   0   0  0.25 inf
  205 T    3 -3 -2 -3 -3 -3 -2 -1  2 -2 -2 -3 -1 -1 -2  1  3  4  1  0   26   0   1   0   0   0   2   3   6   1   1   0   1   2   1  12  23   6   5   8  0.41 inf
  206 A    2 -1  0 -1  0 -1 -1  2 -3 -2 -1  3 -2 -4 -1  0  0 -4 -3 -1   25   1   5   2   2   2   1  15   0   2   5  24   0   0   3   6   5   0   0   3  0.28 inf
  207 K   -1  2  1  2 -3  1  0 -1 -1 -1 -3  0  0 -4  4  0  0 -4 -3 -1    4  12   8  12   0   6   3   4   1   4   0   4   4   0  19   8   5   0   0   6  0.29 inf
  208 S    0 -1 -2  0 -3 -1 -1 -3  0 -2 -1  0  0 -1  5  0  1  3  0 -2    6   3   1   5   0   2   2   1   2   1   5   7   2   2  32   9   9   5   4   1  0.50 inf
  209 L   -1 -2 -2 -3 -2 -3 -3 -4  0  2  3 -3  0  1  0 -1  1  1  2  1    3   2   1   0   0   0   0   0   3  13  32   0   1   4   5   4  13   2   7   9  0.25 inf
  210 I    0  0  1 -1 -2  0  0 -1  0  0  0  1  3 -1 -1  1  1 -3 -2  0    7   4   6   3   0   4   6   3   2   4   5   8  16   3   2   9  14   0   0   5  0.10 inf
  211 N    0 -3  1  1 -4 -2 -2  4 -3 -4 -4  0 -2 -1  1  1  0 -4 -2 -3    5   0   6  10   0   0   1  38   0   0   0   7   1   3   8  11   7   0   1   1  0.48 inf
  212 N   -3  0  6 -1 -4  0 -2  1  0 -4 -1  0 -3 -1 -4  0  0 -5 -2 -4    0   6  48   1   0   4   0   9   1   0   9   4   0   3   0   7   7   0   1   0  0.65 inf
  213 P   -1 -4  2 -3  4 -3 -3  0 -3 -4 -5 -2 -4 -5  7  0 -2 -5 -3 -4    3   0  11   0  10   0   0   6   0   0   0   1   0   0  60   8   0   0   1   0  1.43 inf
  214 K   -1  3 -1 -2 -3  0  1 -3  3  0 -2  2  0 -2 -2  1  0 -3  0  0    3  21   0   0   0   0   8   0  10   6   0  21   2   0   0  13   5   0   3   8  0.24 inf
  215 N   -1  1  4 -1 -4  4  0 -2  4 -3 -2  1 -2 -3  1 -1 -2 -4 -2 -3    4   4  26   0   0  29   0   0  15   0   5  10   0   0   7   0   0   0   0   0  0.51 inf
  216 P   -2 -4 -3 -3 -4 -3 -2 -4 -4 -4 -4 -2 -4 -5  8 -2 -2 -5 -4 -4    0   0   0   0   0   0   0   0   0   0   0   0   0   0 100   0   0   0   0   0  2.56 inf

                      K         Lambda
Standard Ungapped    0.1395     0.3191
Standard Gapped      0.0482     0.2670
PSI Ungapped         0.1578     0.3134
PSI Gapped           0.0482     0.2670
