
Last position-specific scoring matrix computed, weighted observed percentages rounded down, information per position, and relative weight of gapless real matches to pseudocounts
           A  R  N  D  C  Q  E  G  H  I  L  K  M  F  P  S  T  W  Y  V   A   R   N   D   C   Q   E   G   H   I   L   K   M   F   P   S   T   W   Y   V
    1 P   -1 -3 -2 -2 -3 -2 -2 -3 -3 -3 -3 -1 -3 -4  8 -1 -1 -4 -3 -3    0   0   0   0   0   0   0   0   0   0   0   0   0   0 100   0   0   0   0   0  2.19 inf
    2 V    2 -1 -2 -2 -2 -1 -1 -2 -2  2  0  2  0 -2 -2  0 -1 -3 -2  2   33   0   0   0   0   0   0   0   0  23   0  26   0   0   0   0   0   0   0  17  0.17 inf
    3 N   -2 -1  3 -1 -4  0 -1 -2  9 -4 -4 -1 -2 -2 -3 -1 -2 -3  1 -4    0   0  21   0   0   0   0   0  79   0   0   0   0   0   0   0   0   0   0   0  1.24 inf
    4 F   -3 -4 -4 -4 -3 -4 -4 -4 -2 -1  0 -4 -1  8 -5 -3 -3  0  2 -2    0   0   0   0   0   0   0   0   0   0   0   0   0 100   0   0   0   0   0   0  1.30 inf
    5 T    0 -1  1  1 -2  0  1 -1 -1 -2 -3  1 -2 -3 -1  3  3 -3 -2 -2    5   0   6   5   0   0   6   0   0   0   0  14   0   0   0  38  26   0   0   0  0.33 inf
    6 Y   -3 -3 -3 -4 -3 -2 -3 -4  0 -1  1 -3 -1  4 -4 -3 -2  7  6 -2    0   0   0   0   0   0   0   0   0   0  14   0   0  16   0   0   0  17  53   0  0.94 inf
    7 A    3 -1 -1 -2 -1 -1 -1 -1 -2 -2 -2  1 -2 -3  2  2  0 -3 -2 -1   51   0   0   0   0   0   0   0   0   0   0  14   0   0   9  26   0   0   0   0  0.39 inf
    8 E   -2 -1 -1  1 -5  1  6 -3 -1 -4 -4  0 -3 -4 -2 -1 -2 -4 -3 -3    0   0   0   0   0   0 100   0   0   0   0   0   0   0   0   0   0   0   0   0  1.11 inf
    9 L   -2 -2 -3 -3 -2 -2 -3 -3 -2  0  3 -3  2  5 -3 -2 -2  0  1  0    1   1   1   1   0   0   1   1   0   1  44   1   5  42   1   1   1   0   0   1  0.44 inf
   10 N   -1 -1  4  4 -3  0  1 -1  0 -3 -3 -1 -2 -3 -2  1  0 -3 -2 -3    1   1  40  31   0   0   8   1   0   1   1   1   0   0   1  12   1   0   0   1  0.53 inf
   11 R   -1  2  1  1  4  1  0  0 -1 -2 -2  2 -2 -2 -2  0  0 -2  0 -2    1  14   5  13  14   6   1   5   0   1   1  24   0   0   1   3   4   0   5   1  0.20 inf
   12 C    0 -2  0  1  6 -1 -1  1 -2 -2 -2 -2 -2 -3 -2  1  0 -3 -2 -1    1   1   6  12  34   0   1  14   0   1   1   1   0   0   1  21   1   0   0   6  0.39 inf
   13 N   -1 -1  4  0  5 -1 -1  1  3 -3 -3 -1 -2 -2 -2  1 -1 -3 -1 -2    1   1  35   1  19   0   1  12  14   1   1   1   0   0   1  11   1   0   0   1  0.38 inf
   14 S    2 -2  0 -1 -2 -1 -1  4 -2 -3 -3 -1 -2 -3 -1  3  0 -3 -2 -2   18   0   0   0   0   0   0  36   0   0   1   0   0   0   0  40   0   0   0   0  0.46 inf
   15 D   -1  0  1  3 -2 -1  0  2 -1 -2 -2  0 -2 -3 -2  1  3 -3 -2 -2    1   5   5  23   0   0   0  16   0   0   1   5   0   0   0   5  36   0   0   0  0.29 inf
   16 W   -2 -2 -2 -3 -2 -2 -2  0 -2 -1 -1 -2  2  4 -3 -1 -2  8  1 -2    1   1   1   1   0   1   1  10   0   1   1   1  12  27   1   5   1  34   0   1  0.77 inf
   17 S    1 -1  3  0 -2 -1 -1  2 -1 -2 -2 -1 -2 -2 -1  2  0 -3 -2 -2   19   1  29   1   0   1   1  14   0   1   1   1   0   1   1  27   1   0   0   1  0.31 inf
   18 G   -1 -3 -1 -2 -3 -2 -2  6 -2 -4 -3 -2 -3 -2 -3 -1 -2  5  0 -3    1   0   0   0   0   0   0  80   0   0   1   0   0   0   0   0   0  10   4   0  0.98 inf
   19 G    0 -2 -1  0 -2 -2 -2  5 -2 -3 -3 -1 -3 -3 -2  1 -1 -3 -3 -3    5   0   0   4   0   0   0  69   0   0   1   0   0   0   0  17   0   0   0   0  0.75 inf
   20 K    1  2  1 -1 -2  0  0 -1 -1 -2 -2  2 -2 -3  3  1  0 -3 -2 -2   17  17  12   0   0   0   0   1   0   0   1  24   0   0  14   8   5   0   0   0  0.30 inf
   21 V    0 -3 -3 -3 -1 -2 -3 -3 -3  2  2 -2  1 -1 -2 -2 -1 -3 -1  4    6   0   0   0   0   0   0   1   0  12  19   0   0   0   0   0   0   0   0  58  0.34 inf
   22 S    1 -1  0 -1 -1 -1 -1  1 -2 -2 -2 -1 -2 -3  2  3  1 -3 -2  0    9   0   0   0   0   0   0  12   0   0   1   0   0   0  12  50   6   0   0   8  0.33 inf
   23 A    3 -1 -1 -2 -1 -1  0 -1 -2 -1 -2  0 -1 -2 -1  2  0 -3 -2  1   57   0   0   0   0   0   4   1   0   0   1   8   0   0   0  14   0   0   0  12  0.28 inf
   24 A    3 -2  1 -1 -1 -1 -1  1 -2 -2 -1 -1 -1 -2 -2  2  0 -3 -2 -1   49   0  11   0   0   0   0   9   0   0   7   0   0   0   0  19   4   0   0   0  0.29 inf
   25 T    1 -1 -1  1 -2  1  2 -2 -1 -1 -2  0 -1 -3 -2  0  3 -3 -2  0   13   0   0   7   0   6  25   0   0   0   0   5   0   0   0   0  37   0   0   7  0.28 inf
   26 A    3 -2 -2 -2 -1 -2 -2 -1 -2  0 -1 -2 -1 -2 -2  1  2 -3 -2  2   39   0   0   0   0   0   0   0   0   0   0   0   0   0   0   7  18   0   0  35  0.27 inf
   27 R   -1  3 -1 -2 -3  1  0 -2 -1 -2 -2  5 -2 -3 -2 -1 -1 -4 -2  0    0  20   0   0   0   0   0   0   0   0   0  69   0   0   0   0   0   0   0  11  0.57 inf
   28 A    2 -1 -1  1 -2  0  4 -1 -1 -2 -1  0 -1 -2 -1  1 -1 -2  0 -1   28   0   0   5   0   0  43   1   0   0   8   0   0   0   0   7   0   0   5   0  0.29 inf
   29 N   -2  0  6  2 -3 -1 -1  1  0 -3 -4 -1 -3 -3 -2  0 -1 -4 -3 -3    1   5  70   7   0   0   0  12   0   0   1   0   0   0   0   1   0   0   0   0  0.70 inf
   30 A    3 -2 -2 -2 -1 -1 -1 -1 -2  1 -1 -1 -1 -2 -1  1  1 -3 -2  1   54   0   0   0   0   0   0   1   0  12   1   0   0   0   0   7   6   0   0  17  0.25 inf
   31 L   -2  3 -2 -3 -2 -1 -2 -3 -2  0  4 -1  1 -1 -3 -2 -1 -2 -2  0    1  26   0   1   0   0   1   1   0   1  65   1   0   0   1   1   1   0   0   1  0.36 inf
   32 V   -1  5 -1 -1 -3  1  1 -2  1 -1 -2  2 -2 -3 -2  0 -1 -3 -2 -1    0  57   0   0   0   3   8   0   4   4   0   6   0   0   0   8   0   0   0   6  0.48 inf
   33 T    0 -2 -2 -3  2 -2 -2 -2 -3  1  2 -2  0 -1 -2  0  2 -3 -2  2    8   0   0   0   5   0   0   0   0   0  33   0   0   0   0   8  27   0   0  19  0.22 inf
   34 M    0 -2 -3 -4 -2 -2 -3 -3 -3  1  2 -2  7 -1 -3 -2 -1 -3 -2  1   10   0   0   0   0   0   0   0   0   6   9   0  67   0   0   0   0   0   0   7  0.66 inf
   35 W   -3 -2 -3 -3 -4 -1  1 -3  3 -3 -3 -2 -2  0 -4 -3 -3 10  5 -3    0   0   0   0   0   0  15   0  10   0   0   0   0   0   0   0   0  48  27   0  1.47 inf
   36 K   -1  1 -1 -2 -4  2  0 -2 -2 -3 -3  6 -2 -4 -2  0 -1 -4 -3  0    0   0   0   0   0   7   0   0   0   0   0  81   0   0   0   4   0   0   0   8  0.74 inf
   37 L   -2 -3 -4 -5 -2 -3 -4 -5 -4  1  5 -3  3  0 -4 -3 -2 -2 -2  0    0   0   0   0   0   0   0   0   0   0  92   0   8   0   0   0   0   0   0   0  0.81 inf
   38 Q   -2 -1 -1  0 -4  4  5 -3 -1 -4 -4  0 -2 -4 -2 -1 -2 -4 -3 -3    0   0   0   0   0  32  68   0   0   0   0   0   0   0   0   0   0   0   0   0  1.00 inf
   39 A    4 -2 -2  0 -2  1  1 -1 -2 -2 -1 -1 -1 -3 -2  1 -1 -3 -2 -1   66   0   0   6   0   8   8   0   0   0   7   0   0   0   0   4   0   0   0   0  0.39 inf
   40 M   -2 -3 -4 -4 -2 -2 -3 -4 -3  2  4 -3  4  0 -3 -3 -2 -2 -2  1    0   0   0   0   0   0   0   0   0   5  65   0  22   0   0   0   0   0   0   8  0.61 inf
   41 R   -3  7 -1 -3 -5  0 -1 -3 -1 -4 -3  1 -2 -4 -3 -2 -2 -4 -3 -4    0 100   0   0   0   0   0   0   0   0   0   0   0   0   0   0   0   0   0   0  1.42 inf
   42 H   -2  2  2  2 -4  0  1 -2  6 -3 -3  2 -2 -3 -2 -1 -2 -4 -1 -2    0  13   8  15   0   0   8   0  35   0   0  17   0   0   0   0   0   0   0   4  0.51 inf
   43 A    2  2 -1 -2 -2  1  0  0 -1 -2 -1  3 -1 -2 -2  0 -1 -2  1 -2   31  11   0   0   0   8   0   4   0   0   6  28   0   0   0   3   0   0   8   0  0.23 inf
   44 M   -1 -3 -4 -4 -2 -3 -3 -4 -3  1  5 -3  2  0 -3 -3 -2 -2 -2  1    5   0   0   0   0   0   0   0   0   0  81   0   5   0   0   0   0   0   0   8  0.62 inf
   45 G   -1 -2  1 -2 -3 -2 -2  6 -2 -4 -4 -2 -3 -3 -2 -1 -2 -3 -3 -3    1   1   7   1   0   0   1  83   0   1   1   1   0   0   1   1   1   0   0   1  1.07 inf
   46 D    0 -2  4  5 -3 -1  0 -1 -1 -3 -3 -1 -3 -3 -2  0 -1 -4 -3 -3    9   1  24  53   0   0   1   1   0   1   1   1   0   0   1   5   1   0   0   1  0.65 inf
   47 K    0  3 -1 -1 -2  2  1 -2 -1 -1 -2  3 -1 -3 -1 -1 -1 -3 -2  0   10  16   1   1   0  12   4   1   0   1   1  38   0   0   1   1   1   0   0  13  0.28 inf
   48 P   -2 -3 -3 -2 -4 -2 -2 -3 -3 -4 -4 -2 -4 -5  8  0 -2 -5 -4 -3    0   0   0   0   0   0   0   0   0   0   0   0   0   0  92   8   0   0   0   0  2.22 inf
   49 I   -2 -3 -4 -4 -2 -3 -4 -4 -4  5  2 -3  2 -1 -3 -3 -1 -3 -2  3    0   0   0   0   0   0   0   0   0  61  17   0   8   0   0   0   0   0   0  14  0.58 inf
   50 T   -1  1  2 -2 -2 -1 -2 -2 -2  1  0 -1 -1 -2 -2  0  3 -3  0  0    0  13  14   0   0   0   0   0   0  16   6   0   0   0   0   3  41   0   3   4  0.24 inf
   51 V   -1 -3 -4 -4 -2 -3 -3 -4 -4  3  1 -3  0 -1 -3 -3 -1 -4 -2  5    0   0   0   0   0   0   0   0   0  21   4   0   0   0   0   0   0   0   0  75  0.68 inf
   52 N   -1  1  4 -1 -2 -1 -1 -2 -1 -3 -3 -1 -2 -3 -2  1  4 -4 -3 -2    0  11  36   0   0   0   0   0   0   0   0   0   0   0   0   9  44   0   0   0  0.56 inf
   53 G    0 -2  0 -1 -2 -1 -1  0 -2 -3 -4 -1 -3 -3 -2  6  0 -4 -3 -3    0   0   0   0   0   0   0   5   0   0   0   0   0   0   0  95   0   0   0   0  0.88 inf
   54 G    1 -3 -2 -2 -3 -3 -3  6 -3 -4 -4 -2 -3 -3 -3 -1 -2  4 -3 -3   11   0   0   0   0   0   0  80   0   0   0   0   0   0   0   0   0   8   0   0  1.14 inf
   55 F   -3 -3 -4 -4 -3 -3 -4 -4 -1 -1 -1 -4 -1  7 -4 -3 -3  1  6 -2    0   0   0   0   0   0   0   0   0   0   0   0   0  63   0   0   0   0  37   0  1.24 inf
   56 R   -3  7 -1 -3 -5  0 -1 -3 -1 -4 -3  1 -2 -4 -3 -2 -2 -4 -3 -4    0 100   0   0   0   0   0   0   0   0   0   0   0   0   0   0   0   0   0   0  1.42 inf
   57 S    0 -2  0  1  2 -1 -1 -1 -2 -3 -3 -1 -2 -3 -2  5  2 -4 -3 -2    0   0   0   8   6   0   0   0   0   0   0   0   0   0   0  70  15   0   0   0  0.60 inf
   58 V   -1 -1 -2 -2 -2 -1 -1 -3  0  1 -1  0 -1 -1  5 -1  0 -3  1  1    2   3   0   0   0   0   4   0   2  15   4   9   0   0  34   4   5   0   7  13  0.44 inf
   59 T    2 -1  0 -1 -2  0  2 -1 -1 -1 -2 -1 -1 -3  0  2  1 -3 -2  0   31   0   4   0   0   4  19   0   0   0   0   0   0   0   2  20   9   0   0  12  0.24 inf
   60 C   -2 -2  1 -3  8 -2 -2 -3  6 -3 -3 -3 -2 -3 -3 -1  0 -3 -1 -2    0   0   6   0  49   0   0   0  37   0   0   0   0   0   0   0   8   0   0   0  1.14 inf
   61 N   -3 -2  7  0 -4 -1 -1 -2  0 -4 -5 -1 -3 -4 -3  0 -1 -5 -3 -4    0   0 100   0   0   0   0   0   0   0   0   0   0   0   0   0   0   0   0   0  1.46 inf
   62 S    1  4  1  0 -3  2  0 -2 -1 -3 -3  2 -2 -3 -2  1 -1 -3 -2 -2   15  36   6   5   0   9   0   0   0   0   0  11   0   0   0  17   0   0   0   0  0.39 inf
   63 N    2  2  2 -1 -2  1  1 -1 -1 -3 -3  1 -2 -3 -2  1  0 -3 -2 -2   34  15  13   0   0   7   8   0   0   0   0   8   0   0   0  14   0   0   0   0  0.29 inf
   64 V    0 -3 -4 -4 -2 -3 -3 -4 -4  2  0 -3  0 -2 -3 -2 -1 -4 -2  6    4   0   0   0   0   0   0   0   0   4   0   0   0   0   0   0   0   0   0  92  0.78 inf
   65 G   -1 -1 -1 -2 -4 -3 -3  6 -3 -5 -5 -2 -4 -4 -3 -1 -3 -4 -4 -4    0   4   0   0   0   0   0  96   0   0   0   0   0   0   0   0   0   0   0   0  1.42 inf
   66 G   -1 -3 -1 -2 -4 -3 -3  7 -3 -5 -5 -3 -4 -4 -3 -1 -3 -4 -4 -4    0   0   0   0   0   0   0 100   0   0   0   0   0   0   0   0   0   0   0   0  1.53 inf
   67 A    5 -2 -2 -2 -1 -1 -1 -1 -2 -2 -2 -1 -2 -3 -2  2  0 -3 -3  0   72   0   0   0   0   0   0   0   0   0   0   0   0   0   0  22   0   0   0   6  0.57 inf
   68 S    1 -2 -1 -2 -2 -1 -1 -2 -2 -2 -1 -1 -2 -3  4  4  2 -4 -3  0    8   0   0   0   0   0   0   0   0   0   4   0   0   0  21  50  11   0   0   6  0.50 inf
   69 N   -1  1  5  2 -3 -1  0 -1 -1 -4 -4  1 -3 -4 -2  0  0 -4 -3 -3    4   7  55  15   0   0   0   2   0   0   0   8   0   0   0   2   7   0   0   0  0.61 inf
   70 S    0 -2  0 -1 -2 -1 -1 -1 -2 -3 -4 -1 -3 -4 -2  6  0 -4 -3 -3    0   0   0   0   0   0   0   0   0   0   0   0   0   0   0 100   0   0   0   0  0.98 inf
   71 R   -2  4 -1 -2 -3  4  0 -3 -1 -2 -1  2  2  1 -3 -1 -2 -2  1 -2    0  30   0   0   0  30   0   0   0   0   4  11  11   6   0   0   0   0   7   0  0.41 inf
   72 H   -3 -2 -1 -2 -4 -1 -1 -3 10 -5 -4 -2 -3 -3 -4 -2 -3 -4  1 -5    0   0   0   0   0   0   0   0 100   0   0   0   0   0   0   0   0   0   0   0  2.01 inf
   73 M   -2 -2 -3 -4 -2 -2 -3 -4 -3  1  4 -2  5 -1 -3 -1  1 -2 -2  0    0   0   0   0   0   0   0   0   0   0  56   0  29   0   0   6   9   0   0   0  0.51 inf
   74 Y   -2 -2 -2  0 -3 -2 -2 -3  0 -1  0  1 -1  1 -3 -2 -1  0  6  0    0   0   0   7   0   0   0   0   0   0  13  13   0   0   0   0   3   0  55   8  0.57 inf
   75 G   -1 -3 -1 -2 -4 -3 -3  7 -3 -5 -5 -3 -4 -4 -3 -1 -3 -4 -4 -4    0   0   0   0   0   0   0 100   0   0   0   0   0   0   0   0   0   0   0   0  1.53 inf
   76 H   -1  2  1  3 -3  0  0 -2  1  0 -1  0  2 -2 -2  0  2 -3 -2 -1    0  15   7  24   0   4   0   0   5   5   0   0  13   0   0   3  19   0   0   4  0.21 inf
   77 A    5 -2 -2 -3 -1 -2 -2 -1 -3 -2 -2 -2 -2 -3 -2  1 -1 -4 -3 -1   94   0   0   0   0   0   0   0   0   0   0   0   0   0   0   6   0   0   0   0  0.81 inf
   78 A    4 -2 -3 -3 -1 -2 -2 -1 -3 -1 -1 -2 -1  2 -2  0 -1 -3 -1  1   73   0   0   0   0   0   0   0   0   0   0   0   0  11   0   0   0   0   0  15  0.50 inf
   79 D   -3 -3  0  7 -5 -1  1 -2 -2 -4 -5 -2 -4 -5 -3 -1 -2 -5 -4 -4    0   0   0 100   0   0   0   0   0   0   0   0   0   0   0   0   0   0   0   0  1.56 inf
   80 L   -2 -3 -4 -4 -2 -3 -4 -4 -4  4  4 -3  1  2 -4 -3 -2 -2 -1  1    0   0   0   0   0   0   0   0   0  42  50   0   0   8   0   0   0   0   0   0  0.56 inf
   81 G    1  0 -1  1 -2  1 -1  2 -1 -1 -2 -1 -1 -1 -2  0 -1 -2  1  0   16   7   1  12   0   9   1  25   0   4   1   1   0   0   1   1   1   0   7  14  0.13 inf
   82 A    2 -2 -2 -3 -1 -2 -2 -2 -3  1  0 -2  2 -2  0  1  0 -3 -2  3   24   0   0   0   0   0   0   0   0   0   0   0  11   0   4  13   3   0   0  45  0.27 inf
   83 G    0 -2 -1 -2 -3  1 -1  3 -2 -4 -3  0 -3 -4  5  2 -1 -4 -3 -3    4   0   0   0   0   8   0  29   0   0   0   3   0   0  33  23   0   0   0   0  0.71 inf
   84 S   -1  0  2 -1 -3 -1 -2  4  0 -3 -4 -1 -3 -3  3  1 -1 -3 -3 -2    0   6  11   0   0   0   0  44   3   0   0   0   0   0  15  18   0   0   0   3  0.53 inf
   85 Q   -2  1 -1 -2 -3  1 -1 -3  6  0 -2  0  1 -1  2 -1 -2 -2  3  0    0   8   0   0   0   5   0   0  36   8   0   4   6   0   9   4   0   0  11   8  0.38 inf
   86 G    1 -2  0  2 -2 -1 -1  0 -2 -3 -3 -1 -2 -3 -2  4  2 -4 -3 -2   10   0   0  11   0   0   0   5   0   0   0   0   0   0   0  57  16   0   0   0  0.47 inf
   87 F   -2 -2 -1 -3 -3 -1 -2 -3 -3  0  2 -2  0  1  5 -2  0 -3 -1  1    0   0   4   0   0   4   0   0   0   0  27   0   0  11  39   0   4   0   0  11  0.59 inf
   88 C    0 -1 -2 -2  7 -1  0 -3 -3 -1 -2  1 -2 -3  1  0  0 -3 -3  0    3   4   0   0  42   0   8   0   0   0   0  10   0   0   8   9   4   0   0  11  0.54 inf
   89 A    2  0 -1  1 -2  3  1 -2 -1 -2 -2  0 -1 -3  0  0  3 -3 -2 -2   21   3   0   7   0  28   6   0   0   0   0   2   0   0   4   0  29   0   0   0  0.34 inf
   90 L   -1 -3 -3 -4 -2 -3 -3 -4 -3  3  2 -3  2  2 -3 -2  0 -2 -1  2    0   0   0   0   0   0   0   0   0  29  26   0   4  11   0   0   9   0   0  20  0.34 inf
   91 A    4 -2  1 -2 -2 -1  1 -1 -1 -1 -2 -1 -2 -2 -2  0 -1  3  1 -1   63   0   8   0   0   0  11   0   0   5   0   0   0   0   0   0   0   4   8   0  0.36 inf
   92 Q    1  1  0 -1 -3  4  0  0  2 -3 -2  3 -1 -3 -2  0 -1 -3 -2 -2   15   6   4   0   0  30   0   5   6   0   4  30   0   0   0   0   0   0   0   0  0.36 inf
   93 A    1  1 -1 -1 -2  3  0 -2  1 -1 -1  1  0 -2 -2  1 -1 -2  0 -1   20   8   0   0   0  22   4   0   4   4   6   8   4   0   0  11   0   0   5   4  0.15 inf
   94 A    5 -2 -2 -3 -1 -2 -2 -1 -3 -2  0 -2 -1 -3 -2  1 -1 -3 -3 -1   89   0   0   0   0   0   0   0   0   0   8   0   0   0   0   3   0   0   0   0  0.69 inf
   95 R   -2  5 -1  1 -4  2  3 -3 -1 -4 -3  2 -2 -4 -2 -1 -2 -4 -3 -3    0  49   0   4   0   5  33   0   0   0   0   8   0   0   0   0   0   0   0   0  0.72 inf
   96 N    1 -1  2  1 -2  0  1 -1 -1 -2 -2  1 -2 -2 -2  2  2 -2  2 -1   12   0  12   7   0   0  11   0   0   0   0  10   0   0   0  16  19   0  10   3  0.20 inf
   97 H   -1 -2 -2 -3  4  0 -2 -3  6  0 -1 -2 -1 -2 -3 -1 -1  4  0  2    4   0   0   0  11   3   0   0  35   4   4   0   0   0   0   5   0   8   0  25  0.41 inf
   98 G   -1 -3 -1 -2 -4 -3 -3  7 -3 -5 -5 -3 -4 -4 -3 -1 -3 -4 -4 -4    0   0   0   0   0   0   0 100   0   0   0   0   0   0   0   0   0   0   0   0  1.53 inf
   99 F   -3 -4  0 -4 -3 -4 -4 -4 -2 -1  0 -4 -1  7 -5 -3 -3  0  2 -2    0   0   8   0   0   0   0   0   0   0   5   0   0  87   0   0   0   0   0   0  1.17 inf
  100 T    0  1  1 -1 -2  0  0  1 -1 -2 -2  0  0 -2 -1  2  2 -3 -2 -2    5  13   7   1   0   0   5  13   0   1   1   1   4   0   1  30  17   0   0   1  0.22 inf
  101 E   -1 -2 -1 -1 -3 -1  1  5 -2 -3 -3 -1 -3 -3 -2 -1 -1 -3 -3 -3    1   1   1   1   0   0  15  71   0   1   1   1   0   0   1   1   4   0   0   1  0.82 inf
  102 I   -1 -2 -3 -3 -1 -2 -3 -3 -3  5  1 -2  1 -1 -2 -2 -1 -2 -1  2    2   1   1   1   0   1   1   1   0  69  10   1   0   1   1   1   1   0   1   6  0.43 inf
  103 L   -1 -1 -2 -2 -1 -1 -1 -2 -1  1  3 -1  1  1 -1 -1 -1 -1  1  0    3   2   2   2   1   2   2   3   1  11  44   2   1   8   2   3   2   1   8   2  0.14 inf
  104 G    0  0  0 -1 -2 -1 -1  5 -1 -2 -2 -1 -2 -2 -1  0 -1 -1 -2 -2    3   7   2   2   1   2   3  57   1   2   4   2   1   2   2   3   2   1   1   3  0.45 inf
  105 P   -1 -1 -1 -1 -2 -1  1 -1 -1 -2 -1 -1 -1  2  6 -1 -1 -1 -1 -1    3   2   2   2   1   2  10   3   1   2   3   2   1  13  44   3   2   1   1   2  0.64 inf
  106 G    0 -1 -1 -2 -3 -2 -2  6 -2 -3 -3 -1 -3 -3 -2 -1 -1 -2 -3 -3    1   5   1   1   0   1   1  78   0   1   1   1   0   1   1   1   5   0   1   1  0.89 inf
  107 Y   -2 -2 -2 -3 -2 -2 -2 -3  0  1  0 -2 -1  3 -3 -2 -2  1  6  0    1   1   1   1   0   1   1   1   0  16  10   1   0   8   1   1   1   0  54   1  0.61 inf
  108 P    1 -2 -2  0 -2 -1 -1  0 -1 -2 -2 -2 -2  0  4 -1  0 -1  4 -1   14   0   0   7   0   0   1   8   0   0   1   1   0   0  28   1   8   0  26   3  0.47 inf
  109 G    1 -2 -1  0 -2 -1 -1  3 -2 -1 -2 -1 -2 -3  2  1  0 -3 -3 -1   15   0   0   7   0   0   0  36   0   4   0   0   0   0  12  13   8   0   0   4  0.35 inf
  110 H    0  1 -1  1 -3 -1 -1 -2  7 -3 -3 -1 -2 -1 -3  0  0 -2  3 -3    8  11   0   8   0   0   0   0  42   0   0   0   0   0   0   6   8   0  16   0  0.54 inf
  111 N   -1 -1  4  1 -3  1  0  0  2 -3 -3 -1 -2  1 -2  3  0 -3 -1 -3    0   0  27   7   0   6   4   3   8   0   0   0   0   8   0  36   0   0   0   0  0.36 inf
  112 D   -1 -2  1  5 -3  1  0  0 -2 -2 -3 -1 -2 -3 -2  1  2 -4 -3 -1    0   0   4  46   0   8   0   8   0   0   0   0   0   0   0  13  15   0   0   6  0.46 inf
  113 H   -3 -2 -1 -3 -4 -1 -2 -3  8 -3 -2 -2 -2  5 -4 -2 -3 -2  1 -3    0   0   0   0   0   0   0   0  65   0   0   0   0  35   0   0   0   0   0   0  1.25 inf
  114 T   -1 -3 -2 -3 -2 -2 -2 -3 -3  2  0 -2  2 -2 -3 -1  3 -3 -2  4    0   0   0   0   0   0   0   0   0   8   0   0   8   0   0   0  38   0   0  46  0.44 inf
  115 H   -3 -2  0  3 -4 -1 -1 -3  9 -4 -4 -2 -3 -3 -3 -2 -3 -4  0 -4    0   0   0  23   0   0   0   0  77   0   0   0   0   0   0   0   0   0   0   0  1.43 inf
  116 V    0 -3 -3 -3 -2 -3 -3 -3 -4  3  1 -3  0 -1 -3  0 -1 -3 -2  4    4   0   0   0   0   0   0   0   0  20   6   0   0   0   0   8   0   0   0  63  0.47 inf
  117 A    0  3  1  5 -4 -1  0 -1 -2 -4 -4  0 -3 -4 -2 -1 -2 -4 -3 -3   11  23   7  56   0   0   0   4   0   0   0   0   0   0   0   0   0   0   0   0  0.67 inf
  118 G    0 -2  0  0 -2  0 -1  0  0  0  0 -1  0  0 -2  1  1 -2 -1  1    8   0   4   6   0   7   0   9   4   6  11   0   0   5   0  16   8   0   0  15  0.05 inf
  119 G   -1  4 -1  1 -3  0 -1  2 -1 -3 -2  1 -2 -2 -3 -1  0 -3  1 -3    0  41   0  13   0   0   0  24   0   0   3   4   0   0   0   0   8   0   6   0  0.38 inf
  120 D   -1  0  1  0 -3 -1  0  2 -2 -2 -1 -1 -2 -3  5  1  0 -4 -3 -1    0   6  11   3   0   0   4  17   0   0   8   0   0   0  31  11   3   0   0   6  0.45 inf
  121 G    1  0  1 -1 -2  0  0  1 -1 -2 -3  0 -2 -2 -2  2  2 -2  1 -2   12   3  10   0   0   5   6  14   0   0   0   4   0   0   0  21  17   0   8   0  0.21 inf
  122 R   -2  5  0 -2 -3  1 -1 -3  1 -2 -3  2 -2 -2  0  0  0 -3  1 -2    0  52   3   0   0   6   0   0   5   3   0   7   0   0   5   9   4   0   6   0  0.48 inf
  123 F    1  1 -1  0 -2  1 -1 -2  0 -2 -2 -1 -1  3 -2  1 -1 -1  4 -2   16   9   0   8   0   8   0   0   0   0   1   0   0  17   0  17   0   0  21   0  0.22 inf
  124 W   -4 -4 -5 -6 -4 -3 -4 -4 -3 -4 -3 -4 -3  0 -5 -4 -4 12  3 -4    0   0   0   0   0   0   0   0   0   0   0   0   0   0   0   0   0  92   8   0  3.16 inf
  125 S    1 -2  0 -1 -2 -1 -1  3 -2 -3 -3 -1 -2 -3 -2  4  0 -3 -2 -2    4   0   0   0   0   0   0  23   0   0   0   0   0   0   0  73   0   0   0   0  0.55 inf
  126 A    4 -2 -2 -1 -1 -1  1  0 -2 -2 -2 -1 -1 -3 -1  1 -1 -3 -2 -1   86   0   0   0   0   0  14   0   0   0   0   0   0   0   0   0   0   0   0   0  0.49 inf
  127 P   -1 -2  2 -1 -3 -1 -1 -2 -2 -3 -3 -1 -3 -4  7  0 -1 -4 -3 -3    0   0  14   0   0   0   0   0   0   0   0   0   0   0  78   8   0   0   0   0  1.60 inf
  128 S    0 -1  3  3 -2  0  0  1 -1 -3 -3 -1 -2 -3 -2  3  1 -4 -2 -2    0   0  20  21   0   0   0   9   0   0   0   0   0   0   0  46   4   0   0   0  0.40 inf
  129 C   -1 -4 -3 -4 10 -3 -4 -3 -4 -2 -2 -4 -2 -3 -3 -1 -1 -3 -3 -1    0   0   0   0 100   0   0   0   0   0   0   0   0   0   0   0   0   0   0   0  1.62 inf
  130 G    0 -3 -1 -2 -3 -2 -2  6 -2 -4 -4 -2 -3 -4 -2 -1 -2 -3 -3 -4    0   0   0   0   0   0   0 100   0   0   0   0   0   0   0   0   0   0   0   0  1.16 inf
  131 I   -1 -3 -3 -3 -1 -3 -3 -4 -3  4  1 -3  2 -1 -3 -2 -1 -3 -1  3    0   0   0   0   0   0   0   0   0  51   0   0   7   0   0   0   0   0   0  43  0.39 inf

                      K         Lambda
Standard Ungapped    0.1322     0.3181
Standard Gapped      0.0423     0.2670
PSI Ungapped         0.1411     0.3114
PSI Gapped           0.0423     0.2670
