
Last position-specific scoring matrix computed, weighted observed percentages rounded down, information per position, and relative weight of gapless real matches to pseudocounts
           A  R  N  D  C  Q  E  G  H  I  L  K  M  F  P  S  T  W  Y  V   A   R   N   D   C   Q   E   G   H   I   L   K   M   F   P   S   T   W   Y   V
    1 L   -1 -3 -4 -4 -1 -3 -3 -4 -3  3  3 -3  2  0 -3 -3 -1 -2 -1  2    0   0   0   0   0   0   0   0   0  47  42   0   0   0   0   0   0   0   0  11  0.38 inf
    2 D   -1 -1  2  4 -3  0  2 -2 -1 -3 -3 -1 -3 -3 -2  2  2 -4 -3 -3    0   0  10  40   0   0  17   0   0   0   0   0   0   0   0  18  16   0   0   0  0.51 inf
    3 W   -1 -3 -4 -5 -3 -3 -4 -3 -2 -2 -2 -3  1  2 -4 -3 -3 10  4 -1    7   0   0   0   0   0   0   0   0   0   0   0   6   7   0   0   0  58  15   6  1.64 inf
    4 T   -1 -1  2  1 -3  0  3 -1 -1 -3 -3  0  0 -3  3  0  2 -4 -3 -2    3   0  11   3   0   0  33   3   0   0   0   5   4   0  15   3  20   0   0   0  0.39 inf
    5 T    1 -1  0  1 -2  0  1  0  2 -2 -2  1 -2 -2 -2  1  1 -3  0 -1   17   0   3  10   0   0  11   5   7   0   0   9   0   0   0  14  13   0   4   6  0.17 inf
    6 F   -2 -3 -4 -4 -2 -3 -3 -3 -3  2  3 -3  5  3 -1 -3  0 -2  0  1    0   0   0   0   0   0   0   1   0  12  26   0  29  14   3   0   5   0   2   7  0.45 inf
    7 R    1  2 -1  0 -2  1  1 -2 -2 -1  0  1 -1 -1 -2  1  1 -3 -2 -1   18  13   2   3   0   6  10   0   0   4  15   6   0   2   0   8  14   0   0   0  0.12 inf
    8 R   -1  2  0  2 -4  2  5 -2 -2 -4 -2  1 -1 -2 -3 -1 -2 -4 -3 -3    5  10   2   9   0   7  45   3   0   0   5   9   1   2   0   2   0   0   0   0  0.50 inf
    9 V    0  0 -1  1 -3  0  2 -3 -2  2  0  0  4 -2 -3 -1  0 -3 -2  0    6   5   1   7   0   4  16   0   0  21   5   6  18   1   0   3   4   0   0   4  0.20 inf
   10 F   -1 -3 -2  2 -3 -2  0 -3 -2  0  1 -2  1  3 -3 -1 -1  0  2  1    6   0   0  16   0   0   6   0   0   5  16   1   5  20   0   3   3   1   7  11  0.23 inf
   11 L   -2 -2  1 -3  0  0 -2 -2 -3  2  2 -1  3  0 -3 -2  3 -3 -2  0    1   0   7   1   2   4   1   2   0  15  23   3  12   4   1   0  21   0   0   3  0.27 inf
   12 I   -3 -4 -4 -5 -4 -2 -3 -6 -3  5  3 -3  3  0 -4 -4 -1 -4 -3  1    0   0   1   0   0   1   1   0   0  42  34   1   6   3   0   0   3   0   0   7  0.85 inf
   13 D   -1 -2  1  3 -5  0  3  1  4 -5 -5 -1 -4 -5  3  0 -2 -5 -3 -4    4   0   7  18   0   2  25  11  11   0   0   3   0   0  12   5   2   0   0   0  0.58 inf
   14 D   -1 -2  4  2 -4  1  3 -1 -1 -4 -4 -1 -3 -4  3  1 -1 -5 -4 -4    6   1  23   9   0   4  24   3   1   1   1   3   0   1  15   8   2   0   0   0  0.57 inf
   15 A    0 -2 -1  4 -4 -1  0  0 -4 -5 -5 -3 -4 -5 -3  4  2 -6 -5 -4    5   1   1  24   0   2   5   6   0   0   0   0   0   0   0  41  14   0   0   0  0.77 inf
   16 W   -8 -8 -9 -9 -7 -7 -8 -7 -7 -8 -7 -8 -6 -4 -9 -8 -7 13 -2 -8    0   0   0   0   0   0   0   0   0   0   0   0   0   0   0   0   0 100   0   0  5.11 inf
   17 R   -1  3 -1  1 -4  2  0 -3  3 -3  0  3 -2  0 -3  0 -2  0 -1 -3    4  15   1   8   0  10   3   1   8   0  12  24   0   4   0   6   2   2   2   0  0.32 inf
   18 P    1  0  0  2 -4  2  3 -2 -1 -3 -3  1 -2 -3  2  0  0 -4 -3 -3   13   3   3  13   0   9  24   2   1   1   2   8   1   1   9   5   4   0   0   1  0.35 inf
   19 L    1  0 -3 -3 -3  0 -2 -3  3  2  1 -1 -1  1 -1 -2 -2 -3 -1  2   16   4   0   0   0   6   1   0   9  11  15   3   0   6   2   1   1   0   1  22  0.21 inf
   20 M   -4 -5 -7 -7 -4 -5 -6 -7 -6  3  6 -6  0  0 -6 -6 -4 -5 -4 -1    0   0   0   0   0   0   0   0   0  14  81   0   1   3   0   0   0   0   0   2  1.50 inf
   21 E    1  0 -1  0 -3  1  2  1  0 -4 -3  3 -2 -4 -2  0 -1 -4 -2 -3   13   4   2   3   0   7  17  12   2   0   3  25   0   0   1   7   2   0   1   0  0.34 inf
   22 P    0 -2  0  3 -4  1  3  1 -2 -4 -4  0 -4 -4  4  0 -1 -5 -4 -3    6   1   4  17   0   6  21   9   1   0   0   3   0   0  19   7   2   0   0   1  0.52 inf
   23 E   -3 -3 -4 -2 -3  1  7 -5 -2 -2 -4 -3 -4 -2 -5 -3 -3 -3 -4 -2    1   0   0   1   1   5  81   0   1   2   1   0   0   2   0   0   1   0   0   3  1.65 inf
   24 L   -3 -3 -5 -5 -5 -2 -4 -5 -4  0  2  1  2  7 -5 -4 -2  1  0 -2    2   1   0   0   0   1   1   0   0   4  17  11   4  51   0   1   3   2   1   1  1.01 inf
   25 A    0 -1  0  2 -2  3  3 -2  0 -3 -2  2 -2 -4 -1  1  0 -4 -3 -2    8   2   3  11   0  15  21   2   2   1   5  13   0   0   2   9   6   0   0   3  0.31 inf
   26 N   -2  0 -1 -2 -5  4 -1 -3 -1 -5 -4  6 -1 -6 -3  1  0 -5 -4 -4    1   2   2   1   0  19   3   1   1   0   1  52   1   0   0  12   4   0   0   0  0.96 inf
   27 P   -1 -3 -2  2 -5 -2  1 -2  1 -5 -5 -1 -5 -3  7 -1 -2 -6 -2 -5    5   1   1  14   0   1   9   3   3   0   1   3   0   1  52   3   2   0   1   0  1.22 inf
   28 L   -3 -4 -1 -3 -6 -2 -1 -6 -1 -5 -3 -2 -5 -1 -5 -3 -4 -1  9 -3    1   0   3   2   0   2   5   0   0   0   1   2   0   0   0   2   0   0  79   1  2.17 inf
   29 T   -3 -5 -4 -6 -3 -5 -6 -5 -3 -2 -2 -5  4  7 -6 -5 -2  2  5 -2    2   0   1   0   0   0   0   0   0   1   2   0  12  53   0   0   2   2  23   2  1.58 inf
   30 A    0  2 -1 -1 -3  3  0 -2  0  0  0  3 -1 -3 -3 -1 -1 -4 -2 -1    8  10   2   3   0  19   5   2   2   5  12  20   0   0   0   4   2   0   0   5  0.24 inf
   31 H   -1  1  2  1 -4  3  3 -2  2 -4 -3  3 -3 -5 -2  0 -1 -5 -3 -4    5   5  10   7   0  18  17   2   4   0   1  21   0   0   1   5   3   0   0   0  0.48 inf
   32 L   -3 -5 -6 -6 -4 -5 -4 -6 -5  3  6 -5  1 -2 -5 -5 -1 -4 -4 -1    1   0   0   0   0   0   1   0   0  15  74   0   3   0   0   0   4   0   0   2  1.23 inf
   33 L   -1  2 -1 -2  0  0  0 -2  1  0  0  2  1  0 -3 -1  0  0  1  0    4  15   2   0   3   4   3   1   5   4  12  16   6   3   0   3   7   1   4   5  0.12 inf
   34 A    1  2  1  2 -3  2  3 -1  0 -3 -2  1 -2 -3 -3  0  0 -4 -3 -3   13  11   6   9   0  12  19   3   2   0   3   9   0   1   0   5   6   0   0   1  0.29 inf
   35 E   -3 -2 -2 -5 -5  0 -1 -6 -1 -2 -3 -1 -2  8 -6 -3 -1 -1  2 -3    2   3   2   0   0   4   5   0   1   1   1   3   0  68   0   1   4   1   4   0  1.44 inf
   36 Y   -3 -4 -6 -6 -4 -5 -5 -6 -5  2  4 -5  1 -2 -5 -4 -3 -4  1  5    0   0   0   0   0   0   0   0   0   8  44   0   2   0   0   0   0   0   6  39  0.98 inf
   37 N    1  2  1  1 -4  1  2 -2  0 -1 -2  3 -1 -3 -3 -1 -1 -4 -2 -1   12  11   7   6   0   5  13   1   3   5   2  25   2   1   0   1   2   0   1   4  0.26 inf
   38 R    0  1  1  0 -3  3  3 -1  1 -3 -3  2 -2 -3 -3  0 -1 -4 -2 -3   10   7   5   4   1  15  25   3   3   1   2  12   0   1   0   7   2   0   1   0  0.37 inf
   39 R   -1  3 -2 -1 -6  1  6 -5 -3 -3 -5  0 -4 -6 -4 -3 -3 -6 -5 -3    5  15   1   1   0   4  68   0   0   1   0   3   0   0   0   0   1   0   0   2  1.30 inf
   40 C    0  3 -2 -4  1  0 -3 -4 -2 -3 -2  1 -2 -1 -5 -2 -3  1  7 -3    8  20   1   0   4   4   1   1   0   1   3  11   1   0   0   2   1   1  42   1  0.90 inf
   41 Q    3  1  0 -1 -3  3  1 -1 -1 -4 -3  2 -2 -4 -3  1 -1 -4 -3 -3   28   8   3   2   0  15   9   2   1   0   2  16   0   0   0  12   3   0   0   0  0.39 inf
   42 T   -1  0  1 -2 -2  1  0  3  2 -4 -4  1 -3 -4 -3  1  3 -4 -3 -3    3   5   6   1   1   7   5  27   5   0   0   8   0   0   0  10  21   0   1   1  0.41 inf
   43 E   -1  1 -1 -2 -3  2  1  0  3 -3 -4  4 -3 -2 -3 -1 -1 -4  1 -2    5   5   2   0   1   8   9   9   9   1   0  35   0   1   0   2   4   0   6   2  0.44 inf
   44 E   -1  1  1 -2 -3  1  0 -3  0  0 -2  1 -1 -4  0 -1  4 -4 -3  1    3   7   6   0   0   5   7   0   2   7   1   9   1   0   5   1  34   0   0  11  0.32 inf
   45 V   -3 -6 -6 -6  3 -5 -6 -6 -6  6 -1 -5 -1 -3 -5 -5 -3 -4 -4  5    0   0   0   0   6   0   0   0   0  53   1   0   1   0   0   0   0   0   0  39  1.38 inf
   46 L   -5 -5 -6 -6 -6 -5 -6 -6  0 -4 -1 -5 -4  6 -6 -5 -5 -1  8 -4    0   0   0   0   0   0   0   0   2   0   6   0   0  30   0   0   0   0  61   0  2.10 inf
   47 P   -5 -6 -6 -5 -7 -5 -5 -6 -6 -7 -5 -5 -6 -8  9 -5 -5 -8 -7 -6    0   0   0   0   0   0   0   0   0   0   1   0   0   0  99   0   0   0   0   0  3.25 inf
   48 P   -1 -2 -2  1 -5 -3 -1 -4 -2 -4 -4  1 -5 -6  7 -2 -2 -6 -5 -4    6   2   1   9   0   0   3   0   1   1   1   8   0   0  62   2   2   0   0   0  1.52 inf
   49 R    1  1 -1 -2 -3  2  1  2 -1 -2 -2  2  3 -3  1  0 -2 -4 -3 -2   15   8   1   1   0   8   9  14   1   1   1  15  11   1   7   4   1   0   0   1  0.25 inf
   50 E   -1  0  2  2 -4  1  3 -1  3 -4 -4  2 -3 -3  0  0 -1 -4  1 -4    5   3   9  11   0   4  26   3   8   0   0  14   0   0   4   6   2   0   6   0  0.40 inf
   51 D   -2 -2  2  5 -2  3  2 -4  3 -4  1  0 -1 -3 -4 -2 -3 -5 -3 -4    2   0   8  38   1  13  10   0   7   0  15   4   1   0   0   1   0   0   0   0  0.64 inf
   52 V   -3 -4 -6 -6 -2 -5 -5 -6 -5  6  0 -5  0 -2 -5 -5 -2  1 -1  4    0   1   0   0   1   0   0   0   0  57   3   0   2   0   0   0   1   2   2  31  1.23 inf
   53 F   -6 -6 -6 -7 -6 -6 -7 -7 -3 -4 -2 -6 -3  9 -7 -6 -5  0  4 -4    0   0   0   0   0   0   0   0   0   0   2   0   0  86   0   0   0   1  11   0  2.49 inf
   54 S    1  1  6 -2 -4  0 -1 -3  1 -5 -5 -1 -3 -5 -4  2  1 -5 -3 -4   10   8  45   0   0   3   2   0   4   0   0   1   0   0   0  19   8   0   0   0  0.84 inf
   55 W    6 -5 -5 -5 -1 -4 -4 -3 -5 -3 -4 -4 -3 -3 -4 -1 -3  7 -3 -2   78   0   0   0   1   0   0   0   0   1   0   0   0   1   0   2   1  15   0   1  1.59 inf
   56 T   -4 -5 -5 -6 -4 -5 -5 -5 -4 -1  3 -5 -1  7 -6  0  1 -3  0 -3    0   0   0   0   0   0   0   0   0   1  26   0   1  55   0   7  10   0   0   0  1.26 inf
   57 R   -2  4  4  2 -5  1  1 -3  3 -4 -3  2 -3 -3 -4 -1 -2 -3 -2 -4    2  22  23  12   0   5   9   0   8   0   1  11   0   1   0   2   1   0   1   1  0.57 inf
   58 Y   -1 -3 -3 -4 -2 -2 -2 -4  3 -1  3 -2  1  2 -4  0  0  2  3 -1    6   0   1   0   1   1   1   0   9   1  37   2   3   9   0   8   5   2  11   2  0.36 inf
   59 C   -2 -5 -4 -5  7 -4 -4 -5 -5 -3 -3 -4 -4 -3 -5 -1  7 -6 -5 -2    2   0   0   0  23   0   0   0   0   0   1   0   0   1   0   2  69   0   0   2  1.70 inf
   60 T    0 -3 -3  0 -5 -2  0 -4 -2 -6 -5 -3 -5 -6  8  1 -2 -6 -5 -5    6   1   1   4   0   1   7   0   1   0   0   1   0   0  67   9   2   0   0   0  1.72 inf
   61 P   -4 -5 -5 -6 -4 -5 -5 -6 -3  0  3 -5 -1  6  2 -5 -4 -1  4 -2    0   0   0   0   0   0   0   0   0   4  32   0   1  39  10   0   0   0  13   1  1.06 inf
   62 D   -1 -1  2  4 -3  0  3 -2  2 -5 -5  1 -3 -5 -3  1 -2 -5 -2 -4    4   2   8  31   0   4  24   2   5   0   0   7   0   0   0  11   1   0   1   0  0.64 inf
   63 E   -1  1  2  4 -4  2  1 -3 -1 -5 -5  4 -3 -5 -3 -1 -1 -5 -4 -4    4   5   8  27   0  11   9   1   1   0   0  27   0   0   0   3   3   0   0   0  0.64 inf
   64 V   -3 -5 -5 -6 -1 -5 -5 -6 -6  2 -1 -5 -2 -4 -5 -4  1 -6 -4  7    1   0   0   0   1   0   0   0   0  10   4   0   0   0   0   0   9   0   0  76  1.39 inf
   65 R   -4  3 -2 -4 -6 -1 -2 -5 -3 -6 -6  7 -4 -6 -4 -3 -3 -6 -5 -5    0  16   1   0   0   0   1   0   0   0   0  80   0   0   0   1   0   0   0   0  1.79 inf
   66 V    0 -6 -6 -6 -1 -5 -6 -6 -6  0 -2 -5 -2 -4 -5 -5 -3 -6 -4  7    6   0   0   0   1   0   0   0   0   2   0   0   0   0   0   0   0   0   0  90  1.76 inf
   67 V   -3 -6 -6 -6 -2 -5 -6 -6 -6  0  0 -6 -2 -3 -6 -5 -3 -6 -4  7    0   0   0   0   0   0   0   0   0   2   5   0   0   0   0   0   0   0   0  92  1.87 inf
   68 I   -4 -6 -7 -6 -4 -6 -6 -7 -7  8  0 -6 -1 -3 -6 -6 -4 -6 -4  0    0   0   0   0   0   0   0   0   0  90   7   0   0   0   0   0   0   0   0   3  2.02 inf
   69 I   -4 -5 -6 -6 -4 -5 -6 -6 -6  4  5 -5  0 -2 -5 -5 -3 -4 -4  1    0   0   0   0   0   0   0   0   0  22  70   0   1   0   0   0   1   0   0   6  1.26 inf
   70 G   -3 -6 -4 -5 -6 -5 -6  8 -5 -7 -7 -5 -6 -7 -6 -4 -5 -6 -7 -7    0   0   0   0   0   0   0 100   0   0   0   0   0   0   0   0   0   0   0   0  2.48 inf
   71 Q   -5 -3 -4 -4 -7  9 -2 -6 -3 -7 -6 -2 -4 -7 -5 -4 -5 -6 -5 -6    0   0   0   0   0 100   0   0   0   0   0   0   0   0   0   0   0   0   0   0  2.84 inf
   72 D   -5 -5 -2  8 -7 -4 -2 -5 -5 -7 -7 -4 -7 -7 -5 -4 -5 -8 -7 -7    0   0   0 100   0   0   0   0   0   0   0   0   0   0   0   0   0   0   0   0  2.73 inf
   73 P   -5 -6 -6 -5 -7 -5 -5 -6 -6 -7 -7 -5 -6 -8  9 -5 -5 -8 -7 -6    0   0   0   0   0   0   0   0   0   0   0   0   0   0 100   0   0   0   0   0  3.30 inf
   74 Y   -6 -6 -6 -7 -6 -5 -6 -7 -2 -5 -5 -6 -5 -1 -7 -6 -6 -1 10 -5    0   0   0   0   0   0   0   0   0   0   0   0   0   0   0   0   0   0 100   0  3.31 inf
   75 H   -5 -4 -3 -5 -7 -3 -4 -6 11 -4 -7 -5 -5 -3 -1 -5 -6 -6 -1 -7    0   0   0   0   0   0   0   0  94   1   0   0   0   1   3   0   0   0   1   0  3.32 inf
   76 H   -2 -3  4 -1 -3  0  0  6 -1 -6 -6 -2 -5 -6 -4 -2 -3 -5 -5 -5    1   1  19   3   0   5   6  60   1   0   0   2   0   0   0   1   1   0   0   0  1.14 inf
   77 P   -1 -2 -3  0 -5 -2  1 -4  0 -2 -3 -1 -4 -1  7 -2 -3 -5 -1 -1    4   1   1   6   0   1   9   0   2   2   2   4   0   3  56   1   1   0   2   5  1.21 inf
   78 G   -3 -2  5 -1 -5 -3 -3  6  1 -6 -6 -2 -5 -5 -5 -2 -4 -6 -4 -6    0   2  30   3   0   1   0  58   4   0   0   1   0   0   0   0   0   0   0   0  1.38 inf
   79 Q   -5 -3 -4 -4 -7  9 -1 -6 -2 -7 -6 -2 -4 -7 -5 -4 -4 -6 -5 -6    0   0   0   0   0  98   1   0   1   0   0   0   0   0   0   0   0   0   0   0  2.75 inf
   80 A    7 -5 -5 -5 -4 -4 -4 -2 -5 -5 -5 -4 -4 -5 -4 -2 -3 -6 -1 -3   95   0   0   0   0   0   0   2   0   0   0   0   0   0   0   1   0   0   2   0  1.82 inf
   81 H   -5 -4  2 -4 -6  0 -2 -5 10 -4 -5 -4  4 -4 -6 -4 -4 -6  0 -5    0   0   9   0   0   4   1   0  71   1   0   0  10   0   0   0   1   0   2   0  2.28 inf
   82 G   -3 -6 -4 -5 -6 -5 -6  8 -5 -7 -7 -5 -6 -7 -6 -4 -5 -6 -7 -7    0   0   0   0   0   0   0 100   0   0   0   0   0   0   0   0   0   0   0   0  2.48 inf
   83 L   -4 -5 -6 -7 -2 -5 -6 -7 -6 -1  6 -5  1 -1 -6 -5 -4 -5 -3 -1    0   0   0   0   1   0   0   0   0   1  93   0   2   1   0   0   0   0   0   1  1.65 inf
   84 A    3 -5 -4 -4  8 -4 -4 -4 -5 -5 -5 -4 -4 -5 -4  5 -2 -6 -5 -4   25   0   0   0  33   0   0   0   0   0   0   0   0   0   0  42   0   0   0   0  1.48 inf
   85 F   -6 -7 -7 -7 -6 -7 -7 -7 -5 -4 -3 -7 -4  9 -7 -6 -6 -3  0 -4    0   0   0   0   0   0   0   0   0   0   0   0   0 100   0   0   0   0   0   0  3.01 inf
   86 S   -1 -4 -3 -4 -4 -4 -4 -4 -4 -6 -6 -4 -5 -6 -4  7 -2 -6 -5 -5    2   0   0   0   0   0   0   0   0   0   0   0   0   0   0  98   0   0   0   0  2.07 inf
   87 V   -3 -6 -6 -7 -4 -6 -6 -7 -7  0 -2 -6 -3 -4 -6 -5 -3 -6 -5  8    0   0   0   0   0   0   0   0   0   1   0   0   0   0   0   0   0   0   0  99  2.13 inf
   88 R   -2  3  1 -3 -2  3 -1 -3 -1 -4  0  2 -2 -4  4 -2 -2 -5 -3 -4    2  19   8   0   1  15   1   1   1   0  11  14   1   0  24   1   1   0   0   0  0.62 inf
   89 A   -2  2 -2  1 -4  0  1 -4  0 -4 -5  3 -4 -5  6 -1 -3 -5 -4 -4    3   9   1   9   0   2   9   0   2   1   0  19   0   0  40   3   0   0   0   1  0.93 inf
   90 N   -2 -4  0 -1 -5 -3 -2  6 -2 -5 -6 -3 -4 -6  2 -2 -3 -5 -5 -4    1   0   4   4   0   1   2  73   1   1   0   1   0   0   9   2   1   0   0   1  1.39 inf
   91 V   -2 -5 -4 -5 -2 -3 -4 -5 -4  4 -1 -4 -1 -3 -5 -4  1 -4 -4  6    1   0   0   0   1   1   1   0   0  23   1   0   1   0   0   0  10   0   0  60  1.06 inf
   92 P    1  2 -3 -2 -4  0 -1 -3 -3 -4 -4  4 -3 -5  5 -1 -1 -5 -4 -3   15  12   0   2   0   4   3   0   0   0   0  28   0   0  28   2   3   0   0   1  0.76 inf
   93 P    1 -4 -4 -4 -2 -3 -3 -4  0  4  1 -2  0  1  3 -2  1 -4 -3  2   11   0   0   0   1   1   0   0   2  30  10   1   1   5  15   0  11   0   0  11  0.42 inf
   94 P   -5 -6 -6 -5 -7 -5 -5 -6 -6 -7 -7 -5 -6 -8  9 -5 -5 -8 -7 -6    0   0   0   0   0   0   0   0   0   0   0   0   0   0 100   0   0   0   0   0  3.30 inf
   95 P   -4 -4 -5 -5 -6 -4 -5 -3 -4 -6 -7 -4 -6 -7  9 -2 -5 -7 -7 -6    1   1   0   0   0   0   0   2   0   0   0   1   0   0  93   2   0   0   0   0  2.88 inf
   96 S   -2 -4 -2 -4 -4 -4 -4 -4 -4 -6 -6 -4 -5 -6 -4  7 -2 -6 -5 -5    0   0   1   0   0   0   0   0   0   0   0   0   0   0   0  99   0   0   0   0  2.12 inf
   97 L   -5 -5 -7 -7 -4 -5 -6 -7 -6 -1  7 -6 -1 -3 -6 -6 -4 -5 -4 -2    0   0   0   0   0   0   0   0   0   0 100   0   0   0   0   0   0   0   0   0  1.91 inf
   98 R   -1  4 -1 -3 -3  3 -1 -4 -1  0 -1  3 -1 -3 -4 -2 -2 -4 -3  2    5  23   2   0   0  14   1   0   1   5   6  18   1   0   0   0   0   0   0  22  0.43 inf
   99 N   -5 -4  9 -2 -6 -4 -4 -4 -3 -7 -7 -4 -6 -7 -6 -3 -3 -8 -6 -7    0   0  99   0   0   0   0   0   0   0   0   0   0   0   0   0   1   0   0   0  2.77 inf
  100 V   -4 -6 -6 -6 -4 -5 -6 -7 -6  8 -1 -6  5 -3 -6 -5 -4 -6 -4  0    0   0   0   0   0   0   0   0   0  83   0   0  15   0   0   0   0   0   0   2  1.95 inf
  101 L   -5 -5 -4 -6 -4 -4 -6 -6 -2 -4 -1 -5 -4  6 -6 -5 -5 -1  8 -4    0   0   1   0   0   1   0   0   0   0   6   0   0  31   0   0   0   0  62   0  2.12 inf
  102 A   -2  1 -3 -4 -6  2 -2 -4 -2 -2 -3  7 -3 -6 -4 -2 -2 -6 -5 -5    3   4   0   0   0   7   1   0   1   2   2  77   0   0   0   2   2   0   0   0  1.44 inf
  103 A    0 -3 -4 -2 -4 -1  7 -4 -3 -6 -5 -2 -5 -7 -4 -3 -4 -6 -5 -6    7   0   0   0   0   1  90   1   0   0   0   0   0   0   0   0   0   0   0   0  1.96 inf
  104 V   -3 -5 -6 -6 -4 -5 -5 -6 -5  4  5 -5  2 -2 -5 -5 -3 -4 -4  1    1   0   0   0   0   0   0   0   0  23  67   0   4   0   0   0   0   0   0   5  1.18 inf
  105 K    1  1  1 -1 -3  3  2 -2  4 -3 -3  2 -2 -4 -3  0 -1 -4 -1 -2   13   5   6   1   0  18  14   1  12   1   1  15   1   0   0   6   2   0   2   2  0.38 inf
  106 N    1  1  2  3 -3  1  1 -2 -2 -2 -4  0 -2 -4 -3  2  2 -4 -3 -3   10   6  13  19   0   8   7   0   0   2   0   4   0   0   0  14  13   0   0   0  0.37 inf
  107 C   -4 -4  0  8 -1 -3  1 -4 -4 -6 -6 -3 -6 -6 -4  0 -2 -7 -6 -6    0   0   4  79   1   0   7   0   0   0   0   0   0   0   0   7   2   0   0   0  1.82 inf
  108 Y   -3 -4 -5 -5 -1 -4 -5 -5 -4  4  4 -4  0  1 -5 -4 -3 -3  3  1    0   0   0   0   1   0   0   0   0  24  47   0   1   4   0   0   1   0  13   8  0.80 inf
  109 P   -2 -3 -1  0 -4 -2  0  5 -3 -4 -4 -1 -3 -4  4 -2 -1 -4 -4 -4    2   1   2   4   0   1   7  52   0   1   1   3   0   0  20   2   3   0   0   1  0.91 inf
  110 E    0 -1  1  1  0  0  0  2  1 -1 -1  0 -1 -2 -1  0  0 -1 -1 -1    4   3   7  11   3   4   5  22   4   6   5   7   1   1   2   7   4   1   2   4  0.11 inf
  111 A   -1 -3 -3 -3  5 -3 -3 -3 -2  2  0 -2 -1  5 -1 -2  0 -2  1  0    6   1   1   1  14   1   1   1   1  14   8   2   1  32   3   2   5   0   3   3  0.47 inf
  112 R   -1  1 -1  0 -3  2  1 -3  0 -2 -2  1 -2 -2  4  0  1 -3  1  0    2   7   2   6   0   9   9   1   1   2   2  10   0   1  21   5   8   0   6   7  0.31 inf
  113 M    0  0 -3 -3 -3 -2 -2 -4  0  4 -1 -1  1 -2  3 -2  0 -4 -2  1    7   6   1   0   0   1   2   0   2  39   2   3   3   1  16   2   6   0   1   8  0.43 inf
  114 S   -1 -3 -3 -2 -5 -4 -4 -4 -2 -4 -5 -3 -4 -3  8  0 -3 -6 -5 -2    5   2   1   2   0   0   0   1   1   1   0   1   0   1  74   7   1   0   0   3  1.90 inf
  115 G   -1  0  4  2 -4  1  0 -1  1 -3 -3  2 -2 -4  0  1  1 -4 -3 -2    5   5  23  10   0   7   5   4   3   0   1  13   1   0   5   9   8   0   0   2  0.32 inf
  116 H   -3 -3  3 -1 -2 -3 -3 -2  9 -6 -6 -2 -5 -5 -5  2 -1 -6 -2 -5    0   0  16   2   1   0   0   2  58   0   0   1   0   0   0  14   4   0   0   0  1.68 inf
  117 G   -3 -5 -3 -4 -6 -5 -5  7 -2 -7 -7 -5 -6 -6 -4 -3 -5 -6 -6 -6    0   0   0   0   0   0   0  97   1   0   0   0   0   0   1   0   0   0   0   0  2.29 inf
  118 C   -4 -4  3  4  6 -3 -1 -4  1 -4 -2 -3 -4  1 -4 -1 -2 -3  5 -4    0   0  16  24  16   0   2   0   3   0   3   0   0   6   0   3   1   0  26   0  0.87 inf
  119 L   -5 -5 -7 -7 -4 -5 -6 -7 -6 -1  7 -6 -1 -3 -6 -6 -4 -5 -4 -2    0   0   0   0   0   0   0   0   0   0 100   0   0   0   0   0   0   0   0   0  1.91 inf
  120 E   -1 -1 -1  1 -3  2  2 -3 -3 -1 -1  1  1 -4 -3  1  3 -3 -3  0    3   1   0   7   0  10  18   0   0   4   4   7   4   0   0   8  27   0   0   5  0.32 inf
  121 K    0  2 -1  0 -3  0 -1 -1  2 -4 -4  3 -3 -3  3  2 -1 -2  0 -4    7  13   2   4   0   2   3   5   7   0   0  20   0   1  14  18   2   0   3   0  0.38 inf
  122 W   -7 -7 -8 -9 -7 -6 -7 -7 -7 -7 -5 -7 -6 -3 -8 -7 -7 13 -2 -5    0   0   0   0   0   0   0   0   0   0   0   0   0   0   0   0   0  99   0   1  4.87 inf
  123 A    7 -5 -5 -5 -3 -4 -4 -2 -5 -4 -5 -4 -4 -5 -4 -1 -1 -6 -5 -1   92   0   0   0   0   0   0   1   0   0   0   0   0   0   0   2   2   0   0   3  1.69 inf
  124 R   -2  3  0  2 -5  2  4 -4 -1 -4 -4  4 -3 -5 -3 -1 -1 -5 -4 -3    1  16   2  12   0   7  27   0   1   1   1  25   0   0   0   3   3   0   0   1  0.66 inf
  125 D   -4  1 -3 -3 -7  9  0 -5 -2 -6 -6 -2 -4 -7 -5 -3 -4 -6 -5 -6    0   6   0   1   0  88   4   0   0   0   0   0   0   0   0   0   0   0   0   0  2.29 inf
  126 G   -3 -6 -4 -5 -6 -5 -6  8 -5 -7 -7 -5 -6 -7 -6 -4 -5 -6 -7 -7    0   0   0   0   0   0   0 100   0   0   0   0   0   0   0   0   0   0   0   0  2.48 inf
  127 V   -3 -6 -6 -7 -4 -6 -6 -7 -7  1 -2 -6 -2 -4 -6 -5 -3 -6 -4  7    0   0   0   0   0   0   0   0   0   4   0   0   0   0   0   0   0   0   0  96  2.01 inf
  128 L   -4 -5 -6 -7 -4 -5 -6 -7 -6 -1  6 -5  1  3 -6 -5 -4 -4 -3 -2    0   0   0   0   0   0   0   0   0   0  86   0   3  11   0   0   0   0   0   0  1.56 inf
  129 L   -4 -5 -6 -7 -4 -5 -6 -6 -6 -1  6 -5  5 -2 -3 -4 -4 -1 -4 -2    0   0   0   0   0   0   0   0   0   0  84   0  13   0   1   1   0   1   0   0  1.56 inf
  130 L   -4 -5 -6 -7 -4 -5 -6 -7 -6  0  6 -5  2 -2 -6 -5 -4 -5 -4 -2    0   0   0   0   0   0   0   0   0   3  94   0   4   0   0   0   0   0   0   0  1.73 inf
  131 N   -5 -4  9 -2 -6 -4 -4 -4 -3 -7 -7 -4 -6 -7 -6 -3 -4 -8 -6 -7    0   0 100   0   0   0   0   0   0   0   0   0   0   0   0   0   0   0   0   0  2.82 inf
  132 T    4 -2 -2 -3 -3 -3 -3 -3 -4 -4 -4 -3 -3 -5 -4  2  6 -5 -4 -2   32   1   1   1   0   0   0   0   0   0   0   0   0   0   0  15  48   0   0   1  1.03 inf
  133 T   -1 -4 -3 -5  4 -4 -4 -4 -5  1 -2 -4 -2 -4 -4  1  3 -5 -4  5    2   0   0   0   8   0   0   0   0   6   0   0   0   0   0  10  20   0   0  54  0.89 inf
  134 L   -5 -5 -7 -7 -4 -5 -6 -7 -6 -1  7 -6  0 -2 -6 -6 -4 -1 -4 -2    0   0   0   0   0   0   0   0   0   0  98   0   1   0   0   0   0   1   0   0  1.83 inf
  135 T   -3 -5 -3 -4 -4 -4 -4 -5 -5 -4 -5 -4 -4 -6 -5  0  8 -6 -5 -4    1   0   0   0   0   0   0   0   0   0   0   0   0   0   0   6  94   0   0   0  2.14 inf
  136 V   -3 -6 -6 -7 -4 -6 -6 -7 -7 -1 -2 -6 -3 -4 -6 -5 -3 -6 -5  8    0   0   0   0   0   0   0   0   0   0   0   0   0   0   0   0   0   0   0 100  2.17 inf
  137 K   -3  6 -3 -3 -6  0  4 -4 -3 -5 -5  0 -4 -6 -1 -3 -2 -6 -5 -4    1  52   0   0   0   3  35   0   0   1   0   3   0   0   3   1   1   0   0   1  1.27 inf
  138 R    4  2 -2 -1 -2  2  2 -2 -2 -4 -4  0 -2 -5 -3 -1 -2 -5 -2 -3   49  10   1   3   1  12  15   1   1   0   0   5   1   0   0   2   0   0   1   0  0.64 inf
  139 G   -1 -3  1 -2 -5 -3 -4  5  7 -6 -6 -2 -5 -5 -5  0 -4 -5 -3 -6    4   1   6   2   0   0   0  50  31   0   0   2   0   0   0   5   0   0   0   0  1.33 inf
  140 A   -1  1  1 -1 -3  5  3 -4  0 -4 -3  3  0 -5 -3 -1 -1 -5 -4 -2    4   5   7   1   1  30  18   0   1   0   2  21   2   0   0   3   2   0   0   2  0.62 inf
  141 A    6 -4 -4 -5 -4 -4 -4 -3 -5 -5 -5 -4 -4 -5  4 -1 -1 -6 -5 -3   73   0   0   0   0   0   0   0   0   0   0   0   0   0  22   2   2   0   0   0  1.46 inf
  142 A    1 -3  6 -2 -3 -2 -3  3  4 -5 -4 -2 -2 -2 -4 -1 -2 -5 -1 -4   13   0  41   0   0   0   0  22  12   0   1   1   1   2   0   1   1   0   2   0  0.87 inf
  143 S   -1 -4 -3 -4 -3 -3 -3 -2 -4 -6 -6 -4 -5 -6 -4  7 -2 -6 -5 -5    3   0   0   0   0   0   0   3   0   0   0   0   0   0   0  94   0   0   0   0  1.88 inf
  144 H   -6 -4 -3 -5 -7 -3 -4 -6 11 -7 -6 -5 -6 -5 -6 -5 -6 -6 -2 -7    0   0   0   0   0   0   0   0  99   0   1   0   0   0   0   0   0   0   0   0  3.69 inf
  145 S    3  2 -2 -3 -4  4 -1 -3 -1 -4 -4  3 -3 -4 -3  1 -2 -5 -3 -3   29  12   0   0   0  22   2   0   1   0   0  19   0   1   0  13   0   0   1   1  0.64 inf
  146 R   -2  0  3  1 -5 -1 -2  4  1 -5 -4  3 -3 -5 -3 -1 -2 -5 -3 -5    1   4  17   8   0   1   1  33   3   0   1  25   0   0   0   3   2   0   1   0  0.65 inf
  147 I   -2  2 -2 -3 -1  1 -2 -3  2  2  1  4  1  0 -4 -2 -2  1 -1 -2    1  13   0   0   2   8   0   0   6  15  13  28   4   4   0   2   0   2   1   1  0.34 inf
  148 G   -3 -5 -4 -5 -6 -5 -5  7 -4 -4 -7 -4 -6 -6 -5 -3 -5 -6 -6 -6    0   0   0   0   0   0   0  97   0   1   0   0   0   0   0   0   0   0   0   0  2.30 inf
  149 W   -7 -7 -8 -9 -7 -6 -7 -7 -7 -7 -6 -7 -6 -3 -8 -7 -7 13 -2 -7    0   0   0   0   0   0   0   0   0   0   0   0   0   0   0   0   0 100   0   0  4.95 inf
  150 D   -3 -3 -2  0 -7  2  7 -3 -1 -5 -6 -1 -4 -6 -4 -3 -3 -6 -5 -5    1   0   1   3   0   8  80   2   1   0   0   1   0   0   0   1   1   0   0   0  1.65 inf
  151 R   -1  2 -1 -2 -3  2  1 -3 -1  1 -1  1 -1 -2 -1 -1  3 -4 -2 -1    3  12   2   1   0  13   9   1   1  11   3  10   1   1   3   2  25   0   1   3  0.26 inf
  152 F   -5 -6 -6 -7 -1 -6 -7 -7 -5 -2  1 -6 -3  9 -7 -6 -5 -2  0 -2    0   0   0   0   1   0   0   0   0   2  11   0   0  83   0   0   0   0   0   2  2.21 inf
  153 V   -3 -5 -3 -5 -4 -4 -4 -5 -5 -3 -4 -4 -4 -6 -5 -1  8 -6 -5 -1    0   0   0   0   0   0   0   0   0   1   0   0   0   0   0   3  93   0   0   4  2.08 inf
  154 G   -3 -2  1  7 -6  0 -1 -3 -1 -6 -6 -1 -6 -6 -4 -2 -2 -7 -6 -6    1   2   5  78   0   4   1   1   1   0   0   3   0   0   0   2   2   0   0   0  1.71 inf
  155 G    4  2  0 -2 -2  0  0 -2  1 -3 -4  2 -3 -3 -3  0  0 -4 -3 -2   43  12   5   1   1   3   5   1   4   0   0  12   0   1   0   4   5   0   0   1  0.44 inf
  156 V    2 -5 -5 -5 -2 -4 -5 -5 -5  3 -1 -4 -1 -3 -5 -3 -2 -5 -4  6   21   0   0   0   1   0   0   0   0  19   2   0   1   0   0   0   0   0   0  57  1.05 inf
  157 I   -4 -6 -6 -6 -4 -6 -6 -7 -6  7  1 -6 -1 -3 -6 -5 -4 -6 -4  2    0   0   0   0   0   0   0   0   0  81  10   0   1   0   0   0   0   0   0   8  1.75 inf
  158 R    0  3  0  1 -4  2  2 -3  2 -4 -3  3 -2 -4 -3  0 -1 -4 -3 -3   10  18   2  10   0   9  15   1   5   0   1  20   1   0   0   8   2   0   0   0  0.43 inf
  159 R    2  0 -2 -3 -1  0  0 -2  0  1  1  1 -1 -2 -3 -1  0  2 -1  1   24   6   1   0   1   3   5   0   2   7  13  11   1   0   0   2   7   4   1  12  0.14 inf
  160 L   -4 -5 -6 -6 -3 -5 -5 -6 -5  4  5 -5  0 -2 -5 -5 -3 -4 -4  3    0   0   0   0   0   0   0   0   0  20  60   0   0   0   0   0   0   0   0  20  1.11 inf
  161 A    1 -3  6 -1  1 -3 -2 -2 -2 -2 -4 -2 -4 -3 -4  3 -2 -6 -4 -3   13   0  46   1   3   0   0   1   0   2   1   0   0   1   0  28   1   0   0   1  0.95 inf
  162 A    1  1  1  2 -4  3  4 -3 -1 -4 -2  2 -2 -4 -3  0  0 -5 -4 -3   11   8   5  12   0  14  29   1   1   0   3  10   1   0   0   3   4   0   0   0  0.46 inf
  163 R   -2  4  1  0 -4  3  2 -2  3 -3 -3  2 -3 -4 -3 -1 -1 -4  0 -4    1  25   8   3   0  16  12   2   9   1   2  13   0   0   0   2   2   0   3   0  0.52 inf
  164 R   -2  4  0  1  2  0  2 -2  0 -4 -2  2 -2 -4  0  0  0 -4 -3 -3    1  27   3   9   6   3  12   3   2   0   3  15   0   0   5   6   5   0   1   0  0.37 inf
  165 P   -2  2  0  1 -3  2  4 -3  0 -4 -4  2 -3 -4  0  0  0 -5 -4 -3    0  11   5   8   0  10  35   1   1   0   0  13   0   0   3   6   5   0   0   1  0.56 inf
  166 G   -3 -2  3 -2 -5 -2 -3  4  4 -6 -6 -2 -5 -5  5 -1 -3 -5 -4 -5    1   1  16   1   0   1   0  32  11   0   0   1   0   0  33   3   0   0   0   0  1.10 inf
  167 L   -2 -5 -5 -5 -2 -4 -5 -5 -5  4  3 -4  1 -2 -5 -4 -2 -5 -3  4    2   0   0   0   0   0   0   0   0  23  31   0   3   0   0   0   2   0   0  39  0.88 inf
  168 V   -2 -6 -6 -6 -4 -5 -6 -6 -6  3 -2 -5 -2 -4 -5 -5 -3 -6 -4  7    2   0   0   0   0   0   0   0   0  13   0   0   0   0   0   0   0   0   0  85  1.73 inf
  169 F   -6 -6 -7 -7 -6 -7 -7 -7 -5 -3 -3 -7 -3  9 -7 -6 -6 -2  2 -4    0   0   0   0   0   0   0   0   0   1   0   0   0  96   0   0   0   0   3   0  2.85 inf
  170 M   -4 -5 -5 -6 -4 -4 -5 -6 -5  4  4 -5  6 -2 -5 -5 -3 -4 -4  2    0   0   0   0   0   0   0   0   0  26  37   0  26   0   0   0   0   0   0   9  1.12 inf
  171 L   -1 -5 -6 -7 -2 -5 -6 -6 -6 -1  6 -5 -1 -1 -6 -5 -4 -5 -4 -2    5   0   0   0   1   0   0   0   0   0  92   0   0   1   0   0   0   0   0   0  1.60 inf
  172 W   -7 -7 -8 -9 -7 -6 -7 -7 -7 -7 -6 -7 -6 -3 -8 -7 -7 13 -2 -7    0   0   0   0   0   0   0   0   0   0   0   0   0   0   0   0   0 100   0   0  4.92 inf
  173 G   -3 -6 -4 -5 -6 -5 -6  8 -5 -7 -7 -5 -6 -7 -6 -4 -5 -6 -7 -7    0   0   0   0   0   0   0 100   0   0   0   0   0   0   0   0   0   0   0   0  2.48 inf
  174 T    2  1  3 -2 -3 -2 -2  1 -3 -4 -3  1 -2 -4 -3  3  0 -5 -4 -2   23   8  16   0   0   0   0   8   0   0   1  10   1   0   0  27   3   0   0   2  0.45 inf
  175 H   -2 -3  1 -3 -5 -1 -3 -4  6 -4 -4 -2 -4  3  3 -1 -4 -1  6 -4    4   0   8   1   0   2   0   0  24   0   0   1   0  13  15   4   0   1  26   0  1.00 inf
  176 A    7 -5 -5 -5 -4 -4 -4 -3 -5 -5 -5 -3 -4 -6 -4 -2 -3 -6 -5 -3   99   0   0   0   0   0   0   0   0   0   0   0   0   0   0   1   0   0   0   0  1.98 inf
  177 Q   -2  2 -3 -3 -6  7 -1 -2  0 -1 -5  3 -3 -6 -4 -3 -3 -5 -4 -4    3  11   0   0   0  58   1   3   2   5   0  17   0   0   0   0   0   0   0   0  1.25 inf
  178 N   -2  1  0 -2 -6  0  0 -4 -3 -6 -5  7 -4 -6 -4  0 -3 -6 -5 -5    2   5   5   2   0   3   4   0   0   0   0  73   0   0   0   5   0   0   0   0  1.36 inf
  179 A    1  2 -3 -4 -3 -1 -2 -2 -3 -3 -4  7 -3 -4 -4 -2 -2 -6 -4 -4   12   7   0   0   0   2   0   2   0   1   1  70   0   1   0   2   1   0   0   0  1.23 inf
  180 I    3 -2 -2 -2  1 -1  0  3 -3  1 -1  0 -1 -2 -2  0 -1 -2 -2  0   28   1   1   1   3   1   7  21   0  10   5   7   1   1   1   6   2   0   1   5  0.21 inf
  181 R   -1  2 -2 -3 -3  0 -2 -3 -3  0  3  2  2  1 -2 -1 -2 -2 -1 -1    4  11   1   1   0   5   1   1   0   4  32  17   6   8   1   5   1   0   1   1  0.25 inf
  182 P   -3 -4 -3 -5 -4 -4 -5 -4 -5  7  1 -5 -1 -2 -1 -4 -3 -3 -4  2    1   1   1   0   0   0   0   2   0  69  10   0   0   1   4   0   0   0   0  10  1.19 inf
  183 D   -3 -3  3  7 -5 -3 -1 -3 -1 -2 -3 -2 -5 -5 -3 -1  2 -6 -5 -4    1   0  15  59   0   0   2   0   1   2   2   1   0   0   1   2  12   0   0   1  1.18 inf
  184 P    1  3  3 -2 -2  1  0 -1  0 -3 -3  0 -3 -4  2  1  2 -4 -3 -3   10  17  15   0   1   7   4   5   2   0   0   5   0   0  10   7  17   0   0   1  0.34 inf
  185 R   -1  1  2  1 -4  2  0 -2  0 -4 -4  2 -3 -4  2  2  1 -4 -3 -3    4   5  10   7   0  10   5   1   3   0   0  18   0   0  12  16   9   0   0   1  0.37 inf
  186 V   -3  5  1 -3 -5  1 -1 -3  2 -4 -5  5 -3 -5 -3 -2 -2 -4 -4 -3    1  30   5   0   0   5   1   1   5   1   0  45   0   0   1   1   2   0   0   1  0.99 inf
  187 H   -5 -3  0 -5 -7 -3 -4 -6 11 -5 -7 -4 -5 -4 -6 -5 -5 -6 -2 -7    0   0   5   0   0   0   0   0  93   1   0   0   0   1   0   0   0   0   0   0  3.29 inf
  188 C   -2 -2 -4 -4  5 -2 -4 -5  4  0  4 -2  0  1 -4 -3 -2 -2  2  0    3   2   0   0  13   1   0   0  13   2  42   2   1   6   0   0   2   0   7   4  0.59 inf
  189 V   -3 -5 -6 -6 -1 -5 -6 -6 -6  6 -1 -5  0 -3 -5 -5 -3 -5 -3  6    0   0   0   0   1   0   0   0   0  42   2   0   1   0   0   0   0   0   1  53  1.39 inf
  190 L   -4 -5 -6 -6 -4 -5 -6 -6 -6  3  6 -5  0  0 -6 -5 -4 -4 -4  0    0   0   0   0   0   0   0   0   0  16  78   0   0   2   0   0   0   0   0   3  1.36 inf
  191 K   -2  0 -2 -2 -2  1  3 -4 -2 -3 -4  4 -1 -5 -3  0  3 -5 -3 -3    2   3   1   0   1   6  23   0   1   1   1  33   1   0   0   4  24   0   0   0  0.66 inf
  192 F    4 -4 -2 -3  1 -3 -3  0 -3 -4 -4 -3 -4 -3 -3  4  1 -5  0 -3   37   0   0   0   3   0   0   7   0   0   0   0   0   1   0  40   7   0   3   0  0.81 inf
  193 S    3 -4 -4 -4 -4 -3 -3  0 -4 -3 -4 -3 -3 -5  5  0 -1 -5 -4  3   27   0   0   0   0   0   0   6   0   0   0   0   0   0  35   8   2   0   0  21  0.90 inf
  194 H   -6 -4 -3 -5 -7 -3 -4 -6 11 -7 -7 -5 -6 -5 -6 -5 -6 -6 -2 -7    0   0   0   0   0   0   0   0 100   0   0   0   0   0   0   0   0   0   0   0  3.74 inf
  195 P   -5 -6 -6 -5 -7 -5 -5 -6 -6 -7 -7 -5 -6 -8  9 -5 -5 -8 -7 -6    0   0   0   0   0   0   0   0   0   0   0   0   0   0 100   0   0   0   0   0  3.30 inf
  196 S   -2 -4 -3 -4 -4 -4 -4 -4 -4 -6 -6 -4 -5 -6 -4  7 -2 -6 -5 -5    0   0   0   0   0   0   0   0   0   0   0   0   0   0   0 100   0   0   0   0  2.15 inf
  197 P   -4 -5 -6 -5 -7 -4 -5 -3 -6 -7 -7 -5 -6 -8  9 -4 -5 -8 -7 -6    0   0   0   0   0   0   0   2   0   0   0   0   0   0  97   0   0   0   0   0  3.14 inf
  198 L   -4 -1 -6 -6 -4 -5 -6 -7 -5 -1  6 -5  0  2 -6 -5 -4 -4 -1 -2    0   3   0   0   0   0   0   0   0   1  87   0   1   7   0   0   0   0   2   0  1.46 inf
  199 S    1 -4 -2 -4 -4 -3 -3 -2 -4 -5 -6 -3 -5 -6 -4  7 -2 -6 -5 -5    8   0   0   0   0   0   0   1   0   0   0   0   0   0   0  89   0   0   0   0  1.75 inf
  200 K    6  0 -3 -5 -3 -3 -3 -2 -1 -3 -4 -2 -4 -5 -4 -1 -3 -6 -5 -1   84   6   1   0   0   0   0   1   1   1   0   2   0   0   0   2   0   0   0   3  1.37 inf
  201 V   -3  5  1 -4 -5 -2 -3 -1 -1 -4 -4  1 -4 -2 -5 -2 -2 -3  6 -2    1  41   8   0   0   1   0   6   1   0   0   6   0   0   0   3   2   0  27   3  0.90 inf
  202 P   -2 -1 -2 -4 -5 -4 -4  7 -2 -6 -5 -1 -4 -5  0 -3 -4 -5 -5 -6    1   3   2   0   0   0   1  82   1   0   1   4   0   0   4   0   0   0   0   0  1.66 inf
  203 F   -6 -6 -7 -7 -6 -7 -7 -7 -5 -4 -3 -7 -4  9 -7 -6 -6  5  0 -4    0   0   0   0   0   0   0   0   0   0   0   0   0  92   0   0   0   7   1   0  2.78 inf
  204 G   -5 -2 -6 -4 -5 -5 -5 -4 -4 -2  1 -5  0  8 -6 -3 -5  1  0 -2    0   2   0   1   0   0   0   1   0   1  15   0   2  72   0   1   0   1   1   2  1.68 inf
  205 T   -3 -5 -1 -1 -6 -4 -2  7 -4 -6 -6 -4 -6 -6 -5 -3 -2 -6 -6 -5    0   0   2   3   0   0   3  87   0   0   0   0   0   0   0   1   2   0   0   1  1.85 inf
  206 C   -3 -5  2 -4 10 -2 -5 -4 -4 -5 -5 -4 -5 -6 -5  3 -1 -6 -5 -4    0   0  11   0  55   2   0   0   0   0   0   0   0   0   0  28   3   0   0   0  1.94 inf
  207 Q   -3  4  1 -1 -4  1 -2  1  2 -5 -5  5 -4 -4 -2 -2 -2 -5 -4 -5    1  26   6   2   0   5   0  13   6   0   0  37   0   0   1   1   1   0   0   0  0.77 inf
  208 H   -5 -4 -3 -5  1 -1 -4 -6 10 -6 -6 -4 -5 -5  5 -4 -5 -6 -3 -3    0   0   0   0   3   2   0   0  68   0   0   0   0   0  25   0   0   0   0   2  2.50 inf
  209 F   -6 -7 -7 -7 -6 -7 -7 -7 -5 -4 -3 -7 -4  9 -8 -6 -6 -3  1 -5    0   0   0   0   0   0   0   0   0   0   0   0   0  98   0   0   0   0   2   0  2.98 inf
  210 L   -1 -1 -2 -3 -2 -2 -3 -3 -4 -3 -2  1 -4 -5 -4  6  0 -6 -5 -3    3   4   1   0   1   0   0   1   0   1   4   8   0   0   0  73   3   0   0   2  1.13 inf
  211 V   -2  3 -3 -3 -5  3  0 -4 -3 -4 -2  6 -1 -5 -4 -2 -2 -5 -4 -4    2  16   0   0   0  16   3   0   0   0   5  52   1   0   0   1   2   0   0   1  1.02 inf
  212 A    4 -4 -4 -4  5 -4 -4 -3 -4  1 -3 -4 -3 -4 -4 -1  4 -5 -4  0   41   0   0   0  11   0   0   0   0  10   0   0   0   0   0   2  31   0   0   5  0.87 inf
  213 N   -5 -4  9 -1 -7 -4 -4 -4 -3 -7 -5 -4 -6 -7 -6 -3 -4 -8 -6 -7    0   0  98   1   0   0   0   0   0   0   1   0   0   0   0   0   0   0   0   0  2.76 inf
  214 R    2  0  0  2 -4  3  4 -3 -1 -3 -4  0 -3 -4 -3 -1 -1 -5 -2 -3   22   4   3  13   0  12  30   1   1   1   0   5   0   0   0   2   4   0   1   0  0.52 inf
  215 Y    0 -4 -5 -6 -5 -3 -4 -5 -2  1  1 -4 -2  5 -5 -4 -4  6  7 -3    9   0   0   0   0   1   1   0   0   8  11   0   0  22   0   0   0  10  37   0  1.15 inf
  216 L   -5 -5 -7 -7 -4 -5 -6 -7 -6 -1  7 -6 -1 -2 -6 -6 -4 -5 -4 -1    0   0   0   0   0   0   0   0   0   1  96   0   0   1   0   0   0   0   0   2  1.82 inf
  217 E    0  1 -1 -2 -3  2  3 -3 -2  0 -1  3  0 -3 -3 -1  0 -4 -3  0    9   8   1   0   0  10  21   0   0   7   4  20   2   0   0   3   6   0   0   6  0.28 inf
  218 T    1  0  0  0 -4  3  3 -2 -2 -4 -4  3 -3 -4 -3  2 -1 -5 -3 -3   15   4   3   4   0  18  18   2   0   0   0  17   0   0   0  15   2   0   0   0  0.46 inf
  219 R   -1  3  2 -2 -1  3 -1 -3  5 -2 -1  1  1 -2 -4 -1 -1  0 -1 -2    3  15  11   1   1  15   1   0  18   2   6  10   5   1   0   3   4   1   2   2  0.38 inf
  220 S   -2 -4  2 -2 -6 -3 -4  7 -1 -7 -6 -2 -5 -5 -5 -2 -4 -5 -2 -6    1   1   9   2   0   1   1  79   1   0   0   3   0   0   0   1   0   0   2   0  1.64 inf
  221 I   -2  2 -2 -1 -4  2  2 -2  0  1  0  3  0 -3 -3 -2 -2 -4 -2 -1    2  11   0   2   0  10  13   3   2  11  12  26   3   0   0   1   1   0   0   3  0.29 inf
  222 S    0 -1 -1  0 -3  2  3  0 -2 -3 -3  2 -1 -4  1  1  2 -4 -3 -2    9   2   1   3   0   8  23   6   0   1   0  12   1   0   6  11  15   0   0   2  0.32 inf
  223 P    0 -5 -4 -4 -5 -2  2 -2 -3 -2 -4 -3  0 -6  7 -3 -2 -6 -5 -3    6   0   0   0   0   1  13   3   1   3   1   1   3   0  64   1   2   0   0   2  1.60 inf
  224 I   -4 -6 -7 -7 -4 -6 -7 -7 -7  8 -2 -6 -1 -3 -5 -6 -4 -6 -5  2    0   0   0   0   0   0   0   0   0  90   0   0   0   0   0   0   0   0   0  10  2.09 inf
  225 D   -4 -3  4  7 -4 -1  1 -4 -2 -4 -6 -1 -5 -6 -4 -2 -3 -7 -6 -4    0   1  19  65   0   2   6   0   1   1   0   2   0   0   0   1   0   0   0   1  1.53 inf
  226 W   -7 -7 -8 -9 -7 -7 -7 -7 -7 -7 -6 -8 -6 -1 -8 -7 -7 13 -2 -7    0   0   0   0   0   0   0   0   0   0   0   0   0   1   0   0   0  99   0   0  4.89 inf
  227 S   -1  2  0 -1  0  6  0 -3 -1 -5 -4  0 -2 -5 -4  2  1 -5 -4 -4    3  10   3   3   2  45   3   0   1   0   1   4   0   0   0  18   7   0   0   0  0.79 inf
  228 V   -3 -5 -6 -6 -3 -5 -5 -6 -5  5  4 -5  0 -2 -5 -5 -3 -4 -3  2    0   0   0   0   0   0   0   0   0  35  52   0   0   0   0   0   0   0   0  14  1.09 inf

                      K         Lambda
Standard Ungapped    0.1388     0.3244
Standard Gapped      0.0620     0.2670
PSI Ungapped         0.2031     0.3148
PSI Gapped           0.0620     0.2670
