
Last position-specific scoring matrix computed, weighted observed percentages rounded down, information per position, and relative weight of gapless real matches to pseudocounts
           A  R  N  D  C  Q  E  G  H  I  L  K  M  F  P  S  T  W  Y  V   A   R   N   D   C   Q   E   G   H   I   L   K   M   F   P   S   T   W   Y   V
    1 P   -2 -3 -3 -2 -4 -2 -2 -3 -3 -4 -4 -2 -4 -5  8 -2 -2 -5 -4 -3    0   0   0   0   0   0   0   0   0   0   0   0   0   0 100   0   0   0   0   0  2.41 inf
    2 T   -1 -2 -1 -2 -2 -2 -2 -2 -3 -2 -2 -2 -2 -3 -2  1  6 -3 -3 -1    0   0   0   0   0   0   0   0   0   0   0   0   0   0   0   1  99   0   0   0  0.94 inf
    3 A    5 -2 -2 -3 -1 -2 -2 -1 -2 -2 -2 -2 -2 -3 -2  0 -1 -3 -3 -1  100   0   0   0   0   0   0   0   0   0   0   0   0   0   0   0   0   0   0   0  0.77 inf
    4 A    5 -2 -2 -3 -1 -2 -2 -1 -2 -2 -2 -1 -2 -3 -2  1 -1 -3 -3 -1   98   0   0   0   0   0   0   0   0   0   0   0   0   0   0   0   0   0   0   0  0.74 inf
    5 A    5 -2 -2 -3 -1 -2 -2 -1 -2 -2 -2 -1 -2 -3 -2  1 -1 -3 -3 -1   98   0   0   0   0   0   0   0   0   0   0   0   0   0   0   0   0   0   0   0  0.74 inf
    6 I   -2 -4 -4 -4 -2 -3 -4 -5 -4  6  2 -3  1  0 -4 -3 -1 -3 -2  2    0   0   0   0   0   0   0   0   0  86  12   0   0   1   0   0   0   0   0   0  0.70 inf
    7 A    5 -2 -2 -3 -1 -2 -2 -1 -2 -2 -2 -2 -2 -3 -2  0 -1 -3 -3 -1   99   0   0   0   0   0   0   0   0   0   0   0   0   0   0   0   0   0   0   0  0.77 inf
    8 Y   -3 -3 -3 -4 -3 -2 -3 -4  1 -2 -2 -3 -2  2 -4 -3 -2  1  8 -2    0   0   0   0   0   0   0   0   0   0   0   0   0   0   0   0   1   0  98   0  1.55 inf
    9 G   -1 -3 -1 -2 -3 -3 -3  7 -3 -5 -5 -2 -4 -4 -3 -1 -2 -3 -4 -4    0   0   0   1   0   0   0  99   0   0   0   0   0   0   0   0   0   0   0   0  1.40 inf
   10 L   -2 -3 -4 -4 -2 -3 -4 -5 -4  1  5 -3  1  0 -4 -3 -2 -2 -1  0    0   0   0   0   0   0   0   0   0   0  98   0   0   0   0   0   0   0   0   1  0.78 inf
   11 D   -3 -2  1  7 -4 -1  1 -2 -2 -4 -5 -2 -4 -4 -2 -1 -2 -5 -4 -4    0   0   1  95   0   0   2   0   0   0   0   0   0   1   0   0   0   0   0   0  1.33 inf
   12 K   -2  2 -1 -2 -4  1  0 -2 -1 -4 -3  6 -2 -4 -2 -1 -1 -4 -3 -3    0   5   1   0   0   2   0   0   0   0   0  92   0   0   0   0   0   0   0   0  0.90 inf
   13 K   -1  1  2 -1 -4  1  0 -1 -1 -3 -3  5 -2 -4 -2 -1 -1 -4 -3 -3    1   2  11   0   0   0   1   4   0   0   0  76   1   0   0   1   2   0   0   0  0.63 inf
   14 V    1 -1  0 -1 -2 -1 -1  2 -1  0  0 -1 -1 -2 -2  0  0 -3 -2  1   10   1   3   1   0   1   1  25   1   2  10   3   0   0   0   8   7   0   1  25  0.12 inf
   15 G    1  1  0 -1 -2  1  1  3 -1 -2 -3  2 -2 -3 -2  1  0 -3 -2 -2    9   6   1   1   0   4   8  33   1   0   0  17   0   0   0  11   6   0   0   3  0.29 inf
   16 A    1 -1  0 -1 -3 -1 -2  5 -2 -3 -3 -1 -3 -3 -2  0 -1 -3 -3 -2   11   2   2   1   0   2   1  66   0   1   0   3   0   0   0   6   3   0   0   2  0.70 inf
   17 E   -2 -1 -1  1 -5  1  6 -3 -1 -4 -4  0 -3 -4 -2 -1 -2 -4 -3 -3    0   0   0   0   0   0  99   0   0   1   0   0   0   0   0   0   0   0   0   0  1.11 inf
   18 R   -2  5  0 -2 -3  2  0 -3  1 -3 -2  4 -1 -3 -2 -1 -1 -3 -2 -3    0  50   1   0   0   6   1   0   4   1   1  32   1   0   0   2   1   0   0   0  0.61 inf
   19 N   -2 -1  7  1 -4 -1 -1 -1  2 -4 -4 -1 -3 -4 -3  0 -1 -5 -3 -4    0   0  94   0   0   0   0   0   5   0   0   1   0   0   0   1   0   0   0   0  1.15 inf
   20 V   -1 -3 -4 -4 -2 -3 -3 -4 -4  3  0 -3  0 -1 -3 -2 -1 -4 -2  5    0   0   0   0   0   0   0   0   0  10   0   0   0   0   0   0   0   0   0  90  0.67 inf
   21 L   -2 -3 -4 -4 -1 -3 -4 -4 -4  1  5 -3  2  0 -4 -3 -2 -2 -2  0    0   0   0   0   1   0   0   0   0   1  98   0   0   0   0   0   0   0   0   0  0.74 inf
   22 I   -2 -4 -4 -4 -2 -4 -4 -5 -4  6  1 -4  1 -1 -4 -3 -1 -3 -2  2    0   0   0   0   0   0   0   0   0  99   0   0   0   0   0   0   0   0   0   1  0.82 inf
   23 F   -3 -4 -4 -5 -3 -4 -4 -4 -2 -1  0 -4 -1  8 -5 -3 -3  0  3 -2    0   0   0   0   0   0   0   0   0   0   0   0   0  97   0   0   0   0   3   0  1.31 inf
   24 D   -3 -3  1  7 -5 -1  1 -2 -2 -4 -5 -2 -4 -5 -2 -1 -2 -5 -4 -4    0   0   0 100   0   0   0   0   0   0   0   0   0   0   0   0   0   0   0   0  1.39 inf
   25 L   -2 -3 -4 -5 -2 -3 -4 -5 -4  1  5 -3  2  0 -4 -3 -2 -2 -2  0    0   0   0   0   0   0   0   0   0   0 100   0   0   0   0   0   0   0   0   0  0.77 inf
   26 G   -1 -3 -1 -2 -3 -2 -2  6 -3 -4 -4 -2 -3 -4 -3 -1 -2 -3 -4 -3    0   0   0   0   0   0   3  96   0   0   0   0   0   0   0   0   0   0   0   1  1.29 inf
   27 G   -1 -3 -1 -2 -3 -3 -3  7 -3 -5 -5 -2 -4 -4 -3 -1 -2 -3 -4 -4    0   0   0   0   0   0   0 100   0   0   0   0   0   0   0   0   0   0   0   0  1.40 inf
   28 G   -1 -3 -1 -2 -3 -3 -3  7 -3 -5 -5 -2 -4 -4 -3 -1 -2 -3 -4 -4    0   0   0   0   0   0   0 100   0   0   0   0   0   0   0   0   0   0   0   0  1.40 inf
   29 T   -1 -1 -1 -2 -2 -1 -2 -2 -3 -2 -2 -1 -1 -3 -2  1  6 -3 -3 -1    0   1   0   0   0   0   0   0   0   0   0   0   0   0   0   0  99   0   0   0  0.91 inf
   30 F   -3 -4 -4 -5 -3 -4 -4 -4 -2 -1  0 -4 -1  8 -5 -3 -3  0  2 -2    0   0   0   0   0   0   0   0   0   0   0   0   0 100   0   0   0   0   0   0  1.35 inf
   31 D   -3 -2  1  7 -4 -1  1 -2 -1 -4 -5 -2 -4 -4 -2 -1 -2 -5 -4 -4    0   0   0  99   0   0   0   0   1   0   0   0   0   0   0   0   0   0   0   0  1.37 inf
   32 V   -1 -3 -4 -4 -2 -3 -3 -4 -4  2  0 -3  0 -2 -3 -2 -1 -4 -2  6    0   0   0   0   0   0   0   0   0   0   0   0   0   0   0   0   0   0   0 100  0.74 inf
   33 S    0 -2  0 -1 -2 -1 -1 -1 -2 -3 -3 -1 -2 -3 -1  5  1 -4 -3 -2    0   0   0   0   0   0   0   0   0   0   0   0   0   0   1  97   1   0   0   0  0.79 inf
   34 I   -2 -3 -4 -4 -2 -3 -4 -4 -4  4  3 -3  1  0 -3 -3 -1 -3 -2  3    0   0   0   0   0   0   0   0   0  49  35   0   0   0   0   0   0   0   0  16  0.49 inf
   35 L   -2 -3 -4 -4 -2 -3 -4 -5 -4  1  5 -3  2  0 -3 -3 -2 -2 -2  0    0   0   0   0   0   0   0   0   0   0  99   0   0   0   1   0   0   0   0   0  0.75 inf
   36 T    1 -2  0 -2 -2 -1 -1 -2 -2 -2 -2 -1 -1 -3 -2  2  5 -3 -2 -1    7   0   0   0   0   0   0   0   0   0   0   0   0   0   0  16  76   0   0   0  0.64 inf
   37 I   -2 -4 -4 -4 -2 -4 -4 -5 -4  6  1 -4  1 -1 -4 -3 -1 -3 -2  2    0   0   0   0   0   0   0   0   0  99   0   0   1   0   0   0   0   0   0   0  0.82 inf
   38 E   -2 -1  0  4 -4  1  5 -2 -1 -4 -4  0 -3 -4 -2 -1 -2 -4 -3 -3    1   0   1  36   0   0  62   0   0   0   0   0   0   0   0   0   0   0   0   0  0.87 inf
   39 D   -2 -2  0  6 -4  0  4 -2 -1 -4 -4 -1 -3 -4 -2 -1 -2 -4 -3 -4    0   0   1  60   0   0  36   2   0   0   0   0   0   0   0   0   0   0   0   0  0.91 inf
   40 G   -1 -3 -1 -2 -3 -3 -3  7 -3 -5 -5 -2 -4 -4 -3 -1 -2 -3 -4 -4    0   0   0   0   0   0   0 100   0   0   0   0   0   0   0   0   0   0   0   0  1.40 inf
   41 I   -2 -4 -4 -4 -2 -3 -4 -4 -4  5  2 -3  1 -1 -3 -3 -1 -3 -2  3    0   0   0   0   0   0   0   0   0  77   9   0   2   0   0   0   0   0   0  12  0.61 inf
   42 F   -3 -4 -4 -5 -3 -4 -4 -4 -2 -1  0 -4 -1  8 -5 -3 -3  0  2 -2    0   0   0   0   0   0   0   0   0   0   0   0   0 100   0   0   0   0   0   0  1.35 inf
   43 E   -2 -1 -1  1 -5  1  6 -3 -1 -4 -4  0 -3 -4 -2 -1 -2 -4 -3 -3    0   0   0   1   0   0  98   1   0   0   0   1   0   0   0   0   0   0   0   0  1.10 inf
   44 V   -1 -3 -4 -4 -2 -3 -3 -4 -4  2  1 -3  0 -2 -3 -2 -1 -4 -2  5    0   0   0   0   0   0   0   0   0   0   3   0   0   0   0   0   0   0   0  97  0.70 inf
   45 K   -2  3 -1 -2 -4  1  0 -2 -1 -3 -3  6 -2 -4 -2 -1 -1 -4 -3 -3    0   9   0   0   0   1   0   0   0   0   1  87   0   0   0   0   0   0   0   1  0.80 inf
   46 S    4 -2 -1 -1 -1 -1 -1  0 -2 -2 -2 -1 -2 -3 -1  4  0 -3 -2 -1   46   0   0   0   0   0   0   1   0   0   1   0   0   0   0  52   0   0   0   0  0.51 inf
   47 T   -1 -2 -1 -2 -2 -2 -2 -2 -3 -2 -2 -1 -2 -3 -1  1  6 -3 -3 -1    0   0   0   0   0   0   0   0   0   0   0   0   0   0   1   0  99   0   0   0  0.91 inf
   48 A    5 -2 -1 -2 -1 -1 -1 -1  0 -2 -2 -1 -2 -3 -2  1 -1 -3 -2 -1   86   1   2   0   0   0   0   0   2   0   0   0   0   0   0   8   0   0   0   0  0.58 inf
   49 G   -1 -2 -1 -2 -3 -3 -3  7 -3 -5 -5 -2 -4 -4 -3 -1 -2 -3 -4 -4    0   1   0   0   0   0   0  99   0   0   0   0   0   0   0   0   0   0   0   0  1.37 inf
   50 D   -3 -2  1  7 -4 -1  1 -2 -2 -4 -5 -1 -4 -4 -2 -1 -2 -5 -4 -4    0   0   2  98   0   0   0   0   0   0   0   0   0   0   0   0   0   0   0   0  1.35 inf
   51 T   -1 -2 -1 -2 -2 -2 -2 -2 -3 -2 -2 -2 -2 -3 -2  1  6 -3 -3 -1    0   0   0   0   0   0   0   0   0   0   0   0   0   0   0   0 100   0   0   0  0.93 inf
   52 H   -3 -1  0 -2 -4  0 -1 -3 10 -4 -4 -2 -3 -2 -3 -2 -3 -3  1 -4    0   0   0   0   0   0   0   0 100   0   0   0   0   0   0   0   0   0   0   0  1.73 inf
   53 L   -2 -3 -4 -5 -2 -3 -4 -5 -4  1  5 -3  2  0 -4 -3 -2 -2 -2  0    0   0   0   0   0   0   0   0   0   0 100   0   0   0   0   0   0   0   0   0  0.77 inf
   54 G   -1 -3 -1 -2 -3 -3 -3  7 -3 -5 -5 -2 -4 -4 -3 -1 -2 -3 -4 -4    0   0   0   0   0   0   0 100   0   0   0   0   0   0   0   0   0   0   0   0  1.40 inf
   55 G    0 -3 -1 -2 -3 -3 -2  7 -3 -5 -5 -2 -4 -4 -3 -1 -2 -3 -4 -4    1   0   0   0   0   0   1  98   0   0   0   0   0   0   0   0   0   0   0   0  1.36 inf
   56 E   -2 -1 -1  1 -5  1  6 -3 -1 -4 -4  0 -3 -4 -2 -1 -2 -4 -3 -3    0   0   0   1   0   0  99   0   0   0   0   0   0   0   0   0   0   0   0   0  1.13 inf
   57 D   -3 -3  1  7 -5 -1  1 -2 -2 -4 -5 -2 -4 -5 -2 -1 -2 -5 -4 -4    0   0   0 100   0   0   0   0   0   0   0   0   0   0   0   0   0   0   0   0  1.39 inf
   58 F   -3 -4 -4 -5 -3 -4 -4 -4 -2 -1  0 -4 -1  8 -5 -3 -3  0  2 -2    0   0   0   0   0   0   0   0   0   0   1   0   0  99   0   0   0   0   0   0  1.33 inf
   59 D   -3 -2  1  7 -4 -1  1 -2 -2 -4 -5 -2 -4 -4 -2 -1 -2 -5 -3 -4    0   0   0  99   0   0   0   0   0   0   0   0   0   0   0   0   0   0   1   0  1.37 inf
   60 N   -2 -1  7  1 -4  0 -1 -1  0 -4 -4 -1 -3 -4 -3  1 -1 -5 -3 -4    0   0  92   0   0   1   2   0   0   0   0   0   0   0   0   4   0   0   0   0  1.10 inf
   61 R   -2  7 -1 -2 -4  0 -1 -3 -1 -4 -3  2 -2 -4 -3 -2 -2 -4 -3 -3    0  97   2   0   0   0   0   0   0   0   0   1   0   0   0   0   0   0   0   0  1.19 inf
   62 M   -2 -2 -3 -4 -2 -2 -3 -4 -3  1  4 -3  6  0 -3 -3 -2 -2 -2  0    0   0   0   0   0   0   0   0   0   1  46   0  53   0   1   0   0   0   0   0  0.66 inf
   63 V   -1 -3 -4 -4 -2 -3 -3 -4 -4  2  0 -3  0 -2 -3 -2 -1 -4 -2  6    0   0   0   0   0   0   0   0   0   0   1   0   1   0   0   0   0   0   0  99  0.73 inf
   64 N   -1 -1  6  2 -3  0  0 -1  0 -4 -4 -1 -3 -4 -2  1  1 -4 -3 -3    4   0  68   8   0   1   2   1   0   0   0   1   0   0   0   9   6   0   0   0  0.70 inf
   65 H   -3 -1  0 -2 -4 -1 -1 -3  9 -4 -4 -2 -2  0 -3 -2 -3 -3  2 -4    0   0   0   0   0   0   0   0  93   0   0   0   0   4   0   0   0   0   3   0  1.52 inf
   66 F   -3 -4 -4 -4 -1 -4 -4 -4 -2 -1  0 -4 -1  7 -4 -2 -3  1  2 -2    0   0   0   0   1   0   0   0   0   0   5   0   0  91   0   2   0   1   0   0  1.12 inf
   67 I    1 -3 -3 -3 -1 -2 -3 -3 -3  3  1 -2  1 -1 -3 -1  0 -3 -2  4   10   0   0   0   1   0   0   0   0  18   3   1   5   0   0   2   4   0   0  56  0.32 inf
   68 A    1  0  1  1 -3  4  3 -1 -1 -3 -3  1 -2 -4 -1  0  0 -3 -2 -2   12   0   7   4   0  38  21   2   0   0   0   8   0   0   1   2   3   0   0   0  0.40 inf
   69 E   -2 -1 -1  1 -5  2  6 -3 -1 -4 -4  0 -3 -4 -2 -1 -2 -4 -3 -3    0   0   0   1   0   2  96   0   0   0   0   0   0   0   0   0   0   0   0   0  1.08 inf
   70 F   -3 -4 -4 -4 -3 -4 -4 -4 -2 -1  0 -4 -1  8 -5 -3 -3  0  2 -2    0   0   0   0   0   0   0   0   0   1   0   0   0  99   0   0   0   0   0   0  1.31 inf
   71 K   -1  2  0 -1 -4  2  0 -2 -1 -3 -3  6 -2 -3 -2 -1 -1 -4 -2 -3    0   7   2   0   0   7   0   0   0   0   0  83   0   1   0   0   0   0   0   0  0.75 inf
   72 R   -2  7 -1 -2 -4  1 -1 -3  0 -4 -3  2 -2 -4 -3 -2 -2 -4 -2 -3    0  95   0   0   0   2   0   0   1   0   0   1   0   0   0   0   1   0   0   0  1.13 inf
   73 K   -2  2  0 -1 -4  1  0 -2 -1 -4 -3  6 -2 -4 -2 -1 -1 -4 -3 -3    0   3   3   0   0   0   0   0   0   0   0  94   0   0   0   0   0   0   0   0  0.86 inf
   74 H   -2 -1  2 -2 -2  0 -1 -3  7 -3 -3 -2 -2  1 -3 -1 -1 -1  4 -3    0   0  14   0   1   2   0   0  52   0   0   0   0   7   0   1   2   0  19   0  0.74 inf
   75 K   -1  2  0 -1 -4  1  0 -2 -1 -4 -3  6 -2 -4 -2 -1 -1 -4 -3 -3    0   7   3   0   0   1   0   1   0   0   0  87   0   0   0   1   0   0   0   0  0.78 inf
   76 K   -1  2 -1 -2 -4  1  0 -2 -1 -3 -3  6 -1 -4 -2 -1 -1 -4 -3 -3    0   3   0   0   0   1   0   0   0   0   1  93   2   0   0   1   0   0   0   0  0.84 inf
   77 D   -3 -2  1  7 -4 -1  1 -2 -2 -4 -5 -1 -4 -5 -2 -1 -2 -5 -4 -4    0   0   0  99   0   0   1   0   0   0   0   0   0   0   0   0   0   0   0   0  1.37 inf
   78 I   -2 -3 -4 -4 -2 -3 -4 -4 -4  4  3 -3  2  0 -2 -3 -1 -3 -2  2    0   0   0   0   0   0   0   0   0  59  33   0   4   0   2   0   0   0   0   1  0.50 inf
   79 S    1  0  0 -1 -1 -1 -1 -1 -2 -1 -2  0  0 -2 -2  3  3 -3 -2 -1    5   6   1   0   0   0   0   1   0   3   0   4   3   0   0  48  27   0   0   0  0.34 inf
   80 E    0 -1  0  1 -2  1  0  3 -1 -2 -3  0 -2 -3  0  1  1 -3 -2 -2    3   0   3  10   0  10   4  27   1   1   0   3   0   0   4  16  16   0   0   1  0.27 inf
   81 N   -2 -1  7  1 -3 -1 -1 -1  0 -4 -4  0 -3 -4 -3  1  0 -5 -3 -4    0   0  89   1   0   1   0   0   0   0   0   2   0   0   0   6   1   0   0   0  1.04 inf
   82 K    2  1  0 -1 -3  2  0 -2 -1 -3 -3  4 -2 -3  3  0 -1 -3 -2 -2   22   0   2   0   0  12   0   0   0   0   0  47   0   0  14   1   1   0   0   1  0.42 inf
   83 R   -2  7 -1 -2 -4  0  0 -3 -1 -4 -3  2 -2 -4 -3 -2 -2 -4 -3 -3    0  96   0   0   0   0   1   1   0   0   0   1   0   0   0   0   0   0   0   0  1.15 inf
   84 A    5 -2 -2 -2 -1 -1 -1  0 -1 -2 -2 -1 -2 -3 -1  2  0 -3 -2 -1   83   0   0   0   0   0   0   0   1   0   0   0   0   0   1  15   0   0   0   0  0.59 inf
   85 V   -1 -3 -4 -4  0 -3 -3 -4 -3  2  4 -3  2  0 -2 -3 -1  1 -1  3    0   0   0   0   1   0   0   0   0   6  58   0   2   0   1   0   0   3   0  28  0.41 inf
   86 R   -2  7 -1 -2 -4  1  0 -3  0 -4 -3  1 -2 -4 -3 -1 -2 -3 -2 -3    1  92   0   0   0   2   1   0   2   0   0   0   0   0   0   0   0   0   0   0  1.07 inf
   87 R   -2  7 -1 -2 -4  0 -1 -2 -1 -4 -3  1 -2 -4 -2 -2 -2 -4 -3 -3    0  97   0   0   0   0   0   1   0   0   0   0   0   0   1   0   0   0   0   0  1.17 inf
   88 L   -2 -3 -4 -4 -2 -3 -4 -5 -4  1  5 -3  2  0 -4 -3 -2 -2 -2  0    0   0   0   0   0   0   0   0   0   1  99   0   0   0   0   0   0   0   0   0  0.75 inf
   89 R   -2  7 -1 -2 -4  0 -1 -3  0 -4 -2  1 -2 -4 -3 -1 -2 -4 -2 -3    2  93   0   0   0   0   0   0   1   0   3   0   0   0   0   0   0   0   0   0  1.06 inf
   90 T   -1 -2 -1 -1 -2 -1 -2 -2 -3 -2 -2 -1 -2 -3 -2  1  6 -3 -3 -1    1   0   0   1   0   0   0   1   0   0   0   0   0   0   0   0  97   0   0   0  0.87 inf
   91 A    5 -2 -2 -2 -1 -2 -2  0 -2 -2 -2 -1 -2 -3 -2  1 -1 -3 -3 -1   95   0   0   0   0   0   0   3   0   0   0   0   0   0   0   2   0   0   0   0  0.70 inf
   92 C    0 -4 -4 -4 10 -4 -4 -3 -4 -2 -2 -4 -2 -3 -4 -1 -2 -3 -3 -1    6   0   0   0  91   0   0   0   0   0   0   0   0   0   0   1   0   0   0   1  1.79 inf
   93 E   -2 -1 -1  1 -5  1  6 -3 -1 -4 -4  0 -3 -4 -2 -1 -2 -4 -3 -3    0   0   0   1   0   0  98   0   0   0   0   0   0   0   0   0   0   0   0   0  1.10 inf
   94 R   -2  7 -1 -2 -2  0 -1 -3  0 -4 -3  2 -2 -4 -3 -1 -2 -4 -2 -3    0  94   0   0   1   0   0   0   1   0   0   2   0   0   0   0   1   0   0   0  1.10 inf
   95 A    5 -2 -2 -3 -1 -1 -2 -1 -2 -2 -2 -1 -2 -3 -2  1 -1 -3 -3 -1   97   1   0   0   0   0   0   0   0   0   0   0   0   0   0   1   0   0   0   0  0.71 inf
   96 K   -2  2 -1 -1 -4  1  0 -2 -1 -4 -3  6 -2 -4 -2 -1 -1 -4 -3 -3    0   0   0   0   0   4   0   0   0   0   0  96   0   0   0   0   0   0   0   0  0.90 inf
   97 R   -2  7 -1 -2 -4  0 -1 -3 -1 -4 -3  1 -2 -4 -3 -1 -2 -4 -3 -3    1  97   0   0   0   0   0   0   0   0   0   0   0   0   0   0   1   0   0   0  1.16 inf
   98 T    0 -2 -1 -2 -2 -1 -2 -2 -2 -2 -2 -1 -1 -3 -2  1  6 -3 -2 -1    4   0   1   0   0   0   0   0   0   0   0   0   0   0   0   1  93   0   0   0  0.82 inf
   99 L   -2 -3 -4 -4 -2 -3 -4 -5 -4  1  5 -3  2  0 -4 -3 -2 -2 -2  0    0   0   0   0   0   0   0   0   0   1  99   0   0   0   0   0   0   0   0   0  0.76 inf
  100 S    0 -2  0 -1 -2 -1 -1 -1 -2 -3 -3 -1 -2 -3 -2  6  1 -4 -3 -2    0   0   0   0   0   0   0   0   0   0   0   0   0   0   0  97   3   0   0   0  0.80 inf
  101 S    1 -2  0 -1 -2 -1 -1 -1 -1 -3 -3 -1 -2 -3 -2  5  1 -4 -2 -2    5   0   1   0   0   0   0   0   1   0   0   0   0   0   0  91   2   0   1   0  0.70 inf
  102 S    1 -2  0 -1 -1 -1 -1 -1 -2 -2 -3 -1 -2 -3 -2  5  2 -3 -2 -2   10   0   0   0   0   0   0   1   0   2   0   0   0   0   0  79   8   0   0   1  0.58 inf
  103 T    3 -2 -1 -2 -1 -1 -1 -1 -2 -2 -2 -1 -1 -3  0  2  4 -3 -2 -1   36   0   0   0   0   0   0   0   0   0   0   1   0   0   3   9  51   0   0   1  0.44 inf
  104 Q   -2  0 -1 -1 -4  7  2 -3  0 -4 -3  1 -1 -4 -2 -1 -1 -3 -2 -3    0   0   0   0   0  86  12   0   0   0   1   0   0   0   0   0   1   0   0   0  1.01 inf
  105 A    4 -2 -2 -2 -1 -1 -1 -1 -2 -2 -2 -1 -1 -3 -1  1  3 -3 -2 -1   72   0   0   0   0   0   0   0   0   0   0   0   0   0   0   1  27   0   0   0  0.52 inf
  106 S    0 -1  2 -1 -2 -1 -1 -1 -1 -3 -3 -1 -2 -3 -1  4  2 -3 -2 -2    1   1  13   0   0   0   0   0   1   0   0   1   0   0   0  72   9   0   1   0  0.53 inf
  107 I   -2 -4 -4 -4 -2 -3 -4 -4 -4  5  2 -3  1 -1 -3 -3 -1 -3 -2  3    0   0   0   0   0   0   0   0   0  78   9   0   3   0   0   0   0   0   0  10  0.61 inf
  108 E   -2 -1 -1  1 -5  1  6 -3 -1 -4 -4  0 -3 -4 -2 -1 -2 -4 -3 -3    0   0   0   0   0   0 100   0   0   0   0   0   0   0   0   0   0   0   0   0  1.14 inf
  109 I   -2 -4 -4 -4 -2 -4 -4 -5 -4  6  1 -3  1 -1 -4 -3 -1 -3 -2  2    0   0   0   0   0   0   0   0   0  92   2   0   0   0   0   0   0   0   0   6  0.74 inf
  110 D   -3 -3  1  7 -5 -1  1 -2 -2 -4 -5 -2 -4 -5 -2 -1 -2 -5 -4 -4    0   0   0 100   0   0   0   0   0   0   0   0   0   0   0   0   0   0   0   0  1.39 inf
  111 S    1 -2  0 -1 -2 -1 -1 -1 -2 -3 -3 -1 -2 -3 -1  5  1 -4 -3 -2    8   0   0   0   0   1   0   0   0   0   0   0   0   0   0  91   0   0   0   0  0.72 inf
  112 L   -2 -3 -4 -4 -2 -3 -4 -4 -4  1  5 -3  2  0 -4 -3 -2 -2 -2  0    1   0   0   0   0   0   0   0   0   0  97   0   1   1   0   0   0   0   0   0  0.72 inf
  113 Y   -3 -3 -3 -4 -2 -3 -3 -4  2 -1 -1 -3  0  6 -4 -3 -3  1  6 -2    0   0   0   0   0   0   0   0   4   0   0   0   1  59   0   0   0   0  34   0  0.94 inf
  114 E   -2 -1 -1  2 -5  1  6 -2 -1 -4 -4  0 -3 -4 -2 -1 -2 -4 -3 -3    0   0   0  10   0   1  87   2   0   0   0   0   0   0   0   0   0   0   0   0  0.96 inf
  115 G    0 -3 -1 -2 -3 -3 -3  6 -3 -5 -4 -2 -3 -4 -3 -1 -2 -3 -4 -4    3   0   0   0   0   0   0  97   0   0   0   0   0   0   0   1   0   0   0   0  1.33 inf
  116 I   -1 -3 -3 -3 -2 -3 -3 -4 -3  5  1 -3  1 -1 -3 -2  0 -3 -2  3    2   0   1   0   0   0   0   0   0  67   1   0   1   0   0   0   5   0   0  24  0.50 inf
  117 D   -3 -3  1  7 -4 -1  1 -2 -2 -4 -5 -2 -4 -5 -2 -1 -2 -5 -4 -4    0   0   0  99   0   0   0   1   0   0   0   0   0   0   0   0   0   0   0   0  1.37 inf
  118 F   -3 -4 -4 -4 -3 -4 -4 -4 -2 -1  0 -4 -1  8 -5 -3 -3  0  3 -2    0   0   0   0   0   0   0   0   0   0   2   0   0  92   0   1   0   0   4   0  1.20 inf
  119 Y   -2 -3 -2 -4 -3 -2 -3 -4  1 -2 -2 -3 -2  3 -4 -3 -3  1  8 -2    2   0   2   0   0   0   0   0   0   0   0   0   0   2   0   0   0   0  95   0  1.42 inf
  120 T    0 -2 -1 -2 -2 -1 -1 -2 -2 -2 -2 -1 -2 -3  0  2  6 -3 -2 -1    1   0   0   0   0   0   0   0   0   0   0   0   0   0   3  13  84   0   0   0  0.72 inf
  121 S    0 -1  1 -1 -2 -1 -1 -1 -2 -3 -3  1 -2 -3  0  4  2 -4 -2 -2    1   0   4   0   0   0   0   0   0   0   0  12   0   0   2  71   9   0   0   1  0.50 inf
  122 I   -2 -4 -4 -4 -2 -4 -4 -5 -4  6  1 -3  1 -1 -4 -3 -1 -3 -2  2    0   0   0   0   0   0   0   0   0  91   3   0   1   0   0   0   0   0   0   4  0.73 inf
  123 T   -1 -2 -1 -2 -2 -1 -2 -2 -2 -2 -2 -1 -1 -3 -2  1  6 -3 -2 -1    0   0   0   0   0   0   0   0   0   0   0   0   0   0   0   6  94   0   0   0  0.85 inf
  124 R   -2  7 -1 -3 -4  0 -1 -3 -1 -4 -3  2 -2 -4 -3 -2 -2 -4 -3 -3    0 100   0   0   0   0   0   0   0   0   0   0   0   0   0   0   0   0   0   0  1.24 inf
  125 A    5 -2 -2 -3 -1 -2 -2 -1 -2 -2 -2 -1 -2 -3 -2  1 -1 -3 -3 -1   99   0   0   0   0   0   0   0   0   0   0   0   0   0   0   1   0   0   0   0  0.75 inf
  126 R   -2  7 -1 -2 -4  0 -1 -3  0 -4 -3  2 -2 -4 -3 -1 -2 -4 -2 -3    0  93   0   0   0   0   0   0   1   0   0   5   0   0   0   1   0   0   0   0  1.12 inf
  127 F   -3 -4 -4 -5 -3 -4 -4 -4 -2 -1  0 -4 -1  8 -5 -3 -3  0  2 -2    0   0   0   0   0   0   0   0   0   0   0   0   0 100   0   0   0   0   0   0  1.35 inf
  128 E   -2 -1 -1  1 -5  1  6 -3 -1 -4 -4  0 -3 -4 -2 -1 -2 -4 -3 -3    0   0   0   0   0   0 100   0   0   0   0   0   0   0   0   0   0   0   0   0  1.14 inf
  129 E   -2 -1 -1  1 -5  1  6 -3 -1 -4 -4  0 -3 -4 -2 -1 -2 -4 -3 -3    0   0   0   3   0   0  97   0   0   0   0   0   0   0   0   0   0   0   0   0  1.10 inf
  130 L   -2 -3 -4 -4 -2 -3 -4 -4 -3  1  5 -3  3  0 -4 -3 -2 -2 -2  0    0   0   0   0   0   0   0   0   0   0  93   0   6   0   0   0   0   0   0   0  0.71 inf
  131 N   -2 -3  5 -1  8 -2 -3 -2 -2 -3 -3 -2 -3 -4 -3 -1 -1 -4 -3 -2    0   0  43   0  57   0   0   0   0   0   0   0   0   0   0   0   0   0   0   0  1.14 inf
  132 A    3 -1 -1 -2 -1  1 -1  1 -2 -1 -1 -1  2 -2 -2  2  0 -3 -2 -1   38   0   0   0   0  10   0   9   0   3   0   0  13   0   0  25   0   0   0   1  0.25 inf
  133 D   -3 -2  1  7 -4 -1  1 -2 -1 -4 -5 -1 -4 -4 -2 -1 -2 -5 -4 -4    0   0   1  97   0   0   0   1   1   0   0   0   0   0   0   0   0   0   0   0  1.31 inf
  134 L   -2 -3 -4 -4 -2 -2 -4 -4 -3  1  5 -3  2  0 -4 -3 -2 -2 -1  0    0   0   0   0   0   1   0   0   0   0  97   0   1   0   0   0   0   0   1   0  0.71 inf
  135 F   -3 -4 -4 -5 -3 -4 -4 -4 -2 -1  0 -4 -1  8 -5 -3 -3  0  2 -2    0   0   0   0   0   0   0   0   0   0   0   0   0 100   0   0   0   0   0   0  1.35 inf
  136 R   -2  7 -1 -2 -4  0 -1 -3 -1 -3 -3  2 -2 -4 -3 -1 -2 -4 -3 -3    0  93   1   0   0   0   0   0   0   1   0   4   0   0   0   0   0   0   0   0  1.10 inf
  137 G    0 -1  1 -1 -2 -1 -1  4 -1 -3 -3  1 -2 -3 -2  2  0 -3 -3 -2    4   0   6   1   0   0   0  41   0   0   0  14   0   0   0  31   1   0   0   1  0.45 inf
  138 T   -1 -2  0 -2  4 -2 -2 -2 -3 -2 -2 -2 -2 -3 -1  1  6 -3 -3 -1    0   0   3   0  14   0   0   0   0   0   0   0   0   0   1   1  80   0   0   1  0.70 inf
  139 L   -2 -3 -4 -4 -2 -2 -3 -4 -3  2  4 -3  4  0 -3 -3 -1 -2 -2  1    0   0   0   0   0   0   0   0   0   6  72   0  21   0   0   0   1   0   0   1  0.58 inf
  140 D   -1 -1  0  4 -4  1  5 -2 -1 -3 -3  0 -3 -4 -2 -1 -1 -4 -3 -2    1   0   0  31   0   3  59   2   0   0   0   0   0   0   0   1   1   0   0   2  0.73 inf
  141 P   -2 -3 -3 -2 -4 -2 -2 -3 -3 -4 -4 -2 -4 -5  8 -2 -2 -5 -4 -3    0   0   0   0   0   0   0   0   0   0   0   0   0   0 100   0   0   0   0   0  2.40 inf
  142 V   -1 -3 -4 -4 -2 -3 -3 -4 -4  2  0 -3  0 -2 -3 -2 -1 -4 -2  6    0   0   0   0   0   0   0   0   0   0   0   0   0   0   0   0   0   0   0 100  0.74 inf
  143 E   -1 -1 -1  2 -4  1  6 -3 -1 -4 -4  0 -2 -4 -2 -1 -2 -4 -3 -3    1   0   0   4   0   1  92   0   0   0   0   0   1   0   0   0   0   0   0   0  1.02 inf
  144 K   -1  3  0 -1 -4  1  0 -2 -1 -3 -3  6 -2 -4 -2 -1 -1 -4 -3 -3    1  12   1   0   0   2   0   0   0   0   0  80   0   0   0   1   1   0   0   0  0.73 inf
  145 A    3 -2 -2 -2  3 -2 -2 -1 -2  0 -1 -2 -1 -2 -2  1  0 -3 -2  2   50   0   0   0   8   0   0   0   0   0   0   0   0   0   0  15   0   0   0  26  0.32 inf
  146 L   -2 -3 -4 -4 -2 -3 -4 -4 -3  2  5 -3  2  0 -4 -3 -2 -2 -2  1    0   0   0   0   0   0   0   0   0   6  87   0   4   0   0   0   0   0   0   1  0.63 inf
  147 R   -1  6  0 -2 -4  1 -1 -2 -1 -3 -3  2 -2 -4 -3 -1 -1 -3 -2 -3    2  78   2   0   0   2   0   1   0   0   1  11   0   0   0   2   1   0   0   1  0.83 inf
  148 D   -3 -2  1  7 -4 -1  1 -2 -2 -4 -4 -1 -4 -4 -2 -1 -2 -5 -4 -3    0   0   3  95   0   0   0   1   0   0   0   0   0   0   0   0   0   0   0   1  1.28 inf
  149 A    5 -2 -2 -2  0 -1 -1  0 -2 -2 -2 -1 -2 -3 -1  2  0 -3 -2 -1   76   0   0   0   1   0   0   1   0   0   0   0   0   0   0  21   1   0   0   0  0.55 inf
  150 K   -2  2  0 -1 -4  1  0 -2 -1 -4 -3  6 -2 -4 -2 -1 -1 -4 -3 -3    0   1   1   0   0   0   0   0   0   0   0  98   0   0   0   0   0   0   0   0  0.91 inf
  151 L   -2 -3 -3 -4 -1 -2 -3 -4 -3  2  3 -3  5  1 -3 -3 -1 -2 -1  1    1   0   0   0   0   0   0   0   0  14  43   0  33   4   0   0   0   0   0   3  0.46 inf
  152 D   -1 -2  1  7 -4 -1  1 -1 -2 -4 -4 -1 -4 -4 -2  0 -1 -5 -4 -4    2   0   1  85   0   0   2   4   0   0   0   0   0   0   0   7   0   0   0   0  1.04 inf
  153 K   -2  2  0 -1 -4  1  0 -2 -1 -4 -3  6 -2 -4 -2 -1 -1 -4 -3 -3    0   1   3   0   0   0   0   0   0   0   0  97   0   0   0   0   0   0   0   0  0.90 inf
  154 S    1 -1  1 -1 -2 -1  0  3 -1 -3 -3  0 -2 -3 -2  3  0 -3 -3 -2   13   1   4   1   0   0   3  25   0   0   0   4   0   0   0  47   2   0   0   0  0.39 inf
  155 Q    0  0  0  0 -2  4  1 -1  1 -3 -3  1  0 -3 -2  2  0 -3 -2 -2    6   1   2   4   1  42   5   1   2   0   0   8   2   0   0  22   4   0   0   0  0.37 inf
  156 I   -2 -4 -4 -4 -2 -3 -4 -4 -4  5  1 -3  1 -1 -3 -3 -1 -3 -1  3    0   0   0   0   0   0   0   0   0  68   0   0   1   1   0   0   0   0   1  30  0.59 inf
  157 H   -2  0  1  2 -4  1  0 -3  8 -4 -3 -1 -2 -2 -3 -1 -2 -3  0 -4    0   4   4  15   0   5   0   0  69   0   1   0   0   0   0   1   0   0   0   0  0.97 inf
  158 D   -2 -1  0  5 -4  0  4 -1 -1 -4 -4  0 -3 -4 -2 -1 -1 -4 -3 -3    0   0   0  47   0   0  47   3   0   0   0   0   0   0   0   1   1   0   0   1  0.81 inf
  159 I   -2 -4 -4 -4 -2 -3 -4 -4 -4  5  1 -3  1 -1 -3 -3 -1 -3 -2  3    0   0   0   0   0   0   0   0   0  67   7   0   0   0   0   0   0   0   0  26  0.58 inf
  160 V   -1 -3 -4 -4 -2 -3 -3 -4 -4  2  0 -3  0 -2 -3 -2 -1 -4 -2  6    0   0   0   0   0   0   0   0   0   0   0   0   0   0   0   0   0   0   0 100  0.74 inf
  161 L   -2 -3 -4 -4 -2 -3 -4 -5 -4  1  5 -3  2  0 -4 -3 -2 -2 -2  0    0   0   0   0   0   0   0   0   0   0  99   0   1   0   0   0   0   0   0   0  0.76 inf
  162 V   -1 -3 -4 -4 -2 -3 -3 -4 -4  2  0 -3  0 -2 -3 -2 -1 -4 -2  6    0   0   0   1   0   0   0   0   0   1   0   0   0   0   0   0   0   0   0  99  0.72 inf
  163 G   -1 -3 -1 -2 -3 -3 -3  7 -3 -5 -5 -2 -4 -4 -3 -1 -2 -3 -4 -4    0   0   0   0   0   0   0 100   0   0   0   0   0   0   0   0   0   0   0   0  1.40 inf
  164 G    0 -3 -1 -2 -3 -3 -3  7 -3 -5 -5 -2 -4 -4 -3 -1 -2 -3 -4 -4    0   0   0   0   0   0   0  99   0   0   0   0   0   0   0   1   0   0   0   0  1.38 inf
  165 S    0 -2  0 -1 -2 -1 -1 -1 -2 -3 -3 -1 -2 -3 -2  6  1 -4 -3 -3    0   0   0   0   0   0   0   0   0   0   0   0   0   0   0 100   0   0   0   0  0.83 inf
  166 T   -1 -2 -1 -2 -2 -2 -2 -2 -3 -1 -2 -2 -1 -3 -2  1  6 -3 -3 -1    0   0   0   0   0   0   0   0   0   1   0   0   0   0   0   0  99   0   0   0  0.91 inf
  167 R   -2  7 -1 -3 -3  0 -1 -3 -1 -4 -3  1 -2 -4 -3 -2 -2 -4 -3 -3    0  99   0   0   1   0   0   0   0   0   0   0   0   0   0   0   0   0   0   0  1.22 inf
  168 I   -2 -4 -4 -4 -2 -4 -4 -5 -4  6  1 -4  1 -1 -4 -3 -1 -3 -2  2    0   0   0   0   0   0   0   0   0  99   0   0   0   0   0   0   0   0   0   1  0.83 inf
  169 P   -2 -3 -3 -2 -4 -2 -2 -3 -3 -4 -4 -2 -4 -5  8 -2 -2 -5 -4 -3    0   0   0   0   0   0   0   0   0   0   0   0   0   0 100   0   0   0   0   0  2.40 inf
  170 K   -2  2 -1 -2 -4  1  0 -2 -1 -4 -3  6 -2 -4 -2 -1 -1 -4 -3 -3    0   7   0   0   0   0   0   0   0   0   0  93   0   0   0   0   0   0   0   0  0.89 inf
  171 I   -1 -3 -4 -4 -2 -3 -4 -4 -4  5  1 -3  1 -1 -3 -3 -1 -3 -2  4    0   0   0   0   0   0   0   0   0  53   0   0   1   0   0   0   0   0   0  46  0.58 inf
  172 Q   -2  0 -1 -1 -4  7  1 -3  0 -4 -3  1 -1 -4 -2 -1 -2 -3 -2 -3    0   0   0   0   0  97   1   0   0   0   0   1   0   0   0   0   0   0   0   1  1.15 inf
  173 K   -1  2  0 -1 -4  3  1 -2 -1 -3 -3  5 -2 -4 -2  0 -1 -4 -2 -3    1   2   1   1   0  15   1   0   0   0   0  73   0   0   0   7   1   0   0   0  0.64 inf
  174 L   -2 -3 -4 -4 -2 -3 -4 -4 -4  1  5 -3  2  0 -4 -3 -2 -2 -2  0    0   0   0   0   0   0   0   0   0   0  95   0   5   0   0   0   0   0   0   0  0.72 inf
  175 L   -2 -3 -4 -4 -2 -3 -3 -4 -3  2  4 -3  1  0 -3 -3 -2 -2 -2  2    0   0   0   0   0   0   0   0   0   2  82   0   0   0   0   0   0   0   0  14  0.58 inf
  176 Q   -1  0 -1 -1 -2  6  1 -2 -1 -3 -3  1 -1 -4 -2  2  0 -3 -2 -3    0   1   0   0   1  69   1   0   0   0   0   5   0   0   0  19   4   0   0   0  0.70 inf
  177 D   -2 -2  2  7 -4  0  2 -2 -2 -4 -4 -1 -4 -4 -2 -1 -2 -5 -4 -4    0   0   5  85   0   1   7   1   0   0   0   0   0   0   0   1   0   0   0   0  1.11 inf
  178 F   -3 -4 -4 -4 -3 -4 -4 -4 -1 -1  1 -4  0  7 -4 -3 -2  1  3 -1    0   0   0   0   0   0   0   0   1   0   7   0   0  86   0   0   1   1   5   0  1.08 inf
  179 F   -3 -4 -4 -5 -3 -4 -4 -4 -2 -1  0 -4  0  8 -5 -3 -3  0  2 -2    0   0   0   0   0   0   0   0   0   0   2   0   3  95   0   0   0   0   0   0  1.24 inf
  180 N   -2 -1  7  1 -1 -1 -1  0  1 -4 -4 -1 -3 -4 -3  0 -1 -5 -3 -4    0   0  88   0   2   0   0   4   2   0   0   1   0   0   0   2   0   0   0   0  1.00 inf
  181 G    0 -3 -1 -2 -3 -3 -3  7 -3 -5 -4 -2 -3 -4 -3 -1 -2 -3 -4 -4    1   0   0   0   0   0   0  98   0   0   0   0   0   0   0   0   0   0   0   0  1.35 inf
  182 K   -2  3 -1 -2 -4  1  0 -2 -1 -4 -3  6 -2 -4 -2 -1 -1 -4 -3 -3    0  12   0   0   0   0   0   0   0   0   0  88   0   0   0   0   0   0   0   0  0.85 inf
  183 E   -1 -1 -1  2 -4  1  6 -3 -1 -4 -4  0 -3 -4 -2  0 -1 -4 -3 -3    1   0   0   6   0   2  87   0   0   0   0   0   0   0   0   3   1   0   0   0  0.93 inf
  184 L   -2 -3 -4 -4 -2 -3 -3 -4 -3  1  4 -3  1  0  3 -3 -2 -3 -2  0    0   0   0   0   0   0   0   0   0   0  83   0   0   0  16   0   0   0   0   0  0.62 inf
  185 N   -2 -1  7  0  4 -1 -1 -1  0 -4 -4 -1 -3 -4 -3  0 -1 -4 -3 -3    0   0  84   0  13   0   0   0   0   0   0   0   0   0   0   3   0   0   0   0  1.00 inf
  186 K   -1  2 -1 -2 -4  1  0 -2 -1 -3 -2  6  0 -3 -2 -1 -1 -4 -2 -3    0   8   0   0   0   1   0   0   0   0   4  84   3   0   0   0   0   0   0   0  0.71 inf
  187 S    0 -1  0 -1 -2 -1 -1 -1 -2 -3 -3 -1 -2 -3 -2  5  1 -4 -3 -2    0   1   0   0   0   0   0   1   0   0   0   0   0   0   0  96   2   0   0   0  0.77 inf
  188 I   -2 -4 -4 -4 -2 -4 -4 -5 -4  6  1 -4  1 -1 -4 -3 -1 -3 -2  2    0   0   0   0   0   0   0   0   0  99   0   0   0   0   0   0   0   0   0   1  0.82 inf
  189 N   -2 -1  7  1 -4 -1 -1 -1  0 -4 -4 -1 -3 -4 -3  0 -1 -5 -3 -4    0   0  97   1   0   0   0   0   1   0   0   0   0   0   0   1   0   0   0   0  1.19 inf
  190 P   -2 -3 -3 -2 -4 -2 -2 -3 -3 -4 -4 -2 -4 -5  8 -2 -2 -5 -4 -3    0   0   0   0   0   0   0   0   0   0   0   0   0   0 100   0   0   0   0   0  2.39 inf

                      K         Lambda
Standard Ungapped    0.1365     0.3182
Standard Gapped      0.0545     0.2670
PSI Ungapped         0.1778     0.3155
PSI Gapped           0.0545     0.2670
