
Last position-specific scoring matrix computed, weighted observed percentages rounded down, information per position, and relative weight of gapless real matches to pseudocounts
           A  R  N  D  C  Q  E  G  H  I  L  K  M  F  P  S  T  W  Y  V   A   R   N   D   C   Q   E   G   H   I   L   K   M   F   P   S   T   W   Y   V
    1 N   -1 -1  6  1 -2  0  0 -1  0 -3 -3  0 -2 -3 -2  2  0 -4 -2 -3    0   0  80   0   0   0   0   0   0   0   0   0   0   0   0  20   0   0   0   0  0.62 inf
    2 A    4 -1 -1 -1 -1 -1 -1  0 -2 -2 -2 -1 -1 -2 -1  3  0 -3 -2 -1   66   0   0   0   0   0   0   0   0   0   0   0   0   0   0  34   0   0   0   0  0.37 inf
    3 T    1 -1 -1 -2 -1 -1 -1 -1 -2 -1 -1 -1  2 -2 -1  1  4 -3 -2  0   20   0   0   0   0   0   0   0   0   0   0   0  14   0   0   0  66   0   0   0  0.31 inf
    4 C   -1 -4 -3 -4 10 -3 -4 -3 -3 -2 -2 -3 -2 -3 -3 -1 -1 -3 -3 -1    0   0   0   0 100   0   0   0   0   0   0   0   0   0   0   0   0   0   0   0  1.40 inf
    5 A    3 -1  0 -1 -1  0  1 -1 -1 -2 -2 -1 -2 -3  3  1  0 -3 -2 -1   63   0   6   0   0   0  14   0   0   0   0   0   0   0  18   0   0   0   0   0  0.39 inf
    6 I   -1 -2  1 -1 -1 -1 -2 -2 -2  2  0 -1  2 -1 -2  0  3 -3 -2  1    0   0  11   0   0   0   0   0   0  24   0   0  14   0   0   0  52   0   0   0  0.22 inf
    7 R   -2  5  2 -1 -4  1  0 -2  2 -3 -3  2 -2 -3 -2 -1 -1 -3 -2 -3    0  76  18   0   0   0   0   0   6   0   0   0   0   0   0   0   0   0   0   0  0.62 inf
    8 H   -1 -1  0 -1 -3  0 -1  2  8 -4 -3 -1 -2 -2 -2 -1 -2 -3  1 -4    0   0   0   0   0   0   0  18  82   0   0   0   0   0   0   0   0   0   0   0  0.79 inf
    9 P   -1 -2 -2 -2 -3  1 -1 -3 -2 -1  1 -1  0 -2  6 -1 -1 -3 -2 -1    0   0   0   0   0  14   0   0   0   0  29   0   0   0  57   0   0   0   0   0  0.93 inf
   10 C   -1 -4 -3 -4 10 -3 -4 -3 -3 -2 -2 -3 -2 -3 -3 -1 -1 -3 -3 -1    0   0   0   0 100   0   0   0   0   0   0   0   0   0   0   0   0   0   0   0  1.41 inf
   11 H   -1  2  0 -1 -3  2  0 -2  6 -3 -3  0 -2 -2  4 -1 -1 -3  0 -3    0  22   0   0   0  11   0   0  45   0   0   0   0   0  22   0   0   0   0   0  0.61 inf
   12 G    1 -1  1 -1 -2 -1 -1  4 -1 -3 -3 -1 -2 -3 -1  2  0 -2 -2 -2   12   1   5   1   0   0   1  42   0   1   1   1   0   0   1  34   1   0   0   1  0.39 inf
   13 N   -2 -1  6  1 -3  0  0 -1  0 -4 -4  0 -2 -3 -2  0  0 -4 -2 -3    0   0 100   0   0   0   0   0   0   0   0   0   0   0   0   0   0   0   0   0  0.83 inf
   14 L   -1 -3 -4 -4 -1 -2 -3 -4 -3  2  4 -3  2  0 -3 -2 -1 -2 -1  2    0   0   0   0   0   0   0   0   0   0  68   0   0   0   0   0   0   0   0  32  0.38 inf
   15 M   -1 -1 -2 -2 -2  1 -1 -3 -2  1  2 -1  5 -1 -2 -1  2 -2 -1  0    0   0   0   0   0  11   0   0   0   0  11   0  55   0   0   0  23   0   0   0  0.24 inf
   16 N   -1 -1  4  1 -3  0  2 -1  3 -3 -3  0 -2  1 -2  1  0 -2  0 -3    0   0  46   0   0   0  22   0  10   0   0   0   0  12   0   9   0   0   0   0  0.35 inf
   17 Q   -1  1  0 -1 -3  6  2 -2  0 -3 -2  1 -1 -4 -2  0 -1 -2 -2 -3    0   0   0   0   0 100   0   0   0   0   0   0   0   0   0   0   0   0   0   0  0.76 inf
   18 I   -1 -3 -2 -3 -1 -2 -3 -3 -3  4  1 -2  1 -1 -3 -1  2 -3 -2  2    0   0   0   0   0   0   0   0   0  78   0   0   0   0   0   0  22   0   0   0  0.31 inf
   19 K   -1  5  0 -2 -4  1  0 -2 -1 -3 -3  3 -2 -3 -2 -1 -1 -3 -2 -3    0  69   0   0   0   0   0   0   0   0   0  31   0   0   0   0   0   0   0   0  0.66 inf
   20 N   -1  2  5  0 -2  0  0 -1  0 -3 -3  0 -2 -3 -2  2  0 -4 -2 -3    0  22  51   0   0   0   0   0   0   0   0   0   0   0   0  27   0   0   0   0  0.45 inf
   21 Q   -1  1  0 -1 -3  6  2 -2  0 -3 -2  1 -1 -4 -2  0 -1 -2 -2 -3    0   0   0   0   0 100   0   0   0   0   0   0   0   0   0   0   0   0   0   0  0.76 inf
   22 L   -1 -2 -4 -4 -1 -2 -3 -4 -3  2  4 -3  2  0 -3 -3 -1 -2 -1  2    0   0   0   0   0   0   0   0   0   0  79   0   0   0   0   0   0   0   0  21  0.41 inf
   23 A    4 -1  2 -1 -1 -1 -1  1 -1 -2 -2 -1 -1 -3 -1  1  0 -3 -2 -1   73   0  22   0   0   0   0   4   0   0   0   0   0   0   0   0   0   0   0   0  0.33 inf
   24 Q   -1  0 -1 -1 -3  5  1 -2  0 -1  1  1  0 -2 -2 -1 -1 -2 -2 -1    0   0   0   0   0  79   0   0   0   0  21   0   0   0   0   0   0   0   0   0  0.47 inf
   25 L   -2 -2 -4 -4 -1 -2 -3 -4 -3  2  4 -3  2  0 -3 -3 -1 -2 -1  1    0   0   0   0   0   0   0   0   0   0 100   0   0   0   0   0   0   0   0   0  0.51 inf
   26 N   -2 -1  6  1 -3  0  0 -1  0 -4 -4  0 -2 -3 -2  0  0 -4 -2 -3    0   0 100   0   0   0   0   0   0   0   0   0   0   0   0   0   0   0   0   0  0.82 inf
   27 G    2 -2  1 -1 -2 -1 -1  4 -2 -3 -3 -1 -2 -3 -2  2  0 -3 -3 -2   21   0   5   0   0   0   0  48   0   0   0   0   0   0   0  25   0   0   0   0  0.49 inf
   28 S    1 -1  0 -1 -1  0  0 -1 -1 -2 -2  0 -1 -3 -1  4  3 -3 -2 -1    0   0   0   0   0   0   0   0   0   0   0   0   0   0   0  75  25   0   0   0  0.44 inf
   29 A    4 -2 -2 -2 -1 -1 -1  0 -2 -2 -2 -1 -1 -3 -1  1  0 -3 -2  0  100   0   0   0   0   0   0   0   0   0   0   0   0   0   0   0   0   0   0   0  0.46 inf
   30 N   -1  0  5  0 -3  3  1  0  0 -3 -3  0 -2 -3  1  0 -1 -3 -2 -3    0   0  52   0   0  37   0   4   0   0   0   0   0   0   7   0   0   0   0   0  0.49 inf
   31 A    3 -1 -1  1 -2  0  2  1 -1 -2 -2  0 -2 -3  1  1  0 -3 -2 -1   48   0   0  10   0   0  23  10   0   0   0   0   0   0   4   4   0   0   0   0  0.28 inf
   32 L   -2 -2 -4 -4 -2 -2 -3 -4 -3  1  4 -3  2  2 -3 -3 -1 -2 -1  1    0   0   0   0   0   0   0   0   0   0  93   0   0   7   0   0   0   0   0   0  0.47 inf
   33 F   -3 -3 -3 -4 -3 -4 -4 -3 -1  0  0 -3  0  7 -4 -3 -2  1  3 -1    0   0   0   0   0   0   0   0   0   0   0   0   0 100   0   0   0   0   0   0  0.85 inf
   34 I    0 -2 -2 -2 -1 -2 -2 -3 -3  3  1 -2  0 -1 -2  1  1 -3 -2  2    0   0   0   0   0   0   0   0   0  56   0   0   0   0   0  21  12   0   0  10  0.20 inf
   35 S   -1 -2 -2 -3 -1 -2 -2 -3 -1  1  3 -2  1  0 -2  1  0 -1  2  0    0   0   0   0   0   0   0   0   0   0  62   0   0   0   0  26   0   0  12   0  0.21 inf
   36 Y   -2 -2 -2 -3 -3 -2 -2 -3  2 -2 -1 -2 -1  3 -3 -2 -2  2  7 -1    0   0   0   0   0   0   0   0   0   0   0   0   0   0   0   0   0   0 100   0  1.00 inf
   37 Y   -2 -2 -2 -3 -2 -2 -2 -3  1 -1  1 -2  0  3 -3 -2 -2  2  6 -1    0   0   0   0   0   0   0   0   0   0  22   0   0   0   0   0   0   0  74   0  0.61 inf
   38 T    0  0  0 -1 -2  0  0 -2 -2 -1 -2  2 -1 -3 -1  1  4 -3 -2 -1    0   0   0   0   0   0   0   0   0   0   0  32   0   0   0   0  68   0   0   0  0.37 inf
   39 A    3 -2 -2 -2  5 -1 -1 -1 -2 -1 -2 -1 -1 -2 -1  1  1 -3 -2  0   68   0   0   0  22   0   0   0   0   0   0   0   0   0   0   0  11   0   0   0  0.38 inf
   40 Q   -1  1  0 -1 -3  6  2 -2  0 -3 -2  1 -1 -4 -2  0 -1 -2 -2 -3    0   0   0   0   0 100   0   0   0   0   0   0   0   0   0   0   0   0   0   0  0.75 inf
   41 G    0 -3 -1 -2 -3 -2 -2  6 -2 -4 -4 -2 -3 -3 -2  0 -2 -3 -3 -3    0   0   0   0   0   0   0 100   0   0   0   0   0   0   0   0   0   0   0   0  1.10 inf
   42 E   -1  0  1  2 -4  2  5 -2  0 -4 -3  1 -2 -4 -1  0 -1 -3 -2 -3    0   0   6   5   0   0  90   0   0   0   0   0   0   0   0   0   0   0   0   0  0.72 inf
   43 P   -1 -2 -2 -2 -3 -2 -1 -2 -2 -3 -3 -1 -3 -4  8 -1 -1 -4 -3 -3    0   0   0   0   0   0   0   0   0   0   0   0   0   0 100   0   0   0   0   0  2.10 inf
   44 F   -3 -3 -3 -4 -3 -4 -4 -3 -1  0  0 -3  0  7 -4 -3 -2  1  3 -1    0   0   0   0   0   0   0   0   0   0   0   0   0 100   0   0   0   0   0   0  0.84 inf
   45 P    0 -1 -1 -1 -3  2  0 -2 -1 -3 -3  0 -2 -4  6  1  0 -3 -3 -2    0   0   0   0   0  21   0   0   0   0   0   0   0   0  57  22   0   0   0   0  1.04 inf
   46 N    0 -1  5  1 -2  0  0 -1  0 -3 -3  0 -2 -3 -2  2  1 -4 -2 -2    0   0  57   0   0   0   0   0   0   0   0   0   0   0   0  32  10   0   0   0  0.48 inf
   47 N   -1  0  5  1 -3  1  2 -1  0 -3 -3  1 -2 -3 -2  0  0 -3 -2 -3    0   0  63   0   0   0  22   0   0   0   0  11   0   0   0   0   0   0   0   0  0.50 inf
   48 V   -1 -2 -2 -2 -1 -1 -2 -3  2  1  3 -2  1  0 -2  1  0 -2 -1  1    0   0   0   0   0   0   0   0  11   0  51   0   0   0   0  22   0   0   0  17  0.16 inf
   49 E   -2 -2  1  6 -4  0  2 -2 -1 -3 -4 -1 -3 -4 -2  0 -1 -4 -3 -3    0   0   0  87   0   0  13   0   0   0   0   0   0   0   0   0   0   0   0   0  0.89 inf
   50 K   -1  3  0 -1 -3  1  1 -2 -1 -3 -3  5 -2 -3 -1  0 -1 -3 -2 -3    0  11   0   0   0   0   0   0   0   0   0  89   0   0   0   0   0   0   0   0  0.56 inf
   51 L   -2 -2 -4 -4 -1 -2 -3 -4 -3  2  4 -3  2  0 -3 -3 -1 -2 -1  1    0   0   0   0   0   0   0   0   0   0 100   0   0   0   0   0   0   0   0   0  0.50 inf
   52 C   -1 -4 -3 -4 10 -3 -4 -3 -3 -2 -2 -3 -2 -3 -3 -1 -1 -3 -3 -1    0   0   0   0 100   0   0   0   0   0   0   0   0   0   0   0   0   0   0   0  1.38 inf
   53 A    2 -2  2 -1 -2 -1 -1  4 -1 -3 -3 -1 -2 -3 -2  1  0 -3 -2 -2   24   0  21   0   0   0   0  41   0   0   0   0   0   0   0  14   0   0   0   0  0.43 inf
   54 P   -1 -2 -2 -2 -3 -2 -1 -2 -2 -3 -3 -1 -3 -4  8 -1 -1 -4 -3 -3    0   0   0   0   0   0   0   0   0   0   0   0   0   0 100   0   0   0   0   0  2.10 inf
   55 N    0 -1  6  1 -2  0  0  0  0 -3 -3  0 -2 -3 -2  1  0 -4 -2 -3   11   0  78   0   0   0   0   0   0   0   0   0   0   0   0  11   0   0   0   0  0.58 inf
   56 M    0 -2 -2 -3 -1 -2 -2  2 -3  2  1 -2  3 -1 -3 -1 -1 -3 -2  3    0   0   0   0   0   0   0  22   0   0   0   0  25   0   0   0   0   0   0  53  0.21 inf
   57 T    0 -2 -1 -2 -1 -1 -1 -2 -2  1  0 -1  0 -2 -2  1  5 -3 -2  1    0   0   0   0   0   0   0   0   0  22   0   0   0   0   0   0  78   0   0   0  0.36 inf
   58 D   -2 -2  1  6 -3 -1  1 -2 -1 -2 -2 -1 -2  2 -2 -1 -1 -2 -1 -3    0   0   4  75   0   0   0   0   0   0   0   0   0  22   0   0   0   0   0   0  0.62 inf
   59 F   -3 -3 -3 -4 -3 -4 -4 -3 -1  0  0 -3  0  7 -4 -3 -2  1  3 -1    0   0   0   0   0   0   0   0   0   0   0   0   0 100   0   0   0   0   0   0  0.84 inf
   60 P   -1 -2 -2 -2 -3 -2 -1 -2 -2 -3 -3 -1 -3 -4  8 -1 -1 -4 -3 -3    0   0   0   0   0   0   0   0   0   0   0   0   0   0 100   0   0   0   0   0  2.10 inf
   61 S    1 -2 -2 -2 -2 -1 -1 -2 -2 -3 -3 -1 -2 -4  7  0 -1 -4 -3 -2   11   0   0   0   0   0   0   0   0   0   0   0   0   0  80   9   0   0   0   0  1.54 inf
   62 F   -3 -3 -3 -4 -3 -4 -4 -3 -1  0  0 -3  0  7 -4 -3 -2  1  3 -1    0   0   0   0   0   0   0   0   0   0   0   0   0 100   0   0   0   0   0   0  0.84 inf
   63 H   -2  1  0 -1 -3  0  0 -2  8 -4 -3  0 -2 -2 -2 -1 -2 -3  1 -3    0  11   0   0   0   0   0   0  89   0   0   0   0   0   0   0   0   0   0   0  0.87 inf
   64 G    3 -2 -2 -2 -1 -1 -1  1 -2  0 -1 -1 -1 -2  3  0  0 -3 -2  1   55   0   0   0   0   0   0   9   0   0   0   0   0   0  14   0   0   0   0  22  0.29 inf
   65 N   -1 -1  6  1 -3  0  0 -1  0 -3 -4  0 -2 -3 -2  1  0 -4 -2 -3    0   0  89   0   0   0   0   0   0   0   0   0   0   0   0  11   0   0   0   0  0.71 inf
   66 G    0  3  0 -1 -3 -1 -1  5 -1 -4 -3  0 -2 -3 -2  0 -1 -3 -3 -3    0  32   0   0   0   0   0  61   0   0   0   0   0   0   0   7   0   0   0   0  0.60 inf
   67 T    0 -1  0 -1 -1  1 -1 -2 -2 -1 -2 -1 -1 -2 -1  1  5 -3 -2  0    0   0   0   0   0  11   0   0   0   0   0   0   0   0   0   0  89   0   0   0  0.47 inf
   68 E   -1  0  0  1 -3  1  4  0 -1 -3 -3  1 -2 -3 -1  1  1 -3 -2 -2    0   0   0   0   0   0  62   6   0   0   0  11   0   0   0  11  11   0   0   0  0.44 inf
   69 K   -1  2  0  0 -3  1  2 -2 -1 -3 -3  4 -2 -3 -1  0 -1 -3 -2 -3    0   4   0   0   0   0  22   0   0   0   0  75   0   0   0   0   0   0   0   0  0.51 inf
   70 T    1  2  0  0 -2  0  1 -2 -1 -1 -2  0 -1 -3 -1  1  3 -3 -2 -1   17  22   0   5   0   0  17   0   0   0   0   0   0   0   0   0  36   0   0   4  0.22 inf
   71 K   -1  4  0 -1 -3  1  0 -2 -1 -3 -3  4 -2 -3 -2  0 -1 -3 -2 -3    0  33   0   0   0   0   0   0   0   0   0  67   0   0   0   0   0   0   0   0  0.56 inf
   72 L   -2 -2 -3 -4 -2 -2 -3 -4 -3  1  4 -2  3  2 -3 -2 -1 -1  0  1    0   0   0   0   0   0   0   0   0   0  68   0  22  11   0   0   0   0   0   0  0.38 inf
   73 V    0 -3 -3 -3 -1 -3 -3 -4 -3  3  1 -3  1 -1 -3 -2  0 -3 -1  4    0   0   0   0   0   0   0   0   0  11   0   0   0   0   0   0   0   0   0  89  0.39 inf
   74 E    1  0 -1  1 -3  1  5 -2 -1 -3 -3  0 -2 -3 -1  0 -1 -3 -2 -2   22   0   0   0   0   0  78   0   0   0   0   0   0   0   0   0   0   0   0   0  0.56 inf
   75 L   -2 -2 -3 -4 -1 -2 -3 -4 -3  1  4 -2  4  0 -3 -2 -1 -2 -1  1    0   0   0   0   0   0   0   0   0   0  78   0  22   0   0   0   0   0   0   0  0.43 inf
   76 Y   -2 -2 -2 -3 -3 -2 -2 -3  2 -2 -1 -2 -1  3 -3 -2 -2  2  7 -1    0   0   0   0   0   0   0   0   0   0   0   0   0   0   0   0   0   0 100   0  0.98 inf
   77 R   -1  6 -1 -2 -4  1  0 -2  0 -3 -2  3 -2 -3 -2 -1 -1 -3 -2 -3    0  78   0   0   0   0   0   0   0   0   0  22   0   0   0   0   0   0   0   0  0.70 inf
   78 M   -1 -3 -3 -4 -1 -2 -3 -4 -3  3  3 -2  3  0 -3 -2 -1 -2 -1  2    0   0   0   0   0   0   0   0   0  50  25   0  25   0   0   0   0   0   0   0  0.34 inf
   79 V   -1 -3 -3 -4 -1 -3 -3 -4 -3  3  1 -3  1  3 -3 -2 -1 -2  0  3    0   0   0   0   0   0   0   0   0  28   0   0   0  22   0   0   0   0   0  50  0.31 inf
   80 A    4 -2 -2 -2 -1 -1 -1  0 -2  0 -1 -1 -1 -2 -1  1  0 -3 -2  1   82   0   0   0   0   0   0   0   0   0   0   0   0   0   0   0   0   0   0  18  0.33 inf
   81 Y   -2 -2 -2 -3 -3 -2 -2 -3  2 -1 -1 -2 -1  4 -3 -2 -2  2  7 -1    0   0   0   0   0   0   0   0   0   0   0   0   0  10   0   0   0   0  90   0  0.88 inf
   82 L   -2 -2 -4 -4 -1 -2 -3 -4 -3  2  4 -3  2  0 -3 -3 -1 -2 -1  1    0   0   0   0   0   0   0   0   0   0 100   0   0   0   0   0   0   0   0   0  0.49 inf
   83 S    0 -1  3  0 -2 -1 -1  4 -1 -3 -3 -1 -2 -3 -2  2  0 -3 -2 -3    0   0  33   0   0   0   0  37   0   0   0   0   0   0   0  31   0   0   0   0  0.47 inf
   84 A    3 -2 -2 -2 -1 -1 -1  0 -2  0 -1 -1 -1 -2 -1  1  2 -3 -2  1   68   0   0   0   0   0   0   0   0   0   0   0   0   0   0   0  16   0   0  15  0.27 inf
   85 S    1 -1  0 -1 -1 -1 -1 -1 -1 -2 -2 -1 -1  2 -1  4  1 -2  0 -2    6   0   0   0   0   0   0   0   0   0   0   0   0  15   0  78   0   0   0   0  0.32 inf
   86 L   -2 -2 -4 -4 -2 -2 -3 -4 -3  1  4 -3  2  0  1 -3 -1 -2 -1  1    0   0   0   0   0   0   0   0   0   0  93   0   0   0   7   0   0   0   0   0  0.43 inf
   87 T    0 -2  0 -1 -2 -2 -2  5 -2 -3 -3 -1 -2 -3 -2  1  1 -3 -3 -2    0   0   0   0   0   0   0  73   0   0   0   0   0   0   0  10  17   0   0   0  0.69 inf
   88 N   -2 -1  6  1 -3  0  0 -1  1 -4 -4  0 -2 -3 -2  1  0 -4 -2 -3    0   0 100   0   0   0   0   0   0   0   0   0   0   0   0   0   0   0   0   0  0.76 inf
   89 I   -1 -3 -3 -3 -1 -3 -3 -4 -3  4  1 -3  1  0 -3 -2 -1 -3 -1  3    0   0   0   0   0   0   0   0   0  61   0   0   0   0   0   0   0   0   0  39  0.37 inf
   90 T    0 -1  0 -1 -1 -1 -1 -1 -2 -1 -2 -1 -1 -2 -1  2  4 -3 -2  0    0   0   0   0   0   0   0   0   0   0   0   0   0   0   0  26  74   0   0   0  0.42 inf
   91 R   -2  5 -1 -2 -3  0 -1 -3 -1 -1  1  1  0 -1 -3 -1 -1  5 -1 -1    0  63   0   0   0   0   0   0   0   0  26   0   0   0   0   0   0  11   0   0  0.42 inf
   92 D   -2 -1  2  6 -4  0  2 -1 -1 -3 -4 -1 -3 -4 -2  0 -1 -4 -3 -3    0   0  12  79   0   0   9   0   0   0   0   0   0   0   0   0   0   0   0   0  0.80 inf
   93 Q   -1  1  0 -1 -4  7  2 -2  0 -3 -3  1 -1 -4 -2 -1 -1 -3 -2 -3    0   0   0   0   0 100   0   0   0   0   0   0   0   0   0   0   0   0   0   0  0.94 inf
   94 K    0  3 -1 -1 -3  1  2 -2 -1 -3 -3  4 -2 -3 -2  0 -1 -3 -2 -2   10  16   0   0   0   0  17   0   0   0   0  57   0   0   0   0   0   0   0   0  0.47 inf
   95 V    1  1  0 -1 -2  0  1 -2 -2  1 -1 -1  0 -2 -2  0  0 -3 -2  2   12  10   5   0   0   0  17   0   0  13   0   0   0   0   0   8   4   0   0  30  0.10 inf
   96 L   -2 -3 -4 -4 -2 -3 -3 -4 -3  1  5 -3  2  0 -3 -3 -2 -2 -2  0    0   0   0   0   0   0   0   0   0   0 100   0   0   0   0   0   0   0   0   0  0.64 inf
   97 N   -2 -1  7  1 -3 -1 -1 -1  0 -4 -4 -1 -3 -4 -3  0 -1 -4 -3 -4    0   0 100   0   0   0   0   0   0   0   0   0   0   0   0   0   0   0   0   0  1.06 inf
   98 P   -1 -3 -3 -2 -4 -2 -2 -3 -3 -4 -4 -2 -3 -4  8 -1 -2 -4 -4 -3    0   0   0   0   0   0   0   0   0   0   0   0   0   0 100   0   0   0   0   0  2.27 inf
   99 T    0 -2  2 -1 -2 -1 -1  3 -1 -2 -1 -1  2 -1 -2  1  2 -2  1 -1    0   0  13   0   0   0   0  25   0   0   0   0  17   0   0  18  16   0  10   0  0.21 inf
  100 A    5 -2 -2 -2 -1 -1 -1  0 -2 -2 -2 -1 -1 -3 -1  1  0 -3 -2 -1  100   0   0   0   0   0   0   0   0   0   0   0   0   0   0   0   0   0   0   0  0.62 inf
  101 V   -1 -1 -2 -2 -2  1 -1 -3  3  1  2  1  1 -1 -2 -2 -1 -3 -1  2    0   0   0   0   0  10   0   0  14   0  35  17   0   0   0   0   0   0   0  24  0.15 inf
  102 S    0 -1  2  0 -2  0  2  1 -1 -3 -3  0 -2 -3  1  4  0 -3 -2 -2    0   0   8   0   0   0  17  10   0   0   0   0   0   0   6  59   0   0   0   0  0.40 inf
  103 L   -2 -3 -4 -4 -2 -3 -3 -4 -3  1  5 -3  2  0 -3 -3 -2 -2 -2  0    0   0   0   0   0   0   0   0   0   0 100   0   0   0   0   0   0   0   0   0  0.64 inf
  104 Q   -2  1 -1 -2 -3  2 -1 -3  7  0  1 -1  0 -1 -3 -2 -2 -3  0 -1    0  10   0   0   0  12   0   0  48   7  23   0   0   0   0   0   0   0   0   0  0.42 inf
  105 V    0 -1  1  0 -2  0  1  1 -1 -1 -2 -1 -2 -3 -2  4  1 -3 -2  0    0   0   9   0   0   0   9  10   0   5   0   0   0   0   0  60   0   0   0   8  0.30 inf
  106 K   -1  4  2 -1 -4  1  0 -2 -1 -3 -3  4 -2 -4 -2 -1 -1 -3 -2 -3    0  29  10   0   0   0   0   0   0   0   0  60   0   0   0   0   0   0   0   0  0.59 inf
  107 L   -2 -3 -4 -4 -2 -3 -3 -4 -3  1  5 -3  2  0 -3 -3 -2 -2 -2  0    0   0   0   0   0   0   0   0   0   0 100   0   0   0   0   0   0   0   0   0  0.64 inf
  108 N   -2 -1  6  0 -3  0 -1 -1  4 -3 -3 -1 -2 -3 -2  1  1 -4 -1 -3    0   0  67   0   0   0   0   0  17   0   0   0   0   0   0   5  10   0   0   0  0.66 inf
  109 A    3 -2  2 -1 -1 -1 -1 -1 -2 -1 -1 -1  2 -2 -2  0  1 -3 -2  1   51   0  17   0   0   0   0   0   0   0   0   0  12   0   0   0  10   0   0  10  0.22 inf
  110 T   -1 -2 -1 -2 -1 -1 -1 -2 -2 -1 -2 -1 -1 -3 -2  1  6 -3 -2 -1    0   0   0   0   0   0   0   0   0   0   0   0   0   0   0   0 100   0   0   0  0.75 inf
  111 I    3 -2 -1 -2 -1 -1 -2 -1 -2  1 -1 -1 -1 -2 -2  1  3 -3 -2  0   38   0   0   0   0   0   0   0   0  18   0   0   0   0   0   0  44   0   0   0  0.30 inf
  112 D    1 -1  0  5 -3  0  1 -1 -2 -3 -3  1 -3 -4 -2  0 -1 -4 -3 -3   22   0   0  60   0   0   0   0   0   0   0  17   0   0   0   0   0   0   0   0  0.57 inf
  113 V   -1 -2 -2 -3 -1 -2 -2 -3 -3  3  1 -2  1 -1 -2  0  2 -3 -2  3    0   0   0   0   0   0   0   0   0  38   0   0   7   0   0   8  21   0   0  25  0.25 inf
  114 M   -1 -2 -2 -3 -2 -1 -2 -3 -2  1  3 -2  5  0 -3 -1  1 -2 -2  0    0   0   0   0   0   0   0   0   0   0  34   0  49   0   0   0  17   0   0   0  0.40 inf
  115 R   -2  6 -1 -2 -4  1  0 -3 -1 -3 -3  2 -2 -3 -3 -1 -1 -3 -2 -3    0 100   0   0   0   0   0   0   0   0   0   0   0   0   0   0   0   0   0   0  0.92 inf
  116 G    0 -3 -1 -2 -3 -2 -3  6 -2 -4 -4 -2 -3 -4 -3 -1 -2 -3 -4 -4    0   0   0   0   0   0   0 100   0   0   0   0   0   0   0   0   0   0   0   0  1.16 inf
  117 L   -2 -3 -4 -4 -2 -2 -3 -4 -3  1  4 -3  2  0 -3 -3 -1 -2 -1  1    0   0   0   0   0   0   0   0   0   0 100   0   0   0   0   0   0   0   0   0  0.56 inf
  118 L   -2 -3 -4 -4 -2 -3 -3 -4 -3  2  4 -3  2  0 -3 -3 -1 -2 -1  1    0   0   0   0   0   0   0   0   0  19  81   0   0   0   0   0   0   0   0   0  0.47 inf
  119 S    1 -1  3  0 -2  0  0 -1 -1 -3 -3  0 -2 -3 -1  4  1 -3 -2 -2    0   0  24   0   0   0   0   0   0   0   0   0   0   0   0  76   0   0   0   0  0.49 inf
  120 N   -2 -1  7  1 -3  0 -1 -1  0 -4 -4  0 -3 -4 -2  0  0 -4 -3 -3    0   0 100   0   0   0   0   0   0   0   0   0   0   0   0   0   0   0   0   0  0.91 inf
  121 V   -1 -3 -3 -4 -1 -2 -3 -4 -3  2  3 -3  1  0 -3 -2 -1 -3 -1  3    0   0   0   0   0   0   0   0   0   0  43   0   0   0   0   0   0   0   0  57  0.37 inf
  122 L   -1 -2 -2 -3 -1 -2 -2 -3 -3  1  3 -2  1 -1 -2  0  3 -2 -2  0    0   0   0   0   0   0   0   0   0   0  57   0   0   0   0   0  43   0   0   0  0.30 inf
  123 C   -1 -4 -3 -4 10 -3 -4 -3 -4 -2 -2 -4 -2 -3 -3 -1 -1 -3 -3 -1    0   0   0   0 100   0   0   0   0   0   0   0   0   0   0   0   0   0   0   0  1.56 inf
  124 R   -2  5 -1 -2 -3  2  0 -3 -1 -2  1  1  0 -2 -2 -1 -1 -3 -2 -2    0  70   0   0   0  11   0   0   0   0  19   0   0   0   0   0   0   0   0   0  0.51 inf
  125 L   -2 -3 -4 -4 -2 -2 -3 -4 -3  1  4 -3  2  0 -3 -3 -1 -2 -1  1    0   0   0   0   0   0   0   0   0   0 100   0   0   0   0   0   0   0   0   0  0.56 inf
  126 C   -1 -4 -3 -4 10 -3 -4 -3 -4 -2 -2 -4 -2 -3 -3 -1 -1 -3 -3 -1    0   0   0   0 100   0   0   0   0   0   0   0   0   0   0   0   0   0   0   0  1.56 inf
  127 N   -1  2  4  0 -3  0  0 -1  0 -3 -3  2 -2 -3 -2  2  0 -4 -2 -3    0  13  46   0   0   0   0   0   0   0   0  19   0   0   0  21   0   0   0   0  0.43 inf
  128 K   -1  3  1 -1 -3  1  0 -2  2 -3 -3  4 -2 -3 -2  0 -1 -3 -2 -3    0  11  10   0   0   0   0   0  10   0   0  70   0   0   0   0   0   0   0   0  0.48 inf
  129 Y   -2 -2 -3 -4 -3 -2 -3 -4  1 -2 -1 -2 -1  4 -4 -2 -2  2  7 -2    0   0   0   0   0   0   0   0   0   0   0   0   0  11   0   0   0   0  89   0  1.01 inf
  130 R   -2  2  3 -1 -3  2  0 -2  7 -4 -3  0 -2 -2 -2 -1 -1 -3  1 -3    0  12  19   0   0  11   0   0  57   0   0   0   0   0   0   0   0   0   0   0  0.63 inf
  131 V   -1 -3 -3 -4 -1 -3 -3 -4 -4  3  1 -3  1 -1 -3 -2  0 -3 -2  4    0   0   0   0   0   0   0   0   0  19   0   0   0   0   0   0   0   0   0  81  0.43 inf
  132 G    2 -2 -1 -2 -2 -2 -2  3 -2 -2 -1 -2 -1  3 -2  0 -1 -1  0 -1   27   0   0   0   0   0   0  35   0   0   0   0   0  30   0   8   0   0   0   0  0.32 inf
  133 H   -2  0  0 -1 -3  3  0 -2  8 -4 -3 -1 -2 -2 -2 -1 -2 -3  1 -3    0   0   0   0   0  19   0   0  81   0   0   0   0   0   0   0   0   0   0   0  0.92 inf
  134 V    0 -3 -3 -4 -1 -3 -3 -4 -4  3  1 -3  1 -1 -3 -2  0 -3 -2  5    0   0   0   0   0   0   0   0   0   0   0   0   0   0   0   0   0   0   0 100  0.47 inf
  135 D   -2 -2  1  6 -3 -1  1 -1 -1 -3 -4 -1 -3 -4 -2  1 -1 -5 -3 -3    0   0   0  87   0   0   0   0   0   0   0   0   0   0   0  13   0   0   0   0  0.90 inf
  136 V    0 -3 -3 -4 -1 -3 -3 -4 -4  3  1 -3  1 -1 -3 -2  0 -3 -2  5    0   0   0   0   0   0   0   0   0   0   0   0   0   0   0   0   0   0   0 100  0.47 inf
  137 P    1  1  0 -1 -1 -1 -1 -1 -2 -2 -2  0 -1 -3  3  2  3 -3 -2 -1   14  10   0   0   0   0   0   0   0   0   0   0   0   0  17  22  36   0   0   0  0.38 inf
  138 P   -2 -2 -3 -3  1 -2 -2 -3  1 -2 -2 -2 -2  2  2 -2 -2  2  7 -2    0   0   0   0   5   0   0   0   0   0   0   0   0   0  12   0   0   0  83   0  0.85 inf
  139 V    1 -3 -1 -2 -2 -2 -2  5 -2 -1 -2 -2 -2 -3 -2 -1 -1 -3 -3  0    8   0   0   0   0   0   0  75   0   0   0   0   0   0   0   0   0   0   0  17  0.69 inf
  140 P   -1 -2 -1  1 -3 -1  1 -2 -2 -3 -3 -1 -3 -4  7  0 -1 -4 -3 -3    0   0   0  10   0   0  10   0   0   0   0   0   0   0  70  11   0   0   0   0  1.33 inf
  141 D   -1 -2  1  5 -3 -1  1 -2 -1 -3 -3 -1 -3 -2 -2  1 -1 -3  1 -3    0   0   0  70   0   0   0   0   0   0   0   0   0   0   0  19   0   0  11   0  0.63 inf
  142 H    0 -1  1 -1 -1  0 -1 -1  3 -2 -2 -1 -1 -2 -1  3  4 -3 -1 -1    0   0   5   0   0   0   0   0  12   0   0   0   0   0   0  30  52   0   0   0  0.37 inf
  143 S    1  2  0 -1 -2  0  0 -1 -1 -3 -3  2 -2 -3 -1  3  1 -3 -2 -2    7  11   0   0   0   0   0   0   0   0   0  19   0   0   0  59   4   0   0   0  0.34 inf
  144 D    0 -2  1  3 -3 -1  1  4 -1 -3 -3 -1 -3 -3 -2  1  0 -3 -3 -3    0   0   7  22   0   0  11  42   0   0   0   0   0   0   0  13   6   0   0   0  0.45 inf
  145 K   -1  2  0 -1 -4  1  1 -2 -1 -3 -3  5 -2 -4 -1  0 -1 -3 -2 -3    0   0   0   0   0   0   0   0   0   0   0 100   0   0   0   0   0   0   0   0  0.66 inf
  146 E   -1 -1  1  5 -3  0  2 -1 -1 -3 -4  0 -3 -4 -2  1 -1 -4 -3 -3    0   0   0  63   0   0  17   0   0   0   0   0   0   0   0  19   0   0   0   0  0.68 inf
  147 A    2 -2 -2 -2 -1  1 -1 -1 -2  1 -1 -1  0 -2 -2  0  1 -3 -2  2   37   0   0   0   0  11   0   0   0   0   0   0   0   0   0   0  13   0   0  39  0.18 inf
  148 F   -3 -3 -4 -4 -3 -4 -4 -4 -2  0  0 -4  0  7 -4 -3 -3  1  3 -1    0   0   0   0   0   0   0   0   0   0   0   0   0 100   0   0   0   0   0   0  0.95 inf
  149 Q   -1  1  0  0 -3  5  2 -2  0 -3 -3  2 -1 -4 -2  0 -1 -3 -2 -3    0   0   0   0   0  70  11   0   0   0   0  19   0   0   0   0   0   0   0   0  0.64 inf
  150 R   -1  3  0 -1 -4  1  0 -2 -1 -3 -3  5 -2 -3 -1 -1 -1 -3 -2 -3    0  17   0   0   0   0   0   0   0   0   0  83   0   0   0   0   0   0   0   0  0.61 inf
  151 K   -1  3  0 -1 -4  1  1 -2 -1 -3 -3  5 -2 -4 -1 -1 -1 -3 -2 -3    0  11   0   0   0   0   0   0   0   0   0  89   0   0   0   0   0   0   0   0  0.62 inf
  152 K   -1  2  0 -1 -3  3  1 -2 -1 -3 -3  5 -1 -4 -1  0 -1 -3 -2 -3    0   0   0   0   0  19   0   0   0   0   0  81   0   0   0   0   0   0   0   0  0.58 inf
  153 L   -2 -1 -3 -3 -2  2 -1 -4 -2  1  4 -2  2  0 -3 -2 -1 -2 -1  0    0   0   0   0   0  19   0   0   0   0  81   0   0   0   0   0   0   0   0   0  0.36 inf
  154 G    0 -3 -1 -2 -3 -2 -3  6 -2 -4 -4 -2 -3 -4 -3 -1 -2 -3 -4 -4    0   0   0   0   0   0   0 100   0   0   0   0   0   0   0   0   0   0   0   0  1.16 inf
  155 C   -1 -4 -3 -4 10 -3 -4  0 -3 -2 -2 -3 -2 -3 -3 -1 -1 -3 -3 -1    0   0   0   0  93   0   0   7   0   0   0   0   0   0   0   0   0   0   0   0  1.38 inf
  156 Q   -1  1  0 -1 -3  6  2 -2  3 -3 -3  1 -1 -3 -2  0 -1 -2 -1 -3    0   0   0   0   0  87   0   0  13   0   0   0   0   0   0   0   0   0   0   0  0.74 inf
  157 L   -1 -3 -4 -4 -1 -2 -3 -4 -3  2  4 -3  2  0 -3 -3 -1 -2 -1  2    0   0   0   0   0   0   0   0   0   0  81   0   0   0   0   0   0   0   0  19  0.45 inf
  158 L   -2 -3 -4 -4 -2 -2 -3 -4 -3  1  4 -3  2  0 -3 -3 -1 -2 -1  1    0   0   0   0   0   0   0   0   0   0 100   0   0   0   0   0   0   0   0   0  0.56 inf
  159 G    0  2 -1 -2 -3 -1 -2  5 -2 -4 -4 -1 -3 -3 -2 -1 -2 -3 -3 -3    0  20   0   0   0   0   0  80   0   0   0   0   0   0   0   0   0   0   0   0  0.83 inf
  160 T   -1  2  0 -1 -3  1  0 -2 -1 -2 -2  4 -1 -3 -1  0  2 -3 -2 -2    0   0   0   0   0   0   0   0   0   0   0  74   0   0   0   0  26   0   0   0  0.44 inf
  161 Y   -2 -2 -3 -4 -3 -2 -2 -4  2 -2 -1 -2 -1  3 -3 -2 -2  2  8 -2    0   0   0   0   0   0   0   0   0   0   0   0   0   0   0   0   0   0 100   0  1.08 inf
  162 K   -1  2 -1 -1 -3  1  0 -2 -1 -1 -2  5 -1 -3 -2 -1 -1 -3 -2  1    0   0   0   0   0   0   0   0   0   0   0  80   0   0   0   0   0   0   0  20  0.39 inf
  163 Q   -1  1  0  0 -3  6  3 -2  0 -3 -3  1 -1 -4 -2  0 -1 -2 -2 -3    0   0   0   0   0  89  11   0   0   0   0   0   0   0   0   0   0   0   0   0  0.76 inf
  164 V    0 -3 -3 -4 -1 -3 -3 -4 -4  3  1 -3  1 -1 -3 -2  0 -3 -1  5    0   0   0   0   0   0   0   0   0   4   0   0   0   0   0   0   0   0   0  96  0.44 inf
  165 I   -2 -3 -4 -4 -2 -3 -4 -4 -4  5  1 -3  2  0 -3 -3 -1 -3 -2  2    0   0   0   0   0   0   0   0   0  96   0   0   4   0   0   0   0   0   0   0  0.48 inf
  166 S    3 -1  0 -1 -1 -1 -1  1 -1 -2 -2 -1 -2 -3 -1  3  1 -3 -2 -1   41   0   0   0   0   0   0  10   0   0   0   0   0   0   0  49   0   0   0   0  0.37 inf
  167 V    0 -1 -3 -3 -1 -2 -2 -3 -3  2  2  0  1 -1 -2 -2 -1 -3 -1  3    5   0   0   0   0   0   0   0   0   0  23  12   4   0   0   0   0   0   0  55  0.21 inf
  168 V    1 -2 -3 -3 -1 -2 -2 -3 -3  2  2 -2  1 -1 -2 -1  0 -3 -1  3   17   0   0   0   0   0   0   0   0   0  29   0   0   0   0   0   0   0   0  55  0.26 inf
  169 V    4 -2 -2 -2 -1 -1 -2 -1 -2  0 -1 -1  0 -2 -1  0  0 -3 -2  2   68   0   0   0   0   0   0   0   0   0   0   0   0   0   0   0   0   0   0  32  0.29 inf
  170 Q   -1  2  0 -1 -3  6  2 -2  0 -3 -2  1 -1 -4 -2  0 -1 -2 -2 -3    0   6   0   0   0  94   0   0   0   0   0   0   0   0   0   0   0   0   0   0  0.70 inf
  171 A    4 -2 -2 -2 -1 -1 -1  2 -2 -2 -2 -1 -1 -3 -1  1  0 -3 -2 -1   84   0   0   0   0   0   0  16   0   0   0   0   0   0   0   0   0   0   0   0  0.41 inf
  172 F   -2 -3 -3 -4 -2 -3 -3 -4 -2  0  1 -3  0  6 -4 -3 -2  1  3 -1    0   0   0   0   0   0   0   0   0   0  16   0   0  84   0   0   0   0   0   0  0.67 inf

                      K         Lambda
Standard Ungapped    0.1340     0.3203
Standard Gapped      0.0410     0.2670
PSI Ungapped         0.1340     0.3203
PSI Gapped           0.0410     0.2670
